Municipios;Postos;Latitude;Longitude;Anos;Meses;Total;Dia1;Dia2;Dia3;Dia4;Dia5;Dia6;Dia7;Dia8;Dia9;Dia10;Dia11;Dia12;Dia13;Dia14;Dia15;Dia16;Dia17;Dia18;Dia19;Dia20;Dia21;Dia22;Dia23;Dia24;Dia25;Dia26;Dia27;Dia28;Dia29;Dia30;Dia31
Saboeiro;SABOEIRO;-6.5351666666667;-39.901972222222;1977;1;45.0;0.0;0.0;0.0;0.0;0.0;0.0;0.0;0.0;0.0;0.0;0.0;0.0;0.0;0.0;12.0;0.0;0.0;0.0;0.0;0.0;0.0;0.0;0.0;0.0;0.0;33.0;0.0;0.0;0.0;0.0;0.0
Saboeiro;SABOEIRO;-6.5351666666667;-39.901972222222;1977;2;221.0;0.0;0.0;0.0;22.0;8.0;10.0;0.0;15.0;15.0;0.0;12.0;30.0;0.0;0.0;0.0;0.0;0.0;0.0;0.0;14.0;2.0;7.0;0.0;0.0;21.0;13.0;44.0;8.0;888.0;888.0;888.0
Saboeiro;SABOEIRO;-6.5351666666667;-39.901972222222;1977;3;133.0;0.0;0.0;0.0;0.0;29.0;6.0;0.0;0.0;10.0;0.0;10.0;13.0;0.0;0.0;0.0;14.0;0.0;0.0;7.0;0.0;7.0;0.0;0.0;17.0;0.0;0.0;17.0;0.0;0.0;0.0;3.0
Saboeiro;SABOEIRO;-6.5351666666667;-39.901972222222;1977;4;167.0;14.0;0.0;0.0;5.0;0.0;4.0;0.0;19.0;0.0;0.0;0.0;12.0;30.0;0.0;0.0;0.0;0.0;0.0;0.0;0.0;0.0;0.0;0.0;0.0;0.0;0.0;16.0;55.0;0.0;12.0;888.0
Saboeiro;SABOEIRO;-6.5351666666667;-39.901972222222;1977;5;66.0;9.8;0.0;10.0;0.0;14.2;0.0;0.0;0.0;0.0;0.0;0.0;0.0;0.0;0.0;22.0;0.0;0.0;0.0;0.0;0.0;0.0;0.0;0.0;0.0;0.0;0.0;10.0;0.0;0.0;0.0;0.0
Saboeiro;SABOEIRO;-6.5351666666667;-39.901972222222;1977;6;55.8;0.0;0.0;0.0;18.0;0.0;15.0;0.0;0.0;9.8;0.0;0.0;0.0;0.0;0.0;0.0;0.0;0.0;0.0;0.0;0.0;13.0;0.0;0.0;0.0;0.0;0.0;0.0;0.0;0.0;0.0;888.0
Saboeiro;SABOEIRO;-6.5351666666667;-39.901972222222;1977;7;30.0;0.0;0.0;0.0;0.0;0.0;0.0;0.0;20.0;10.0;0.0;0.0;0.0;0.0;0.0;0.0;0.0;0.0;0.0;0.0;0.0;0.0;0.0;0.0;0.0;0.0;0.0;0.0;0.0;0.0;0.0;0.0
Saboeiro;SABOEIRO;-6.5351666666667;-39.901972222222;1977;8;0.0;0.0;0.0;0.0;0.0;0.0;0.0;0.0;0.0;0.0;0.0;0.0;0.0;0.0;0.0;0.0;0.0;0.0;0.0;0.0;0.0;0.0;0.0;0.0;0.0;0.0;0.0;0.0;0.0;0.0;0.0;0.0
Saboeiro;SABOEIRO;-6.5351666666667;-39.901972222222;1977;9;0.0;0.0;0.0;0.0;0.0;0.0;0.0;0.0;0.0;0.0;0.0;0.0;0.0;0.0;0.0;0.0;0.0;0.0;0.0;0.0;0.0;0.0;0.0;0.0;0.0;0.0;0.0;0.0;0.0;0.0;0.0;888.0
Saboeiro;SABOEIRO;-6.5351666666667;-39.901972222222;1977;10;0.0;0.0;0.0;0.0;0.0;0.0;0.0;0.0;0.0;0.0;0.0;0.0;0.0;0.0;0.0;0.0;0.0;0.0;0.0;0.0;0.0;0.0;0.0;0.0;0.0;0.0;0.0;0.0;0.0;0.0;0.0;0.0
Saboeiro;SABOEIRO;-6.5351666666667;-39.901972222222;1977;11;0.0;0.0;0.0;0.0;0.0;0.0;0.0;0.0;0.0;0.0;0.0;0.0;0.0;0.0;0.0;0.0;0.0;0.0;0.0;0.0;0.0;0.0;0.0;0.0;0.0;0.0;0.0;0.0;0.0;0.0;0.0;888.0
Saboeiro;SABOEIRO;-6.5351666666667;-39.901972222222;1977;12;0.0;0.0;0.0;0.0;0.0;0.0;0.0;0.0;0.0;0.0;0.0;0.0;0.0;0.0;0.0;0.0;0.0;0.0;0.0;0.0;0.0;0.0;0.0;0.0;0.0;0.0;0.0;0.0;0.0;0.0;0.0;0.0
Saboeiro;SABOEIRO;-6.5351666666667;-39.901972222222;1978;1;212.0;0.0;0.0;0.0;0.0;0.0;0.0;17.0;0.0;0.0;0.0;0.0;0.0;4.0;4.0;0.0;0.0;10.0;65.0;80.0;0.0;0.0;0.0;0.0;25.0;0.0;0.0;0.0;7.0;0.0;0.0;0.0
Saboeiro;SABOEIRO;-6.5351666666667;-39.901972222222;1978;2;22.0;10.0;3.0;0.0;0.0;0.0;4.0;0.0;0.0;0.0;2.0;0.0;0.0;0.0;0.0;0.0;0.0;0.0;0.0;0.0;3.0;0.0;0.0;0.0;0.0;0.0;0.0;0.0;0.0;888.0;888.0;888.0
Saboeiro;SABOEIRO;-6.5351666666667;-39.901972222222;1978;3;45.0;17.0;6.0;0.0;0.0;0.0;0.0;0.0;0.0;0.0;0.0;0.0;0.0;0.0;0.0;15.0;0.0;0.0;0.0;0.0;0.0;0.0;0.0;0.0;0.0;7.0;0.0;0.0;0.0;0.0;0.0;0.0
Saboeiro;SABOEIRO;-6.5351666666667;-39.901972222222;1978;4;46.0;0.0;0.0;0.0;0.0;0.0;0.0;0.0;0.0;0.0;0.0;0.0;0.0;0.0;13.0;0.0;0.0;0.0;0.0;0.0;0.0;0.0;0.0;13.0;0.0;0.0;0.0;0.0;7.0;13.0;0.0;888.0
Saboeiro;SABOEIRO;-6.5351666666667;-39.901972222222;1978;5;86.0;0.0;0.0;0.0;0.0;64.0;0.0;0.0;0.0;0.0;0.0;0.0;0.0;0.0;0.0;0.0;14.0;0.0;0.0;0.0;0.0;8.0;0.0;0.0;0.0;0.0;0.0;0.0;0.0;0.0;0.0;0.0
Saboeiro;SABOEIRO;-6.5351666666667;-39.901972222222;1978;6;0.0;0.0;0.0;0.0;0.0;0.0;0.0;0.0;0.0;0.0;0.0;0.0;0.0;0.0;0.0;0.0;0.0;0.0;0.0;0.0;0.0;0.0;0.0;0.0;0.0;0.0;0.0;0.0;0.0;0.0;0.0;888.0
Saboeiro;SABOEIRO;-6.5351666666667;-39.901972222222;1978;7;0.0;0.0;0.0;0.0;0.0;0.0;0.0;0.0;0.0;0.0;0.0;0.0;0.0;0.0;0.0;0.0;0.0;0.0;0.0;0.0;0.0;0.0;0.0;0.0;0.0;0.0;0.0;0.0;0.0;0.0;0.0;0.0
Saboeiro;SABOEIRO;-6.5351666666667;-39.901972222222;1978;8;0.0;0.0;0.0;0.0;0.0;0.0;0.0;0.0;0.0;0.0;0.0;0.0;0.0;0.0;0.0;0.0;0.0;0.0;0.0;0.0;0.0;0.0;0.0;0.0;0.0;0.0;0.0;0.0;0.0;0.0;0.0;0.0
Saboeiro;SABOEIRO;-6.5351666666667;-39.901972222222;1978;9;0.0;0.0;0.0;0.0;0.0;0.0;0.0;0.0;0.0;0.0;0.0;0.0;0.0;0.0;0.0;0.0;0.0;0.0;0.0;0.0;0.0;0.0;0.0;0.0;0.0;0.0;0.0;0.0;0.0;0.0;0.0;888.0
Saboeiro;SABOEIRO;-6.5351666666667;-39.901972222222;1978;10;18.0;0.0;0.0;0.0;0.0;0.0;0.0;0.0;0.0;0.0;0.0;0.0;0.0;0.0;0.0;0.0;0.0;0.0;0.0;0.0;0.0;0.0;0.0;0.0;0.0;0.0;0.0;18.0;0.0;0.0;0.0;0.0
Saboeiro;SABOEIRO;-6.5351666666667;-39.901972222222;1978;11;0.0;0.0;0.0;0.0;0.0;0.0;0.0;0.0;0.0;0.0;0.0;0.0;0.0;0.0;0.0;0.0;0.0;0.0;0.0;0.0;0.0;0.0;0.0;0.0;0.0;0.0;0.0;0.0;0.0;0.0;0.0;888.0
Saboeiro;SABOEIRO;-6.5351666666667;-39.901972222222;1978;12;35.1;0.4;28.2;0.0;0.3;0.0;6.2;0.0;0.0;0.0;0.0;0.0;0.0;0.0;0.0;0.0;0.0;0.0;0.0;0.0;0.0;0.0;0.0;0.0;0.0;0.0;0.0;0.0;0.0;0.0;0.0;0.0
Saboeiro;SABOEIRO;-6.5351666666667;-39.901972222222;1979;1;220.9;0.0;0.0;0.0;0.0;0.0;0.0;0.0;0.0;0.0;0.0;0.0;0.0;0.0;176.0;18.9;1.8;0.0;19.4;0.0;3.1;0.0;0.0;1.5;0.2;0.0;0.0;0.0;0.0;0.0;0.0;0.0
Saboeiro;SABOEIRO;-6.5351666666667;-39.901972222222;1979;2;108.7;0.0;0.0;11.6;0.0;0.0;0.0;0.0;0.0;0.0;0.0;0.0;4.0;0.0;0.0;42.0;0.0;0.0;0.0;0.0;0.0;0.0;32.4;0.0;0.6;6.8;10.4;0.9;0.0;888.0;888.0;888.0
Saboeiro;SABOEIRO;-6.5351666666667;-39.901972222222;1979;3;130.9;0.0;0.0;0.3;0.0;0.0;3.9;0.0;2.4;0.0;17.1;9.2;11.8;4.5;0.0;0.0;0.0;3.4;8.5;0.0;0.0;0.0;0.0;0.0;0.0;0.0;0.0;0.0;0.0;6.0;63.8;0.0
Saboeiro;SABOEIRO;-6.5351666666667;-39.901972222222;1979;4;108.9;0.0;0.0;0.0;0.0;0.0;0.0;0.0;0.0;0.0;8.0;0.0;1.0;0.0;0.0;0.0;0.0;5.2;2.0;0.0;0.0;0.0;0.2;23.0;0.0;9.8;1.4;8.2;50.1;0.0;0.0;888.0
Saboeiro;SABOEIRO;-6.5351666666667;-39.901972222222;1979;5;114.7;29.6;26.4;18.0;0.0;23.2;1.3;0.0;0.8;0.0;0.0;11.2;0.0;0.0;0.0;0.0;0.0;2.6;0.0;0.4;1.2;0.0;0.0;0.0;0.0;0.0;0.0;0.0;0.0;0.0;0.0;0.0
Saboeiro;SABOEIRO;-6.5351666666667;-39.901972222222;1979;6;0.2;0.0;0.0;0.0;0.2;0.0;0.0;0.0;0.0;0.0;0.0;0.0;0.0;0.0;0.0;0.0;0.0;0.0;0.0;0.0;0.0;0.0;0.0;0.0;0.0;0.0;0.0;0.0;0.0;0.0;0.0;888.0
Saboeiro;SABOEIRO;-6.5351666666667;-39.901972222222;1979;7;1.6;0.0;1.6;0.0;0.0;0.0;0.0;0.0;0.0;0.0;0.0;0.0;0.0;0.0;0.0;0.0;0.0;0.0;0.0;0.0;0.0;0.0;0.0;0.0;0.0;0.0;0.0;0.0;0.0;0.0;0.0;0.0
Saboeiro;SABOEIRO;-6.5351666666667;-39.901972222222;1979;8;0.0;0.0;0.0;0.0;0.0;0.0;0.0;0.0;0.0;0.0;0.0;0.0;0.0;0.0;0.0;0.0;0.0;0.0;0.0;0.0;0.0;0.0;0.0;0.0;0.0;0.0;0.0;0.0;0.0;0.0;0.0;0.0
Saboeiro;SABOEIRO;-6.5351666666667;-39.901972222222;1979;9;36.9;0.0;0.0;0.0;0.0;0.0;11.5;1.4;0.0;0.0;0.0;0.0;0.0;0.0;0.0;0.0;0.0;0.0;0.0;0.0;0.0;23.0;1.0;0.0;0.0;0.0;0.0;0.0;0.0;0.0;0.0;888.0
Saboeiro;SABOEIRO;-6.5351666666667;-39.901972222222;1979;10;2.4;0.0;0.0;0.0;0.0;0.0;0.0;0.0;0.0;0.0;0.0;0.0;0.0;0.0;0.0;0.0;0.0;0.0;0.0;0.0;0.0;2.4;0.0;0.0;0.0;0.0;0.0;0.0;0.0;0.0;0.0;0.0
Saboeiro;SABOEIRO;-6.5351666666667;-39.901972222222;1979;11;104.8;0.0;0.0;0.0;0.0;0.0;0.0;0.0;0.0;0.0;0.0;0.0;0.0;0.0;0.0;0.0;0.0;0.0;0.0;104.8;0.0;0.0;0.0;0.0;0.0;0.0;0.0;0.0;0.0;0.0;0.0;888.0
Saboeiro;SABOEIRO;-6.5351666666667;-39.901972222222;1979;12;0.0;0.0;0.0;0.0;0.0;0.0;0.0;0.0;0.0;0.0;0.0;0.0;0.0;0.0;0.0;0.0;0.0;0.0;0.0;0.0;0.0;0.0;0.0;0.0;0.0;0.0;0.0;0.0;0.0;0.0;0.0;0.0
Saboeiro;SABOEIRO;-6.5351666666667;-39.901972222222;1980;1;117.4;0.0;15.2;0.0;0.0;0.0;0.0;7.4;0.0;0.0;1.7;8.6;0.0;0.0;72.1;3.2;0.0;8.0;1.2;0.0;0.0;0.0;0.0;0.0;0.0;0.0;0.0;0.0;0.0;0.0;0.0;0.0
Saboeiro;SABOEIRO;-6.5351666666667;-39.901972222222;1980;2;165.7;0.0;0.0;0.0;0.0;0.0;0.0;19.1;18.5;0.0;0.0;21.0;0.0;0.2;0.0;2.7;23.0;16.6;0.0;0.5;0.5;28.0;2.8;0.8;4.2;2.0;8.0;17.8;0.0;0.0;888.0;888.0
Saboeiro;SABOEIRO;-6.5351666666667;-39.901972222222;1980;3;131.8;40.6;0.0;8.2;2.1;19.2;2.7;8.2;0.0;0.0;15.6;0.0;0.0;0.0;20.6;0.0;0.0;0.0;0.0;0.0;0.0;0.0;0.0;14.6;0.0;0.0;0.0;0.0;0.0;0.0;0.0;0.0
Saboeiro;SABOEIRO;-6.5351666666667;-39.901972222222;1980;4;61.8;0.0;0.0;22.6;29.0;4.8;0.0;0.0;0.0;0.0;0.0;0.0;0.0;0.0;0.0;0.0;0.0;1.8;0.0;0.8;0.4;0.0;0.0;0.0;0.0;0.0;0.0;0.0;0.0;2.4;0.0;888.0
Saboeiro;SABOEIRO;-6.5351666666667;-39.901972222222;1980;5;16.0;0.0;0.0;0.0;0.0;12.4;0.0;0.0;0.0;0.0;0.0;0.0;0.0;0.0;0.0;0.0;1.3;0.0;0.0;0.0;0.0;0.0;0.0;0.0;0.8;0.0;1.5;0.0;0.0;0.0;0.0;0.0
Saboeiro;SABOEIRO;-6.5351666666667;-39.901972222222;1980;6;0.0;0.0;0.0;0.0;0.0;0.0;0.0;0.0;0.0;0.0;0.0;0.0;0.0;0.0;0.0;0.0;0.0;0.0;0.0;0.0;0.0;0.0;0.0;0.0;0.0;0.0;0.0;0.0;0.0;0.0;0.0;888.0
Saboeiro;SABOEIRO;-6.5351666666667;-39.901972222222;1980;7;0.0;0.0;0.0;0.0;0.0;0.0;0.0;0.0;0.0;0.0;0.0;0.0;0.0;0.0;0.0;0.0;0.0;0.0;0.0;0.0;0.0;0.0;0.0;0.0;0.0;0.0;0.0;0.0;0.0;0.0;0.0;0.0
Saboeiro;SABOEIRO;-6.5351666666667;-39.901972222222;1980;8;0.0;0.0;0.0;0.0;0.0;0.0;0.0;0.0;0.0;0.0;0.0;0.0;0.0;0.0;0.0;0.0;0.0;0.0;0.0;0.0;0.0;0.0;0.0;0.0;0.0;0.0;0.0;0.0;0.0;0.0;0.0;0.0
Saboeiro;SABOEIRO;-6.5351666666667;-39.901972222222;1980;9;26.5;0.0;0.0;0.0;26.5;0.0;0.0;0.0;0.0;0.0;0.0;0.0;0.0;0.0;0.0;0.0;0.0;0.0;0.0;0.0;0.0;0.0;0.0;0.0;0.0;0.0;0.0;0.0;0.0;0.0;0.0;888.0
Saboeiro;SABOEIRO;-6.5351666666667;-39.901972222222;1980;10;21.3;0.0;0.0;0.0;0.0;0.0;0.0;0.0;0.0;0.0;0.0;0.0;0.0;0.0;0.0;0.0;0.0;0.0;0.0;0.0;0.0;0.0;0.0;0.0;0.0;0.0;0.0;1.0;20.3;0.0;0.0;0.0
Saboeiro;SABOEIRO;-6.5351666666667;-39.901972222222;1980;11;43.7;0.0;0.0;0.0;0.0;0.0;0.0;0.0;0.0;0.0;0.0;30.9;0.0;0.0;0.0;11.6;0.0;0.0;0.0;0.0;0.0;0.0;0.0;1.2;0.0;0.0;0.0;0.0;0.0;0.0;0.0;888.0
Saboeiro;SABOEIRO;-6.5351666666667;-39.901972222222;1980;12;23.2;0.0;0.0;0.0;0.0;0.0;0.0;0.0;0.0;0.0;0.0;0.0;0.0;0.0;0.0;0.0;0.0;0.0;1.0;0.0;17.0;0.0;1.0;0.0;0.0;0.0;0.0;0.0;0.8;0.0;3.4;0.0
Saboeiro;SABOEIRO;-6.5351666666667;-39.901972222222;1981;1;113.0;0.0;0.0;0.0;0.0;0.0;0.0;8.4;22.9;0.0;9.6;3.4;0.0;0.0;0.0;0.0;0.0;0.0;0.0;3.8;0.0;0.0;0.0;0.0;22.4;0.0;0.0;35.5;7.0;0.0;0.0;0.0
Saboeiro;SABOEIRO;-6.5351666666667;-39.901972222222;1981;2;61.5;0.0;0.0;1.5;1.5;15.5;5.2;1.0;9.0;0.0;0.0;0.0;0.0;0.0;16.8;0.0;0.0;0.0;11.0;0.0;0.0;0.0;0.0;0.0;0.0;0.0;0.0;0.0;0.0;888.0;888.0;888.0
Saboeiro;SABOEIRO;-6.5351666666667;-39.901972222222;1981;3;325.7;0.0;0.0;0.0;0.0;0.0;0.0;0.0;0.0;0.0;0.0;0.0;9.8;4.2;40.4;25.3;31.0;41.0;14.0;0.0;25.8;3.0;15.6;0.4;42.6;16.0;18.4;8.8;0.0;4.6;0.3;24.5
Saboeiro;SABOEIRO;-6.5351666666667;-39.901972222222;1981;4;26.3;6.3;6.2;1.0;9.0;0.0;3.8;0.0;0.0;0.0;0.0;0.0;0.0;0.0;0.0;0.0;0.0;0.0;0.0;0.0;0.0;0.0;0.0;0.0;0.0;0.0;0.0;0.0;0.0;0.0;0.0;888.0
Saboeiro;SABOEIRO;-6.5351666666667;-39.901972222222;1981;5;0.0;0.0;0.0;0.0;0.0;0.0;0.0;0.0;0.0;0.0;0.0;0.0;0.0;0.0;0.0;0.0;0.0;0.0;0.0;0.0;0.0;0.0;0.0;0.0;0.0;0.0;0.0;0.0;0.0;0.0;0.0;0.0
Saboeiro;SABOEIRO;-6.5351666666667;-39.901972222222;1981;6;0.5;0.0;0.0;0.0;0.0;0.0;0.0;0.0;0.5;0.0;0.0;0.0;0.0;0.0;0.0;0.0;0.0;0.0;0.0;0.0;0.0;0.0;0.0;0.0;0.0;0.0;0.0;0.0;0.0;0.0;0.0;888.0
Saboeiro;SABOEIRO;-6.5351666666667;-39.901972222222;1981;7;0.0;0.0;0.0;0.0;0.0;0.0;0.0;0.0;0.0;0.0;0.0;0.0;0.0;0.0;0.0;0.0;0.0;0.0;0.0;0.0;0.0;0.0;0.0;0.0;0.0;0.0;0.0;0.0;0.0;0.0;0.0;0.0
Saboeiro;SABOEIRO;-6.5351666666667;-39.901972222222;1981;8;0.0;0.0;0.0;0.0;0.0;0.0;0.0;0.0;0.0;0.0;0.0;0.0;0.0;0.0;0.0;0.0;0.0;0.0;0.0;0.0;0.0;0.0;0.0;0.0;0.0;0.0;0.0;0.0;0.0;0.0;0.0;0.0
Saboeiro;SABOEIRO;-6.5351666666667;-39.901972222222;1981;9;0.0;0.0;0.0;0.0;0.0;0.0;0.0;0.0;0.0;0.0;0.0;0.0;0.0;0.0;0.0;0.0;0.0;0.0;0.0;0.0;0.0;0.0;0.0;0.0;0.0;0.0;0.0;0.0;0.0;0.0;0.0;888.0
Saboeiro;SABOEIRO;-6.5351666666667;-39.901972222222;1981;10;0.0;0.0;0.0;0.0;0.0;0.0;0.0;0.0;0.0;0.0;0.0;0.0;0.0;0.0;0.0;0.0;0.0;0.0;0.0;0.0;0.0;0.0;0.0;0.0;0.0;0.0;0.0;0.0;0.0;0.0;0.0;0.0
Saboeiro;SABOEIRO;-6.5351666666667;-39.901972222222;1981;11;0.0;0.0;0.0;0.0;0.0;0.0;0.0;0.0;0.0;0.0;0.0;0.0;0.0;0.0;0.0;0.0;0.0;0.0;0.0;0.0;0.0;0.0;0.0;0.0;0.0;0.0;0.0;0.0;0.0;0.0;0.0;888.0
Saboeiro;SABOEIRO;-6.5351666666667;-39.901972222222;1981;12;64.5;0.0;0.0;0.0;0.0;0.0;0.0;0.0;0.0;0.0;0.0;0.0;0.0;0.0;0.0;0.0;0.0;0.0;0.0;1.4;0.0;35.1;0.0;28.0;0.0;0.0;0.0;0.0;0.0;0.0;0.0;0.0
Saboeiro;SABOEIRO;-6.5351666666667;-39.901972222222;1982;1;75.4;0.0;0.0;0.0;0.0;0.0;2.0;0.3;0.4;0.0;0.0;0.0;0.0;0.0;0.0;0.0;0.0;0.0;0.0;0.0;0.0;6.5;0.0;0.0;0.2;0.0;0.0;60.5;5.5;0.0;0.0;0.0
Saboeiro;SABOEIRO;-6.5351666666667;-39.901972222222;1982;2;86.4;8.0;2.2;0.0;2.0;0.0;0.0;0.0;0.0;0.0;0.0;0.0;0.0;0.0;0.0;0.0;31.0;6.7;7.0;0.0;0.2;0.0;0.0;0.0;0.3;0.0;13.0;16.0;0.0;888.0;888.0;888.0
Saboeiro;SABOEIRO;-6.5351666666667;-39.901972222222;1982;3;138.6;0.0;0.0;1.4;0.3;0.0;0.0;0.5;0.0;32.0;0.2;0.0;16.2;0.0;0.0;0.0;14.4;0.0;0.0;0.0;0.0;11.4;0.0;0.0;0.0;0.0;0.0;0.0;0.0;62.2;0.0;0.0
Saboeiro;SABOEIRO;-6.5351666666667;-39.901972222222;1982;4;191.1;0.0;0.0;0.0;0.0;0.0;0.0;0.0;0.0;0.4;2.7;4.7;0.0;0.0;10.2;32.0;0.0;0.0;4.3;83.0;0.0;0.0;0.0;5.5;48.3;0.0;0.0;0.0;0.0;0.0;0.0;888.0
Saboeiro;SABOEIRO;-6.5351666666667;-39.901972222222;1982;5;40.2;0.0;0.0;0.0;0.0;0.0;0.0;2.2;4.0;0.0;0.0;0.0;0.0;34.0;0.0;0.0;0.0;0.0;0.0;0.0;0.0;0.0;0.0;0.0;0.0;0.0;0.0;0.0;0.0;0.0;0.0;0.0
Saboeiro;SABOEIRO;-6.5351666666667;-39.901972222222;1982;6;11.0;0.0;0.0;0.0;8.4;0.0;0.0;0.0;0.0;0.0;2.6;0.0;0.0;0.0;0.0;0.0;0.0;0.0;0.0;0.0;0.0;0.0;0.0;0.0;0.0;0.0;0.0;0.0;0.0;0.0;0.0;888.0
Saboeiro;SABOEIRO;-6.5351666666667;-39.901972222222;1982;7;0.9;0.0;0.9;0.0;0.0;0.0;0.0;0.0;0.0;0.0;0.0;0.0;0.0;0.0;0.0;0.0;0.0;0.0;0.0;0.0;0.0;0.0;0.0;0.0;0.0;0.0;0.0;0.0;0.0;0.0;0.0;0.0
Saboeiro;SABOEIRO;-6.5351666666667;-39.901972222222;1982;8;0.0;0.0;0.0;0.0;0.0;0.0;0.0;0.0;0.0;0.0;0.0;0.0;0.0;0.0;0.0;0.0;0.0;0.0;0.0;0.0;0.0;0.0;0.0;0.0;0.0;0.0;0.0;0.0;0.0;0.0;0.0;0.0
Saboeiro;SABOEIRO;-6.5351666666667;-39.901972222222;1982;9;0.0;0.0;0.0;0.0;0.0;0.0;0.0;0.0;0.0;0.0;0.0;0.0;0.0;0.0;0.0;0.0;0.0;0.0;0.0;0.0;0.0;0.0;0.0;0.0;0.0;0.0;0.0;0.0;0.0;0.0;0.0;888.0
Saboeiro;SABOEIRO;-6.5351666666667;-39.901972222222;1982;10;0.0;0.0;0.0;0.0;0.0;0.0;0.0;0.0;0.0;0.0;0.0;0.0;0.0;0.0;0.0;0.0;0.0;0.0;0.0;0.0;0.0;0.0;0.0;0.0;0.0;0.0;0.0;0.0;0.0;0.0;0.0;0.0
Saboeiro;SABOEIRO;-6.5351666666667;-39.901972222222;1982;11;0.0;0.0;0.0;0.0;0.0;0.0;0.0;0.0;0.0;0.0;0.0;0.0;0.0;0.0;0.0;0.0;0.0;0.0;0.0;0.0;0.0;0.0;0.0;0.0;0.0;0.0;0.0;0.0;0.0;0.0;0.0;888.0
Saboeiro;SABOEIRO;-6.5351666666667;-39.901972222222;1982;12;12.0;0.0;0.0;0.0;0.0;0.0;0.0;0.0;0.0;0.0;0.0;0.0;0.0;0.0;0.0;0.0;0.0;0.0;0.0;0.0;0.0;0.0;0.0;0.0;0.0;0.0;0.0;0.0;0.0;0.0;0.0;12.0
Saboeiro;SABOEIRO;-6.5351666666667;-39.901972222222;1983;1;5.0;0.0;0.0;0.0;0.0;0.0;0.0;0.0;0.0;0.0;0.0;0.0;0.0;0.0;0.0;0.0;0.0;0.0;0.0;0.0;0.0;0.0;0.0;0.0;0.0;0.0;0.0;0.0;2.5;2.5;0.0;0.0
Saboeiro;SABOEIRO;-6.5351666666667;-39.901972222222;1983;2;121.5;0.0;0.0;0.0;42.5;0.0;12.5;0.0;0.0;44.0;9.0;0.0;0.0;12.5;0.0;0.0;0.0;0.0;1.0;0.0;0.0;0.0;0.0;0.0;0.0;0.0;0.0;0.0;0.0;888.0;888.0;888.0
Saboeiro;SABOEIRO;-6.5351666666667;-39.901972222222;1983;3;130.8;0.0;0.0;0.0;0.0;0.0;0.0;21.0;0.0;19.0;0.0;2.5;11.0;0.0;0.0;1.8;0.0;0.0;0.0;1.5;0.0;0.0;0.0;0.0;0.0;17.0;2.0;0.0;55.0;0.0;0.0;0.0
Saboeiro;SABOEIRO;-6.5351666666667;-39.901972222222;1983;4;5.0;0.0;0.0;0.0;1.5;0.0;0.0;3.5;0.0;0.0;0.0;0.0;0.0;0.0;0.0;0.0;0.0;0.0;0.0;0.0;0.0;0.0;0.0;0.0;0.0;0.0;0.0;0.0;0.0;0.0;0.0;888.0
Saboeiro;SABOEIRO;-6.5351666666667;-39.901972222222;1983;5;0.0;0.0;0.0;0.0;0.0;0.0;0.0;0.0;0.0;0.0;0.0;0.0;0.0;0.0;0.0;0.0;0.0;0.0;0.0;0.0;0.0;0.0;0.0;0.0;0.0;0.0;0.0;0.0;0.0;0.0;0.0;0.0
Saboeiro;SABOEIRO;-6.5351666666667;-39.901972222222;1983;6;25.0;0.0;0.0;25.0;0.0;0.0;0.0;0.0;0.0;0.0;0.0;0.0;0.0;0.0;0.0;0.0;0.0;0.0;0.0;0.0;0.0;0.0;0.0;0.0;0.0;0.0;0.0;0.0;0.0;0.0;0.0;888.0
Saboeiro;SABOEIRO;-6.5351666666667;-39.901972222222;1983;7;5.7;0.0;0.0;0.0;0.0;0.0;0.0;0.0;0.0;2.0;0.0;0.0;1.2;0.0;0.0;0.0;0.0;0.0;0.0;0.0;0.0;0.0;0.0;0.0;0.0;0.0;0.0;0.0;0.0;0.0;0.0;2.5
Saboeiro;SABOEIRO;-6.5351666666667;-39.901972222222;1983;8;4.0;4.0;0.0;0.0;0.0;0.0;0.0;0.0;0.0;0.0;0.0;0.0;0.0;0.0;0.0;0.0;0.0;0.0;0.0;0.0;0.0;0.0;0.0;0.0;0.0;0.0;0.0;0.0;0.0;0.0;0.0;0.0
Saboeiro;SABOEIRO;-6.5351666666667;-39.901972222222;1983;9;0.0;0.0;0.0;0.0;0.0;0.0;0.0;0.0;0.0;0.0;0.0;0.0;0.0;0.0;0.0;0.0;0.0;0.0;0.0;0.0;0.0;0.0;0.0;0.0;0.0;0.0;0.0;0.0;0.0;0.0;0.0;888.0
Saboeiro;SABOEIRO;-6.5351666666667;-39.901972222222;1983;10;9.0;0.0;0.0;9.0;0.0;0.0;0.0;0.0;0.0;0.0;0.0;0.0;0.0;0.0;0.0;0.0;0.0;0.0;0.0;0.0;0.0;0.0;0.0;0.0;0.0;0.0;0.0;0.0;0.0;0.0;0.0;0.0
Saboeiro;SABOEIRO;-6.5351666666667;-39.901972222222;1983;11;0.0;0.0;0.0;0.0;0.0;0.0;0.0;0.0;0.0;0.0;0.0;0.0;0.0;0.0;0.0;0.0;0.0;0.0;0.0;0.0;0.0;0.0;0.0;0.0;0.0;0.0;0.0;0.0;0.0;0.0;0.0;888.0
Saboeiro;SABOEIRO;-6.5351666666667;-39.901972222222;1983;12;0.0;0.0;0.0;0.0;0.0;0.0;0.0;0.0;0.0;0.0;0.0;0.0;0.0;0.0;0.0;0.0;0.0;0.0;0.0;0.0;0.0;0.0;0.0;0.0;0.0;0.0;0.0;0.0;0.0;0.0;0.0;0.0
Saboeiro;SABOEIRO;-6.5351666666667;-39.901972222222;1984;1;59.0;0.0;16.0;0.0;0.0;0.0;0.0;0.0;0.0;2.0;0.0;0.0;0.0;0.0;0.0;0.0;0.0;41.0;0.0;0.0;0.0;0.0;0.0;0.0;0.0;0.0;0.0;0.0;0.0;0.0;0.0;0.0
Saboeiro;SABOEIRO;-6.5351666666667;-39.901972222222;1984;2;91.0;0.0;0.0;0.0;28.0;0.0;0.0;0.0;12.5;0.0;0.0;0.0;16.0;5.0;15.0;0.0;0.0;0.0;0.0;0.0;3.5;0.0;0.0;0.0;0.0;0.0;0.0;0.0;0.0;11.0;888.0;888.0
Saboeiro;SABOEIRO;-6.5351666666667;-39.901972222222;1984;3;271.8;13.0;15.0;0.0;0.0;0.0;14.0;17.5;21.0;11.0;7.0;0.0;0.0;0.0;10.0;0.0;65.0;10.0;8.0;0.0;0.0;0.0;0.0;57.0;6.8;0.0;0.0;4.0;12.5;0.0;0.0;0.0
Saboeiro;SABOEIRO;-6.5351666666667;-39.901972222222;1984;4;466.0;0.0;12.5;22.5;180.2;10.0;46.0;0.0;0.0;15.0;2.5;2.0;2.0;0.0;10.0;0.0;65.0;10.0;8.0;0.0;0.0;0.0;0.0;57.0;6.8;0.0;0.0;4.0;12.5;0.0;0.0;888.0
Saboeiro;SABOEIRO;-6.5351666666667;-39.901972222222;1984;5;31.0;0.0;0.0;0.0;0.0;0.0;0.0;13.0;0.0;0.0;0.0;0.0;0.0;0.0;3.0;0.0;0.0;0.0;0.0;11.0;0.0;0.0;4.0;0.0;0.0;0.0;0.0;0.0;0.0;0.0;0.0;0.0
Saboeiro;SABOEIRO;-6.5351666666667;-39.901972222222;1984;6;4.0;0.0;0.0;0.0;1.0;0.0;0.0;0.0;0.0;0.0;0.0;0.0;0.0;0.0;0.0;0.0;0.0;0.0;3.0;0.0;0.0;0.0;0.0;0.0;0.0;0.0;0.0;0.0;0.0;0.0;0.0;888.0
Saboeiro;SABOEIRO;-6.5351666666667;-39.901972222222;1984;7;0.0;0.0;0.0;0.0;0.0;0.0;0.0;0.0;0.0;0.0;0.0;0.0;0.0;0.0;0.0;0.0;0.0;0.0;0.0;0.0;0.0;0.0;0.0;0.0;0.0;0.0;0.0;0.0;0.0;0.0;0.0;0.0
Saboeiro;SABOEIRO;-6.5351666666667;-39.901972222222;1984;8;4.4;0.0;0.0;0.0;0.0;0.0;0.0;0.0;0.0;0.0;0.0;0.0;0.0;0.0;0.0;1.6;0.0;1.4;0.0;0.0;0.0;0.6;0.0;0.0;0.8;0.0;0.0;0.0;0.0;0.0;0.0;0.0
Saboeiro;SABOEIRO;-6.5351666666667;-39.901972222222;1984;9;0.0;0.0;0.0;0.0;0.0;0.0;0.0;0.0;0.0;0.0;0.0;0.0;0.0;0.0;0.0;0.0;0.0;0.0;0.0;0.0;0.0;0.0;0.0;0.0;0.0;0.0;0.0;0.0;0.0;0.0;0.0;888.0
Saboeiro;SABOEIRO;-6.5351666666667;-39.901972222222;1984;10;21.5;0.0;0.0;0.0;0.0;0.0;0.0;0.0;0.0;0.0;0.0;21.5;0.0;0.0;0.0;0.0;0.0;0.0;0.0;0.0;0.0;0.0;0.0;0.0;0.0;0.0;0.0;0.0;0.0;0.0;0.0;0.0
Saboeiro;SABOEIRO;-6.5351666666667;-39.901972222222;1984;11;22.6;0.0;0.0;0.0;0.0;1.8;0.0;0.0;0.0;0.0;0.0;0.0;0.0;0.0;0.0;19.6;1.2;0.0;0.0;0.0;0.0;0.0;0.0;0.0;0.0;0.0;0.0;0.0;0.0;0.0;0.0;888.0
Saboeiro;SABOEIRO;-6.5351666666667;-39.901972222222;1984;12;16.0;0.0;0.0;0.0;0.0;1.2;0.0;0.0;0.0;0.0;0.0;0.0;0.0;0.0;0.0;0.0;0.0;0.0;0.0;0.0;0.0;0.0;0.0;4.9;0.0;0.9;0.0;0.0;0.0;0.0;0.0;9.0
Saboeiro;SABOEIRO;-6.5351666666667;-39.901972222222;1985;1;98.7;6.3;0.0;0.0;13.8;0.0;0.0;0.9;0.0;21.0;0.0;0.0;0.0;0.0;0.0;0.0;0.0;1.2;0.0;21.5;14.0;0.0;12.0;0.0;0.0;0.0;0.0;0.0;2.0;6.0;0.0;0.0
Saboeiro;SABOEIRO;-6.5351666666667;-39.901972222222;1985;2;320.6;0.0;3.0;3.0;16.6;25.0;1.0;0.4;0.0;4.2;0.0;3.8;2.4;1.4;12.0;49.2;12.4;13.2;56.0;22.0;56.0;28.0;7.0;4.0;0.0;0.0;0.0;0.0;0.0;888.0;888.0;888.0
Saboeiro;SABOEIRO;-6.5351666666667;-39.901972222222;1985;3;275.0;8.0;0.0;3.6;15.0;2.6;5.8;5.4;0.0;0.0;0.0;0.0;0.0;0.0;0.0;11.0;2.2;17.0;0.0;14.6;3.0;1.0;11.4;6.0;12.0;31.4;0.0;7.0;52.0;0.0;66.0;0.0
Saboeiro;SABOEIRO;-6.5351666666667;-39.901972222222;1985;4;252.1;9.0;4.0;4.2;1.0;2.0;0.4;0.0;7.0;25.2;0.0;7.3;0.0;45.0;11.4;0.0;0.0;5.4;2.6;0.0;0.0;0.0;0.0;5.6;0.0;10.6;1.8;1.0;20.0;0.0;88.6;888.0
Saboeiro;SABOEIRO;-6.5351666666667;-39.901972222222;1985;5;116.6;0.0;83.6;0.0;0.0;8.8;2.4;0.0;0.0;9.0;3.0;0.0;0.0;0.0;0.0;0.8;0.0;0.0;0.0;0.0;0.0;9.0;0.0;0.0;0.0;0.0;0.0;0.0;0.0;0.0;0.0;0.0
Saboeiro;SABOEIRO;-6.5351666666667;-39.901972222222;1985;6;29.6;0.0;0.0;0.0;6.6;3.2;0.0;0.0;0.0;0.0;0.0;0.0;4.6;0.0;0.0;0.0;0.0;0.0;0.0;14.0;0.0;1.2;0.0;0.0;0.0;0.0;0.0;0.0;0.0;0.0;0.0;888.0
Saboeiro;SABOEIRO;-6.5351666666667;-39.901972222222;1985;7;95.4;0.0;0.0;0.0;9.0;0.0;0.0;36.0;0.0;0.0;0.0;0.0;0.0;0.0;0.0;0.0;16.0;9.6;0.0;0.0;0.0;0.0;0.0;0.0;0.0;24.8;0.0;0.0;0.0;0.0;0.0;0.0
Saboeiro;SABOEIRO;-6.5351666666667;-39.901972222222;1985;8;28.0;0.0;0.0;0.0;0.0;0.0;0.0;3.2;0.0;0.0;0.0;0.0;0.0;0.0;0.0;0.0;0.0;0.0;0.0;0.0;0.0;0.0;0.0;0.0;0.0;24.8;0.0;0.0;0.0;0.0;0.0;0.0
Saboeiro;SABOEIRO;-6.5351666666667;-39.901972222222;1985;9;0.0;0.0;0.0;0.0;0.0;0.0;0.0;0.0;0.0;0.0;0.0;0.0;0.0;0.0;0.0;0.0;0.0;0.0;0.0;0.0;0.0;0.0;0.0;0.0;0.0;0.0;0.0;0.0;0.0;0.0;0.0;888.0
Saboeiro;SABOEIRO;-6.5351666666667;-39.901972222222;1985;10;0.0;0.0;0.0;0.0;0.0;0.0;0.0;0.0;0.0;0.0;0.0;0.0;0.0;0.0;0.0;0.0;0.0;0.0;0.0;0.0;0.0;0.0;0.0;0.0;0.0;0.0;0.0;0.0;0.0;0.0;0.0;0.0
Saboeiro;SABOEIRO;-6.5351666666667;-39.901972222222;1985;11;8.4;0.0;0.0;0.0;0.0;0.0;0.0;5.0;1.0;0.0;2.4;0.0;0.0;0.0;0.0;0.0;0.0;0.0;0.0;0.0;0.0;0.0;0.0;0.0;0.0;0.0;0.0;0.0;0.0;0.0;0.0;888.0
Saboeiro;SABOEIRO;-6.5351666666667;-39.901972222222;1985;12;50.8;0.0;0.0;0.0;0.0;0.0;0.0;0.0;0.0;0.0;0.0;0.0;0.0;0.0;0.0;0.0;0.0;0.0;0.0;0.0;0.0;0.0;0.0;0.0;50.8;0.0;0.0;0.0;0.0;0.0;0.0;0.0
Saboeiro;SABOEIRO;-6.5351666666667;-39.901972222222;1986;1;34.4;0.0;0.0;0.0;0.0;0.0;0.0;0.0;0.0;0.0;0.0;0.0;0.0;0.0;0.0;0.0;0.0;0.0;0.0;0.0;0.0;0.0;27.6;0.0;0.0;0.0;0.0;0.0;6.4;0.0;0.4;0.0
Saboeiro;SABOEIRO;-6.5351666666667;-39.901972222222;1986;2;101.2;27.8;6.8;2.0;0.0;0.0;19.8;0.0;0.0;0.0;0.0;0.0;0.0;0.0;0.0;0.0;0.0;0.0;0.0;0.0;15.0;24.8;5.0;0.0;0.0;0.0;0.0;0.0;0.0;888.0;888.0;888.0
Saboeiro;SABOEIRO;-6.5351666666667;-39.901972222222;1986;3;229.4;0.0;0.0;3.6;14.0;6.4;10.0;0.0;42.0;5.0;5.2;10.2;0.0;0.0;2.6;0.0;0.0;0.0;2.2;0.0;0.0;0.0;50.8;13.6;1.0;0.0;33.4;0.0;2.6;21.0;3.6;2.2
Saboeiro;SABOEIRO;-6.5351666666667;-39.901972222222;1986;4;141.1;0.0;4.2;0.0;0.0;0.0;0.0;15.0;5.0;0.0;37.0;0.0;0.0;0.0;17.2;9.0;14.0;19.0;0.0;0.0;0.0;0.0;0.0;0.0;0.0;6.5;0.0;5.8;0.0;3.4;5.0;888.0
Saboeiro;SABOEIRO;-6.5351666666667;-39.901972222222;1986;5;20.4;15.0;0.0;0.0;0.0;3.0;0.0;2.4;0.0;0.0;0.0;0.0;0.0;0.0;0.0;0.0;0.0;0.0;0.0;0.0;0.0;0.0;0.0;0.0;0.0;0.0;0.0;0.0;0.0;0.0;0.0;0.0
Saboeiro;SABOEIRO;-6.5351666666667;-39.901972222222;1986;6;51.2;0.0;23.2;28.0;0.0;0.0;0.0;0.0;0.0;0.0;0.0;0.0;0.0;0.0;0.0;0.0;0.0;0.0;0.0;0.0;0.0;0.0;0.0;0.0;0.0;0.0;0.0;0.0;0.0;0.0;0.0;888.0
Saboeiro;SABOEIRO;-6.5351666666667;-39.901972222222;1986;7;7.2;0.0;0.0;0.0;0.0;0.0;0.0;0.0;0.0;0.0;0.0;0.0;0.0;0.0;0.0;0.0;0.0;4.2;0.0;3.0;0.0;0.0;0.0;0.0;0.0;0.0;0.0;0.0;0.0;0.0;0.0;0.0
Saboeiro;SABOEIRO;-6.5351666666667;-39.901972222222;1986;8;0.0;0.0;0.0;0.0;0.0;0.0;0.0;0.0;0.0;0.0;0.0;0.0;0.0;0.0;0.0;0.0;0.0;0.0;0.0;0.0;0.0;0.0;0.0;0.0;0.0;0.0;0.0;0.0;0.0;0.0;0.0;0.0
Saboeiro;SABOEIRO;-6.5351666666667;-39.901972222222;1986;9;8.0;0.0;0.0;0.0;0.0;0.0;0.0;0.0;0.0;0.0;0.0;0.0;0.0;0.6;0.0;0.0;2.0;0.0;0.0;0.0;0.0;0.0;0.0;0.0;0.0;0.0;0.0;0.0;5.4;0.0;0.0;888.0
Saboeiro;SABOEIRO;-6.5351666666667;-39.901972222222;1986;10;3.8;0.0;0.0;0.2;0.0;0.4;0.0;0.0;0.0;3.2;0.0;0.0;0.0;0.0;0.0;0.0;0.0;0.0;0.0;0.0;0.0;0.0;0.0;0.0;0.0;0.0;0.0;0.0;0.0;0.0;0.0;0.0
Saboeiro;SABOEIRO;-6.5351666666667;-39.901972222222;1986;11;44.7;0.0;0.0;0.0;0.0;4.0;0.0;3.0;2.7;0.0;0.0;0.0;0.0;0.0;0.0;0.0;0.0;17.0;0.0;10.0;0.0;1.2;0.0;0.0;6.0;0.0;0.0;0.0;0.0;0.0;0.8;888.0
Saboeiro;SABOEIRO;-6.5351666666667;-39.901972222222;1986;12;2.8;0.0;2.0;0.0;0.0;0.0;0.0;0.0;0.0;0.0;0.0;0.0;0.0;0.0;0.0;0.0;0.0;0.0;0.0;0.0;0.0;0.0;0.0;0.0;0.0;0.0;0.0;0.0;0.8;0.0;0.0;0.0
Saboeiro;SABOEIRO;-6.5351666666667;-39.901972222222;1987;1;73.6;0.0;14.2;2.0;0.0;0.0;0.0;0.0;11.4;46.0;0.0;0.0;0.0;0.0;0.0;0.0;0.0;0.0;0.0;0.0;0.0;0.0;0.0;0.0;0.0;0.0;0.0;0.0;0.0;0.0;0.0;0.0
Saboeiro;SABOEIRO;-6.5351666666667;-39.901972222222;1987;2;67.2;0.0;0.0;0.0;0.0;0.0;0.0;3.0;0.6;0.0;0.0;6.6;14.2;9.0;1.8;0.0;32.0;0.0;0.0;0.0;0.0;0.0;0.0;0.0;0.0;0.0;0.0;0.0;0.0;888.0;888.0;888.0
Saboeiro;SABOEIRO;-6.5351666666667;-39.901972222222;1987;3;269.2;0.0;0.0;7.6;0.0;0.0;0.0;0.0;0.0;4.2;0.0;1.2;4.0;0.0;26.0;0.0;0.0;9.4;14.4;38.0;34.2;2.0;0.0;8.0;21.0;10.2;19.0;33.0;0.0;0.0;32.0;5.0
Saboeiro;SABOEIRO;-6.5351666666667;-39.901972222222;1987;4;128.5;60.0;0.0;22.0;0.0;0.0;0.0;0.0;0.0;0.0;33.5;2.0;0.0;0.0;0.0;0.0;0.0;0.0;0.0;0.0;0.0;0.0;0.0;0.0;0.0;0.0;0.0;0.0;4.2;0.0;6.8;888.0
Saboeiro;SABOEIRO;-6.5351666666667;-39.901972222222;1987;5;36.0;0.0;0.0;28.0;0.0;0.0;8.0;0.0;0.0;0.0;0.0;0.0;0.0;0.0;0.0;0.0;0.0;0.0;0.0;0.0;0.0;0.0;0.0;0.0;0.0;0.0;0.0;0.0;0.0;0.0;0.0;0.0
Saboeiro;SABOEIRO;-6.5351666666667;-39.901972222222;1987;6;24.8;0.0;0.0;0.0;0.0;0.0;18.0;0.0;0.0;0.0;0.0;0.0;0.0;2.0;0.0;0.0;0.0;0.0;0.0;3.4;1.0;0.0;0.0;0.0;0.0;0.0;0.0;0.0;0.4;0.0;0.0;888.0
Saboeiro;SABOEIRO;-6.5351666666667;-39.901972222222;1987;7;0.0;0.0;0.0;0.0;0.0;0.0;0.0;0.0;0.0;0.0;0.0;0.0;0.0;0.0;0.0;0.0;0.0;0.0;0.0;0.0;0.0;0.0;0.0;0.0;0.0;0.0;0.0;0.0;0.0;0.0;0.0;0.0
Saboeiro;SABOEIRO;-6.5351666666667;-39.901972222222;1987;8;0.0;0.0;0.0;0.0;0.0;0.0;0.0;0.0;0.0;0.0;0.0;0.0;0.0;0.0;0.0;0.0;0.0;0.0;0.0;0.0;0.0;0.0;0.0;0.0;0.0;0.0;0.0;0.0;0.0;0.0;0.0;0.0
Saboeiro;SABOEIRO;-6.5351666666667;-39.901972222222;1987;9;0.0;0.0;0.0;0.0;0.0;0.0;0.0;0.0;0.0;0.0;0.0;0.0;0.0;0.0;0.0;0.0;0.0;0.0;0.0;0.0;0.0;0.0;0.0;0.0;0.0;0.0;0.0;0.0;0.0;0.0;0.0;888.0
Saboeiro;SABOEIRO;-6.5351666666667;-39.901972222222;1987;10;0.0;0.0;0.0;0.0;0.0;0.0;0.0;0.0;0.0;0.0;0.0;0.0;0.0;0.0;0.0;0.0;0.0;0.0;0.0;0.0;0.0;0.0;0.0;0.0;0.0;0.0;0.0;0.0;0.0;0.0;0.0;0.0
Saboeiro;SABOEIRO;-6.5351666666667;-39.901972222222;1987;11;0.0;0.0;0.0;0.0;0.0;0.0;0.0;0.0;0.0;0.0;0.0;0.0;0.0;0.0;0.0;0.0;0.0;0.0;0.0;0.0;0.0;0.0;0.0;0.0;0.0;0.0;0.0;0.0;0.0;0.0;0.0;888.0
Saboeiro;SABOEIRO;-6.5351666666667;-39.901972222222;1987;12;0.0;0.0;0.0;0.0;0.0;0.0;0.0;0.0;0.0;0.0;0.0;0.0;0.0;0.0;0.0;0.0;0.0;0.0;0.0;0.0;0.0;0.0;0.0;0.0;0.0;0.0;0.0;0.0;0.0;0.0;0.0;0.0
Saboeiro;SABOEIRO;-6.5351666666667;-39.901972222222;1988;1;45.0;0.0;0.0;0.0;0.0;0.0;0.0;0.0;0.0;0.0;0.0;0.0;5.6;7.8;0.0;0.0;0.0;0.0;0.0;0.0;4.8;9.8;0.0;0.0;0.0;10.8;0.0;1.1;5.1;0.0;0.0;0.0
Saboeiro;SABOEIRO;-6.5351666666667;-39.901972222222;1988;2;77.9;0.0;0.0;0.0;3.7;0.0;0.0;0.0;0.0;0.0;0.0;0.0;0.0;57.0;0.0;0.0;13.0;0.0;0.0;0.0;0.0;0.0;1.7;0.0;2.0;0.5;0.0;0.0;0.0;0.0;888.0;888.0
Saboeiro;SABOEIRO;-6.5351666666667;-39.901972222222;1988;3;110.3;0.0;0.8;0.0;0.0;0.0;0.0;0.0;0.0;0.0;0.0;0.0;0.0;0.0;1.2;0.0;0.0;21.6;0.0;40.0;0.0;0.0;5.7;4.2;4.1;25.0;0.0;0.0;7.7;0.0;0.0;0.0
Saboeiro;SABOEIRO;-6.5351666666667;-39.901972222222;1988;4;136.1;0.0;0.0;0.0;0.0;2.6;0.0;0.0;0.0;0.0;30.0;2.0;0.0;0.0;0.0;20.4;0.0;0.0;36.4;4.4;7.5;3.2;0.0;0.0;0.0;18.0;0.0;11.6;0.0;0.0;0.0;888.0
Saboeiro;SABOEIRO;-6.5351666666667;-39.901972222222;1988;5;33.0;0.0;21.0;0.0;0.0;10.5;0.0;0.0;0.0;0.0;0.0;0.0;0.0;0.0;0.0;0.0;1.5;0.0;0.0;0.0;0.0;0.0;0.0;0.0;0.0;0.0;0.0;0.0;0.0;0.0;0.0;0.0
Saboeiro;SABOEIRO;-6.5351666666667;-39.901972222222;1988;6;53.6;0.0;0.4;0.0;0.0;0.0;0.0;0.0;0.0;0.0;0.0;0.0;0.0;0.0;0.0;0.0;0.0;0.0;0.0;0.0;0.0;0.0;0.0;4.2;0.0;0.0;19.0;0.0;0.0;30.0;0.0;888.0
Saboeiro;SABOEIRO;-6.5351666666667;-39.901972222222;1988;7;0.0;0.0;0.0;0.0;0.0;0.0;0.0;0.0;0.0;0.0;0.0;0.0;0.0;0.0;0.0;0.0;0.0;0.0;0.0;0.0;0.0;0.0;0.0;0.0;0.0;0.0;0.0;0.0;0.0;0.0;0.0;0.0
Saboeiro;SABOEIRO;-6.5351666666667;-39.901972222222;1988;8;0.0;0.0;0.0;0.0;0.0;0.0;0.0;0.0;0.0;0.0;0.0;0.0;0.0;0.0;0.0;0.0;0.0;0.0;0.0;0.0;0.0;0.0;0.0;0.0;0.0;0.0;0.0;0.0;0.0;0.0;0.0;0.0
Saboeiro;SABOEIRO;-6.5351666666667;-39.901972222222;1988;9;0.0;0.0;0.0;0.0;0.0;0.0;0.0;0.0;0.0;0.0;0.0;0.0;0.0;0.0;0.0;0.0;0.0;0.0;0.0;0.0;0.0;0.0;0.0;0.0;0.0;0.0;0.0;0.0;0.0;0.0;0.0;888.0
Saboeiro;SABOEIRO;-6.5351666666667;-39.901972222222;1988;10;6.8;0.0;0.0;0.0;0.0;0.0;0.0;0.0;0.0;0.0;0.0;0.0;0.0;0.0;0.0;0.0;0.0;0.0;0.8;0.0;6.0;0.0;0.0;0.0;0.0;0.0;0.0;0.0;0.0;0.0;0.0;0.0
Saboeiro;SABOEIRO;-6.5351666666667;-39.901972222222;1988;11;0.0;0.0;0.0;0.0;0.0;0.0;0.0;0.0;0.0;0.0;0.0;0.0;0.0;0.0;0.0;0.0;0.0;0.0;0.0;0.0;0.0;0.0;0.0;0.0;0.0;0.0;0.0;0.0;0.0;0.0;0.0;888.0
Saboeiro;SABOEIRO;-6.5351666666667;-39.901972222222;1988;12;97.6;0.0;0.0;0.0;0.0;0.0;0.0;0.0;21.0;16.5;0.0;0.0;0.0;0.0;0.0;0.0;6.8;1.6;8.5;29.4;4.0;0.0;0.0;9.8;0.0;0.0;0.0;0.0;0.0;0.0;0.0;0.0
Saboeiro;SABOEIRO;-6.5351666666667;-39.901972222222;1989;1;58.6;4.4;0.0;0.0;0.0;0.0;0.0;0.0;13.0;0.0;0.0;0.0;0.0;0.0;27.2;0.8;0.0;0.0;0.0;0.0;0.0;0.0;0.0;0.0;0.0;3.0;0.0;4.6;3.8;1.8;0.0;0.0
Saboeiro;SABOEIRO;-6.5351666666667;-39.901972222222;1989;2;0.0;0.0;0.0;0.0;0.0;0.0;0.0;0.0;0.0;0.0;0.0;0.0;0.0;0.0;0.0;0.0;0.0;0.0;0.0;0.0;0.0;0.0;0.0;0.0;0.0;0.0;0.0;0.0;0.0;888.0;888.0;888.0
Saboeiro;SABOEIRO;-6.5351666666667;-39.901972222222;1989;3;227.9;0.8;0.0;0.0;0.0;0.0;3.2;0.0;0.0;27.0;0.0;0.0;20.4;0.0;0.0;0.0;0.0;0.0;14.6;17.6;15.5;0.0;27.8;0.0;12.5;23.0;0.0;0.7;11.6;45.8;3.2;4.2
Saboeiro;SABOEIRO;-6.5351666666667;-39.901972222222;1989;4;334.4;10.4;0.0;12.2;12.0;24.0;4.0;17.2;39.2;4.8;0.0;18.2;21.8;13.2;4.2;18.0;13.8;0.0;0.0;0.0;0.0;0.0;0.8;0.0;43.8;10.8;0.0;0.0;24.0;2.4;39.6;888.0
Saboeiro;SABOEIRO;-6.5351666666667;-39.901972222222;1989;5;69.6;0.8;0.0;16.0;0.0;0.0;0.0;0.0;0.0;13.0;12.0;0.0;0.0;0.0;0.0;0.0;0.0;0.0;0.0;0.0;0.0;0.0;4.0;0.0;0.0;0.0;0.0;0.0;0.0;0.0;8.2;15.6
Saboeiro;SABOEIRO;-6.5351666666667;-39.901972222222;1989;6;28.0;0.0;23.0;0.0;0.0;0.0;0.0;0.0;0.0;0.0;3.4;0.0;0.0;0.0;0.0;0.0;0.0;0.0;0.0;0.0;0.0;1.6;0.0;0.0;0.0;0.0;0.0;0.0;0.0;0.0;0.0;888.0
Saboeiro;SABOEIRO;-6.5351666666667;-39.901972222222;1989;7;53.0;1.2;0.0;0.0;0.0;0.0;0.0;1.0;0.0;3.8;0.0;0.0;0.0;0.0;0.0;0.0;0.0;0.0;0.0;0.0;0.0;0.0;0.0;0.0;47.0;0.0;0.0;0.0;0.0;0.0;0.0;0.0
Saboeiro;SABOEIRO;-6.5351666666667;-39.901972222222;1989;8;8.8;0.0;0.0;0.0;0.0;0.0;0.0;0.0;0.0;0.0;0.0;0.0;0.0;0.0;0.0;3.8;0.0;0.0;0.0;0.0;0.0;0.0;5.0;0.0;0.0;0.0;0.0;0.0;0.0;0.0;0.0;0.0
Saboeiro;SABOEIRO;-6.5351666666667;-39.901972222222;1989;9;7.8;0.0;0.0;0.0;0.0;0.0;0.0;0.0;0.0;0.0;0.0;0.0;0.0;0.0;0.0;0.0;0.0;0.0;0.0;0.0;7.8;0.0;0.0;0.0;0.0;0.0;0.0;0.0;0.0;0.0;0.0;888.0
Saboeiro;SABOEIRO;-6.5351666666667;-39.901972222222;1989;10;0.0;0.0;0.0;0.0;0.0;0.0;0.0;0.0;0.0;0.0;0.0;0.0;0.0;0.0;0.0;0.0;0.0;0.0;0.0;0.0;0.0;0.0;0.0;0.0;0.0;0.0;0.0;0.0;0.0;0.0;0.0;0.0
Saboeiro;SABOEIRO;-6.5351666666667;-39.901972222222;1989;11;25.0;0.0;0.0;0.0;0.0;0.0;0.0;0.0;0.0;0.0;25.0;0.0;0.0;0.0;0.0;0.0;0.0;0.0;0.0;0.0;0.0;0.0;0.0;0.0;0.0;0.0;0.0;0.0;0.0;0.0;0.0;888.0
Saboeiro;SABOEIRO;-6.5351666666667;-39.901972222222;1989;12;103.0;0.0;0.0;0.0;0.0;0.0;0.0;0.0;0.0;0.0;0.0;0.0;0.0;0.0;0.0;0.0;0.0;0.0;26.0;0.0;5.8;0.0;0.0;18.0;0.0;31.0;19.0;0.0;3.2;0.0;0.0;0.0
Saboeiro;SABOEIRO;-6.5351666666667;-39.901972222222;1990;1;0.0;0.0;0.0;0.0;0.0;0.0;0.0;0.0;0.0;0.0;0.0;0.0;0.0;0.0;0.0;0.0;0.0;0.0;0.0;0.0;0.0;0.0;0.0;0.0;0.0;0.0;0.0;0.0;0.0;0.0;0.0;0.0
Saboeiro;SABOEIRO;-6.5351666666667;-39.901972222222;1990;2;55.9;0.0;0.0;0.0;0.0;0.0;0.0;0.0;0.0;0.0;17.4;0.0;0.0;0.0;0.0;0.0;0.0;0.0;0.0;11.5;0.0;0.0;0.0;0.0;27.0;0.0;0.0;0.0;0.0;888.0;888.0;888.0
Saboeiro;SABOEIRO;-6.5351666666667;-39.901972222222;1990;3;74.2;0.0;0.0;34.0;10.5;0.0;0.0;0.0;0.0;0.0;0.0;0.0;0.0;0.0;0.0;0.0;0.0;0.0;0.0;0.0;21.5;7.0;0.0;0.0;0.0;0.0;0.0;0.0;0.0;1.2;0.0;0.0
Saboeiro;SABOEIRO;-6.5351666666667;-39.901972222222;1990;4;153.8;0.0;0.0;17.2;11.0;16.8;24.2;15.0;0.0;0.0;0.0;0.0;0.0;0.0;0.0;0.0;0.0;0.0;0.0;30.2;0.0;0.0;0.0;0.0;0.0;2.4;0.0;0.0;0.0;36.0;1.0;888.0
Saboeiro;SABOEIRO;-6.5351666666667;-39.901972222222;1990;5;2.4;2.4;0.0;0.0;0.0;0.0;0.0;0.0;0.0;0.0;0.0;0.0;0.0;0.0;0.0;0.0;0.0;0.0;0.0;0.0;0.0;0.0;0.0;0.0;0.0;0.0;0.0;0.0;0.0;0.0;0.0;0.0
Saboeiro;SABOEIRO;-6.5351666666667;-39.901972222222;1990;6;0.0;0.0;0.0;0.0;0.0;0.0;0.0;0.0;0.0;0.0;0.0;0.0;0.0;0.0;0.0;0.0;0.0;0.0;0.0;0.0;0.0;0.0;0.0;0.0;0.0;0.0;0.0;0.0;0.0;0.0;0.0;888.0
Saboeiro;SABOEIRO;-6.5351666666667;-39.901972222222;1990;7;21.4;0.0;0.0;10.0;0.0;0.0;0.0;0.0;0.0;0.0;0.0;0.0;0.0;0.0;0.0;0.0;0.0;0.0;8.4;0.0;0.0;0.0;0.0;0.0;0.0;0.0;0.0;0.0;0.0;3.0;0.0;0.0
Saboeiro;SABOEIRO;-6.5351666666667;-39.901972222222;1990;8;9.0;0.0;0.0;0.0;0.0;0.0;0.0;0.0;0.0;0.0;9.0;0.0;0.0;0.0;0.0;0.0;0.0;0.0;0.0;0.0;0.0;0.0;0.0;0.0;0.0;0.0;0.0;0.0;0.0;0.0;0.0;0.0
Saboeiro;SABOEIRO;-6.5351666666667;-39.901972222222;1990;9;13.5;0.0;0.0;0.0;0.0;0.0;0.0;0.0;0.0;0.0;0.0;0.0;0.0;0.0;0.0;0.0;0.0;0.0;13.5;0.0;0.0;0.0;0.0;0.0;0.0;0.0;0.0;0.0;0.0;0.0;0.0;888.0
Saboeiro;SABOEIRO;-6.5351666666667;-39.901972222222;1990;10;0.0;0.0;0.0;0.0;0.0;0.0;0.0;0.0;0.0;0.0;0.0;0.0;0.0;0.0;0.0;0.0;0.0;0.0;0.0;0.0;0.0;0.0;0.0;0.0;0.0;0.0;0.0;0.0;0.0;0.0;0.0;0.0
Saboeiro;SABOEIRO;-6.5351666666667;-39.901972222222;1990;11;0.0;0.0;0.0;0.0;0.0;0.0;0.0;0.0;0.0;0.0;0.0;0.0;0.0;0.0;0.0;0.0;0.0;0.0;0.0;0.0;0.0;0.0;0.0;0.0;0.0;0.0;0.0;0.0;0.0;0.0;0.0;888.0
Saboeiro;SABOEIRO;-6.5351666666667;-39.901972222222;1990;12;0.0;0.0;0.0;0.0;0.0;0.0;0.0;0.0;0.0;0.0;0.0;0.0;0.0;0.0;0.0;0.0;0.0;0.0;0.0;0.0;0.0;0.0;0.0;0.0;0.0;0.0;0.0;0.0;0.0;0.0;0.0;0.0
Saboeiro;SABOEIRO;-6.5351666666667;-39.901972222222;1991;1;123.0;0.0;0.0;0.0;0.0;0.0;0.0;0.0;11.0;0.0;0.0;0.0;0.0;0.0;0.0;0.0;0.0;0.0;21.0;17.2;2.0;21.2;0.0;2.2;48.4;0.0;0.0;0.0;0.0;0.0;0.0;0.0
Saboeiro;SABOEIRO;-6.5351666666667;-39.901972222222;1991;2;34.2;0.0;0.0;0.0;0.0;10.2;0.0;0.0;0.0;0.0;0.0;0.0;0.0;0.0;0.0;0.0;14.0;0.0;0.0;0.0;0.0;0.0;0.0;0.0;0.0;0.0;0.0;0.0;10.0;888.0;888.0;888.0
Saboeiro;SABOEIRO;-6.5351666666667;-39.901972222222;1991;3;51.0;0.0;0.0;0.0;6.4;0.0;0.0;0.0;0.0;4.2;6.2;0.0;0.0;0.0;0.0;0.0;0.0;0.0;3.0;0.0;0.0;0.0;0.0;0.0;0.0;5.6;0.0;3.0;11.0;1.6;2.0;8.0
Saboeiro;SABOEIRO;-6.5351666666667;-39.901972222222;1991;4;86.9;0.0;0.0;44.4;0.0;0.0;0.0;0.0;0.0;3.0;0.0;0.0;0.0;0.0;0.0;0.0;0.0;0.0;0.0;11.0;5.0;0.0;0.0;0.0;0.0;0.0;0.0;8.0;5.0;0.0;10.5;888.0
Saboeiro;SABOEIRO;-6.5351666666667;-39.901972222222;1991;5;29.0;0.0;0.0;0.0;0.0;0.0;0.0;0.0;4.0;0.0;0.0;0.0;0.0;0.0;0.0;0.0;0.0;0.0;0.0;0.0;4.6;0.0;0.0;0.0;0.0;20.4;0.0;0.0;0.0;0.0;0.0;0.0
Saboeiro;SABOEIRO;-6.5351666666667;-39.901972222222;1991;6;0.0;0.0;0.0;0.0;0.0;0.0;0.0;0.0;0.0;0.0;0.0;0.0;0.0;0.0;0.0;0.0;0.0;0.0;0.0;0.0;0.0;0.0;0.0;0.0;0.0;0.0;0.0;0.0;0.0;0.0;0.0;888.0
Saboeiro;SABOEIRO;-6.5351666666667;-39.901972222222;1991;7;0.0;0.0;0.0;0.0;0.0;0.0;0.0;0.0;0.0;0.0;0.0;0.0;0.0;0.0;0.0;0.0;0.0;0.0;0.0;0.0;0.0;0.0;0.0;0.0;0.0;0.0;0.0;0.0;0.0;0.0;0.0;0.0
Saboeiro;SABOEIRO;-6.5351666666667;-39.901972222222;1991;8;0.0;0.0;0.0;0.0;0.0;0.0;0.0;0.0;0.0;0.0;0.0;0.0;0.0;0.0;0.0;0.0;0.0;0.0;0.0;0.0;0.0;0.0;0.0;0.0;0.0;0.0;0.0;0.0;0.0;0.0;0.0;0.0
Saboeiro;SABOEIRO;-6.5351666666667;-39.901972222222;1991;9;0.0;0.0;0.0;0.0;0.0;0.0;0.0;0.0;0.0;0.0;0.0;0.0;0.0;0.0;0.0;0.0;0.0;0.0;0.0;0.0;0.0;0.0;0.0;0.0;0.0;0.0;0.0;0.0;0.0;0.0;0.0;888.0
Saboeiro;SABOEIRO;-6.5351666666667;-39.901972222222;1991;10;3.0;0.0;0.0;0.0;0.0;0.0;0.0;0.0;0.0;0.0;0.0;0.0;0.0;0.0;0.0;0.0;0.0;0.0;0.0;0.0;0.0;0.0;0.0;0.0;0.0;3.0;0.0;0.0;0.0;0.0;0.0;0.0
Saboeiro;SABOEIRO;-6.5351666666667;-39.901972222222;1991;11;0.0;0.0;0.0;0.0;0.0;0.0;0.0;0.0;0.0;0.0;0.0;0.0;0.0;0.0;0.0;0.0;0.0;0.0;0.0;0.0;0.0;0.0;0.0;0.0;0.0;0.0;0.0;0.0;0.0;0.0;0.0;888.0
Saboeiro;SABOEIRO;-6.5351666666667;-39.901972222222;1991;12;0.0;0.0;0.0;0.0;0.0;0.0;0.0;0.0;0.0;0.0;0.0;0.0;0.0;0.0;0.0;0.0;0.0;0.0;0.0;0.0;0.0;0.0;0.0;0.0;0.0;0.0;0.0;0.0;0.0;0.0;0.0;0.0
Saboeiro;SABOEIRO;-6.5351666666667;-39.901972222222;1992;1;148.4;0.0;0.0;0.0;0.0;0.0;0.0;0.0;0.0;0.0;0.0;0.0;0.0;0.0;0.0;0.0;0.0;0.0;0.0;5.0;0.0;0.0;0.0;0.0;0.0;0.0;0.0;65.0;0.0;37.0;41.4;0.0
Saboeiro;SABOEIRO;-6.5351666666667;-39.901972222222;1992;2;62.8;0.0;0.0;0.0;0.0;5.4;0.0;0.0;0.0;0.0;3.4;11.2;16.0;0.0;0.0;0.0;15.6;0.0;0.0;0.0;4.2;7.0;0.0;0.0;0.0;0.0;0.0;0.0;0.0;0.0;888.0;888.0
Saboeiro;SABOEIRO;-6.5351666666667;-39.901972222222;1992;3;95.0;0.0;26.0;0.0;7.0;0.0;0.0;0.0;0.0;28.4;0.0;0.0;0.0;1.4;0.0;0.0;3.2;4.4;0.0;14.0;0.0;0.0;0.0;3.6;2.0;2.0;0.0;3.0;0.0;0.0;0.0;0.0
Saboeiro;SABOEIRO;-6.5351666666667;-39.901972222222;1992;4;64.8;0.0;0.0;26.0;0.0;0.0;0.0;2.0;0.0;8.8;13.0;0.0;0.0;0.0;0.0;4.4;10.6;0.0;0.0;0.0;0.0;0.0;0.0;0.0;0.0;0.0;0.0;0.0;0.0;0.0;0.0;888.0
Saboeiro;SABOEIRO;-6.5351666666667;-39.901972222222;1992;5;0.0;0.0;0.0;0.0;0.0;0.0;0.0;0.0;0.0;0.0;0.0;0.0;0.0;0.0;0.0;0.0;0.0;0.0;0.0;0.0;0.0;0.0;0.0;0.0;0.0;0.0;0.0;0.0;0.0;0.0;0.0;0.0
Saboeiro;SABOEIRO;-6.5351666666667;-39.901972222222;1992;6;18.0;0.0;0.0;0.0;0.0;0.0;0.0;0.0;0.0;0.0;0.0;0.0;0.0;0.0;0.0;0.0;0.0;0.0;0.0;0.0;0.0;0.0;0.0;0.0;0.0;0.0;0.0;0.0;18.0;0.0;0.0;888.0
Saboeiro;SABOEIRO;-6.5351666666667;-39.901972222222;1992;7;0.0;0.0;0.0;0.0;0.0;0.0;0.0;0.0;0.0;0.0;0.0;0.0;0.0;0.0;0.0;0.0;0.0;0.0;0.0;0.0;0.0;0.0;0.0;0.0;0.0;0.0;0.0;0.0;0.0;0.0;0.0;0.0
Saboeiro;SABOEIRO;-6.5351666666667;-39.901972222222;1992;8;0.0;0.0;0.0;0.0;0.0;0.0;0.0;0.0;0.0;0.0;0.0;0.0;0.0;0.0;0.0;0.0;0.0;0.0;0.0;0.0;0.0;0.0;0.0;0.0;0.0;0.0;0.0;0.0;0.0;0.0;0.0;0.0
Saboeiro;SABOEIRO;-6.5351666666667;-39.901972222222;1992;9;0.0;0.0;0.0;0.0;0.0;0.0;0.0;0.0;0.0;0.0;0.0;0.0;0.0;0.0;0.0;0.0;0.0;0.0;0.0;0.0;0.0;0.0;0.0;0.0;0.0;0.0;0.0;0.0;0.0;0.0;0.0;888.0
Saboeiro;SABOEIRO;-6.5351666666667;-39.901972222222;1992;10;0.0;0.0;0.0;0.0;0.0;0.0;0.0;0.0;0.0;0.0;0.0;0.0;0.0;0.0;0.0;0.0;0.0;0.0;0.0;0.0;0.0;0.0;0.0;0.0;0.0;0.0;0.0;0.0;0.0;0.0;0.0;0.0
Saboeiro;SABOEIRO;-6.5351666666667;-39.901972222222;1992;11;0.0;0.0;0.0;0.0;0.0;0.0;0.0;0.0;0.0;0.0;0.0;0.0;0.0;0.0;0.0;0.0;0.0;0.0;0.0;0.0;0.0;0.0;0.0;0.0;0.0;0.0;0.0;0.0;0.0;0.0;0.0;888.0
Saboeiro;SABOEIRO;-6.5351666666667;-39.901972222222;1992;12;0.0;0.0;0.0;0.0;0.0;0.0;0.0;0.0;0.0;0.0;0.0;0.0;0.0;0.0;0.0;0.0;0.0;0.0;0.0;0.0;0.0;0.0;0.0;0.0;0.0;0.0;0.0;0.0;0.0;0.0;0.0;0.0
Saboeiro;SABOEIRO;-6.5351666666667;-39.901972222222;1993;1;17.0;0.0;0.0;0.0;0.0;0.0;0.0;0.0;0.0;0.0;0.0;0.0;0.0;0.0;0.0;0.0;0.0;12.0;0.0;0.0;0.0;0.0;0.0;0.0;0.0;0.0;0.0;0.0;0.0;5.0;0.0;0.0
Saboeiro;SABOEIRO;-6.5351666666667;-39.901972222222;1993;2;103.5;0.0;0.0;0.0;0.0;0.0;0.0;0.0;0.0;0.0;0.0;0.0;0.0;0.0;0.0;84.0;0.0;0.0;0.0;0.0;0.0;0.0;0.0;11.5;0.0;0.0;0.0;8.0;0.0;888.0;888.0;888.0
Saboeiro;SABOEIRO;-6.5351666666667;-39.901972222222;1993;3;142.0;9.8;40.0;5.0;0.0;0.0;0.0;0.0;0.0;0.0;0.0;0.0;0.0;0.0;0.0;0.0;0.0;0.0;0.0;0.0;0.0;0.0;0.0;0.0;0.0;0.0;30.0;0.0;36.2;13.0;8.0;0.0
Saboeiro;SABOEIRO;-6.5351666666667;-39.901972222222;1993;4;58.0;0.0;0.0;0.0;0.0;0.0;0.0;0.0;0.0;0.0;0.0;0.0;0.0;0.0;0.0;0.0;0.0;0.0;0.0;0.0;0.0;0.0;0.0;31.0;0.0;0.0;0.0;17.0;10.0;0.0;0.0;888.0
Saboeiro;SABOEIRO;-6.5351666666667;-39.901972222222;1993;5;25.4;0.0;13.4;5.0;0.0;0.0;0.0;0.0;0.0;0.0;0.0;0.0;0.0;0.0;0.0;0.0;0.0;0.0;0.0;0.0;0.0;0.0;0.0;0.0;0.0;0.0;0.0;0.0;0.0;7.0;0.0;0.0
Saboeiro;SABOEIRO;-6.5351666666667;-39.901972222222;1993;6;3.0;0.0;0.0;0.0;0.0;0.0;0.0;0.0;0.0;0.0;3.0;0.0;0.0;0.0;0.0;0.0;0.0;0.0;0.0;0.0;0.0;0.0;0.0;0.0;0.0;0.0;0.0;0.0;0.0;0.0;0.0;888.0
Saboeiro;SABOEIRO;-6.5351666666667;-39.901972222222;1993;7;0.0;0.0;0.0;0.0;0.0;0.0;0.0;0.0;0.0;0.0;0.0;0.0;0.0;0.0;0.0;0.0;0.0;0.0;0.0;0.0;0.0;0.0;0.0;0.0;0.0;0.0;0.0;0.0;0.0;0.0;0.0;0.0
Saboeiro;SABOEIRO;-6.5351666666667;-39.901972222222;1993;8;0.0;0.0;0.0;0.0;0.0;0.0;0.0;0.0;0.0;0.0;0.0;0.0;0.0;0.0;0.0;0.0;0.0;0.0;0.0;0.0;0.0;0.0;0.0;0.0;0.0;0.0;0.0;0.0;0.0;0.0;0.0;0.0
Saboeiro;SABOEIRO;-6.5351666666667;-39.901972222222;1993;9;0.0;0.0;0.0;0.0;0.0;0.0;0.0;0.0;0.0;0.0;0.0;0.0;0.0;0.0;0.0;0.0;0.0;0.0;0.0;0.0;0.0;0.0;0.0;0.0;0.0;0.0;0.0;0.0;0.0;0.0;0.0;888.0
Saboeiro;SABOEIRO;-6.5351666666667;-39.901972222222;1993;10;6.0;0.0;0.0;0.0;0.0;0.0;0.0;0.0;0.0;0.0;0.0;0.0;0.0;0.0;0.0;0.0;0.0;0.0;6.0;0.0;0.0;0.0;0.0;0.0;0.0;0.0;0.0;0.0;0.0;0.0;0.0;0.0
Saboeiro;SABOEIRO;-6.5351666666667;-39.901972222222;1993;11;40.0;0.0;0.0;0.0;0.0;0.0;0.0;0.0;0.0;0.0;0.0;0.0;0.0;0.0;0.0;0.0;0.0;0.0;0.0;0.0;0.0;0.0;40.0;0.0;0.0;0.0;0.0;0.0;0.0;0.0;0.0;888.0
Saboeiro;SABOEIRO;-6.5351666666667;-39.901972222222;1993;12;41.0;0.0;0.0;13.0;0.0;0.0;5.0;0.0;0.0;0.0;0.0;0.0;0.0;0.0;0.0;0.0;0.0;0.0;0.0;0.0;0.0;0.0;0.0;0.0;0.0;0.0;0.0;0.0;23.0;0.0;0.0;0.0
Saboeiro;SABOEIRO;-6.5351666666667;-39.901972222222;1994;1;96.8;0.0;0.0;3.0;0.0;15.0;7.0;0.0;0.0;0.0;0.0;0.0;0.0;0.0;0.0;0.0;4.4;0.0;0.0;35.0;0.0;0.0;15.4;17.0;0.0;0.0;0.0;0.0;0.0;0.0;0.0;0.0
Saboeiro;SABOEIRO;-6.5351666666667;-39.901972222222;1994;2;113.5;0.0;0.0;0.0;0.0;29.0;5.0;0.0;15.0;0.0;0.0;0.0;0.0;15.0;9.0;0.0;0.0;0.0;3.0;0.0;4.0;0.0;0.0;0.0;0.0;0.0;0.0;33.5;0.0;888.0;888.0;888.0
Saboeiro;SABOEIRO;-6.5351666666667;-39.901972222222;1994;3;84.7;11.0;7.0;0.0;0.0;0.0;0.0;0.0;0.0;0.0;3.0;6.0;0.0;0.0;5.5;0.0;0.0;0.0;0.0;0.0;0.0;14.0;0.0;0.0;0.0;7.2;0.0;0.0;0.0;0.0;0.0;31.0
Saboeiro;SABOEIRO;-6.5351666666667;-39.901972222222;1994;4;195.5;0.0;0.0;25.5;0.0;0.0;65.0;0.0;0.0;6.0;21.0;0.0;0.0;0.0;0.0;5.5;24.5;7.0;5.0;15.0;0.0;12.0;0.0;0.0;0.0;0.0;0.0;0.0;0.0;9.0;0.0;888.0
Saboeiro;SABOEIRO;-6.5351666666667;-39.901972222222;1994;5;110.5;0.0;22.5;0.0;0.0;12.0;0.0;0.0;0.0;17.0;5.0;0.0;0.0;0.0;0.0;6.0;0.0;0.0;38.0;0.0;0.0;0.0;0.0;0.0;0.0;0.0;0.0;10.0;0.0;0.0;0.0;0.0
Saboeiro;SABOEIRO;-6.5351666666667;-39.901972222222;1994;6;84.0;0.0;5.0;0.0;0.0;22.0;2.0;32.0;0.0;0.0;0.0;0.0;0.0;0.0;0.0;5.0;0.0;0.0;0.0;0.0;0.0;0.0;0.0;0.0;0.0;0.0;6.0;0.0;0.0;0.0;12.0;888.0
Saboeiro;SABOEIRO;-6.5351666666667;-39.901972222222;1994;7;11.0;5.0;0.0;0.0;0.0;0.0;0.0;0.0;0.0;0.0;0.0;0.0;0.0;0.0;0.0;2.0;0.0;0.0;0.0;0.0;0.0;0.0;0.0;4.0;0.0;0.0;0.0;0.0;0.0;0.0;0.0;0.0
Saboeiro;SABOEIRO;-6.5351666666667;-39.901972222222;1994;8;0.0;0.0;0.0;0.0;0.0;0.0;0.0;0.0;0.0;0.0;0.0;0.0;0.0;0.0;0.0;0.0;0.0;0.0;0.0;0.0;0.0;0.0;0.0;0.0;0.0;0.0;0.0;0.0;0.0;0.0;0.0;0.0
Saboeiro;SABOEIRO;-6.5351666666667;-39.901972222222;1994;9;0.0;0.0;0.0;0.0;0.0;0.0;0.0;0.0;0.0;0.0;0.0;0.0;0.0;0.0;0.0;0.0;0.0;0.0;0.0;0.0;0.0;0.0;0.0;0.0;0.0;0.0;0.0;0.0;0.0;0.0;0.0;888.0
Saboeiro;SABOEIRO;-6.5351666666667;-39.901972222222;1994;10;0.0;0.0;0.0;0.0;0.0;0.0;0.0;0.0;0.0;0.0;0.0;0.0;0.0;0.0;0.0;0.0;0.0;0.0;0.0;0.0;0.0;0.0;0.0;0.0;0.0;0.0;0.0;0.0;0.0;0.0;0.0;0.0
Saboeiro;SABOEIRO;-6.5351666666667;-39.901972222222;1994;11;0.0;0.0;0.0;0.0;0.0;0.0;0.0;0.0;0.0;0.0;0.0;0.0;0.0;0.0;0.0;0.0;0.0;0.0;0.0;0.0;0.0;0.0;0.0;0.0;0.0;0.0;0.0;0.0;0.0;0.0;0.0;888.0
Saboeiro;SABOEIRO;-6.5351666666667;-39.901972222222;1994;12;82.5;0.0;0.0;0.0;0.0;0.0;0.0;0.0;0.0;0.0;0.0;0.0;0.0;0.0;0.0;0.0;0.0;0.0;0.0;0.0;0.0;0.0;0.0;0.0;0.0;0.0;45.0;0.0;31.0;6.5;0.0;0.0
Saboeiro;SABOEIRO;-6.5351666666667;-39.901972222222;1995;1;1.2;0.0;0.0;0.0;0.0;0.0;0.0;0.0;0.0;0.0;0.0;0.0;0.0;0.0;0.0;0.0;0.0;0.0;0.0;0.0;0.0;0.0;0.0;0.0;0.0;1.2;0.0;0.0;0.0;0.0;0.0;0.0
Saboeiro;SABOEIRO;-6.5351666666667;-39.901972222222;1995;2;163.0;0.0;0.0;17.5;0.0;16.0;19.0;0.0;0.0;0.0;9.0;0.0;5.0;0.0;11.0;0.0;0.0;32.5;0.0;21.2;0.0;0.0;13.8;0.0;0.0;18.0;0.0;0.0;0.0;888.0;888.0;888.0
Saboeiro;SABOEIRO;-6.5351666666667;-39.901972222222;1995;3;163.4;38.0;5.2;0.0;0.0;0.0;0.0;0.0;0.0;7.8;0.0;0.0;0.0;0.0;0.0;11.2;49.2;0.0;0.0;0.0;16.0;0.0;36.0;0.0;0.0;0.0;0.0;0.0;0.0;0.0;0.0;0.0
Saboeiro;SABOEIRO;-6.5351666666667;-39.901972222222;1995;4;140.8;0.0;2.5;0.0;0.0;0.0;43.8;0.0;0.0;0.0;19.0;0.0;37.0;0.0;11.0;10.0;17.5;0.0;0.0;0.0;0.0;0.0;0.0;0.0;0.0;0.0;0.0;0.0;0.0;0.0;0.0;888.0
Saboeiro;SABOEIRO;-6.5351666666667;-39.901972222222;1995;5;109.7;5.5;0.0;23.0;0.0;0.0;0.0;0.0;0.0;0.0;0.0;15.4;0.0;0.0;0.0;6.8;0.0;0.0;0.0;0.0;0.0;0.0;0.0;0.0;0.0;0.0;35.0;0.0;24.0;0.0;0.0;0.0
Saboeiro;SABOEIRO;-6.5351666666667;-39.901972222222;1995;6;5.0;0.0;0.0;0.0;0.0;0.0;0.0;0.0;5.0;0.0;0.0;0.0;0.0;0.0;0.0;0.0;0.0;0.0;0.0;0.0;0.0;0.0;0.0;0.0;0.0;0.0;0.0;0.0;0.0;0.0;0.0;888.0
Saboeiro;SABOEIRO;-6.5351666666667;-39.901972222222;1995;7;3.5;0.0;0.0;0.0;0.0;0.0;0.0;0.0;0.0;0.0;0.0;0.0;0.0;0.0;0.0;0.0;0.0;0.0;0.0;0.0;0.0;0.0;0.0;0.0;3.5;0.0;0.0;0.0;0.0;0.0;0.0;0.0
Saboeiro;SABOEIRO;-6.5351666666667;-39.901972222222;1995;8;0.0;0.0;0.0;0.0;0.0;0.0;0.0;0.0;0.0;0.0;0.0;0.0;0.0;0.0;0.0;0.0;0.0;0.0;0.0;0.0;0.0;0.0;0.0;0.0;0.0;0.0;0.0;0.0;0.0;0.0;0.0;0.0
Saboeiro;SABOEIRO;-6.5351666666667;-39.901972222222;1995;9;0.0;0.0;0.0;0.0;0.0;0.0;0.0;0.0;0.0;0.0;0.0;0.0;0.0;0.0;0.0;0.0;0.0;0.0;0.0;0.0;0.0;0.0;0.0;0.0;0.0;0.0;0.0;0.0;0.0;0.0;0.0;888.0
Saboeiro;SABOEIRO;-6.5351666666667;-39.901972222222;1995;10;9.0;0.0;0.0;0.0;0.0;0.0;0.0;0.0;0.0;0.0;0.0;0.0;0.0;0.0;0.0;0.0;0.0;0.0;0.0;0.0;0.0;0.0;0.0;0.0;0.0;0.0;0.0;0.0;0.0;0.0;0.0;9.0
Saboeiro;SABOEIRO;-6.5351666666667;-39.901972222222;1995;11;52.0;4.0;0.0;0.0;0.0;0.0;0.0;6.0;0.0;0.0;0.0;0.0;0.0;0.0;0.0;0.0;0.0;0.0;0.0;0.0;0.0;0.0;0.0;0.0;6.0;0.0;36.0;0.0;0.0;0.0;0.0;888.0
Saboeiro;SABOEIRO;-6.5351666666667;-39.901972222222;1995;12;0.0;0.0;0.0;0.0;0.0;0.0;0.0;0.0;0.0;0.0;0.0;0.0;0.0;0.0;0.0;0.0;0.0;0.0;0.0;0.0;0.0;0.0;0.0;0.0;0.0;0.0;0.0;0.0;0.0;0.0;0.0;0.0
Saboeiro;SABOEIRO;-6.5351666666667;-39.901972222222;1996;1;142.5;0.0;0.0;0.0;0.0;0.0;19.0;13.0;24.0;0.0;0.0;0.0;0.0;0.0;16.0;0.0;0.0;7.0;0.0;0.0;17.5;0.0;13.0;0.0;0.0;0.0;0.0;0.0;0.0;0.0;0.0;33.0
Saboeiro;SABOEIRO;-6.5351666666667;-39.901972222222;1996;2;178.0;3.0;0.0;0.0;0.0;29.0;0.0;12.0;0.0;0.0;0.0;0.0;0.0;5.0;0.0;4.0;5.5;0.0;0.0;12.0;17.5;0.0;0.0;21.0;0.0;0.0;36.0;15.0;6.0;12.0;888.0;888.0
Saboeiro;SABOEIRO;-6.5351666666667;-39.901972222222;1996;3;109.4;0.0;0.0;16.0;0.0;5.0;13.0;3.0;0.0;0.0;0.0;0.0;0.0;0.0;0.0;9.5;0.0;2.8;0.0;4.6;0.0;0.0;0.0;0.0;0.0;0.0;0.0;18.0;4.0;30.0;0.0;3.5
Saboeiro;SABOEIRO;-6.5351666666667;-39.901972222222;1996;4;169.8;6.0;0.0;0.0;0.0;0.0;0.0;26.0;0.0;9.0;0.0;0.0;0.0;0.0;0.0;30.5;23.3;0.0;0.0;0.0;0.0;0.0;0.0;0.0;0.0;0.0;17.0;0.0;40.0;0.0;18.0;888.0
Saboeiro;SABOEIRO;-6.5351666666667;-39.901972222222;1996;5;85.0;0.0;0.0;9.0;0.0;0.0;39.5;0.0;0.0;0.0;0.0;0.0;0.0;0.0;0.0;0.0;0.0;0.0;0.0;0.0;0.0;0.0;0.0;0.0;0.0;0.0;28.5;0.0;0.0;0.0;0.0;8.0
Saboeiro;SABOEIRO;-6.5351666666667;-39.901972222222;1996;6;8.8;0.0;0.0;8.8;0.0;0.0;0.0;0.0;0.0;0.0;0.0;0.0;0.0;0.0;0.0;0.0;0.0;0.0;0.0;0.0;0.0;0.0;0.0;0.0;0.0;0.0;0.0;0.0;0.0;0.0;0.0;888.0
Saboeiro;SABOEIRO;-6.5351666666667;-39.901972222222;1996;7;0.0;0.0;0.0;0.0;0.0;0.0;0.0;0.0;0.0;0.0;0.0;0.0;0.0;0.0;0.0;0.0;0.0;0.0;0.0;0.0;0.0;0.0;0.0;0.0;0.0;0.0;0.0;0.0;0.0;0.0;0.0;0.0
Saboeiro;SABOEIRO;-6.5351666666667;-39.901972222222;1996;8;1.0;0.0;0.0;0.0;1.0;0.0;0.0;0.0;0.0;0.0;0.0;0.0;0.0;0.0;0.0;0.0;0.0;0.0;0.0;0.0;0.0;0.0;0.0;0.0;0.0;0.0;0.0;0.0;0.0;0.0;0.0;0.0
Saboeiro;SABOEIRO;-6.5351666666667;-39.901972222222;1996;9;0.0;0.0;0.0;0.0;0.0;0.0;0.0;0.0;0.0;0.0;0.0;0.0;0.0;0.0;0.0;0.0;0.0;0.0;0.0;0.0;0.0;0.0;0.0;0.0;0.0;0.0;0.0;0.0;0.0;0.0;0.0;888.0
Saboeiro;SABOEIRO;-6.5351666666667;-39.901972222222;1996;10;29.0;0.0;0.0;0.0;0.0;0.0;0.0;0.0;0.0;0.0;0.0;0.0;0.0;0.0;0.0;0.0;0.0;6.0;0.0;17.0;0.0;6.0;0.0;0.0;0.0;0.0;0.0;0.0;0.0;0.0;0.0;0.0
Saboeiro;SABOEIRO;-6.5351666666667;-39.901972222222;1996;11;10.0;0.0;0.0;0.0;0.0;0.0;0.0;0.0;0.0;0.0;0.0;0.0;0.0;0.0;0.0;0.0;0.0;0.0;5.0;0.0;5.0;0.0;0.0;0.0;0.0;0.0;0.0;0.0;0.0;0.0;0.0;888.0
Saboeiro;SABOEIRO;-6.5351666666667;-39.901972222222;1996;12;14.5;6.0;0.0;0.0;0.0;0.0;0.0;0.0;0.0;0.0;0.0;0.0;0.0;0.0;0.0;0.0;0.0;0.0;0.0;0.0;0.0;0.0;0.0;0.0;0.0;0.0;0.0;0.0;0.0;8.5;0.0;0.0
Saboeiro;SABOEIRO;-6.5351666666667;-39.901972222222;1997;1;110.9;0.0;0.0;0.0;0.0;0.0;0.0;15.0;7.0;0.0;2.8;0.0;0.0;0.0;0.0;6.5;0.0;0.0;0.0;0.0;0.0;0.0;15.8;0.0;23.0;1.6;31.4;0.0;7.8;0.0;0.0;0.0
Saboeiro;SABOEIRO;-6.5351666666667;-39.901972222222;1997;2;137.8;0.0;0.0;9.4;0.0;1.4;1.2;0.0;25.0;31.0;5.0;8.0;18.0;33.0;0.0;4.8;0.0;0.0;0.0;0.0;0.0;0.0;0.0;1.0;0.0;0.0;0.0;0.0;0.0;888.0;888.0;888.0
Saboeiro;SABOEIRO;-6.5351666666667;-39.901972222222;1997;3;161.4;0.0;0.0;0.0;1.6;0.0;0.0;6.0;0.0;0.0;7.4;11.6;0.6;5.0;0.0;0.0;0.0;0.0;0.0;0.0;1.2;16.0;8.0;0.0;5.8;46.4;1.0;23.6;27.2;0.0;0.0;0.0
Saboeiro;SABOEIRO;-6.5351666666667;-39.901972222222;1997;4;140.4;0.0;51.0;2.6;0.0;0.0;0.0;0.0;1.0;0.0;0.0;0.0;0.0;1.0;0.0;6.0;28.0;0.0;0.0;0.0;8.0;0.0;0.0;3.0;15.8;0.0;20.8;0.0;0.8;0.0;2.4;888.0
Saboeiro;SABOEIRO;-6.5351666666667;-39.901972222222;1997;5;56.6;0.0;0.0;3.0;6.0;0.0;0.0;0.0;0.0;0.0;0.0;0.0;0.0;0.0;0.0;0.0;0.0;0.0;0.0;0.0;11.8;0.0;0.0;0.0;35.8;0.0;0.0;0.0;0.0;0.0;0.0;0.0
Saboeiro;SABOEIRO;-6.5351666666667;-39.901972222222;1997;6;0.0;0.0;0.0;0.0;0.0;0.0;0.0;0.0;0.0;0.0;0.0;0.0;0.0;0.0;0.0;0.0;0.0;0.0;0.0;0.0;0.0;0.0;0.0;0.0;0.0;0.0;0.0;0.0;0.0;0.0;0.0;888.0
Saboeiro;SABOEIRO;-6.5351666666667;-39.901972222222;1997;7;0.0;0.0;0.0;0.0;0.0;0.0;0.0;0.0;0.0;0.0;0.0;0.0;0.0;0.0;0.0;0.0;0.0;0.0;0.0;0.0;0.0;0.0;0.0;0.0;0.0;0.0;0.0;0.0;0.0;0.0;0.0;0.0
Saboeiro;SABOEIRO;-6.5351666666667;-39.901972222222;1997;8;0.0;0.0;0.0;0.0;0.0;0.0;0.0;0.0;0.0;0.0;0.0;0.0;0.0;0.0;0.0;0.0;0.0;0.0;0.0;0.0;0.0;0.0;0.0;0.0;0.0;0.0;0.0;0.0;0.0;0.0;0.0;0.0
Saboeiro;SABOEIRO;-6.5351666666667;-39.901972222222;1997;9;0.0;0.0;0.0;0.0;0.0;0.0;0.0;0.0;0.0;0.0;0.0;0.0;0.0;0.0;0.0;0.0;0.0;0.0;0.0;0.0;0.0;0.0;0.0;0.0;0.0;0.0;0.0;0.0;0.0;0.0;0.0;888.0
Saboeiro;SABOEIRO;-6.5351666666667;-39.901972222222;1997;10;0.0;0.0;0.0;0.0;0.0;0.0;0.0;0.0;0.0;0.0;0.0;0.0;0.0;0.0;0.0;0.0;0.0;0.0;0.0;0.0;0.0;0.0;0.0;0.0;0.0;0.0;0.0;0.0;0.0;0.0;0.0;0.0
Saboeiro;SABOEIRO;-6.5351666666667;-39.901972222222;1997;11;2.2;0.0;0.0;0.0;0.0;0.0;0.0;0.0;0.0;0.0;0.0;0.0;0.0;0.0;0.0;0.0;0.0;0.0;2.2;0.0;0.0;0.0;0.0;0.0;0.0;0.0;0.0;0.0;0.0;0.0;0.0;888.0
Saboeiro;SABOEIRO;-6.5351666666667;-39.901972222222;1997;12;48.4;0.0;0.0;0.0;0.0;0.0;0.0;0.0;0.0;0.0;0.0;0.0;0.0;0.0;3.4;0.0;0.0;0.0;0.0;0.0;0.0;0.0;45.0;0.0;0.0;0.0;0.0;0.0;0.0;0.0;0.0;0.0
Saboeiro;SABOEIRO;-6.5351666666667;-39.901972222222;1998;1;115.6;0.0;0.0;0.0;25.0;0.0;0.0;0.0;0.0;0.0;0.0;0.0;0.0;0.0;0.0;0.0;0.0;0.0;0.0;0.0;9.2;19.2;0.0;0.0;0.0;0.0;0.0;18.0;18.0;0.0;0.0;26.2
Saboeiro;SABOEIRO;-6.5351666666667;-39.901972222222;1998;2;21.8;0.0;0.0;0.0;0.0;0.0;0.0;0.0;0.0;0.0;0.0;0.0;0.0;6.2;0.0;0.0;0.0;0.0;0.0;0.0;0.0;0.0;0.0;0.0;0.0;5.6;0.0;10.0;0.0;888.0;888.0;888.0
Saboeiro;SABOEIRO;-6.5351666666667;-39.901972222222;1998;3;178.8;0.0;0.0;0.0;0.0;0.0;0.0;0.0;0.0;0.0;44.2;13.4;0.0;0.0;0.0;0.0;0.0;8.0;0.0;0.0;1.4;66.0;0.0;35.5;4.1;0.0;0.0;0.0;5.0;1.2;0.0;0.0
Saboeiro;SABOEIRO;-6.5351666666667;-39.901972222222;1998;4;48.4;0.0;0.0;0.0;1.4;0.0;0.0;0.0;0.0;19.4;0.0;0.0;0.0;0.0;13.6;14.0;0.0;0.0;0.0;0.0;0.0;0.0;0.0;0.0;0.0;0.0;0.0;0.0;0.0;0.0;0.0;888.0
Saboeiro;SABOEIRO;-6.5351666666667;-39.901972222222;1998;5;0.0;0.0;0.0;0.0;0.0;0.0;0.0;0.0;0.0;0.0;0.0;0.0;0.0;0.0;0.0;0.0;0.0;0.0;0.0;0.0;0.0;0.0;0.0;0.0;0.0;0.0;0.0;0.0;0.0;0.0;0.0;0.0
Saboeiro;SABOEIRO;-6.5351666666667;-39.901972222222;1998;6;0.0;0.0;0.0;0.0;0.0;0.0;0.0;0.0;0.0;0.0;0.0;0.0;0.0;0.0;0.0;0.0;0.0;0.0;0.0;0.0;0.0;0.0;0.0;0.0;0.0;0.0;0.0;0.0;0.0;0.0;0.0;888.0
Saboeiro;SABOEIRO;-6.5351666666667;-39.901972222222;1998;7;0.0;0.0;0.0;0.0;0.0;0.0;0.0;0.0;0.0;0.0;0.0;0.0;0.0;0.0;0.0;0.0;0.0;0.0;0.0;0.0;0.0;0.0;0.0;0.0;0.0;0.0;0.0;0.0;0.0;0.0;0.0;0.0
Saboeiro;SABOEIRO;-6.5351666666667;-39.901972222222;1998;8;0.0;0.0;0.0;0.0;0.0;0.0;0.0;0.0;0.0;0.0;0.0;0.0;0.0;0.0;0.0;0.0;0.0;0.0;0.0;0.0;0.0;0.0;0.0;0.0;0.0;0.0;0.0;0.0;0.0;0.0;0.0;0.0
Saboeiro;SABOEIRO;-6.5351666666667;-39.901972222222;1998;9;0.0;0.0;0.0;0.0;0.0;0.0;0.0;0.0;0.0;0.0;0.0;0.0;0.0;0.0;0.0;0.0;0.0;0.0;0.0;0.0;0.0;0.0;0.0;0.0;0.0;0.0;0.0;0.0;0.0;0.0;0.0;888.0
Saboeiro;SABOEIRO;-6.5351666666667;-39.901972222222;1998;10;0.0;0.0;0.0;0.0;0.0;0.0;0.0;0.0;0.0;0.0;0.0;0.0;0.0;0.0;0.0;0.0;0.0;0.0;0.0;0.0;0.0;0.0;0.0;0.0;0.0;0.0;0.0;0.0;0.0;0.0;0.0;0.0
Saboeiro;SABOEIRO;-6.5351666666667;-39.901972222222;1998;11;0.0;0.0;0.0;0.0;0.0;0.0;0.0;0.0;0.0;0.0;0.0;0.0;0.0;0.0;0.0;0.0;0.0;0.0;0.0;0.0;0.0;0.0;0.0;0.0;0.0;0.0;0.0;0.0;0.0;0.0;0.0;888.0
Saboeiro;SABOEIRO;-6.5351666666667;-39.901972222222;1998;12;71.6;0.0;0.0;0.0;0.0;0.0;0.0;0.0;0.0;0.0;0.0;0.0;0.0;0.0;0.0;0.0;0.0;0.0;0.0;0.0;0.0;0.0;0.0;0.0;0.0;0.0;15.2;0.0;0.0;0.0;56.4;0.0
Saboeiro;SABOEIRO;-6.5351666666667;-39.901972222222;1999;1;46.6;0.0;0.0;0.0;0.0;0.0;0.0;0.0;0.0;2.4;2.2;0.0;0.0;0.0;3.4;0.0;0.0;0.0;0.0;12.2;0.0;0.0;2.2;0.0;0.0;0.0;0.0;0.0;0.0;0.0;24.2;0.0
Saboeiro;SABOEIRO;-6.5351666666667;-39.901972222222;1999;2;33.6;0.0;0.0;0.0;0.0;0.0;0.0;7.4;0.0;0.0;0.0;0.0;0.0;0.0;0.0;0.0;0.0;7.0;6.0;0.0;0.0;0.0;0.0;0.0;0.0;0.0;11.8;0.0;1.4;888.0;888.0;888.0
Saboeiro;SABOEIRO;-6.5351666666667;-39.901972222222;1999;3;140.2;0.0;0.0;0.0;25.6;22.6;0.0;0.0;0.0;31.4;0.0;0.0;0.0;13.0;0.0;11.0;0.0;0.0;0.0;0.0;25.6;0.0;0.0;0.0;0.0;0.0;0.0;4.4;0.0;6.6;0.0;0.0
Saboeiro;SABOEIRO;-6.5351666666667;-39.901972222222;1999;4;78.4;0.0;0.0;0.0;0.0;0.0;0.0;0.0;0.0;0.0;0.0;0.0;0.0;35.6;0.0;0.0;0.0;0.0;0.0;0.0;0.0;0.0;0.0;11.8;18.0;0.0;0.0;0.0;0.0;0.0;13.0;888.0
Saboeiro;SABOEIRO;-6.5351666666667;-39.901972222222;1999;5;97.6;0.0;0.0;0.0;0.0;0.0;20.0;4.0;3.0;0.0;0.0;0.0;0.0;0.0;0.0;50.0;0.0;0.0;0.0;0.0;0.0;0.0;0.0;17.6;3.0;0.0;0.0;0.0;0.0;0.0;0.0;0.0
Saboeiro;SABOEIRO;-6.5351666666667;-39.901972222222;1999;6;0.0;0.0;0.0;0.0;0.0;0.0;0.0;0.0;0.0;0.0;0.0;0.0;0.0;0.0;0.0;0.0;0.0;0.0;0.0;0.0;0.0;0.0;0.0;0.0;0.0;0.0;0.0;0.0;0.0;0.0;0.0;888.0
Saboeiro;SABOEIRO;-6.5351666666667;-39.901972222222;1999;7;0.0;0.0;0.0;0.0;0.0;0.0;0.0;0.0;0.0;0.0;0.0;0.0;0.0;0.0;0.0;0.0;0.0;0.0;0.0;0.0;0.0;0.0;0.0;0.0;0.0;0.0;0.0;0.0;0.0;0.0;0.0;0.0
Saboeiro;SABOEIRO;-6.5351666666667;-39.901972222222;1999;8;0.0;0.0;0.0;0.0;0.0;0.0;0.0;0.0;0.0;0.0;0.0;0.0;0.0;0.0;0.0;0.0;0.0;0.0;0.0;0.0;0.0;0.0;0.0;0.0;0.0;0.0;0.0;0.0;0.0;0.0;0.0;0.0
Saboeiro;SABOEIRO;-6.5351666666667;-39.901972222222;1999;9;0.0;0.0;0.0;0.0;0.0;0.0;0.0;0.0;0.0;0.0;0.0;0.0;0.0;0.0;0.0;0.0;0.0;0.0;0.0;0.0;0.0;0.0;0.0;0.0;0.0;0.0;0.0;0.0;0.0;0.0;0.0;888.0
Saboeiro;SABOEIRO;-6.5351666666667;-39.901972222222;1999;10;0.0;0.0;0.0;0.0;0.0;0.0;0.0;0.0;0.0;0.0;0.0;0.0;0.0;0.0;0.0;0.0;0.0;0.0;0.0;0.0;0.0;0.0;0.0;0.0;0.0;0.0;0.0;0.0;0.0;0.0;0.0;0.0
Saboeiro;SABOEIRO;-6.5351666666667;-39.901972222222;1999;11;13.0;0.0;0.0;0.0;0.0;0.0;0.0;0.0;0.0;0.0;0.0;0.0;0.0;0.0;0.0;0.0;0.0;0.0;0.0;0.0;0.0;0.0;0.0;0.0;0.0;0.0;0.0;0.0;0.0;13.0;0.0;888.0
Saboeiro;SABOEIRO;-6.5351666666667;-39.901972222222;1999;12;86.2;0.0;0.0;0.0;0.0;0.0;0.0;0.0;0.0;0.0;0.0;0.0;9.4;0.0;0.0;0.0;0.0;0.0;0.0;0.0;0.0;0.0;0.0;28.0;0.0;0.0;0.0;0.0;7.4;27.0;14.4;0.0
Saboeiro;SABOEIRO;-6.5351666666667;-39.901972222222;2000;1;129.6;0.0;0.0;0.0;0.0;0.0;4.6;0.0;13.0;0.0;0.0;37.2;0.0;0.0;0.0;62.0;0.0;0.0;0.0;0.0;0.0;0.0;0.0;0.0;0.0;12.8;0.0;0.0;0.0;0.0;0.0;0.0
Saboeiro;SABOEIRO;-6.5351666666667;-39.901972222222;2000;2;150.0;0.0;0.0;0.0;0.0;0.0;0.0;0.0;12.4;2.6;0.0;0.0;0.0;0.0;21.6;2.6;0.0;25.0;1.4;15.0;8.0;0.0;0.0;20.0;28.0;0.0;0.0;0.0;5.8;7.6;888.0;888.0
Saboeiro;SABOEIRO;-6.5351666666667;-39.901972222222;2000;3;116.0;0.0;0.0;15.0;0.0;0.0;0.0;0.0;0.0;2.4;0.0;0.0;0.0;0.0;61.4;0.0;0.0;0.0;0.0;0.0;0.0;3.2;9.4;0.0;0.0;0.0;0.0;8.6;0.0;0.0;0.0;16.0
Saboeiro;SABOEIRO;-6.5351666666667;-39.901972222222;2000;4;136.6;1.6;9.0;0.0;0.0;8.2;0.0;0.0;0.0;0.0;28.0;0.0;0.0;25.4;20.0;0.0;0.0;14.0;0.0;0.0;17.4;0.0;0.0;0.0;0.0;0.0;0.0;13.0;0.0;0.0;0.0;888.0
Saboeiro;SABOEIRO;-6.5351666666667;-39.901972222222;2000;5;28.0;0.0;0.0;0.0;0.0;0.0;0.0;0.0;0.0;0.0;13.4;0.0;0.0;0.0;0.0;0.0;0.0;0.0;8.6;0.0;0.0;0.0;0.0;0.0;0.0;0.0;0.0;0.0;0.0;0.0;6.0;0.0
Saboeiro;SABOEIRO;-6.5351666666667;-39.901972222222;2000;6;0.0;0.0;0.0;0.0;0.0;0.0;0.0;0.0;0.0;0.0;0.0;0.0;0.0;0.0;0.0;0.0;0.0;0.0;0.0;0.0;0.0;0.0;0.0;0.0;0.0;0.0;0.0;0.0;0.0;0.0;0.0;888.0
Saboeiro;SABOEIRO;-6.5351666666667;-39.901972222222;2000;7;0.0;0.0;0.0;0.0;0.0;0.0;0.0;0.0;0.0;0.0;0.0;0.0;0.0;0.0;0.0;0.0;0.0;0.0;0.0;0.0;0.0;0.0;0.0;0.0;0.0;0.0;0.0;0.0;0.0;0.0;0.0;0.0
Saboeiro;SABOEIRO;-6.5351666666667;-39.901972222222;2000;8;0.0;0.0;0.0;0.0;0.0;0.0;0.0;0.0;0.0;0.0;0.0;0.0;0.0;0.0;0.0;0.0;0.0;0.0;0.0;0.0;0.0;0.0;0.0;0.0;0.0;0.0;0.0;0.0;0.0;0.0;0.0;0.0
Saboeiro;SABOEIRO;-6.5351666666667;-39.901972222222;2000;9;53.3;0.0;0.0;0.0;0.0;0.0;0.0;0.0;0.0;0.0;0.0;53.0;0.3;0.0;0.0;0.0;0.0;0.0;0.0;0.0;0.0;0.0;0.0;0.0;0.0;0.0;0.0;0.0;0.0;0.0;0.0;888.0
Saboeiro;SABOEIRO;-6.5351666666667;-39.901972222222;2000;10;0.0;0.0;0.0;0.0;0.0;0.0;0.0;0.0;0.0;0.0;0.0;0.0;0.0;0.0;0.0;0.0;0.0;0.0;0.0;0.0;0.0;0.0;0.0;0.0;0.0;0.0;0.0;0.0;0.0;0.0;0.0;0.0
Saboeiro;SABOEIRO;-6.5351666666667;-39.901972222222;2000;11;18.4;0.0;0.0;0.0;0.0;0.0;0.0;0.0;0.0;18.4;0.0;0.0;0.0;0.0;0.0;0.0;0.0;0.0;0.0;0.0;0.0;0.0;0.0;0.0;0.0;0.0;0.0;0.0;0.0;0.0;0.0;888.0
Saboeiro;SABOEIRO;-6.5351666666667;-39.901972222222;2000;12;90.8;0.0;0.0;0.0;0.0;0.0;0.0;0.0;0.0;0.0;0.0;0.0;0.0;0.0;38.6;24.2;21.0;7.0;0.0;0.0;0.0;0.0;0.0;0.0;0.0;0.0;0.0;0.0;0.0;0.0;0.0;0.0
Saboeiro;SABOEIRO;-6.5351666666667;-39.901972222222;2001;1;47.8;0.0;0.0;0.0;0.0;0.0;0.0;0.0;25.0;14.0;0.0;0.0;0.0;8.8;0.0;0.0;0.0;0.0;0.0;0.0;0.0;0.0;0.0;0.0;0.0;0.0;0.0;0.0;0.0;0.0;0.0;0.0
Saboeiro;SABOEIRO;-6.5351666666667;-39.901972222222;2001;2;77.0;0.0;0.0;0.0;0.0;0.0;0.0;0.0;43.0;26.0;0.0;0.0;0.0;0.0;8.0;0.0;0.0;0.0;0.0;0.0;0.0;0.0;0.0;0.0;0.0;0.0;0.0;0.0;0.0;888.0;888.0;888.0
Saboeiro;SABOEIRO;-6.5351666666667;-39.901972222222;2001;3;110.6;17.4;0.0;0.0;0.0;0.0;0.0;0.0;0.0;0.0;0.0;49.4;19.0;3.8;0.0;11.4;2.6;0.0;0.0;0.0;0.0;0.0;0.0;0.0;0.0;0.0;0.0;0.0;0.0;7.0;0.0;0.0
Saboeiro;SABOEIRO;-6.5351666666667;-39.901972222222;2001;4;60.6;0.0;0.0;14.0;0.0;0.0;0.0;0.0;0.0;0.0;0.0;33.0;0.0;0.0;0.0;0.0;0.0;0.0;0.0;11.0;0.0;0.0;0.0;0.0;0.0;0.0;0.0;0.0;2.6;0.0;0.0;888.0
Saboeiro;SABOEIRO;-6.5351666666667;-39.901972222222;2001;5;18.2;5.0;0.0;0.0;0.0;0.0;0.0;0.0;0.0;0.0;0.0;0.0;0.0;0.0;0.0;0.0;0.0;0.0;0.0;0.0;0.0;0.0;0.0;0.0;0.0;0.0;0.0;0.0;0.0;0.0;0.0;13.2
Saboeiro;SABOEIRO;-6.5351666666667;-39.901972222222;2001;6;37.8;17.2;0.0;0.0;0.0;0.0;0.0;0.0;0.0;0.0;0.0;0.0;0.0;0.0;0.0;0.0;0.0;0.0;0.0;0.0;0.0;0.0;0.0;0.0;0.0;0.0;0.0;0.0;20.6;0.0;0.0;888.0
Saboeiro;SABOEIRO;-6.5351666666667;-39.901972222222;2001;7;0.0;0.0;0.0;0.0;0.0;0.0;0.0;0.0;0.0;0.0;0.0;0.0;0.0;0.0;0.0;0.0;0.0;0.0;0.0;0.0;0.0;0.0;0.0;0.0;0.0;0.0;0.0;0.0;0.0;0.0;0.0;0.0
Saboeiro;SABOEIRO;-6.5351666666667;-39.901972222222;2001;8;0.0;0.0;0.0;0.0;0.0;0.0;0.0;0.0;0.0;0.0;0.0;0.0;0.0;0.0;0.0;0.0;0.0;0.0;0.0;0.0;0.0;0.0;0.0;0.0;0.0;0.0;0.0;0.0;0.0;0.0;0.0;0.0
Saboeiro;SABOEIRO;-6.5351666666667;-39.901972222222;2001;9;0.0;0.0;0.0;0.0;0.0;0.0;0.0;0.0;0.0;0.0;0.0;0.0;0.0;0.0;0.0;0.0;0.0;0.0;0.0;0.0;0.0;0.0;0.0;0.0;0.0;0.0;0.0;0.0;0.0;0.0;0.0;888.0
Saboeiro;SABOEIRO;-6.5351666666667;-39.901972222222;2001;10;0.0;0.0;0.0;0.0;0.0;0.0;0.0;0.0;0.0;0.0;0.0;0.0;0.0;0.0;0.0;0.0;0.0;0.0;0.0;0.0;0.0;0.0;0.0;0.0;0.0;0.0;0.0;0.0;0.0;0.0;0.0;0.0
Saboeiro;SABOEIRO;-6.5351666666667;-39.901972222222;2001;11;0.0;0.0;0.0;0.0;0.0;0.0;0.0;0.0;0.0;0.0;0.0;0.0;0.0;0.0;0.0;0.0;0.0;0.0;0.0;0.0;0.0;0.0;0.0;0.0;0.0;0.0;0.0;0.0;0.0;0.0;0.0;888.0
Saboeiro;SABOEIRO;-6.5351666666667;-39.901972222222;2001;12;58.6;0.0;0.0;0.0;9.8;0.0;0.0;0.0;0.0;0.0;0.0;13.4;0.0;6.4;0.0;0.0;0.0;0.0;0.0;0.0;0.0;0.0;21.4;0.0;0.0;0.0;0.0;0.0;0.0;0.0;7.6;0.0
Saboeiro;SABOEIRO;-6.5351666666667;-39.901972222222;2002;1;136.5;0.0;0.0;0.0;0.0;0.0;0.0;0.0;5.1;47.0;0.0;10.6;7.0;0.0;0.0;0.0;14.0;12.4;6.4;9.0;25.0;0.0;0.0;0.0;0.0;0.0;0.0;0.0;0.0;0.0;0.0;0.0
Saboeiro;SABOEIRO;-6.5351666666667;-39.901972222222;2002;2;0.0;0.0;0.0;0.0;0.0;0.0;0.0;0.0;0.0;0.0;0.0;0.0;0.0;0.0;0.0;0.0;0.0;0.0;0.0;0.0;0.0;0.0;0.0;0.0;0.0;0.0;0.0;0.0;0.0;888.0;888.0;888.0
Saboeiro;SABOEIRO;-6.5351666666667;-39.901972222222;2002;3;227.2;0.0;0.0;0.0;12.0;0.0;42.4;0.0;0.0;3.4;5.4;0.0;4.4;0.0;0.0;0.0;0.0;0.0;36.2;7.0;0.0;0.0;0.0;0.0;6.2;0.0;49.8;4.4;0.0;0.0;0.0;56.0
Saboeiro;SABOEIRO;-6.5351666666667;-39.901972222222;2002;4;30.6;0.0;0.0;0.0;4.6;0.0;12.2;0.0;0.0;0.0;0.0;0.0;10.0;0.0;0.0;0.0;0.0;0.0;0.0;0.0;0.0;0.0;3.8;0.0;0.0;0.0;0.0;0.0;0.0;0.0;0.0;888.0
Saboeiro;SABOEIRO;-6.5351666666667;-39.901972222222;2002;5;33.8;0.0;7.4;0.0;0.0;0.0;0.0;0.0;0.0;0.0;0.0;12.8;0.0;0.0;0.0;0.0;0.0;0.0;0.0;0.0;0.0;0.0;0.0;0.0;0.0;13.6;0.0;0.0;0.0;0.0;0.0;0.0
Saboeiro;SABOEIRO;-6.5351666666667;-39.901972222222;2002;6;25.4;25.4;0.0;0.0;0.0;0.0;0.0;0.0;0.0;0.0;0.0;0.0;0.0;0.0;0.0;0.0;0.0;0.0;0.0;0.0;0.0;0.0;0.0;0.0;0.0;0.0;0.0;0.0;0.0;0.0;0.0;888.0
Saboeiro;SABOEIRO;-6.5351666666667;-39.901972222222;2002;7;0.0;0.0;0.0;0.0;0.0;0.0;0.0;0.0;0.0;0.0;0.0;0.0;0.0;0.0;0.0;0.0;0.0;0.0;0.0;0.0;0.0;0.0;0.0;0.0;0.0;0.0;0.0;0.0;0.0;0.0;0.0;0.0
Saboeiro;SABOEIRO;-6.5351666666667;-39.901972222222;2002;8;0.0;0.0;0.0;0.0;0.0;0.0;0.0;0.0;0.0;0.0;0.0;0.0;0.0;0.0;0.0;0.0;0.0;0.0;0.0;0.0;0.0;0.0;0.0;0.0;0.0;0.0;0.0;0.0;0.0;0.0;0.0;0.0
Saboeiro;SABOEIRO;-6.5351666666667;-39.901972222222;2002;9;0.0;0.0;0.0;0.0;0.0;0.0;0.0;0.0;0.0;0.0;0.0;0.0;0.0;0.0;0.0;0.0;0.0;0.0;0.0;0.0;0.0;0.0;0.0;0.0;0.0;0.0;0.0;0.0;0.0;0.0;0.0;888.0
Saboeiro;SABOEIRO;-6.5351666666667;-39.901972222222;2002;10;0.0;0.0;0.0;0.0;0.0;0.0;0.0;0.0;0.0;0.0;0.0;0.0;0.0;0.0;0.0;0.0;0.0;0.0;0.0;0.0;0.0;0.0;0.0;0.0;0.0;0.0;0.0;0.0;0.0;0.0;0.0;0.0
Saboeiro;SABOEIRO;-6.5351666666667;-39.901972222222;2002;11;0.0;0.0;0.0;0.0;0.0;0.0;0.0;0.0;0.0;0.0;0.0;0.0;0.0;0.0;0.0;0.0;0.0;0.0;0.0;0.0;0.0;0.0;0.0;0.0;0.0;0.0;0.0;0.0;0.0;0.0;0.0;888.0
Saboeiro;SABOEIRO;-6.5351666666667;-39.901972222222;2002;12;0.0;0.0;0.0;0.0;0.0;0.0;0.0;0.0;0.0;0.0;0.0;0.0;0.0;0.0;0.0;0.0;0.0;0.0;0.0;0.0;0.0;0.0;0.0;0.0;0.0;0.0;0.0;0.0;0.0;0.0;0.0;0.0
Saboeiro;SABOEIRO;-6.5351666666667;-39.901972222222;2003;1;102.1;0.0;0.0;0.0;0.0;0.0;0.0;0.0;0.0;0.0;0.0;0.0;0.0;0.0;0.0;0.0;0.0;0.0;28.0;30.0;0.0;0.0;0.0;0.0;0.0;2.0;0.0;0.0;0.0;32.1;0.0;10.0
Saboeiro;SABOEIRO;-6.5351666666667;-39.901972222222;2003;2;132.0;0.0;0.0;0.0;0.0;0.0;0.0;0.0;0.0;0.0;0.0;0.0;0.0;0.0;0.0;0.0;0.0;0.0;0.0;0.0;0.0;0.0;0.0;15.0;6.0;30.0;81.0;0.0;0.0;888.0;888.0;888.0
Saboeiro;SABOEIRO;-6.5351666666667;-39.901972222222;2003;3;231.3;0.0;0.0;0.0;0.0;0.0;0.0;0.0;0.0;0.0;0.0;0.0;0.0;0.0;0.0;0.0;0.0;90.0;0.0;0.0;104.0;0.0;0.0;23.0;0.0;0.0;0.0;0.0;0.0;14.3;0.0;0.0
Saboeiro;SABOEIRO;-6.5351666666667;-39.901972222222;2003;4;33.8;0.0;0.0;0.0;0.0;0.0;0.0;0.0;0.0;0.0;0.0;0.0;0.0;0.0;0.0;0.0;0.0;0.0;0.0;0.0;0.0;0.0;6.0;0.0;0.0;0.0;0.0;5.4;22.4;0.0;0.0;888.0
Saboeiro;SABOEIRO;-6.5351666666667;-39.901972222222;2003;5;18.4;0.0;0.0;0.0;0.0;0.0;0.0;0.0;0.0;0.0;0.0;0.0;0.0;0.0;0.0;0.0;0.0;0.0;0.0;0.0;0.0;0.0;6.0;0.0;0.0;0.0;0.0;0.0;0.0;0.0;12.4;0.0
Saboeiro;SABOEIRO;-6.5351666666667;-39.901972222222;2003;6;14.5;0.0;0.0;0.0;0.0;0.0;0.0;0.0;0.0;0.0;0.0;0.0;0.0;0.0;0.0;0.0;0.0;0.0;0.0;14.5;0.0;0.0;0.0;0.0;0.0;0.0;0.0;0.0;0.0;0.0;0.0;888.0
Saboeiro;SABOEIRO;-6.5351666666667;-39.901972222222;2003;7;0.0;0.0;0.0;0.0;0.0;0.0;0.0;0.0;0.0;0.0;0.0;0.0;0.0;0.0;0.0;0.0;0.0;0.0;0.0;0.0;0.0;0.0;0.0;0.0;0.0;0.0;0.0;0.0;0.0;0.0;0.0;0.0
Saboeiro;SABOEIRO;-6.5351666666667;-39.901972222222;2003;8;0.0;0.0;0.0;0.0;0.0;0.0;0.0;0.0;0.0;0.0;0.0;0.0;0.0;0.0;0.0;0.0;0.0;0.0;0.0;0.0;0.0;0.0;0.0;0.0;0.0;0.0;0.0;0.0;0.0;0.0;0.0;0.0
Saboeiro;SABOEIRO;-6.5351666666667;-39.901972222222;2003;9;0.0;0.0;0.0;0.0;0.0;0.0;0.0;0.0;0.0;0.0;0.0;0.0;0.0;0.0;0.0;0.0;0.0;0.0;0.0;0.0;0.0;0.0;0.0;0.0;0.0;0.0;0.0;0.0;0.0;0.0;0.0;888.0
Saboeiro;SABOEIRO;-6.5351666666667;-39.901972222222;2003;10;0.0;0.0;0.0;0.0;0.0;0.0;0.0;0.0;0.0;0.0;0.0;0.0;0.0;0.0;0.0;0.0;0.0;0.0;0.0;0.0;0.0;0.0;0.0;0.0;0.0;0.0;0.0;0.0;0.0;0.0;0.0;0.0
Saboeiro;SABOEIRO;-6.5351666666667;-39.901972222222;2003;11;0.0;0.0;0.0;0.0;0.0;0.0;0.0;0.0;0.0;0.0;0.0;0.0;0.0;0.0;0.0;0.0;0.0;0.0;0.0;0.0;0.0;0.0;0.0;0.0;0.0;0.0;0.0;0.0;0.0;0.0;0.0;888.0
Saboeiro;SABOEIRO;-6.5351666666667;-39.901972222222;2003;12;12.6;0.0;0.0;0.0;0.0;0.0;0.0;0.0;12.6;0.0;0.0;0.0;0.0;0.0;0.0;0.0;0.0;0.0;0.0;0.0;0.0;0.0;0.0;0.0;0.0;0.0;0.0;0.0;0.0;0.0;0.0;0.0
Saboeiro;SABOEIRO;-6.5351666666667;-39.901972222222;2004;1;361.0;0.0;0.0;0.0;0.0;0.0;0.0;0.0;0.0;0.0;0.0;0.0;130.0;0.0;8.8;0.0;0.0;41.0;11.0;0.0;31.4;0.0;23.0;0.0;18.4;8.6;9.0;5.6;16.2;0.0;24.0;34.0
Saboeiro;SABOEIRO;-6.5351666666667;-39.901972222222;2004;2;189.9;9.8;5.5;4.5;14.5;44.6;0.0;1.8;0.0;14.4;0.0;0.0;0.0;5.0;0.0;0.0;41.0;2.0;0.0;0.0;0.0;0.0;20.4;0.0;0.0;3.2;0.0;6.4;9.8;7.0;888.0;888.0
Saboeiro;SABOEIRO;-6.5351666666667;-39.901972222222;2004;3;44.6;0.0;0.0;3.5;1.5;0.0;1.0;1.0;14.8;3.0;0.0;1.0;0.0;0.0;0.0;0.0;0.0;0.0;0.0;6.8;0.0;0.0;0.0;0.0;0.0;0.0;12.0;0.0;0.0;0.0;0.0;0.0
Saboeiro;SABOEIRO;-6.5351666666667;-39.901972222222;2004;4;50.0;0.0;3.5;0.0;0.0;0.0;1.0;19.0;0.5;10.0;0.0;0.0;0.0;0.0;0.0;2.0;0.0;0.0;0.0;0.0;0.0;0.0;0.0;0.0;0.0;0.0;14.0;0.0;0.0;0.0;0.0;888.0
Saboeiro;SABOEIRO;-6.5351666666667;-39.901972222222;2004;5;94.0;2.0;0.0;0.0;0.0;0.0;0.0;0.0;0.0;0.0;0.0;12.0;0.0;0.0;0.0;0.0;0.0;0.0;20.0;4.5;8.0;0.0;0.0;0.0;0.0;32.0;8.5;0.0;0.0;7.0;0.0;0.0
Saboeiro;SABOEIRO;-6.5351666666667;-39.901972222222;2004;6;19.3;0.0;0.0;0.0;0.0;0.0;2.2;2.6;0.0;0.0;0.0;0.0;0.0;0.0;0.0;0.0;6.5;1.0;2.0;5.0;0.0;0.0;0.0;0.0;0.0;0.0;0.0;0.0;0.0;0.0;0.0;888.0
Saboeiro;SABOEIRO;-6.5351666666667;-39.901972222222;2004;7;19.5;0.0;0.0;0.0;10.0;0.0;0.0;5.5;0.0;0.0;0.0;0.0;0.0;0.0;0.0;0.0;0.5;0.0;0.0;0.0;0.0;0.0;0.0;0.0;0.0;0.0;0.0;0.0;0.0;0.0;3.5;0.0
Saboeiro;SABOEIRO;-6.5351666666667;-39.901972222222;2004;8;0.0;0.0;0.0;0.0;0.0;0.0;0.0;0.0;0.0;0.0;0.0;0.0;0.0;0.0;0.0;0.0;0.0;0.0;0.0;0.0;0.0;0.0;0.0;0.0;0.0;0.0;0.0;0.0;0.0;0.0;0.0;0.0
Saboeiro;SABOEIRO;-6.5351666666667;-39.901972222222;2004;9;0.0;0.0;0.0;0.0;0.0;0.0;0.0;0.0;0.0;0.0;0.0;0.0;0.0;0.0;0.0;0.0;0.0;0.0;0.0;0.0;0.0;0.0;0.0;0.0;0.0;0.0;0.0;0.0;0.0;0.0;0.0;888.0
Saboeiro;SABOEIRO;-6.5351666666667;-39.901972222222;2004;10;0.0;0.0;0.0;0.0;0.0;0.0;0.0;0.0;0.0;0.0;0.0;0.0;0.0;0.0;0.0;0.0;0.0;0.0;0.0;0.0;0.0;0.0;0.0;0.0;0.0;0.0;0.0;0.0;0.0;0.0;0.0;0.0
Saboeiro;SABOEIRO;-6.5351666666667;-39.901972222222;2004;11;0.0;0.0;0.0;0.0;0.0;0.0;0.0;0.0;0.0;0.0;0.0;0.0;0.0;0.0;0.0;0.0;0.0;0.0;0.0;0.0;0.0;0.0;0.0;0.0;0.0;0.0;0.0;0.0;0.0;0.0;0.0;888.0
Saboeiro;SABOEIRO;-6.5351666666667;-39.901972222222;2004;12;48.0;0.0;0.0;0.0;0.0;0.0;0.0;0.0;0.0;0.0;0.0;0.0;0.0;0.0;0.0;0.0;0.0;0.0;0.0;0.0;0.0;0.0;0.0;0.0;0.0;0.0;0.0;0.0;0.0;48.0;0.0;0.0
Saboeiro;SABOEIRO;-6.5351666666667;-39.901972222222;2005;1;57.0;0.0;0.0;0.0;0.0;0.0;0.0;0.0;0.0;0.0;0.0;0.0;0.0;0.0;0.0;27.0;0.0;0.0;0.0;10.0;0.0;0.0;0.0;6.0;0.0;0.0;11.0;0.0;0.0;3.0;0.0;0.0
Saboeiro;SABOEIRO;-6.5351666666667;-39.901972222222;2005;2;19.0;0.0;0.0;0.0;0.0;0.0;0.0;0.0;0.0;0.0;0.0;0.0;0.0;0.0;0.0;0.0;8.0;0.0;4.0;0.0;0.0;0.0;0.0;0.0;0.0;7.0;0.0;0.0;0.0;888.0;888.0;888.0
Saboeiro;SABOEIRO;-6.5351666666667;-39.901972222222;2005;3;128.4;0.0;0.0;0.0;5.0;0.0;0.0;0.0;0.0;0.0;0.0;0.0;10.0;3.0;0.0;12.8;0.0;0.0;0.0;0.0;0.0;4.0;0.5;9.8;0.0;0.0;40.5;0.0;3.0;4.5;31.8;3.5
Saboeiro;SABOEIRO;-6.5351666666667;-39.901972222222;2005;4;51.8;0.0;0.0;0.0;0.0;0.0;0.0;0.0;0.0;0.0;0.0;0.0;0.0;0.0;0.0;0.0;20.0;0.0;0.0;0.0;1.0;0.0;0.0;0.0;0.0;0.0;0.0;0.8;16.0;0.0;14.0;888.0
Saboeiro;SABOEIRO;-6.5351666666667;-39.901972222222;2005;5;44.3;0.0;0.0;0.0;0.0;25.0;0.0;0.0;0.0;0.0;0.0;0.0;0.0;0.0;0.0;0.0;0.0;2.0;0.0;0.0;0.0;0.0;0.0;0.0;17.3;0.0;0.0;0.0;0.0;0.0;0.0;0.0
Saboeiro;SABOEIRO;-6.5351666666667;-39.901972222222;2005;6;3.0;0.0;0.0;0.0;0.0;0.0;0.0;0.0;0.0;0.0;0.0;0.0;0.0;0.0;0.0;0.0;0.0;0.0;0.0;0.0;0.0;0.0;0.0;0.0;0.0;0.0;0.0;3.0;0.0;0.0;0.0;888.0
Saboeiro;SABOEIRO;-6.5351666666667;-39.901972222222;2005;7;0.0;0.0;0.0;0.0;0.0;0.0;0.0;0.0;0.0;0.0;0.0;0.0;0.0;0.0;0.0;0.0;0.0;0.0;0.0;0.0;0.0;0.0;0.0;0.0;0.0;0.0;0.0;0.0;0.0;0.0;0.0;0.0
Saboeiro;SABOEIRO;-6.5351666666667;-39.901972222222;2005;8;0.0;0.0;0.0;0.0;0.0;0.0;0.0;0.0;0.0;0.0;0.0;0.0;0.0;0.0;0.0;0.0;0.0;0.0;0.0;0.0;0.0;0.0;0.0;0.0;0.0;0.0;0.0;0.0;0.0;0.0;0.0;0.0
Saboeiro;SABOEIRO;-6.5351666666667;-39.901972222222;2005;9;0.0;0.0;0.0;0.0;0.0;0.0;0.0;0.0;0.0;0.0;0.0;0.0;0.0;0.0;0.0;0.0;0.0;0.0;0.0;0.0;0.0;0.0;0.0;0.0;0.0;0.0;0.0;0.0;0.0;0.0;0.0;888.0
Saboeiro;SABOEIRO;-6.5351666666667;-39.901972222222;2005;10;0.0;0.0;0.0;0.0;0.0;0.0;0.0;0.0;0.0;0.0;0.0;0.0;0.0;0.0;0.0;0.0;0.0;0.0;0.0;0.0;0.0;0.0;0.0;0.0;0.0;0.0;0.0;0.0;0.0;0.0;0.0;0.0
Saboeiro;SABOEIRO;-6.5351666666667;-39.901972222222;2005;11;0.0;0.0;0.0;0.0;0.0;0.0;0.0;0.0;0.0;0.0;0.0;0.0;0.0;0.0;0.0;0.0;0.0;0.0;0.0;0.0;0.0;0.0;0.0;0.0;0.0;0.0;0.0;0.0;0.0;0.0;0.0;888.0
Saboeiro;SABOEIRO;-6.5351666666667;-39.901972222222;2005;12;98.4;0.0;0.0;0.0;0.0;35.0;0.0;5.0;29.0;4.4;0.0;0.0;0.0;0.0;0.0;0.0;0.0;0.0;0.0;0.0;0.0;0.0;0.0;0.0;9.0;0.0;0.0;0.0;0.0;0.0;0.0;16.0
Saboeiro;SABOEIRO;-6.5351666666667;-39.901972222222;2006;1;30.0;16.0;0.0;0.0;0.0;0.0;0.0;0.0;0.0;0.0;0.0;9.0;5.0;0.0;0.0;0.0;0.0;0.0;0.0;0.0;0.0;0.0;0.0;0.0;0.0;0.0;0.0;0.0;0.0;0.0;0.0;0.0
Saboeiro;SABOEIRO;-6.5351666666667;-39.901972222222;2006;2;137.5;4.0;0.0;0.0;0.0;2.0;1.5;0.0;0.0;0.0;0.0;0.0;0.0;0.0;1.0;1.0;40.0;0.0;44.0;14.5;0.0;0.0;0.0;0.0;0.0;23.5;0.0;6.0;0.0;888.0;888.0;888.0
Saboeiro;SABOEIRO;-6.5351666666667;-39.901972222222;2006;3;110.5;0.0;13.5;0.0;0.0;0.0;0.0;0.0;0.0;0.0;0.0;0.0;0.0;0.0;0.0;7.0;11.0;0.0;5.0;0.0;3.0;2.0;0.0;0.0;41.0;0.0;0.0;10.0;10.0;0.0;0.0;8.0
Saboeiro;SABOEIRO;-6.5351666666667;-39.901972222222;2006;4;118.5;11.0;0.0;0.0;10.5;0.0;1.0;12.0;7.0;0.0;7.0;3.0;0.0;0.0;9.5;0.0;3.5;0.0;0.0;0.0;0.0;0.0;31.0;0.0;0.0;11.0;0.0;0.0;0.0;2.0;10.0;888.0
Saboeiro;SABOEIRO;-6.5351666666667;-39.901972222222;2006;5;103.5;31.0;30.0;0.0;2.0;0.0;0.0;0.0;1.0;1.5;0.0;0.0;0.0;0.0;0.0;18.0;2.0;9.0;0.0;0.0;0.0;0.0;0.0;0.0;8.0;0.0;0.0;1.0;0.0;0.0;0.0;0.0
Saboeiro;SABOEIRO;-6.5351666666667;-39.901972222222;2006;6;4.0;0.0;0.0;0.0;0.0;0.0;0.0;0.0;0.0;0.0;0.0;0.0;0.0;4.0;0.0;0.0;0.0;0.0;0.0;0.0;0.0;0.0;0.0;0.0;0.0;0.0;0.0;0.0;0.0;0.0;0.0;888.0
Saboeiro;SABOEIRO;-6.5351666666667;-39.901972222222;2006;7;0.0;0.0;0.0;0.0;0.0;0.0;0.0;0.0;0.0;0.0;0.0;0.0;0.0;0.0;0.0;0.0;0.0;0.0;0.0;0.0;0.0;0.0;0.0;0.0;0.0;0.0;0.0;0.0;0.0;0.0;0.0;0.0
Saboeiro;SABOEIRO;-6.5351666666667;-39.901972222222;2006;8;0.0;0.0;0.0;0.0;0.0;0.0;0.0;0.0;0.0;0.0;0.0;0.0;0.0;0.0;0.0;0.0;0.0;0.0;0.0;0.0;0.0;0.0;0.0;0.0;0.0;0.0;0.0;0.0;0.0;0.0;0.0;0.0
Saboeiro;SABOEIRO;-6.5351666666667;-39.901972222222;2006;9;0.0;0.0;0.0;0.0;0.0;0.0;0.0;0.0;0.0;0.0;0.0;0.0;0.0;0.0;0.0;0.0;0.0;0.0;0.0;0.0;0.0;0.0;0.0;0.0;0.0;0.0;0.0;0.0;0.0;0.0;0.0;888.0
Saboeiro;SABOEIRO;-6.5351666666667;-39.901972222222;2006;10;3.0;0.0;0.0;0.0;0.0;0.0;0.0;0.0;0.0;0.0;0.0;0.0;0.0;0.0;0.0;0.0;0.0;0.0;0.0;0.0;0.0;0.0;3.0;0.0;0.0;0.0;0.0;0.0;0.0;0.0;0.0;0.0
Saboeiro;SABOEIRO;-6.5351666666667;-39.901972222222;2006;11;21.0;0.0;0.0;0.0;0.0;0.0;0.0;0.0;0.0;0.0;0.0;0.0;0.0;0.0;0.0;0.0;0.0;21.0;0.0;0.0;0.0;0.0;0.0;0.0;0.0;0.0;0.0;0.0;0.0;0.0;0.0;888.0
Saboeiro;SABOEIRO;-6.5351666666667;-39.901972222222;2006;12;62.0;0.0;0.0;0.0;0.0;0.0;0.0;0.0;0.0;0.0;0.0;0.0;0.0;0.0;0.0;0.0;0.0;0.0;0.0;0.0;0.0;0.0;0.0;0.0;0.0;0.0;2.0;0.0;0.0;0.0;0.0;60.0
Saboeiro;SABOEIRO;-6.5351666666667;-39.901972222222;2007;1;49.0;38.0;6.0;1.5;1.0;0.0;0.0;2.5;0.0;0.0;0.0;0.0;0.0;0.0;0.0;0.0;0.0;0.0;0.0;0.0;0.0;0.0;0.0;0.0;0.0;0.0;0.0;0.0;0.0;0.0;0.0;0.0
Saboeiro;SABOEIRO;-6.5351666666667;-39.901972222222;2007;2;339.5;7.5;0.0;0.0;18.0;0.0;54.0;0.0;2.0;48.0;8.0;0.0;0.0;0.0;24.0;8.0;0.0;25.0;31.0;3.0;11.0;6.0;25.0;0.0;26.0;5.0;35.0;1.0;2.0;888.0;888.0;888.0
Saboeiro;SABOEIRO;-6.5351666666667;-39.901972222222;2007;3;85.0;6.0;2.0;0.0;0.0;0.0;0.0;2.5;0.0;0.0;0.0;0.0;0.0;30.0;0.0;0.0;11.0;0.0;3.5;0.0;4.5;0.0;0.0;10.5;5.0;0.0;10.0;0.0;0.0;0.0;0.0;0.0
Saboeiro;SABOEIRO;-6.5351666666667;-39.901972222222;2007;4;117.5;0.0;0.0;0.0;0.0;0.0;0.0;0.0;0.0;0.0;0.0;0.0;0.0;0.0;10.0;0.0;0.0;0.0;0.0;17.0;9.0;0.0;14.0;0.0;0.0;12.5;6.0;7.0;0.0;42.0;0.0;888.0
Saboeiro;SABOEIRO;-6.5351666666667;-39.901972222222;2007;5;11.0;0.0;9.0;0.0;0.0;0.0;0.0;0.0;0.0;0.0;0.0;0.0;0.0;0.0;0.0;0.0;0.0;0.0;0.0;0.0;0.0;0.0;0.0;0.0;0.0;0.0;0.0;0.0;2.0;0.0;0.0;0.0
Saboeiro;SABOEIRO;-6.5351666666667;-39.901972222222;2007;6;6.0;0.0;0.0;0.0;0.0;0.0;0.0;0.0;0.0;0.0;0.0;0.0;0.0;1.0;0.0;0.0;0.0;0.0;5.0;0.0;0.0;0.0;0.0;0.0;0.0;0.0;0.0;0.0;0.0;0.0;0.0;888.0
Saboeiro;SABOEIRO;-6.5351666666667;-39.901972222222;2007;7;0.0;0.0;0.0;0.0;0.0;0.0;0.0;0.0;0.0;0.0;0.0;0.0;0.0;0.0;0.0;0.0;0.0;0.0;0.0;0.0;0.0;0.0;0.0;0.0;0.0;0.0;0.0;0.0;0.0;0.0;0.0;0.0
Saboeiro;SABOEIRO;-6.5351666666667;-39.901972222222;2007;8;0.0;0.0;0.0;0.0;0.0;0.0;0.0;0.0;0.0;0.0;0.0;0.0;0.0;0.0;0.0;0.0;0.0;0.0;0.0;0.0;0.0;0.0;0.0;0.0;0.0;0.0;0.0;0.0;0.0;0.0;0.0;0.0
Saboeiro;SABOEIRO;-6.5351666666667;-39.901972222222;2007;9;0.0;0.0;0.0;0.0;0.0;0.0;0.0;0.0;0.0;0.0;0.0;0.0;0.0;0.0;0.0;0.0;0.0;0.0;0.0;0.0;0.0;0.0;0.0;0.0;0.0;0.0;0.0;0.0;0.0;0.0;0.0;888.0
Saboeiro;SABOEIRO;-6.5351666666667;-39.901972222222;2007;10;0.0;0.0;0.0;0.0;0.0;0.0;0.0;0.0;0.0;0.0;0.0;0.0;0.0;0.0;0.0;0.0;0.0;0.0;0.0;0.0;0.0;0.0;0.0;0.0;0.0;0.0;0.0;0.0;0.0;0.0;0.0;0.0
Saboeiro;SABOEIRO;-6.5351666666667;-39.901972222222;2007;11;0.0;0.0;0.0;0.0;0.0;0.0;0.0;0.0;0.0;0.0;0.0;0.0;0.0;0.0;0.0;0.0;0.0;0.0;0.0;0.0;0.0;0.0;0.0;0.0;0.0;0.0;0.0;0.0;0.0;0.0;0.0;888.0
Saboeiro;SABOEIRO;-6.5351666666667;-39.901972222222;2007;12;79.5;0.0;0.0;0.0;0.0;0.0;0.0;0.0;0.0;0.0;0.0;0.0;0.0;5.0;0.0;62.0;0.0;0.0;0.0;0.0;0.0;0.0;0.0;0.0;0.0;0.0;0.0;0.0;0.0;0.0;8.0;4.5
Saboeiro;SABOEIRO;-6.5351666666667;-39.901972222222;2008;1;94.5;0.0;0.0;0.0;4.0;0.0;0.0;0.0;0.0;0.0;0.0;0.0;0.0;0.0;0.0;5.0;22.0;0.0;0.0;0.0;0.0;0.0;30.5;0.0;0.0;15.0;1.0;0.0;3.0;0.0;0.0;14.0
Saboeiro;SABOEIRO;-6.5351666666667;-39.901972222222;2008;2;131.9;15.4;0.0;0.0;0.0;0.0;0.0;0.0;0.0;0.0;0.0;0.0;4.0;0.0;0.0;0.0;10.0;0.0;10.0;0.0;0.0;0.0;0.0;6.5;0.0;0.0;0.0;5.0;81.0;0.0;888.0;888.0
Saboeiro;SABOEIRO;-6.5351666666667;-39.901972222222;2008;3;206.0;0.0;0.0;0.0;0.0;0.0;11.0;5.0;10.0;14.0;0.0;0.0;17.0;5.0;0.0;0.0;3.0;15.0;0.0;0.0;0.0;0.0;3.0;14.0;34.0;0.0;25.0;13.0;0.0;0.0;37.0;0.0
Saboeiro;SABOEIRO;-6.5351666666667;-39.901972222222;2008;4;283.5;18.0;50.0;0.0;0.0;0.0;0.0;1.5;6.0;9.0;8.0;0.0;0.0;0.0;3.0;4.0;140.0;0.0;0.0;0.0;0.0;0.0;0.0;2.0;1.0;0.0;0.0;0.0;0.0;0.0;41.0;888.0
Saboeiro;SABOEIRO;-6.5351666666667;-39.901972222222;2008;5;76.0;6.0;21.0;10.0;0.0;0.0;24.0;0.0;0.0;4.0;0.0;0.0;0.0;2.0;0.0;5.0;4.0;0.0;0.0;0.0;0.0;0.0;0.0;0.0;0.0;0.0;0.0;0.0;0.0;0.0;0.0;0.0
Saboeiro;SABOEIRO;-6.5351666666667;-39.901972222222;2008;6;12.0;0.0;0.0;0.0;0.0;0.0;0.0;7.0;0.0;0.0;0.0;5.0;0.0;0.0;0.0;0.0;0.0;0.0;0.0;0.0;0.0;0.0;0.0;0.0;0.0;0.0;0.0;0.0;0.0;0.0;0.0;888.0
Saboeiro;SABOEIRO;-6.5351666666667;-39.901972222222;2008;7;1.0;0.0;1.0;0.0;0.0;0.0;0.0;0.0;0.0;0.0;0.0;0.0;0.0;0.0;0.0;0.0;0.0;0.0;0.0;0.0;0.0;0.0;0.0;0.0;0.0;0.0;0.0;0.0;0.0;0.0;0.0;0.0
Saboeiro;SABOEIRO;-6.5351666666667;-39.901972222222;2008;8;0.0;0.0;0.0;0.0;0.0;0.0;0.0;0.0;0.0;0.0;0.0;0.0;0.0;0.0;0.0;0.0;0.0;0.0;0.0;0.0;0.0;0.0;0.0;0.0;0.0;0.0;0.0;0.0;0.0;0.0;0.0;0.0
Saboeiro;SABOEIRO;-6.5351666666667;-39.901972222222;2008;9;0.0;0.0;0.0;0.0;0.0;0.0;0.0;0.0;0.0;0.0;0.0;0.0;0.0;0.0;0.0;0.0;0.0;0.0;0.0;0.0;0.0;0.0;0.0;0.0;0.0;0.0;0.0;0.0;0.0;0.0;0.0;888.0
Saboeiro;SABOEIRO;-6.5351666666667;-39.901972222222;2008;10;0.0;0.0;0.0;0.0;0.0;0.0;0.0;0.0;0.0;0.0;0.0;0.0;0.0;0.0;0.0;0.0;0.0;0.0;0.0;0.0;0.0;0.0;0.0;0.0;0.0;0.0;0.0;0.0;0.0;0.0;0.0;0.0
Saboeiro;SABOEIRO;-6.5351666666667;-39.901972222222;2008;11;0.0;0.0;0.0;0.0;0.0;0.0;0.0;0.0;0.0;0.0;0.0;0.0;0.0;0.0;0.0;0.0;0.0;0.0;0.0;0.0;0.0;0.0;0.0;0.0;0.0;0.0;0.0;0.0;0.0;0.0;0.0;888.0
Saboeiro;SABOEIRO;-6.5351666666667;-39.901972222222;2008;12;1.0;0.0;0.0;0.0;0.0;0.0;0.0;0.0;1.0;0.0;0.0;0.0;0.0;0.0;0.0;0.0;0.0;0.0;0.0;0.0;0.0;0.0;0.0;0.0;0.0;0.0;0.0;0.0;0.0;0.0;0.0;0.0
Saboeiro;SABOEIRO;-6.5351666666667;-39.901972222222;2009;1;58.0;0.0;0.0;0.0;0.0;0.0;0.0;0.0;0.0;0.0;0.0;0.0;0.0;0.0;0.0;0.0;0.0;3.0;0.0;3.0;0.0;0.0;44.0;0.0;6.0;0.0;0.0;0.0;0.0;0.0;0.0;2.0
Saboeiro;SABOEIRO;-6.5351666666667;-39.901972222222;2009;2;28.0;0.0;0.0;0.0;1.0;0.0;2.0;4.0;0.0;0.0;0.0;0.0;0.0;0.0;0.0;0.0;0.0;0.0;0.0;6.0;0.0;0.0;3.0;0.0;0.0;0.0;12.0;0.0;0.0;888.0;888.0;888.0
Saboeiro;SABOEIRO;-6.5351666666667;-39.901972222222;2009;3;66.0;13.0;17.0;16.0;19.0;0.0;0.0;0.0;0.0;0.0;0.0;0.0;0.0;0.0;0.0;0.0;0.0;0.0;0.0;0.0;0.0;0.0;0.0;0.0;0.0;0.0;1.0;0.0;0.0;0.0;0.0;0.0
Saboeiro;SABOEIRO;-6.5351666666667;-39.901972222222;2009;4;290.0;0.0;8.0;5.0;1.0;3.0;4.0;0.0;0.0;0.0;14.0;4.0;0.0;19.0;49.0;41.0;3.0;0.0;0.0;0.0;0.0;15.0;16.0;42.0;2.0;15.0;14.0;0.0;14.0;21.0;0.0;888.0
Saboeiro;SABOEIRO;-6.5351666666667;-39.901972222222;2009;5;173.0;0.0;70.0;8.0;0.0;0.0;0.0;0.0;2.0;4.0;0.0;0.0;11.0;30.0;0.0;0.0;0.0;0.0;20.0;9.0;0.0;3.0;0.0;0.0;0.0;0.0;0.0;0.0;10.0;3.0;3.0;0.0
Saboeiro;SABOEIRO;-6.5351666666667;-39.901972222222;2009;6;24.0;0.0;0.0;5.0;4.0;0.0;0.0;0.0;0.0;2.0;0.0;5.0;0.0;0.0;0.0;0.0;0.0;0.0;0.0;0.0;0.0;0.0;0.0;0.0;0.0;0.0;0.0;8.0;0.0;0.0;0.0;888.0
Saboeiro;SABOEIRO;-6.5351666666667;-39.901972222222;2009;7;25.0;0.0;0.0;0.0;0.0;0.0;0.0;0.0;0.0;0.0;0.0;0.0;0.0;0.0;4.0;0.0;0.0;0.0;0.0;0.0;0.0;0.0;5.0;3.0;13.0;0.0;0.0;0.0;0.0;0.0;0.0;0.0
Saboeiro;SABOEIRO;-6.5351666666667;-39.901972222222;2009;8;8.0;0.0;0.0;0.0;0.0;0.0;0.0;0.0;0.0;0.0;0.0;0.0;0.0;0.0;0.0;0.0;0.0;0.0;0.0;0.0;0.0;0.0;0.0;0.0;0.0;8.0;0.0;0.0;0.0;0.0;0.0;0.0
Saboeiro;SABOEIRO;-6.5351666666667;-39.901972222222;2009;9;0.0;0.0;0.0;0.0;0.0;0.0;0.0;0.0;0.0;0.0;0.0;0.0;0.0;0.0;0.0;0.0;0.0;0.0;0.0;0.0;0.0;0.0;0.0;0.0;0.0;0.0;0.0;0.0;0.0;0.0;0.0;888.0
Saboeiro;SABOEIRO;-6.5351666666667;-39.901972222222;2009;10;0.0;0.0;0.0;0.0;0.0;0.0;0.0;0.0;0.0;0.0;0.0;0.0;0.0;0.0;0.0;0.0;0.0;0.0;0.0;0.0;0.0;0.0;0.0;0.0;0.0;0.0;0.0;0.0;0.0;0.0;0.0;0.0
Saboeiro;SABOEIRO;-6.5351666666667;-39.901972222222;2009;11;0.0;0.0;0.0;0.0;0.0;0.0;0.0;0.0;0.0;0.0;0.0;0.0;0.0;0.0;0.0;0.0;0.0;0.0;0.0;0.0;0.0;0.0;0.0;0.0;0.0;0.0;0.0;0.0;0.0;0.0;0.0;888.0
Saboeiro;SABOEIRO;-6.5351666666667;-39.901972222222;2009;12;3.0;0.0;0.0;0.0;0.0;0.0;0.0;0.0;0.0;0.0;0.0;0.0;0.0;0.0;0.0;0.0;0.0;0.0;0.0;0.0;0.0;0.0;0.0;0.0;0.0;0.0;0.0;0.0;0.0;0.0;0.0;3.0
Saboeiro;SABOEIRO;-6.5351666666667;-39.901972222222;2010;1;105.5;36.0;0.0;0.0;0.0;0.0;0.0;0.0;0.0;0.0;0.0;18.0;0.0;0.0;0.0;0.0;0.0;40.0;0.0;0.0;7.5;0.0;0.0;0.0;0.0;0.0;0.0;0.0;0.0;4.0;0.0;0.0
Saboeiro;SABOEIRO;-6.5351666666667;-39.901972222222;2010;2;14.0;0.0;0.0;0.0;0.0;0.0;0.0;0.0;2.0;0.0;0.0;3.0;5.0;0.0;0.0;4.0;0.0;0.0;0.0;0.0;0.0;0.0;0.0;0.0;0.0;0.0;0.0;0.0;0.0;888.0;888.0;888.0
Saboeiro;SABOEIRO;-6.5351666666667;-39.901972222222;2010;3;81.0;0.0;0.0;0.0;0.0;0.0;0.0;0.0;0.0;0.0;0.0;0.0;0.0;0.0;0.0;0.0;7.0;0.0;0.0;0.0;0.0;42.0;6.0;0.0;2.0;0.0;0.0;0.0;0.0;24.0;0.0;0.0
Saboeiro;SABOEIRO;-6.5351666666667;-39.901972222222;2010;4;136.0;0.0;4.0;11.0;2.0;0.0;0.0;0.0;5.5;0.0;1.0;46.0;0.0;4.0;0.0;3.5;40.0;0.0;0.0;19.0;0.0;0.0;0.0;0.0;0.0;0.0;0.0;0.0;0.0;0.0;0.0;888.0
Saboeiro;SABOEIRO;-6.5351666666667;-39.901972222222;2010;5;75.0;0.0;0.0;0.0;0.0;40.0;2.0;0.0;0.0;0.0;0.0;0.0;0.0;0.0;33.0;0.0;0.0;0.0;0.0;0.0;0.0;0.0;0.0;0.0;0.0;0.0;0.0;0.0;0.0;0.0;0.0;0.0
Saboeiro;SABOEIRO;-6.5351666666667;-39.901972222222;2010;6;19.5;0.0;16.5;0.0;0.0;0.0;0.0;0.0;0.0;0.0;0.0;0.0;0.0;0.0;0.0;0.0;0.0;0.0;0.0;0.0;0.0;0.0;0.0;0.0;2.0;0.0;0.0;0.0;1.0;0.0;0.0;888.0
Saboeiro;SABOEIRO;-6.5351666666667;-39.901972222222;2010;7;0.0;0.0;0.0;0.0;0.0;0.0;0.0;0.0;0.0;0.0;0.0;0.0;0.0;0.0;0.0;0.0;0.0;0.0;0.0;0.0;0.0;0.0;0.0;0.0;0.0;0.0;0.0;0.0;0.0;0.0;0.0;0.0
Saboeiro;SABOEIRO;-6.5351666666667;-39.901972222222;2010;8;0.0;0.0;0.0;0.0;0.0;0.0;0.0;0.0;0.0;0.0;0.0;999.0;0.0;0.0;0.0;0.0;0.0;0.0;0.0;0.0;0.0;0.0;0.0;0.0;0.0;0.0;0.0;0.0;0.0;0.0;0.0;0.0
Saboeiro;SABOEIRO;-6.5351666666667;-39.901972222222;2010;9;0.0;0.0;0.0;0.0;0.0;0.0;0.0;0.0;0.0;0.0;0.0;0.0;0.0;0.0;0.0;0.0;0.0;0.0;0.0;0.0;0.0;0.0;0.0;0.0;0.0;0.0;0.0;0.0;0.0;0.0;0.0;888.0
Saboeiro;SABOEIRO;-6.5351666666667;-39.901972222222;2010;10;73.0;0.0;0.0;0.0;0.0;0.0;0.0;0.0;0.0;0.0;0.0;0.0;0.0;0.0;0.0;0.0;0.0;0.0;0.0;0.0;0.0;0.0;0.0;47.0;15.0;0.0;0.0;11.0;0.0;0.0;0.0;0.0
Saboeiro;SABOEIRO;-6.5351666666667;-39.901972222222;2010;11;0.0;0.0;0.0;0.0;0.0;0.0;0.0;0.0;0.0;0.0;0.0;0.0;0.0;0.0;0.0;0.0;0.0;0.0;0.0;0.0;0.0;0.0;0.0;0.0;0.0;0.0;0.0;0.0;0.0;0.0;0.0;888.0
Saboeiro;SABOEIRO;-6.5351666666667;-39.901972222222;2010;12;202.0;0.0;0.0;0.0;0.0;0.0;0.0;0.0;0.0;13.0;7.0;0.0;0.0;58.0;0.0;0.0;8.0;1.0;114.0;1.0;0.0;0.0;0.0;0.0;0.0;0.0;0.0;0.0;0.0;0.0;0.0;0.0
Saboeiro;SABOEIRO;-6.5351666666667;-39.901972222222;2011;1;90.5;0.0;0.0;0.0;0.0;0.0;0.0;0.0;0.0;0.0;0.0;1.5;0.0;0.0;0.0;0.0;0.0;1.0;0.0;0.0;0.0;0.0;1.0;17.0;8.0;3.0;13.0;0.0;25.0;0.0;7.0;14.0
Saboeiro;SABOEIRO;-6.5351666666667;-39.901972222222;2011;2;202.0;39.0;1.0;10.0;8.0;0.0;0.0;0.0;0.0;1.0;0.0;0.0;0.0;8.0;20.0;0.0;0.0;3.0;14.0;0.0;0.0;10.0;0.0;0.0;7.0;0.0;4.0;55.0;22.0;888.0;888.0;888.0
Saboeiro;SABOEIRO;-6.5351666666667;-39.901972222222;2011;3;115.0;9.0;0.0;0.0;0.0;4.0;0.0;0.0;6.0;14.0;0.0;0.0;0.0;0.0;29.0;0.0;0.0;0.0;0.0;0.0;0.0;0.0;52.0;0.0;0.0;0.0;0.0;0.0;0.0;1.0;0.0;0.0
Saboeiro;SABOEIRO;-6.5351666666667;-39.901972222222;2011;4;159.0;0.0;0.0;0.0;0.0;0.0;17.0;0.0;0.0;0.0;0.0;7.0;7.0;14.0;0.0;0.0;0.0;24.0;3.0;29.0;38.0;0.0;0.0;9.0;0.0;11.0;0.0;0.0;0.0;0.0;0.0;888.0
Saboeiro;SABOEIRO;-6.5351666666667;-39.901972222222;2011;5;246.0;0.0;68.0;20.0;0.0;64.0;20.0;0.0;0.0;0.0;0.0;0.0;0.0;0.0;0.0;0.0;0.0;0.0;33.0;15.0;5.0;0.0;0.0;0.0;21.0;0.0;0.0;0.0;0.0;0.0;0.0;0.0
Saboeiro;SABOEIRO;-6.5351666666667;-39.901972222222;2011;6;0.0;0.0;0.0;0.0;0.0;0.0;0.0;0.0;0.0;0.0;0.0;0.0;0.0;0.0;0.0;0.0;0.0;0.0;0.0;0.0;0.0;0.0;0.0;0.0;0.0;0.0;0.0;0.0;0.0;0.0;0.0;888.0
Saboeiro;SABOEIRO;-6.5351666666667;-39.901972222222;2011;7;16.0;0.0;0.0;0.0;0.0;0.0;0.0;0.0;0.0;12.0;0.0;0.0;1.0;3.0;0.0;0.0;0.0;0.0;0.0;0.0;0.0;0.0;0.0;0.0;0.0;0.0;0.0;0.0;0.0;0.0;0.0;0.0
Saboeiro;SABOEIRO;-6.5351666666667;-39.901972222222;2011;8;0.0;0.0;0.0;0.0;0.0;0.0;0.0;0.0;0.0;0.0;0.0;0.0;0.0;0.0;0.0;0.0;0.0;0.0;0.0;0.0;0.0;0.0;0.0;0.0;0.0;0.0;0.0;0.0;0.0;0.0;0.0;0.0
Saboeiro;SABOEIRO;-6.5351666666667;-39.901972222222;2011;9;0.0;0.0;0.0;0.0;0.0;0.0;0.0;0.0;0.0;0.0;0.0;0.0;0.0;0.0;0.0;0.0;0.0;0.0;0.0;0.0;0.0;0.0;0.0;0.0;0.0;0.0;0.0;0.0;0.0;0.0;0.0;888.0
Saboeiro;SABOEIRO;-6.5351666666667;-39.901972222222;2011;10;54.0;0.0;0.0;0.0;0.0;0.0;0.0;0.0;0.0;0.0;0.0;0.0;0.0;0.0;0.0;0.0;0.0;0.0;0.0;14.0;0.0;40.0;0.0;0.0;0.0;0.0;0.0;0.0;0.0;0.0;0.0;0.0
Saboeiro;SABOEIRO;-6.5351666666667;-39.901972222222;2011;11;0.0;0.0;0.0;0.0;0.0;0.0;0.0;0.0;0.0;0.0;0.0;0.0;0.0;0.0;0.0;0.0;0.0;0.0;0.0;0.0;0.0;0.0;0.0;0.0;0.0;0.0;0.0;0.0;0.0;0.0;0.0;888.0
Saboeiro;SABOEIRO;-6.5351666666667;-39.901972222222;2011;12;0.0;0.0;0.0;0.0;0.0;0.0;0.0;0.0;0.0;0.0;0.0;0.0;0.0;0.0;0.0;0.0;0.0;0.0;0.0;0.0;0.0;0.0;0.0;0.0;0.0;0.0;0.0;0.0;0.0;0.0;0.0;0.0
Saboeiro;SABOEIRO;-6.5351666666667;-39.901972222222;2012;1;143.0;0.0;0.0;0.0;0.0;0.0;0.0;0.0;0.0;0.0;0.0;0.0;0.0;21.0;0.0;0.0;0.0;0.0;0.0;0.0;0.0;8.0;41.0;45.0;28.0;0.0;0.0;0.0;0.0;0.0;0.0;0.0
Saboeiro;SABOEIRO;-6.5351666666667;-39.901972222222;2012;2;120.0;0.0;0.0;0.0;0.0;0.0;0.0;0.0;0.0;0.0;0.0;4.0;0.0;0.0;0.0;0.0;18.0;2.0;11.0;0.0;0.0;32.0;0.0;22.0;24.0;0.0;0.0;6.0;1.0;0.0;888.0;888.0
Saboeiro;SABOEIRO;-6.5351666666667;-39.901972222222;2012;3;77.5;1.0;0.0;0.0;0.0;0.0;0.0;4.0;13.0;0.0;0.0;0.0;0.0;12.0;0.0;0.0;7.0;0.0;0.0;0.0;0.0;16.0;0.0;0.0;0.0;0.0;5.0;0.0;6.0;9.0;4.5;0.0
Saboeiro;SABOEIRO;-6.5351666666667;-39.901972222222;2012;4;38.0;0.0;0.0;0.0;0.0;0.0;0.0;0.0;14.0;0.0;0.0;17.0;0.0;0.0;0.0;0.0;0.0;0.0;0.0;0.0;0.0;7.0;0.0;0.0;0.0;0.0;0.0;0.0;0.0;0.0;0.0;888.0
Saboeiro;SABOEIRO;-6.5351666666667;-39.901972222222;2012;5;0.0;0.0;0.0;0.0;0.0;0.0;0.0;0.0;0.0;0.0;0.0;0.0;0.0;0.0;0.0;0.0;0.0;0.0;0.0;0.0;0.0;0.0;0.0;0.0;0.0;0.0;0.0;0.0;0.0;0.0;0.0;0.0
Saboeiro;SABOEIRO;-6.5351666666667;-39.901972222222;2012;6;21.0;0.0;0.0;0.0;0.0;0.0;0.0;0.0;0.0;0.0;0.0;0.0;2.0;0.0;0.0;0.0;0.0;0.0;0.0;19.0;0.0;0.0;0.0;0.0;0.0;0.0;0.0;0.0;0.0;0.0;0.0;888.0
Saboeiro;SABOEIRO;-6.5351666666667;-39.901972222222;2012;7;0.0;0.0;0.0;0.0;0.0;0.0;0.0;0.0;0.0;0.0;0.0;0.0;0.0;0.0;0.0;0.0;0.0;0.0;0.0;0.0;0.0;0.0;0.0;0.0;0.0;0.0;0.0;0.0;0.0;0.0;0.0;0.0
Saboeiro;SABOEIRO;-6.5351666666667;-39.901972222222;2012;8;0.0;0.0;0.0;0.0;0.0;0.0;0.0;0.0;0.0;0.0;0.0;0.0;0.0;0.0;0.0;0.0;0.0;0.0;0.0;0.0;0.0;0.0;0.0;0.0;0.0;0.0;0.0;0.0;0.0;0.0;0.0;0.0
Saboeiro;SABOEIRO;-6.5351666666667;-39.901972222222;2012;9;0.0;0.0;0.0;0.0;0.0;0.0;0.0;0.0;0.0;0.0;0.0;0.0;0.0;0.0;0.0;0.0;0.0;0.0;0.0;0.0;0.0;0.0;0.0;0.0;0.0;0.0;0.0;0.0;0.0;0.0;0.0;888.0
Saboeiro;SABOEIRO;-6.5351666666667;-39.901972222222;2012;10;0.0;0.0;0.0;0.0;0.0;0.0;0.0;0.0;0.0;0.0;0.0;0.0;0.0;0.0;0.0;0.0;0.0;0.0;0.0;0.0;0.0;0.0;0.0;0.0;0.0;0.0;0.0;0.0;0.0;0.0;0.0;0.0
Saboeiro;SABOEIRO;-6.5351666666667;-39.901972222222;2012;11;7.0;0.0;0.0;0.0;0.0;0.0;0.0;0.0;0.0;0.0;0.0;0.0;0.0;0.0;0.0;0.0;0.0;0.0;0.0;0.0;0.0;0.0;0.0;0.0;0.0;0.0;0.0;0.0;0.0;0.0;7.0;888.0
Saboeiro;SABOEIRO;-6.5351666666667;-39.901972222222;2012;12;7.5;0.0;0.0;0.0;0.0;0.0;0.0;0.0;0.0;0.0;0.0;0.0;0.0;0.0;0.0;0.0;0.0;0.0;0.0;0.0;0.0;0.0;0.0;0.0;0.0;0.0;0.0;0.0;0.0;0.0;0.0;7.5
Saboeiro;SABOEIRO;-6.5351666666667;-39.901972222222;2013;1;8.0;0.0;0.0;0.0;0.0;0.0;0.0;3.0;0.0;2.0;0.0;0.0;0.0;0.0;0.0;0.0;0.0;0.0;0.0;0.0;0.0;0.0;3.0;0.0;0.0;0.0;0.0;0.0;0.0;0.0;0.0;0.0
Saboeiro;SABOEIRO;-6.5351666666667;-39.901972222222;2013;2;24.5;0.0;0.0;0.0;0.0;0.0;0.0;0.0;0.0;0.0;0.0;1.5;0.0;0.0;0.0;0.0;23.0;0.0;0.0;0.0;0.0;0.0;0.0;0.0;0.0;0.0;0.0;0.0;0.0;888.0;888.0;888.0
Saboeiro;SABOEIRO;-6.5351666666667;-39.901972222222;2013;3;9.0;0.0;0.0;0.0;0.0;0.0;0.0;0.0;0.0;0.0;0.0;0.0;0.0;0.0;0.0;0.0;0.0;0.0;0.0;3.0;0.0;0.0;0.0;0.0;6.0;0.0;0.0;0.0;0.0;0.0;0.0;0.0
Saboeiro;SABOEIRO;-6.5351666666667;-39.901972222222;2013;4;71.5;0.0;0.0;0.0;0.0;7.5;0.0;0.0;0.0;0.0;0.0;0.0;0.0;0.0;0.0;0.0;24.0;5.5;0.0;13.5;0.0;0.0;0.0;0.0;0.0;21.0;0.0;0.0;0.0;0.0;0.0;888.0
Saboeiro;SABOEIRO;-6.5351666666667;-39.901972222222;2013;5;68.0;0.0;12.0;0.0;0.0;0.0;0.0;0.0;11.0;13.0;0.0;0.0;0.0;0.0;0.0;26.0;0.0;0.0;0.0;0.0;0.0;0.0;0.0;0.0;0.0;0.0;6.0;0.0;0.0;0.0;0.0;0.0
Saboeiro;SABOEIRO;-6.5351666666667;-39.901972222222;2013;6;59.5;0.0;0.0;0.0;0.0;4.5;0.0;0.0;0.0;0.0;0.0;0.0;0.0;0.0;0.0;0.0;0.0;3.0;0.0;0.0;0.0;0.0;0.0;48.0;4.0;0.0;0.0;0.0;0.0;0.0;0.0;888.0
Saboeiro;SABOEIRO;-6.5351666666667;-39.901972222222;2013;7;2.0;0.0;0.0;2.0;0.0;0.0;0.0;0.0;0.0;0.0;0.0;0.0;0.0;0.0;0.0;0.0;0.0;0.0;0.0;0.0;0.0;0.0;0.0;0.0;0.0;0.0;0.0;0.0;0.0;0.0;0.0;0.0
Saboeiro;SABOEIRO;-6.5351666666667;-39.901972222222;2013;8;0.0;0.0;0.0;0.0;0.0;0.0;0.0;0.0;0.0;0.0;0.0;0.0;0.0;0.0;0.0;0.0;0.0;0.0;0.0;0.0;0.0;0.0;0.0;0.0;0.0;0.0;0.0;0.0;0.0;0.0;0.0;0.0
Saboeiro;SABOEIRO;-6.5351666666667;-39.901972222222;2013;9;0.0;0.0;0.0;0.0;0.0;0.0;0.0;0.0;0.0;0.0;0.0;0.0;0.0;0.0;0.0;0.0;0.0;0.0;0.0;0.0;0.0;0.0;0.0;0.0;0.0;0.0;0.0;0.0;0.0;0.0;0.0;888.0
Saboeiro;SABOEIRO;-6.5351666666667;-39.901972222222;2013;10;0.0;0.0;0.0;0.0;0.0;0.0;0.0;0.0;0.0;0.0;0.0;0.0;0.0;0.0;0.0;0.0;0.0;0.0;0.0;0.0;0.0;0.0;0.0;0.0;0.0;0.0;0.0;0.0;0.0;0.0;0.0;0.0
Saboeiro;SABOEIRO;-6.5351666666667;-39.901972222222;2013;11;8.5;0.0;0.0;0.0;8.5;0.0;0.0;0.0;0.0;0.0;0.0;0.0;0.0;0.0;0.0;0.0;0.0;0.0;0.0;0.0;0.0;0.0;0.0;0.0;0.0;0.0;0.0;0.0;0.0;0.0;0.0;888.0
Saboeiro;SABOEIRO;-6.5351666666667;-39.901972222222;2013;12;39.0;0.0;0.0;0.0;0.0;0.0;0.0;0.0;0.0;0.0;0.0;0.0;0.0;0.0;0.0;0.0;0.0;0.0;0.0;2.0;37.0;0.0;0.0;0.0;0.0;0.0;0.0;0.0;0.0;0.0;0.0;0.0
Saboeiro;SABOEIRO;-6.5351666666667;-39.901972222222;2014;1;31.5;0.0;0.0;0.0;0.0;0.0;0.0;19.5;0.0;0.0;0.0;0.0;0.0;0.0;0.0;0.0;0.0;0.0;0.0;0.0;0.0;0.0;0.0;0.0;0.0;0.0;0.0;1.0;0.0;0.0;11.0;0.0
Saboeiro;SABOEIRO;-6.5351666666667;-39.901972222222;2014;2;116.6;0.0;0.0;0.0;41.6;0.0;4.0;0.0;0.0;0.0;33.0;26.0;0.0;12.0;0.0;0.0;0.0;0.0;0.0;0.0;0.0;0.0;0.0;0.0;0.0;0.0;0.0;0.0;0.0;888.0;888.0;888.0
Saboeiro;SABOEIRO;-6.5351666666667;-39.901972222222;2014;3;116.0;0.0;0.0;0.0;0.0;0.0;39.0;10.0;0.0;0.0;0.0;0.0;0.0;6.0;0.0;0.0;0.0;0.0;6.0;3.0;0.0;1.0;0.0;0.0;0.0;0.0;0.0;0.0;0.0;19.0;6.0;26.0
Saboeiro;SABOEIRO;-6.5351666666667;-39.901972222222;2014;4;57.0;0.0;3.0;0.0;0.0;0.0;0.0;0.0;4.5;0.0;5.5;0.0;0.0;20.0;9.0;0.0;0.0;0.0;0.0;0.0;0.0;0.0;8.0;7.0;0.0;0.0;0.0;0.0;0.0;0.0;0.0;888.0
Saboeiro;SABOEIRO;-6.5351666666667;-39.901972222222;2014;5;3.5;0.0;0.0;0.0;0.0;0.0;0.0;0.0;0.0;0.0;0.0;0.0;0.0;0.0;0.0;0.0;0.0;0.0;0.0;0.0;0.0;0.0;3.5;0.0;0.0;0.0;0.0;0.0;0.0;0.0;0.0;0.0
Saboeiro;SABOEIRO;-6.5351666666667;-39.901972222222;2014;6;0.0;0.0;0.0;0.0;0.0;0.0;0.0;0.0;0.0;0.0;0.0;0.0;0.0;0.0;0.0;0.0;0.0;0.0;0.0;0.0;0.0;0.0;0.0;0.0;0.0;0.0;0.0;0.0;0.0;0.0;0.0;888.0
Saboeiro;SABOEIRO;-6.5351666666667;-39.901972222222;2014;7;7.0;0.0;0.0;0.0;0.0;0.0;0.0;0.0;0.0;7.0;0.0;0.0;0.0;0.0;0.0;0.0;0.0;0.0;0.0;0.0;0.0;0.0;0.0;0.0;0.0;0.0;0.0;0.0;0.0;0.0;0.0;0.0
Saboeiro;SABOEIRO;-6.5351666666667;-39.901972222222;2014;8;0.0;0.0;0.0;0.0;0.0;0.0;0.0;0.0;0.0;0.0;0.0;0.0;0.0;0.0;0.0;0.0;0.0;0.0;0.0;0.0;0.0;0.0;0.0;0.0;0.0;0.0;0.0;0.0;0.0;0.0;0.0;0.0
Saboeiro;SABOEIRO;-6.5351666666667;-39.901972222222;2014;9;19.0;0.0;0.0;0.0;0.0;0.0;0.0;0.0;0.0;0.0;0.0;0.0;0.0;19.0;0.0;0.0;0.0;0.0;0.0;0.0;0.0;0.0;0.0;0.0;0.0;0.0;0.0;0.0;0.0;0.0;0.0;888.0
Saboeiro;SABOEIRO;-6.5351666666667;-39.901972222222;2014;10;63.0;0.0;0.0;40.0;0.0;0.0;0.0;0.0;0.0;0.0;0.0;0.0;0.0;0.0;0.0;0.0;0.0;0.0;23.0;0.0;0.0;0.0;0.0;0.0;0.0;0.0;0.0;0.0;0.0;0.0;0.0;0.0
Saboeiro;SABOEIRO;-6.5351666666667;-39.901972222222;2014;11;0.0;0.0;0.0;0.0;0.0;0.0;0.0;0.0;0.0;0.0;0.0;0.0;0.0;0.0;0.0;0.0;0.0;0.0;0.0;0.0;0.0;0.0;0.0;0.0;0.0;0.0;0.0;0.0;0.0;0.0;0.0;888.0
Saboeiro;SABOEIRO;-6.5351666666667;-39.901972222222;2014;12;0.0;0.0;0.0;0.0;0.0;0.0;0.0;0.0;0.0;0.0;0.0;0.0;0.0;0.0;0.0;0.0;0.0;0.0;0.0;0.0;0.0;0.0;0.0;0.0;0.0;0.0;0.0;0.0;0.0;0.0;0.0;0.0
Saboeiro;SABOEIRO;-6.5351666666667;-39.901972222222;2015;1;21.0;0.0;11.0;0.0;0.0;0.0;0.0;10.0;0.0;0.0;0.0;0.0;0.0;0.0;0.0;0.0;0.0;0.0;0.0;0.0;0.0;0.0;0.0;0.0;0.0;0.0;0.0;0.0;0.0;0.0;0.0;0.0
Saboeiro;SABOEIRO;-6.5351666666667;-39.901972222222;2015;2;80.0;0.0;0.0;0.0;0.0;80.0;0.0;0.0;0.0;0.0;0.0;0.0;0.0;0.0;0.0;0.0;0.0;0.0;0.0;0.0;0.0;0.0;0.0;0.0;0.0;0.0;0.0;0.0;0.0;888.0;888.0;888.0
Saboeiro;SABOEIRO;-6.5351666666667;-39.901972222222;2015;3;125.0;0.0;29.0;0.0;0.0;0.0;0.0;0.0;0.0;18.0;0.0;0.0;0.0;0.0;0.0;0.0;0.0;0.0;0.0;0.0;0.0;0.0;0.0;78.0;0.0;0.0;0.0;0.0;0.0;0.0;0.0;0.0
Saboeiro;SABOEIRO;-6.5351666666667;-39.901972222222;2015;4;38.0;0.0;0.0;0.0;0.0;0.0;0.0;0.0;0.0;3.0;0.0;0.0;0.0;35.0;0.0;0.0;0.0;0.0;0.0;0.0;0.0;0.0;0.0;0.0;0.0;0.0;0.0;0.0;0.0;0.0;0.0;888.0
Saboeiro;SABOEIRO;-6.5351666666667;-39.901972222222;2015;5;11.5;0.0;0.0;0.0;0.0;0.0;0.0;0.0;0.0;0.0;0.0;0.0;0.0;0.0;0.0;0.0;0.0;0.0;0.0;0.0;0.0;11.5;0.0;0.0;0.0;0.0;0.0;0.0;0.0;0.0;0.0;0.0
Saboeiro;SABOEIRO;-6.5351666666667;-39.901972222222;2015;6;5.0;0.0;0.0;0.0;5.0;0.0;0.0;0.0;0.0;0.0;0.0;0.0;0.0;0.0;0.0;0.0;0.0;0.0;0.0;0.0;0.0;0.0;0.0;0.0;0.0;0.0;0.0;0.0;0.0;0.0;0.0;888.0
Saboeiro;SABOEIRO;-6.5351666666667;-39.901972222222;2015;7;70.0;0.0;0.0;0.0;0.0;70.0;0.0;0.0;0.0;0.0;0.0;0.0;0.0;0.0;0.0;0.0;0.0;0.0;0.0;0.0;0.0;0.0;0.0;0.0;0.0;0.0;0.0;0.0;0.0;0.0;0.0;0.0
Saboeiro;SABOEIRO;-6.5351666666667;-39.901972222222;2015;8;0.0;0.0;0.0;0.0;0.0;0.0;0.0;0.0;0.0;0.0;0.0;0.0;0.0;0.0;0.0;0.0;0.0;0.0;0.0;0.0;0.0;0.0;0.0;0.0;0.0;0.0;0.0;0.0;0.0;0.0;0.0;0.0
Saboeiro;SABOEIRO;-6.5351666666667;-39.901972222222;2015;9;0.0;0.0;0.0;0.0;0.0;0.0;0.0;0.0;0.0;0.0;0.0;0.0;0.0;0.0;0.0;0.0;0.0;0.0;0.0;0.0;0.0;0.0;0.0;0.0;0.0;0.0;0.0;0.0;0.0;0.0;0.0;888.0
Saboeiro;SABOEIRO;-6.5351666666667;-39.901972222222;2015;10;0.0;0.0;0.0;0.0;0.0;0.0;0.0;0.0;0.0;0.0;0.0;0.0;0.0;0.0;0.0;0.0;0.0;0.0;0.0;0.0;0.0;0.0;0.0;0.0;0.0;0.0;0.0;0.0;0.0;0.0;0.0;0.0
Saboeiro;SABOEIRO;-6.5351666666667;-39.901972222222;2015;11;0.0;0.0;0.0;0.0;0.0;0.0;0.0;0.0;0.0;0.0;0.0;0.0;0.0;0.0;0.0;0.0;0.0;0.0;0.0;0.0;0.0;0.0;0.0;0.0;0.0;0.0;0.0;0.0;0.0;0.0;0.0;888.0
Saboeiro;SABOEIRO;-6.5351666666667;-39.901972222222;2015;12;0.0;0.0;0.0;0.0;0.0;0.0;0.0;0.0;0.0;0.0;0.0;0.0;0.0;0.0;0.0;0.0;0.0;0.0;0.0;0.0;0.0;0.0;0.0;0.0;0.0;0.0;0.0;0.0;0.0;0.0;0.0;0.0
Saboeiro;SABOEIRO;-6.5351666666667;-39.901972222222;2016;1;226.0;0.0;0.0;0.0;0.0;0.0;0.0;30.0;0.0;0.0;0.0;0.0;0.0;0.0;125.0;0.0;0.0;0.0;0.0;0.0;0.0;0.0;71.0;0.0;0.0;0.0;0.0;0.0;0.0;0.0;0.0;0.0
Saboeiro;SABOEIRO;-6.5351666666667;-39.901972222222;2016;2;0.0;0.0;0.0;0.0;0.0;0.0;0.0;0.0;0.0;0.0;0.0;0.0;0.0;0.0;0.0;0.0;0.0;0.0;0.0;0.0;0.0;0.0;0.0;0.0;0.0;0.0;0.0;0.0;0.0;0.0;888.0;888.0
Saboeiro;SABOEIRO;-6.5351666666667;-39.901972222222;2016;3;15.0;0.0;0.0;0.0;0.0;0.0;0.0;0.0;0.0;0.0;0.0;0.0;0.0;0.0;0.0;0.0;0.0;0.0;15.0;0.0;0.0;0.0;0.0;0.0;0.0;0.0;0.0;0.0;0.0;0.0;0.0;0.0
Saboeiro;SABOEIRO;-6.5351666666667;-39.901972222222;2016;4;22.0;0.0;0.0;0.0;0.0;22.0;0.0;0.0;0.0;0.0;0.0;0.0;0.0;0.0;0.0;0.0;0.0;0.0;0.0;0.0;0.0;0.0;0.0;0.0;0.0;0.0;0.0;0.0;0.0;0.0;0.0;888.0
Saboeiro;SABOEIRO;-6.5351666666667;-39.901972222222;2016;5;7.5;0.0;7.5;0.0;0.0;0.0;0.0;0.0;0.0;0.0;0.0;0.0;0.0;0.0;0.0;0.0;0.0;0.0;0.0;0.0;0.0;0.0;0.0;0.0;0.0;0.0;0.0;0.0;0.0;0.0;0.0;0.0
Saboeiro;SABOEIRO;-6.5351666666667;-39.901972222222;2016;6;20.0;0.0;0.0;0.0;0.0;0.0;0.0;0.0;0.0;0.0;0.0;0.0;0.0;0.0;0.0;0.0;0.0;0.0;0.0;0.0;0.0;0.0;0.0;20.0;0.0;0.0;0.0;0.0;0.0;0.0;0.0;888.0
Saboeiro;SABOEIRO;-6.5351666666667;-39.901972222222;2016;7;0.0;0.0;0.0;0.0;0.0;0.0;0.0;0.0;0.0;0.0;0.0;0.0;0.0;0.0;0.0;0.0;0.0;0.0;0.0;0.0;0.0;0.0;0.0;0.0;0.0;0.0;0.0;0.0;0.0;0.0;0.0;0.0
Saboeiro;SABOEIRO;-6.5351666666667;-39.901972222222;2016;8;0.0;0.0;0.0;0.0;0.0;0.0;0.0;0.0;0.0;0.0;0.0;0.0;0.0;0.0;0.0;0.0;0.0;0.0;0.0;0.0;0.0;0.0;0.0;0.0;0.0;0.0;0.0;0.0;0.0;0.0;0.0;0.0
Saboeiro;SABOEIRO;-6.5351666666667;-39.901972222222;2016;9;0.0;0.0;0.0;0.0;0.0;0.0;0.0;0.0;0.0;0.0;0.0;0.0;0.0;0.0;0.0;0.0;0.0;0.0;0.0;0.0;0.0;0.0;0.0;0.0;0.0;0.0;0.0;0.0;0.0;0.0;0.0;888.0
Saboeiro;SABOEIRO;-6.5351666666667;-39.901972222222;2016;10;0.0;0.0;0.0;0.0;0.0;0.0;0.0;0.0;0.0;0.0;0.0;0.0;0.0;0.0;0.0;0.0;0.0;0.0;0.0;0.0;0.0;0.0;0.0;0.0;0.0;0.0;0.0;0.0;0.0;0.0;0.0;0.0
Saboeiro;SABOEIRO;-6.5351666666667;-39.901972222222;2016;11;0.0;0.0;0.0;0.0;0.0;0.0;0.0;0.0;0.0;0.0;0.0;0.0;0.0;0.0;0.0;0.0;0.0;0.0;0.0;0.0;0.0;0.0;0.0;0.0;0.0;0.0;0.0;0.0;0.0;0.0;0.0;888.0
Saboeiro;SABOEIRO;-6.5351666666667;-39.901972222222;2016;12;0.0;0.0;0.0;0.0;0.0;0.0;0.0;0.0;0.0;0.0;0.0;0.0;0.0;0.0;0.0;0.0;0.0;0.0;0.0;0.0;0.0;0.0;0.0;0.0;0.0;0.0;0.0;0.0;0.0;0.0;0.0;0.0
Saboeiro;SABOEIRO;-6.5351666666667;-39.901972222222;2017;1;0.0;0.0;0.0;0.0;0.0;0.0;0.0;0.0;0.0;0.0;0.0;0.0;0.0;0.0;0.0;0.0;0.0;0.0;0.0;0.0;0.0;0.0;0.0;0.0;999.0;999.0;999.0;999.0;999.0;999.0;999.0;999.0
Saboeiro;SABOEIRO;-6.5351666666667;-39.901972222222;2017;2;0.0;999.0;999.0;999.0;999.0;999.0;999.0;999.0;999.0;999.0;999.0;999.0;999.0;999.0;999.0;999.0;999.0;999.0;999.0;999.0;999.0;999.0;999.0;999.0;999.0;999.0;999.0;999.0;999.0;888.0;888.0;888.0
Saboeiro;SABOEIRO;-6.5351666666667;-39.901972222222;2017;11;0.0;999.0;999.0;999.0;999.0;999.0;999.0;999.0;999.0;999.0;999.0;999.0;999.0;999.0;999.0;999.0;999.0;999.0;999.0;999.0;999.0;999.0;999.0;999.0;999.0;999.0;0.0;0.0;0.0;0.0;0.0;888.0
Saboeiro;SABOEIRO;-6.5351666666667;-39.901972222222;2017;12;0.0;0.0;0.0;0.0;0.0;0.0;0.0;0.0;0.0;0.0;0.0;0.0;0.0;0.0;0.0;0.0;0.0;0.0;0.0;0.0;0.0;0.0;0.0;0.0;0.0;0.0;0.0;0.0;0.0;0.0;0.0;0.0
Saboeiro;SABOEIRO;-6.5351666666667;-39.901972222222;2018;1;33.0;0.0;0.0;0.0;0.0;0.0;0.0;0.0;0.0;0.0;0.0;0.0;0.0;0.0;33.0;0.0;0.0;0.0;0.0;0.0;0.0;0.0;0.0;0.0;0.0;0.0;0.0;0.0;0.0;0.0;0.0;0.0
Saboeiro;SABOEIRO;-6.5351666666667;-39.901972222222;2018;2;0.0;0.0;0.0;0.0;0.0;0.0;0.0;0.0;999.0;999.0;999.0;999.0;999.0;999.0;999.0;999.0;999.0;999.0;999.0;999.0;999.0;999.0;999.0;999.0;999.0;999.0;999.0;999.0;999.0;888.0;888.0;888.0
Saboeiro;SABOEIRO;-6.5351666666667;-39.901972222222;2018;3;79.9;999.0;999.0;999.0;999.0;999.0;999.0;999.0;999.0;999.0;999.0;999.0;999.0;999.0;0.0;0.0;0.0;0.0;0.0;0.0;0.0;4.2;0.0;2.7;0.0;0.0;40.0;0.0;0.0;23.0;10.0;0.0
Saboeiro;SABOEIRO;-6.5351666666667;-39.901972222222;2018;4;150.0;19.0;15.0;9.0;0.0;21.0;0.0;0.0;0.0;10.5;0.0;0.0;0.0;36.0;0.0;2.5;0.0;0.0;6.0;1.0;0.0;0.0;0.0;11.0;0.0;0.0;0.0;0.0;0.0;0.0;19.0;888.0
Saboeiro;SABOEIRO;-6.5351666666667;-39.901972222222;2018;5;6.0;0.0;0.0;0.0;0.0;0.0;0.0;0.0;0.0;0.0;0.0;0.0;0.0;0.0;6.0;0.0;0.0;0.0;0.0;0.0;0.0;0.0;0.0;0.0;0.0;0.0;0.0;0.0;0.0;0.0;0.0;0.0
Saboeiro;SABOEIRO;-6.5351666666667;-39.901972222222;2018;6;9.0;0.0;0.0;0.0;0.0;0.0;0.0;0.0;9.0;0.0;0.0;0.0;0.0;0.0;0.0;0.0;0.0;0.0;0.0;0.0;0.0;0.0;0.0;0.0;0.0;0.0;0.0;0.0;0.0;0.0;0.0;888.0
Saboeiro;SABOEIRO;-6.5351666666667;-39.901972222222;2018;7;0.0;0.0;0.0;0.0;0.0;0.0;0.0;0.0;0.0;0.0;0.0;0.0;0.0;0.0;0.0;0.0;0.0;0.0;0.0;0.0;0.0;0.0;0.0;0.0;0.0;0.0;0.0;0.0;0.0;0.0;0.0;0.0
Saboeiro;SABOEIRO;-6.5351666666667;-39.901972222222;2018;8;0.0;0.0;0.0;0.0;0.0;0.0;0.0;0.0;0.0;0.0;0.0;0.0;0.0;0.0;0.0;0.0;0.0;0.0;0.0;0.0;0.0;0.0;0.0;0.0;0.0;0.0;0.0;0.0;0.0;0.0;0.0;0.0
Saboeiro;SABOEIRO;-6.5351666666667;-39.901972222222;2018;9;0.0;0.0;0.0;0.0;0.0;0.0;0.0;0.0;0.0;0.0;0.0;0.0;0.0;0.0;0.0;0.0;0.0;0.0;0.0;0.0;0.0;0.0;0.0;0.0;0.0;0.0;0.0;0.0;0.0;0.0;0.0;888.0
Saboeiro;SABOEIRO;-6.5351666666667;-39.901972222222;2018;10;0.0;0.0;0.0;0.0;999.0;999.0;999.0;999.0;999.0;999.0;999.0;999.0;999.0;999.0;999.0;999.0;999.0;999.0;999.0;999.0;999.0;999.0;999.0;999.0;999.0;999.0;999.0;999.0;999.0;999.0;999.0;999.0
