Municipios;Postos;Latitude;Longitude;Anos;Meses;Total;Dia1;Dia2;Dia3;Dia4;Dia5;Dia6;Dia7;Dia8;Dia9;Dia10;Dia11;Dia12;Dia13;Dia14;Dia15;Dia16;Dia17;Dia18;Dia19;Dia20;Dia21;Dia22;Dia23;Dia24;Dia25;Dia26;Dia27;Dia28;Dia29;Dia30;Dia31
Quixeramobim;ENCANTADO;-5.5031111111111;-39.308083333333;1988;2;66.0;0.0;0.0;999.0;0.0;0.0;0.0;999.0;0.0;0.0;0.0;0.0;999.0;0.0;0.0;0.0;0.0;0.0;999.0;999.0;999.0;0.0;0.0;0.0;0.0;999.0;66.0;999.0;0.0;0.0;888.0;888.0
Quixeramobim;ENCANTADO;-5.5031111111111;-39.308083333333;1988;3;111.0;999.0;999.0;0.0;0.0;0.0;0.0;999.0;0.0;0.0;16.0;0.0;16.0;0.0;999.0;0.0;999.0;0.0;999.0;999.0;0.0;67.0;999.0;0.0;999.0;12.0;999.0;0.0;999.0;999.0;0.0;0.0
Quixeramobim;ENCANTADO;-5.5031111111111;-39.308083333333;1988;4;35.0;999.0;999.0;999.0;999.0;999.0;999.0;999.0;0.0;999.0;0.0;999.0;999.0;999.0;999.0;999.0;999.0;0.0;999.0;0.0;20.0;15.0;999.0;999.0;999.0;999.0;999.0;999.0;999.0;999.0;999.0;888.0
Quixeramobim;ENCANTADO;-5.5031111111111;-39.308083333333;1988;5;125.0;999.0;999.0;999.0;999.0;53.0;0.0;0.0;0.0;0.0;999.0;0.0;0.0;0.0;0.0;0.0;999.0;999.0;0.0;0.0;999.0;999.0;32.0;40.0;0.0;0.0;0.0;0.0;999.0;0.0;0.0;0.0
Quixeramobim;ENCANTADO;-5.5031111111111;-39.308083333333;1988;6;0.0;0.0;0.0;0.0;0.0;0.0;0.0;0.0;0.0;0.0;999.0;999.0;999.0;999.0;999.0;999.0;999.0;999.0;999.0;999.0;999.0;999.0;999.0;999.0;999.0;999.0;999.0;999.0;999.0;999.0;999.0;888.0
Quixeramobim;ENCANTADO;-5.5031111111111;-39.308083333333;1988;10;0.0;999.0;999.0;999.0;999.0;999.0;999.0;999.0;999.0;999.0;999.0;999.0;999.0;999.0;999.0;999.0;999.0;999.0;999.0;999.0;999.0;999.0;999.0;999.0;999.0;999.0;999.0;999.0;999.0;999.0;999.0;0.0
Quixeramobim;ENCANTADO;-5.5031111111111;-39.308083333333;1990;2;149.0;999.0;999.0;999.0;999.0;999.0;999.0;999.0;999.0;999.0;999.0;999.0;999.0;999.0;999.0;999.0;999.0;999.0;999.0;999.0;999.0;0.0;0.0;0.0;0.0;80.0;29.0;40.0;0.0;888.0;888.0;888.0
Quixeramobim;ENCANTADO;-5.5031111111111;-39.308083333333;1990;3;17.0;0.0;0.0;0.0;0.0;0.0;0.0;0.0;0.0;0.0;0.0;0.0;0.0;0.0;0.0;0.0;0.0;0.0;0.0;0.0;3.0;0.0;0.0;0.0;0.0;10.0;4.0;0.0;0.0;0.0;0.0;0.0
Quixeramobim;ENCANTADO;-5.5031111111111;-39.308083333333;1990;4;158.0;0.0;5.0;0.0;0.0;0.0;0.0;22.0;35.0;0.0;0.0;0.0;0.0;0.0;0.0;0.0;0.0;0.0;0.0;0.0;13.0;0.0;0.0;0.0;40.0;7.0;9.0;15.0;12.0;0.0;0.0;888.0
Quixeramobim;ENCANTADO;-5.5031111111111;-39.308083333333;1990;5;64.0;6.0;5.0;15.0;0.0;0.0;0.0;0.0;0.0;0.0;0.0;0.0;0.0;0.0;0.0;25.0;0.0;0.0;0.0;0.0;0.0;0.0;0.0;0.0;0.0;0.0;0.0;13.0;0.0;0.0;0.0;0.0
Quixeramobim;ENCANTADO;-5.5031111111111;-39.308083333333;1990;6;2.5;0.0;0.5;0.0;0.0;0.0;0.0;2.0;0.0;0.0;0.0;0.0;0.0;0.0;0.0;0.0;0.0;0.0;0.0;0.0;0.0;0.0;0.0;0.0;0.0;0.0;0.0;0.0;0.0;0.0;0.0;888.0
Quixeramobim;ENCANTADO;-5.5031111111111;-39.308083333333;1990;7;0.0;0.0;0.0;0.0;0.0;0.0;0.0;0.0;0.0;0.0;0.0;0.0;0.0;0.0;0.0;0.0;0.0;0.0;0.0;0.0;0.0;0.0;0.0;0.0;0.0;0.0;0.0;0.0;0.0;0.0;0.0;0.0
Quixeramobim;ENCANTADO;-5.5031111111111;-39.308083333333;1990;8;0.0;0.0;0.0;0.0;0.0;0.0;0.0;0.0;0.0;0.0;0.0;0.0;0.0;0.0;0.0;0.0;0.0;0.0;0.0;0.0;0.0;0.0;0.0;0.0;0.0;0.0;0.0;0.0;0.0;0.0;0.0;0.0
Quixeramobim;ENCANTADO;-5.5031111111111;-39.308083333333;1990;10;0.0;0.0;0.0;0.0;0.0;0.0;0.0;0.0;0.0;0.0;0.0;0.0;0.0;0.0;0.0;0.0;0.0;0.0;0.0;0.0;0.0;0.0;0.0;0.0;0.0;0.0;0.0;0.0;0.0;0.0;0.0;0.0
Quixeramobim;ENCANTADO;-5.5031111111111;-39.308083333333;1991;11;0.0;0.0;0.0;0.0;0.0;0.0;0.0;0.0;0.0;0.0;0.0;0.0;0.0;0.0;0.0;0.0;0.0;0.0;0.0;0.0;0.0;0.0;0.0;0.0;0.0;0.0;0.0;0.0;0.0;0.0;0.0;888.0
Quixeramobim;ENCANTADO;-5.5031111111111;-39.308083333333;1991;12;0.0;0.0;0.0;0.0;0.0;0.0;0.0;0.0;0.0;0.0;0.0;0.0;0.0;0.0;0.0;0.0;0.0;0.0;0.0;0.0;0.0;0.0;0.0;0.0;0.0;0.0;0.0;0.0;0.0;0.0;0.0;0.0
Quixeramobim;ENCANTADO;-5.5031111111111;-39.308083333333;1992;1;2.5;0.0;0.0;0.0;0.0;0.0;0.0;0.0;0.0;0.0;0.0;0.0;0.0;0.0;0.0;0.0;0.0;0.0;0.0;0.0;0.0;0.0;0.0;0.0;0.8;0.0;0.5;0.0;1.2;0.0;0.0;0.0
Quixeramobim;ENCANTADO;-5.5031111111111;-39.308083333333;1992;2;13.9;0.0;0.0;0.0;0.0;0.0;0.0;0.0;0.0;0.0;0.0;0.5;0.0;1.2;1.6;0.0;0.0;3.8;0.0;2.7;0.0;2.4;0.0;0.0;1.7;0.0;0.0;0.0;0.0;0.0;888.0;888.0
Quixeramobim;ENCANTADO;-5.5031111111111;-39.308083333333;1992;3;49.1;0.0;0.0;0.0;0.0;0.0;0.0;0.0;0.0;2.6;0.0;0.0;0.0;0.0;0.0;0.0;4.0;0.0;0.0;0.0;0.0;0.0;38.5;0.0;0.0;0.0;1.7;0.0;2.3;0.0;0.0;0.0
Quixeramobim;ENCANTADO;-5.5031111111111;-39.308083333333;1992;4;239.5;63.0;1.0;127.0;0.0;13.0;19.0;16.0;0.0;0.0;0.0;0.0;0.0;0.0;0.0;0.5;0.0;0.0;0.0;0.0;0.0;0.0;0.0;0.0;0.0;0.0;0.0;0.0;0.0;0.0;0.0;888.0
Quixeramobim;ENCANTADO;-5.5031111111111;-39.308083333333;1992;5;0.0;0.0;0.0;0.0;0.0;0.0;0.0;0.0;0.0;0.0;0.0;0.0;0.0;0.0;0.0;0.0;0.0;0.0;0.0;0.0;0.0;0.0;0.0;0.0;0.0;0.0;0.0;0.0;0.0;0.0;0.0;0.0
Quixeramobim;ENCANTADO;-5.5031111111111;-39.308083333333;1992;6;25.0;0.0;15.0;0.0;0.0;0.0;0.0;0.0;0.0;0.0;0.0;0.0;0.0;0.0;0.0;0.0;0.0;0.0;0.0;0.0;0.0;0.0;0.0;0.0;0.0;0.0;0.0;0.0;10.0;0.0;0.0;888.0
Quixeramobim;ENCANTADO;-5.5031111111111;-39.308083333333;1992;7;0.0;0.0;0.0;0.0;0.0;0.0;0.0;0.0;0.0;0.0;0.0;0.0;0.0;0.0;0.0;0.0;0.0;0.0;0.0;0.0;0.0;0.0;0.0;0.0;0.0;0.0;0.0;0.0;0.0;0.0;0.0;0.0
Quixeramobim;ENCANTADO;-5.5031111111111;-39.308083333333;1992;8;0.0;0.0;0.0;0.0;0.0;0.0;0.0;0.0;0.0;0.0;0.0;0.0;0.0;0.0;0.0;0.0;0.0;0.0;0.0;0.0;0.0;0.0;0.0;0.0;0.0;0.0;0.0;0.0;0.0;0.0;0.0;0.0
Quixeramobim;ENCANTADO;-5.5031111111111;-39.308083333333;1992;9;0.0;0.0;0.0;0.0;0.0;0.0;0.0;0.0;0.0;0.0;0.0;0.0;0.0;0.0;0.0;0.0;0.0;0.0;0.0;0.0;0.0;0.0;0.0;0.0;0.0;0.0;0.0;0.0;0.0;0.0;0.0;888.0
Quixeramobim;ENCANTADO;-5.5031111111111;-39.308083333333;1992;10;0.0;0.0;0.0;0.0;0.0;0.0;0.0;0.0;0.0;0.0;0.0;0.0;0.0;0.0;0.0;0.0;0.0;0.0;0.0;0.0;0.0;0.0;0.0;0.0;0.0;0.0;0.0;0.0;0.0;0.0;0.0;0.0
Quixeramobim;ENCANTADO;-5.5031111111111;-39.308083333333;1992;11;0.0;0.0;0.0;0.0;0.0;0.0;0.0;0.0;0.0;0.0;0.0;0.0;0.0;0.0;0.0;0.0;0.0;0.0;0.0;0.0;0.0;0.0;0.0;0.0;0.0;0.0;0.0;0.0;0.0;0.0;0.0;888.0
Quixeramobim;ENCANTADO;-5.5031111111111;-39.308083333333;1992;12;0.0;0.0;0.0;0.0;0.0;0.0;0.0;0.0;0.0;0.0;0.0;0.0;0.0;0.0;0.0;0.0;0.0;0.0;0.0;0.0;0.0;0.0;0.0;0.0;0.0;0.0;0.0;0.0;0.0;0.0;0.0;0.0
Quixeramobim;ENCANTADO;-5.5031111111111;-39.308083333333;1993;2;51.0;999.0;999.0;999.0;999.0;999.0;999.0;999.0;999.0;999.0;999.0;999.0;999.0;999.0;999.0;999.0;999.0;999.0;999.0;999.0;999.0;999.0;999.0;999.0;51.0;999.0;999.0;999.0;999.0;888.0;888.0;888.0
Quixeramobim;ENCANTADO;-5.5031111111111;-39.308083333333;1994;1;48.0;0.0;0.0;0.0;4.0;3.0;16.0;0.0;0.0;0.0;0.0;0.0;0.0;0.0;0.0;0.0;25.0;999.0;999.0;999.0;999.0;999.0;999.0;999.0;999.0;999.0;999.0;999.0;999.0;999.0;999.0;999.0
Quixeramobim;ENCANTADO;-5.5031111111111;-39.308083333333;1994;2;30.0;999.0;999.0;999.0;999.0;999.0;999.0;999.0;999.0;999.0;999.0;999.0;999.0;999.0;999.0;999.0;999.0;999.0;999.0;999.0;999.0;30.0;999.0;999.0;999.0;999.0;999.0;999.0;999.0;888.0;888.0;888.0
Quixeramobim;ENCANTADO;-5.5031111111111;-39.308083333333;1994;5;81.0;32.0;10.0;0.0;0.0;0.0;0.0;0.0;0.0;10.0;0.0;0.0;0.0;0.0;0.0;0.0;0.0;0.0;0.0;0.0;0.0;14.0;0.0;0.0;0.0;0.0;0.0;0.0;0.0;0.0;0.0;15.0
Quixeramobim;ENCANTADO;-5.5031111111111;-39.308083333333;1994;6;117.0;0.0;0.0;0.0;15.0;30.0;72.0;999.0;999.0;999.0;999.0;999.0;999.0;999.0;999.0;999.0;999.0;999.0;999.0;999.0;999.0;999.0;999.0;999.0;999.0;999.0;999.0;999.0;999.0;999.0;999.0;888.0
Quixeramobim;ENCANTADO;-5.5031111111111;-39.308083333333;1994;12;53.0;0.0;0.0;0.0;0.0;0.0;0.0;0.0;0.0;0.0;0.0;0.0;0.0;0.0;0.0;0.0;0.0;0.0;0.0;0.0;0.0;0.0;0.0;0.0;0.0;0.0;0.0;0.0;20.0;33.0;0.0;0.0
Quixeramobim;ENCANTADO;-5.5031111111111;-39.308083333333;1995;1;73.0;0.0;0.0;0.0;0.0;0.0;54.0;0.0;0.0;19.0;999.0;999.0;999.0;999.0;999.0;999.0;999.0;999.0;999.0;999.0;999.0;999.0;999.0;999.0;999.0;999.0;999.0;999.0;999.0;999.0;999.0;999.0
Quixeramobim;ENCANTADO;-5.5031111111111;-39.308083333333;1997;1;123.5;0.0;0.0;0.0;0.0;0.0;0.0;0.0;0.0;0.0;0.0;0.0;0.0;0.0;0.0;0.0;0.0;0.0;0.0;0.0;30.0;0.0;0.0;28.0;0.0;0.0;24.0;0.0;41.5;0.0;0.0;0.0
Quixeramobim;ENCANTADO;-5.5031111111111;-39.308083333333;1997;2;186.0;0.0;0.0;0.0;0.0;0.0;0.0;0.0;38.0;42.0;59.0;0.0;0.0;0.0;0.0;12.0;0.0;0.0;0.0;0.0;0.0;0.0;30.0;5.0;0.0;0.0;0.0;0.0;0.0;888.0;888.0;888.0
Quixeramobim;ENCANTADO;-5.5031111111111;-39.308083333333;1997;3;218.0;0.0;0.0;0.0;0.0;0.0;10.0;0.0;0.0;0.0;0.0;0.0;0.0;0.0;0.0;0.0;0.0;0.0;0.0;0.0;0.0;0.0;0.0;0.0;0.0;140.0;0.0;27.0;0.0;41.0;0.0;0.0
Quixeramobim;ENCANTADO;-5.5031111111111;-39.308083333333;1997;4;121.0;0.0;0.0;27.0;0.0;0.0;0.0;0.0;0.0;0.0;79.0;0.0;5.0;0.0;3.0;0.0;0.0;0.0;0.0;4.0;0.0;0.0;0.0;0.0;0.0;0.0;0.0;3.0;0.0;0.0;0.0;888.0
Quixeramobim;ENCANTADO;-5.5031111111111;-39.308083333333;1997;5;53.0;0.0;0.0;14.0;19.0;0.0;0.0;0.0;0.0;0.0;0.0;0.0;0.0;0.0;0.0;0.0;0.0;0.0;0.0;0.0;0.0;0.0;0.0;0.0;20.0;0.0;0.0;0.0;0.0;0.0;0.0;0.0
Quixeramobim;ENCANTADO;-5.5031111111111;-39.308083333333;1997;10;0.0;0.0;0.0;0.0;0.0;0.0;0.0;0.0;0.0;0.0;0.0;0.0;0.0;0.0;0.0;0.0;0.0;0.0;0.0;0.0;0.0;0.0;0.0;0.0;0.0;0.0;0.0;0.0;0.0;0.0;0.0;0.0
Quixeramobim;ENCANTADO;-5.5031111111111;-39.308083333333;1997;11;0.0;0.0;0.0;0.0;0.0;0.0;0.0;0.0;0.0;0.0;0.0;0.0;0.0;0.0;0.0;0.0;0.0;0.0;0.0;0.0;0.0;0.0;0.0;0.0;0.0;0.0;0.0;0.0;0.0;0.0;0.0;888.0
Quixeramobim;ENCANTADO;-5.5031111111111;-39.308083333333;1997;12;16.0;999.0;999.0;999.0;999.0;999.0;999.0;999.0;999.0;999.0;999.0;999.0;999.0;999.0;999.0;999.0;999.0;999.0;999.0;999.0;999.0;999.0;999.0;999.0;999.0;999.0;999.0;16.0;999.0;999.0;999.0;999.0
Quixeramobim;ENCANTADO;-5.5031111111111;-39.308083333333;1998;1;105.0;0.0;0.0;0.0;0.0;0.0;0.0;0.0;0.0;0.0;0.0;0.0;18.0;0.0;0.0;0.0;0.0;0.0;0.0;0.0;46.0;0.0;35.0;0.0;0.0;0.0;0.0;6.0;0.0;0.0;0.0;0.0
Quixeramobim;ENCANTADO;-5.5031111111111;-39.308083333333;1998;2;16.6;0.0;0.0;16.6;0.0;0.0;0.0;0.0;0.0;0.0;0.0;0.0;0.0;0.0;0.0;0.0;0.0;0.0;0.0;0.0;0.0;0.0;0.0;0.0;0.0;0.0;0.0;0.0;0.0;888.0;888.0;888.0
Quixeramobim;ENCANTADO;-5.5031111111111;-39.308083333333;1998;3;219.5;0.0;0.0;0.0;0.0;0.0;0.0;0.0;0.0;0.0;0.0;43.0;0.0;0.0;0.0;0.0;0.0;0.0;70.0;5.0;0.0;24.0;54.0;17.0;0.0;0.0;0.0;0.0;6.0;0.5;0.0;0.0
Quixeramobim;ENCANTADO;-5.5031111111111;-39.308083333333;1998;4;21.0;0.0;0.0;9.0;0.0;0.0;0.0;0.0;12.0;0.0;0.0;0.0;0.0;0.0;0.0;0.0;0.0;0.0;0.0;0.0;0.0;0.0;0.0;0.0;0.0;0.0;0.0;0.0;0.0;0.0;0.0;888.0
Quixeramobim;ENCANTADO;-5.5031111111111;-39.308083333333;1998;5;0.0;0.0;0.0;0.0;0.0;0.0;0.0;0.0;0.0;0.0;0.0;0.0;0.0;0.0;0.0;0.0;0.0;0.0;0.0;0.0;0.0;0.0;0.0;0.0;0.0;0.0;0.0;0.0;0.0;0.0;0.0;0.0
Quixeramobim;ENCANTADO;-5.5031111111111;-39.308083333333;1998;6;17.0;0.0;0.0;0.0;0.0;0.0;0.0;0.0;0.0;0.0;17.0;0.0;0.0;0.0;0.0;0.0;0.0;0.0;0.0;0.0;0.0;0.0;0.0;0.0;0.0;0.0;0.0;0.0;0.0;0.0;0.0;888.0
Quixeramobim;ENCANTADO;-5.5031111111111;-39.308083333333;1998;7;0.0;0.0;0.0;0.0;0.0;0.0;0.0;0.0;0.0;0.0;0.0;0.0;0.0;0.0;0.0;0.0;0.0;0.0;0.0;0.0;0.0;0.0;0.0;0.0;0.0;0.0;0.0;0.0;0.0;0.0;0.0;0.0
Quixeramobim;ENCANTADO;-5.5031111111111;-39.308083333333;1998;8;0.0;0.0;0.0;0.0;0.0;0.0;0.0;0.0;0.0;0.0;0.0;0.0;0.0;0.0;0.0;0.0;0.0;0.0;0.0;0.0;0.0;0.0;0.0;0.0;0.0;0.0;0.0;0.0;0.0;0.0;0.0;0.0
Quixeramobim;ENCANTADO;-5.5031111111111;-39.308083333333;1998;9;0.0;0.0;0.0;0.0;0.0;0.0;0.0;0.0;0.0;0.0;0.0;0.0;0.0;0.0;0.0;0.0;0.0;0.0;0.0;0.0;0.0;0.0;0.0;0.0;0.0;0.0;0.0;0.0;0.0;0.0;0.0;888.0
Quixeramobim;ENCANTADO;-5.5031111111111;-39.308083333333;1998;12;0.0;0.0;0.0;0.0;0.0;0.0;0.0;0.0;0.0;0.0;0.0;0.0;0.0;0.0;0.0;0.0;0.0;0.0;0.0;0.0;0.0;0.0;0.0;0.0;0.0;0.0;0.0;0.0;0.0;0.0;0.0;0.0
Quixeramobim;ENCANTADO;-5.5031111111111;-39.308083333333;1999;1;0.0;0.0;0.0;0.0;0.0;0.0;0.0;0.0;0.0;0.0;0.0;0.0;0.0;0.0;0.0;0.0;0.0;0.0;0.0;0.0;0.0;0.0;0.0;0.0;0.0;0.0;0.0;0.0;0.0;0.0;0.0;0.0
Quixeramobim;ENCANTADO;-5.5031111111111;-39.308083333333;1999;2;108.0;0.0;0.0;0.0;0.0;0.0;0.0;0.0;0.0;0.0;0.0;0.0;0.0;23.0;0.0;0.0;0.0;0.0;0.0;7.0;0.0;0.0;22.0;48.0;3.0;0.0;5.0;0.0;0.0;888.0;888.0;888.0
Quixeramobim;ENCANTADO;-5.5031111111111;-39.308083333333;1999;3;167.0;0.0;4.5;0.0;0.0;13.8;7.0;0.0;0.0;6.5;0.0;0.0;0.0;14.2;0.0;0.0;0.0;13.5;66.7;0.0;19.2;2.2;0.0;0.0;2.0;0.0;0.0;17.4;0.0;0.0;0.0;0.0
Quixeramobim;ENCANTADO;-5.5031111111111;-39.308083333333;1999;4;115.0;0.0;0.0;0.0;0.0;0.0;0.0;0.0;0.0;0.0;0.0;0.0;0.0;22.0;1.1;0.0;0.0;0.0;0.0;0.0;4.6;0.0;0.0;0.0;60.0;0.0;0.0;14.5;0.0;12.8;0.0;888.0
Quixeramobim;ENCANTADO;-5.5031111111111;-39.308083333333;1999;5;103.2;0.0;10.2;0.0;0.0;0.0;5.2;10.0;0.0;0.0;0.0;0.0;0.0;0.0;0.0;34.0;14.5;0.0;14.4;0.0;0.0;0.0;0.0;4.0;1.7;0.0;0.0;9.2;0.0;0.0;0.0;0.0
Quixeramobim;ENCANTADO;-5.5031111111111;-39.308083333333;1999;6;0.0;0.0;0.0;0.0;0.0;0.0;0.0;0.0;0.0;0.0;0.0;0.0;0.0;0.0;0.0;0.0;0.0;0.0;0.0;0.0;0.0;0.0;0.0;0.0;0.0;0.0;0.0;0.0;0.0;0.0;0.0;888.0
Quixeramobim;ENCANTADO;-5.5031111111111;-39.308083333333;1999;7;0.0;0.0;0.0;0.0;0.0;0.0;0.0;0.0;0.0;0.0;0.0;0.0;0.0;0.0;0.0;0.0;0.0;0.0;0.0;0.0;0.0;0.0;0.0;0.0;0.0;0.0;0.0;0.0;0.0;0.0;0.0;0.0
Quixeramobim;ENCANTADO;-5.5031111111111;-39.308083333333;1999;8;0.0;0.0;0.0;0.0;0.0;0.0;0.0;0.0;0.0;0.0;0.0;0.0;0.0;0.0;0.0;0.0;0.0;0.0;0.0;0.0;0.0;0.0;0.0;0.0;0.0;0.0;0.0;0.0;0.0;0.0;0.0;0.0
Quixeramobim;ENCANTADO;-5.5031111111111;-39.308083333333;1999;9;0.0;0.0;0.0;0.0;0.0;0.0;0.0;0.0;0.0;0.0;0.0;0.0;0.0;0.0;0.0;0.0;0.0;0.0;0.0;0.0;0.0;0.0;0.0;0.0;0.0;0.0;0.0;0.0;0.0;0.0;0.0;888.0
Quixeramobim;ENCANTADO;-5.5031111111111;-39.308083333333;1999;10;0.0;0.0;0.0;0.0;0.0;0.0;0.0;0.0;0.0;0.0;0.0;0.0;0.0;0.0;0.0;0.0;0.0;0.0;0.0;0.0;0.0;0.0;0.0;0.0;0.0;0.0;0.0;0.0;0.0;0.0;0.0;0.0
Quixeramobim;ENCANTADO;-5.5031111111111;-39.308083333333;1999;11;0.0;0.0;0.0;0.0;0.0;0.0;0.0;0.0;0.0;0.0;0.0;0.0;0.0;0.0;0.0;0.0;0.0;0.0;0.0;0.0;0.0;0.0;0.0;0.0;0.0;0.0;0.0;0.0;0.0;0.0;0.0;888.0
Quixeramobim;ENCANTADO;-5.5031111111111;-39.308083333333;1999;12;81.2;0.0;0.0;0.0;0.0;0.0;0.0;0.0;0.0;0.0;0.0;0.0;0.0;0.0;0.0;0.0;0.0;0.0;0.0;0.0;0.0;0.0;0.0;68.0;3.0;0.0;0.0;0.0;0.0;0.0;5.2;5.0
Quixeramobim;ENCANTADO;-5.5031111111111;-39.308083333333;2000;1;107.7;0.0;0.0;0.0;0.0;5.6;3.7;10.8;1.8;8.3;4.0;0.0;3.5;0.0;3.0;38.0;9.0;20.0;0.0;0.0;0.0;0.0;0.0;0.0;0.0;0.0;0.0;0.0;0.0;0.0;0.0;0.0
Quixeramobim;ENCANTADO;-5.5031111111111;-39.308083333333;2000;2;80.5;0.0;0.0;0.0;0.0;0.0;0.0;0.0;0.0;0.0;0.0;0.0;0.0;0.0;0.0;14.0;5.6;0.0;17.2;9.4;0.0;0.0;0.0;25.0;0.0;4.2;0.0;5.1;0.0;0.0;888.0;888.0
Quixeramobim;ENCANTADO;-5.5031111111111;-39.308083333333;2000;3;100.8;0.0;12.0;8.2;5.0;0.0;0.0;0.0;0.0;0.0;23.2;17.2;0.0;0.0;0.0;0.0;0.0;0.0;0.0;0.0;0.0;0.0;0.0;0.0;0.0;22.6;4.8;7.8;0.0;0.0;0.0;0.0
Quixeramobim;ENCANTADO;-5.5031111111111;-39.308083333333;2000;4;171.8;0.0;0.0;0.0;0.0;0.0;0.0;10.0;0.0;0.0;0.0;53.5;0.0;19.3;21.8;0.0;0.0;0.0;0.0;21.0;9.0;0.0;6.5;0.0;0.0;0.0;9.7;0.0;0.0;0.0;21.0;888.0
Quixeramobim;ENCANTADO;-5.5031111111111;-39.308083333333;2000;5;80.5;0.0;0.0;6.2;21.0;0.0;11.0;9.0;6.9;0.0;0.0;0.0;0.0;0.0;0.0;0.0;0.0;9.9;11.0;0.0;0.0;0.0;0.0;0.0;0.0;0.0;0.0;0.0;0.0;0.0;5.5;0.0
Quixeramobim;ENCANTADO;-5.5031111111111;-39.308083333333;2000;6;53.6;0.0;0.0;0.0;0.0;0.0;0.0;0.0;0.0;5.2;0.0;0.0;4.5;0.0;7.0;0.0;3.3;0.0;0.0;0.0;0.0;0.0;5.0;0.0;0.0;0.0;0.0;23.6;5.0;0.0;0.0;888.0
Quixeramobim;ENCANTADO;-5.5031111111111;-39.308083333333;2000;7;59.8;0.0;0.0;0.0;0.0;0.0;0.0;0.0;0.0;0.0;0.0;0.0;4.3;0.0;0.0;14.0;0.0;0.0;0.0;0.0;0.0;0.0;0.0;0.0;0.0;0.0;35.5;0.0;6.0;0.0;0.0;0.0
Quixeramobim;ENCANTADO;-5.5031111111111;-39.308083333333;2000;8;37.1;0.0;6.7;0.0;0.0;0.0;13.0;6.0;0.0;6.2;5.2;999.0;999.0;999.0;999.0;999.0;999.0;999.0;999.0;999.0;999.0;999.0;999.0;999.0;999.0;999.0;999.0;999.0;999.0;999.0;999.0;999.0
Quixeramobim;ENCANTADO;-5.5031111111111;-39.308083333333;2000;12;42.0;0.0;0.0;0.0;0.0;0.0;0.0;0.0;0.0;0.0;0.0;0.0;0.0;0.0;0.0;26.0;16.0;0.0;0.0;0.0;0.0;0.0;0.0;0.0;0.0;0.0;0.0;0.0;0.0;0.0;0.0;0.0
Quixeramobim;ENCANTADO;-5.5031111111111;-39.308083333333;2001;1;61.0;0.0;0.0;0.0;0.0;0.0;0.0;5.0;0.0;21.0;0.0;0.0;15.0;0.0;20.0;0.0;0.0;0.0;0.0;0.0;0.0;0.0;0.0;0.0;0.0;0.0;0.0;0.0;0.0;0.0;0.0;0.0
Quixeramobim;ENCANTADO;-5.5031111111111;-39.308083333333;2001;2;39.6;3.0;0.0;0.0;0.0;0.0;0.0;0.0;0.0;0.0;0.0;14.0;0.0;6.2;8.8;0.0;0.0;0.0;0.0;0.0;0.0;0.0;0.0;0.0;0.0;0.0;0.0;7.6;0.0;888.0;888.0;888.0
Quixeramobim;ENCANTADO;-5.5031111111111;-39.308083333333;2001;3;141.4;19.8;7.6;0.0;0.0;0.0;0.0;0.0;0.0;17.4;20.0;4.5;24.3;16.8;0.0;0.0;0.0;0.0;0.0;0.0;0.0;0.0;0.0;0.0;0.0;0.0;0.0;0.0;0.0;3.6;27.4;0.0
Quixeramobim;ENCANTADO;-5.5031111111111;-39.308083333333;2001;4;120.3;0.0;0.0;0.0;6.2;0.0;0.0;0.0;0.0;0.0;0.0;5.5;0.0;0.0;0.0;15.4;0.0;0.0;0.0;4.0;4.0;0.0;0.0;0.0;0.0;1.8;0.0;0.0;79.2;0.0;4.2;888.0
Quixeramobim;ENCANTADO;-5.5031111111111;-39.308083333333;2001;5;26.6;7.0;0.0;0.0;0.0;12.5;0.0;0.0;0.0;0.0;4.3;0.0;0.0;0.0;0.0;0.0;0.0;0.0;0.0;0.0;0.0;2.8;0.0;0.0;0.0;0.0;0.0;0.0;0.0;0.0;0.0;0.0
Quixeramobim;ENCANTADO;-5.5031111111111;-39.308083333333;2001;6;102.0;0.0;30.0;0.0;9.4;1.8;0.0;0.0;0.0;0.0;0.0;41.5;3.0;0.0;16.3;0.0;0.0;0.0;0.0;0.0;0.0;0.0;0.0;0.0;0.0;0.0;0.0;0.0;0.0;0.0;0.0;888.0
Quixeramobim;ENCANTADO;-5.5031111111111;-39.308083333333;2001;7;38.5;0.0;0.0;0.0;0.0;0.0;0.0;0.0;0.0;0.0;0.0;0.0;0.0;30.0;6.0;0.0;0.0;0.0;0.0;0.0;0.0;0.0;0.0;0.0;0.0;0.0;2.5;0.0;0.0;0.0;0.0;0.0
Quixeramobim;ENCANTADO;-5.5031111111111;-39.308083333333;2001;8;0.0;0.0;0.0;0.0;0.0;0.0;0.0;0.0;0.0;0.0;0.0;0.0;0.0;0.0;0.0;0.0;0.0;0.0;0.0;0.0;0.0;0.0;0.0;0.0;0.0;0.0;0.0;0.0;0.0;0.0;0.0;0.0
Quixeramobim;ENCANTADO;-5.5031111111111;-39.308083333333;2001;9;7.0;0.0;0.0;0.0;0.0;0.0;0.0;0.0;0.0;0.0;0.0;0.0;0.0;0.0;0.0;0.0;0.0;0.0;7.0;0.0;0.0;0.0;0.0;0.0;0.0;0.0;0.0;0.0;0.0;0.0;0.0;888.0
Quixeramobim;ENCANTADO;-5.5031111111111;-39.308083333333;2001;10;0.0;0.0;0.0;0.0;0.0;0.0;0.0;0.0;0.0;0.0;0.0;0.0;0.0;0.0;0.0;0.0;0.0;0.0;0.0;0.0;0.0;0.0;0.0;0.0;0.0;0.0;0.0;0.0;0.0;0.0;0.0;0.0
Quixeramobim;ENCANTADO;-5.5031111111111;-39.308083333333;2001;11;0.0;0.0;0.0;0.0;0.0;0.0;0.0;0.0;0.0;0.0;0.0;0.0;0.0;0.0;0.0;0.0;0.0;0.0;0.0;0.0;0.0;0.0;0.0;0.0;0.0;0.0;0.0;0.0;0.0;0.0;0.0;888.0
Quixeramobim;ENCANTADO;-5.5031111111111;-39.308083333333;2001;12;0.0;0.0;0.0;0.0;0.0;0.0;0.0;0.0;0.0;0.0;0.0;0.0;0.0;0.0;0.0;0.0;0.0;0.0;0.0;0.0;0.0;0.0;0.0;0.0;0.0;0.0;0.0;0.0;0.0;0.0;0.0;0.0
Quixeramobim;ENCANTADO;-5.5031111111111;-39.308083333333;2002;1;319.1;5.2;0.0;0.0;0.0;0.0;23.3;0.0;8.4;96.0;7.0;0.0;0.0;48.0;0.0;0.0;0.0;10.5;35.8;0.0;11.5;0.0;10.5;0.0;0.0;0.0;6.0;22.8;21.5;6.2;6.4;0.0
Quixeramobim;ENCANTADO;-5.5031111111111;-39.308083333333;2002;2;32.8;0.0;0.0;0.0;3.8;0.0;0.0;0.0;0.0;0.0;0.0;0.0;0.0;12.0;0.0;11.0;0.0;0.0;0.0;0.0;0.0;0.0;0.0;0.0;0.0;0.0;6.0;0.0;0.0;888.0;888.0;888.0
Quixeramobim;ENCANTADO;-5.5031111111111;-39.308083333333;2002;3;188.2;0.0;0.0;16.0;0.0;17.0;10.7;3.8;0.0;0.0;0.0;0.0;2.8;0.0;0.0;0.0;0.0;0.0;62.5;15.5;0.0;0.0;0.0;6.8;0.0;0.0;2.6;50.5;0.0;0.0;0.0;0.0
Quixeramobim;ENCANTADO;-5.5031111111111;-39.308083333333;2002;4;256.4;0.0;0.0;0.0;10.0;6.2;4.5;8.4;7.0;0.0;0.0;0.0;0.0;131.2;0.0;6.0;0.0;0.0;0.0;0.0;17.4;0.0;0.0;4.0;0.0;0.0;22.5;33.8;0.0;0.0;5.4;888.0
Quixeramobim;ENCANTADO;-5.5031111111111;-39.308083333333;2002;5;122.6;51.2;6.8;0.0;0.0;0.0;0.0;33.6;7.0;0.0;0.0;0.0;4.0;0.0;0.0;0.0;15.0;0.0;0.0;0.0;0.0;0.0;0.0;0.0;5.0;0.0;0.0;0.0;0.0;0.0;0.0;0.0
Quixeramobim;ENCANTADO;-5.5031111111111;-39.308083333333;2002;6;51.0;18.2;0.0;0.0;0.0;0.0;5.0;0.0;0.0;0.0;0.0;0.0;0.0;0.0;4.2;0.0;20.0;0.0;0.0;0.0;0.0;1.8;0.0;1.8;0.0;0.0;0.0;0.0;0.0;0.0;0.0;888.0
Quixeramobim;ENCANTADO;-5.5031111111111;-39.308083333333;2002;7;19.5;19.5;0.0;0.0;0.0;0.0;0.0;0.0;0.0;0.0;0.0;0.0;0.0;0.0;0.0;0.0;0.0;0.0;0.0;0.0;0.0;0.0;0.0;0.0;0.0;0.0;0.0;0.0;0.0;0.0;0.0;0.0
Quixeramobim;ENCANTADO;-5.5031111111111;-39.308083333333;2002;8;0.0;0.0;0.0;0.0;0.0;0.0;0.0;0.0;0.0;0.0;0.0;0.0;0.0;0.0;0.0;0.0;0.0;0.0;0.0;0.0;0.0;0.0;0.0;0.0;0.0;0.0;0.0;0.0;0.0;0.0;0.0;999.0
Quixeramobim;ENCANTADO;-5.5031111111111;-39.308083333333;2002;9;0.0;0.0;0.0;0.0;0.0;0.0;0.0;0.0;0.0;0.0;0.0;0.0;0.0;0.0;0.0;0.0;0.0;0.0;0.0;0.0;0.0;0.0;0.0;0.0;0.0;0.0;0.0;0.0;0.0;0.0;0.0;888.0
Quixeramobim;ENCANTADO;-5.5031111111111;-39.308083333333;2002;10;0.0;0.0;0.0;0.0;0.0;0.0;0.0;0.0;0.0;0.0;0.0;0.0;0.0;0.0;0.0;0.0;0.0;0.0;0.0;0.0;0.0;0.0;0.0;0.0;0.0;0.0;0.0;0.0;0.0;0.0;0.0;999.0
Quixeramobim;ENCANTADO;-5.5031111111111;-39.308083333333;2002;11;0.0;0.0;0.0;0.0;0.0;0.0;0.0;0.0;0.0;0.0;0.0;0.0;0.0;0.0;0.0;0.0;0.0;0.0;0.0;0.0;0.0;0.0;0.0;0.0;0.0;0.0;0.0;0.0;0.0;0.0;0.0;888.0
Quixeramobim;ENCANTADO;-5.5031111111111;-39.308083333333;2002;12;0.0;0.0;0.0;0.0;0.0;0.0;0.0;0.0;0.0;0.0;0.0;0.0;0.0;0.0;0.0;0.0;0.0;0.0;0.0;0.0;0.0;0.0;0.0;0.0;0.0;0.0;0.0;0.0;0.0;0.0;0.0;0.0
Quixeramobim;ENCANTADO;-5.5031111111111;-39.308083333333;2003;1;12.0;0.0;0.0;0.0;0.0;0.0;0.0;0.0;0.0;0.0;0.0;0.0;0.0;0.0;0.0;0.0;0.0;0.0;0.0;0.0;4.0;0.0;0.0;5.0;0.0;0.0;0.0;3.0;0.0;0.0;0.0;0.0
Quixeramobim;ENCANTADO;-5.5031111111111;-39.308083333333;2003;2;60.3;0.0;0.0;0.0;0.0;0.0;0.0;0.0;0.0;0.0;0.0;0.0;0.0;12.5;0.0;0.0;0.0;0.0;0.0;2.2;3.4;0.0;0.0;0.0;15.0;1.8;25.4;0.0;0.0;888.0;888.0;888.0
Quixeramobim;ENCANTADO;-5.5031111111111;-39.308083333333;2003;3;253.5;0.0;0.0;0.0;14.8;6.5;3.0;0.0;2.5;0.0;23.2;0.0;0.0;0.0;0.0;8.0;0.0;0.0;9.5;0.0;0.0;65.5;0.0;0.0;35.5;5.0;13.8;0.0;0.0;13.0;44.0;9.2
Quixeramobim;ENCANTADO;-5.5031111111111;-39.308083333333;2003;4;169.2;6.0;11.8;0.0;0.0;20.6;0.0;0.0;0.0;8.5;0.0;0.0;0.0;0.0;0.0;0.0;0.0;0.0;0.0;35.5;0.0;0.0;0.0;0.0;0.0;8.4;20.0;0.0;58.4;0.0;0.0;888.0
Quixeramobim;ENCANTADO;-5.5031111111111;-39.308083333333;2003;5;86.5;11.2;3.0;0.0;0.0;39.0;0.0;0.0;0.0;0.0;0.0;8.0;13.8;0.0;0.0;0.0;0.0;0.0;0.0;0.0;0.0;0.0;0.0;0.0;0.0;0.0;0.0;0.0;0.0;0.0;11.5;0.0
Quixeramobim;ENCANTADO;-5.5031111111111;-39.308083333333;2003;6;95.7;0.0;0.0;0.0;0.0;31.6;12.0;0.0;0.0;0.0;2.8;0.0;0.0;0.0;0.0;0.0;38.5;10.8;0.0;0.0;0.0;0.0;0.0;0.0;0.0;0.0;0.0;0.0;0.0;0.0;0.0;888.0
Quixeramobim;ENCANTADO;-5.5031111111111;-39.308083333333;2003;7;0.0;0.0;0.0;0.0;0.0;0.0;0.0;0.0;0.0;0.0;0.0;0.0;0.0;0.0;0.0;0.0;0.0;0.0;0.0;0.0;0.0;0.0;0.0;0.0;0.0;0.0;0.0;0.0;0.0;0.0;0.0;0.0
Quixeramobim;ENCANTADO;-5.5031111111111;-39.308083333333;2003;8;0.0;0.0;0.0;0.0;0.0;0.0;0.0;0.0;0.0;0.0;0.0;0.0;0.0;0.0;0.0;0.0;0.0;0.0;0.0;0.0;0.0;0.0;0.0;0.0;0.0;0.0;0.0;0.0;0.0;0.0;0.0;0.0
Quixeramobim;ENCANTADO;-5.5031111111111;-39.308083333333;2003;9;0.0;0.0;0.0;0.0;0.0;0.0;0.0;0.0;0.0;0.0;0.0;0.0;0.0;0.0;0.0;0.0;0.0;0.0;0.0;0.0;0.0;0.0;0.0;0.0;0.0;0.0;0.0;0.0;0.0;0.0;0.0;888.0
Quixeramobim;ENCANTADO;-5.5031111111111;-39.308083333333;2003;10;0.0;0.0;0.0;0.0;0.0;0.0;0.0;0.0;0.0;0.0;0.0;0.0;0.0;0.0;0.0;0.0;0.0;0.0;0.0;0.0;0.0;0.0;0.0;0.0;0.0;0.0;0.0;0.0;0.0;0.0;0.0;0.0
Quixeramobim;ENCANTADO;-5.5031111111111;-39.308083333333;2003;11;0.0;0.0;0.0;0.0;0.0;0.0;0.0;0.0;0.0;0.0;0.0;0.0;0.0;0.0;0.0;0.0;0.0;0.0;0.0;0.0;0.0;0.0;0.0;0.0;0.0;0.0;0.0;0.0;0.0;0.0;0.0;888.0
Quixeramobim;ENCANTADO;-5.5031111111111;-39.308083333333;2003;12;0.0;0.0;0.0;0.0;0.0;0.0;0.0;0.0;0.0;0.0;0.0;0.0;0.0;0.0;0.0;0.0;0.0;0.0;0.0;0.0;0.0;0.0;0.0;0.0;0.0;0.0;0.0;0.0;0.0;0.0;0.0;0.0
Quixeramobim;ENCANTADO;-5.5031111111111;-39.308083333333;2004;1;380.5;0.0;0.0;0.0;0.0;0.0;0.0;0.0;0.0;0.0;0.0;0.0;0.0;0.0;0.0;20.0;0.0;0.0;20.4;0.0;11.7;0.0;43.0;5.2;62.7;18.0;0.0;16.5;87.8;61.6;3.6;30.0
Quixeramobim;ENCANTADO;-5.5031111111111;-39.308083333333;2004;2;181.6;1.1;0.0;0.0;35.5;6.5;21.2;0.0;5.8;2.5;0.0;0.0;0.0;0.0;8.8;8.2;65.0;5.0;0.0;0.0;0.0;7.2;0.0;0.0;0.0;0.0;0.0;0.0;0.0;14.8;888.0;888.0
Quixeramobim;ENCANTADO;-5.5031111111111;-39.308083333333;2004;3;106.6;0.0;0.0;0.0;0.0;0.0;0.0;35.0;17.2;14.5;0.0;3.6;3.0;0.0;0.0;2.0;15.7;4.2;0.0;0.0;0.0;0.0;0.0;5.0;6.4;0.0;0.0;0.0;0.0;0.0;0.0;0.0
Quixeramobim;ENCANTADO;-5.5031111111111;-39.308083333333;2004;4;67.8;0.0;0.0;0.0;0.0;0.0;8.2;6.6;0.0;0.0;0.0;0.0;0.0;0.0;0.0;0.0;6.4;0.0;0.0;0.0;0.0;0.0;11.8;3.0;0.0;0.0;3.3;28.5;0.0;0.0;0.0;888.0
Quixeramobim;ENCANTADO;-5.5031111111111;-39.308083333333;2004;5;61.1;0.0;0.0;0.0;0.0;7.0;0.0;0.0;0.0;0.0;0.0;0.0;0.0;0.0;0.0;0.0;0.0;0.0;0.0;0.0;0.0;53.0;0.0;0.0;0.0;0.0;0.0;0.0;0.0;0.0;1.1;0.0
Quixeramobim;ENCANTADO;-5.5031111111111;-39.308083333333;2004;6;224.3;91.0;0.0;0.0;0.0;0.0;0.0;0.0;0.0;0.0;3.0;0.0;0.0;0.0;13.0;34.0;0.0;47.0;7.2;4.0;2.8;3.6;9.6;3.1;0.0;0.0;4.8;1.2;0.0;0.0;0.0;888.0
Quixeramobim;ENCANTADO;-5.5031111111111;-39.308083333333;2004;7;57.8;0.0;0.0;0.0;24.0;0.0;0.0;10.5;0.0;0.0;0.0;0.0;5.3;0.0;0.0;0.0;0.0;18.0;0.0;0.0;0.0;0.0;0.0;0.0;0.0;0.0;0.0;0.0;0.0;0.0;0.0;0.0
Quixeramobim;ENCANTADO;-5.5031111111111;-39.308083333333;2004;8;13.0;0.0;0.0;0.0;0.0;0.0;0.0;13.0;0.0;0.0;0.0;0.0;0.0;0.0;0.0;0.0;0.0;0.0;0.0;0.0;0.0;0.0;0.0;0.0;0.0;0.0;0.0;0.0;0.0;0.0;0.0;0.0
Quixeramobim;ENCANTADO;-5.5031111111111;-39.308083333333;2004;9;0.0;0.0;0.0;0.0;0.0;0.0;0.0;0.0;0.0;0.0;0.0;0.0;0.0;0.0;0.0;0.0;0.0;0.0;0.0;0.0;0.0;0.0;0.0;0.0;0.0;0.0;0.0;0.0;0.0;0.0;0.0;888.0
Quixeramobim;ENCANTADO;-5.5031111111111;-39.308083333333;2004;10;0.0;0.0;0.0;0.0;0.0;0.0;0.0;0.0;0.0;0.0;0.0;0.0;0.0;0.0;0.0;0.0;0.0;0.0;0.0;0.0;0.0;0.0;0.0;0.0;0.0;0.0;0.0;0.0;0.0;0.0;0.0;0.0
Quixeramobim;ENCANTADO;-5.5031111111111;-39.308083333333;2004;11;0.0;0.0;0.0;0.0;0.0;0.0;0.0;0.0;0.0;0.0;0.0;0.0;0.0;0.0;0.0;0.0;0.0;0.0;0.0;0.0;0.0;0.0;0.0;0.0;0.0;0.0;0.0;0.0;0.0;0.0;0.0;888.0
Quixeramobim;ENCANTADO;-5.5031111111111;-39.308083333333;2004;12;0.0;0.0;0.0;0.0;0.0;0.0;0.0;0.0;0.0;0.0;0.0;0.0;0.0;0.0;0.0;0.0;0.0;0.0;0.0;0.0;0.0;0.0;0.0;0.0;0.0;0.0;0.0;0.0;0.0;0.0;0.0;0.0
Quixeramobim;ENCANTADO;-5.5031111111111;-39.308083333333;2005;1;0.0;0.0;0.0;0.0;0.0;0.0;0.0;0.0;0.0;0.0;0.0;0.0;0.0;0.0;0.0;0.0;0.0;0.0;0.0;0.0;0.0;0.0;0.0;0.0;0.0;0.0;0.0;0.0;0.0;0.0;0.0;0.0
Quixeramobim;ENCANTADO;-5.5031111111111;-39.308083333333;2005;2;7.2;0.0;0.0;0.0;0.0;0.0;0.0;0.0;0.0;0.0;0.0;0.0;7.2;0.0;0.0;0.0;0.0;0.0;0.0;0.0;0.0;0.0;0.0;0.0;0.0;0.0;0.0;0.0;0.0;888.0;888.0;888.0
Quixeramobim;ENCANTADO;-5.5031111111111;-39.308083333333;2005;3;173.5;0.0;0.0;0.0;0.0;0.0;0.0;0.0;0.0;0.0;0.0;0.0;1.0;0.0;0.0;0.0;0.0;0.0;0.0;6.3;17.0;0.0;4.0;13.6;0.0;17.5;46.8;0.0;37.5;0.0;13.0;16.8
Quixeramobim;ENCANTADO;-5.5031111111111;-39.308083333333;2005;4;56.1;0.0;0.0;0.0;0.0;0.0;0.0;0.0;2.2;0.0;0.0;0.0;0.0;0.0;16.8;0.0;0.0;0.0;0.0;0.0;0.0;0.0;0.0;3.6;0.0;0.0;13.0;0.0;0.0;0.0;20.5;888.0
Quixeramobim;ENCANTADO;-5.5031111111111;-39.308083333333;2005;5;132.7;3.0;0.0;24.8;0.0;0.0;20.0;1.3;0.0;1.4;0.0;0.0;21.5;3.0;0.0;0.0;2.0;7.0;3.5;0.0;0.0;0.0;0.0;0.0;0.0;0.0;0.0;0.0;24.4;0.0;0.0;20.8
Quixeramobim;ENCANTADO;-5.5031111111111;-39.308083333333;2005;6;78.3;0.0;3.0;4.8;0.0;0.0;7.6;0.0;0.0;0.0;0.0;2.2;0.0;16.5;0.0;0.0;7.0;0.0;2.0;0.0;0.0;31.0;0.0;0.0;0.0;0.0;0.0;0.0;4.2;0.0;0.0;888.0
Quixeramobim;ENCANTADO;-5.5031111111111;-39.308083333333;2005;7;98.0;0.0;0.0;0.0;0.0;0.0;0.0;0.0;95.0;0.0;0.0;0.0;3.0;0.0;0.0;0.0;0.0;0.0;0.0;0.0;0.0;0.0;0.0;0.0;0.0;0.0;0.0;0.0;0.0;0.0;0.0;0.0
Quixeramobim;ENCANTADO;-5.5031111111111;-39.308083333333;2005;8;0.0;0.0;0.0;0.0;0.0;0.0;0.0;0.0;0.0;0.0;0.0;0.0;0.0;0.0;0.0;0.0;0.0;0.0;0.0;0.0;0.0;0.0;0.0;0.0;0.0;0.0;0.0;0.0;0.0;0.0;0.0;0.0
Quixeramobim;ENCANTADO;-5.5031111111111;-39.308083333333;2005;9;0.0;0.0;0.0;0.0;0.0;0.0;0.0;0.0;0.0;0.0;0.0;0.0;0.0;0.0;0.0;0.0;0.0;0.0;0.0;0.0;0.0;0.0;0.0;0.0;0.0;0.0;0.0;0.0;0.0;0.0;0.0;888.0
Quixeramobim;ENCANTADO;-5.5031111111111;-39.308083333333;2005;10;0.0;0.0;0.0;0.0;0.0;0.0;0.0;0.0;0.0;0.0;0.0;0.0;0.0;0.0;0.0;0.0;0.0;0.0;0.0;0.0;0.0;0.0;0.0;0.0;0.0;0.0;0.0;0.0;0.0;0.0;0.0;0.0
Quixeramobim;ENCANTADO;-5.5031111111111;-39.308083333333;2005;11;0.0;0.0;0.0;0.0;0.0;0.0;0.0;0.0;0.0;0.0;0.0;0.0;0.0;0.0;0.0;0.0;0.0;0.0;0.0;0.0;0.0;0.0;0.0;0.0;0.0;0.0;0.0;0.0;0.0;0.0;0.0;888.0
Quixeramobim;ENCANTADO;-5.5031111111111;-39.308083333333;2005;12;12.0;0.0;0.0;0.0;0.0;0.0;0.0;7.0;5.0;0.0;0.0;0.0;0.0;0.0;0.0;0.0;0.0;0.0;0.0;0.0;0.0;0.0;0.0;0.0;0.0;0.0;0.0;0.0;0.0;0.0;0.0;0.0
Quixeramobim;ENCANTADO;-5.5031111111111;-39.308083333333;2006;1;52.5;10.0;0.0;0.0;0.0;0.0;0.0;0.0;0.0;0.0;0.0;0.0;0.0;0.0;0.0;0.0;0.0;0.0;0.0;42.5;0.0;0.0;0.0;0.0;0.0;0.0;0.0;0.0;0.0;0.0;0.0;0.0
Quixeramobim;ENCANTADO;-5.5031111111111;-39.308083333333;2006;2;58.8;0.0;0.0;0.0;0.0;0.0;0.0;0.0;0.0;0.0;0.0;0.0;0.0;0.0;0.0;0.0;2.5;4.0;9.3;3.0;0.0;0.0;0.0;0.0;0.0;40.0;0.0;0.0;0.0;888.0;888.0;888.0
Quixeramobim;ENCANTADO;-5.5031111111111;-39.308083333333;2006;3;171.9;16.5;64.3;0.0;15.5;0.0;0.0;0.0;0.0;0.0;0.0;0.0;0.0;0.0;5.5;10.5;0.0;0.0;0.0;0.0;21.8;6.0;0.0;0.0;10.2;0.0;13.2;0.0;3.0;0.0;2.8;2.6
Quixeramobim;ENCANTADO;-5.5031111111111;-39.308083333333;2006;4;156.8;14.6;0.0;0.0;11.2;0.0;18.2;0.0;8.6;0.0;0.0;0.0;0.0;0.0;6.5;9.3;12.0;9.3;0.0;13.0;0.0;0.0;0.0;0.0;19.0;2.8;6.3;0.0;0.0;0.0;26.0;888.0
Quixeramobim;ENCANTADO;-5.5031111111111;-39.308083333333;2006;5;246.7;23.0;0.0;0.0;0.0;0.0;17.7;0.0;9.3;13.5;50.0;47.0;0.0;0.0;0.0;23.5;13.4;0.0;0.0;0.0;0.0;0.0;0.0;0.0;45.0;0.0;0.0;0.0;4.3;0.0;0.0;0.0
Quixeramobim;ENCANTADO;-5.5031111111111;-39.308083333333;2006;6;44.5;0.0;0.0;0.0;0.0;0.0;8.2;0.0;0.0;0.0;0.0;0.0;0.0;26.5;0.0;0.0;0.0;0.0;0.0;0.0;0.0;0.0;0.0;0.0;0.0;0.0;0.0;0.0;0.0;9.8;0.0;888.0
Quixeramobim;ENCANTADO;-5.5031111111111;-39.308083333333;2006;7;7.0;0.0;0.0;0.0;0.0;0.0;0.0;0.0;0.0;0.0;0.0;0.0;0.0;0.0;0.0;0.0;0.0;0.0;0.0;0.0;0.0;0.0;0.0;7.0;0.0;0.0;0.0;0.0;0.0;0.0;0.0;0.0
Quixeramobim;ENCANTADO;-5.5031111111111;-39.308083333333;2006;8;27.2;0.0;0.0;0.0;0.0;0.0;0.0;0.0;0.0;6.0;0.0;0.0;0.0;0.0;0.0;0.0;0.0;0.0;0.0;0.0;0.0;0.0;0.0;0.0;0.0;0.0;0.0;0.0;0.0;0.0;0.0;21.2
Quixeramobim;ENCANTADO;-5.5031111111111;-39.308083333333;2006;9;12.6;10.0;0.0;0.0;0.0;0.0;2.6;0.0;0.0;0.0;0.0;0.0;0.0;0.0;0.0;0.0;0.0;0.0;0.0;0.0;0.0;0.0;0.0;0.0;0.0;0.0;0.0;0.0;0.0;0.0;0.0;888.0
Quixeramobim;ENCANTADO;-5.5031111111111;-39.308083333333;2006;10;9.5;0.0;0.0;0.0;0.0;0.0;0.0;0.0;0.0;0.0;0.0;0.0;0.0;0.0;0.0;0.0;0.0;0.0;0.0;0.0;0.0;0.0;0.0;0.0;9.5;0.0;0.0;0.0;0.0;0.0;0.0;0.0
Quixeramobim;ENCANTADO;-5.5031111111111;-39.308083333333;2006;11;0.0;0.0;0.0;0.0;0.0;0.0;0.0;0.0;0.0;0.0;0.0;0.0;0.0;0.0;0.0;0.0;0.0;0.0;0.0;0.0;0.0;0.0;0.0;0.0;0.0;0.0;0.0;0.0;0.0;0.0;0.0;888.0
Quixeramobim;ENCANTADO;-5.5031111111111;-39.308083333333;2006;12;23.5;0.0;0.0;0.0;0.0;0.0;0.0;0.0;0.0;0.0;0.0;0.0;0.0;0.0;0.0;0.0;0.0;0.0;0.0;0.0;0.0;0.0;0.0;0.0;0.0;0.0;0.0;0.0;0.0;0.0;0.0;23.5
Quixeramobim;ENCANTADO;-5.5031111111111;-39.308083333333;2007;1;35.1;0.0;11.8;0.0;0.0;6.2;2.1;0.0;13.5;0.0;0.0;0.0;0.0;0.0;0.0;0.0;0.0;0.0;0.0;0.0;0.0;0.0;0.0;0.0;0.0;1.5;0.0;0.0;0.0;0.0;0.0;0.0
Quixeramobim;ENCANTADO;-5.5031111111111;-39.308083333333;2007;2;180.4;0.0;0.0;0.0;0.0;0.0;0.0;0.0;0.0;13.0;4.3;0.0;0.0;0.0;0.0;0.0;0.0;30.0;22.3;22.3;29.0;9.5;0.0;50.0;0.0;0.0;0.0;0.0;0.0;888.0;888.0;888.0
Quixeramobim;ENCANTADO;-5.5031111111111;-39.308083333333;2007;3;90.7;10.3;0.0;0.0;13.7;9.3;0.0;0.0;0.0;0.0;26.6;0.0;8.0;0.0;1.0;4.0;3.8;0.0;14.0;0.0;0.0;0.0;0.0;0.0;0.0;0.0;0.0;0.0;0.0;0.0;0.0;0.0
Quixeramobim;ENCANTADO;-5.5031111111111;-39.308083333333;2007;4;169.8;24.0;0.0;0.0;0.0;0.0;0.0;0.0;0.0;0.0;0.0;0.0;0.0;0.0;0.0;0.0;0.0;0.0;8.5;4.0;9.5;55.5;0.0;46.6;6.0;0.0;4.2;11.5;0.0;0.0;0.0;888.0
Quixeramobim;ENCANTADO;-5.5031111111111;-39.308083333333;2007;5;95.3;64.5;24.0;0.0;0.0;0.0;0.0;0.0;0.0;0.0;0.0;0.0;6.8;0.0;0.0;0.0;0.0;0.0;0.0;0.0;0.0;0.0;0.0;0.0;0.0;0.0;0.0;0.0;0.0;0.0;0.0;0.0
Quixeramobim;ENCANTADO;-5.5031111111111;-39.308083333333;2007;6;34.5;0.0;0.0;6.0;11.5;5.3;11.7;0.0;0.0;0.0;0.0;0.0;0.0;0.0;0.0;0.0;0.0;0.0;0.0;0.0;0.0;0.0;0.0;0.0;0.0;0.0;0.0;0.0;0.0;0.0;0.0;888.0
Quixeramobim;ENCANTADO;-5.5031111111111;-39.308083333333;2007;7;0.0;0.0;0.0;0.0;0.0;0.0;0.0;0.0;0.0;0.0;0.0;0.0;0.0;0.0;0.0;0.0;0.0;0.0;0.0;0.0;0.0;0.0;0.0;0.0;0.0;0.0;0.0;0.0;0.0;0.0;0.0;0.0
Quixeramobim;ENCANTADO;-5.5031111111111;-39.308083333333;2007;8;0.0;0.0;0.0;0.0;0.0;0.0;0.0;0.0;0.0;0.0;0.0;0.0;0.0;0.0;0.0;0.0;0.0;0.0;0.0;0.0;0.0;0.0;0.0;0.0;0.0;0.0;0.0;0.0;0.0;0.0;0.0;0.0
Quixeramobim;ENCANTADO;-5.5031111111111;-39.308083333333;2007;9;0.0;0.0;0.0;0.0;0.0;0.0;0.0;0.0;0.0;0.0;0.0;0.0;0.0;0.0;0.0;0.0;0.0;0.0;0.0;0.0;0.0;0.0;0.0;0.0;0.0;0.0;0.0;0.0;0.0;0.0;0.0;888.0
Quixeramobim;ENCANTADO;-5.5031111111111;-39.308083333333;2007;10;0.0;0.0;0.0;0.0;0.0;0.0;0.0;0.0;0.0;0.0;0.0;0.0;0.0;0.0;0.0;0.0;0.0;0.0;0.0;0.0;0.0;0.0;0.0;0.0;0.0;0.0;0.0;0.0;0.0;0.0;0.0;0.0
Quixeramobim;ENCANTADO;-5.5031111111111;-39.308083333333;2007;11;0.0;0.0;0.0;0.0;0.0;0.0;0.0;0.0;0.0;0.0;0.0;0.0;0.0;0.0;0.0;0.0;0.0;0.0;0.0;0.0;0.0;0.0;0.0;0.0;0.0;0.0;0.0;0.0;0.0;0.0;0.0;888.0
Quixeramobim;ENCANTADO;-5.5031111111111;-39.308083333333;2007;12;0.0;0.0;0.0;0.0;0.0;0.0;0.0;0.0;0.0;0.0;0.0;0.0;0.0;0.0;0.0;0.0;0.0;0.0;0.0;0.0;0.0;0.0;0.0;0.0;0.0;0.0;0.0;0.0;0.0;0.0;0.0;0.0
Quixeramobim;ENCANTADO;-5.5031111111111;-39.308083333333;2008;1;33.5;0.0;0.0;0.0;0.0;0.0;0.0;0.0;0.0;0.0;0.0;0.0;0.0;0.0;0.0;0.0;11.2;0.0;0.0;0.0;0.0;0.0;0.0;9.8;12.5;0.0;0.0;0.0;0.0;0.0;0.0;0.0
Quixeramobim;ENCANTADO;-5.5031111111111;-39.308083333333;2008;2;43.0;5.5;17.0;0.0;0.0;0.0;0.0;0.0;0.0;0.0;0.0;0.0;0.0;0.0;0.0;0.0;20.5;0.0;0.0;0.0;0.0;0.0;0.0;0.0;0.0;0.0;0.0;0.0;0.0;0.0;888.0;888.0
Quixeramobim;ENCANTADO;-5.5031111111111;-39.308083333333;2008;3;252.4;5.5;0.0;0.0;0.0;0.0;0.0;5.5;7.5;10.0;0.0;0.0;0.0;15.4;30.0;32.5;0.0;0.0;0.0;0.0;20.0;0.0;23.7;56.0;15.3;0.0;5.0;5.0;21.0;0.0;0.0;0.0
Quixeramobim;ENCANTADO;-5.5031111111111;-39.308083333333;2008;4;198.4;36.4;35.8;0.0;0.0;0.0;0.0;0.0;0.0;15.3;0.0;0.0;0.0;0.0;11.4;0.0;0.0;0.0;0.0;0.0;0.0;0.0;9.0;0.0;32.0;0.0;0.0;0.0;0.0;52.5;6.0;888.0
Quixeramobim;ENCANTADO;-5.5031111111111;-39.308083333333;2008;5;125.7;0.0;0.0;0.0;0.0;8.0;0.0;0.0;0.0;0.0;38.0;18.5;0.0;0.0;0.0;0.0;0.0;9.0;8.8;0.0;0.0;0.0;4.2;0.0;0.0;0.0;0.0;8.8;5.2;0.0;24.0;1.2
Quixeramobim;ENCANTADO;-5.5031111111111;-39.308083333333;2008;6;53.2;0.0;0.0;0.0;0.0;14.5;0.0;0.0;0.0;17.0;0.0;0.0;0.0;0.0;0.0;1.0;0.0;0.0;10.7;0.0;0.0;0.0;0.0;0.0;10.0;0.0;0.0;0.0;0.0;0.0;0.0;888.0
Quixeramobim;ENCANTADO;-5.5031111111111;-39.308083333333;2008;7;21.0;0.0;21.0;999.0;999.0;999.0;999.0;999.0;999.0;999.0;999.0;999.0;999.0;999.0;999.0;999.0;999.0;999.0;999.0;999.0;999.0;999.0;999.0;999.0;999.0;999.0;999.0;999.0;999.0;999.0;999.0;999.0
Quixeramobim;ENCANTADO;-5.5031111111111;-39.308083333333;2008;8;0.0;0.0;999.0;999.0;999.0;999.0;999.0;999.0;999.0;999.0;999.0;999.0;999.0;999.0;999.0;999.0;999.0;999.0;999.0;999.0;999.0;999.0;999.0;999.0;999.0;999.0;999.0;999.0;999.0;999.0;999.0;999.0
Quixeramobim;ENCANTADO;-5.5031111111111;-39.308083333333;2008;12;0.0;0.0;999.0;999.0;999.0;999.0;999.0;999.0;999.0;999.0;999.0;999.0;999.0;999.0;999.0;999.0;999.0;999.0;999.0;999.0;999.0;999.0;999.0;999.0;999.0;999.0;999.0;999.0;999.0;999.0;999.0;999.0
Quixeramobim;ENCANTADO;-5.5031111111111;-39.308083333333;2009;1;10.2;0.0;0.0;0.0;0.0;0.0;0.0;0.0;0.0;0.0;0.0;0.0;0.0;0.0;0.0;0.0;0.0;0.0;0.0;0.0;0.0;0.0;8.2;0.0;0.0;0.0;0.0;0.0;0.0;0.0;0.0;2.0
Quixeramobim;ENCANTADO;-5.5031111111111;-39.308083333333;2009;2;143.7;0.0;0.0;18.8;0.0;0.0;0.0;0.0;0.0;0.0;0.0;0.0;0.0;0.0;19.4;0.0;8.0;5.0;0.0;0.0;0.0;42.0;8.0;24.5;7.0;0.0;0.0;0.0;11.0;888.0;888.0;888.0
Quixeramobim;ENCANTADO;-5.5031111111111;-39.308083333333;2009;3;172.2;14.6;30.0;39.0;5.0;0.0;2.6;0.0;16.0;0.0;0.0;0.0;0.0;0.0;11.4;6.0;30.0;0.0;7.2;0.0;0.0;0.0;0.0;0.0;0.0;0.0;0.0;0.0;0.0;0.0;10.4;0.0
Quixeramobim;ENCANTADO;-5.5031111111111;-39.308083333333;2009;4;371.4;0.0;8.8;0.0;5.8;0.0;0.0;0.0;8.2;0.0;2.8;0.0;6.4;0.0;0.0;0.0;65.5;3.3;22.0;0.0;80.0;23.0;13.0;85.0;22.2;2.0;0.0;0.0;0.0;0.0;23.4;888.0
Quixeramobim;ENCANTADO;-5.5031111111111;-39.308083333333;2009;5;335.6;0.0;80.0;0.0;0.0;36.0;15.0;0.0;0.0;36.0;0.0;0.0;8.0;0.0;0.0;61.0;0.0;0.0;0.0;4.2;0.0;0.0;0.0;8.0;2.4;0.0;29.0;18.0;38.0;0.0;0.0;0.0
Quixeramobim;ENCANTADO;-5.5031111111111;-39.308083333333;2009;6;52.0;0.0;0.0;19.0;0.0;0.0;13.0;0.0;0.0;0.0;0.0;0.0;0.0;0.0;0.0;0.0;0.0;0.0;0.0;0.0;0.0;0.0;0.0;0.0;0.0;0.0;13.0;0.0;7.0;0.0;0.0;888.0
Quixeramobim;ENCANTADO;-5.5031111111111;-39.308083333333;2009;7;77.7;0.0;9.2;36.4;0.0;0.0;0.0;0.0;7.0;0.0;0.0;17.0;0.0;0.0;0.0;0.0;0.0;0.0;0.0;0.0;0.0;0.0;4.5;3.6;0.0;0.0;0.0;0.0;0.0;0.0;0.0;0.0
Quixeramobim;ENCANTADO;-5.5031111111111;-39.308083333333;2009;8;95.7;0.0;0.0;0.0;0.0;0.0;0.0;5.2;0.0;0.0;0.0;0.0;0.0;0.0;0.0;0.0;0.0;0.0;0.0;0.0;0.0;0.0;0.0;0.0;0.0;0.0;44.5;46.0;0.0;0.0;0.0;0.0
Quixeramobim;ENCANTADO;-5.5031111111111;-39.308083333333;2009;9;0.0;0.0;0.0;0.0;0.0;0.0;0.0;0.0;0.0;0.0;0.0;0.0;0.0;0.0;0.0;0.0;0.0;0.0;0.0;0.0;0.0;0.0;0.0;0.0;0.0;0.0;0.0;0.0;0.0;0.0;0.0;888.0
Quixeramobim;ENCANTADO;-5.5031111111111;-39.308083333333;2009;10;0.0;0.0;0.0;0.0;0.0;0.0;0.0;0.0;0.0;0.0;0.0;0.0;0.0;0.0;0.0;0.0;0.0;0.0;0.0;0.0;0.0;0.0;0.0;0.0;0.0;0.0;0.0;0.0;0.0;0.0;0.0;0.0
Quixeramobim;ENCANTADO;-5.5031111111111;-39.308083333333;2009;11;0.0;0.0;0.0;0.0;0.0;0.0;0.0;0.0;0.0;0.0;0.0;0.0;0.0;0.0;0.0;0.0;0.0;0.0;0.0;0.0;0.0;0.0;0.0;0.0;0.0;0.0;0.0;0.0;0.0;0.0;0.0;888.0
Quixeramobim;ENCANTADO;-5.5031111111111;-39.308083333333;2009;12;10.5;0.0;0.0;0.0;0.0;0.0;0.0;0.0;0.0;0.0;0.0;0.0;0.0;0.0;0.0;0.0;0.0;0.0;0.0;0.0;0.0;0.0;0.0;0.0;0.0;0.0;0.0;0.0;0.0;0.0;10.5;0.0
Quixeramobim;ENCANTADO;-5.5031111111111;-39.308083333333;2010;1;99.3;0.0;20.0;2.0;0.0;0.0;0.0;0.0;0.0;0.0;0.0;0.0;0.0;0.0;0.0;0.0;0.0;0.0;0.0;0.0;42.5;0.0;0.0;2.3;0.0;0.0;0.0;24.0;0.0;0.0;0.0;8.5
Quixeramobim;ENCANTADO;-5.5031111111111;-39.308083333333;2010;2;12.8;0.0;0.0;1.0;0.0;0.0;0.0;0.0;0.0;0.0;0.0;0.0;0.0;0.0;0.0;11.8;0.0;0.0;0.0;0.0;0.0;0.0;0.0;0.0;0.0;0.0;0.0;0.0;0.0;888.0;888.0;888.0
Quixeramobim;ENCANTADO;-5.5031111111111;-39.308083333333;2010;3;82.0;0.0;42.0;0.0;0.0;0.0;0.0;0.0;0.0;0.0;0.0;0.0;0.0;0.0;0.0;0.0;0.0;0.0;5.0;0.0;0.0;0.0;0.0;0.0;7.0;1.0;0.0;0.0;0.0;2.0;25.0;0.0
Quixeramobim;ENCANTADO;-5.5031111111111;-39.308083333333;2010;4;163.5;0.0;0.0;0.0;19.0;0.0;0.0;0.0;0.0;0.0;13.0;7.5;70.4;18.0;0.0;0.0;0.0;0.0;13.0;12.8;0.0;2.2;0.0;0.0;0.0;0.0;0.0;0.0;2.2;0.0;5.4;888.0
Quixeramobim;ENCANTADO;-5.5031111111111;-39.308083333333;2010;5;46.0;0.0;0.0;0.0;46.0;0.0;0.0;0.0;0.0;0.0;0.0;0.0;0.0;0.0;0.0;0.0;0.0;0.0;0.0;0.0;0.0;0.0;0.0;0.0;0.0;0.0;0.0;0.0;0.0;0.0;0.0;0.0
Quixeramobim;ENCANTADO;-5.5031111111111;-39.308083333333;2010;6;36.7;0.0;0.0;4.2;0.0;0.0;6.2;0.0;4.5;0.0;0.0;0.0;0.0;13.8;0.0;0.0;0.0;8.0;0.0;0.0;0.0;0.0;0.0;0.0;0.0;0.0;0.0;0.0;0.0;0.0;0.0;888.0
Quixeramobim;ENCANTADO;-5.5031111111111;-39.308083333333;2010;7;9.0;0.0;0.0;0.0;0.0;0.0;0.0;0.0;0.0;0.0;0.0;0.0;0.0;9.0;0.0;0.0;0.0;0.0;0.0;0.0;0.0;0.0;0.0;0.0;0.0;0.0;0.0;0.0;0.0;0.0;0.0;0.0
Quixeramobim;ENCANTADO;-5.5031111111111;-39.308083333333;2010;8;0.0;0.0;0.0;0.0;0.0;0.0;0.0;0.0;0.0;0.0;0.0;0.0;0.0;0.0;0.0;0.0;0.0;0.0;0.0;0.0;0.0;0.0;0.0;0.0;0.0;0.0;0.0;0.0;0.0;0.0;0.0;0.0
Quixeramobim;ENCANTADO;-5.5031111111111;-39.308083333333;2010;9;0.0;0.0;0.0;0.0;0.0;0.0;0.0;0.0;0.0;0.0;0.0;0.0;0.0;0.0;0.0;0.0;0.0;0.0;0.0;0.0;0.0;0.0;0.0;0.0;0.0;0.0;0.0;0.0;0.0;0.0;0.0;888.0
Quixeramobim;ENCANTADO;-5.5031111111111;-39.308083333333;2010;10;23.5;0.0;0.0;0.0;0.0;0.0;0.0;0.0;0.0;0.0;0.0;0.0;0.0;0.0;0.0;0.0;0.0;0.0;0.0;0.0;0.0;0.0;23.5;0.0;0.0;0.0;0.0;0.0;0.0;0.0;0.0;0.0
Quixeramobim;ENCANTADO;-5.5031111111111;-39.308083333333;2010;11;0.0;0.0;0.0;0.0;0.0;0.0;0.0;0.0;0.0;0.0;0.0;0.0;0.0;0.0;0.0;0.0;0.0;0.0;0.0;0.0;0.0;0.0;0.0;0.0;0.0;0.0;0.0;0.0;0.0;0.0;0.0;888.0
Quixeramobim;ENCANTADO;-5.5031111111111;-39.308083333333;2010;12;59.3;0.0;0.0;0.0;0.0;0.0;0.0;0.0;0.0;0.0;0.0;16.0;0.0;0.0;23.7;0.0;0.0;0.0;19.6;0.0;0.0;0.0;0.0;0.0;0.0;0.0;0.0;0.0;0.0;0.0;0.0;0.0
Quixeramobim;ENCANTADO;-5.5031111111111;-39.308083333333;2011;1;161.4;0.0;0.0;0.0;0.0;0.0;6.0;0.0;0.0;0.0;20.0;39.0;0.0;0.0;0.0;0.0;0.0;0.0;0.0;0.0;21.6;7.5;0.0;0.0;35.1;8.2;0.0;0.0;24.0;0.0;0.0;0.0
Quixeramobim;ENCANTADO;-5.5031111111111;-39.308083333333;2011;2;158.4;0.0;0.0;0.0;0.0;4.3;0.0;0.0;0.0;0.0;0.0;0.0;0.0;0.0;0.0;0.0;6.7;0.0;5.7;0.0;0.0;10.0;0.0;0.0;4.7;0.0;0.0;31.5;95.5;888.0;888.0;888.0
Quixeramobim;ENCANTADO;-5.5031111111111;-39.308083333333;2011;3;111.8;0.0;24.0;0.0;0.0;36.0;10.0;0.0;0.0;12.3;0.0;5.7;0.0;0.0;0.0;0.0;9.9;0.0;0.0;0.0;0.0;0.0;0.0;0.0;0.0;13.9;0.0;0.0;0.0;0.0;0.0;0.0
Quixeramobim;ENCANTADO;-5.5031111111111;-39.308083333333;2011;4;151.6;0.0;0.0;0.0;0.0;0.0;20.6;0.0;0.0;0.0;0.0;29.0;7.7;7.8;9.2;0.0;7.6;0.0;14.0;11.0;0.0;0.0;11.5;0.0;0.0;33.2;0.0;0.0;0.0;0.0;0.0;888.0
Quixeramobim;ENCANTADO;-5.5031111111111;-39.308083333333;2011;5;243.0;14.4;0.0;0.0;21.0;19.2;45.5;17.2;0.0;0.0;0.0;67.5;0.0;0.0;0.0;0.0;0.0;0.0;0.0;0.0;56.0;2.2;0.0;0.0;0.0;0.0;0.0;0.0;0.0;0.0;0.0;0.0
Quixeramobim;ENCANTADO;-5.5031111111111;-39.308083333333;2011;6;80.1;0.0;0.0;0.0;0.0;0.0;0.0;0.0;0.0;0.0;0.0;0.0;0.0;0.0;0.0;0.0;0.0;0.0;18.0;23.2;8.4;0.0;0.0;21.5;9.0;0.0;0.0;0.0;0.0;0.0;0.0;888.0
Quixeramobim;ENCANTADO;-5.5031111111111;-39.308083333333;2011;7;92.4;0.0;0.0;0.0;0.0;0.0;0.0;28.0;0.0;17.2;0.0;3.0;24.2;0.0;0.0;0.0;20.0;0.0;0.0;0.0;0.0;0.0;0.0;0.0;0.0;0.0;0.0;0.0;0.0;0.0;0.0;0.0
Quixeramobim;ENCANTADO;-5.5031111111111;-39.308083333333;2011;8;0.0;0.0;0.0;0.0;0.0;0.0;0.0;0.0;0.0;0.0;0.0;0.0;0.0;0.0;0.0;0.0;0.0;0.0;0.0;0.0;0.0;0.0;0.0;0.0;0.0;0.0;0.0;0.0;0.0;0.0;0.0;0.0
Quixeramobim;ENCANTADO;-5.5031111111111;-39.308083333333;2011;9;0.0;0.0;0.0;0.0;0.0;0.0;0.0;0.0;0.0;0.0;0.0;0.0;0.0;0.0;0.0;0.0;0.0;0.0;0.0;0.0;0.0;0.0;0.0;0.0;0.0;0.0;0.0;0.0;0.0;0.0;0.0;888.0
Quixeramobim;ENCANTADO;-5.5031111111111;-39.308083333333;2011;10;15.7;0.0;0.0;0.0;0.0;0.0;0.0;0.0;0.0;0.0;0.0;0.0;0.0;0.0;0.0;0.0;0.0;0.0;0.0;0.0;0.0;15.7;0.0;0.0;0.0;0.0;0.0;0.0;0.0;0.0;0.0;0.0
Quixeramobim;ENCANTADO;-5.5031111111111;-39.308083333333;2011;11;17.0;0.0;0.0;0.0;0.0;15.0;0.0;0.0;0.0;0.0;0.0;0.0;2.0;0.0;0.0;0.0;0.0;0.0;0.0;0.0;0.0;0.0;0.0;0.0;0.0;0.0;0.0;0.0;0.0;0.0;0.0;888.0
Quixeramobim;ENCANTADO;-5.5031111111111;-39.308083333333;2011;12;0.0;0.0;0.0;0.0;0.0;0.0;0.0;0.0;0.0;0.0;0.0;0.0;0.0;0.0;0.0;0.0;0.0;0.0;0.0;0.0;0.0;0.0;0.0;0.0;0.0;0.0;0.0;0.0;0.0;0.0;0.0;0.0
Quixeramobim;ENCANTADO;-5.5031111111111;-39.308083333333;2012;1;131.7;0.0;0.0;0.0;0.0;0.0;0.0;0.0;0.0;0.0;0.0;0.0;0.0;0.0;0.0;0.0;0.0;0.0;0.0;22.2;0.0;0.0;0.0;13.2;76.3;20.0;999.0;999.0;999.0;999.0;999.0;999.0
Quixeramobim;ENCANTADO;-5.5031111111111;-39.308083333333;2012;3;0.0;0.0;999.0;999.0;999.0;999.0;999.0;999.0;999.0;999.0;999.0;999.0;999.0;999.0;999.0;999.0;999.0;999.0;999.0;999.0;999.0;999.0;999.0;999.0;999.0;999.0;999.0;999.0;999.0;999.0;999.0;999.0
Quixeramobim;ENCANTADO;-5.5031111111111;-39.308083333333;2013;1;0.0;0.0;0.0;0.0;0.0;0.0;0.0;0.0;0.0;0.0;0.0;0.0;0.0;0.0;0.0;0.0;0.0;0.0;0.0;0.0;0.0;0.0;0.0;0.0;0.0;0.0;0.0;0.0;0.0;0.0;0.0;0.0
Quixeramobim;ENCANTADO;-5.5031111111111;-39.308083333333;2013;2;27.6;0.0;0.0;0.0;0.0;0.0;0.0;0.0;0.0;0.0;0.0;0.0;0.0;0.0;0.0;0.0;7.1;3.5;4.5;4.5;8.0;0.0;0.0;0.0;0.0;0.0;0.0;0.0;0.0;888.0;888.0;888.0
Quixeramobim;ENCANTADO;-5.5031111111111;-39.308083333333;2013;3;110.9;0.0;0.0;0.0;0.0;0.0;0.0;0.0;0.0;0.0;0.0;0.0;0.0;0.0;0.0;0.0;0.0;42.2;0.0;35.2;6.0;0.0;0.0;0.0;0.0;19.1;0.0;0.0;4.2;4.2;0.0;0.0
Quixeramobim;ENCANTADO;-5.5031111111111;-39.308083333333;2013;4;111.8;0.0;0.0;0.0;4.7;3.8;1.0;0.0;0.0;5.5;0.0;0.0;0.0;0.0;0.0;0.0;9.8;0.0;0.0;5.6;48.0;0.0;0.0;0.0;6.6;2.2;1.6;0.0;0.0;0.0;23.0;888.0
Quixeramobim;ENCANTADO;-5.5031111111111;-39.308083333333;2013;5;125.7;0.0;9.6;0.0;0.0;0.0;0.0;0.0;14.0;4.0;60.0;4.5;3.0;0.0;3.0;20.0;0.0;0.0;4.8;2.8;0.0;0.0;0.0;0.0;0.0;0.0;0.0;0.0;0.0;0.0;0.0;0.0
Quixeramobim;ENCANTADO;-5.5031111111111;-39.308083333333;2013;6;156.0;0.0;0.0;0.0;0.0;0.0;7.0;0.0;0.0;2.0;0.0;0.0;0.0;4.6;95.3;0.0;0.0;0.0;0.0;0.0;0.0;0.0;42.0;0.0;0.0;0.0;0.0;3.8;1.3;0.0;0.0;888.0
Quixeramobim;ENCANTADO;-5.5031111111111;-39.308083333333;2013;7;56.8;0.0;0.0;0.0;4.0;0.0;0.0;0.0;0.0;0.0;0.0;0.0;0.0;0.0;0.0;44.0;0.0;0.0;7.6;0.0;0.0;1.2;0.0;0.0;0.0;0.0;0.0;0.0;0.0;0.0;0.0;0.0
Quixeramobim;ENCANTADO;-5.5031111111111;-39.308083333333;2013;8;0.0;0.0;0.0;0.0;0.0;0.0;0.0;0.0;0.0;0.0;0.0;0.0;0.0;0.0;0.0;0.0;0.0;0.0;0.0;0.0;0.0;0.0;0.0;0.0;0.0;0.0;0.0;0.0;0.0;0.0;0.0;0.0
Quixeramobim;ENCANTADO;-5.5031111111111;-39.308083333333;2013;9;5.0;0.0;0.0;0.0;0.0;0.0;0.0;0.0;0.0;5.0;0.0;0.0;0.0;0.0;0.0;0.0;0.0;0.0;0.0;0.0;0.0;0.0;0.0;0.0;0.0;0.0;0.0;0.0;0.0;0.0;0.0;888.0
Quixeramobim;ENCANTADO;-5.5031111111111;-39.308083333333;2013;10;0.0;0.0;0.0;0.0;0.0;0.0;0.0;0.0;0.0;0.0;0.0;0.0;0.0;0.0;0.0;0.0;0.0;0.0;0.0;0.0;0.0;0.0;0.0;0.0;0.0;0.0;0.0;0.0;0.0;0.0;0.0;0.0
Quixeramobim;ENCANTADO;-5.5031111111111;-39.308083333333;2013;11;16.7;0.0;0.0;0.0;16.7;0.0;0.0;0.0;0.0;0.0;0.0;0.0;0.0;0.0;0.0;0.0;0.0;0.0;0.0;0.0;0.0;0.0;0.0;0.0;0.0;0.0;0.0;0.0;0.0;0.0;0.0;888.0
Quixeramobim;ENCANTADO;-5.5031111111111;-39.308083333333;2013;12;23.9;0.0;0.0;0.0;0.0;0.0;0.0;0.0;0.0;0.0;0.0;0.0;0.0;0.0;0.0;0.0;0.0;0.0;0.0;0.0;17.9;6.0;0.0;0.0;0.0;0.0;0.0;0.0;0.0;0.0;0.0;0.0
Quixeramobim;ENCANTADO;-5.5031111111111;-39.308083333333;2014;1;13.0;0.0;0.0;0.0;0.0;0.0;0.0;0.0;0.0;0.0;0.0;0.0;0.0;0.0;0.0;0.0;0.0;0.0;0.0;0.0;1.8;0.0;0.0;0.0;0.0;0.0;0.0;0.0;0.0;0.0;0.0;11.2
Quixeramobim;ENCANTADO;-5.5031111111111;-39.308083333333;2014;2;67.0;0.0;0.0;0.0;18.0;0.0;0.0;0.0;0.0;3.5;0.0;10.1;0.0;0.0;0.0;0.0;0.0;21.2;0.0;0.0;14.2;0.0;0.0;0.0;0.0;0.0;0.0;0.0;0.0;888.0;888.0;888.0
Quixeramobim;ENCANTADO;-5.5031111111111;-39.308083333333;2014;3;185.1;0.0;0.0;0.0;0.0;0.0;0.0;0.0;0.0;0.0;34.6;6.8;0.0;0.0;10.6;0.0;78.0;0.0;0.0;12.0;0.0;0.0;0.0;0.0;0.0;0.0;0.0;0.0;1.8;24.7;0.0;16.6
Quixeramobim;ENCANTADO;-5.5031111111111;-39.308083333333;2014;4;112.1;6.8;0.0;0.0;17.0;0.0;0.0;7.0;3.3;0.0;0.0;17.5;27.0;20.0;0.0;0.0;5.5;0.0;0.0;0.0;0.0;0.0;0.0;0.0;0.0;0.0;0.0;0.0;8.0;0.0;0.0;888.0
Quixeramobim;ENCANTADO;-5.5031111111111;-39.308083333333;2014;5;125.5;11.4;4.3;7.2;19.1;0.0;10.2;0.0;3.7;0.0;0.0;0.0;0.0;0.0;3.7;0.0;0.0;0.0;0.0;0.0;0.0;0.0;9.8;0.0;0.0;0.0;0.0;0.0;0.0;45.8;10.3;0.0
Quixeramobim;ENCANTADO;-5.5031111111111;-39.308083333333;2014;6;0.0;0.0;0.0;0.0;0.0;0.0;0.0;0.0;0.0;0.0;0.0;0.0;0.0;0.0;0.0;0.0;0.0;0.0;0.0;0.0;0.0;0.0;0.0;0.0;0.0;0.0;0.0;0.0;0.0;0.0;0.0;888.0
Quixeramobim;ENCANTADO;-5.5031111111111;-39.308083333333;2014;7;0.0;0.0;0.0;0.0;0.0;0.0;0.0;0.0;0.0;0.0;0.0;0.0;0.0;0.0;0.0;0.0;0.0;0.0;0.0;0.0;0.0;0.0;0.0;0.0;0.0;0.0;0.0;0.0;0.0;0.0;0.0;0.0
Quixeramobim;ENCANTADO;-5.5031111111111;-39.308083333333;2014;8;0.0;0.0;0.0;0.0;0.0;0.0;0.0;0.0;0.0;0.0;0.0;0.0;0.0;0.0;0.0;0.0;0.0;0.0;0.0;0.0;0.0;0.0;0.0;0.0;0.0;0.0;0.0;0.0;0.0;0.0;0.0;0.0
Quixeramobim;ENCANTADO;-5.5031111111111;-39.308083333333;2014;9;0.0;0.0;0.0;0.0;0.0;0.0;0.0;0.0;0.0;0.0;0.0;0.0;0.0;0.0;0.0;0.0;0.0;0.0;0.0;0.0;0.0;0.0;0.0;0.0;0.0;0.0;0.0;0.0;0.0;0.0;0.0;888.0
Quixeramobim;ENCANTADO;-5.5031111111111;-39.308083333333;2014;10;0.0;0.0;0.0;0.0;0.0;0.0;0.0;0.0;0.0;0.0;0.0;0.0;0.0;0.0;0.0;0.0;0.0;0.0;0.0;0.0;0.0;0.0;0.0;0.0;0.0;0.0;0.0;0.0;0.0;0.0;0.0;0.0
Quixeramobim;ENCANTADO;-5.5031111111111;-39.308083333333;2014;11;0.0;0.0;0.0;0.0;0.0;0.0;0.0;0.0;0.0;0.0;0.0;0.0;0.0;0.0;0.0;0.0;0.0;0.0;0.0;0.0;0.0;0.0;0.0;0.0;0.0;0.0;0.0;0.0;0.0;0.0;0.0;888.0
Quixeramobim;ENCANTADO;-5.5031111111111;-39.308083333333;2014;12;0.0;0.0;0.0;0.0;0.0;0.0;0.0;0.0;0.0;0.0;0.0;0.0;0.0;0.0;0.0;0.0;0.0;0.0;0.0;0.0;0.0;0.0;0.0;0.0;0.0;0.0;0.0;0.0;0.0;0.0;0.0;0.0
Quixeramobim;ENCANTADO;-5.5031111111111;-39.308083333333;2015;1;16.5;0.0;0.0;0.0;16.5;0.0;0.0;0.0;0.0;0.0;0.0;0.0;0.0;0.0;0.0;0.0;0.0;0.0;0.0;0.0;0.0;0.0;0.0;0.0;0.0;0.0;0.0;0.0;0.0;0.0;0.0;0.0
Quixeramobim;ENCANTADO;-5.5031111111111;-39.308083333333;2015;2;109.6;0.0;0.0;26.1;0.0;12.5;0.0;0.0;0.0;0.0;0.0;0.0;0.0;0.0;0.0;0.0;7.8;0.0;0.0;0.0;50.9;0.0;4.8;3.5;4.0;0.0;0.0;0.0;0.0;888.0;888.0;888.0
Quixeramobim;ENCANTADO;-5.5031111111111;-39.308083333333;2015;3;170.9;0.0;13.5;0.0;0.0;0.0;31.0;0.0;0.0;30.4;0.0;0.0;0.0;0.0;0.0;0.0;0.0;0.0;0.0;0.0;0.0;0.0;0.0;96.0;0.0;0.0;0.0;0.0;0.0;0.0;0.0;0.0
Quixeramobim;ENCANTADO;-5.5031111111111;-39.308083333333;2015;4;8.6;0.0;0.0;0.0;0.0;0.0;0.0;0.0;0.0;0.0;0.0;0.0;3.0;0.0;0.0;0.0;0.0;0.0;0.0;0.0;0.0;3.6;0.0;0.0;0.0;2.0;0.0;0.0;0.0;0.0;0.0;888.0
Quixeramobim;ENCANTADO;-5.5031111111111;-39.308083333333;2015;5;49.4;0.0;0.0;0.0;0.0;0.0;0.0;0.0;9.0;0.0;0.0;0.0;0.0;0.0;0.0;0.0;0.0;0.0;0.0;0.0;0.0;5.2;5.2;0.0;0.0;0.0;0.0;0.0;0.0;0.0;30.0;0.0
Quixeramobim;ENCANTADO;-5.5031111111111;-39.308083333333;2015;6;61.6;0.0;0.0;0.0;27.0;3.1;2.0;0.0;6.0;0.0;0.0;0.0;0.0;0.0;0.0;0.0;0.0;0.0;0.0;0.0;0.0;0.0;0.0;0.0;5.5;0.0;0.0;0.0;0.0;5.0;13.0;888.0
Quixeramobim;ENCANTADO;-5.5031111111111;-39.308083333333;2015;7;0.0;0.0;0.0;0.0;0.0;0.0;0.0;0.0;0.0;0.0;0.0;0.0;0.0;0.0;0.0;0.0;0.0;0.0;0.0;0.0;0.0;0.0;0.0;0.0;0.0;0.0;0.0;0.0;0.0;0.0;0.0;0.0
Quixeramobim;ENCANTADO;-5.5031111111111;-39.308083333333;2015;8;0.0;0.0;0.0;0.0;0.0;0.0;0.0;0.0;0.0;0.0;0.0;0.0;0.0;0.0;0.0;0.0;0.0;0.0;0.0;0.0;0.0;0.0;0.0;0.0;0.0;0.0;0.0;0.0;0.0;0.0;0.0;0.0
Quixeramobim;ENCANTADO;-5.5031111111111;-39.308083333333;2015;9;0.0;0.0;0.0;0.0;0.0;0.0;0.0;0.0;0.0;0.0;0.0;0.0;0.0;0.0;0.0;0.0;0.0;0.0;0.0;0.0;0.0;0.0;0.0;0.0;0.0;0.0;0.0;0.0;0.0;0.0;0.0;888.0
Quixeramobim;ENCANTADO;-5.5031111111111;-39.308083333333;2015;10;0.0;0.0;0.0;0.0;0.0;0.0;0.0;0.0;0.0;0.0;0.0;0.0;0.0;0.0;0.0;0.0;0.0;0.0;0.0;0.0;0.0;0.0;0.0;0.0;0.0;0.0;0.0;0.0;0.0;0.0;0.0;0.0
Quixeramobim;ENCANTADO;-5.5031111111111;-39.308083333333;2015;11;0.0;0.0;0.0;0.0;0.0;0.0;0.0;0.0;0.0;0.0;0.0;0.0;0.0;0.0;0.0;0.0;0.0;0.0;0.0;0.0;0.0;0.0;0.0;0.0;0.0;0.0;0.0;0.0;0.0;0.0;0.0;888.0
Quixeramobim;ENCANTADO;-5.5031111111111;-39.308083333333;2015;12;0.0;0.0;0.0;0.0;0.0;0.0;0.0;0.0;0.0;0.0;0.0;0.0;0.0;0.0;0.0;0.0;0.0;0.0;0.0;0.0;0.0;0.0;0.0;0.0;0.0;0.0;0.0;0.0;0.0;0.0;0.0;0.0
Quixeramobim;ENCANTADO;-5.5031111111111;-39.308083333333;2016;1;145.8;0.0;0.0;0.0;0.0;0.0;0.0;0.0;10.8;4.2;0.0;0.0;0.0;0.0;14.0;0.0;0.0;0.0;15.0;0.0;0.0;50.5;13.0;9.0;3.0;9.5;9.7;0.0;0.0;0.0;0.0;7.1
Quixeramobim;ENCANTADO;-5.5031111111111;-39.308083333333;2016;2;3.0;0.0;0.0;0.0;0.0;0.0;0.0;0.0;3.0;0.0;0.0;0.0;0.0;0.0;0.0;0.0;0.0;0.0;0.0;0.0;0.0;0.0;0.0;0.0;0.0;0.0;0.0;0.0;0.0;0.0;888.0;888.0
Quixeramobim;ENCANTADO;-5.5031111111111;-39.308083333333;2016;3;80.6;0.0;0.0;2.3;0.0;0.0;4.5;0.0;0.0;0.0;0.0;0.0;0.0;0.0;0.0;0.0;0.0;7.4;38.4;0.0;0.0;0.0;0.0;0.0;0.0;0.0;0.0;3.0;0.0;0.0;25.0;0.0
Quixeramobim;ENCANTADO;-5.5031111111111;-39.308083333333;2016;4;82.7;0.0;0.0;3.5;0.0;3.0;0.0;0.0;0.0;0.0;0.0;0.0;28.0;0.0;0.0;8.0;7.0;3.2;30.0;0.0;0.0;0.0;0.0;0.0;0.0;0.0;0.0;0.0;0.0;0.0;0.0;888.0
Quixeramobim;ENCANTADO;-5.5031111111111;-39.308083333333;2016;5;61.3;0.0;0.0;20.0;0.0;0.0;2.4;0.0;0.0;7.4;0.0;11.4;0.0;0.0;0.0;8.6;0.0;0.0;0.0;0.0;0.0;0.0;0.0;0.0;0.0;0.0;11.5;0.0;0.0;0.0;0.0;0.0
Quixeramobim;ENCANTADO;-5.5031111111111;-39.308083333333;2016;6;29.5;17.5;0.0;0.0;0.0;0.0;0.0;0.0;0.0;0.0;0.0;0.0;5.0;0.0;0.0;0.0;0.0;0.0;0.0;0.0;0.0;0.0;0.0;7.0;0.0;0.0;0.0;0.0;0.0;0.0;0.0;888.0
Quixeramobim;ENCANTADO;-5.5031111111111;-39.308083333333;2016;7;0.0;0.0;0.0;0.0;0.0;0.0;0.0;0.0;0.0;0.0;0.0;0.0;0.0;0.0;0.0;0.0;0.0;0.0;0.0;0.0;0.0;0.0;0.0;0.0;0.0;0.0;0.0;0.0;0.0;0.0;0.0;0.0
Quixeramobim;ENCANTADO;-5.5031111111111;-39.308083333333;2016;8;0.0;0.0;0.0;0.0;0.0;0.0;0.0;0.0;0.0;0.0;0.0;0.0;0.0;0.0;0.0;0.0;0.0;0.0;0.0;0.0;0.0;0.0;0.0;0.0;0.0;0.0;0.0;0.0;0.0;0.0;0.0;0.0
Quixeramobim;ENCANTADO;-5.5031111111111;-39.308083333333;2016;9;0.0;0.0;0.0;0.0;0.0;0.0;0.0;0.0;0.0;0.0;0.0;0.0;0.0;0.0;0.0;0.0;0.0;0.0;0.0;0.0;0.0;0.0;0.0;0.0;0.0;0.0;0.0;0.0;0.0;0.0;0.0;888.0
Quixeramobim;ENCANTADO;-5.5031111111111;-39.308083333333;2016;10;0.0;0.0;0.0;0.0;0.0;0.0;0.0;0.0;0.0;0.0;0.0;0.0;0.0;0.0;0.0;0.0;0.0;0.0;0.0;0.0;0.0;0.0;0.0;0.0;0.0;0.0;0.0;0.0;0.0;0.0;0.0;0.0
Quixeramobim;ENCANTADO;-5.5031111111111;-39.308083333333;2016;11;0.0;0.0;0.0;0.0;0.0;0.0;0.0;0.0;0.0;0.0;0.0;0.0;0.0;0.0;0.0;0.0;0.0;0.0;0.0;0.0;0.0;0.0;0.0;0.0;0.0;0.0;0.0;0.0;0.0;0.0;0.0;888.0
Quixeramobim;ENCANTADO;-5.5031111111111;-39.308083333333;2016;12;0.0;0.0;0.0;0.0;0.0;0.0;0.0;0.0;0.0;0.0;0.0;0.0;0.0;0.0;0.0;0.0;0.0;0.0;0.0;0.0;0.0;0.0;0.0;0.0;0.0;0.0;0.0;0.0;0.0;0.0;0.0;0.0
Quixeramobim;ENCANTADO;-5.5031111111111;-39.308083333333;2017;1;17.3;0.0;0.0;0.0;0.0;0.0;0.0;0.0;0.0;0.0;0.0;0.0;0.0;0.0;0.0;0.0;0.0;0.0;0.0;0.0;9.1;0.0;0.0;0.0;5.2;0.0;0.0;0.0;3.0;0.0;0.0;0.0
Quixeramobim;ENCANTADO;-5.5031111111111;-39.308083333333;2017;2;162.5;0.0;0.0;0.0;0.0;0.0;0.0;0.0;0.0;0.0;0.0;60.0;16.0;0.0;0.0;0.0;0.0;0.0;51.0;0.0;32.0;3.5;0.0;0.0;0.0;0.0;0.0;0.0;0.0;888.0;888.0;888.0
Quixeramobim;ENCANTADO;-5.5031111111111;-39.308083333333;2017;3;167.5;0.0;18.5;26.0;0.0;0.0;0.0;0.0;0.0;9.0;14.0;31.0;0.0;0.0;0.0;12.8;9.0;15.0;2.6;0.0;0.0;0.0;0.0;9.6;0.0;0.0;0.0;0.0;0.0;0.0;0.0;20.0
Quixeramobim;ENCANTADO;-5.5031111111111;-39.308083333333;2017;4;57.2;0.0;0.0;5.3;0.0;0.0;0.0;0.0;0.0;0.0;11.5;13.0;3.6;6.1;5.6;0.0;0.0;0.0;0.0;0.0;0.0;0.0;0.0;0.0;0.0;0.0;0.0;0.0;3.6;8.5;0.0;888.0
Quixeramobim;ENCANTADO;-5.5031111111111;-39.308083333333;2017;5;75.0;0.0;0.0;0.0;11.0;0.0;0.0;0.0;0.0;10.0;3.0;32.0;19.0;0.0;0.0;0.0;0.0;0.0;0.0;0.0;0.0;0.0;0.0;0.0;0.0;0.0;0.0;0.0;0.0;0.0;0.0;0.0
Quixeramobim;ENCANTADO;-5.5031111111111;-39.308083333333;2017;6;0.0;0.0;0.0;0.0;0.0;0.0;0.0;0.0;0.0;0.0;0.0;0.0;0.0;0.0;0.0;0.0;0.0;0.0;0.0;0.0;0.0;0.0;0.0;0.0;0.0;0.0;0.0;0.0;0.0;0.0;0.0;888.0
Quixeramobim;ENCANTADO;-5.5031111111111;-39.308083333333;2017;7;31.3;4.3;0.0;0.0;0.0;0.0;0.0;6.0;0.0;0.0;0.0;10.0;0.0;0.0;0.0;0.0;0.0;0.0;0.0;0.0;0.0;0.0;11.0;0.0;0.0;0.0;0.0;0.0;0.0;0.0;0.0;0.0
Quixeramobim;ENCANTADO;-5.5031111111111;-39.308083333333;2017;8;0.0;0.0;0.0;0.0;0.0;0.0;0.0;0.0;0.0;0.0;0.0;0.0;0.0;0.0;0.0;0.0;0.0;0.0;0.0;0.0;0.0;0.0;0.0;0.0;0.0;0.0;0.0;0.0;0.0;0.0;0.0;0.0
Quixeramobim;ENCANTADO;-5.5031111111111;-39.308083333333;2017;9;0.0;0.0;0.0;0.0;0.0;0.0;0.0;0.0;0.0;0.0;0.0;0.0;0.0;0.0;0.0;0.0;0.0;0.0;0.0;0.0;0.0;0.0;0.0;0.0;0.0;0.0;0.0;0.0;0.0;0.0;0.0;888.0
Quixeramobim;ENCANTADO;-5.5031111111111;-39.308083333333;2017;10;0.0;0.0;0.0;0.0;0.0;0.0;0.0;0.0;0.0;0.0;0.0;0.0;0.0;0.0;0.0;0.0;0.0;0.0;0.0;0.0;0.0;0.0;0.0;0.0;0.0;0.0;0.0;0.0;0.0;0.0;0.0;0.0
Quixeramobim;ENCANTADO;-5.5031111111111;-39.308083333333;2017;11;0.0;0.0;0.0;0.0;0.0;0.0;0.0;0.0;0.0;0.0;0.0;0.0;0.0;0.0;0.0;0.0;0.0;0.0;0.0;0.0;0.0;0.0;0.0;0.0;0.0;0.0;0.0;0.0;0.0;0.0;0.0;888.0
Quixeramobim;ENCANTADO;-5.5031111111111;-39.308083333333;2017;12;0.0;0.0;0.0;0.0;0.0;0.0;0.0;0.0;0.0;0.0;0.0;0.0;0.0;0.0;0.0;0.0;0.0;0.0;0.0;0.0;0.0;0.0;0.0;0.0;0.0;0.0;0.0;0.0;0.0;0.0;0.0;0.0
Quixeramobim;ENCANTADO;-5.5031111111111;-39.308083333333;2018;1;74.0;0.0;0.0;0.0;0.0;0.0;0.0;0.0;0.0;0.0;0.0;0.0;0.0;0.0;0.0;0.0;0.0;0.0;0.0;0.0;5.0;0.0;0.0;0.0;9.5;39.0;0.0;0.0;20.5;0.0;0.0;0.0
Quixeramobim;ENCANTADO;-5.5031111111111;-39.308083333333;2018;2;58.9;0.0;0.0;0.0;0.0;0.0;0.0;0.0;21.0;0.0;0.0;5.0;0.0;0.0;3.6;0.0;0.0;9.8;0.0;0.0;0.0;6.5;0.0;0.0;0.0;13.0;0.0;0.0;0.0;888.0;888.0;888.0
Quixeramobim;ENCANTADO;-5.5031111111111;-39.308083333333;2018;3;164.4;3.0;0.0;0.0;2.4;0.0;0.0;0.0;0.0;0.0;0.0;0.0;0.0;0.0;0.0;0.0;0.0;0.0;0.0;0.0;0.0;0.0;6.2;0.0;0.0;3.4;0.0;0.0;0.0;5.6;19.8;124.0
Quixeramobim;ENCANTADO;-5.5031111111111;-39.308083333333;2018;4;276.6;36.0;29.6;0.0;0.0;0.0;3.5;0.0;55.5;16.5;29.0;10.0;15.0;41.0;0.0;0.0;25.0;0.0;0.0;0.0;0.0;0.0;0.0;0.0;0.0;0.0;0.0;0.0;0.0;7.0;8.5;888.0
Quixeramobim;ENCANTADO;-5.5031111111111;-39.308083333333;2018;5;52.2;8.6;11.5;0.0;0.0;0.0;0.0;0.0;0.0;0.0;0.0;0.0;0.0;6.6;5.0;0.0;4.5;11.0;0.0;0.0;0.0;0.0;0.0;0.0;0.0;0.0;3.0;0.0;2.0;0.0;0.0;0.0
Quixeramobim;ENCANTADO;-5.5031111111111;-39.308083333333;2018;6;20.0;0.0;0.0;6.0;0.0;0.0;0.0;0.0;0.0;0.0;0.0;0.0;0.0;0.0;0.0;0.0;0.0;14.0;0.0;0.0;0.0;0.0;0.0;0.0;0.0;0.0;0.0;0.0;0.0;0.0;0.0;888.0
Quixeramobim;ENCANTADO;-5.5031111111111;-39.308083333333;2018;7;6.0;0.0;0.0;6.0;0.0;0.0;0.0;0.0;0.0;0.0;0.0;0.0;0.0;0.0;0.0;0.0;0.0;0.0;0.0;0.0;0.0;0.0;0.0;0.0;0.0;0.0;0.0;0.0;0.0;0.0;0.0;0.0
Quixeramobim;ENCANTADO;-5.5031111111111;-39.308083333333;2018;8;0.0;0.0;0.0;0.0;0.0;0.0;0.0;0.0;0.0;0.0;0.0;0.0;0.0;0.0;0.0;0.0;0.0;0.0;0.0;0.0;0.0;0.0;0.0;0.0;0.0;0.0;0.0;0.0;0.0;0.0;0.0;0.0
Quixeramobim;ENCANTADO;-5.5031111111111;-39.308083333333;2018;9;0.0;0.0;0.0;0.0;0.0;0.0;0.0;0.0;0.0;0.0;0.0;0.0;0.0;0.0;0.0;0.0;0.0;0.0;0.0;0.0;0.0;0.0;0.0;0.0;0.0;0.0;0.0;0.0;999.0;999.0;999.0;888.0
