Municipios;Postos;Latitude;Longitude;Anos;Meses;Total;Dia1;Dia2;Dia3;Dia4;Dia5;Dia6;Dia7;Dia8;Dia9;Dia10;Dia11;Dia12;Dia13;Dia14;Dia15;Dia16;Dia17;Dia18;Dia19;Dia20;Dia21;Dia22;Dia23;Dia24;Dia25;Dia26;Dia27;Dia28;Dia29;Dia30;Dia31
Viçosa do Ceará;SITIO VAMBIRA;-3.6375;-41.148805555556;1998;6;3.2;0.0;0.0;0.0;0.0;0.0;0.0;0.0;0.0;0.0;0.0;0.6;0.0;0.0;0.0;0.0;0.0;2.6;0.0;0.0;0.0;0.0;0.0;0.0;0.0;0.0;0.0;0.0;0.0;0.0;0.0;888.0
Viçosa do Ceará;SITIO VAMBIRA;-3.6375;-41.148805555556;1998;7;1.0;0.0;0.0;0.0;0.0;0.0;0.0;0.0;0.0;0.0;0.0;0.0;0.0;0.0;0.0;1.0;0.0;0.0;0.0;0.0;0.0;0.0;0.0;0.0;0.0;0.0;0.0;0.0;0.0;0.0;0.0;0.0
Viçosa do Ceará;SITIO VAMBIRA;-3.6375;-41.148805555556;1998;8;0.0;0.0;0.0;0.0;0.0;0.0;0.0;0.0;0.0;0.0;0.0;0.0;0.0;0.0;0.0;0.0;0.0;0.0;0.0;0.0;0.0;0.0;0.0;0.0;0.0;0.0;0.0;0.0;0.0;0.0;0.0;0.0
Viçosa do Ceará;SITIO VAMBIRA;-3.6375;-41.148805555556;1998;9;31.6;0.0;0.0;0.0;0.0;0.0;0.0;0.0;0.0;0.0;0.0;0.0;0.0;0.0;0.0;0.0;0.0;1.0;0.0;0.0;0.0;0.0;6.0;24.6;0.0;0.0;0.0;0.0;0.0;0.0;0.0;888.0
Viçosa do Ceará;SITIO VAMBIRA;-3.6375;-41.148805555556;1998;10;0.0;0.0;0.0;0.0;0.0;0.0;0.0;0.0;0.0;0.0;0.0;0.0;0.0;0.0;0.0;0.0;0.0;0.0;0.0;0.0;0.0;0.0;0.0;0.0;0.0;0.0;0.0;0.0;0.0;0.0;0.0;0.0
Viçosa do Ceará;SITIO VAMBIRA;-3.6375;-41.148805555556;1998;11;0.0;0.0;0.0;0.0;0.0;0.0;0.0;0.0;0.0;0.0;0.0;0.0;0.0;0.0;0.0;0.0;0.0;0.0;0.0;0.0;0.0;0.0;0.0;0.0;0.0;0.0;0.0;0.0;0.0;0.0;0.0;888.0
Viçosa do Ceará;SITIO VAMBIRA;-3.6375;-41.148805555556;1998;12;46.0;0.0;0.0;0.0;0.0;0.0;0.0;0.0;0.0;0.0;0.0;0.0;0.0;0.0;0.0;0.0;0.0;0.0;0.0;0.0;0.0;0.0;39.0;7.0;0.0;0.0;0.0;0.0;0.0;0.0;0.0;0.0
Viçosa do Ceará;SITIO VAMBIRA;-3.6375;-41.148805555556;1999;1;84.7;0.0;0.0;0.0;0.0;0.0;0.0;0.0;0.0;14.0;2.0;2.5;0.0;0.0;16.8;0.0;0.0;0.0;13.2;3.4;0.0;0.0;0.0;5.2;0.0;0.0;0.0;2.0;0.8;0.0;19.0;5.8
Viçosa do Ceará;SITIO VAMBIRA;-3.6375;-41.148805555556;1999;2;120.8;8.6;2.2;0.0;11.4;5.2;8.4;0.0;4.8;6.4;0.0;0.0;0.0;2.8;0.0;0.0;0.0;0.0;18.2;0.0;0.2;0.0;8.8;10.2;7.2;2.6;4.8;2.4;16.6;888.0;888.0;888.0
Viçosa do Ceará;SITIO VAMBIRA;-3.6375;-41.148805555556;1999;3;241.4;4.4;6.2;13.6;5.6;7.4;1.0;6.0;0.0;16.6;0.0;0.0;0.0;11.0;5.6;27.6;8.4;12.0;8.8;22.8;26.6;3.6;0.0;29.8;0.0;6.2;2.0;4.0;10.0;2.2;0.0;0.0
Viçosa do Ceará;SITIO VAMBIRA;-3.6375;-41.148805555556;1999;4;159.6;0.8;0.0;3.6;4.4;6.2;5.6;0.0;0.0;0.0;3.0;0.0;0.0;17.2;0.0;0.0;8.4;0.0;0.0;0.0;4.6;0.0;7.2;0.0;0.0;4.6;3.2;1.4;53.8;35.6;0.0;888.0
Viçosa do Ceará;SITIO VAMBIRA;-3.6375;-41.148805555556;1999;5;185.4;7.2;15.2;0.0;10.6;13.0;3.0;3.2;1.0;20.0;0.0;0.6;9.0;0.0;2.8;9.4;21.6;10.2;19.6;0.0;0.0;0.0;0.0;3.4;0.0;0.0;0.0;0.0;0.0;0.0;0.0;35.6
Viçosa do Ceará;SITIO VAMBIRA;-3.6375;-41.148805555556;1999;6;72.4;30.6;0.0;0.0;0.0;12.8;0.0;9.0;0.0;0.0;0.0;0.0;0.0;0.0;0.0;0.0;0.0;20.0;0.0;0.0;0.0;0.0;0.0;0.0;0.0;0.0;0.0;0.0;0.0;0.0;0.0;888.0
Viçosa do Ceará;SITIO VAMBIRA;-3.6375;-41.148805555556;1999;7;28.8;0.0;0.0;0.0;0.0;0.0;0.0;20.2;8.6;0.0;0.0;0.0;0.0;0.0;0.0;0.0;0.0;0.0;0.0;0.0;0.0;0.0;0.0;0.0;0.0;0.0;0.0;0.0;0.0;0.0;0.0;0.0
Viçosa do Ceará;SITIO VAMBIRA;-3.6375;-41.148805555556;1999;8;0.0;0.0;0.0;0.0;0.0;0.0;0.0;0.0;0.0;0.0;0.0;0.0;0.0;0.0;0.0;0.0;0.0;0.0;0.0;0.0;0.0;0.0;0.0;0.0;0.0;0.0;0.0;0.0;0.0;0.0;0.0;0.0
Viçosa do Ceará;SITIO VAMBIRA;-3.6375;-41.148805555556;1999;9;0.0;0.0;0.0;0.0;0.0;0.0;0.0;0.0;0.0;0.0;0.0;0.0;0.0;0.0;0.0;0.0;0.0;0.0;0.0;0.0;0.0;0.0;0.0;0.0;0.0;0.0;0.0;0.0;0.0;0.0;0.0;888.0
Viçosa do Ceará;SITIO VAMBIRA;-3.6375;-41.148805555556;1999;10;6.5;0.0;0.0;0.0;0.0;0.0;0.0;0.0;0.0;0.0;6.5;0.0;0.0;0.0;0.0;0.0;0.0;0.0;0.0;0.0;0.0;0.0;0.0;0.0;0.0;0.0;0.0;0.0;0.0;0.0;0.0;0.0
Viçosa do Ceará;SITIO VAMBIRA;-3.6375;-41.148805555556;1999;11;22.8;0.0;0.0;0.0;0.0;0.0;0.0;0.0;0.0;0.0;0.0;0.0;0.0;0.0;0.0;0.0;0.0;0.0;0.0;0.0;0.0;0.0;0.0;0.0;0.0;4.8;17.8;0.2;0.0;0.0;0.0;888.0
Viçosa do Ceará;SITIO VAMBIRA;-3.6375;-41.148805555556;1999;12;52.0;0.0;0.0;0.0;0.0;0.0;0.0;0.0;0.0;0.0;0.0;0.0;0.0;0.0;0.0;0.0;0.0;0.0;0.0;0.0;0.0;0.0;8.0;0.8;0.0;0.0;5.2;20.0;14.4;0.0;0.0;3.6
Viçosa do Ceará;SITIO VAMBIRA;-3.6375;-41.148805555556;2000;1;151.8;0.0;0.0;0.0;40.4;3.6;1.6;3.2;4.4;1.8;3.2;1.4;2.6;10.0;8.6;29.6;28.2;2.6;4.6;1.6;0.0;0.0;3.0;0.0;1.4;0.0;0.0;0.0;0.0;0.0;0.0;0.0
Viçosa do Ceará;SITIO VAMBIRA;-3.6375;-41.148805555556;2000;2;246.6;0.0;0.0;0.0;0.0;0.0;0.0;6.6;0.0;2.6;0.0;0.0;1.6;0.2;0.0;9.6;0.0;6.8;29.8;13.0;0.0;24.2;2.8;60.4;56.2;5.8;0.0;5.6;9.4;12.0;888.0;888.0
Viçosa do Ceará;SITIO VAMBIRA;-3.6375;-41.148805555556;2000;3;146.6;0.8;15.6;2.8;0.0;0.0;0.0;0.0;12.8;4.0;2.2;15.0;12.8;0.0;0.0;2.8;7.8;0.0;0.0;0.0;0.0;0.0;0.4;0.0;18.0;0.0;0.0;8.6;8.0;18.2;0.6;16.2
Viçosa do Ceará;SITIO VAMBIRA;-3.6375;-41.148805555556;2000;4;227.2;1.6;10.0;5.4;0.0;0.0;0.0;0.0;28.0;0.0;10.4;0.6;2.6;1.4;64.6;13.6;1.2;3.2;0.0;26.4;9.6;1.4;0.4;0.0;4.2;10.0;0.0;0.0;0.0;8.4;24.2;888.0
Viçosa do Ceará;SITIO VAMBIRA;-3.6375;-41.148805555556;2000;5;13.8;0.0;0.0;2.4;0.0;0.0;0.0;0.0;0.0;0.0;0.0;0.0;0.0;0.0;0.0;1.0;1.0;0.0;9.4;0.0;0.0;0.0;0.0;0.0;0.0;0.0;0.0;0.0;0.0;0.0;0.0;0.0
Viçosa do Ceará;SITIO VAMBIRA;-3.6375;-41.148805555556;2000;6;32.0;6.4;0.0;0.0;0.0;0.0;0.0;0.0;0.0;0.0;0.0;0.0;0.0;0.0;0.0;0.0;24.6;0.0;0.0;0.0;0.0;0.4;0.0;0.0;0.0;0.0;0.0;0.0;0.6;0.0;0.0;888.0
Viçosa do Ceará;SITIO VAMBIRA;-3.6375;-41.148805555556;2000;7;29.4;0.0;0.0;0.0;3.0;0.0;0.0;0.0;0.0;0.0;0.0;6.4;0.0;13.2;0.0;0.0;0.0;5.8;0.0;0.0;0.0;0.0;0.0;0.0;0.0;0.0;0.0;0.0;1.0;0.0;0.0;0.0
Viçosa do Ceará;SITIO VAMBIRA;-3.6375;-41.148805555556;2000;8;13.8;0.0;0.0;0.0;0.0;0.0;0.0;0.0;3.8;6.8;0.0;0.0;0.0;0.0;0.0;0.0;0.0;0.0;0.0;0.0;0.0;0.0;0.0;0.0;0.0;3.2;0.0;0.0;0.0;0.0;0.0;0.0
Viçosa do Ceará;SITIO VAMBIRA;-3.6375;-41.148805555556;2000;9;9.4;0.0;0.0;0.0;0.0;0.0;0.0;0.0;0.0;0.0;0.0;0.0;0.0;0.0;0.0;0.0;0.0;0.0;9.4;0.0;0.0;0.0;0.0;0.0;0.0;0.0;0.0;0.0;0.0;0.0;0.0;888.0
Viçosa do Ceará;SITIO VAMBIRA;-3.6375;-41.148805555556;2000;10;0.0;0.0;0.0;0.0;0.0;0.0;0.0;0.0;0.0;0.0;0.0;0.0;0.0;0.0;0.0;0.0;0.0;0.0;0.0;0.0;0.0;0.0;0.0;0.0;0.0;0.0;0.0;0.0;0.0;0.0;0.0;0.0
Viçosa do Ceará;SITIO VAMBIRA;-3.6375;-41.148805555556;2000;11;0.0;0.0;0.0;0.0;0.0;0.0;0.0;0.0;0.0;0.0;0.0;0.0;0.0;0.0;0.0;0.0;0.0;0.0;0.0;0.0;0.0;0.0;0.0;0.0;0.0;0.0;0.0;0.0;0.0;0.0;0.0;888.0
Viçosa do Ceará;SITIO VAMBIRA;-3.6375;-41.148805555556;2000;12;32.6;0.0;0.0;0.0;0.0;0.0;0.0;0.0;0.0;0.0;0.0;0.0;0.0;0.0;0.0;3.4;0.0;2.8;0.0;18.0;5.8;0.0;0.0;0.0;0.0;0.0;0.0;0.0;2.6;0.0;0.0;0.0
Viçosa do Ceará;SITIO VAMBIRA;-3.6375;-41.148805555556;2001;1;66.8;0.0;4.2;1.6;0.0;2.6;0.0;0.0;5.8;0.0;0.0;0.0;2.8;14.4;13.8;0.0;1.0;0.0;0.0;0.0;0.0;0.0;0.0;20.6;0.0;0.0;0.0;0.0;0.0;0.0;0.0;0.0
Viçosa do Ceará;SITIO VAMBIRA;-3.6375;-41.148805555556;2001;2;199.2;5.2;0.0;4.2;0.0;22.0;0.0;0.0;7.2;8.0;1.8;17.6;0.0;0.0;0.0;0.0;0.0;0.0;4.4;5.6;0.0;11.6;0.0;18.0;5.0;0.0;81.0;0.0;7.6;888.0;888.0;888.0
Viçosa do Ceará;SITIO VAMBIRA;-3.6375;-41.148805555556;2001;3;216.8;15.0;1.2;0.0;6.0;0.0;0.0;0.0;1.6;2.0;0.0;0.0;17.0;24.4;18.2;19.6;5.4;0.0;32.4;0.0;14.4;0.0;0.0;2.2;12.6;15.6;0.0;2.0;0.0;0.0;20.4;6.8
Viçosa do Ceará;SITIO VAMBIRA;-3.6375;-41.148805555556;2001;4;309.1;4.4;8.6;15.2;1.2;11.6;16.6;9.2;0.0;9.2;10.1;92.0;2.6;16.2;3.6;11.0;3.0;2.8;0.0;20.4;17.8;30.4;17.0;0.0;0.0;0.0;0.0;0.0;3.0;3.2;0.0;888.0
Viçosa do Ceará;SITIO VAMBIRA;-3.6375;-41.148805555556;2001;5;39.2;0.0;0.0;0.0;0.0;0.0;0.0;1.8;0.0;0.0;0.0;12.4;0.0;2.4;0.0;0.0;0.0;0.0;0.0;0.0;0.0;0.0;0.0;6.6;0.0;0.0;0.0;16.0;0.0;0.0;0.0;0.0
Viçosa do Ceará;SITIO VAMBIRA;-3.6375;-41.148805555556;2001;6;12.2;0.0;2.6;0.0;0.0;0.0;0.0;0.0;0.0;0.0;0.0;1.8;0.0;0.0;0.0;0.0;0.0;0.0;0.0;4.8;0.0;0.0;0.0;0.8;0.0;0.0;0.0;0.0;0.0;2.2;0.0;888.0
Viçosa do Ceará;SITIO VAMBIRA;-3.6375;-41.148805555556;2001;7;0.0;0.0;0.0;0.0;0.0;0.0;0.0;0.0;0.0;0.0;0.0;0.0;0.0;0.0;0.0;0.0;0.0;0.0;0.0;0.0;0.0;0.0;0.0;0.0;0.0;0.0;0.0;0.0;0.0;0.0;0.0;0.0
Viçosa do Ceará;SITIO VAMBIRA;-3.6375;-41.148805555556;2001;8;0.0;0.0;0.0;0.0;0.0;0.0;0.0;0.0;0.0;0.0;0.0;0.0;0.0;0.0;0.0;0.0;0.0;0.0;0.0;0.0;0.0;0.0;0.0;0.0;0.0;0.0;0.0;0.0;0.0;0.0;0.0;0.0
Viçosa do Ceará;SITIO VAMBIRA;-3.6375;-41.148805555556;2001;9;0.0;0.0;0.0;0.0;0.0;0.0;0.0;0.0;0.0;0.0;0.0;0.0;0.0;0.0;0.0;0.0;0.0;0.0;0.0;0.0;0.0;0.0;0.0;0.0;0.0;0.0;0.0;0.0;0.0;0.0;0.0;888.0
Viçosa do Ceará;SITIO VAMBIRA;-3.6375;-41.148805555556;2001;10;0.0;0.0;0.0;0.0;0.0;0.0;0.0;0.0;0.0;0.0;0.0;0.0;0.0;0.0;0.0;0.0;0.0;0.0;0.0;0.0;0.0;0.0;0.0;0.0;0.0;0.0;0.0;0.0;0.0;0.0;0.0;0.0
Viçosa do Ceará;SITIO VAMBIRA;-3.6375;-41.148805555556;2001;11;4.0;0.0;0.0;0.0;0.0;0.0;0.0;1.0;0.0;0.0;0.0;0.0;0.0;0.0;0.0;0.0;1.0;1.0;0.0;0.0;0.0;0.0;0.0;0.0;0.0;0.0;1.0;0.0;0.0;0.0;0.0;888.0
Viçosa do Ceará;SITIO VAMBIRA;-3.6375;-41.148805555556;2001;12;0.0;0.0;0.0;0.0;0.0;0.0;0.0;0.0;0.0;0.0;0.0;0.0;0.0;0.0;0.0;0.0;0.0;0.0;0.0;0.0;0.0;0.0;0.0;0.0;0.0;0.0;0.0;0.0;0.0;0.0;0.0;0.0
Viçosa do Ceará;SITIO VAMBIRA;-3.6375;-41.148805555556;2002;1;214.8;0.0;0.0;2.8;0.0;0.0;4.0;24.6;22.4;50.8;5.6;0.0;17.8;0.0;8.2;0.0;0.0;3.2;40.0;3.8;0.0;0.0;8.8;0.0;0.8;0.0;10.2;4.2;4.2;0.0;3.4;0.0
Viçosa do Ceará;SITIO VAMBIRA;-3.6375;-41.148805555556;2002;2;127.4;17.2;0.0;3.4;0.0;0.0;0.0;24.4;0.0;0.0;0.0;1.2;3.2;20.4;8.2;0.8;0.0;0.0;0.0;0.0;1.8;0.0;0.0;0.0;0.0;0.0;46.8;0.0;0.0;888.0;888.0;888.0
Viçosa do Ceará;SITIO VAMBIRA;-3.6375;-41.148805555556;2002;3;225.8;0.0;0.0;0.0;5.8;0.2;27.6;13.4;9.2;21.4;20.8;0.0;67.6;0.0;0.0;0.0;0.0;3.6;0.0;4.6;6.6;0.0;0.0;1.8;36.2;0.0;1.4;4.6;1.0;0.0;0.0;0.0
Viçosa do Ceará;SITIO VAMBIRA;-3.6375;-41.148805555556;2002;4;352.2;0.8;0.0;0.0;1.2;16.0;94.2;13.4;93.8;7.8;15.8;21.4;0.0;30.0;0.0;0.0;0.0;0.0;17.2;0.0;0.0;2.4;6.0;0.0;24.0;0.0;6.2;1.0;1.0;0.0;0.0;888.0
Viçosa do Ceará;SITIO VAMBIRA;-3.6375;-41.148805555556;2002;5;94.2;0.0;14.2;26.4;0.0;0.0;0.0;9.0;6.8;0.0;0.0;0.0;30.0;0.0;0.0;0.0;0.0;0.0;0.0;0.0;0.0;0.0;0.0;0.0;1.8;2.2;1.0;2.8;0.0;0.0;0.0;0.0
Viçosa do Ceará;SITIO VAMBIRA;-3.6375;-41.148805555556;2002;6;95.4;0.0;1.8;3.4;0.0;0.0;0.0;0.0;0.0;0.0;0.0;15.6;0.0;0.0;34.6;0.0;16.0;3.6;0.0;20.4;0.0;0.0;0.0;0.0;0.0;0.0;0.0;0.0;0.0;0.0;0.0;888.0
Viçosa do Ceará;SITIO VAMBIRA;-3.6375;-41.148805555556;2002;7;8.2;0.0;8.2;0.0;0.0;0.0;0.0;0.0;0.0;0.0;0.0;0.0;0.0;0.0;0.0;0.0;0.0;0.0;0.0;0.0;0.0;0.0;0.0;0.0;0.0;0.0;0.0;0.0;0.0;0.0;0.0;0.0
Viçosa do Ceará;SITIO VAMBIRA;-3.6375;-41.148805555556;2002;8;0.0;0.0;0.0;0.0;0.0;0.0;0.0;0.0;0.0;0.0;0.0;0.0;0.0;0.0;0.0;0.0;0.0;0.0;0.0;0.0;0.0;0.0;0.0;0.0;0.0;0.0;0.0;0.0;0.0;0.0;0.0;0.0
Viçosa do Ceará;SITIO VAMBIRA;-3.6375;-41.148805555556;2002;9;0.0;0.0;0.0;0.0;0.0;0.0;0.0;0.0;0.0;0.0;0.0;0.0;0.0;0.0;0.0;0.0;0.0;0.0;0.0;0.0;0.0;0.0;0.0;0.0;0.0;0.0;0.0;0.0;0.0;0.0;0.0;888.0
Viçosa do Ceará;SITIO VAMBIRA;-3.6375;-41.148805555556;2002;10;0.0;0.0;0.0;0.0;0.0;0.0;0.0;0.0;0.0;0.0;0.0;0.0;0.0;0.0;0.0;0.0;0.0;0.0;0.0;0.0;0.0;0.0;0.0;0.0;0.0;0.0;0.0;0.0;0.0;0.0;0.0;0.0
Viçosa do Ceará;SITIO VAMBIRA;-3.6375;-41.148805555556;2002;11;0.0;0.0;0.0;0.0;0.0;0.0;0.0;0.0;0.0;0.0;0.0;0.0;0.0;0.0;0.0;0.0;0.0;0.0;0.0;0.0;0.0;0.0;0.0;0.0;0.0;0.0;0.0;0.0;0.0;0.0;0.0;888.0
Viçosa do Ceará;SITIO VAMBIRA;-3.6375;-41.148805555556;2002;12;68.0;0.0;0.0;0.0;0.0;0.0;0.0;0.0;0.0;4.8;0.0;0.0;0.0;0.0;0.0;0.0;0.0;0.0;0.0;0.0;0.0;0.0;0.0;6.8;0.0;0.0;0.0;56.4;0.0;0.0;0.0;0.0
Viçosa do Ceará;SITIO VAMBIRA;-3.6375;-41.148805555556;2003;1;105.2;0.0;1.2;0.0;0.0;0.0;0.0;0.0;0.0;0.0;0.0;0.0;0.0;0.0;0.0;0.0;0.0;0.0;0.0;14.2;10.4;15.6;7.6;6.6;6.4;0.0;0.0;18.0;5.2;0.0;0.0;20.0
Viçosa do Ceará;SITIO VAMBIRA;-3.6375;-41.148805555556;2003;2;214.0;4.0;6.8;31.2;0.0;0.0;34.8;21.6;0.0;0.0;0.0;0.8;0.0;0.0;0.0;0.0;0.0;14.8;30.6;0.0;2.8;4.4;0.0;0.0;0.0;18.6;15.2;16.0;12.4;888.0;888.0;888.0
Viçosa do Ceará;SITIO VAMBIRA;-3.6375;-41.148805555556;2003;3;298.6;23.4;0.0;0.0;34.6;4.8;0.0;0.0;5.2;10.4;0.0;6.6;30.0;5.4;0.0;0.0;15.2;0.0;6.8;0.0;34.8;37.4;4.2;3.2;23.0;3.4;8.4;0.0;5.6;2.2;22.0;12.0
Viçosa do Ceará;SITIO VAMBIRA;-3.6375;-41.148805555556;2003;4;104.8;1.2;3.6;11.4;0.0;0.0;0.0;25.2;7.6;5.2;0.0;3.4;0.0;5.0;2.0;0.0;0.0;0.0;0.0;0.0;11.4;0.0;0.0;0.0;0.0;0.2;5.8;0.0;16.6;0.0;6.2;888.0
Viçosa do Ceará;SITIO VAMBIRA;-3.6375;-41.148805555556;2003;5;57.0;1.0;29.0;0.0;2.8;0.0;9.6;1.4;0.0;0.0;0.0;0.0;0.0;0.0;0.0;2.8;1.2;0.6;0.0;0.0;3.6;0.0;3.4;0.0;0.0;0.0;0.0;0.0;0.0;0.0;1.6;0.0
Viçosa do Ceará;SITIO VAMBIRA;-3.6375;-41.148805555556;2003;6;97.4;41.2;4.6;0.0;0.0;0.0;0.0;0.0;0.0;0.0;0.0;0.0;0.0;0.0;4.2;0.0;41.4;6.0;0.0;0.0;0.0;0.0;0.0;0.0;0.0;0.0;0.0;0.0;0.0;0.0;0.0;888.0
Viçosa do Ceará;SITIO VAMBIRA;-3.6375;-41.148805555556;2003;7;0.0;0.0;0.0;0.0;0.0;0.0;0.0;0.0;0.0;0.0;0.0;0.0;0.0;0.0;0.0;0.0;0.0;0.0;0.0;0.0;0.0;0.0;0.0;0.0;0.0;0.0;0.0;0.0;0.0;0.0;0.0;0.0
Viçosa do Ceará;SITIO VAMBIRA;-3.6375;-41.148805555556;2003;8;0.0;0.0;0.0;0.0;0.0;0.0;0.0;0.0;0.0;0.0;0.0;0.0;0.0;0.0;0.0;0.0;0.0;0.0;0.0;0.0;0.0;0.0;0.0;0.0;0.0;0.0;0.0;0.0;0.0;0.0;0.0;0.0
Viçosa do Ceará;SITIO VAMBIRA;-3.6375;-41.148805555556;2003;9;0.0;0.0;0.0;0.0;0.0;0.0;0.0;0.0;0.0;0.0;0.0;0.0;0.0;0.0;0.0;0.0;0.0;0.0;0.0;0.0;0.0;0.0;0.0;0.0;0.0;0.0;0.0;0.0;0.0;0.0;0.0;888.0
Viçosa do Ceará;SITIO VAMBIRA;-3.6375;-41.148805555556;2003;10;21.0;0.8;0.0;0.0;0.0;0.0;0.0;0.0;0.0;0.0;0.0;0.0;0.0;0.0;0.0;20.2;0.0;0.0;0.0;0.0;0.0;0.0;0.0;0.0;0.0;0.0;0.0;0.0;0.0;0.0;0.0;0.0
Viçosa do Ceará;SITIO VAMBIRA;-3.6375;-41.148805555556;2003;11;0.0;0.0;0.0;0.0;0.0;0.0;0.0;0.0;0.0;0.0;0.0;0.0;0.0;0.0;0.0;0.0;0.0;0.0;0.0;0.0;0.0;0.0;0.0;0.0;0.0;0.0;0.0;0.0;0.0;0.0;0.0;888.0
Viçosa do Ceará;SITIO VAMBIRA;-3.6375;-41.148805555556;2003;12;16.0;0.0;0.0;0.0;0.0;0.0;0.0;0.0;0.0;0.0;0.0;0.0;3.6;0.0;0.0;0.0;0.0;0.0;0.0;0.0;0.0;0.0;0.0;0.0;0.0;0.0;0.0;0.0;0.0;3.8;8.6;0.0
Viçosa do Ceará;SITIO VAMBIRA;-3.6375;-41.148805555556;2004;1;354.4;0.0;0.0;0.0;3.2;0.0;0.0;0.0;0.0;0.0;0.0;0.0;0.0;2.4;3.6;12.6;4.0;51.0;0.0;0.0;0.0;5.2;9.6;4.6;76.4;20.8;8.2;10.6;22.6;15.6;85.0;19.0
Viçosa do Ceará;SITIO VAMBIRA;-3.6375;-41.148805555556;2004;2;367.0;27.4;1.6;3.4;14.6;6.6;14.0;0.0;0.8;15.0;0.0;0.0;0.0;3.6;38.8;3.2;61.8;11.4;23.2;27.8;0.0;0.0;0.0;0.0;0.0;0.0;28.2;27.8;57.8;0.0;888.0;888.0
Viçosa do Ceará;SITIO VAMBIRA;-3.6375;-41.148805555556;2004;3;89.8;10.2;0.0;0.0;0.0;0.0;0.0;0.0;30.7;1.8;5.0;0.0;4.0;0.0;1.2;0.0;2.8;0.0;7.6;0.0;0.0;0.0;0.0;5.4;3.6;1.2;4.4;4.5;0.0;0.0;0.0;7.4
Viçosa do Ceará;SITIO VAMBIRA;-3.6375;-41.148805555556;2004;4;98.2;25.8;0.0;0.0;0.0;3.2;7.0;0.0;0.0;3.4;0.0;0.0;0.0;0.0;0.0;0.0;1.8;18.0;0.0;7.0;0.0;2.4;0.0;1.2;0.0;0.0;28.4;0.0;0.0;0.0;0.0;888.0
Viçosa do Ceará;SITIO VAMBIRA;-3.6375;-41.148805555556;2004;5;142.4;0.0;0.0;0.0;0.0;6.8;0.0;0.0;0.0;0.0;0.8;0.0;0.0;0.0;0.0;0.0;0.0;0.0;0.0;0.0;0.0;5.4;0.0;0.0;0.0;124.0;0.0;0.0;0.0;0.0;5.4;0.0
Viçosa do Ceará;SITIO VAMBIRA;-3.6375;-41.148805555556;2004;6;59.0;0.0;0.0;0.0;0.0;0.0;3.4;0.0;0.0;0.0;0.0;0.0;0.0;0.0;0.0;3.0;0.0;0.0;0.0;10.2;5.8;0.0;7.8;3.4;0.0;0.0;0.0;0.0;17.8;7.6;0.0;888.0
Viçosa do Ceará;SITIO VAMBIRA;-3.6375;-41.148805555556;2004;7;24.6;0.0;0.0;0.0;3.4;0.0;0.0;0.0;0.0;0.0;2.2;0.0;0.0;0.0;0.0;0.0;0.0;15.6;3.4;0.0;0.0;0.0;0.0;0.0;0.0;0.0;0.0;0.0;0.0;0.0;0.0;0.0
Viçosa do Ceará;SITIO VAMBIRA;-3.6375;-41.148805555556;2004;8;0.0;0.0;0.0;0.0;0.0;0.0;0.0;0.0;0.0;0.0;0.0;0.0;0.0;0.0;0.0;0.0;0.0;0.0;0.0;0.0;0.0;0.0;0.0;0.0;0.0;0.0;0.0;0.0;0.0;0.0;0.0;0.0
Viçosa do Ceará;SITIO VAMBIRA;-3.6375;-41.148805555556;2004;9;0.0;0.0;0.0;0.0;0.0;0.0;0.0;0.0;0.0;0.0;0.0;0.0;0.0;0.0;0.0;0.0;0.0;0.0;0.0;0.0;0.0;0.0;0.0;0.0;0.0;0.0;0.0;0.0;0.0;0.0;0.0;888.0
Viçosa do Ceará;SITIO VAMBIRA;-3.6375;-41.148805555556;2004;10;0.0;0.0;0.0;0.0;0.0;0.0;0.0;0.0;0.0;0.0;0.0;0.0;0.0;0.0;0.0;0.0;0.0;0.0;0.0;0.0;0.0;0.0;0.0;0.0;0.0;0.0;0.0;0.0;0.0;0.0;0.0;0.0
Viçosa do Ceará;SITIO VAMBIRA;-3.6375;-41.148805555556;2004;11;0.0;0.0;0.0;0.0;0.0;0.0;0.0;0.0;0.0;0.0;0.0;0.0;0.0;0.0;0.0;0.0;0.0;0.0;0.0;0.0;0.0;0.0;0.0;0.0;0.0;0.0;0.0;0.0;0.0;0.0;0.0;888.0
Viçosa do Ceará;SITIO VAMBIRA;-3.6375;-41.148805555556;2004;12;34.0;0.0;0.0;0.0;0.0;0.0;0.0;1.2;0.0;0.0;0.0;0.0;0.0;0.0;0.0;0.0;0.0;0.0;0.0;0.0;0.0;0.0;0.0;0.0;0.0;0.0;15.8;0.0;0.0;0.0;0.0;17.0
Viçosa do Ceará;SITIO VAMBIRA;-3.6375;-41.148805555556;2005;1;50.2;0.0;0.0;0.0;0.0;0.0;0.0;0.0;0.0;0.0;0.0;0.0;0.0;0.0;0.0;0.0;0.0;19.8;3.4;0.0;0.0;0.0;0.0;5.6;0.0;1.4;15.4;4.6;0.0;0.0;0.0;0.0
Viçosa do Ceará;SITIO VAMBIRA;-3.6375;-41.148805555556;2005;2;77.4;0.0;4.6;6.8;0.0;0.0;0.0;0.0;0.0;0.0;0.0;0.0;0.0;0.0;0.0;0.0;0.0;8.0;4.8;3.6;0.0;0.0;0.0;0.0;3.0;7.6;20.6;6.8;11.6;888.0;888.0;888.0
Viçosa do Ceará;SITIO VAMBIRA;-3.6375;-41.148805555556;2005;3;199.1;0.0;0.0;0.0;0.6;0.0;0.0;0.0;0.0;16.0;0.0;16.6;7.2;1.2;17.4;0.0;0.0;0.0;2.2;9.6;10.2;11.5;3.8;13.6;16.2;1.2;14.6;1.8;8.6;7.6;14.6;24.6
Viçosa do Ceará;SITIO VAMBIRA;-3.6375;-41.148805555556;2005;4;114.8;3.2;0.0;0.0;0.0;9.0;0.0;1.0;14.8;0.0;0.0;3.0;18.8;0.0;8.2;18.2;3.6;0.0;0.0;0.0;3.0;1.8;0.0;6.0;0.0;0.0;0.0;0.0;0.0;10.8;13.4;888.0
Viçosa do Ceará;SITIO VAMBIRA;-3.6375;-41.148805555556;2005;5;70.6;0.0;0.0;15.8;1.6;6.4;0.0;0.0;0.0;5.6;2.0;0.0;0.0;0.8;1.4;0.0;0.0;2.4;0.0;4.2;5.0;0.0;0.0;5.6;12.6;0.0;0.0;0.0;0.0;0.2;0.0;7.0
Viçosa do Ceará;SITIO VAMBIRA;-3.6375;-41.148805555556;2005;6;8.4;0.2;3.6;0.0;0.0;0.0;2.8;0.0;0.0;0.4;0.0;0.0;0.0;0.0;0.0;1.4;0.0;0.0;0.0;0.0;0.0;0.0;0.0;0.0;0.0;0.0;0.0;0.0;0.0;0.0;0.0;888.0
Viçosa do Ceará;SITIO VAMBIRA;-3.6375;-41.148805555556;2005;7;0.0;0.0;0.0;0.0;0.0;0.0;0.0;0.0;0.0;0.0;0.0;0.0;0.0;0.0;0.0;0.0;0.0;0.0;0.0;0.0;0.0;0.0;0.0;0.0;0.0;0.0;0.0;0.0;0.0;0.0;0.0;0.0
Viçosa do Ceará;SITIO VAMBIRA;-3.6375;-41.148805555556;2005;8;0.0;0.0;0.0;0.0;0.0;0.0;0.0;0.0;0.0;0.0;0.0;0.0;0.0;0.0;0.0;0.0;0.0;0.0;0.0;0.0;0.0;0.0;0.0;0.0;0.0;0.0;0.0;0.0;0.0;0.0;0.0;0.0
Viçosa do Ceará;SITIO VAMBIRA;-3.6375;-41.148805555556;2005;9;0.0;0.0;0.0;0.0;0.0;0.0;0.0;0.0;0.0;0.0;0.0;0.0;0.0;0.0;0.0;0.0;0.0;0.0;0.0;0.0;0.0;0.0;0.0;0.0;0.0;0.0;0.0;0.0;0.0;0.0;0.0;888.0
Viçosa do Ceará;SITIO VAMBIRA;-3.6375;-41.148805555556;2005;10;8.2;0.0;0.0;0.0;0.0;0.0;0.0;0.0;0.0;8.2;0.0;0.0;0.0;0.0;0.0;0.0;0.0;0.0;0.0;0.0;0.0;0.0;0.0;0.0;0.0;0.0;0.0;0.0;0.0;0.0;0.0;0.0
Viçosa do Ceará;SITIO VAMBIRA;-3.6375;-41.148805555556;2005;11;0.0;0.0;0.0;0.0;0.0;0.0;0.0;0.0;0.0;0.0;0.0;0.0;0.0;0.0;0.0;0.0;0.0;0.0;0.0;0.0;0.0;0.0;0.0;0.0;0.0;0.0;0.0;0.0;0.0;0.0;0.0;888.0
Viçosa do Ceará;SITIO VAMBIRA;-3.6375;-41.148805555556;2005;12;15.0;0.0;0.0;0.0;3.4;0.0;0.0;0.0;3.6;0.0;0.0;0.0;0.0;0.0;0.0;0.0;0.0;0.0;0.0;0.0;0.0;0.0;0.0;0.0;0.0;0.0;0.0;0.0;0.0;8.0;0.0;0.0
Viçosa do Ceará;SITIO VAMBIRA;-3.6375;-41.148805555556;2006;1;8.0;0.0;0.0;2.8;0.0;0.0;0.0;1.4;0.0;0.0;0.0;3.8;0.0;0.0;0.0;0.0;0.0;0.0;0.0;0.0;0.0;0.0;0.0;0.0;0.0;0.0;0.0;0.0;0.0;0.0;0.0;0.0
Viçosa do Ceará;SITIO VAMBIRA;-3.6375;-41.148805555556;2006;2;79.0;0.0;0.0;0.0;0.0;0.0;1.8;0.0;0.0;0.0;0.0;0.0;4.6;0.0;12.8;6.2;0.2;3.2;3.4;1.6;2.2;0.0;18.8;0.0;0.0;10.0;7.8;3.8;2.6;888.0;888.0;888.0
Viçosa do Ceará;SITIO VAMBIRA;-3.6375;-41.148805555556;2006;3;176.8;13.4;28.0;0.0;4.0;1.2;0.0;7.2;5.2;0.0;10.8;0.0;0.0;0.0;1.6;6.8;2.8;0.0;0.0;6.0;17.0;14.6;9.4;1.2;7.2;5.4;1.8;16.6;1.4;6.4;2.4;6.4
Viçosa do Ceará;SITIO VAMBIRA;-3.6375;-41.148805555556;2006;4;150.8;13.0;5.0;5.8;1.4;15.4;1.0;0.6;1.4;6.2;4.6;16.4;11.4;0.0;2.6;0.0;6.6;5.6;0.8;4.8;5.6;11.8;14.4;0.0;3.2;0.8;0.0;0.0;8.6;0.0;3.8;888.0
Viçosa do Ceará;SITIO VAMBIRA;-3.6375;-41.148805555556;2006;5;145.2;24.0;0.0;0.0;0.0;2.2;1.2;0.0;11.2;0.0;0.0;41.2;26.8;22.0;0.0;7.4;2.8;5.4;0.0;0.0;0.0;0.0;0.0;0.0;1.0;0.0;0.0;0.0;0.0;0.0;0.0;0.0
Viçosa do Ceará;SITIO VAMBIRA;-3.6375;-41.148805555556;2006;6;84.6;0.0;0.0;0.0;0.0;0.0;0.0;0.0;0.0;0.0;0.0;0.0;44.6;19.4;5.4;0.0;0.0;0.6;0.0;0.0;0.0;0.0;0.0;0.0;0.0;0.0;0.0;1.2;0.6;12.8;0.0;888.0
Viçosa do Ceará;SITIO VAMBIRA;-3.6375;-41.148805555556;2006;7;3.2;0.0;0.0;0.0;0.0;0.0;0.0;0.0;2.4;0.0;0.0;0.0;0.0;0.0;0.0;0.0;0.0;0.8;0.0;0.0;0.0;0.0;0.0;0.0;0.0;0.0;0.0;0.0;0.0;0.0;0.0;0.0
Viçosa do Ceará;SITIO VAMBIRA;-3.6375;-41.148805555556;2006;8;3.4;0.0;0.0;0.0;0.0;0.0;0.0;0.0;0.0;0.0;0.0;0.0;1.6;0.0;0.0;0.0;0.0;1.4;0.0;0.0;0.0;0.0;0.0;0.0;0.0;0.0;0.0;0.0;0.0;0.0;0.0;0.4
Viçosa do Ceará;SITIO VAMBIRA;-3.6375;-41.148805555556;2006;9;0.0;0.0;0.0;0.0;0.0;0.0;0.0;0.0;0.0;0.0;0.0;0.0;0.0;0.0;0.0;0.0;0.0;0.0;0.0;0.0;0.0;0.0;0.0;0.0;0.0;0.0;0.0;0.0;0.0;0.0;0.0;888.0
Viçosa do Ceará;SITIO VAMBIRA;-3.6375;-41.148805555556;2006;10;0.0;0.0;0.0;0.0;0.0;0.0;0.0;0.0;0.0;0.0;0.0;0.0;0.0;0.0;0.0;0.0;0.0;0.0;0.0;0.0;0.0;0.0;0.0;0.0;0.0;0.0;0.0;0.0;0.0;0.0;0.0;0.0
Viçosa do Ceará;SITIO VAMBIRA;-3.6375;-41.148805555556;2006;11;1.0;0.0;0.0;0.0;0.0;0.0;0.0;0.0;0.0;0.0;0.0;0.0;0.0;0.0;0.0;0.0;0.0;0.0;0.0;0.0;1.0;0.0;0.0;0.0;0.0;0.0;0.0;0.0;0.0;0.0;0.0;888.0
Viçosa do Ceará;SITIO VAMBIRA;-3.6375;-41.148805555556;2006;12;11.4;0.0;0.0;0.0;0.0;0.0;0.0;0.0;0.0;0.0;0.0;0.0;0.0;0.0;0.0;0.0;0.0;0.0;0.0;0.0;0.0;0.0;0.0;0.0;0.0;0.0;0.0;0.0;0.0;0.0;0.0;11.4
Viçosa do Ceará;SITIO VAMBIRA;-3.6375;-41.148805555556;2007;1;22.8;0.0;0.0;2.4;0.0;0.0;8.2;0.0;2.0;0.0;1.0;0.0;0.0;0.0;0.0;0.0;0.0;0.0;0.0;0.0;0.0;0.0;0.0;0.0;0.0;0.0;9.2;0.0;0.0;0.0;0.0;0.0
Viçosa do Ceará;SITIO VAMBIRA;-3.6375;-41.148805555556;2007;2;297.6;0.4;0.0;1.6;3.4;4.2;7.2;0.0;0.0;0.0;0.0;0.0;0.0;22.8;2.8;21.8;23.8;22.0;30.2;25.0;76.2;36.8;0.0;5.2;13.0;0.0;0.0;1.2;0.0;888.0;888.0;888.0
Viçosa do Ceará;SITIO VAMBIRA;-3.6375;-41.148805555556;2007;3;239.2;4.6;5.8;2.6;0.0;0.0;4.6;8.4;27.8;0.0;15.2;2.4;8.4;0.0;0.0;1.6;1.8;4.2;9.6;31.6;21.2;0.0;0.0;26.2;2.8;0.0;17.4;0.0;3.4;30.2;0.0;9.4
Viçosa do Ceará;SITIO VAMBIRA;-3.6375;-41.148805555556;2007;4;125.2;0.0;1.2;0.0;4.0;0.0;0.0;26.6;7.2;0.0;0.0;4.0;5.4;0.0;2.0;0.0;0.0;5.8;3.0;0.0;11.2;0.0;11.0;1.2;0.0;0.8;1.6;1.2;2.4;36.4;0.2;888.0
Viçosa do Ceará;SITIO VAMBIRA;-3.6375;-41.148805555556;2007;5;37.6;0.0;22.0;0.0;0.0;0.0;0.2;0.0;0.0;0.0;3.2;0.0;0.0;0.0;1.0;0.0;0.0;0.0;0.0;0.0;0.0;0.0;3.2;1.4;0.0;5.2;0.0;0.0;0.0;1.4;0.0;0.0
Viçosa do Ceará;SITIO VAMBIRA;-3.6375;-41.148805555556;2007;6;35.0;20.0;0.0;0.0;4.4;0.0;0.6;0.0;0.0;0.0;0.0;0.0;0.0;0.0;0.0;0.0;0.0;0.0;8.4;1.6;0.0;0.0;0.0;0.0;0.0;0.0;0.0;0.0;0.0;0.0;0.0;888.0
Viçosa do Ceará;SITIO VAMBIRA;-3.6375;-41.148805555556;2007;7;3.6;0.0;0.0;0.0;0.0;0.0;0.0;0.0;0.0;0.0;0.0;0.0;0.0;0.0;0.0;0.0;0.0;0.0;0.0;0.0;0.0;0.0;0.0;0.0;3.6;0.0;0.0;0.0;0.0;0.0;0.0;0.0
Viçosa do Ceará;SITIO VAMBIRA;-3.6375;-41.148805555556;2007;8;0.0;0.0;0.0;0.0;0.0;0.0;0.0;0.0;0.0;0.0;0.0;0.0;0.0;0.0;0.0;0.0;0.0;0.0;0.0;0.0;0.0;0.0;0.0;0.0;0.0;0.0;0.0;0.0;0.0;0.0;0.0;0.0
Viçosa do Ceará;SITIO VAMBIRA;-3.6375;-41.148805555556;2007;9;0.0;0.0;0.0;0.0;0.0;0.0;0.0;0.0;0.0;0.0;0.0;0.0;0.0;0.0;0.0;0.0;0.0;0.0;0.0;0.0;0.0;0.0;0.0;0.0;0.0;0.0;0.0;0.0;0.0;0.0;0.0;888.0
Viçosa do Ceará;SITIO VAMBIRA;-3.6375;-41.148805555556;2007;10;0.0;0.0;0.0;0.0;0.0;0.0;0.0;0.0;0.0;0.0;0.0;0.0;0.0;0.0;0.0;0.0;0.0;0.0;0.0;0.0;0.0;0.0;0.0;0.0;0.0;0.0;0.0;0.0;0.0;0.0;0.0;0.0
Viçosa do Ceará;SITIO VAMBIRA;-3.6375;-41.148805555556;2007;11;0.0;0.0;0.0;0.0;0.0;0.0;0.0;0.0;0.0;0.0;0.0;0.0;0.0;0.0;0.0;0.0;0.0;0.0;0.0;0.0;0.0;0.0;0.0;0.0;0.0;0.0;0.0;0.0;0.0;0.0;0.0;888.0
Viçosa do Ceará;SITIO VAMBIRA;-3.6375;-41.148805555556;2007;12;14.8;0.0;0.0;0.0;0.0;0.0;0.0;1.2;0.0;0.0;0.0;0.0;0.0;0.0;0.0;0.0;12.2;1.4;0.0;0.0;0.0;0.0;0.0;0.0;0.0;0.0;0.0;0.0;0.0;0.0;0.0;0.0
Viçosa do Ceará;SITIO VAMBIRA;-3.6375;-41.148805555556;2008;1;159.4;1.4;0.0;0.0;3.6;16.6;0.0;0.0;0.0;0.0;0.0;0.0;0.0;0.0;0.0;0.0;9.8;3.6;1.2;21.4;2.2;0.0;10.2;4.0;22.4;6.6;0.0;8.8;2.2;0.0;0.0;45.4
Viçosa do Ceará;SITIO VAMBIRA;-3.6375;-41.148805555556;2008;2;148.0;30.6;0.0;0.0;13.4;0.0;0.0;0.0;0.0;0.0;0.0;0.0;0.0;9.4;0.0;0.0;12.6;6.0;0.0;6.6;8.6;0.0;51.8;0.0;0.0;0.0;0.0;0.0;0.0;9.0;888.0;888.0
Viçosa do Ceará;SITIO VAMBIRA;-3.6375;-41.148805555556;2008;3;272.4;0.0;17.0;6.4;0.0;0.0;1.8;15.6;6.2;3.6;0.0;0.0;6.2;2.6;8.2;1.8;18.8;34.6;14.6;0.6;13.8;0.6;11.6;36.8;2.8;0.2;3.0;11.2;15.4;5.2;0.0;33.8
Viçosa do Ceará;SITIO VAMBIRA;-3.6375;-41.148805555556;2008;4;300.0;66.6;33.6;9.8;0.0;38.0;14.8;6.4;23.6;16.8;0.0;5.6;2.6;0.0;18.4;9.0;0.0;0.0;2.6;0.0;0.0;7.6;1.0;3.4;0.0;5.2;2.8;25.0;0.0;0.8;6.4;888.0
Viçosa do Ceará;SITIO VAMBIRA;-3.6375;-41.148805555556;2008;5;90.6;17.2;0.0;9.4;12.0;12.8;25.6;0.0;0.0;3.2;0.0;0.0;0.8;0.0;0.0;0.0;0.0;0.6;0.4;0.0;0.0;0.0;0.0;0.0;0.0;0.0;6.2;0.0;2.4;0.0;0.0;0.0
Viçosa do Ceará;SITIO VAMBIRA;-3.6375;-41.148805555556;2008;6;30.6;19.8;0.0;0.0;0.0;7.4;0.0;1.6;0.0;0.0;0.0;0.0;0.0;0.0;1.8;0.0;0.0;0.0;0.0;0.0;0.0;0.0;0.0;0.0;0.0;0.0;0.0;0.0;0.0;0.0;0.0;888.0
Viçosa do Ceará;SITIO VAMBIRA;-3.6375;-41.148805555556;2008;7;6.6;0.0;4.4;0.0;0.0;0.0;0.0;0.0;0.0;0.0;0.0;0.0;0.0;0.0;0.0;0.0;0.0;0.0;0.0;2.2;0.0;0.0;0.0;0.0;0.0;0.0;0.0;0.0;0.0;0.0;0.0;0.0
Viçosa do Ceará;SITIO VAMBIRA;-3.6375;-41.148805555556;2008;8;36.2;0.0;0.0;0.0;0.0;0.0;0.0;0.0;3.2;18.0;11.6;0.0;0.0;0.0;0.0;0.0;0.0;1.2;0.0;0.0;0.0;0.0;0.0;2.2;0.0;0.0;0.0;0.0;0.0;0.0;0.0;0.0
Viçosa do Ceará;SITIO VAMBIRA;-3.6375;-41.148805555556;2008;9;0.0;0.0;0.0;0.0;0.0;0.0;0.0;0.0;0.0;0.0;0.0;0.0;0.0;0.0;0.0;0.0;0.0;0.0;0.0;0.0;0.0;0.0;0.0;0.0;0.0;0.0;0.0;0.0;0.0;0.0;0.0;888.0
Viçosa do Ceará;SITIO VAMBIRA;-3.6375;-41.148805555556;2008;10;0.0;0.0;0.0;0.0;0.0;0.0;0.0;0.0;0.0;0.0;0.0;0.0;0.0;0.0;0.0;0.0;0.0;0.0;0.0;0.0;0.0;0.0;0.0;0.0;0.0;0.0;0.0;0.0;0.0;0.0;0.0;0.0
Viçosa do Ceará;SITIO VAMBIRA;-3.6375;-41.148805555556;2008;11;0.0;0.0;0.0;0.0;0.0;0.0;0.0;0.0;0.0;0.0;0.0;0.0;0.0;0.0;0.0;0.0;0.0;0.0;0.0;0.0;0.0;0.0;0.0;0.0;0.0;0.0;0.0;0.0;0.0;0.0;0.0;888.0
Viçosa do Ceará;SITIO VAMBIRA;-3.6375;-41.148805555556;2008;12;78.8;1.8;0.0;0.0;0.0;0.0;0.0;0.0;0.0;0.0;0.0;0.0;0.0;0.0;0.0;0.0;0.0;0.0;0.0;0.0;0.0;77.0;0.0;0.0;0.0;0.0;0.0;0.0;0.0;0.0;0.0;0.0
Viçosa do Ceará;SITIO VAMBIRA;-3.6375;-41.148805555556;2009;1;155.8;0.0;0.0;0.0;0.0;0.0;0.0;0.0;0.0;0.0;0.0;0.0;0.0;0.0;0.0;0.0;0.0;0.0;58.0;12.6;0.0;12.8;12.2;28.8;23.0;0.0;8.4;0.0;0.0;0.0;0.0;0.0
Viçosa do Ceará;SITIO VAMBIRA;-3.6375;-41.148805555556;2009;2;185.4;0.0;0.0;11.2;0.0;7.4;0.0;0.0;0.0;0.0;0.0;0.0;5.6;1.0;2.2;1.8;8.4;0.6;0.0;0.0;0.0;68.6;13.6;34.2;27.8;0.0;0.0;1.8;1.2;888.0;888.0;888.0
Viçosa do Ceará;SITIO VAMBIRA;-3.6375;-41.148805555556;2009;3;226.2;7.2;7.2;7.6;6.0;3.6;4.8;2.2;7.2;3.2;32.4;0.0;0.0;7.8;24.0;0.8;6.6;4.0;7.2;1.6;0.0;0.0;0.0;3.4;28.6;1.4;30.8;16.4;0.0;11.4;0.2;0.6
Viçosa do Ceará;SITIO VAMBIRA;-3.6375;-41.148805555556;2009;4;422.2;2.6;56.8;5.0;0.4;13.0;7.5;0.0;0.0;3.5;15.4;63.0;0.0;18.0;29.4;0.0;1.2;0.0;0.0;0.0;5.2;2.0;31.8;1.2;18.0;10.4;7.4;3.8;68.8;2.8;55.0;888.0
Viçosa do Ceará;SITIO VAMBIRA;-3.6375;-41.148805555556;2009;5;363.2;6.0;30.4;62.6;12.6;17.6;38.0;4.4;0.0;9.8;6.0;9.8;51.6;0.0;1.8;0.0;0.0;0.0;0.2;1.6;0.0;0.6;0.0;2.6;8.2;16.2;6.8;27.2;42.4;6.8;0.0;0.0
Viçosa do Ceará;SITIO VAMBIRA;-3.6375;-41.148805555556;2009;6;104.2;3.2;12.8;1.0;25.8;0.0;5.8;11.2;0.0;0.0;4.4;1.8;0.0;0.0;0.0;4.8;0.0;0.0;0.8;0.0;0.0;0.0;0.0;6.0;1.6;21.2;3.0;0.0;0.0;0.8;0.0;888.0
Viçosa do Ceará;SITIO VAMBIRA;-3.6375;-41.148805555556;2009;7;38.2;0.0;0.0;0.0;0.0;0.0;0.0;1.2;1.8;0.0;0.0;0.0;18.6;0.0;0.0;0.0;0.0;8.0;0.0;0.0;0.0;0.0;0.0;2.6;4.8;1.2;0.0;0.0;0.0;0.0;0.0;0.0
Viçosa do Ceará;SITIO VAMBIRA;-3.6375;-41.148805555556;2009;8;5.4;0.0;0.0;0.0;0.0;0.0;0.0;2.2;3.2;0.0;0.0;0.0;0.0;0.0;0.0;0.0;0.0;0.0;0.0;0.0;0.0;0.0;0.0;0.0;0.0;0.0;0.0;0.0;0.0;0.0;0.0;0.0
Viçosa do Ceará;SITIO VAMBIRA;-3.6375;-41.148805555556;2009;9;0.0;0.0;0.0;0.0;0.0;0.0;0.0;0.0;0.0;0.0;0.0;0.0;0.0;0.0;0.0;0.0;0.0;0.0;0.0;0.0;0.0;0.0;0.0;0.0;0.0;0.0;0.0;0.0;0.0;0.0;0.0;888.0
Viçosa do Ceará;SITIO VAMBIRA;-3.6375;-41.148805555556;2009;10;0.0;0.0;0.0;0.0;0.0;0.0;0.0;0.0;0.0;0.0;0.0;0.0;0.0;0.0;0.0;0.0;0.0;0.0;0.0;0.0;0.0;0.0;0.0;0.0;0.0;0.0;0.0;0.0;0.0;0.0;0.0;0.0
Viçosa do Ceará;SITIO VAMBIRA;-3.6375;-41.148805555556;2009;11;0.0;0.0;0.0;0.0;0.0;0.0;0.0;0.0;0.0;0.0;0.0;0.0;0.0;0.0;0.0;0.0;0.0;0.0;0.0;0.0;0.0;0.0;0.0;0.0;0.0;0.0;0.0;0.0;0.0;0.0;0.0;888.0
Viçosa do Ceará;SITIO VAMBIRA;-3.6375;-41.148805555556;2009;12;27.8;0.0;0.0;0.0;0.0;0.0;0.0;0.0;0.0;0.0;0.0;0.0;0.0;0.0;0.0;0.0;0.0;0.0;0.0;1.6;0.0;0.0;0.0;1.8;0.0;0.0;0.0;4.0;0.0;0.0;0.6;19.8
Viçosa do Ceará;SITIO VAMBIRA;-3.6375;-41.148805555556;2010;1;42.7;0.0;2.4;1.8;0.0;0.0;0.0;0.0;0.0;5.8;3.5;9.4;15.8;0.0;0.0;0.0;0.0;0.0;0.0;0.0;0.0;0.0;0.0;0.0;0.0;0.0;0.0;2.8;1.2;0.0;0.0;0.0
Viçosa do Ceará;SITIO VAMBIRA;-3.6375;-41.148805555556;2010;2;36.9;2.8;8.2;0.0;0.0;0.0;0.0;0.0;0.0;16.8;0.0;2.4;0.0;0.0;0.0;1.2;0.0;0.0;0.0;0.0;0.0;0.0;0.0;5.5;0.0;0.0;0.0;0.0;0.0;888.0;888.0;888.0
Viçosa do Ceará;SITIO VAMBIRA;-3.6375;-41.148805555556;2010;3;109.5;0.0;0.0;0.0;0.0;0.0;0.0;0.0;0.2;0.0;0.0;0.0;0.0;0.0;0.0;1.8;0.0;0.0;6.0;15.4;3.2;5.8;4.6;0.2;0.0;28.2;1.6;0.0;0.0;42.5;0.0;0.0
Viçosa do Ceará;SITIO VAMBIRA;-3.6375;-41.148805555556;2010;4;133.8;5.4;19.2;0.0;14.4;0.4;0.0;2.2;0.8;3.0;2.4;7.2;0.8;10.4;0.0;0.0;0.0;36.2;12.6;0.0;1.6;5.4;0.0;11.6;0.0;0.0;0.0;0.0;0.0;0.2;0.0;888.0
Viçosa do Ceará;SITIO VAMBIRA;-3.6375;-41.148805555556;2010;5;135.8;41.8;30.4;0.8;0.0;0.0;0.0;25.8;22.6;0.0;0.0;0.0;0.0;0.0;2.8;0.0;0.0;0.0;0.0;0.0;2.6;4.2;0.0;0.0;0.0;0.0;0.0;0.0;0.0;0.0;0.0;4.8
Viçosa do Ceará;SITIO VAMBIRA;-3.6375;-41.148805555556;2010;6;27.6;0.0;0.0;0.0;0.0;20.0;0.0;0.0;0.0;0.0;0.0;0.0;0.0;0.0;0.0;0.0;0.0;0.0;7.6;0.0;0.0;0.0;0.0;0.0;0.0;0.0;0.0;0.0;0.0;0.0;0.0;888.0
Viçosa do Ceará;SITIO VAMBIRA;-3.6375;-41.148805555556;2010;7;0.0;0.0;0.0;0.0;0.0;0.0;0.0;0.0;0.0;0.0;0.0;0.0;0.0;0.0;0.0;0.0;0.0;0.0;0.0;0.0;0.0;0.0;0.0;0.0;0.0;0.0;0.0;0.0;0.0;0.0;0.0;0.0
Viçosa do Ceará;SITIO VAMBIRA;-3.6375;-41.148805555556;2010;8;1.4;0.0;0.0;0.0;0.0;0.0;0.0;0.0;0.0;0.0;0.0;0.0;0.0;0.0;0.0;0.0;1.4;0.0;0.0;0.0;0.0;0.0;0.0;0.0;0.0;0.0;0.0;0.0;0.0;0.0;0.0;0.0
Viçosa do Ceará;SITIO VAMBIRA;-3.6375;-41.148805555556;2010;9;0.0;0.0;0.0;0.0;0.0;0.0;0.0;0.0;0.0;0.0;0.0;0.0;0.0;0.0;0.0;0.0;0.0;0.0;0.0;0.0;0.0;0.0;0.0;0.0;0.0;0.0;0.0;0.0;0.0;0.0;0.0;888.0
Viçosa do Ceará;SITIO VAMBIRA;-3.6375;-41.148805555556;2010;10;65.4;0.0;0.0;0.0;0.0;0.0;0.0;0.0;0.0;0.0;0.0;0.0;0.0;0.0;0.0;0.0;0.0;0.0;0.0;0.0;0.0;0.0;0.0;65.4;0.0;0.0;0.0;0.0;0.0;0.0;0.0;0.0
Viçosa do Ceará;SITIO VAMBIRA;-3.6375;-41.148805555556;2010;11;0.0;0.0;0.0;0.0;0.0;0.0;0.0;0.0;0.0;0.0;0.0;0.0;0.0;0.0;0.0;0.0;0.0;0.0;0.0;0.0;0.0;0.0;0.0;0.0;0.0;0.0;0.0;0.0;0.0;0.0;0.0;888.0
Viçosa do Ceará;SITIO VAMBIRA;-3.6375;-41.148805555556;2010;12;159.8;0.0;0.0;0.0;0.0;0.0;0.0;0.0;0.0;0.0;0.0;9.8;81.8;10.0;0.0;15.2;0.0;0.0;5.2;0.0;0.0;0.0;0.0;0.0;0.0;27.2;1.8;0.0;0.0;0.0;0.0;8.8
Viçosa do Ceará;SITIO VAMBIRA;-3.6375;-41.148805555556;2011;1;280.2;0.0;0.0;0.0;0.0;0.0;2.4;0.0;0.0;0.0;164.2;1.8;0.0;0.0;7.2;0.0;0.0;0.0;0.0;0.0;1.2;2.4;5.6;3.2;37.4;12.2;0.8;0.0;0.0;0.0;5.2;36.6
Viçosa do Ceará;SITIO VAMBIRA;-3.6375;-41.148805555556;2011;2;109.1;0.0;0.0;0.0;0.0;3.8;0.0;0.0;0.0;0.0;0.0;3.4;1.0;27.8;12.0;2.8;3.2;13.2;0.0;0.0;2.0;1.0;3.8;7.6;0.8;4.2;7.8;12.5;2.2;888.0;888.0;888.0
Viçosa do Ceará;SITIO VAMBIRA;-3.6375;-41.148805555556;2011;3;177.6;43.8;14.0;0.0;3.6;11.2;0.0;10.8;4.6;12.4;0.0;1.0;3.0;6.2;1.8;0.0;0.0;0.0;0.0;0.0;0.0;0.0;0.0;26.0;0.0;8.4;1.6;6.2;1.0;8.2;1.6;12.2
Viçosa do Ceará;SITIO VAMBIRA;-3.6375;-41.148805555556;2011;4;332.6;0.0;8.6;0.0;15.6;0.0;12.2;0.0;0.0;14.4;4.4;6.2;1.2;18.6;21.6;56.6;1.8;2.4;0.4;12.8;22.4;38.0;0.0;7.6;4.2;51.2;0.0;15.2;2.8;11.0;3.4;888.0
Viçosa do Ceará;SITIO VAMBIRA;-3.6375;-41.148805555556;2011;5;96.4;0.0;10.4;12.6;1.4;10.8;1.0;0.0;0.0;1.8;0.0;28.0;0.0;0.0;0.0;0.0;0.0;4.4;2.6;0.0;17.8;1.4;0.0;0.0;0.0;0.0;0.0;0.0;0.0;0.0;4.2;0.0
Viçosa do Ceará;SITIO VAMBIRA;-3.6375;-41.148805555556;2011;6;30.2;0.0;0.0;0.0;7.6;0.0;0.0;0.0;0.0;0.0;0.0;0.0;0.0;0.0;0.0;0.0;0.0;0.0;0.0;0.0;1.0;15.6;0.0;0.0;1.8;3.0;0.0;0.0;0.0;1.2;0.0;888.0
Viçosa do Ceará;SITIO VAMBIRA;-3.6375;-41.148805555556;2011;7;32.4;0.0;0.0;0.0;0.0;0.0;7.2;0.0;0.0;0.0;0.0;0.0;3.4;19.8;0.0;0.0;0.0;2.0;0.0;0.0;0.0;0.0;0.0;0.0;0.0;0.0;0.0;0.0;0.0;0.0;0.0;0.0
Viçosa do Ceará;SITIO VAMBIRA;-3.6375;-41.148805555556;2011;8;0.0;0.0;0.0;0.0;0.0;0.0;0.0;0.0;0.0;0.0;0.0;0.0;0.0;0.0;0.0;0.0;0.0;0.0;0.0;0.0;0.0;0.0;0.0;0.0;0.0;0.0;0.0;0.0;0.0;0.0;0.0;0.0
Viçosa do Ceará;SITIO VAMBIRA;-3.6375;-41.148805555556;2011;9;0.0;0.0;0.0;0.0;0.0;0.0;0.0;0.0;0.0;0.0;0.0;0.0;0.0;0.0;0.0;0.0;0.0;0.0;0.0;0.0;0.0;0.0;0.0;0.0;0.0;0.0;0.0;0.0;0.0;0.0;0.0;888.0
Viçosa do Ceará;SITIO VAMBIRA;-3.6375;-41.148805555556;2011;10;42.4;0.0;0.0;0.0;0.0;0.0;0.0;0.0;0.0;0.0;0.0;0.0;0.0;0.0;0.0;0.0;0.0;0.0;0.0;0.0;22.0;19.0;1.4;0.0;0.0;0.0;0.0;0.0;0.0;0.0;0.0;0.0
Viçosa do Ceará;SITIO VAMBIRA;-3.6375;-41.148805555556;2011;11;0.8;0.0;0.0;0.0;0.0;0.0;0.8;0.0;0.0;0.0;0.0;0.0;0.0;0.0;0.0;0.0;0.0;0.0;0.0;0.0;0.0;0.0;0.0;0.0;0.0;0.0;0.0;0.0;0.0;0.0;0.0;888.0
Viçosa do Ceará;SITIO VAMBIRA;-3.6375;-41.148805555556;2011;12;0.0;0.0;0.0;0.0;0.0;0.0;0.0;0.0;0.0;0.0;0.0;0.0;0.0;0.0;0.0;0.0;0.0;0.0;0.0;0.0;0.0;0.0;0.0;0.0;0.0;0.0;0.0;0.0;0.0;0.0;0.0;0.0
Viçosa do Ceará;SITIO VAMBIRA;-3.6375;-41.148805555556;2012;1;42.8;0.0;1.8;0.0;0.0;0.0;0.0;0.0;0.0;0.0;5.6;0.0;0.0;0.0;0.0;0.0;0.0;6.6;0.0;12.4;1.0;0.8;0.0;0.0;6.0;8.6;0.0;0.0;0.0;0.0;0.0;0.0
Viçosa do Ceará;SITIO VAMBIRA;-3.6375;-41.148805555556;2012;2;111.4;0.0;0.0;0.0;0.0;0.0;0.0;0.0;0.0;0.0;0.0;4.6;0.2;0.4;0.0;4.0;2.4;13.8;2.2;5.0;10.2;10.8;0.0;0.0;0.0;5.8;36.0;3.0;5.4;7.6;888.0;888.0
Viçosa do Ceará;SITIO VAMBIRA;-3.6375;-41.148805555556;2012;3;180.6;0.0;0.0;0.0;0.0;0.0;3.6;0.0;0.0;1.4;1.2;1.6;0.0;0.0;1.2;0.0;1.0;0.0;0.0;37.2;24.2;9.2;9.0;13.8;15.4;24.8;5.8;22.4;3.4;1.8;3.6;0.0
Viçosa do Ceará;SITIO VAMBIRA;-3.6375;-41.148805555556;2012;4;50.2;1.4;0.0;0.0;3.0;0.0;0.0;0.0;5.8;0.0;0.0;0.0;0.0;0.0;0.0;0.0;2.2;0.4;14.0;4.6;14.4;0.0;0.0;1.6;1.0;1.6;0.2;0.0;0.0;0.0;0.0;888.0
Viçosa do Ceará;SITIO VAMBIRA;-3.6375;-41.148805555556;2012;5;9.2;0.0;0.0;0.0;0.0;0.0;0.0;0.0;0.0;0.0;0.0;0.0;0.0;1.6;0.0;0.0;0.0;0.0;0.0;0.0;3.0;1.4;0.0;0.0;0.0;0.0;0.0;0.0;0.0;3.2;0.0;0.0
Viçosa do Ceará;SITIO VAMBIRA;-3.6375;-41.148805555556;2012;6;16.8;0.0;6.4;0.0;0.0;0.0;0.0;0.0;0.0;0.0;0.0;0.0;0.0;0.0;0.0;0.0;0.0;0.0;0.0;0.0;1.6;0.0;0.0;0.0;8.8;0.0;0.0;0.0;0.0;0.0;0.0;888.0
Viçosa do Ceará;SITIO VAMBIRA;-3.6375;-41.148805555556;2012;7;2.8;0.0;0.0;0.0;0.0;0.0;0.0;0.0;0.0;0.0;0.0;0.0;0.0;0.0;2.8;0.0;0.0;0.0;0.0;0.0;0.0;0.0;0.0;0.0;0.0;0.0;0.0;0.0;0.0;0.0;0.0;0.0
Viçosa do Ceará;SITIO VAMBIRA;-3.6375;-41.148805555556;2012;8;0.0;0.0;0.0;0.0;0.0;0.0;0.0;0.0;0.0;0.0;0.0;0.0;0.0;0.0;0.0;0.0;0.0;0.0;0.0;0.0;0.0;0.0;0.0;0.0;0.0;0.0;0.0;0.0;0.0;0.0;0.0;0.0
Viçosa do Ceará;SITIO VAMBIRA;-3.6375;-41.148805555556;2012;9;0.0;0.0;0.0;0.0;0.0;0.0;0.0;0.0;0.0;0.0;0.0;0.0;0.0;0.0;0.0;0.0;0.0;0.0;0.0;0.0;0.0;0.0;0.0;0.0;0.0;0.0;0.0;0.0;0.0;0.0;0.0;888.0
Viçosa do Ceará;SITIO VAMBIRA;-3.6375;-41.148805555556;2012;10;0.0;0.0;0.0;0.0;0.0;0.0;0.0;0.0;0.0;0.0;0.0;0.0;0.0;0.0;0.0;0.0;0.0;0.0;0.0;0.0;0.0;0.0;0.0;0.0;0.0;0.0;0.0;0.0;0.0;0.0;0.0;0.0
Viçosa do Ceará;SITIO VAMBIRA;-3.6375;-41.148805555556;2012;11;0.0;0.0;0.0;0.0;0.0;0.0;0.0;0.0;0.0;0.0;0.0;0.0;0.0;0.0;0.0;0.0;0.0;0.0;0.0;0.0;0.0;0.0;0.0;0.0;0.0;0.0;0.0;0.0;0.0;0.0;0.0;888.0
Viçosa do Ceará;SITIO VAMBIRA;-3.6375;-41.148805555556;2012;12;15.6;0.0;0.0;0.0;0.0;0.0;0.0;0.0;0.0;0.0;0.0;0.0;0.0;0.0;0.0;0.0;0.0;15.6;0.0;0.0;0.0;0.0;0.0;0.0;0.0;0.0;0.0;0.0;0.0;0.0;0.0;0.0
Viçosa do Ceará;SITIO VAMBIRA;-3.6375;-41.148805555556;2013;1;21.0;0.0;0.0;11.2;4.8;0.0;0.0;0.0;0.0;0.0;0.0;0.0;0.0;0.0;0.0;0.0;0.0;0.0;0.0;0.0;4.0;0.0;0.0;1.0;0.0;0.0;0.0;0.0;0.0;0.0;0.0;0.0
Viçosa do Ceará;SITIO VAMBIRA;-3.6375;-41.148805555556;2013;2;86.2;0.0;0.0;0.0;0.0;0.0;0.0;3.4;2.8;0.0;14.4;0.0;0.0;0.0;12.8;6.8;5.6;23.2;1.2;1.2;14.8;0.0;0.0;0.0;0.0;0.0;0.0;0.0;0.0;888.0;888.0;888.0
Viçosa do Ceará;SITIO VAMBIRA;-3.6375;-41.148805555556;2013;3;89.6;0.0;0.0;0.0;0.0;0.0;0.0;0.0;0.0;0.0;0.0;0.0;0.0;0.0;0.0;0.0;0.0;0.0;0.0;29.0;32.2;2.4;0.2;0.0;0.0;15.4;2.2;6.2;0.0;0.0;2.0;0.0
Viçosa do Ceará;SITIO VAMBIRA;-3.6375;-41.148805555556;2013;4;68.2;9.2;0.0;0.0;2.2;0.0;0.0;3.6;0.0;0.0;14.2;5.8;0.6;0.0;0.0;0.0;0.0;0.6;4.4;1.2;1.2;4.8;2.2;2.6;0.8;0.0;6.0;0.0;0.0;8.8;0.0;888.0
Viçosa do Ceará;SITIO VAMBIRA;-3.6375;-41.148805555556;2013;5;139.0;2.6;0.0;0.0;0.0;0.0;44.0;0.0;0.0;5.0;7.8;0.0;0.0;0.0;0.0;13.2;1.0;0.0;43.0;0.0;0.0;0.0;9.6;0.2;0.0;5.0;1.6;6.0;0.0;0.0;0.0;0.0
Viçosa do Ceará;SITIO VAMBIRA;-3.6375;-41.148805555556;2013;6;48.6;0.0;0.0;0.0;0.0;0.0;0.0;6.2;0.0;0.0;0.0;0.0;0.0;0.0;5.4;25.2;0.0;0.0;0.0;0.0;0.0;0.0;4.2;5.6;0.0;0.0;0.0;0.0;1.6;0.4;0.0;888.0
Viçosa do Ceará;SITIO VAMBIRA;-3.6375;-41.148805555556;2013;7;35.2;0.0;0.0;0.0;1.8;0.6;0.0;2.6;0.0;0.0;0.0;0.0;0.0;0.0;0.0;30.2;0.0;0.0;0.0;0.0;0.0;0.0;0.0;0.0;0.0;0.0;0.0;0.0;0.0;0.0;0.0;0.0
Viçosa do Ceará;SITIO VAMBIRA;-3.6375;-41.148805555556;2013;8;32.0;0.0;0.0;0.0;0.0;0.0;0.0;0.0;0.0;0.0;0.0;0.0;0.0;0.0;0.0;0.0;0.0;0.0;0.0;0.0;0.0;0.0;0.0;0.0;0.0;0.0;0.0;0.0;0.0;32.0;0.0;0.0
Viçosa do Ceará;SITIO VAMBIRA;-3.6375;-41.148805555556;2013;9;0.0;0.0;0.0;0.0;0.0;0.0;0.0;0.0;0.0;0.0;0.0;0.0;0.0;0.0;0.0;0.0;0.0;0.0;0.0;0.0;0.0;0.0;0.0;0.0;0.0;0.0;0.0;0.0;0.0;0.0;0.0;888.0
Viçosa do Ceará;SITIO VAMBIRA;-3.6375;-41.148805555556;2013;10;0.0;0.0;0.0;0.0;0.0;0.0;0.0;0.0;0.0;0.0;0.0;0.0;0.0;0.0;0.0;0.0;0.0;0.0;0.0;0.0;0.0;0.0;0.0;0.0;0.0;0.0;0.0;0.0;0.0;0.0;0.0;0.0
Viçosa do Ceará;SITIO VAMBIRA;-3.6375;-41.148805555556;2013;11;14.4;0.0;0.0;0.0;0.0;11.0;0.0;0.0;0.0;0.0;0.0;0.0;0.0;0.0;0.0;0.0;0.0;0.0;0.0;0.0;0.0;0.0;0.0;0.0;3.4;0.0;0.0;0.0;0.0;0.0;0.0;888.0
Viçosa do Ceará;SITIO VAMBIRA;-3.6375;-41.148805555556;2013;12;26.4;0.0;0.0;0.0;0.0;0.0;0.0;0.0;0.0;0.0;0.0;0.0;0.0;0.0;0.0;0.0;0.0;0.0;0.0;0.0;26.4;0.0;0.0;0.0;0.0;0.0;0.0;0.0;0.0;0.0;0.0;0.0
Viçosa do Ceará;SITIO VAMBIRA;-3.6375;-41.148805555556;2014;1;70.4;0.0;0.0;0.0;0.0;0.0;1.0;0.0;22.0;5.4;9.6;0.0;0.0;5.2;3.6;0.0;1.2;4.2;0.0;0.0;0.0;0.0;0.0;0.0;0.0;0.0;0.0;1.8;0.0;0.0;0.6;15.8
Viçosa do Ceará;SITIO VAMBIRA;-3.6375;-41.148805555556;2014;2;101.8;1.0;0.0;0.0;1.0;0.0;0.0;0.0;0.0;13.2;0.0;0.0;0.0;0.0;0.0;5.6;1.6;39.0;3.4;1.6;28.0;7.4;0.0;0.0;0.0;0.0;0.0;0.0;0.0;888.0;888.0;888.0
Viçosa do Ceará;SITIO VAMBIRA;-3.6375;-41.148805555556;2014;3;108.6;0.0;0.0;0.0;1.0;18.6;0.0;0.0;7.4;0.6;3.6;6.0;0.0;0.0;1.2;0.0;5.2;14.6;1.2;3.2;0.6;1.6;0.0;0.0;0.0;0.0;0.0;0.0;0.0;3.2;5.0;35.6
Viçosa do Ceará;SITIO VAMBIRA;-3.6375;-41.148805555556;2014;4;124.0;0.0;11.4;1.0;3.6;20.4;8.6;1.6;3.0;9.0;4.4;0.0;0.0;0.0;3.4;0.0;0.0;0.0;38.8;0.0;0.0;1.6;0.0;0.0;7.6;0.0;0.0;8.6;1.0;0.0;0.0;888.0
Viçosa do Ceará;SITIO VAMBIRA;-3.6375;-41.148805555556;2014;5;52.4;2.2;23.0;0.0;0.0;2.4;0.0;0.0;0.0;0.0;0.0;1.0;7.6;0.0;0.0;0.0;0.0;0.0;0.0;0.0;0.0;0.0;0.0;13.0;0.0;0.0;0.0;0.0;0.0;0.0;3.2;0.0
Viçosa do Ceará;SITIO VAMBIRA;-3.6375;-41.148805555556;2014;6;5.6;0.0;2.0;0.0;0.0;0.0;0.0;0.0;0.0;0.0;0.0;0.0;3.6;0.0;0.0;0.0;0.0;0.0;0.0;0.0;0.0;0.0;0.0;0.0;0.0;0.0;0.0;0.0;0.0;0.0;0.0;888.0
Viçosa do Ceará;SITIO VAMBIRA;-3.6375;-41.148805555556;2014;7;5.6;0.0;0.0;0.0;0.0;0.0;0.0;0.0;0.0;0.0;5.6;0.0;0.0;0.0;0.0;0.0;0.0;0.0;0.0;0.0;0.0;0.0;0.0;0.0;0.0;0.0;0.0;0.0;0.0;0.0;0.0;0.0
Viçosa do Ceará;SITIO VAMBIRA;-3.6375;-41.148805555556;2014;8;0.0;0.0;0.0;0.0;0.0;0.0;0.0;0.0;0.0;0.0;0.0;0.0;0.0;0.0;0.0;0.0;0.0;0.0;0.0;0.0;0.0;0.0;0.0;0.0;0.0;0.0;0.0;0.0;0.0;0.0;0.0;0.0
Viçosa do Ceará;SITIO VAMBIRA;-3.6375;-41.148805555556;2014;9;0.0;0.0;0.0;0.0;0.0;0.0;0.0;0.0;0.0;0.0;0.0;0.0;0.0;0.0;0.0;0.0;0.0;0.0;0.0;0.0;0.0;0.0;0.0;0.0;0.0;0.0;0.0;0.0;0.0;0.0;0.0;888.0
Viçosa do Ceará;SITIO VAMBIRA;-3.6375;-41.148805555556;2014;10;0.0;0.0;0.0;0.0;0.0;0.0;0.0;0.0;0.0;0.0;0.0;0.0;0.0;0.0;0.0;0.0;0.0;0.0;0.0;0.0;0.0;0.0;0.0;0.0;0.0;0.0;0.0;0.0;0.0;0.0;0.0;0.0
Viçosa do Ceará;SITIO VAMBIRA;-3.6375;-41.148805555556;2014;11;2.4;0.0;0.0;0.0;0.0;0.0;0.0;0.0;0.0;0.0;0.0;0.0;0.0;0.0;0.0;0.0;0.0;0.0;1.0;1.4;0.0;0.0;0.0;0.0;0.0;0.0;0.0;0.0;0.0;0.0;0.0;888.0
Viçosa do Ceará;SITIO VAMBIRA;-3.6375;-41.148805555556;2014;12;0.0;0.0;0.0;0.0;0.0;0.0;0.0;0.0;0.0;0.0;0.0;0.0;0.0;0.0;0.0;0.0;0.0;0.0;0.0;0.0;0.0;0.0;0.0;0.0;0.0;0.0;0.0;0.0;0.0;0.0;0.0;0.0
Viçosa do Ceará;SITIO VAMBIRA;-3.6375;-41.148805555556;2015;1;44.6;1.2;0.0;0.0;23.0;4.4;0.0;0.0;0.0;0.0;0.0;0.0;0.0;1.2;0.0;0.0;0.0;0.0;0.0;12.4;0.0;0.0;2.4;0.0;0.0;0.0;0.0;0.0;0.0;0.0;0.0;0.0
Viçosa do Ceará;SITIO VAMBIRA;-3.6375;-41.148805555556;2015;2;173.6;0.0;0.0;16.6;2.0;10.0;2.4;0.0;0.0;0.0;0.0;0.0;0.0;0.0;0.0;0.0;0.0;8.6;0.0;17.0;1.0;1.0;6.4;10.2;37.2;14.4;0.0;0.0;46.8;888.0;888.0;888.0
Viçosa do Ceará;SITIO VAMBIRA;-3.6375;-41.148805555556;2015;3;176.4;4.2;3.0;14.2;0.6;0.0;0.0;10.2;6.6;8.4;3.8;11.2;0.0;4.6;0.0;0.0;13.4;23.0;6.6;0.0;0.0;4.2;19.6;2.6;4.2;0.4;0.0;30.0;0.0;0.0;2.4;3.2
Viçosa do Ceará;SITIO VAMBIRA;-3.6375;-41.148805555556;2015;4;140.0;2.4;0.0;3.4;30.8;7.2;0.0;0.0;0.0;1.0;2.0;26.8;0.0;8.2;8.4;0.0;0.0;0.0;1.2;0.0;0.0;0.4;0.0;0.4;3.8;22.6;0.0;0.0;0.0;18.4;3.0;888.0
Viçosa do Ceará;SITIO VAMBIRA;-3.6375;-41.148805555556;2015;5;121.8;7.6;23.8;1.0;3.0;0.0;7.2;0.0;2.0;17.4;3.4;0.0;0.0;0.0;0.0;0.0;0.0;0.0;0.0;0.0;0.0;0.2;0.0;46.0;0.0;0.0;0.0;0.0;2.6;0.0;0.0;7.6
Viçosa do Ceará;SITIO VAMBIRA;-3.6375;-41.148805555556;2015;6;30.6;0.0;0.0;0.0;5.2;8.2;0.0;0.0;0.0;0.0;0.0;0.0;2.2;0.0;0.0;0.0;0.0;0.0;0.0;0.0;0.0;0.0;0.0;0.0;0.0;0.0;15.0;0.0;0.0;0.0;0.0;888.0
Viçosa do Ceará;SITIO VAMBIRA;-3.6375;-41.148805555556;2015;7;31.0;0.0;0.0;1.6;5.0;8.8;8.4;0.0;0.0;0.0;0.0;0.0;0.0;0.0;0.0;0.0;0.0;1.6;5.6;0.0;0.0;0.0;0.0;0.0;0.0;0.0;0.0;0.0;0.0;0.0;0.0;0.0
Viçosa do Ceará;SITIO VAMBIRA;-3.6375;-41.148805555556;2015;8;0.0;0.0;0.0;0.0;0.0;0.0;0.0;0.0;0.0;0.0;0.0;0.0;0.0;0.0;0.0;0.0;0.0;0.0;0.0;0.0;0.0;0.0;0.0;0.0;0.0;0.0;0.0;0.0;0.0;0.0;0.0;0.0
Viçosa do Ceará;SITIO VAMBIRA;-3.6375;-41.148805555556;2015;9;0.0;0.0;0.0;0.0;0.0;0.0;0.0;0.0;0.0;0.0;0.0;0.0;0.0;0.0;0.0;0.0;0.0;0.0;0.0;0.0;0.0;0.0;0.0;0.0;0.0;0.0;0.0;0.0;0.0;0.0;0.0;888.0
Viçosa do Ceará;SITIO VAMBIRA;-3.6375;-41.148805555556;2015;10;0.0;0.0;0.0;0.0;0.0;0.0;0.0;0.0;0.0;0.0;0.0;0.0;0.0;0.0;0.0;0.0;0.0;0.0;0.0;0.0;0.0;0.0;0.0;0.0;0.0;0.0;0.0;0.0;0.0;0.0;0.0;0.0
Viçosa do Ceará;SITIO VAMBIRA;-3.6375;-41.148805555556;2015;11;0.0;0.0;0.0;0.0;0.0;0.0;0.0;0.0;0.0;0.0;0.0;0.0;0.0;0.0;0.0;0.0;0.0;0.0;0.0;0.0;0.0;0.0;0.0;0.0;0.0;0.0;0.0;0.0;0.0;0.0;0.0;888.0
Viçosa do Ceará;SITIO VAMBIRA;-3.6375;-41.148805555556;2015;12;9.4;0.0;0.0;0.0;0.0;0.0;0.0;0.0;0.0;0.0;0.0;0.0;0.0;0.0;0.0;0.0;0.0;0.0;0.0;0.0;0.0;0.0;0.0;0.0;0.0;0.0;0.0;0.0;9.4;0.0;0.0;0.0
Viçosa do Ceará;SITIO VAMBIRA;-3.6375;-41.148805555556;2016;1;126.0;1.6;0.0;0.0;4.2;1.0;0.0;0.0;3.8;18.6;0.0;8.8;0.0;0.0;2.0;22.4;0.0;0.0;0.0;0.0;8.0;9.0;25.0;3.2;8.0;4.4;5.0;0.0;1.0;0.0;0.0;0.0
Viçosa do Ceará;SITIO VAMBIRA;-3.6375;-41.148805555556;2016;2;64.2;5.6;3.4;9.4;1.0;0.0;0.0;0.0;0.0;4.8;1.4;0.0;0.0;0.0;1.0;12.0;0.0;0.0;0.0;0.0;0.0;4.0;0.0;7.0;4.0;5.6;3.0;0.0;0.0;2.0;888.0;888.0
Viçosa do Ceará;SITIO VAMBIRA;-3.6375;-41.148805555556;2016;3;102.8;0.0;0.0;0.0;3.2;0.0;21.2;0.0;0.0;0.0;0.0;9.2;0.0;0.0;0.0;0.0;0.0;13.4;16.8;0.0;0.0;4.0;0.0;1.0;6.0;0.0;0.0;0.0;10.0;0.0;12.0;6.0
Viçosa do Ceará;SITIO VAMBIRA;-3.6375;-41.148805555556;2016;4;91.6;11.2;3.0;6.0;1.2;8.6;2.0;1.4;0.0;0.0;0.0;6.0;21.4;0.0;0.0;0.0;0.0;0.0;0.0;10.6;0.0;4.2;0.0;16.0;0.0;0.0;0.0;0.0;0.0;0.0;0.0;888.0
Viçosa do Ceará;SITIO VAMBIRA;-3.6375;-41.148805555556;2016;5;48.4;0.0;0.0;1.2;0.0;0.0;0.0;0.0;0.0;1.0;14.6;0.0;17.6;4.0;0.0;10.0;0.0;0.0;0.0;0.0;0.0;0.0;0.0;0.0;0.0;0.0;0.0;0.0;0.0;0.0;0.0;0.0
Viçosa do Ceará;SITIO VAMBIRA;-3.6375;-41.148805555556;2016;6;4.0;0.0;0.0;0.0;0.0;0.0;4.0;0.0;0.0;0.0;0.0;0.0;0.0;0.0;0.0;0.0;0.0;0.0;0.0;0.0;0.0;0.0;0.0;0.0;0.0;0.0;0.0;0.0;0.0;0.0;0.0;888.0
Viçosa do Ceará;SITIO VAMBIRA;-3.6375;-41.148805555556;2016;7;0.0;0.0;0.0;0.0;0.0;0.0;0.0;0.0;0.0;0.0;0.0;0.0;0.0;0.0;0.0;0.0;0.0;0.0;0.0;0.0;0.0;0.0;0.0;0.0;0.0;0.0;0.0;0.0;0.0;0.0;0.0;0.0
Viçosa do Ceará;SITIO VAMBIRA;-3.6375;-41.148805555556;2016;8;0.0;0.0;0.0;0.0;0.0;0.0;0.0;0.0;0.0;0.0;0.0;0.0;0.0;0.0;0.0;0.0;0.0;0.0;0.0;0.0;0.0;0.0;0.0;0.0;0.0;0.0;0.0;0.0;0.0;0.0;0.0;0.0
Viçosa do Ceará;SITIO VAMBIRA;-3.6375;-41.148805555556;2016;9;0.0;0.0;0.0;0.0;0.0;0.0;0.0;0.0;0.0;0.0;0.0;0.0;0.0;0.0;0.0;0.0;0.0;0.0;0.0;0.0;0.0;0.0;0.0;0.0;0.0;0.0;0.0;0.0;0.0;0.0;0.0;888.0
Viçosa do Ceará;SITIO VAMBIRA;-3.6375;-41.148805555556;2016;10;0.0;0.0;0.0;0.0;0.0;0.0;0.0;0.0;0.0;0.0;0.0;0.0;0.0;0.0;0.0;0.0;0.0;0.0;0.0;0.0;0.0;0.0;0.0;0.0;0.0;0.0;0.0;0.0;0.0;0.0;0.0;0.0
Viçosa do Ceará;SITIO VAMBIRA;-3.6375;-41.148805555556;2016;11;5.6;0.0;0.0;0.0;0.0;0.0;0.0;0.0;0.0;0.0;0.0;0.0;0.0;0.0;0.0;0.0;0.0;5.6;0.0;0.0;0.0;0.0;0.0;0.0;0.0;0.0;0.0;0.0;0.0;0.0;0.0;888.0
Viçosa do Ceará;SITIO VAMBIRA;-3.6375;-41.148805555556;2016;12;39.2;0.0;0.0;0.0;0.0;0.0;0.0;0.0;0.0;0.0;0.0;0.0;0.0;14.8;0.0;0.0;0.0;1.4;0.0;0.0;2.4;0.0;0.0;0.0;0.0;0.0;0.0;0.0;0.0;0.0;20.6;0.0
Viçosa do Ceará;SITIO VAMBIRA;-3.6375;-41.148805555556;2017;1;41.0;0.0;0.0;0.0;5.6;2.6;0.0;0.0;0.0;0.0;0.0;0.0;5.0;0.0;0.0;0.0;0.0;0.0;0.0;1.2;0.0;0.0;0.0;4.0;3.4;0.0;0.0;5.4;0.4;5.4;6.6;1.4
Viçosa do Ceará;SITIO VAMBIRA;-3.6375;-41.148805555556;2017;2;170.2;22.6;6.6;0.0;0.0;3.0;4.6;0.6;3.4;0.0;0.0;16.0;23.6;10.6;6.0;0.0;0.0;0.0;26.0;0.0;3.2;0.0;2.0;0.0;0.0;25.6;7.0;0.0;9.4;888.0;888.0;888.0
Viçosa do Ceará;SITIO VAMBIRA;-3.6375;-41.148805555556;2017;3;172.2;8.4;0.0;25.0;0.0;0.0;0.0;0.0;0.0;2.0;8.8;9.4;1.2;2.6;1.2;9.2;14.4;0.0;2.4;0.0;0.0;0.0;0.0;14.6;29.6;4.0;7.6;0.6;3.6;3.0;19.0;5.6
Viçosa do Ceará;SITIO VAMBIRA;-3.6375;-41.148805555556;2017;4;180.2;17.0;17.2;11.0;12.4;0.0;12.8;0.0;0.0;0.0;0.0;0.0;48.2;7.6;7.2;8.0;0.0;0.0;0.0;0.0;0.0;21.0;0.0;3.8;8.0;0.0;0.0;0.0;0.0;2.2;3.8;888.0
Viçosa do Ceará;SITIO VAMBIRA;-3.6375;-41.148805555556;2017;5;28.2;4.0;0.0;0.0;0.0;0.0;0.0;0.0;0.0;8.0;1.2;0.0;0.0;0.0;0.0;0.0;0.0;0.0;0.0;0.0;0.0;0.0;0.0;0.0;0.0;0.0;0.0;0.0;1.4;10.2;3.4;0.0
Viçosa do Ceará;SITIO VAMBIRA;-3.6375;-41.148805555556;2017;6;13.2;5.4;0.0;1.0;0.0;0.0;0.0;0.0;0.0;0.0;0.0;0.0;6.8;0.0;0.0;0.0;0.0;0.0;0.0;0.0;0.0;0.0;0.0;0.0;0.0;0.0;0.0;0.0;0.0;0.0;0.0;888.0
Viçosa do Ceará;SITIO VAMBIRA;-3.6375;-41.148805555556;2017;7;0.0;0.0;0.0;0.0;0.0;0.0;0.0;0.0;0.0;0.0;0.0;0.0;0.0;0.0;0.0;0.0;0.0;0.0;0.0;0.0;0.0;0.0;0.0;0.0;0.0;0.0;0.0;0.0;0.0;0.0;0.0;0.0
Viçosa do Ceará;SITIO VAMBIRA;-3.6375;-41.148805555556;2017;8;0.0;0.0;0.0;0.0;0.0;0.0;0.0;0.0;0.0;0.0;0.0;0.0;0.0;0.0;0.0;0.0;0.0;0.0;0.0;0.0;0.0;0.0;0.0;0.0;0.0;0.0;0.0;0.0;0.0;0.0;0.0;0.0
Viçosa do Ceará;SITIO VAMBIRA;-3.6375;-41.148805555556;2017;9;0.0;0.0;0.0;0.0;0.0;0.0;0.0;0.0;0.0;0.0;0.0;0.0;0.0;0.0;0.0;0.0;0.0;0.0;0.0;0.0;0.0;0.0;0.0;0.0;0.0;0.0;0.0;0.0;0.0;0.0;0.0;888.0
Viçosa do Ceará;SITIO VAMBIRA;-3.6375;-41.148805555556;2017;10;18.6;0.0;0.0;0.0;0.0;0.0;0.0;0.0;0.0;0.0;18.6;0.0;0.0;0.0;0.0;0.0;0.0;0.0;0.0;0.0;0.0;0.0;0.0;0.0;0.0;0.0;0.0;0.0;0.0;0.0;0.0;0.0
Viçosa do Ceará;SITIO VAMBIRA;-3.6375;-41.148805555556;2017;11;0.0;0.0;0.0;0.0;0.0;0.0;0.0;0.0;0.0;0.0;0.0;0.0;0.0;0.0;0.0;0.0;0.0;0.0;0.0;0.0;0.0;0.0;0.0;0.0;0.0;0.0;0.0;0.0;0.0;0.0;0.0;888.0
Viçosa do Ceará;SITIO VAMBIRA;-3.6375;-41.148805555556;2017;12;56.2;0.0;0.0;0.0;0.0;0.0;0.0;0.0;0.0;0.0;0.0;0.0;0.0;0.0;0.0;0.0;0.0;0.0;0.0;0.0;0.0;0.0;0.0;39.6;15.2;0.0;0.0;0.0;0.0;0.0;0.0;1.4
Viçosa do Ceará;SITIO VAMBIRA;-3.6375;-41.148805555556;2018;1;57.2;0.0;0.0;0.0;0.0;0.0;3.4;0.0;0.0;2.8;0.0;0.0;0.0;0.0;0.0;7.2;0.0;0.0;0.0;0.0;14.0;0.0;0.0;3.4;0.0;5.0;0.0;1.2;17.0;0.8;0.0;2.4
Viçosa do Ceará;SITIO VAMBIRA;-3.6375;-41.148805555556;2018;2;260.6;0.0;0.0;5.8;5.2;1.0;12.4;1.8;58.0;6.2;4.2;2.2;8.8;17.0;19.8;16.4;5.0;0.6;10.6;4.6;5.4;9.2;0.6;0.0;12.4;41.0;11.6;0.8;0.0;888.0;888.0;888.0
Viçosa do Ceará;SITIO VAMBIRA;-3.6375;-41.148805555556;2018;3;205.4;12.6;1.2;9.8;0.0;4.8;13.8;17.0;5.0;0.0;0.0;0.0;1.6;4.4;0.0;7.2;0.0;0.0;0.0;13.4;0.0;9.2;0.0;1.8;34.0;5.0;0.0;0.0;12.0;0.0;47.2;5.4
Viçosa do Ceará;SITIO VAMBIRA;-3.6375;-41.148805555556;2018;4;280.8;0.0;6.6;14.4;4.2;9.2;0.0;27.0;0.0;22.0;15.4;82.8;18.0;22.6;2.0;0.0;1.0;34.6;16.2;0.0;0.0;0.0;3.6;1.2;0.0;0.0;0.0;0.0;0.0;0.0;0.0;888.0
Viçosa do Ceará;SITIO VAMBIRA;-3.6375;-41.148805555556;2018;5;32.2;2.6;10.0;0.0;0.0;5.6;0.0;0.0;2.2;0.0;0.0;0.0;0.0;0.0;0.0;0.0;0.0;0.0;8.2;0.0;0.0;0.0;0.0;0.0;0.0;0.0;0.0;3.6;0.0;0.0;0.0;0.0
Viçosa do Ceará;SITIO VAMBIRA;-3.6375;-41.148805555556;2018;6;11.0;0.0;0.0;0.0;0.0;0.0;0.0;0.0;0.0;2.4;7.6;0.0;0.0;0.0;0.0;0.0;0.0;0.0;1.0;0.0;0.0;0.0;0.0;0.0;0.0;0.0;0.0;0.0;0.0;0.0;0.0;888.0
Viçosa do Ceará;SITIO VAMBIRA;-3.6375;-41.148805555556;2018;7;17.0;0.0;0.0;0.0;2.8;0.0;0.0;11.2;1.0;2.0;0.0;0.0;0.0;0.0;0.0;0.0;0.0;0.0;0.0;0.0;0.0;0.0;0.0;0.0;0.0;0.0;0.0;0.0;0.0;0.0;0.0;0.0
Viçosa do Ceará;SITIO VAMBIRA;-3.6375;-41.148805555556;2018;8;0.0;0.0;0.0;0.0;0.0;0.0;0.0;0.0;0.0;0.0;0.0;0.0;0.0;0.0;0.0;0.0;0.0;0.0;0.0;0.0;0.0;0.0;0.0;0.0;0.0;0.0;0.0;0.0;0.0;0.0;0.0;0.0
Viçosa do Ceará;SITIO VAMBIRA;-3.6375;-41.148805555556;2018;9;0.0;0.0;0.0;0.0;0.0;0.0;0.0;0.0;0.0;0.0;0.0;0.0;0.0;0.0;0.0;0.0;0.0;0.0;0.0;0.0;0.0;0.0;0.0;0.0;0.0;0.0;0.0;0.0;0.0;999.0;999.0;888.0
