Municipios;Postos;Latitude;Longitude;Anos;Meses;Total;Dia1;Dia2;Dia3;Dia4;Dia5;Dia6;Dia7;Dia8;Dia9;Dia10;Dia11;Dia12;Dia13;Dia14;Dia15;Dia16;Dia17;Dia18;Dia19;Dia20;Dia21;Dia22;Dia23;Dia24;Dia25;Dia26;Dia27;Dia28;Dia29;Dia30;Dia31
Amontada;MOITAS;-3.00675;-39.688527777778;1998;6;0.0;0.0;0.0;0.0;0.0;0.0;0.0;0.0;0.0;0.0;0.0;0.0;0.0;0.0;0.0;0.0;0.0;0.0;0.0;0.0;0.0;0.0;0.0;0.0;0.0;0.0;0.0;0.0;0.0;0.0;0.0;888.0
Amontada;MOITAS;-3.00675;-39.688527777778;1998;7;0.0;0.0;0.0;0.0;0.0;0.0;0.0;0.0;0.0;0.0;0.0;0.0;0.0;0.0;0.0;0.0;0.0;0.0;0.0;0.0;0.0;0.0;0.0;0.0;0.0;0.0;0.0;0.0;0.0;0.0;0.0;0.0
Amontada;MOITAS;-3.00675;-39.688527777778;1998;8;0.0;0.0;0.0;0.0;0.0;0.0;0.0;0.0;0.0;0.0;0.0;0.0;0.0;0.0;0.0;0.0;0.0;0.0;0.0;0.0;0.0;0.0;0.0;0.0;0.0;0.0;0.0;0.0;0.0;0.0;0.0;0.0
Amontada;MOITAS;-3.00675;-39.688527777778;1998;9;0.0;0.0;0.0;0.0;0.0;0.0;0.0;0.0;0.0;0.0;0.0;0.0;0.0;0.0;0.0;0.0;0.0;0.0;0.0;0.0;0.0;0.0;0.0;0.0;0.0;0.0;0.0;0.0;0.0;0.0;0.0;888.0
Amontada;MOITAS;-3.00675;-39.688527777778;1998;12;0.0;0.0;0.0;0.0;0.0;0.0;0.0;0.0;0.0;0.0;0.0;0.0;0.0;0.0;0.0;0.0;0.0;0.0;0.0;0.0;0.0;0.0;0.0;0.0;0.0;0.0;0.0;0.0;0.0;0.0;0.0;0.0
Amontada;MOITAS;-3.00675;-39.688527777778;1999;1;17.3;0.0;0.0;0.0;0.0;0.0;0.0;0.0;0.0;0.0;0.0;0.0;0.0;0.0;5.3;0.0;0.0;0.0;0.0;0.0;0.0;0.0;0.0;0.0;0.0;0.0;0.0;0.0;0.0;0.0;12.0;0.0
Amontada;MOITAS;-3.00675;-39.688527777778;1999;2;59.1;0.0;0.0;0.0;0.0;0.0;0.0;0.0;5.0;3.0;0.0;0.0;0.0;0.0;0.0;0.0;0.0;0.0;0.0;0.0;0.0;0.0;16.0;0.0;12.6;0.0;0.0;14.0;8.5;888.0;888.0;888.0
Amontada;MOITAS;-3.00675;-39.688527777778;1999;3;316.2;12.0;26.7;18.0;0.0;0.0;0.0;0.0;37.5;0.0;0.0;0.0;12.0;16.2;8.9;7.6;0.0;17.5;0.0;30.2;0.0;0.0;0.0;33.9;22.0;25.8;24.7;0.0;12.7;10.5;0.0;0.0
Amontada;MOITAS;-3.00675;-39.688527777778;1999;4;365.8;10.2;17.8;23.9;54.5;31.3;0.0;0.0;0.0;0.0;0.0;0.0;0.0;74.8;0.0;0.0;0.0;0.0;0.0;0.0;10.0;5.6;4.2;0.0;0.0;0.0;77.9;0.0;14.9;15.7;25.0;888.0
Amontada;MOITAS;-3.00675;-39.688527777778;1999;5;338.6;177.9;0.0;28.9;22.8;0.0;10.5;9.0;7.0;13.0;15.8;53.7;0.0;0.0;0.0;0.0;0.0;0.0;0.0;0.0;0.0;0.0;0.0;0.0;0.0;0.0;0.0;0.0;0.0;0.0;0.0;0.0
Amontada;MOITAS;-3.00675;-39.688527777778;1999;6;0.0;0.0;0.0;0.0;0.0;0.0;0.0;0.0;0.0;0.0;0.0;0.0;0.0;0.0;0.0;0.0;0.0;0.0;0.0;0.0;0.0;0.0;0.0;0.0;0.0;0.0;0.0;0.0;0.0;0.0;0.0;888.0
Amontada;MOITAS;-3.00675;-39.688527777778;1999;7;14.7;0.0;0.0;0.0;0.0;0.0;0.0;0.0;0.0;0.0;0.0;0.0;0.0;0.0;0.0;0.0;0.0;0.0;0.0;0.0;0.0;0.0;9.5;0.0;0.0;0.0;0.0;0.0;0.0;0.0;5.2;0.0
Amontada;MOITAS;-3.00675;-39.688527777778;1999;8;12.5;0.0;0.0;0.0;0.0;9.2;0.0;0.0;0.0;0.0;0.0;0.0;0.0;0.0;0.0;0.0;0.0;0.0;0.0;0.0;3.3;0.0;0.0;0.0;0.0;0.0;0.0;0.0;0.0;0.0;0.0;0.0
Amontada;MOITAS;-3.00675;-39.688527777778;1999;9;15.7;0.0;5.4;0.0;0.0;0.0;0.0;0.0;0.0;0.0;0.0;0.0;0.0;3.5;0.0;0.0;0.0;0.0;0.0;0.0;0.0;0.0;0.0;0.0;0.0;0.0;6.8;0.0;0.0;0.0;0.0;888.0
Amontada;MOITAS;-3.00675;-39.688527777778;1999;10;24.0;0.0;0.0;0.0;0.0;0.0;0.0;0.0;0.0;10.1;0.0;0.0;0.0;0.0;0.0;0.0;0.0;8.5;0.0;0.0;0.0;0.0;0.0;0.0;0.0;0.0;0.0;0.0;0.0;5.4;0.0;0.0
Amontada;MOITAS;-3.00675;-39.688527777778;1999;11;29.5;0.0;0.0;0.0;10.3;0.0;0.0;0.0;0.0;0.0;0.0;0.0;0.0;0.0;0.0;0.0;0.0;0.0;0.0;8.7;0.0;0.0;0.0;0.0;0.0;0.0;0.0;0.0;0.0;10.5;0.0;888.0
Amontada;MOITAS;-3.00675;-39.688527777778;1999;12;29.1;0.0;8.9;0.0;0.0;0.0;0.0;0.0;0.0;0.0;0.0;0.0;13.7;0.0;0.0;0.0;0.0;0.0;0.0;0.0;0.0;0.0;0.0;0.0;0.0;0.0;0.0;0.0;0.0;6.5;0.0;0.0
Amontada;MOITAS;-3.00675;-39.688527777778;2000;1;119.7;0.0;0.0;0.0;5.0;0.0;0.0;19.5;0.0;0.0;0.0;0.0;0.0;0.0;0.0;0.0;6.2;4.3;7.0;0.0;9.0;7.2;10.0;51.5;0.0;0.0;0.0;0.0;0.0;0.0;0.0;0.0
Amontada;MOITAS;-3.00675;-39.688527777778;2000;2;143.5;0.0;0.0;0.0;0.0;0.0;0.0;0.0;0.0;0.0;0.0;0.0;0.0;57.0;0.0;0.0;9.0;18.0;5.0;0.0;0.0;0.0;8.0;9.0;0.0;0.0;0.0;9.5;7.0;21.0;888.0;888.0
Amontada;MOITAS;-3.00675;-39.688527777778;2000;3;284.3;0.0;14.0;0.0;0.0;0.0;0.0;0.0;10.0;8.0;51.0;0.0;0.0;0.0;0.0;0.0;0.0;0.0;0.0;0.0;0.0;4.0;0.0;0.0;0.0;25.0;0.0;20.0;25.0;0.0;64.8;62.5
Amontada;MOITAS;-3.00675;-39.688527777778;2000;4;721.6;27.8;0.0;0.0;0.0;0.0;9.8;10.8;25.7;74.5;9.1;10.5;10.8;26.5;78.8;9.1;19.8;20.9;32.8;35.6;42.5;29.2;25.8;22.4;35.5;68.7;0.0;12.6;20.7;25.8;35.9;888.0
Amontada;MOITAS;-3.00675;-39.688527777778;2000;5;151.1;0.0;0.0;0.0;0.0;0.0;0.0;0.0;12.5;0.0;0.0;0.0;0.0;0.0;0.0;7.0;10.9;19.8;0.0;0.0;25.5;27.9;42.5;0.0;0.0;0.0;0.0;0.0;0.0;5.0;0.0;0.0
Amontada;MOITAS;-3.00675;-39.688527777778;2000;6;134.5;0.0;0.0;0.0;0.0;0.0;0.0;0.0;0.0;0.0;0.0;0.0;0.0;0.0;0.0;0.0;0.0;0.0;0.0;0.0;0.0;134.5;0.0;0.0;0.0;0.0;0.0;0.0;0.0;0.0;0.0;888.0
Amontada;MOITAS;-3.00675;-39.688527777778;2000;7;0.0;0.0;0.0;0.0;0.0;0.0;0.0;0.0;0.0;0.0;0.0;0.0;0.0;0.0;0.0;0.0;0.0;0.0;0.0;0.0;0.0;0.0;0.0;0.0;0.0;0.0;0.0;0.0;0.0;0.0;0.0;0.0
Amontada;MOITAS;-3.00675;-39.688527777778;2000;8;0.0;0.0;0.0;0.0;0.0;0.0;0.0;0.0;0.0;0.0;0.0;0.0;0.0;0.0;0.0;0.0;0.0;0.0;0.0;0.0;0.0;0.0;0.0;0.0;0.0;0.0;0.0;0.0;0.0;0.0;0.0;0.0
Amontada;MOITAS;-3.00675;-39.688527777778;2000;9;0.0;0.0;0.0;0.0;0.0;0.0;0.0;0.0;0.0;0.0;0.0;0.0;0.0;0.0;0.0;0.0;0.0;0.0;0.0;0.0;0.0;0.0;0.0;0.0;0.0;0.0;0.0;0.0;0.0;0.0;0.0;888.0
Amontada;MOITAS;-3.00675;-39.688527777778;2000;10;8.9;0.0;0.0;0.0;0.0;0.0;0.0;0.0;0.0;0.0;0.0;0.0;0.0;0.0;0.0;0.0;0.0;0.0;0.0;0.0;0.0;0.0;0.0;0.0;0.0;8.9;0.0;0.0;0.0;0.0;0.0;0.0
Amontada;MOITAS;-3.00675;-39.688527777778;2000;11;0.0;0.0;0.0;0.0;0.0;0.0;0.0;0.0;0.0;0.0;0.0;0.0;0.0;0.0;0.0;0.0;0.0;0.0;0.0;0.0;0.0;0.0;0.0;0.0;0.0;0.0;0.0;0.0;0.0;0.0;0.0;888.0
Amontada;MOITAS;-3.00675;-39.688527777778;2000;12;7.9;0.0;0.0;0.0;0.0;0.0;0.0;0.0;0.0;0.0;0.0;0.0;0.0;0.0;0.0;0.0;0.0;0.0;0.0;0.0;0.0;0.0;0.0;0.0;0.0;0.0;0.0;7.9;0.0;0.0;0.0;0.0
Amontada;MOITAS;-3.00675;-39.688527777778;2001;1;97.4;0.0;0.0;0.0;0.0;32.9;0.0;0.0;0.0;0.0;27.5;0.0;0.0;0.0;0.0;15.6;0.0;0.0;0.0;0.0;0.0;0.0;0.0;0.0;0.0;13.9;0.0;0.0;0.0;0.0;0.0;7.5
Amontada;MOITAS;-3.00675;-39.688527777778;2001;2;55.0;0.0;0.0;0.0;0.0;0.0;0.0;6.7;0.0;0.0;0.0;0.0;0.0;0.0;0.0;27.6;0.0;0.0;0.0;0.0;0.0;0.0;0.0;15.5;0.0;0.0;0.0;0.0;5.2;888.0;888.0;888.0
Amontada;MOITAS;-3.00675;-39.688527777778;2001;3;188.8;0.0;0.0;0.0;0.0;0.0;0.0;0.0;0.0;0.0;19.3;43.2;24.7;0.0;0.0;18.6;0.0;0.0;0.0;0.0;30.4;0.0;0.0;0.0;9.5;18.6;0.0;24.5;0.0;0.0;0.0;0.0
Amontada;MOITAS;-3.00675;-39.688527777778;2001;4;176.6;10.2;0.0;0.0;0.0;18.5;0.0;0.0;0.0;0.0;19.3;43.2;24.7;0.0;0.0;0.0;0.0;0.0;22.8;37.9;0.0;0.0;0.0;0.0;0.0;0.0;0.0;0.0;0.0;0.0;0.0;888.0
Amontada;MOITAS;-3.00675;-39.688527777778;2001;5;13.6;0.0;0.0;0.0;0.0;0.0;0.0;0.0;0.0;0.0;13.6;0.0;0.0;0.0;0.0;0.0;0.0;0.0;0.0;0.0;0.0;0.0;0.0;0.0;0.0;0.0;0.0;0.0;0.0;0.0;0.0;0.0
Amontada;MOITAS;-3.00675;-39.688527777778;2001;6;98.7;0.0;0.0;0.0;0.0;12.8;0.0;7.8;0.0;0.0;12.0;0.0;13.5;0.0;33.2;19.4;0.0;0.0;0.0;0.0;0.0;0.0;0.0;0.0;0.0;0.0;0.0;0.0;0.0;0.0;0.0;888.0
Amontada;MOITAS;-3.00675;-39.688527777778;2001;7;0.0;0.0;0.0;0.0;0.0;0.0;0.0;0.0;0.0;0.0;0.0;0.0;0.0;0.0;0.0;0.0;0.0;0.0;0.0;0.0;0.0;0.0;0.0;0.0;0.0;0.0;0.0;0.0;0.0;0.0;0.0;0.0
Amontada;MOITAS;-3.00675;-39.688527777778;2001;8;0.0;0.0;0.0;0.0;0.0;0.0;0.0;0.0;0.0;0.0;0.0;0.0;0.0;0.0;0.0;0.0;0.0;0.0;0.0;0.0;0.0;0.0;0.0;0.0;0.0;0.0;0.0;0.0;0.0;0.0;0.0;0.0
Amontada;MOITAS;-3.00675;-39.688527777778;2001;9;0.0;0.0;0.0;0.0;0.0;0.0;0.0;0.0;0.0;0.0;0.0;0.0;0.0;0.0;0.0;0.0;0.0;0.0;0.0;0.0;0.0;0.0;0.0;0.0;0.0;0.0;0.0;0.0;0.0;0.0;0.0;888.0
Amontada;MOITAS;-3.00675;-39.688527777778;2001;10;0.0;0.0;0.0;0.0;0.0;0.0;0.0;0.0;0.0;0.0;0.0;0.0;0.0;0.0;0.0;0.0;0.0;0.0;0.0;0.0;0.0;0.0;0.0;0.0;0.0;0.0;0.0;0.0;0.0;0.0;0.0;0.0
Amontada;MOITAS;-3.00675;-39.688527777778;2001;11;0.0;0.0;0.0;0.0;0.0;0.0;0.0;0.0;0.0;0.0;0.0;0.0;0.0;0.0;0.0;0.0;0.0;0.0;0.0;0.0;0.0;0.0;0.0;0.0;0.0;0.0;0.0;0.0;0.0;0.0;0.0;888.0
Amontada;MOITAS;-3.00675;-39.688527777778;2001;12;0.0;0.0;0.0;0.0;0.0;0.0;0.0;0.0;0.0;0.0;0.0;0.0;0.0;0.0;0.0;0.0;0.0;0.0;0.0;0.0;0.0;0.0;0.0;0.0;0.0;0.0;0.0;0.0;0.0;0.0;0.0;0.0
Amontada;MOITAS;-3.00675;-39.688527777778;2002;1;139.1;0.0;0.0;0.0;0.0;0.0;0.0;0.0;0.0;18.5;0.0;0.0;0.0;0.0;0.0;0.0;0.0;0.0;0.0;0.0;0.0;0.0;34.8;0.0;0.0;38.5;29.6;13.5;4.2;0.0;0.0;0.0
Amontada;MOITAS;-3.00675;-39.688527777778;2002;2;28.3;28.3;0.0;0.0;0.0;0.0;0.0;0.0;0.0;0.0;0.0;0.0;0.0;0.0;0.0;0.0;0.0;0.0;0.0;0.0;0.0;0.0;0.0;0.0;0.0;0.0;0.0;0.0;0.0;888.0;888.0;888.0
Amontada;MOITAS;-3.00675;-39.688527777778;2002;3;291.8;0.0;0.0;21.8;70.9;0.0;39.8;10.9;0.0;0.0;0.0;39.6;0.0;0.0;0.0;0.0;0.0;0.0;42.5;0.0;0.0;0.0;0.0;18.7;0.0;0.0;0.0;0.0;0.0;47.6;0.0;0.0
Amontada;MOITAS;-3.00675;-39.688527777778;2002;4;210.5;27.1;34.8;78.7;0.0;0.0;0.0;0.0;0.0;0.0;0.0;0.0;0.0;0.0;0.0;0.0;18.7;0.0;0.0;0.0;0.0;0.0;0.0;12.5;0.0;0.0;0.0;0.0;38.7;0.0;0.0;888.0
Amontada;MOITAS;-3.00675;-39.688527777778;2002;5;218.4;0.0;0.0;0.0;0.0;24.8;0.0;18.6;0.0;22.8;0.0;0.0;0.0;34.5;0.0;0.0;0.0;0.0;28.7;0.0;0.0;0.0;0.0;22.5;0.0;0.0;0.0;37.6;0.0;0.0;28.9;0.0
Amontada;MOITAS;-3.00675;-39.688527777778;2002;6;166.8;7.8;11.5;8.6;0.0;0.0;0.0;0.0;0.0;0.0;0.0;0.0;0.0;0.0;0.0;29.5;0.0;32.2;0.0;0.0;0.0;0.0;14.7;0.0;0.0;34.9;18.9;8.7;0.0;0.0;0.0;888.0
Amontada;MOITAS;-3.00675;-39.688527777778;2002;7;0.0;0.0;0.0;0.0;0.0;0.0;0.0;0.0;0.0;0.0;0.0;0.0;0.0;0.0;0.0;0.0;0.0;0.0;0.0;0.0;0.0;0.0;0.0;0.0;0.0;0.0;0.0;0.0;0.0;0.0;0.0;0.0
Amontada;MOITAS;-3.00675;-39.688527777778;2002;8;0.0;0.0;0.0;0.0;0.0;0.0;0.0;0.0;0.0;0.0;0.0;0.0;0.0;0.0;0.0;0.0;0.0;0.0;0.0;0.0;0.0;0.0;0.0;0.0;0.0;0.0;0.0;0.0;0.0;0.0;0.0;0.0
Amontada;MOITAS;-3.00675;-39.688527777778;2002;9;0.0;0.0;0.0;0.0;0.0;0.0;0.0;0.0;0.0;0.0;0.0;0.0;0.0;0.0;0.0;0.0;0.0;0.0;0.0;0.0;0.0;0.0;0.0;0.0;0.0;0.0;0.0;0.0;0.0;0.0;0.0;888.0
Amontada;MOITAS;-3.00675;-39.688527777778;2002;10;0.0;0.0;0.0;0.0;0.0;0.0;0.0;0.0;0.0;0.0;0.0;0.0;0.0;0.0;0.0;0.0;0.0;0.0;0.0;0.0;0.0;0.0;0.0;0.0;0.0;0.0;0.0;0.0;0.0;0.0;0.0;0.0
Amontada;MOITAS;-3.00675;-39.688527777778;2002;11;0.0;0.0;0.0;0.0;0.0;0.0;0.0;0.0;0.0;0.0;0.0;0.0;0.0;0.0;0.0;0.0;0.0;0.0;0.0;0.0;0.0;0.0;0.0;0.0;0.0;0.0;0.0;0.0;0.0;0.0;0.0;888.0
Amontada;MOITAS;-3.00675;-39.688527777778;2002;12;0.0;0.0;0.0;0.0;0.0;0.0;0.0;0.0;0.0;0.0;0.0;0.0;0.0;0.0;0.0;0.0;0.0;0.0;0.0;0.0;0.0;0.0;0.0;0.0;0.0;0.0;0.0;0.0;0.0;0.0;0.0;0.0
Amontada;MOITAS;-3.00675;-39.688527777778;2003;1;63.2;0.0;0.0;0.0;0.0;0.0;0.0;0.0;0.0;0.0;0.0;0.0;0.0;0.0;0.0;0.0;0.0;20.6;0.0;0.0;0.0;0.0;0.0;0.0;0.0;0.0;0.0;0.0;42.6;0.0;0.0;0.0
Amontada;MOITAS;-3.00675;-39.688527777778;2003;2;302.9;0.0;12.0;28.0;25.0;0.0;0.0;0.0;0.0;0.0;28.5;0.0;42.0;18.9;0.0;0.0;15.0;50.0;18.5;0.0;0.0;0.0;0.0;0.0;25.6;0.0;0.0;23.5;15.9;888.0;888.0;888.0
Amontada;MOITAS;-3.00675;-39.688527777778;2003;3;1188.2;0.0;0.0;0.0;0.0;0.0;13.7;0.0;0.0;9.6;0.0;0.0;55.5;0.0;38.7;0.0;98.7;77.8;58.0;34.0;52.0;0.0;138.0;78.0;72.0;57.0;157.0;42.0;37.0;15.0;154.2;0.0
Amontada;MOITAS;-3.00675;-39.688527777778;2003;4;207.8;0.0;0.0;0.0;0.0;32.4;0.0;0.0;0.0;0.0;42.5;0.0;22.0;0.0;0.0;17.0;0.0;0.0;0.0;0.0;0.0;0.0;47.0;18.9;0.0;0.0;0.0;13.5;9.5;0.0;5.0;888.0
Amontada;MOITAS;-3.00675;-39.688527777778;2003;5;44.9;0.0;0.0;0.0;13.7;0.0;0.0;0.0;0.0;0.0;0.0;0.0;0.0;0.0;0.0;18.9;0.0;0.0;0.0;0.0;0.0;0.0;0.0;0.0;0.0;12.3;0.0;0.0;0.0;0.0;0.0;0.0
Amontada;MOITAS;-3.00675;-39.688527777778;2003;6;38.6;0.0;0.0;0.0;0.0;0.0;0.0;38.6;0.0;0.0;0.0;0.0;0.0;0.0;0.0;0.0;0.0;0.0;0.0;0.0;0.0;0.0;0.0;0.0;0.0;0.0;0.0;0.0;0.0;0.0;0.0;888.0
Amontada;MOITAS;-3.00675;-39.688527777778;2003;7;0.0;0.0;0.0;0.0;0.0;0.0;0.0;0.0;0.0;0.0;0.0;0.0;0.0;0.0;0.0;0.0;0.0;0.0;0.0;0.0;0.0;0.0;0.0;0.0;0.0;0.0;0.0;0.0;0.0;0.0;0.0;0.0
Amontada;MOITAS;-3.00675;-39.688527777778;2003;8;0.0;0.0;0.0;0.0;0.0;0.0;0.0;0.0;0.0;0.0;0.0;0.0;0.0;0.0;0.0;0.0;0.0;0.0;0.0;0.0;0.0;0.0;0.0;0.0;0.0;0.0;0.0;0.0;0.0;0.0;0.0;0.0
Amontada;MOITAS;-3.00675;-39.688527777778;2003;9;0.0;0.0;0.0;0.0;0.0;0.0;0.0;0.0;0.0;0.0;0.0;0.0;0.0;0.0;0.0;0.0;0.0;0.0;0.0;0.0;0.0;0.0;0.0;0.0;0.0;0.0;0.0;0.0;0.0;0.0;0.0;888.0
Amontada;MOITAS;-3.00675;-39.688527777778;2003;10;0.0;0.0;0.0;0.0;0.0;0.0;0.0;0.0;0.0;0.0;0.0;0.0;0.0;0.0;0.0;0.0;0.0;0.0;0.0;0.0;0.0;0.0;0.0;0.0;0.0;0.0;0.0;0.0;0.0;0.0;0.0;0.0
Amontada;MOITAS;-3.00675;-39.688527777778;2003;11;0.0;0.0;0.0;0.0;0.0;0.0;0.0;0.0;0.0;0.0;0.0;0.0;0.0;0.0;0.0;0.0;0.0;0.0;0.0;0.0;0.0;0.0;0.0;0.0;0.0;0.0;0.0;0.0;0.0;0.0;0.0;888.0
Amontada;MOITAS;-3.00675;-39.688527777778;2003;12;0.0;0.0;0.0;0.0;0.0;0.0;0.0;0.0;0.0;0.0;0.0;0.0;0.0;0.0;0.0;0.0;0.0;0.0;0.0;0.0;0.0;0.0;0.0;0.0;0.0;0.0;0.0;0.0;0.0;0.0;0.0;0.0
Amontada;MOITAS;-3.00675;-39.688527777778;2004;1;322.1;0.0;38.0;0.0;0.0;0.0;43.0;0.0;0.0;0.0;38.0;0.0;0.0;0.0;56.6;0.0;0.0;0.0;0.0;0.0;64.5;0.0;0.0;0.0;0.0;39.7;0.0;0.0;0.0;42.3;0.0;0.0
Amontada;MOITAS;-3.00675;-39.688527777778;2004;2;343.8;0.0;0.0;0.0;55.0;0.0;0.0;0.0;0.0;43.8;0.0;32.0;0.0;25.0;0.0;18.0;0.0;38.0;0.0;0.0;42.0;0.0;0.0;0.0;18.0;0.0;27.0;0.0;0.0;45.0;888.0;888.0
Amontada;MOITAS;-3.00675;-39.688527777778;2004;3;99.0;0.0;12.0;0.0;0.0;27.0;18.0;42.0;0.0;0.0;0.0;0.0;0.0;0.0;0.0;0.0;0.0;0.0;0.0;0.0;0.0;0.0;0.0;0.0;0.0;0.0;0.0;0.0;0.0;0.0;0.0;0.0
Amontada;MOITAS;-3.00675;-39.688527777778;2004;4;0.0;0.0;0.0;0.0;0.0;0.0;0.0;0.0;0.0;0.0;0.0;0.0;0.0;0.0;0.0;0.0;0.0;0.0;0.0;0.0;0.0;0.0;0.0;0.0;0.0;0.0;0.0;0.0;0.0;0.0;0.0;888.0
Amontada;MOITAS;-3.00675;-39.688527777778;2004;5;0.0;0.0;0.0;0.0;0.0;0.0;0.0;0.0;0.0;0.0;0.0;0.0;0.0;0.0;0.0;0.0;0.0;0.0;0.0;0.0;0.0;0.0;0.0;0.0;0.0;0.0;0.0;0.0;0.0;0.0;0.0;0.0
Amontada;MOITAS;-3.00675;-39.688527777778;2004;6;0.0;0.0;0.0;0.0;0.0;0.0;0.0;0.0;0.0;0.0;0.0;0.0;0.0;0.0;0.0;0.0;0.0;0.0;0.0;0.0;0.0;0.0;0.0;0.0;0.0;0.0;0.0;0.0;0.0;0.0;0.0;888.0
Amontada;MOITAS;-3.00675;-39.688527777778;2004;7;8.0;0.0;0.0;0.0;0.0;0.0;0.0;0.0;0.0;0.0;0.0;0.0;0.0;0.0;0.0;0.0;0.0;0.0;8.0;0.0;0.0;0.0;0.0;0.0;0.0;0.0;0.0;0.0;0.0;0.0;0.0;0.0
Amontada;MOITAS;-3.00675;-39.688527777778;2004;8;0.0;0.0;0.0;0.0;0.0;0.0;0.0;0.0;0.0;0.0;0.0;0.0;0.0;0.0;0.0;0.0;0.0;0.0;0.0;0.0;0.0;0.0;0.0;0.0;0.0;0.0;0.0;0.0;0.0;0.0;0.0;0.0
Amontada;MOITAS;-3.00675;-39.688527777778;2004;9;0.0;0.0;0.0;0.0;0.0;0.0;0.0;0.0;0.0;0.0;0.0;0.0;0.0;0.0;0.0;0.0;0.0;0.0;0.0;0.0;0.0;0.0;0.0;0.0;0.0;0.0;0.0;0.0;0.0;0.0;0.0;888.0
Amontada;MOITAS;-3.00675;-39.688527777778;2004;10;0.0;0.0;0.0;0.0;0.0;0.0;0.0;0.0;0.0;0.0;0.0;0.0;0.0;0.0;0.0;0.0;0.0;0.0;0.0;0.0;0.0;0.0;0.0;0.0;0.0;0.0;0.0;0.0;0.0;0.0;0.0;0.0
Amontada;MOITAS;-3.00675;-39.688527777778;2004;11;0.0;0.0;0.0;0.0;0.0;0.0;0.0;0.0;0.0;0.0;0.0;0.0;0.0;0.0;0.0;0.0;0.0;0.0;0.0;0.0;0.0;0.0;0.0;0.0;0.0;0.0;0.0;0.0;0.0;0.0;0.0;888.0
Amontada;MOITAS;-3.00675;-39.688527777778;2004;12;0.0;0.0;0.0;0.0;0.0;0.0;0.0;0.0;0.0;0.0;0.0;0.0;0.0;0.0;0.0;0.0;0.0;0.0;0.0;0.0;0.0;0.0;0.0;0.0;0.0;0.0;0.0;0.0;0.0;0.0;0.0;0.0
Amontada;MOITAS;-3.00675;-39.688527777778;2005;1;0.0;0.0;999.0;999.0;999.0;999.0;999.0;999.0;999.0;999.0;999.0;999.0;999.0;999.0;999.0;999.0;999.0;999.0;999.0;999.0;999.0;999.0;999.0;999.0;999.0;999.0;999.0;999.0;999.0;999.0;999.0;999.0
Amontada;MOITAS;-3.00675;-39.688527777778;2005;2;0.0;0.0;999.0;999.0;999.0;999.0;999.0;999.0;999.0;999.0;999.0;999.0;999.0;999.0;999.0;999.0;999.0;999.0;999.0;999.0;999.0;999.0;999.0;999.0;999.0;999.0;999.0;999.0;999.0;888.0;888.0;888.0
Amontada;MOITAS;-3.00675;-39.688527777778;2005;3;0.0;0.0;999.0;999.0;999.0;999.0;999.0;999.0;999.0;999.0;999.0;999.0;999.0;999.0;999.0;999.0;999.0;999.0;999.0;999.0;999.0;999.0;999.0;999.0;999.0;999.0;999.0;999.0;999.0;999.0;999.0;999.0
Amontada;MOITAS;-3.00675;-39.688527777778;2005;4;0.0;0.0;999.0;999.0;999.0;999.0;999.0;999.0;999.0;999.0;999.0;999.0;999.0;999.0;999.0;999.0;999.0;999.0;999.0;999.0;999.0;999.0;999.0;999.0;999.0;999.0;999.0;999.0;999.0;999.0;999.0;888.0
Amontada;MOITAS;-3.00675;-39.688527777778;2005;5;0.0;0.0;999.0;999.0;999.0;999.0;999.0;999.0;999.0;999.0;999.0;999.0;999.0;999.0;999.0;999.0;999.0;999.0;999.0;999.0;999.0;999.0;999.0;999.0;999.0;999.0;999.0;999.0;999.0;999.0;999.0;999.0
Amontada;MOITAS;-3.00675;-39.688527777778;2005;11;0.0;999.0;999.0;999.0;999.0;999.0;999.0;999.0;999.0;999.0;999.0;999.0;999.0;999.0;999.0;999.0;999.0;999.0;999.0;999.0;999.0;999.0;999.0;999.0;999.0;999.0;999.0;999.0;999.0;999.0;999.0;888.0
Amontada;MOITAS;-3.00675;-39.688527777778;2006;1;0.0;0.0;999.0;999.0;999.0;999.0;999.0;999.0;999.0;999.0;999.0;999.0;999.0;999.0;999.0;999.0;999.0;999.0;999.0;999.0;999.0;999.0;999.0;999.0;999.0;999.0;999.0;999.0;999.0;999.0;999.0;999.0
Amontada;MOITAS;-3.00675;-39.688527777778;2006;2;0.0;0.0;999.0;999.0;999.0;999.0;999.0;999.0;999.0;999.0;999.0;999.0;999.0;999.0;999.0;999.0;999.0;999.0;999.0;999.0;999.0;999.0;999.0;999.0;999.0;999.0;999.0;999.0;999.0;888.0;888.0;888.0
Amontada;MOITAS;-3.00675;-39.688527777778;2006;3;0.0;0.0;999.0;999.0;999.0;999.0;999.0;999.0;999.0;999.0;999.0;999.0;999.0;999.0;999.0;999.0;999.0;999.0;999.0;999.0;999.0;999.0;999.0;999.0;999.0;999.0;999.0;999.0;999.0;999.0;999.0;999.0
Amontada;MOITAS;-3.00675;-39.688527777778;2006;4;0.0;0.0;999.0;999.0;999.0;999.0;999.0;999.0;999.0;999.0;999.0;999.0;999.0;999.0;999.0;999.0;999.0;999.0;999.0;999.0;999.0;999.0;999.0;999.0;999.0;999.0;999.0;999.0;999.0;999.0;999.0;888.0
Amontada;MOITAS;-3.00675;-39.688527777778;2006;5;0.0;0.0;999.0;999.0;999.0;999.0;999.0;999.0;999.0;999.0;999.0;999.0;999.0;999.0;999.0;999.0;999.0;999.0;999.0;999.0;999.0;999.0;999.0;999.0;999.0;999.0;999.0;999.0;999.0;999.0;999.0;999.0
Amontada;MOITAS;-3.00675;-39.688527777778;2006;6;0.0;0.0;999.0;999.0;999.0;999.0;999.0;999.0;999.0;999.0;999.0;999.0;999.0;999.0;999.0;999.0;999.0;999.0;999.0;999.0;999.0;999.0;999.0;999.0;999.0;999.0;999.0;999.0;999.0;999.0;999.0;888.0
Amontada;MOITAS;-3.00675;-39.688527777778;2006;7;0.0;0.0;999.0;999.0;999.0;999.0;999.0;999.0;999.0;999.0;999.0;999.0;999.0;999.0;999.0;999.0;999.0;999.0;999.0;999.0;999.0;999.0;999.0;999.0;999.0;999.0;999.0;999.0;999.0;999.0;999.0;999.0
Amontada;MOITAS;-3.00675;-39.688527777778;2006;8;0.0;0.0;999.0;999.0;999.0;999.0;999.0;999.0;999.0;999.0;999.0;999.0;999.0;999.0;999.0;999.0;999.0;999.0;999.0;999.0;999.0;999.0;999.0;999.0;999.0;999.0;999.0;999.0;999.0;999.0;999.0;999.0
Amontada;MOITAS;-3.00675;-39.688527777778;2006;9;0.0;0.0;999.0;999.0;999.0;999.0;999.0;999.0;999.0;999.0;999.0;999.0;999.0;999.0;999.0;999.0;999.0;999.0;999.0;999.0;999.0;999.0;999.0;999.0;999.0;999.0;999.0;999.0;999.0;999.0;999.0;888.0
Amontada;MOITAS;-3.00675;-39.688527777778;2006;10;0.0;0.0;999.0;999.0;999.0;999.0;999.0;999.0;999.0;999.0;999.0;999.0;999.0;999.0;999.0;999.0;999.0;999.0;999.0;999.0;999.0;999.0;999.0;999.0;999.0;999.0;999.0;999.0;999.0;999.0;999.0;999.0
Amontada;MOITAS;-3.00675;-39.688527777778;2006;11;0.0;0.0;999.0;999.0;999.0;999.0;999.0;999.0;999.0;999.0;999.0;999.0;999.0;999.0;999.0;999.0;999.0;999.0;999.0;999.0;999.0;999.0;999.0;999.0;999.0;999.0;999.0;999.0;999.0;999.0;999.0;888.0
Amontada;MOITAS;-3.00675;-39.688527777778;2006;12;0.0;0.0;999.0;999.0;999.0;999.0;999.0;999.0;999.0;999.0;999.0;999.0;999.0;999.0;999.0;999.0;999.0;999.0;999.0;999.0;999.0;999.0;999.0;999.0;999.0;999.0;999.0;999.0;999.0;999.0;999.0;999.0
Amontada;MOITAS;-3.00675;-39.688527777778;2007;1;0.0;0.0;999.0;999.0;999.0;999.0;999.0;999.0;999.0;999.0;999.0;999.0;999.0;999.0;999.0;999.0;999.0;999.0;999.0;999.0;999.0;999.0;999.0;999.0;999.0;999.0;999.0;999.0;999.0;999.0;999.0;999.0
Amontada;MOITAS;-3.00675;-39.688527777778;2007;2;0.0;0.0;999.0;999.0;999.0;999.0;999.0;999.0;999.0;999.0;999.0;999.0;999.0;999.0;999.0;999.0;999.0;999.0;999.0;999.0;999.0;999.0;999.0;999.0;999.0;999.0;999.0;999.0;999.0;888.0;888.0;888.0
Amontada;MOITAS;-3.00675;-39.688527777778;2007;3;0.0;0.0;999.0;999.0;999.0;999.0;999.0;999.0;999.0;999.0;999.0;999.0;999.0;999.0;999.0;999.0;999.0;999.0;999.0;999.0;999.0;999.0;999.0;999.0;999.0;999.0;999.0;999.0;999.0;999.0;999.0;999.0
Amontada;MOITAS;-3.00675;-39.688527777778;2007;4;0.0;0.0;999.0;999.0;999.0;999.0;999.0;999.0;999.0;999.0;999.0;999.0;999.0;999.0;999.0;999.0;999.0;999.0;999.0;999.0;999.0;999.0;999.0;999.0;999.0;999.0;999.0;999.0;999.0;999.0;999.0;888.0
Amontada;MOITAS;-3.00675;-39.688527777778;2007;12;0.0;0.0;999.0;999.0;999.0;999.0;999.0;999.0;999.0;999.0;999.0;999.0;999.0;999.0;999.0;999.0;999.0;999.0;999.0;999.0;999.0;999.0;999.0;999.0;999.0;999.0;999.0;999.0;999.0;999.0;999.0;999.0
Amontada;MOITAS;-3.00675;-39.688527777778;2008;2;0.0;0.0;999.0;999.0;999.0;999.0;999.0;999.0;999.0;999.0;999.0;999.0;999.0;999.0;999.0;999.0;999.0;999.0;999.0;999.0;999.0;999.0;999.0;999.0;999.0;999.0;999.0;999.0;999.0;888.0;888.0;888.0
Amontada;MOITAS;-3.00675;-39.688527777778;2008;3;241.5;0.0;0.0;0.0;0.0;0.0;0.0;0.0;23.7;72.5;0.0;0.0;0.0;21.3;0.0;0.0;3.2;0.0;0.0;0.0;5.0;0.0;0.0;14.7;0.0;0.0;33.5;55.8;11.8;0.0;0.0;0.0
Amontada;MOITAS;-3.00675;-39.688527777778;2008;4;257.6;39.7;9.0;74.9;0.0;0.0;38.7;66.6;28.7;999.0;999.0;999.0;999.0;999.0;999.0;999.0;999.0;999.0;999.0;999.0;999.0;999.0;999.0;999.0;999.0;999.0;999.0;999.0;999.0;999.0;999.0;888.0
Amontada;MOITAS;-3.00675;-39.688527777778;2008;12;0.0;0.0;999.0;999.0;999.0;999.0;999.0;999.0;999.0;999.0;999.0;999.0;999.0;999.0;999.0;999.0;999.0;999.0;999.0;999.0;999.0;999.0;999.0;999.0;999.0;999.0;999.0;999.0;999.0;999.0;999.0;999.0
Amontada;MOITAS;-3.00675;-39.688527777778;2009;1;0.0;0.0;0.0;0.0;0.0;0.0;0.0;0.0;0.0;0.0;0.0;0.0;0.0;0.0;0.0;0.0;0.0;0.0;0.0;0.0;0.0;0.0;0.0;0.0;0.0;0.0;0.0;0.0;0.0;0.0;0.0;0.0
Amontada;MOITAS;-3.00675;-39.688527777778;2009;2;191.7;0.0;0.0;0.0;0.0;0.0;0.0;0.0;0.0;0.0;0.0;0.0;0.0;0.0;0.0;0.0;0.0;0.0;0.0;0.0;0.0;0.0;0.0;124.5;0.0;0.0;0.0;0.0;67.2;888.0;888.0;888.0
Amontada;MOITAS;-3.00675;-39.688527777778;2009;3;428.2;42.1;0.0;111.5;0.0;91.2;55.1;0.0;0.0;0.0;0.0;0.0;0.0;0.0;0.0;0.0;0.0;0.0;0.0;0.0;15.9;0.0;0.0;0.0;0.0;0.0;32.5;0.0;17.5;0.0;62.4;0.0
Amontada;MOITAS;-3.00675;-39.688527777778;2009;4;0.0;0.0;999.0;999.0;999.0;999.0;999.0;999.0;999.0;999.0;999.0;999.0;999.0;999.0;999.0;999.0;999.0;999.0;999.0;999.0;999.0;999.0;999.0;999.0;999.0;999.0;999.0;999.0;999.0;999.0;999.0;888.0
Amontada;MOITAS;-3.00675;-39.688527777778;2010;1;56.0;47.0;999.0;999.0;999.0;999.0;999.0;999.0;999.0;999.0;999.0;999.0;999.0;999.0;999.0;999.0;999.0;9.0;999.0;999.0;999.0;999.0;999.0;999.0;999.0;999.0;999.0;999.0;999.0;999.0;999.0;999.0
Amontada;MOITAS;-3.00675;-39.688527777778;2010;2;31.5;999.0;999.0;999.0;999.0;999.0;999.0;999.0;19.6;999.0;999.0;999.0;999.0;999.0;999.0;999.0;999.0;999.0;999.0;999.0;999.0;999.0;999.0;999.0;11.9;999.0;999.0;999.0;999.0;888.0;888.0;888.0
Amontada;MOITAS;-3.00675;-39.688527777778;2010;3;105.8;22.0;999.0;999.0;21.0;999.0;999.0;999.0;13.0;999.0;999.0;999.0;999.0;999.0;19.5;999.0;999.0;999.0;999.0;999.0;999.0;7.8;999.0;999.0;999.0;999.0;999.0;22.5;999.0;999.0;999.0;999.0
Amontada;MOITAS;-3.00675;-39.688527777778;2010;4;70.4;21.5;999.0;999.0;999.0;999.0;999.0;11.8;999.0;999.0;999.0;999.0;999.0;999.0;999.0;999.0;999.0;999.0;999.0;999.0;999.0;999.0;999.0;999.0;999.0;9.2;999.0;999.0;999.0;999.0;27.9;888.0
Amontada;MOITAS;-3.00675;-39.688527777778;2010;5;283.5;28.0;25.0;0.0;68.0;32.0;0.0;0.0;0.0;0.0;0.0;0.0;0.0;5.8;27.5;0.0;0.0;0.0;0.0;0.0;0.0;0.0;0.0;0.0;0.0;0.0;35.2;29.3;0.0;0.0;0.0;32.7
Amontada;MOITAS;-3.00675;-39.688527777778;2010;6;132.9;132.9;0.0;0.0;0.0;0.0;0.0;0.0;0.0;0.0;0.0;0.0;0.0;0.0;0.0;0.0;0.0;0.0;0.0;0.0;0.0;0.0;0.0;0.0;0.0;0.0;0.0;0.0;0.0;0.0;0.0;888.0
Amontada;MOITAS;-3.00675;-39.688527777778;2010;7;0.0;0.0;0.0;0.0;0.0;0.0;0.0;0.0;0.0;0.0;0.0;0.0;0.0;0.0;0.0;0.0;0.0;0.0;0.0;0.0;0.0;0.0;0.0;0.0;0.0;0.0;0.0;0.0;0.0;0.0;0.0;0.0
Amontada;MOITAS;-3.00675;-39.688527777778;2010;8;0.0;0.0;0.0;0.0;0.0;0.0;0.0;0.0;0.0;0.0;0.0;0.0;0.0;0.0;0.0;0.0;0.0;0.0;0.0;0.0;0.0;0.0;0.0;0.0;0.0;0.0;0.0;0.0;0.0;0.0;0.0;0.0
Amontada;MOITAS;-3.00675;-39.688527777778;2010;9;0.0;0.0;0.0;0.0;0.0;0.0;0.0;0.0;0.0;0.0;0.0;0.0;0.0;0.0;0.0;0.0;0.0;0.0;0.0;0.0;0.0;0.0;0.0;0.0;0.0;0.0;0.0;0.0;0.0;0.0;0.0;888.0
Amontada;MOITAS;-3.00675;-39.688527777778;2010;10;0.0;0.0;0.0;0.0;0.0;0.0;0.0;0.0;0.0;0.0;0.0;0.0;0.0;0.0;0.0;0.0;0.0;0.0;0.0;0.0;0.0;0.0;0.0;0.0;0.0;0.0;0.0;0.0;0.0;0.0;0.0;0.0
Amontada;MOITAS;-3.00675;-39.688527777778;2010;11;0.0;0.0;0.0;0.0;0.0;0.0;0.0;0.0;0.0;0.0;0.0;0.0;0.0;0.0;0.0;0.0;0.0;0.0;0.0;0.0;0.0;0.0;0.0;0.0;0.0;0.0;0.0;0.0;0.0;0.0;0.0;888.0
Amontada;MOITAS;-3.00675;-39.688527777778;2010;12;0.0;0.0;0.0;0.0;0.0;0.0;0.0;0.0;0.0;0.0;0.0;0.0;0.0;0.0;0.0;0.0;0.0;0.0;0.0;0.0;0.0;0.0;0.0;0.0;0.0;0.0;0.0;0.0;0.0;0.0;0.0;0.0
Amontada;MOITAS;-3.00675;-39.688527777778;2011;1;533.0;0.0;0.0;0.0;0.0;0.0;0.0;0.0;0.0;0.0;159.0;0.0;0.0;0.0;0.0;0.0;0.0;0.0;0.0;0.0;139.0;0.0;0.0;62.5;101.2;71.3;0.0;0.0;0.0;0.0;0.0;0.0
Amontada;MOITAS;-3.00675;-39.688527777778;2012;3;0.0;0.0;999.0;999.0;999.0;999.0;999.0;999.0;999.0;999.0;999.0;999.0;999.0;999.0;999.0;999.0;999.0;999.0;999.0;999.0;999.0;999.0;999.0;999.0;999.0;999.0;999.0;999.0;999.0;999.0;999.0;999.0
Amontada;MOITAS;-3.00675;-39.688527777778;2013;7;0.0;999.0;999.0;999.0;999.0;999.0;999.0;999.0;999.0;999.0;999.0;999.0;999.0;999.0;999.0;999.0;999.0;999.0;999.0;999.0;999.0;999.0;999.0;999.0;999.0;999.0;999.0;999.0;999.0;999.0;999.0;999.0
Amontada;MOITAS;-3.00675;-39.688527777778;2014;6;0.0;999.0;999.0;999.0;999.0;999.0;999.0;999.0;999.0;999.0;999.0;999.0;999.0;999.0;999.0;999.0;999.0;999.0;999.0;999.0;999.0;999.0;999.0;999.0;999.0;999.0;999.0;999.0;999.0;999.0;999.0;888.0
Amontada;MOITAS;-3.00675;-39.688527777778;2015;3;0.0;999.0;999.0;999.0;999.0;999.0;999.0;999.0;999.0;999.0;999.0;999.0;999.0;999.0;999.0;999.0;999.0;999.0;999.0;999.0;999.0;999.0;999.0;999.0;999.0;999.0;999.0;999.0;999.0;999.0;999.0;999.0
Amontada;MOITAS;-3.00675;-39.688527777778;2015;4;0.0;999.0;999.0;999.0;999.0;999.0;999.0;999.0;999.0;999.0;999.0;999.0;999.0;999.0;999.0;999.0;999.0;999.0;999.0;999.0;999.0;999.0;999.0;999.0;999.0;999.0;999.0;999.0;999.0;999.0;999.0;888.0
Amontada;MOITAS;-3.00675;-39.688527777778;2015;5;0.0;999.0;999.0;999.0;999.0;999.0;999.0;999.0;999.0;999.0;999.0;999.0;999.0;999.0;999.0;999.0;999.0;999.0;999.0;999.0;999.0;999.0;999.0;999.0;999.0;999.0;999.0;999.0;999.0;999.0;999.0;999.0
Amontada;MOITAS;-3.00675;-39.688527777778;2015;6;0.0;999.0;999.0;999.0;999.0;999.0;999.0;999.0;999.0;999.0;999.0;999.0;999.0;999.0;999.0;999.0;999.0;999.0;999.0;999.0;999.0;999.0;999.0;999.0;999.0;999.0;999.0;999.0;999.0;999.0;999.0;888.0
Amontada;MOITAS;-3.00675;-39.688527777778;2015;7;0.0;999.0;999.0;999.0;999.0;999.0;999.0;999.0;999.0;999.0;999.0;999.0;999.0;999.0;999.0;999.0;999.0;999.0;999.0;999.0;999.0;999.0;999.0;999.0;999.0;999.0;999.0;999.0;999.0;999.0;999.0;999.0
Amontada;MOITAS;-3.00675;-39.688527777778;2015;8;0.0;999.0;999.0;999.0;999.0;999.0;999.0;999.0;999.0;999.0;999.0;999.0;999.0;999.0;999.0;999.0;999.0;999.0;999.0;999.0;999.0;999.0;999.0;999.0;999.0;999.0;999.0;999.0;999.0;999.0;999.0;999.0
Amontada;MOITAS;-3.00675;-39.688527777778;2015;9;0.0;999.0;999.0;999.0;999.0;999.0;999.0;999.0;999.0;999.0;999.0;999.0;999.0;999.0;999.0;999.0;999.0;999.0;999.0;999.0;999.0;999.0;999.0;999.0;999.0;999.0;999.0;999.0;999.0;999.0;999.0;888.0
Amontada;MOITAS;-3.00675;-39.688527777778;2015;10;0.0;999.0;999.0;999.0;999.0;999.0;999.0;999.0;999.0;999.0;999.0;999.0;999.0;999.0;999.0;999.0;999.0;999.0;999.0;999.0;999.0;999.0;999.0;999.0;999.0;999.0;999.0;999.0;999.0;999.0;999.0;999.0
Amontada;MOITAS;-3.00675;-39.688527777778;2015;11;0.0;999.0;999.0;999.0;999.0;999.0;999.0;999.0;999.0;999.0;999.0;999.0;999.0;999.0;999.0;999.0;999.0;999.0;999.0;999.0;999.0;999.0;999.0;999.0;999.0;999.0;999.0;999.0;999.0;999.0;999.0;888.0
Amontada;MOITAS;-3.00675;-39.688527777778;2015;12;0.0;999.0;999.0;999.0;999.0;999.0;999.0;999.0;999.0;999.0;999.0;999.0;999.0;999.0;999.0;999.0;999.0;999.0;999.0;999.0;999.0;999.0;999.0;999.0;999.0;999.0;999.0;999.0;999.0;999.0;999.0;999.0
Amontada;MOITAS;-3.00675;-39.688527777778;2016;1;0.0;999.0;999.0;999.0;999.0;999.0;999.0;999.0;999.0;999.0;999.0;999.0;999.0;999.0;999.0;999.0;999.0;999.0;999.0;999.0;999.0;999.0;999.0;999.0;999.0;999.0;999.0;999.0;999.0;999.0;999.0;999.0
Amontada;MOITAS;-3.00675;-39.688527777778;2016;2;0.0;999.0;999.0;999.0;999.0;999.0;999.0;999.0;999.0;999.0;999.0;999.0;999.0;999.0;999.0;999.0;999.0;999.0;999.0;999.0;999.0;999.0;999.0;999.0;999.0;999.0;999.0;999.0;999.0;999.0;888.0;888.0
Amontada;MOITAS;-3.00675;-39.688527777778;2016;3;0.0;999.0;999.0;999.0;999.0;999.0;999.0;999.0;999.0;999.0;999.0;999.0;999.0;999.0;999.0;999.0;999.0;999.0;999.0;999.0;999.0;999.0;999.0;999.0;999.0;999.0;999.0;999.0;999.0;999.0;999.0;999.0
Amontada;MOITAS;-3.00675;-39.688527777778;2016;4;0.0;999.0;999.0;999.0;999.0;999.0;999.0;999.0;999.0;999.0;999.0;999.0;999.0;999.0;999.0;999.0;999.0;999.0;999.0;999.0;999.0;999.0;999.0;999.0;999.0;999.0;999.0;999.0;999.0;999.0;999.0;888.0
Amontada;MOITAS;-3.00675;-39.688527777778;2016;7;20.0;0.0;0.0;0.0;0.0;0.0;0.0;0.0;0.0;20.0;999.0;999.0;999.0;999.0;999.0;999.0;999.0;999.0;999.0;999.0;999.0;999.0;999.0;999.0;999.0;999.0;999.0;999.0;999.0;999.0;999.0;999.0
