Municipios;Postos;Latitude;Longitude;Anos;Meses;Total;Dia1;Dia2;Dia3;Dia4;Dia5;Dia6;Dia7;Dia8;Dia9;Dia10;Dia11;Dia12;Dia13;Dia14;Dia15;Dia16;Dia17;Dia18;Dia19;Dia20;Dia21;Dia22;Dia23;Dia24;Dia25;Dia26;Dia27;Dia28;Dia29;Dia30;Dia31
Iracema;SAO JOSE DO FAMA;-5.648;-38.302833333333;1998;9;0.0;0.0;0.0;0.0;0.0;0.0;0.0;0.0;0.0;0.0;0.0;0.0;0.0;0.0;0.0;0.0;0.0;0.0;0.0;0.0;0.0;0.0;0.0;0.0;0.0;0.0;0.0;0.0;0.0;0.0;0.0;888.0
Iracema;SAO JOSE DO FAMA;-5.648;-38.302833333333;1998;10;0.0;0.0;0.0;0.0;0.0;0.0;0.0;0.0;0.0;0.0;0.0;0.0;0.0;0.0;0.0;0.0;0.0;0.0;0.0;0.0;0.0;0.0;0.0;0.0;0.0;0.0;0.0;0.0;0.0;0.0;0.0;0.0
Iracema;SAO JOSE DO FAMA;-5.648;-38.302833333333;1998;11;0.0;0.0;0.0;0.0;0.0;0.0;0.0;0.0;0.0;0.0;0.0;0.0;0.0;0.0;0.0;0.0;0.0;0.0;0.0;0.0;0.0;0.0;0.0;0.0;0.0;0.0;0.0;0.0;0.0;0.0;0.0;888.0
Iracema;SAO JOSE DO FAMA;-5.648;-38.302833333333;1998;12;0.0;0.0;0.0;0.0;0.0;0.0;0.0;0.0;0.0;0.0;0.0;0.0;0.0;0.0;0.0;0.0;0.0;0.0;0.0;0.0;0.0;0.0;0.0;0.0;0.0;0.0;0.0;0.0;0.0;0.0;0.0;0.0
Iracema;SAO JOSE DO FAMA;-5.648;-38.302833333333;1999;1;51.1;0.0;0.0;0.0;0.0;0.0;0.0;0.0;24.0;27.1;0.0;0.0;0.0;0.0;0.0;0.0;0.0;0.0;0.0;0.0;0.0;0.0;0.0;0.0;0.0;0.0;0.0;0.0;0.0;0.0;0.0;0.0
Iracema;SAO JOSE DO FAMA;-5.648;-38.302833333333;1999;2;7.8;0.0;2.0;0.0;0.0;0.0;0.0;0.0;0.0;0.0;0.0;0.0;0.0;2.0;0.0;0.0;0.0;0.0;0.0;0.0;0.0;0.0;0.0;0.0;1.4;0.0;2.4;0.0;0.0;888.0;888.0;888.0
Iracema;SAO JOSE DO FAMA;-5.648;-38.302833333333;1999;3;145.3;0.0;0.0;0.0;11.0;0.0;4.2;0.0;0.0;0.0;0.0;0.0;0.0;34.0;0.0;22.6;7.8;4.8;9.4;44.0;0.0;0.0;0.0;0.0;4.5;0.0;0.0;0.0;0.0;3.0;0.0;0.0
Iracema;SAO JOSE DO FAMA;-5.648;-38.302833333333;1999;4;87.5;0.0;0.0;0.0;0.0;0.0;9.5;0.0;0.0;0.0;0.0;0.0;0.0;16.2;9.2;0.0;0.0;0.0;0.0;0.0;0.0;1.8;0.0;0.0;0.0;0.0;18.2;6.2;8.2;3.2;15.0;888.0
Iracema;SAO JOSE DO FAMA;-5.648;-38.302833333333;1999;5;164.4;0.0;6.0;0.0;0.0;0.0;6.0;123.6;4.4;0.0;0.0;0.0;0.0;0.0;1.8;8.6;6.4;1.2;0.0;0.0;0.0;0.0;5.4;0.0;1.0;0.0;0.0;0.0;0.0;0.0;0.0;0.0
Iracema;SAO JOSE DO FAMA;-5.648;-38.302833333333;1999;6;0.0;0.0;0.0;0.0;0.0;0.0;0.0;0.0;0.0;0.0;0.0;0.0;0.0;0.0;0.0;0.0;0.0;0.0;0.0;0.0;0.0;0.0;0.0;0.0;0.0;0.0;0.0;0.0;0.0;0.0;0.0;888.0
Iracema;SAO JOSE DO FAMA;-5.648;-38.302833333333;1999;7;0.0;0.0;0.0;0.0;0.0;0.0;0.0;0.0;0.0;0.0;0.0;0.0;0.0;0.0;0.0;0.0;0.0;0.0;0.0;0.0;0.0;0.0;0.0;0.0;0.0;0.0;0.0;0.0;0.0;0.0;0.0;0.0
Iracema;SAO JOSE DO FAMA;-5.648;-38.302833333333;1999;8;0.0;0.0;0.0;0.0;0.0;0.0;0.0;0.0;0.0;0.0;0.0;0.0;0.0;0.0;0.0;0.0;0.0;0.0;0.0;0.0;0.0;0.0;0.0;0.0;0.0;0.0;0.0;0.0;0.0;0.0;0.0;0.0
Iracema;SAO JOSE DO FAMA;-5.648;-38.302833333333;1999;9;0.0;0.0;0.0;0.0;0.0;0.0;0.0;0.0;0.0;0.0;0.0;0.0;0.0;0.0;0.0;0.0;0.0;0.0;0.0;0.0;0.0;0.0;0.0;0.0;0.0;0.0;0.0;0.0;0.0;0.0;0.0;888.0
Iracema;SAO JOSE DO FAMA;-5.648;-38.302833333333;1999;10;0.0;0.0;0.0;0.0;0.0;0.0;0.0;0.0;0.0;0.0;0.0;0.0;0.0;0.0;0.0;0.0;0.0;0.0;0.0;0.0;0.0;0.0;0.0;0.0;0.0;0.0;0.0;0.0;0.0;0.0;0.0;0.0
Iracema;SAO JOSE DO FAMA;-5.648;-38.302833333333;1999;11;0.0;0.0;0.0;0.0;0.0;0.0;0.0;0.0;0.0;0.0;0.0;0.0;0.0;0.0;0.0;0.0;0.0;0.0;0.0;0.0;0.0;0.0;0.0;0.0;0.0;0.0;0.0;0.0;0.0;0.0;0.0;888.0
Iracema;SAO JOSE DO FAMA;-5.648;-38.302833333333;1999;12;0.0;0.0;0.0;0.0;0.0;0.0;0.0;0.0;0.0;0.0;0.0;0.0;0.0;0.0;0.0;0.0;0.0;0.0;0.0;0.0;0.0;0.0;0.0;0.0;0.0;0.0;0.0;0.0;0.0;0.0;0.0;0.0
Iracema;SAO JOSE DO FAMA;-5.648;-38.302833333333;2000;1;120.9;0.0;0.0;0.0;0.0;8.0;0.0;55.0;19.8;7.2;0.0;2.5;0.0;0.0;0.0;0.0;21.0;7.4;0.0;0.0;0.0;0.0;0.0;0.0;0.0;0.0;0.0;0.0;0.0;0.0;0.0;0.0
Iracema;SAO JOSE DO FAMA;-5.648;-38.302833333333;2000;2;250.3;0.0;0.0;0.0;0.0;0.0;0.0;0.0;79.8;0.0;0.0;0.0;0.0;0.0;0.0;60.8;0.0;0.0;10.0;22.6;0.0;4.0;4.0;40.0;3.2;13.2;0.0;4.8;7.9;0.0;888.0;888.0
Iracema;SAO JOSE DO FAMA;-5.648;-38.302833333333;2000;3;48.7;0.0;10.0;0.0;3.6;2.0;0.0;0.0;0.0;0.0;9.0;0.4;0.0;0.0;0.0;0.0;0.0;0.0;0.0;0.0;0.0;0.0;0.0;0.0;0.0;0.0;2.2;0.0;0.0;2.0;0.0;19.5
Iracema;SAO JOSE DO FAMA;-5.648;-38.302833333333;2000;4;240.5;0.0;0.0;4.0;0.0;0.0;0.0;0.0;0.0;36.0;7.4;5.0;0.0;24.0;46.2;18.0;0.0;18.8;0.0;0.0;14.1;0.0;0.0;0.0;28.4;0.0;8.4;2.2;0.0;0.0;28.0;888.0
Iracema;SAO JOSE DO FAMA;-5.648;-38.302833333333;2000;5;66.2;0.0;0.0;25.0;5.0;0.0;2.2;0.0;0.0;0.0;0.0;0.0;0.0;5.5;3.5;0.0;0.0;15.0;10.0;0.0;0.0;0.0;0.0;0.0;0.0;0.0;0.0;0.0;0.0;0.0;0.0;0.0
Iracema;SAO JOSE DO FAMA;-5.648;-38.302833333333;2000;6;90.8;11.6;0.0;0.0;0.0;0.0;0.0;0.0;2.4;26.0;0.0;0.0;0.0;0.0;0.0;0.0;50.8;0.0;0.0;0.0;0.0;0.0;0.0;0.0;0.0;0.0;0.0;0.0;0.0;0.0;0.0;888.0
Iracema;SAO JOSE DO FAMA;-5.648;-38.302833333333;2000;7;18.2;16.2;0.0;0.0;0.0;0.0;0.0;0.0;0.0;0.0;0.0;2.0;0.0;0.0;0.0;0.0;0.0;0.0;0.0;0.0;0.0;0.0;0.0;0.0;0.0;0.0;0.0;0.0;0.0;0.0;0.0;0.0
Iracema;SAO JOSE DO FAMA;-5.648;-38.302833333333;2000;8;25.4;0.0;21.4;0.0;0.0;0.0;0.0;0.0;4.0;0.0;0.0;0.0;0.0;0.0;0.0;0.0;0.0;0.0;0.0;0.0;0.0;0.0;0.0;0.0;0.0;0.0;0.0;0.0;0.0;0.0;0.0;0.0
Iracema;SAO JOSE DO FAMA;-5.648;-38.302833333333;2000;9;0.0;0.0;0.0;0.0;0.0;0.0;0.0;0.0;0.0;0.0;0.0;0.0;0.0;0.0;0.0;0.0;0.0;0.0;0.0;0.0;0.0;0.0;0.0;0.0;0.0;0.0;0.0;0.0;0.0;0.0;0.0;888.0
Iracema;SAO JOSE DO FAMA;-5.648;-38.302833333333;2000;10;0.0;0.0;0.0;0.0;0.0;0.0;0.0;0.0;0.0;0.0;0.0;0.0;0.0;0.0;0.0;0.0;0.0;0.0;0.0;0.0;0.0;0.0;0.0;0.0;0.0;0.0;0.0;0.0;0.0;0.0;0.0;0.0
Iracema;SAO JOSE DO FAMA;-5.648;-38.302833333333;2000;11;0.0;0.0;0.0;0.0;0.0;0.0;0.0;0.0;0.0;0.0;0.0;0.0;0.0;0.0;0.0;0.0;0.0;0.0;0.0;0.0;0.0;0.0;0.0;0.0;0.0;0.0;0.0;0.0;0.0;0.0;0.0;888.0
Iracema;SAO JOSE DO FAMA;-5.648;-38.302833333333;2000;12;17.2;0.0;0.0;0.0;0.0;0.0;0.0;0.0;0.0;0.0;0.0;0.0;0.0;0.0;0.0;11.0;6.2;0.0;0.0;0.0;0.0;0.0;0.0;0.0;0.0;0.0;0.0;0.0;0.0;0.0;0.0;0.0
Iracema;SAO JOSE DO FAMA;-5.648;-38.302833333333;2001;1;26.4;0.0;0.0;0.0;0.0;0.0;0.0;0.0;0.0;0.0;0.0;0.0;0.0;9.2;17.2;0.0;0.0;0.0;0.0;0.0;0.0;0.0;0.0;0.0;0.0;0.0;0.0;0.0;0.0;0.0;0.0;0.0
Iracema;SAO JOSE DO FAMA;-5.648;-38.302833333333;2001;2;15.0;0.0;0.0;4.0;4.4;0.0;0.0;0.0;0.0;2.2;4.4;0.0;0.0;0.0;0.0;0.0;0.0;0.0;0.0;0.0;0.0;0.0;0.0;0.0;0.0;0.0;0.0;0.0;0.0;888.0;888.0;888.0
Iracema;SAO JOSE DO FAMA;-5.648;-38.302833333333;2001;3;166.0;0.0;0.0;0.0;0.0;0.0;0.0;0.0;0.0;50.0;23.8;3.0;0.0;6.8;17.0;8.0;6.0;0.0;0.0;4.2;0.0;0.0;41.8;0.0;0.0;0.0;3.0;0.0;0.0;0.0;2.4;0.0
Iracema;SAO JOSE DO FAMA;-5.648;-38.302833333333;2001;4;119.1;0.0;0.0;2.4;2.6;0.0;0.0;0.0;0.0;0.0;0.0;3.4;27.1;10.8;7.2;14.2;15.0;1.6;3.4;0.0;0.0;11.0;7.0;0.0;0.0;0.0;0.0;0.0;0.0;9.0;4.4;888.0
Iracema;SAO JOSE DO FAMA;-5.648;-38.302833333333;2001;5;32.4;0.2;0.0;0.0;0.0;0.0;0.0;0.0;0.0;0.0;0.0;0.0;0.0;0.0;0.0;0.0;0.0;0.0;0.0;32.2;0.0;0.0;0.0;0.0;0.0;0.0;0.0;0.0;0.0;0.0;0.0;0.0
Iracema;SAO JOSE DO FAMA;-5.648;-38.302833333333;2001;6;20.6;0.0;8.2;0.0;0.0;10.6;0.0;0.0;0.0;0.0;0.0;0.0;0.0;0.0;1.8;0.0;0.0;0.0;0.0;0.0;0.0;0.0;0.0;0.0;0.0;0.0;0.0;0.0;0.0;0.0;0.0;888.0
Iracema;SAO JOSE DO FAMA;-5.648;-38.302833333333;2001;7;37.8;0.0;0.0;0.0;0.0;0.0;0.0;0.0;0.0;0.0;0.0;0.0;0.0;0.0;30.8;0.0;0.0;0.0;0.0;0.0;0.0;7.0;0.0;0.0;0.0;0.0;0.0;0.0;0.0;0.0;0.0;0.0
Iracema;SAO JOSE DO FAMA;-5.648;-38.302833333333;2001;8;5.8;0.0;0.0;0.0;0.0;0.0;0.0;0.0;5.8;0.0;0.0;0.0;0.0;0.0;0.0;0.0;0.0;0.0;0.0;0.0;0.0;0.0;0.0;0.0;0.0;0.0;0.0;0.0;0.0;0.0;0.0;0.0
Iracema;SAO JOSE DO FAMA;-5.648;-38.302833333333;2001;9;0.0;0.0;0.0;0.0;0.0;0.0;0.0;0.0;0.0;0.0;0.0;0.0;0.0;0.0;0.0;0.0;0.0;0.0;0.0;0.0;0.0;0.0;0.0;0.0;0.0;0.0;0.0;0.0;0.0;0.0;0.0;888.0
Iracema;SAO JOSE DO FAMA;-5.648;-38.302833333333;2001;10;0.0;0.0;0.0;0.0;0.0;0.0;0.0;0.0;0.0;0.0;0.0;0.0;0.0;0.0;0.0;0.0;0.0;0.0;0.0;0.0;0.0;0.0;0.0;0.0;0.0;0.0;0.0;0.0;0.0;0.0;0.0;0.0
Iracema;SAO JOSE DO FAMA;-5.648;-38.302833333333;2001;11;0.0;0.0;0.0;0.0;0.0;0.0;0.0;0.0;0.0;0.0;0.0;0.0;0.0;0.0;0.0;0.0;0.0;0.0;0.0;0.0;0.0;0.0;0.0;0.0;0.0;0.0;0.0;0.0;0.0;0.0;0.0;888.0
Iracema;SAO JOSE DO FAMA;-5.648;-38.302833333333;2001;12;0.0;0.0;0.0;0.0;0.0;0.0;0.0;0.0;0.0;0.0;0.0;0.0;0.0;0.0;0.0;0.0;0.0;0.0;0.0;0.0;0.0;0.0;0.0;0.0;0.0;0.0;0.0;0.0;0.0;0.0;0.0;0.0
Iracema;SAO JOSE DO FAMA;-5.648;-38.302833333333;2002;1;225.4;0.0;0.0;0.0;0.0;0.0;73.0;6.0;0.0;4.4;0.0;0.0;0.0;11.0;23.0;0.0;0.0;0.0;23.0;0.0;0.0;0.0;80.0;0.0;0.0;0.0;0.0;0.0;0.0;5.0;0.0;0.0
Iracema;SAO JOSE DO FAMA;-5.648;-38.302833333333;2002;2;71.8;0.0;0.0;0.0;47.2;0.0;0.0;0.0;0.0;0.0;7.4;0.0;0.0;0.0;12.6;3.6;0.0;0.0;0.0;0.0;1.0;0.0;0.0;0.0;0.0;0.0;0.0;0.0;0.0;888.0;888.0;888.0
Iracema;SAO JOSE DO FAMA;-5.648;-38.302833333333;2002;3;263.1;0.0;0.0;0.0;3.0;79.0;18.6;0.0;9.4;0.0;0.0;0.0;0.0;0.0;0.0;0.0;0.0;7.4;33.0;50.0;4.0;0.0;0.0;0.0;0.0;1.2;0.0;0.0;13.5;35.0;9.0;0.0
Iracema;SAO JOSE DO FAMA;-5.648;-38.302833333333;2002;4;168.8;13.0;2.4;17.6;0.0;0.0;13.6;6.0;3.2;0.0;0.0;4.4;17.0;15.0;0.0;4.0;0.0;0.0;1.4;0.0;11.2;0.0;0.0;0.0;0.0;0.0;44.6;9.0;0.0;6.4;0.0;888.0
Iracema;SAO JOSE DO FAMA;-5.648;-38.302833333333;2002;5;133.0;1.0;56.0;0.0;0.0;0.0;0.0;38.0;0.0;0.0;0.0;0.0;0.0;0.0;0.0;0.0;15.0;8.0;0.0;0.0;0.0;0.0;0.0;0.0;0.0;0.0;15.0;0.0;0.0;0.0;0.0;0.0
Iracema;SAO JOSE DO FAMA;-5.648;-38.302833333333;2002;6;41.9;2.5;0.0;0.0;0.0;0.0;0.0;26.0;0.0;0.0;0.0;0.0;0.0;0.0;0.0;0.0;2.0;0.0;0.0;11.4;0.0;0.0;0.0;0.0;0.0;0.0;0.0;0.0;0.0;0.0;0.0;888.0
Iracema;SAO JOSE DO FAMA;-5.648;-38.302833333333;2002;7;12.2;10.0;0.0;0.0;0.0;2.2;0.0;0.0;0.0;0.0;0.0;0.0;0.0;0.0;0.0;0.0;0.0;0.0;0.0;0.0;0.0;0.0;0.0;0.0;0.0;0.0;0.0;0.0;0.0;0.0;0.0;0.0
Iracema;SAO JOSE DO FAMA;-5.648;-38.302833333333;2002;8;0.0;0.0;0.0;0.0;0.0;0.0;0.0;0.0;0.0;0.0;0.0;0.0;0.0;0.0;0.0;0.0;0.0;0.0;0.0;0.0;0.0;0.0;0.0;0.0;0.0;0.0;0.0;0.0;0.0;0.0;0.0;0.0
Iracema;SAO JOSE DO FAMA;-5.648;-38.302833333333;2002;9;0.0;0.0;0.0;0.0;0.0;0.0;0.0;0.0;0.0;0.0;0.0;0.0;0.0;0.0;0.0;0.0;0.0;0.0;0.0;0.0;0.0;0.0;0.0;0.0;0.0;0.0;0.0;0.0;0.0;0.0;0.0;888.0
Iracema;SAO JOSE DO FAMA;-5.648;-38.302833333333;2002;10;0.0;0.0;0.0;0.0;0.0;0.0;0.0;0.0;0.0;0.0;0.0;0.0;0.0;0.0;0.0;0.0;0.0;0.0;0.0;0.0;0.0;0.0;0.0;0.0;0.0;0.0;0.0;0.0;0.0;0.0;0.0;0.0
Iracema;SAO JOSE DO FAMA;-5.648;-38.302833333333;2002;11;0.0;0.0;0.0;0.0;0.0;0.0;0.0;0.0;0.0;0.0;0.0;0.0;0.0;0.0;0.0;0.0;0.0;0.0;0.0;0.0;0.0;0.0;0.0;0.0;0.0;0.0;0.0;0.0;0.0;0.0;0.0;888.0
Iracema;SAO JOSE DO FAMA;-5.648;-38.302833333333;2002;12;17.9;0.0;0.0;0.0;0.0;0.0;0.0;0.0;0.0;0.0;0.0;0.0;0.0;0.0;0.0;0.0;0.0;0.0;0.0;0.0;0.0;0.0;0.0;0.0;0.0;9.5;0.0;8.4;0.0;0.0;0.0;0.0
Iracema;SAO JOSE DO FAMA;-5.648;-38.302833333333;2003;1;174.9;0.0;0.0;0.0;0.0;0.0;0.0;0.0;0.0;0.0;0.0;0.0;0.0;0.0;0.0;0.0;0.0;0.0;0.0;12.5;13.5;0.0;0.0;60.5;0.0;0.0;0.0;27.0;4.0;0.0;0.0;57.4
Iracema;SAO JOSE DO FAMA;-5.648;-38.302833333333;2003;2;94.0;7.0;3.0;3.0;0.0;11.0;0.0;1.0;0.0;0.0;0.0;0.0;2.4;0.0;0.0;0.0;0.0;0.0;2.0;0.0;7.0;8.2;0.0;0.0;5.4;10.0;34.0;0.0;0.0;888.0;888.0;888.0
Iracema;SAO JOSE DO FAMA;-5.648;-38.302833333333;2003;3;125.4;1.0;0.0;0.0;0.0;23.0;4.4;0.0;0.0;0.0;4.2;0.0;0.0;0.0;0.0;1.4;0.0;1.0;19.0;0.0;0.0;9.0;14.0;7.0;33.0;0.0;4.0;0.0;0.0;0.0;0.0;4.4
Iracema;SAO JOSE DO FAMA;-5.648;-38.302833333333;2003;4;119.4;14.4;14.0;0.0;0.0;2.2;0.0;8.0;1.4;0.0;22.0;17.0;0.0;0.0;0.0;0.0;0.0;0.0;0.0;6.0;2.0;0.0;15.0;0.0;0.0;0.0;8.4;0.0;6.0;0.0;3.0;888.0
Iracema;SAO JOSE DO FAMA;-5.648;-38.302833333333;2003;5;54.8;2.6;4.0;0.0;6.0;25.0;9.0;0.0;0.0;0.0;0.0;0.0;0.0;0.0;3.0;0.0;2.0;3.2;0.0;0.0;0.0;0.0;0.0;0.0;0.0;0.0;0.0;0.0;0.0;0.0;0.0;0.0
Iracema;SAO JOSE DO FAMA;-5.648;-38.302833333333;2003;6;26.4;0.0;0.0;0.0;0.0;0.0;0.0;0.0;0.0;0.0;0.0;0.0;0.0;0.0;0.0;0.0;3.0;15.4;0.0;0.0;0.0;0.0;8.0;0.0;0.0;0.0;0.0;0.0;0.0;0.0;0.0;888.0
Iracema;SAO JOSE DO FAMA;-5.648;-38.302833333333;2003;7;0.0;0.0;0.0;0.0;0.0;0.0;0.0;0.0;0.0;0.0;0.0;0.0;0.0;0.0;0.0;0.0;0.0;0.0;0.0;0.0;0.0;0.0;0.0;0.0;0.0;0.0;0.0;0.0;0.0;0.0;0.0;0.0
Iracema;SAO JOSE DO FAMA;-5.648;-38.302833333333;2003;8;0.0;0.0;0.0;0.0;0.0;0.0;0.0;0.0;0.0;0.0;0.0;0.0;0.0;0.0;0.0;0.0;0.0;0.0;0.0;0.0;0.0;0.0;0.0;0.0;0.0;0.0;0.0;0.0;0.0;0.0;0.0;0.0
Iracema;SAO JOSE DO FAMA;-5.648;-38.302833333333;2003;9;0.0;0.0;0.0;0.0;0.0;0.0;0.0;0.0;0.0;0.0;0.0;0.0;0.0;0.0;0.0;0.0;0.0;0.0;0.0;0.0;0.0;0.0;0.0;0.0;0.0;0.0;0.0;0.0;0.0;0.0;0.0;888.0
Iracema;SAO JOSE DO FAMA;-5.648;-38.302833333333;2003;10;0.0;0.0;0.0;0.0;0.0;0.0;0.0;0.0;0.0;0.0;0.0;0.0;0.0;0.0;0.0;0.0;0.0;0.0;0.0;0.0;0.0;0.0;0.0;0.0;0.0;0.0;0.0;0.0;0.0;0.0;0.0;0.0
Iracema;SAO JOSE DO FAMA;-5.648;-38.302833333333;2003;11;0.0;0.0;0.0;0.0;0.0;0.0;0.0;0.0;0.0;0.0;0.0;0.0;0.0;0.0;0.0;0.0;0.0;0.0;0.0;0.0;0.0;0.0;0.0;0.0;0.0;0.0;0.0;0.0;0.0;0.0;0.0;888.0
Iracema;SAO JOSE DO FAMA;-5.648;-38.302833333333;2003;12;0.0;0.0;0.0;0.0;0.0;0.0;0.0;0.0;0.0;0.0;0.0;0.0;0.0;0.0;0.0;0.0;0.0;0.0;0.0;0.0;0.0;0.0;0.0;0.0;0.0;0.0;0.0;0.0;0.0;0.0;0.0;0.0
Iracema;SAO JOSE DO FAMA;-5.648;-38.302833333333;2004;1;496.9;0.0;0.0;0.0;0.0;0.0;0.0;0.0;0.0;0.0;0.0;0.0;4.0;0.0;0.0;48.0;0.0;0.0;45.0;0.0;4.0;22.0;30.2;50.0;55.0;19.6;22.5;4.0;69.8;101.0;8.0;13.8
Iracema;SAO JOSE DO FAMA;-5.648;-38.302833333333;2004;2;199.4;35.0;0.0;4.0;29.0;16.5;35.0;3.0;4.0;0.0;0.0;2.0;0.0;2.6;0.0;5.0;13.0;10.4;0.0;0.0;4.0;0.0;0.0;0.0;0.0;0.0;0.0;17.5;5.4;13.0;888.0;888.0
Iracema;SAO JOSE DO FAMA;-5.648;-38.302833333333;2004;3;93.9;0.0;0.0;0.0;0.0;0.0;0.0;17.0;16.0;5.4;2.0;17.5;0.0;0.0;0.0;8.0;18.0;6.5;0.0;0.0;0.0;0.0;1.5;0.0;2.0;0.0;0.0;0.0;0.0;0.0;0.0;0.0
Iracema;SAO JOSE DO FAMA;-5.648;-38.302833333333;2004;4;112.9;0.0;0.0;0.0;0.0;14.4;0.0;0.0;0.0;17.0;0.0;0.0;0.0;0.0;0.0;0.0;0.0;5.0;3.0;10.5;1.0;0.0;11.0;3.0;0.0;0.0;46.0;2.0;0.0;0.0;0.0;888.0
Iracema;SAO JOSE DO FAMA;-5.648;-38.302833333333;2004;5;62.4;17.0;0.0;0.0;0.0;12.0;0.0;0.0;0.0;6.0;0.0;1.0;0.0;0.0;0.0;0.0;0.0;0.0;2.0;0.0;1.5;17.0;2.5;3.4;0.0;0.0;0.0;0.0;0.0;0.0;0.0;0.0
Iracema;SAO JOSE DO FAMA;-5.648;-38.302833333333;2004;6;158.5;61.0;12.0;0.0;7.0;0.0;6.5;0.0;0.0;0.0;3.0;0.0;0.0;29.0;3.0;18.0;0.0;4.0;6.0;2.0;0.0;5.0;0.0;0.0;0.0;0.0;0.0;2.0;0.0;0.0;0.0;888.0
Iracema;SAO JOSE DO FAMA;-5.648;-38.302833333333;2004;7;33.0;5.0;0.0;0.0;12.0;0.0;0.0;0.0;0.0;9.0;0.0;0.0;0.0;0.0;0.0;0.0;0.0;6.0;0.0;0.0;0.0;0.0;0.0;0.0;0.0;0.0;0.0;0.0;0.0;0.0;1.0;0.0
Iracema;SAO JOSE DO FAMA;-5.648;-38.302833333333;2004;8;2.0;2.0;0.0;0.0;0.0;0.0;0.0;0.0;0.0;0.0;0.0;0.0;0.0;0.0;0.0;0.0;0.0;0.0;0.0;0.0;0.0;0.0;0.0;0.0;0.0;0.0;0.0;0.0;0.0;0.0;0.0;0.0
Iracema;SAO JOSE DO FAMA;-5.648;-38.302833333333;2004;9;0.0;0.0;0.0;0.0;0.0;0.0;0.0;0.0;0.0;0.0;0.0;0.0;0.0;0.0;0.0;0.0;0.0;0.0;0.0;0.0;0.0;0.0;0.0;0.0;0.0;0.0;0.0;0.0;0.0;0.0;0.0;888.0
Iracema;SAO JOSE DO FAMA;-5.648;-38.302833333333;2004;10;0.0;0.0;0.0;0.0;0.0;0.0;0.0;0.0;0.0;0.0;0.0;0.0;0.0;0.0;0.0;0.0;0.0;0.0;0.0;0.0;0.0;0.0;0.0;0.0;0.0;0.0;0.0;0.0;0.0;0.0;0.0;0.0
Iracema;SAO JOSE DO FAMA;-5.648;-38.302833333333;2004;11;0.0;0.0;0.0;0.0;0.0;0.0;0.0;0.0;0.0;0.0;0.0;0.0;0.0;0.0;0.0;0.0;0.0;0.0;0.0;0.0;0.0;0.0;0.0;0.0;0.0;0.0;0.0;0.0;0.0;0.0;0.0;888.0
Iracema;SAO JOSE DO FAMA;-5.648;-38.302833333333;2004;12;0.0;0.0;0.0;0.0;0.0;0.0;0.0;0.0;0.0;0.0;0.0;0.0;0.0;0.0;0.0;0.0;0.0;0.0;0.0;0.0;0.0;0.0;0.0;0.0;0.0;0.0;0.0;0.0;0.0;0.0;0.0;0.0
Iracema;SAO JOSE DO FAMA;-5.648;-38.302833333333;2005;1;20.0;0.0;0.0;0.0;0.0;0.0;0.0;0.0;0.0;0.0;0.0;0.0;0.0;0.0;0.0;0.0;0.0;0.0;0.0;0.0;0.0;0.0;0.0;0.0;0.0;20.0;0.0;0.0;0.0;0.0;0.0;0.0
Iracema;SAO JOSE DO FAMA;-5.648;-38.302833333333;2005;2;65.6;0.0;0.0;0.0;0.0;0.0;0.0;2.0;0.0;0.0;0.0;0.0;0.0;0.0;3.4;0.0;4.2;24.0;0.0;0.0;0.0;0.0;0.0;0.0;0.0;0.0;0.0;32.0;0.0;888.0;888.0;888.0
Iracema;SAO JOSE DO FAMA;-5.648;-38.302833333333;2005;3;120.0;0.0;0.0;0.0;0.0;0.0;0.0;0.0;0.0;0.0;0.0;0.0;0.0;0.0;0.0;0.0;0.0;0.0;0.0;0.0;9.5;15.0;0.0;0.0;10.0;10.0;3.0;3.0;18.5;0.0;30.0;21.0
Iracema;SAO JOSE DO FAMA;-5.648;-38.302833333333;2005;4;41.4;0.0;0.0;0.0;0.0;0.0;0.0;0.0;0.0;0.0;0.0;6.9;0.0;0.0;0.0;0.0;5.5;0.0;0.0;15.0;0.0;0.0;0.0;0.0;0.0;0.0;2.0;0.0;0.0;0.0;12.0;888.0
Iracema;SAO JOSE DO FAMA;-5.648;-38.302833333333;2005;5;162.0;30.0;0.0;12.0;0.0;0.0;0.0;0.0;0.0;0.0;0.0;0.0;3.4;11.0;0.0;0.0;5.0;6.0;42.0;0.0;0.0;0.0;20.2;8.0;0.0;3.0;0.0;16.0;0.0;0.0;2.4;3.0
Iracema;SAO JOSE DO FAMA;-5.648;-38.302833333333;2005;6;13.5;0.0;2.0;0.0;0.0;0.0;0.0;0.0;0.0;0.0;0.0;0.0;0.0;0.0;0.0;0.0;0.0;0.0;0.0;0.0;0.0;4.0;0.0;0.0;0.0;0.0;3.0;0.0;4.5;0.0;0.0;888.0
Iracema;SAO JOSE DO FAMA;-5.648;-38.302833333333;2005;7;10.0;0.0;0.0;0.0;0.0;0.0;0.0;0.0;10.0;0.0;0.0;0.0;0.0;0.0;0.0;0.0;0.0;0.0;0.0;0.0;0.0;0.0;0.0;0.0;0.0;0.0;0.0;0.0;0.0;0.0;0.0;0.0
Iracema;SAO JOSE DO FAMA;-5.648;-38.302833333333;2005;8;0.0;0.0;0.0;0.0;0.0;0.0;0.0;0.0;0.0;0.0;0.0;0.0;0.0;0.0;0.0;0.0;0.0;0.0;0.0;0.0;0.0;0.0;0.0;0.0;0.0;0.0;0.0;0.0;0.0;0.0;0.0;0.0
Iracema;SAO JOSE DO FAMA;-5.648;-38.302833333333;2005;9;0.0;0.0;0.0;0.0;0.0;0.0;0.0;0.0;0.0;0.0;0.0;0.0;0.0;0.0;0.0;0.0;0.0;0.0;0.0;0.0;0.0;0.0;0.0;0.0;0.0;0.0;0.0;0.0;0.0;0.0;0.0;888.0
Iracema;SAO JOSE DO FAMA;-5.648;-38.302833333333;2005;10;0.0;0.0;0.0;0.0;0.0;0.0;0.0;0.0;0.0;0.0;0.0;0.0;0.0;0.0;0.0;0.0;0.0;0.0;0.0;0.0;0.0;0.0;0.0;0.0;0.0;0.0;0.0;0.0;0.0;0.0;0.0;0.0
Iracema;SAO JOSE DO FAMA;-5.648;-38.302833333333;2005;11;0.0;0.0;0.0;0.0;0.0;0.0;0.0;0.0;0.0;0.0;0.0;0.0;0.0;0.0;0.0;0.0;0.0;0.0;0.0;0.0;0.0;0.0;0.0;0.0;0.0;0.0;0.0;0.0;0.0;0.0;0.0;888.0
Iracema;SAO JOSE DO FAMA;-5.648;-38.302833333333;2005;12;6.5;0.0;0.0;0.0;0.0;0.0;0.0;0.0;6.5;0.0;0.0;0.0;0.0;0.0;0.0;0.0;0.0;0.0;0.0;0.0;0.0;0.0;0.0;0.0;0.0;0.0;0.0;0.0;0.0;0.0;0.0;0.0
Iracema;SAO JOSE DO FAMA;-5.648;-38.302833333333;2006;1;12.0;12.0;0.0;0.0;0.0;0.0;0.0;0.0;0.0;0.0;0.0;0.0;0.0;0.0;0.0;0.0;0.0;0.0;0.0;0.0;0.0;0.0;0.0;0.0;0.0;0.0;0.0;0.0;0.0;0.0;0.0;0.0
Iracema;SAO JOSE DO FAMA;-5.648;-38.302833333333;2006;2;60.0;0.0;0.0;0.0;0.0;0.0;0.0;0.0;0.0;0.0;0.0;0.0;1.4;0.0;0.0;0.0;7.0;5.0;8.0;5.0;0.0;0.0;0.0;2.6;1.4;13.6;0.0;2.6;13.4;888.0;888.0;888.0
Iracema;SAO JOSE DO FAMA;-5.648;-38.302833333333;2006;3;194.8;2.4;11.6;0.0;7.0;0.0;0.0;0.0;0.0;0.0;0.0;0.0;0.0;0.0;2.0;0.0;0.0;0.0;0.0;0.0;42.0;6.0;0.0;43.0;14.6;0.0;1.4;0.0;8.4;0.0;49.0;7.4
Iracema;SAO JOSE DO FAMA;-5.648;-38.302833333333;2006;4;288.4;19.0;0.0;0.0;0.0;2.0;17.0;0.0;27.0;33.0;37.0;2.0;8.5;0.0;0.0;4.0;8.4;1.0;0.0;11.0;63.0;0.0;5.0;0.0;0.0;2.0;8.0;5.5;8.0;23.0;4.0;888.0
Iracema;SAO JOSE DO FAMA;-5.648;-38.302833333333;2006;5;176.7;0.0;0.0;0.0;15.0;0.0;11.0;0.0;50.0;0.0;21.0;11.0;0.0;0.0;19.0;2.5;5.0;13.0;0.0;0.0;0.0;0.0;0.0;0.0;23.0;4.2;0.0;0.0;0.0;2.0;0.0;0.0
Iracema;SAO JOSE DO FAMA;-5.648;-38.302833333333;2006;6;47.0;0.0;0.0;0.0;0.0;0.0;16.0;0.0;0.0;0.0;0.0;0.0;0.0;25.0;0.0;0.0;0.0;0.0;0.0;0.0;0.0;0.0;0.0;0.0;0.0;0.0;0.0;0.0;6.0;0.0;0.0;888.0
Iracema;SAO JOSE DO FAMA;-5.648;-38.302833333333;2006;7;0.0;0.0;0.0;0.0;0.0;0.0;0.0;0.0;0.0;0.0;0.0;0.0;0.0;0.0;0.0;0.0;0.0;0.0;0.0;0.0;0.0;0.0;0.0;0.0;0.0;0.0;0.0;0.0;0.0;0.0;0.0;0.0
Iracema;SAO JOSE DO FAMA;-5.648;-38.302833333333;2006;8;4.0;0.0;0.0;0.0;0.0;0.0;0.0;0.0;0.0;0.0;0.0;0.0;0.0;0.0;0.0;0.0;0.0;4.0;0.0;0.0;0.0;0.0;0.0;0.0;0.0;0.0;0.0;0.0;0.0;0.0;0.0;0.0
Iracema;SAO JOSE DO FAMA;-5.648;-38.302833333333;2006;9;0.0;0.0;0.0;0.0;0.0;0.0;0.0;0.0;0.0;0.0;0.0;0.0;0.0;0.0;0.0;0.0;0.0;0.0;0.0;0.0;0.0;0.0;0.0;0.0;0.0;0.0;0.0;0.0;0.0;0.0;0.0;888.0
Iracema;SAO JOSE DO FAMA;-5.648;-38.302833333333;2006;10;0.0;0.0;0.0;0.0;0.0;0.0;0.0;0.0;0.0;0.0;0.0;0.0;0.0;0.0;0.0;0.0;0.0;0.0;0.0;0.0;0.0;0.0;0.0;0.0;0.0;0.0;0.0;0.0;0.0;0.0;0.0;0.0
Iracema;SAO JOSE DO FAMA;-5.648;-38.302833333333;2006;11;0.0;0.0;0.0;0.0;0.0;0.0;0.0;0.0;0.0;0.0;0.0;0.0;0.0;0.0;0.0;0.0;0.0;0.0;0.0;0.0;0.0;0.0;0.0;0.0;0.0;0.0;0.0;0.0;0.0;0.0;0.0;888.0
Iracema;SAO JOSE DO FAMA;-5.648;-38.302833333333;2006;12;0.0;0.0;0.0;0.0;0.0;0.0;0.0;0.0;0.0;0.0;0.0;0.0;0.0;0.0;0.0;0.0;0.0;0.0;0.0;0.0;0.0;0.0;0.0;0.0;0.0;0.0;0.0;0.0;0.0;0.0;0.0;0.0
Iracema;SAO JOSE DO FAMA;-5.648;-38.302833333333;2007;1;0.0;0.0;0.0;0.0;0.0;0.0;0.0;0.0;0.0;0.0;0.0;0.0;0.0;0.0;0.0;0.0;0.0;0.0;0.0;0.0;0.0;0.0;0.0;0.0;0.0;0.0;0.0;0.0;0.0;0.0;0.0;0.0
Iracema;SAO JOSE DO FAMA;-5.648;-38.302833333333;2007;2;199.7;0.0;0.0;0.0;0.0;0.0;0.0;0.0;0.0;0.0;0.0;0.0;0.0;18.4;24.7;3.2;0.0;2.0;41.0;0.0;53.0;29.2;4.0;11.2;0.0;0.0;13.0;0.0;0.0;888.0;888.0;888.0
Iracema;SAO JOSE DO FAMA;-5.648;-38.302833333333;2007;3;83.6;21.5;0.0;0.0;15.0;2.0;0.0;1.0;6.0;0.0;0.0;1.0;0.0;4.2;0.0;0.0;0.0;0.0;5.5;3.0;7.4;0.0;0.0;0.0;0.0;0.0;0.0;0.0;15.0;0.0;0.0;2.0
Iracema;SAO JOSE DO FAMA;-5.648;-38.302833333333;2007;4;84.4;3.4;11.4;0.0;0.0;0.0;0.0;0.0;0.0;0.0;0.0;0.0;0.0;0.0;0.0;0.0;0.0;0.0;17.0;14.0;4.0;4.0;5.0;0.0;0.0;6.0;10.0;3.0;0.0;0.0;6.6;888.0
Iracema;SAO JOSE DO FAMA;-5.648;-38.302833333333;2007;5;64.0;0.0;8.4;0.0;0.0;3.4;0.0;0.0;0.0;0.0;0.0;0.0;6.0;1.2;0.0;0.0;0.0;0.0;0.0;0.0;0.0;0.0;4.8;7.6;26.0;0.0;0.0;3.6;0.0;3.0;0.0;0.0
Iracema;SAO JOSE DO FAMA;-5.648;-38.302833333333;2007;6;73.0;60.0;0.0;0.0;0.0;0.0;0.0;0.0;0.0;0.0;0.0;0.0;0.0;6.0;0.0;0.0;0.0;0.0;4.0;0.0;0.0;0.0;0.0;0.0;0.0;0.0;0.0;0.0;3.0;0.0;0.0;888.0
Iracema;SAO JOSE DO FAMA;-5.648;-38.302833333333;2007;7;8.4;0.0;0.0;0.0;0.0;0.0;0.0;0.0;0.0;0.0;0.0;0.0;0.0;0.0;0.0;0.0;0.0;0.0;0.0;0.0;0.0;0.0;0.0;8.4;0.0;0.0;0.0;0.0;0.0;0.0;0.0;0.0
Iracema;SAO JOSE DO FAMA;-5.648;-38.302833333333;2007;8;0.0;0.0;0.0;0.0;0.0;0.0;0.0;0.0;0.0;0.0;0.0;0.0;0.0;0.0;0.0;0.0;0.0;0.0;0.0;0.0;0.0;0.0;0.0;0.0;0.0;0.0;0.0;0.0;0.0;0.0;0.0;0.0
Iracema;SAO JOSE DO FAMA;-5.648;-38.302833333333;2007;9;0.0;0.0;0.0;0.0;0.0;0.0;0.0;0.0;0.0;0.0;0.0;0.0;0.0;0.0;0.0;0.0;0.0;0.0;0.0;0.0;0.0;0.0;0.0;0.0;0.0;0.0;0.0;0.0;0.0;0.0;0.0;888.0
Iracema;SAO JOSE DO FAMA;-5.648;-38.302833333333;2007;10;0.0;0.0;0.0;0.0;0.0;0.0;0.0;0.0;0.0;0.0;0.0;0.0;0.0;0.0;0.0;0.0;0.0;0.0;0.0;0.0;0.0;0.0;0.0;0.0;0.0;0.0;0.0;0.0;0.0;0.0;0.0;0.0
Iracema;SAO JOSE DO FAMA;-5.648;-38.302833333333;2007;11;0.0;0.0;0.0;0.0;0.0;0.0;0.0;0.0;0.0;0.0;0.0;0.0;0.0;0.0;0.0;0.0;0.0;0.0;0.0;0.0;0.0;0.0;0.0;0.0;0.0;0.0;0.0;0.0;0.0;0.0;0.0;888.0
Iracema;SAO JOSE DO FAMA;-5.648;-38.302833333333;2007;12;9.2;0.0;0.0;0.0;0.0;0.0;9.2;0.0;0.0;0.0;0.0;0.0;0.0;0.0;0.0;0.0;0.0;0.0;0.0;0.0;0.0;0.0;0.0;0.0;0.0;0.0;0.0;0.0;0.0;0.0;0.0;0.0
Iracema;SAO JOSE DO FAMA;-5.648;-38.302833333333;2008;1;54.2;0.0;0.0;0.0;0.0;0.0;0.0;0.0;0.0;0.0;0.0;0.0;0.0;0.0;0.0;0.0;3.0;0.0;0.0;14.0;0.0;0.0;2.0;13.2;0.0;5.0;0.0;1.0;16.0;0.0;0.0;0.0
Iracema;SAO JOSE DO FAMA;-5.648;-38.302833333333;2008;2;31.2;21.2;0.0;0.0;0.0;0.0;0.0;0.0;0.0;0.0;0.0;0.0;0.0;0.0;0.0;0.0;0.0;0.0;0.0;0.0;0.0;6.0;0.0;0.0;0.0;0.0;0.0;4.0;0.0;0.0;888.0;888.0
Iracema;SAO JOSE DO FAMA;-5.648;-38.302833333333;2008;3;356.3;11.0;0.0;0.0;0.0;28.6;0.0;0.0;0.0;6.0;0.0;0.0;0.0;5.0;3.8;0.0;44.0;39.2;0.0;70.0;23.0;6.0;8.4;6.8;73.5;0.0;2.2;4.0;3.2;2.4;16.8;2.4
Iracema;SAO JOSE DO FAMA;-5.648;-38.302833333333;2008;4;329.6;9.2;18.0;90.0;0.0;47.0;25.0;14.0;0.0;25.0;14.2;0.0;4.0;7.0;16.4;13.6;3.0;0.0;0.0;0.0;0.0;0.0;13.5;0.0;5.5;1.2;0.0;0.0;0.0;10.0;13.0;888.0
Iracema;SAO JOSE DO FAMA;-5.648;-38.302833333333;2008;5;98.1;0.0;0.0;0.0;0.0;10.0;0.0;0.0;0.0;4.5;25.0;9.0;0.0;0.0;0.0;0.0;0.0;0.0;2.0;0.0;0.0;0.0;0.0;0.0;0.0;0.0;0.0;19.5;16.5;0.0;9.6;2.0
Iracema;SAO JOSE DO FAMA;-5.648;-38.302833333333;2008;6;42.0;0.0;0.0;0.0;0.0;11.0;0.0;0.0;0.0;27.0;0.0;0.0;0.0;0.0;0.0;4.0;0.0;0.0;0.0;0.0;0.0;0.0;0.0;0.0;0.0;0.0;0.0;0.0;0.0;0.0;0.0;888.0
Iracema;SAO JOSE DO FAMA;-5.648;-38.302833333333;2008;7;24.0;0.0;6.5;0.0;0.0;0.0;0.0;0.0;2.0;0.0;0.0;0.0;0.0;0.0;0.0;0.0;0.0;0.0;0.0;3.0;0.0;0.0;3.0;0.0;0.0;0.0;0.0;9.5;0.0;0.0;0.0;0.0
Iracema;SAO JOSE DO FAMA;-5.648;-38.302833333333;2008;8;0.0;0.0;0.0;0.0;0.0;0.0;0.0;0.0;0.0;0.0;0.0;0.0;0.0;0.0;0.0;0.0;0.0;0.0;0.0;0.0;0.0;0.0;0.0;0.0;0.0;0.0;0.0;0.0;0.0;0.0;0.0;0.0
Iracema;SAO JOSE DO FAMA;-5.648;-38.302833333333;2008;9;0.0;0.0;0.0;0.0;0.0;0.0;0.0;0.0;0.0;0.0;0.0;0.0;0.0;0.0;0.0;0.0;0.0;0.0;0.0;0.0;0.0;0.0;0.0;0.0;0.0;0.0;0.0;0.0;0.0;0.0;0.0;888.0
Iracema;SAO JOSE DO FAMA;-5.648;-38.302833333333;2008;10;0.0;0.0;0.0;0.0;0.0;0.0;0.0;0.0;0.0;0.0;0.0;0.0;0.0;0.0;0.0;0.0;0.0;0.0;0.0;0.0;0.0;0.0;0.0;0.0;0.0;0.0;0.0;0.0;0.0;0.0;0.0;0.0
Iracema;SAO JOSE DO FAMA;-5.648;-38.302833333333;2008;11;0.0;0.0;0.0;0.0;0.0;0.0;0.0;0.0;0.0;0.0;0.0;0.0;0.0;0.0;0.0;0.0;0.0;0.0;0.0;0.0;0.0;0.0;0.0;0.0;0.0;0.0;0.0;0.0;0.0;0.0;0.0;888.0
Iracema;SAO JOSE DO FAMA;-5.648;-38.302833333333;2008;12;0.0;0.0;0.0;0.0;0.0;0.0;0.0;0.0;0.0;0.0;0.0;0.0;0.0;0.0;0.0;0.0;0.0;0.0;0.0;0.0;0.0;0.0;0.0;0.0;0.0;0.0;0.0;0.0;0.0;0.0;0.0;0.0
Iracema;SAO JOSE DO FAMA;-5.648;-38.302833333333;2009;1;130.0;0.0;0.0;0.0;0.0;0.0;0.0;0.0;0.0;0.0;0.0;0.0;0.0;0.0;0.0;0.0;0.0;0.0;0.0;0.0;0.0;0.0;25.0;82.0;0.0;4.0;0.0;0.0;0.0;0.0;0.0;19.0
Iracema;SAO JOSE DO FAMA;-5.648;-38.302833333333;2009;2;205.0;0.0;4.6;0.0;27.0;0.0;0.0;0.0;0.0;0.0;0.0;0.0;0.0;0.0;0.0;0.0;1.4;0.0;12.0;0.0;62.4;53.0;0.0;0.0;27.4;12.0;2.0;0.0;3.2;888.0;888.0;888.0
Iracema;SAO JOSE DO FAMA;-5.648;-38.302833333333;2009;3;158.0;59.0;5.0;30.0;3.0;2.4;0.0;0.0;0.0;0.0;0.0;0.0;4.0;7.0;2.0;2.4;0.0;20.2;0.0;0.0;4.0;0.0;0.0;0.0;0.0;0.0;11.0;4.0;0.0;1.0;3.0;0.0
Iracema;SAO JOSE DO FAMA;-5.648;-38.302833333333;2009;4;302.6;0.0;2.0;0.0;10.0;0.0;12.0;0.0;0.0;10.5;0.0;19.0;4.0;40.0;14.0;0.0;9.0;42.0;4.5;0.0;9.0;23.0;5.0;20.4;43.2;0.0;0.0;3.0;0.0;27.0;5.0;888.0
Iracema;SAO JOSE DO FAMA;-5.648;-38.302833333333;2009;5;193.8;7.0;6.0;3.0;0.0;39.0;5.2;0.0;7.0;0.0;15.0;35.5;0.0;3.2;0.0;0.0;0.0;0.0;0.0;0.0;0.0;0.0;8.5;8.0;0.0;3.0;27.4;5.0;21.0;999.0;999.0;999.0
Iracema;SAO JOSE DO FAMA;-5.648;-38.302833333333;2009;6;97.8;0.0;0.0;17.0;0.0;4.2;20.0;0.0;0.0;0.0;0.0;4.2;0.0;0.0;0.0;6.0;0.0;0.0;0.0;0.0;5.4;0.0;0.0;0.0;0.0;7.0;30.0;0.0;2.0;2.0;0.0;888.0
Iracema;SAO JOSE DO FAMA;-5.648;-38.302833333333;2009;7;34.1;0.0;0.0;12.5;0.0;2.5;0.0;0.0;3.5;0.0;0.0;0.0;0.0;0.0;0.0;0.0;0.0;2.2;0.0;0.0;0.0;0.0;1.0;12.4;0.0;0.0;0.0;0.0;0.0;0.0;0.0;0.0
Iracema;SAO JOSE DO FAMA;-5.648;-38.302833333333;2009;8;71.2;0.0;0.0;0.0;0.0;0.0;0.0;0.0;0.0;0.0;13.2;0.0;0.0;0.0;0.0;0.0;0.0;0.0;0.0;0.0;0.0;0.0;0.0;0.0;0.0;0.0;28.0;30.0;0.0;0.0;0.0;0.0
Iracema;SAO JOSE DO FAMA;-5.648;-38.302833333333;2009;9;0.0;0.0;0.0;0.0;0.0;0.0;0.0;0.0;0.0;0.0;0.0;0.0;0.0;0.0;0.0;0.0;0.0;0.0;0.0;0.0;0.0;0.0;0.0;0.0;0.0;0.0;0.0;0.0;0.0;0.0;0.0;888.0
Iracema;SAO JOSE DO FAMA;-5.648;-38.302833333333;2009;10;0.0;0.0;0.0;0.0;0.0;0.0;0.0;0.0;0.0;0.0;0.0;0.0;0.0;0.0;0.0;0.0;0.0;0.0;0.0;0.0;0.0;0.0;0.0;0.0;0.0;0.0;0.0;0.0;0.0;0.0;0.0;0.0
Iracema;SAO JOSE DO FAMA;-5.648;-38.302833333333;2009;11;0.0;0.0;0.0;0.0;0.0;0.0;0.0;0.0;0.0;0.0;0.0;0.0;0.0;0.0;0.0;0.0;0.0;0.0;0.0;0.0;0.0;0.0;0.0;0.0;0.0;0.0;0.0;0.0;0.0;0.0;0.0;888.0
Iracema;SAO JOSE DO FAMA;-5.648;-38.302833333333;2009;12;20.0;0.0;0.0;0.0;0.0;0.0;0.0;0.0;0.0;0.0;0.0;0.0;0.0;0.0;0.0;0.0;0.0;0.0;0.0;0.0;0.0;0.0;0.0;6.0;0.0;0.0;0.0;14.0;0.0;0.0;0.0;0.0
Iracema;SAO JOSE DO FAMA;-5.648;-38.302833333333;2010;1;69.0;0.0;29.0;0.0;8.0;0.0;0.0;0.0;0.0;0.0;0.0;0.0;0.0;0.0;0.0;0.0;0.0;3.4;8.6;0.0;0.0;0.0;0.0;0.0;0.0;0.0;0.0;0.0;20.0;0.0;0.0;0.0
Iracema;SAO JOSE DO FAMA;-5.648;-38.302833333333;2010;2;1.2;0.0;0.0;0.0;0.0;0.0;0.0;0.0;0.0;1.2;0.0;0.0;0.0;0.0;0.0;0.0;0.0;0.0;0.0;0.0;0.0;0.0;0.0;0.0;0.0;0.0;0.0;0.0;0.0;888.0;888.0;888.0
Iracema;SAO JOSE DO FAMA;-5.648;-38.302833333333;2010;3;24.6;0.0;0.0;0.0;0.0;0.0;0.0;0.0;0.0;0.0;0.0;0.0;0.0;0.0;0.0;0.0;0.0;0.0;0.0;0.0;0.0;17.2;0.0;2.4;0.0;0.0;0.0;2.0;0.0;3.0;0.0;0.0
Iracema;SAO JOSE DO FAMA;-5.648;-38.302833333333;2010;4;188.9;0.0;17.0;0.0;0.0;0.0;0.0;0.0;0.0;0.0;8.0;4.0;40.2;7.4;0.0;0.0;0.0;0.0;0.0;17.2;17.2;0.0;0.0;10.4;0.0;0.0;0.0;58.0;9.5;0.0;0.0;888.0
Iracema;SAO JOSE DO FAMA;-5.648;-38.302833333333;2010;5;20.5;0.0;0.0;0.0;0.0;0.0;6.0;0.0;0.0;0.0;0.0;0.0;0.0;3.5;11.0;0.0;0.0;0.0;0.0;0.0;0.0;0.0;0.0;0.0;0.0;0.0;0.0;0.0;0.0;0.0;0.0;0.0
Iracema;SAO JOSE DO FAMA;-5.648;-38.302833333333;2010;6;12.5;0.0;0.0;0.0;0.0;5.0;0.0;0.0;0.0;0.0;0.0;0.0;0.0;0.0;0.0;0.0;0.0;0.0;0.0;0.0;0.0;0.0;0.0;0.0;7.5;0.0;0.0;0.0;0.0;0.0;0.0;888.0
Iracema;SAO JOSE DO FAMA;-5.648;-38.302833333333;2010;7;0.0;0.0;0.0;0.0;0.0;0.0;0.0;0.0;0.0;0.0;0.0;0.0;0.0;0.0;0.0;0.0;0.0;0.0;0.0;0.0;0.0;0.0;0.0;0.0;0.0;0.0;0.0;0.0;0.0;0.0;0.0;0.0
Iracema;SAO JOSE DO FAMA;-5.648;-38.302833333333;2010;8;0.0;0.0;0.0;0.0;0.0;0.0;0.0;0.0;0.0;0.0;0.0;0.0;0.0;0.0;0.0;0.0;0.0;0.0;0.0;0.0;0.0;0.0;0.0;0.0;0.0;0.0;0.0;0.0;0.0;0.0;0.0;0.0
Iracema;SAO JOSE DO FAMA;-5.648;-38.302833333333;2010;9;0.0;0.0;0.0;0.0;0.0;0.0;0.0;0.0;0.0;0.0;0.0;0.0;0.0;0.0;0.0;0.0;0.0;0.0;0.0;0.0;0.0;0.0;0.0;0.0;0.0;0.0;0.0;0.0;0.0;0.0;0.0;888.0
Iracema;SAO JOSE DO FAMA;-5.648;-38.302833333333;2010;10;12.5;0.0;0.0;0.0;0.0;0.0;0.0;0.0;0.0;0.0;0.0;0.0;0.0;0.0;0.0;0.0;0.0;0.0;0.0;0.0;0.0;0.0;0.0;12.5;0.0;0.0;0.0;0.0;0.0;0.0;0.0;0.0
Iracema;SAO JOSE DO FAMA;-5.648;-38.302833333333;2010;11;0.0;0.0;0.0;0.0;0.0;0.0;0.0;0.0;0.0;0.0;0.0;0.0;0.0;0.0;0.0;0.0;0.0;0.0;0.0;0.0;0.0;0.0;0.0;0.0;0.0;0.0;0.0;0.0;0.0;0.0;0.0;888.0
Iracema;SAO JOSE DO FAMA;-5.648;-38.302833333333;2010;12;79.1;0.0;0.0;0.0;0.0;0.0;0.0;0.0;0.0;0.0;0.0;22.2;0.0;0.0;26.5;0.0;0.0;0.0;17.0;0.0;0.0;0.0;0.0;13.4;0.0;0.0;0.0;0.0;0.0;0.0;0.0;0.0
Iracema;SAO JOSE DO FAMA;-5.648;-38.302833333333;2011;1;179.7;0.0;0.0;0.0;0.0;0.0;0.0;0.0;0.0;0.0;80.0;12.0;0.0;0.0;0.0;0.0;0.0;0.0;0.0;0.0;12.0;3.0;27.0;6.0;22.0;0.0;0.0;0.0;0.0;5.5;0.0;12.2
Iracema;SAO JOSE DO FAMA;-5.648;-38.302833333333;2011;2;122.9;0.0;0.0;0.0;0.0;3.4;0.0;0.0;0.0;0.0;0.0;0.0;0.0;10.4;15.6;0.0;19.0;0.0;0.0;0.0;0.0;1.5;4.0;0.0;0.0;0.0;11.0;39.0;19.0;888.0;888.0;888.0
Iracema;SAO JOSE DO FAMA;-5.648;-38.302833333333;2011;3;161.6;36.6;0.0;0.0;0.0;0.0;4.0;0.0;3.0;20.2;0.0;23.0;44.6;0.0;0.0;0.0;0.0;8.2;0.0;0.0;0.0;0.0;0.0;0.0;0.0;9.6;0.0;0.0;0.0;12.4;0.0;0.0
Iracema;SAO JOSE DO FAMA;-5.648;-38.302833333333;2011;4;216.6;0.0;0.0;0.0;0.0;0.0;0.0;0.0;0.0;0.0;2.6;55.0;0.0;54.0;19.0;0.0;3.2;0.0;0.0;48.4;7.0;0.0;0.0;0.0;0.0;27.4;0.0;0.0;0.0;0.0;0.0;888.0
Iracema;SAO JOSE DO FAMA;-5.648;-38.302833333333;2011;5;54.6;0.0;0.0;6.4;0.0;30.2;0.0;0.0;0.0;0.0;0.0;3.6;0.0;0.0;0.0;0.0;0.0;6.4;0.0;0.0;0.0;0.0;0.0;0.0;4.0;4.0;0.0;0.0;0.0;0.0;0.0;0.0
Iracema;SAO JOSE DO FAMA;-5.648;-38.302833333333;2011;6;5.4;0.0;0.0;0.0;0.0;0.0;0.0;0.0;0.0;0.0;0.0;0.0;0.0;0.0;0.0;0.0;0.0;0.0;0.0;0.0;0.0;0.0;5.4;0.0;0.0;0.0;0.0;0.0;0.0;0.0;0.0;888.0
Iracema;SAO JOSE DO FAMA;-5.648;-38.302833333333;2011;7;95.8;0.0;0.0;0.0;0.0;0.0;0.0;0.0;7.0;0.0;0.0;0.0;6.0;16.6;7.4;0.0;3.8;32.5;0.0;0.0;0.0;0.0;0.0;0.0;0.0;0.0;0.0;0.0;0.0;0.0;0.0;22.5
Iracema;SAO JOSE DO FAMA;-5.648;-38.302833333333;2011;8;0.0;0.0;0.0;0.0;0.0;0.0;0.0;0.0;0.0;0.0;0.0;0.0;0.0;0.0;0.0;0.0;0.0;0.0;0.0;0.0;0.0;0.0;0.0;0.0;0.0;0.0;0.0;0.0;0.0;0.0;0.0;0.0
Iracema;SAO JOSE DO FAMA;-5.648;-38.302833333333;2011;9;0.0;0.0;0.0;0.0;0.0;0.0;0.0;0.0;0.0;0.0;0.0;0.0;0.0;0.0;0.0;0.0;0.0;0.0;0.0;0.0;0.0;0.0;0.0;0.0;0.0;0.0;0.0;0.0;0.0;0.0;0.0;888.0
Iracema;SAO JOSE DO FAMA;-5.648;-38.302833333333;2011;10;96.2;0.0;0.0;0.0;0.0;0.0;0.0;0.0;0.0;0.0;0.0;0.0;0.0;0.0;0.0;0.0;0.0;0.0;0.0;0.0;27.2;69.0;0.0;0.0;0.0;0.0;0.0;0.0;0.0;0.0;0.0;0.0
Iracema;SAO JOSE DO FAMA;-5.648;-38.302833333333;2011;11;10.3;0.0;0.0;0.0;0.0;6.8;0.0;0.0;0.0;0.0;0.0;0.0;3.5;0.0;0.0;0.0;0.0;0.0;0.0;0.0;0.0;0.0;0.0;0.0;0.0;0.0;0.0;0.0;0.0;0.0;0.0;888.0
Iracema;SAO JOSE DO FAMA;-5.648;-38.302833333333;2011;12;0.0;0.0;0.0;0.0;0.0;0.0;0.0;0.0;0.0;0.0;0.0;0.0;0.0;0.0;0.0;0.0;0.0;0.0;0.0;0.0;0.0;0.0;0.0;0.0;0.0;0.0;0.0;0.0;0.0;0.0;0.0;0.0
Iracema;SAO JOSE DO FAMA;-5.648;-38.302833333333;2012;1;75.0;0.0;0.0;0.0;0.0;0.0;0.0;0.0;0.0;0.0;0.0;0.0;0.0;0.0;0.0;0.0;0.0;0.0;0.0;0.0;14.0;0.0;0.0;16.5;31.0;13.5;0.0;0.0;0.0;0.0;0.0;0.0
Iracema;SAO JOSE DO FAMA;-5.648;-38.302833333333;2012;2;179.3;0.0;0.0;0.0;0.0;0.0;0.0;0.0;0.0;0.0;0.0;0.0;0.0;0.0;0.0;0.0;27.5;7.4;0.0;45.5;36.0;55.0;0.0;0.0;0.0;0.0;0.0;0.0;4.5;3.4;888.0;888.0
Iracema;SAO JOSE DO FAMA;-5.648;-38.302833333333;2012;3;61.2;0.0;0.0;0.0;0.0;0.0;0.0;0.0;0.0;1.0;0.0;11.0;0.0;0.0;0.0;0.0;0.0;0.0;0.0;21.4;4.2;0.0;0.0;0.0;2.2;0.0;12.0;7.4;0.0;0.0;2.0;0.0
Iracema;SAO JOSE DO FAMA;-5.648;-38.302833333333;2012;4;5.0;0.0;0.0;0.0;0.0;0.0;0.0;0.0;0.0;0.0;0.0;0.0;0.0;0.0;0.0;0.0;0.0;0.0;2.0;0.0;0.0;0.0;0.0;0.0;0.0;0.0;3.0;0.0;0.0;0.0;0.0;888.0
Iracema;SAO JOSE DO FAMA;-5.648;-38.302833333333;2012;5;13.0;0.0;0.0;0.0;0.0;0.0;0.0;0.0;0.0;0.0;0.0;0.0;0.0;0.0;0.0;0.0;0.0;0.0;0.0;0.0;0.0;0.0;0.0;11.0;0.0;2.0;0.0;0.0;0.0;0.0;0.0;0.0
Iracema;SAO JOSE DO FAMA;-5.648;-38.302833333333;2014;5;130.0;23.0;0.0;0.0;41.0;12.0;10.0;0.0;0.0;0.0;0.0;0.0;0.0;0.0;0.0;14.0;0.0;0.0;0.0;0.0;0.0;0.0;0.0;0.0;0.0;0.0;0.0;0.0;0.0;30.0;0.0;0.0
Iracema;SAO JOSE DO FAMA;-5.648;-38.302833333333;2014;6;20.0;0.0;0.0;0.0;0.0;0.0;0.0;0.0;0.0;0.0;0.0;0.0;0.0;0.0;0.0;0.0;0.0;0.0;0.0;0.0;0.0;0.0;0.0;0.0;0.0;0.0;0.0;20.0;0.0;0.0;0.0;888.0
Iracema;SAO JOSE DO FAMA;-5.648;-38.302833333333;2014;7;0.0;0.0;0.0;0.0;0.0;0.0;0.0;0.0;0.0;0.0;0.0;0.0;0.0;0.0;0.0;0.0;0.0;0.0;0.0;0.0;0.0;0.0;0.0;0.0;0.0;0.0;0.0;0.0;0.0;0.0;0.0;0.0
Iracema;SAO JOSE DO FAMA;-5.648;-38.302833333333;2014;8;0.0;0.0;0.0;0.0;0.0;0.0;0.0;0.0;0.0;0.0;0.0;0.0;0.0;0.0;0.0;0.0;0.0;0.0;0.0;0.0;0.0;999.0;0.0;0.0;0.0;0.0;0.0;0.0;0.0;0.0;0.0;0.0
Iracema;SAO JOSE DO FAMA;-5.648;-38.302833333333;2014;9;0.0;0.0;0.0;0.0;0.0;0.0;0.0;0.0;0.0;0.0;0.0;0.0;0.0;0.0;0.0;0.0;0.0;0.0;0.0;0.0;0.0;0.0;0.0;0.0;0.0;0.0;0.0;0.0;0.0;0.0;0.0;888.0
Iracema;SAO JOSE DO FAMA;-5.648;-38.302833333333;2014;10;0.0;0.0;0.0;0.0;0.0;0.0;0.0;0.0;0.0;0.0;0.0;0.0;0.0;0.0;0.0;0.0;0.0;0.0;0.0;0.0;0.0;0.0;0.0;0.0;0.0;0.0;0.0;0.0;0.0;0.0;0.0;0.0
Iracema;SAO JOSE DO FAMA;-5.648;-38.302833333333;2014;11;0.0;0.0;0.0;0.0;0.0;0.0;0.0;0.0;0.0;0.0;0.0;0.0;0.0;0.0;0.0;0.0;0.0;0.0;0.0;0.0;0.0;0.0;0.0;0.0;0.0;0.0;0.0;0.0;0.0;0.0;0.0;888.0
Iracema;SAO JOSE DO FAMA;-5.648;-38.302833333333;2014;12;0.0;0.0;0.0;0.0;0.0;0.0;0.0;0.0;0.0;0.0;0.0;0.0;0.0;0.0;0.0;0.0;0.0;0.0;0.0;0.0;0.0;0.0;0.0;0.0;0.0;0.0;0.0;0.0;0.0;0.0;0.0;0.0
Iracema;SAO JOSE DO FAMA;-5.648;-38.302833333333;2015;1;11.0;0.0;0.0;0.0;0.0;0.0;0.0;11.0;0.0;0.0;0.0;0.0;0.0;0.0;0.0;0.0;0.0;0.0;0.0;0.0;0.0;0.0;0.0;0.0;0.0;0.0;0.0;0.0;0.0;0.0;0.0;0.0
Iracema;SAO JOSE DO FAMA;-5.648;-38.302833333333;2015;2;76.0;0.0;0.0;0.0;4.0;27.0;0.0;0.0;0.0;0.0;0.0;0.0;0.0;0.0;0.0;0.0;0.0;0.0;0.0;9.0;27.0;0.0;9.0;0.0;0.0;0.0;0.0;0.0;0.0;888.0;888.0;888.0
Iracema;SAO JOSE DO FAMA;-5.648;-38.302833333333;2015;3;181.0;0.0;0.0;33.0;0.0;0.0;13.0;0.0;0.0;16.0;11.0;0.0;0.0;0.0;0.0;0.0;0.0;0.0;0.0;0.0;0.0;0.0;6.0;38.0;26.0;11.0;0.0;0.0;0.0;0.0;24.0;3.0
Iracema;SAO JOSE DO FAMA;-5.648;-38.302833333333;2015;4;54.0;0.0;0.0;5.0;0.0;0.0;0.0;11.0;0.0;0.0;20.0;0.0;0.0;0.0;0.0;0.0;0.0;0.0;0.0;0.0;0.0;4.0;0.0;0.0;14.0;0.0;0.0;0.0;0.0;0.0;0.0;888.0
Iracema;SAO JOSE DO FAMA;-5.648;-38.302833333333;2015;5;32.0;0.0;0.0;0.0;5.0;0.0;0.0;0.0;0.0;0.0;0.0;0.0;0.0;0.0;0.0;0.0;0.0;0.0;0.0;0.0;0.0;0.0;20.0;0.0;0.0;0.0;0.0;0.0;0.0;0.0;0.0;7.0
Iracema;SAO JOSE DO FAMA;-5.648;-38.302833333333;2015;6;47.0;0.0;0.0;0.0;10.0;0.0;0.0;0.0;0.0;0.0;0.0;0.0;0.0;0.0;0.0;0.0;0.0;0.0;0.0;0.0;0.0;0.0;0.0;0.0;0.0;0.0;0.0;0.0;0.0;16.0;21.0;888.0
Iracema;SAO JOSE DO FAMA;-5.648;-38.302833333333;2015;7;0.0;0.0;0.0;0.0;0.0;0.0;0.0;0.0;0.0;0.0;0.0;0.0;0.0;0.0;0.0;0.0;0.0;0.0;0.0;0.0;0.0;0.0;0.0;0.0;0.0;0.0;0.0;0.0;0.0;0.0;0.0;0.0
Iracema;SAO JOSE DO FAMA;-5.648;-38.302833333333;2015;8;0.0;0.0;0.0;0.0;0.0;0.0;0.0;0.0;0.0;0.0;0.0;0.0;0.0;0.0;0.0;0.0;0.0;0.0;0.0;0.0;0.0;0.0;0.0;0.0;0.0;0.0;0.0;0.0;0.0;0.0;0.0;0.0
Iracema;SAO JOSE DO FAMA;-5.648;-38.302833333333;2015;9;0.0;0.0;0.0;0.0;0.0;0.0;0.0;0.0;0.0;0.0;0.0;0.0;0.0;0.0;0.0;0.0;0.0;0.0;0.0;0.0;0.0;0.0;0.0;0.0;0.0;0.0;0.0;0.0;0.0;0.0;0.0;888.0
Iracema;SAO JOSE DO FAMA;-5.648;-38.302833333333;2015;10;0.0;0.0;0.0;0.0;0.0;0.0;0.0;0.0;0.0;0.0;0.0;0.0;0.0;0.0;0.0;0.0;0.0;0.0;0.0;0.0;0.0;0.0;0.0;0.0;0.0;0.0;0.0;0.0;0.0;0.0;0.0;0.0
Iracema;SAO JOSE DO FAMA;-5.648;-38.302833333333;2015;11;0.0;0.0;0.0;0.0;0.0;0.0;0.0;0.0;0.0;0.0;0.0;0.0;0.0;0.0;0.0;0.0;0.0;0.0;0.0;0.0;0.0;0.0;0.0;0.0;0.0;0.0;0.0;0.0;0.0;0.0;0.0;888.0
Iracema;SAO JOSE DO FAMA;-5.648;-38.302833333333;2015;12;0.0;0.0;0.0;0.0;0.0;0.0;0.0;0.0;0.0;0.0;0.0;0.0;0.0;0.0;0.0;0.0;0.0;0.0;0.0;0.0;0.0;0.0;0.0;0.0;0.0;0.0;0.0;0.0;0.0;0.0;0.0;0.0
Iracema;SAO JOSE DO FAMA;-5.648;-38.302833333333;2016;1;306.0;0.0;0.0;0.0;0.0;0.0;0.0;0.0;39.0;4.0;3.0;0.0;0.0;0.0;25.0;60.0;0.0;0.0;25.0;14.0;0.0;0.0;69.0;17.0;34.0;0.0;16.0;0.0;0.0;0.0;0.0;0.0
Iracema;SAO JOSE DO FAMA;-5.648;-38.302833333333;2016;2;43.0;0.0;12.0;10.0;4.0;0.0;0.0;0.0;0.0;0.0;0.0;0.0;0.0;0.0;0.0;0.0;0.0;0.0;0.0;7.0;0.0;0.0;0.0;0.0;10.0;0.0;0.0;0.0;0.0;0.0;888.0;888.0
Iracema;SAO JOSE DO FAMA;-5.648;-38.302833333333;2016;3;45.0;0.0;0.0;0.0;12.0;0.0;0.0;0.0;0.0;0.0;0.0;0.0;0.0;0.0;8.0;0.0;0.0;0.0;8.0;0.0;0.0;0.0;0.0;5.0;0.0;0.0;0.0;0.0;0.0;0.0;7.0;5.0
Iracema;SAO JOSE DO FAMA;-5.648;-38.302833333333;2016;4;68.0;6.0;0.0;4.0;0.0;0.0;0.0;0.0;0.0;0.0;0.0;13.0;3.0;0.0;0.0;9.0;8.0;0.0;0.0;9.0;0.0;0.0;0.0;16.0;0.0;0.0;0.0;0.0;0.0;0.0;0.0;888.0
Iracema;SAO JOSE DO FAMA;-5.648;-38.302833333333;2016;5;14.0;0.0;0.0;0.0;0.0;0.0;0.0;0.0;0.0;0.0;0.0;7.0;0.0;0.0;0.0;3.0;0.0;0.0;0.0;0.0;0.0;0.0;0.0;0.0;0.0;0.0;0.0;4.0;0.0;0.0;0.0;0.0
Iracema;SAO JOSE DO FAMA;-5.648;-38.302833333333;2016;6;0.0;0.0;0.0;0.0;0.0;0.0;0.0;0.0;0.0;0.0;0.0;0.0;0.0;0.0;0.0;0.0;0.0;0.0;0.0;0.0;0.0;0.0;0.0;0.0;0.0;0.0;0.0;0.0;0.0;0.0;0.0;888.0
Iracema;SAO JOSE DO FAMA;-5.648;-38.302833333333;2016;7;0.0;0.0;0.0;0.0;0.0;0.0;0.0;0.0;0.0;0.0;0.0;0.0;0.0;0.0;0.0;0.0;0.0;0.0;0.0;0.0;0.0;0.0;0.0;0.0;0.0;0.0;0.0;0.0;0.0;0.0;0.0;0.0
Iracema;SAO JOSE DO FAMA;-5.648;-38.302833333333;2016;8;0.0;0.0;0.0;0.0;0.0;0.0;0.0;0.0;0.0;0.0;0.0;0.0;0.0;0.0;0.0;0.0;0.0;0.0;0.0;0.0;0.0;0.0;0.0;0.0;0.0;0.0;0.0;0.0;0.0;0.0;0.0;0.0
Iracema;SAO JOSE DO FAMA;-5.648;-38.302833333333;2016;9;0.0;0.0;0.0;0.0;0.0;0.0;0.0;0.0;0.0;0.0;0.0;0.0;0.0;0.0;0.0;0.0;0.0;0.0;0.0;0.0;0.0;0.0;0.0;0.0;0.0;0.0;0.0;0.0;0.0;0.0;0.0;888.0
Iracema;SAO JOSE DO FAMA;-5.648;-38.302833333333;2016;10;0.0;0.0;0.0;0.0;0.0;0.0;0.0;0.0;0.0;0.0;0.0;0.0;0.0;0.0;0.0;0.0;0.0;0.0;0.0;0.0;0.0;0.0;0.0;0.0;0.0;0.0;0.0;0.0;0.0;0.0;0.0;0.0
Iracema;SAO JOSE DO FAMA;-5.648;-38.302833333333;2016;11;0.0;0.0;0.0;0.0;0.0;0.0;0.0;0.0;0.0;0.0;0.0;0.0;0.0;0.0;0.0;0.0;0.0;0.0;0.0;0.0;0.0;0.0;0.0;0.0;0.0;0.0;0.0;0.0;0.0;0.0;0.0;888.0
Iracema;SAO JOSE DO FAMA;-5.648;-38.302833333333;2016;12;13.0;0.0;0.0;0.0;0.0;0.0;0.0;0.0;0.0;0.0;0.0;0.0;0.0;0.0;0.0;0.0;0.0;0.0;0.0;13.0;0.0;0.0;0.0;0.0;0.0;0.0;0.0;0.0;0.0;0.0;0.0;0.0
Iracema;SAO JOSE DO FAMA;-5.648;-38.302833333333;2017;1;18.0;0.0;0.0;0.0;0.0;0.0;0.0;0.0;0.0;0.0;0.0;0.0;0.0;0.0;0.0;0.0;0.0;0.0;0.0;0.0;0.0;0.0;0.0;0.0;18.0;0.0;0.0;0.0;0.0;0.0;0.0;0.0
Iracema;SAO JOSE DO FAMA;-5.648;-38.302833333333;2017;2;178.0;0.0;0.0;0.0;0.0;0.0;0.0;0.0;0.0;0.0;0.0;27.0;67.0;0.0;0.0;0.0;0.0;0.0;29.0;0.0;35.0;0.0;0.0;0.0;0.0;0.0;0.0;0.0;20.0;888.0;888.0;888.0
Iracema;SAO JOSE DO FAMA;-5.648;-38.302833333333;2017;3;124.0;0.0;12.0;14.0;0.0;0.0;0.0;0.0;0.0;0.0;3.0;18.0;0.0;0.0;8.0;0.0;5.0;10.0;0.0;0.0;0.0;0.0;0.0;38.0;12.0;0.0;4.0;0.0;0.0;0.0;0.0;0.0
Iracema;SAO JOSE DO FAMA;-5.648;-38.302833333333;2017;4;99.0;0.0;0.0;0.0;0.0;0.0;0.0;0.0;0.0;0.0;0.0;26.0;5.0;0.0;0.0;15.0;0.0;0.0;0.0;0.0;0.0;0.0;0.0;44.0;0.0;0.0;0.0;0.0;0.0;9.0;0.0;888.0
Iracema;SAO JOSE DO FAMA;-5.648;-38.302833333333;2017;5;151.0;0.0;0.0;0.0;28.0;0.0;0.0;0.0;0.0;0.0;0.0;6.0;0.0;0.0;0.0;0.0;0.0;0.0;0.0;0.0;0.0;0.0;0.0;0.0;0.0;0.0;0.0;0.0;11.0;106.0;0.0;0.0
Iracema;SAO JOSE DO FAMA;-5.648;-38.302833333333;2017;6;24.0;6.0;0.0;0.0;0.0;0.0;0.0;0.0;0.0;0.0;0.0;0.0;0.0;0.0;0.0;0.0;0.0;0.0;0.0;0.0;0.0;0.0;6.0;0.0;12.0;0.0;0.0;0.0;0.0;0.0;0.0;888.0
Iracema;SAO JOSE DO FAMA;-5.648;-38.302833333333;2017;7;87.0;19.0;68.0;0.0;0.0;0.0;0.0;0.0;0.0;0.0;0.0;0.0;0.0;0.0;0.0;0.0;0.0;0.0;0.0;0.0;0.0;0.0;0.0;0.0;0.0;0.0;0.0;0.0;0.0;0.0;0.0;0.0
Iracema;SAO JOSE DO FAMA;-5.648;-38.302833333333;2017;8;0.0;0.0;0.0;0.0;0.0;0.0;0.0;0.0;0.0;0.0;0.0;0.0;0.0;0.0;0.0;0.0;0.0;0.0;0.0;0.0;0.0;0.0;0.0;0.0;0.0;0.0;0.0;0.0;0.0;0.0;0.0;0.0
Iracema;SAO JOSE DO FAMA;-5.648;-38.302833333333;2017;9;0.0;0.0;0.0;0.0;0.0;0.0;0.0;0.0;0.0;0.0;0.0;0.0;0.0;0.0;0.0;0.0;0.0;0.0;0.0;0.0;0.0;0.0;0.0;0.0;0.0;0.0;0.0;0.0;0.0;0.0;0.0;888.0
Iracema;SAO JOSE DO FAMA;-5.648;-38.302833333333;2017;10;0.0;0.0;0.0;0.0;0.0;0.0;0.0;0.0;0.0;0.0;0.0;0.0;0.0;0.0;0.0;0.0;0.0;0.0;0.0;0.0;0.0;0.0;0.0;0.0;0.0;0.0;0.0;0.0;0.0;0.0;0.0;0.0
Iracema;SAO JOSE DO FAMA;-5.648;-38.302833333333;2017;11;0.0;0.0;0.0;0.0;0.0;0.0;0.0;0.0;0.0;0.0;0.0;0.0;0.0;0.0;0.0;0.0;0.0;0.0;0.0;0.0;0.0;0.0;0.0;0.0;0.0;0.0;0.0;0.0;0.0;0.0;0.0;888.0
Iracema;SAO JOSE DO FAMA;-5.648;-38.302833333333;2017;12;0.0;0.0;0.0;0.0;0.0;0.0;0.0;0.0;0.0;0.0;0.0;0.0;0.0;0.0;0.0;0.0;0.0;0.0;0.0;0.0;0.0;0.0;0.0;0.0;0.0;0.0;0.0;0.0;0.0;0.0;0.0;0.0
Iracema;SAO JOSE DO FAMA;-5.648;-38.302833333333;2018;1;119.0;0.0;0.0;0.0;0.0;0.0;0.0;0.0;0.0;0.0;0.0;0.0;40.0;0.0;0.0;5.0;0.0;0.0;0.0;28.0;35.0;0.0;0.0;0.0;11.0;0.0;0.0;0.0;0.0;0.0;0.0;0.0
Iracema;SAO JOSE DO FAMA;-5.648;-38.302833333333;2018;2;157.0;0.0;0.0;0.0;0.0;0.0;0.0;0.0;5.0;0.0;0.0;4.0;0.0;4.0;10.0;16.0;0.0;13.0;0.0;7.0;0.0;98.0;0.0;0.0;0.0;0.0;0.0;0.0;0.0;888.0;888.0;888.0
Iracema;SAO JOSE DO FAMA;-5.648;-38.302833333333;2018;3;122.0;8.0;0.0;0.0;0.0;0.0;0.0;0.0;0.0;0.0;0.0;0.0;0.0;0.0;0.0;0.0;0.0;0.0;0.0;0.0;3.0;0.0;0.0;29.0;0.0;9.0;0.0;0.0;0.0;35.0;8.0;30.0
Iracema;SAO JOSE DO FAMA;-5.648;-38.302833333333;2018;4;209.0;7.0;6.0;0.0;20.0;0.0;0.0;0.0;0.0;0.0;12.0;0.0;7.0;100.0;9.0;3.0;14.0;0.0;0.0;0.0;0.0;0.0;0.0;26.0;0.0;0.0;0.0;5.0;0.0;0.0;0.0;888.0
Iracema;SAO JOSE DO FAMA;-5.648;-38.302833333333;2018;5;70.0;13.0;7.0;0.0;0.0;0.0;0.0;0.0;0.0;0.0;0.0;0.0;0.0;0.0;0.0;0.0;0.0;0.0;20.0;12.0;0.0;0.0;0.0;0.0;0.0;0.0;18.0;0.0;0.0;0.0;0.0;0.0
Iracema;SAO JOSE DO FAMA;-5.648;-38.302833333333;2018;6;11.0;0.0;0.0;0.0;0.0;0.0;0.0;0.0;0.0;11.0;0.0;0.0;0.0;0.0;0.0;0.0;0.0;0.0;0.0;0.0;0.0;0.0;0.0;0.0;0.0;0.0;0.0;0.0;0.0;0.0;0.0;888.0
Iracema;SAO JOSE DO FAMA;-5.648;-38.302833333333;2018;7;6.0;0.0;0.0;0.0;0.0;0.0;0.0;0.0;6.0;0.0;0.0;0.0;0.0;0.0;0.0;0.0;0.0;0.0;0.0;0.0;0.0;0.0;0.0;0.0;0.0;0.0;0.0;0.0;0.0;0.0;0.0;0.0
Iracema;SAO JOSE DO FAMA;-5.648;-38.302833333333;2018;8;0.0;0.0;0.0;0.0;0.0;0.0;0.0;0.0;0.0;0.0;0.0;0.0;0.0;0.0;0.0;0.0;0.0;0.0;0.0;0.0;0.0;0.0;0.0;0.0;0.0;0.0;0.0;0.0;0.0;0.0;0.0;0.0
Iracema;SAO JOSE DO FAMA;-5.648;-38.302833333333;2018;9;0.0;0.0;0.0;0.0;0.0;0.0;0.0;0.0;0.0;0.0;0.0;0.0;0.0;0.0;0.0;0.0;0.0;0.0;0.0;0.0;999.0;999.0;999.0;999.0;999.0;999.0;999.0;999.0;999.0;999.0;999.0;888.0
