Municipios;Postos;Latitude;Longitude;Anos;Meses;Total;Dia1;Dia2;Dia3;Dia4;Dia5;Dia6;Dia7;Dia8;Dia9;Dia10;Dia11;Dia12;Dia13;Dia14;Dia15;Dia16;Dia17;Dia18;Dia19;Dia20;Dia21;Dia22;Dia23;Dia24;Dia25;Dia26;Dia27;Dia28;Dia29;Dia30;Dia31
Irauçuba;MISSI;-3.6230555555556;-39.821583333333;2000;6;0.0;0.0;0.0;0.0;0.0;0.0;0.0;0.0;0.0;0.0;0.0;0.0;0.0;0.0;0.0;0.0;0.0;0.0;0.0;0.0;0.0;0.0;0.0;0.0;0.0;0.0;0.0;0.0;0.0;0.0;0.0;888.0
Irauçuba;MISSI;-3.6230555555556;-39.821583333333;2000;7;68.0;0.0;0.0;0.0;0.0;0.0;0.0;0.0;0.0;0.0;0.0;0.0;0.0;68.0;0.0;0.0;0.0;0.0;0.0;0.0;0.0;0.0;0.0;0.0;0.0;0.0;0.0;0.0;0.0;0.0;0.0;0.0
Irauçuba;MISSI;-3.6230555555556;-39.821583333333;2000;8;4.0;0.0;4.0;0.0;0.0;0.0;0.0;0.0;0.0;0.0;0.0;0.0;0.0;0.0;0.0;0.0;0.0;0.0;0.0;0.0;0.0;0.0;0.0;0.0;0.0;0.0;0.0;0.0;0.0;0.0;0.0;0.0
Irauçuba;MISSI;-3.6230555555556;-39.821583333333;2000;9;0.0;0.0;0.0;0.0;0.0;0.0;0.0;0.0;0.0;0.0;0.0;0.0;0.0;0.0;0.0;0.0;0.0;0.0;0.0;0.0;0.0;0.0;0.0;0.0;0.0;0.0;0.0;0.0;0.0;0.0;0.0;888.0
Irauçuba;MISSI;-3.6230555555556;-39.821583333333;2000;10;0.0;0.0;0.0;0.0;0.0;0.0;0.0;0.0;0.0;0.0;0.0;0.0;0.0;0.0;0.0;0.0;0.0;0.0;0.0;0.0;0.0;0.0;0.0;0.0;0.0;0.0;0.0;0.0;0.0;0.0;0.0;0.0
Irauçuba;MISSI;-3.6230555555556;-39.821583333333;2000;11;0.0;0.0;0.0;0.0;0.0;0.0;0.0;0.0;0.0;0.0;0.0;0.0;0.0;0.0;0.0;0.0;0.0;0.0;0.0;0.0;0.0;0.0;0.0;0.0;0.0;0.0;0.0;0.0;0.0;0.0;0.0;888.0
Irauçuba;MISSI;-3.6230555555556;-39.821583333333;2000;12;0.0;0.0;0.0;0.0;0.0;0.0;0.0;0.0;0.0;0.0;0.0;0.0;0.0;0.0;0.0;0.0;0.0;0.0;0.0;0.0;0.0;0.0;0.0;0.0;0.0;0.0;0.0;0.0;0.0;0.0;0.0;0.0
Irauçuba;MISSI;-3.6230555555556;-39.821583333333;2001;1;4.0;0.0;0.0;0.0;4.0;0.0;0.0;0.0;0.0;0.0;0.0;0.0;0.0;0.0;0.0;0.0;0.0;0.0;0.0;0.0;0.0;0.0;0.0;0.0;0.0;0.0;0.0;0.0;0.0;0.0;0.0;0.0
Irauçuba;MISSI;-3.6230555555556;-39.821583333333;2001;2;11.0;0.0;0.0;0.0;0.0;0.0;0.0;0.0;0.0;0.0;0.0;0.0;0.0;0.0;0.0;0.0;0.0;0.0;0.0;0.0;11.0;0.0;0.0;0.0;0.0;0.0;0.0;0.0;0.0;888.0;888.0;888.0
Irauçuba;MISSI;-3.6230555555556;-39.821583333333;2001;3;93.0;0.0;0.0;0.0;0.0;0.0;0.0;0.0;0.0;0.0;32.0;0.0;61.0;0.0;0.0;0.0;0.0;0.0;0.0;0.0;0.0;0.0;0.0;0.0;0.0;0.0;0.0;0.0;0.0;0.0;0.0;0.0
Irauçuba;MISSI;-3.6230555555556;-39.821583333333;2001;4;329.0;22.0;0.0;25.0;0.0;34.0;0.0;0.0;0.0;0.0;0.0;89.0;17.0;6.0;0.0;0.0;49.0;0.0;0.0;21.0;0.0;0.0;10.0;0.0;0.0;25.0;0.0;0.0;31.0;0.0;0.0;888.0
Irauçuba;MISSI;-3.6230555555556;-39.821583333333;2001;5;20.0;0.0;0.0;0.0;0.0;0.0;0.0;0.0;20.0;0.0;0.0;0.0;0.0;0.0;0.0;0.0;0.0;0.0;0.0;0.0;0.0;0.0;0.0;0.0;0.0;0.0;0.0;0.0;0.0;0.0;0.0;0.0
Irauçuba;MISSI;-3.6230555555556;-39.821583333333;2001;6;0.0;0.0;0.0;0.0;0.0;0.0;0.0;0.0;0.0;0.0;0.0;0.0;0.0;0.0;0.0;0.0;0.0;0.0;0.0;0.0;0.0;0.0;0.0;0.0;0.0;0.0;0.0;0.0;0.0;0.0;0.0;888.0
Irauçuba;MISSI;-3.6230555555556;-39.821583333333;2001;7;0.0;0.0;0.0;0.0;0.0;0.0;0.0;0.0;0.0;0.0;0.0;0.0;0.0;0.0;0.0;0.0;0.0;0.0;0.0;0.0;0.0;0.0;0.0;0.0;0.0;0.0;0.0;0.0;0.0;0.0;0.0;0.0
Irauçuba;MISSI;-3.6230555555556;-39.821583333333;2001;8;0.0;0.0;0.0;0.0;0.0;0.0;0.0;0.0;0.0;0.0;0.0;0.0;0.0;0.0;0.0;0.0;0.0;0.0;0.0;0.0;0.0;0.0;0.0;0.0;0.0;0.0;0.0;0.0;0.0;0.0;0.0;0.0
Irauçuba;MISSI;-3.6230555555556;-39.821583333333;2001;9;0.0;0.0;0.0;0.0;0.0;0.0;0.0;0.0;0.0;0.0;0.0;0.0;0.0;0.0;0.0;0.0;0.0;0.0;0.0;0.0;0.0;0.0;999.0;0.0;0.0;0.0;0.0;0.0;0.0;0.0;0.0;888.0
Irauçuba;MISSI;-3.6230555555556;-39.821583333333;2001;10;0.0;0.0;0.0;0.0;0.0;0.0;0.0;0.0;0.0;0.0;0.0;0.0;0.0;0.0;0.0;0.0;0.0;0.0;0.0;0.0;0.0;0.0;0.0;0.0;0.0;0.0;0.0;0.0;0.0;0.0;0.0;0.0
Irauçuba;MISSI;-3.6230555555556;-39.821583333333;2001;11;0.0;0.0;0.0;0.0;0.0;0.0;0.0;0.0;0.0;0.0;0.0;0.0;0.0;0.0;0.0;0.0;0.0;0.0;0.0;0.0;0.0;0.0;0.0;0.0;0.0;0.0;0.0;0.0;0.0;0.0;0.0;888.0
Irauçuba;MISSI;-3.6230555555556;-39.821583333333;2001;12;0.0;0.0;0.0;0.0;0.0;0.0;0.0;0.0;0.0;0.0;0.0;0.0;0.0;0.0;0.0;0.0;0.0;0.0;0.0;0.0;0.0;0.0;0.0;0.0;0.0;0.0;0.0;0.0;0.0;0.0;0.0;0.0
Irauçuba;MISSI;-3.6230555555556;-39.821583333333;2002;1;331.0;0.0;0.0;0.0;0.0;0.0;0.0;0.0;153.0;0.0;0.0;0.0;0.0;0.0;0.0;0.0;36.0;40.0;102.0;0.0;0.0;0.0;0.0;0.0;0.0;0.0;0.0;0.0;0.0;0.0;0.0;0.0
Irauçuba;MISSI;-3.6230555555556;-39.821583333333;2002;2;0.0;0.0;0.0;0.0;0.0;0.0;0.0;0.0;0.0;0.0;0.0;0.0;0.0;0.0;0.0;0.0;0.0;0.0;0.0;0.0;0.0;0.0;0.0;0.0;0.0;0.0;0.0;0.0;0.0;888.0;888.0;888.0
Irauçuba;MISSI;-3.6230555555556;-39.821583333333;2002;3;150.0;0.0;0.0;0.0;0.0;41.0;0.0;31.0;0.0;0.0;0.0;40.0;0.0;0.0;0.0;6.0;0.0;0.0;3.0;0.0;0.0;17.0;0.0;0.0;0.0;0.0;0.0;0.0;0.0;12.0;0.0;0.0
Irauçuba;MISSI;-3.6230555555556;-39.821583333333;2002;4;310.0;0.0;8.0;6.0;0.0;0.0;0.0;2.0;0.0;0.0;0.0;0.0;0.0;33.0;0.0;8.0;0.0;0.0;0.0;0.0;0.0;0.0;0.0;0.0;0.0;83.0;0.0;170.0;0.0;0.0;0.0;888.0
Irauçuba;MISSI;-3.6230555555556;-39.821583333333;2002;5;57.0;0.0;2.0;0.0;0.0;7.0;0.0;0.0;0.0;0.0;0.0;0.0;48.0;0.0;0.0;0.0;0.0;0.0;0.0;0.0;0.0;0.0;0.0;0.0;0.0;0.0;0.0;0.0;0.0;0.0;0.0;0.0
Irauçuba;MISSI;-3.6230555555556;-39.821583333333;2002;6;23.0;0.0;0.0;0.0;0.0;0.0;0.0;5.0;0.0;0.0;0.0;0.0;0.0;0.0;0.0;10.0;0.0;0.0;0.0;0.0;0.0;0.0;0.0;6.0;0.0;0.0;0.0;0.0;0.0;2.0;0.0;888.0
Irauçuba;MISSI;-3.6230555555556;-39.821583333333;2002;7;17.0;17.0;0.0;0.0;0.0;0.0;0.0;0.0;0.0;0.0;0.0;0.0;0.0;0.0;0.0;0.0;0.0;0.0;0.0;0.0;0.0;0.0;0.0;0.0;0.0;0.0;0.0;0.0;0.0;0.0;0.0;0.0
Irauçuba;MISSI;-3.6230555555556;-39.821583333333;2002;8;0.0;0.0;0.0;0.0;0.0;0.0;0.0;0.0;0.0;0.0;0.0;0.0;0.0;0.0;0.0;0.0;0.0;0.0;0.0;0.0;0.0;0.0;0.0;0.0;0.0;0.0;0.0;0.0;0.0;0.0;0.0;0.0
Irauçuba;MISSI;-3.6230555555556;-39.821583333333;2002;9;0.0;0.0;0.0;0.0;0.0;0.0;0.0;0.0;0.0;0.0;0.0;0.0;0.0;0.0;0.0;0.0;0.0;0.0;0.0;0.0;0.0;0.0;0.0;0.0;0.0;0.0;0.0;0.0;0.0;0.0;0.0;888.0
Irauçuba;MISSI;-3.6230555555556;-39.821583333333;2002;10;0.0;0.0;0.0;0.0;0.0;0.0;0.0;0.0;0.0;0.0;0.0;0.0;0.0;0.0;0.0;0.0;0.0;0.0;0.0;0.0;0.0;0.0;0.0;0.0;0.0;0.0;0.0;0.0;0.0;0.0;0.0;0.0
Irauçuba;MISSI;-3.6230555555556;-39.821583333333;2002;11;0.0;0.0;0.0;0.0;0.0;0.0;0.0;0.0;0.0;0.0;0.0;0.0;0.0;0.0;0.0;0.0;0.0;0.0;0.0;0.0;0.0;0.0;0.0;0.0;0.0;0.0;0.0;0.0;0.0;0.0;0.0;888.0
Irauçuba;MISSI;-3.6230555555556;-39.821583333333;2002;12;0.0;0.0;0.0;0.0;0.0;0.0;0.0;0.0;0.0;0.0;0.0;0.0;0.0;0.0;0.0;0.0;0.0;0.0;0.0;0.0;0.0;0.0;0.0;0.0;0.0;0.0;0.0;0.0;0.0;0.0;0.0;0.0
Irauçuba;MISSI;-3.6230555555556;-39.821583333333;2003;1;0.0;0.0;999.0;999.0;999.0;999.0;999.0;999.0;999.0;999.0;999.0;999.0;999.0;999.0;999.0;999.0;999.0;999.0;999.0;999.0;999.0;999.0;999.0;999.0;999.0;999.0;999.0;999.0;999.0;999.0;999.0;999.0
Irauçuba;MISSI;-3.6230555555556;-39.821583333333;2003;2;0.0;0.0;999.0;999.0;999.0;999.0;999.0;999.0;999.0;999.0;999.0;999.0;999.0;999.0;999.0;999.0;999.0;999.0;999.0;999.0;999.0;999.0;999.0;999.0;999.0;999.0;999.0;999.0;999.0;888.0;888.0;888.0
Irauçuba;MISSI;-3.6230555555556;-39.821583333333;2003;3;209.0;999.0;999.0;999.0;999.0;999.0;999.0;999.0;999.0;999.0;999.0;999.0;999.0;999.0;999.0;999.0;999.0;32.0;0.0;0.0;40.0;11.0;0.0;76.0;0.0;0.0;0.0;0.0;3.0;47.0;0.0;0.0
Irauçuba;MISSI;-3.6230555555556;-39.821583333333;2003;4;130.0;10.0;8.0;0.0;0.0;20.0;0.0;0.0;0.0;0.0;10.0;5.0;0.0;0.0;29.0;3.0;0.0;0.0;0.0;0.0;10.0;0.0;0.0;0.0;0.0;2.0;0.0;30.0;0.0;3.0;0.0;888.0
Irauçuba;MISSI;-3.6230555555556;-39.821583333333;2003;5;49.0;0.0;5.0;10.0;0.0;0.0;0.0;8.0;0.0;0.0;0.0;9.0;0.0;0.0;0.0;0.0;0.0;17.0;0.0;0.0;0.0;0.0;0.0;0.0;0.0;0.0;0.0;0.0;0.0;0.0;0.0;0.0
Irauçuba;MISSI;-3.6230555555556;-39.821583333333;2003;6;0.0;0.0;0.0;0.0;0.0;0.0;0.0;0.0;0.0;0.0;0.0;0.0;0.0;0.0;0.0;0.0;0.0;0.0;0.0;0.0;0.0;0.0;0.0;0.0;0.0;0.0;0.0;0.0;0.0;0.0;0.0;888.0
Irauçuba;MISSI;-3.6230555555556;-39.821583333333;2003;7;0.0;0.0;0.0;0.0;0.0;0.0;0.0;0.0;0.0;0.0;0.0;0.0;0.0;0.0;0.0;0.0;0.0;0.0;0.0;0.0;0.0;0.0;0.0;0.0;0.0;0.0;0.0;0.0;0.0;0.0;0.0;0.0
Irauçuba;MISSI;-3.6230555555556;-39.821583333333;2003;8;0.0;0.0;0.0;0.0;0.0;0.0;0.0;0.0;0.0;0.0;0.0;0.0;0.0;0.0;0.0;0.0;0.0;0.0;0.0;0.0;0.0;0.0;0.0;0.0;0.0;0.0;0.0;0.0;0.0;0.0;0.0;0.0
Irauçuba;MISSI;-3.6230555555556;-39.821583333333;2003;9;0.0;0.0;0.0;0.0;0.0;0.0;0.0;0.0;0.0;0.0;0.0;0.0;0.0;0.0;0.0;0.0;0.0;0.0;0.0;0.0;0.0;0.0;0.0;0.0;0.0;0.0;0.0;0.0;0.0;0.0;0.0;888.0
Irauçuba;MISSI;-3.6230555555556;-39.821583333333;2003;10;0.0;0.0;0.0;0.0;0.0;0.0;0.0;0.0;0.0;0.0;0.0;0.0;0.0;0.0;0.0;0.0;0.0;0.0;0.0;0.0;0.0;0.0;0.0;0.0;0.0;0.0;0.0;0.0;0.0;0.0;0.0;0.0
Irauçuba;MISSI;-3.6230555555556;-39.821583333333;2003;11;0.0;0.0;0.0;0.0;0.0;0.0;0.0;0.0;0.0;0.0;0.0;0.0;0.0;0.0;0.0;0.0;0.0;0.0;0.0;0.0;0.0;0.0;0.0;0.0;0.0;0.0;0.0;0.0;0.0;0.0;0.0;888.0
Irauçuba;MISSI;-3.6230555555556;-39.821583333333;2003;12;0.0;0.0;0.0;0.0;0.0;0.0;0.0;0.0;0.0;0.0;0.0;0.0;0.0;0.0;0.0;0.0;0.0;0.0;0.0;0.0;0.0;0.0;0.0;0.0;0.0;0.0;0.0;0.0;0.0;0.0;0.0;0.0
Irauçuba;MISSI;-3.6230555555556;-39.821583333333;2004;1;429.0;0.0;0.0;0.0;0.0;0.0;0.0;0.0;0.0;0.0;0.0;0.0;0.0;0.0;0.0;0.0;0.0;40.0;0.0;0.0;10.0;0.0;0.0;26.0;120.0;6.0;30.0;50.0;50.0;64.0;23.0;10.0
Irauçuba;MISSI;-3.6230555555556;-39.821583333333;2004;2;308.0;6.0;10.0;21.0;3.0;9.0;24.0;25.0;0.0;0.0;0.0;0.0;0.0;25.0;25.0;25.0;25.0;10.0;0.0;20.0;0.0;15.0;6.0;3.0;19.0;21.0;0.0;12.0;0.0;4.0;888.0;888.0
Irauçuba;MISSI;-3.6230555555556;-39.821583333333;2004;3;83.0;0.0;0.0;0.0;0.0;6.0;10.0;20.0;10.0;8.0;0.0;8.0;2.0;0.0;0.0;0.0;10.0;9.0;0.0;0.0;0.0;0.0;0.0;0.0;0.0;0.0;0.0;0.0;0.0;0.0;0.0;0.0
Irauçuba;MISSI;-3.6230555555556;-39.821583333333;2004;4;9.0;0.0;0.0;0.0;0.0;0.0;0.0;0.0;9.0;0.0;0.0;0.0;0.0;0.0;0.0;0.0;0.0;0.0;0.0;0.0;0.0;0.0;0.0;0.0;0.0;0.0;0.0;0.0;0.0;0.0;0.0;888.0
Irauçuba;MISSI;-3.6230555555556;-39.821583333333;2004;5;0.0;0.0;0.0;0.0;0.0;0.0;0.0;0.0;0.0;0.0;0.0;0.0;0.0;0.0;0.0;0.0;0.0;0.0;0.0;0.0;0.0;0.0;0.0;0.0;0.0;0.0;0.0;0.0;0.0;0.0;0.0;0.0
Irauçuba;MISSI;-3.6230555555556;-39.821583333333;2004;6;0.0;0.0;0.0;0.0;0.0;0.0;0.0;0.0;0.0;0.0;0.0;0.0;0.0;0.0;0.0;0.0;0.0;0.0;0.0;0.0;0.0;0.0;0.0;0.0;0.0;0.0;0.0;0.0;0.0;0.0;0.0;888.0
Irauçuba;MISSI;-3.6230555555556;-39.821583333333;2004;7;0.0;0.0;0.0;0.0;0.0;0.0;0.0;0.0;0.0;0.0;0.0;0.0;0.0;0.0;0.0;0.0;0.0;0.0;0.0;0.0;0.0;0.0;0.0;0.0;0.0;0.0;0.0;0.0;0.0;0.0;0.0;0.0
Irauçuba;MISSI;-3.6230555555556;-39.821583333333;2004;8;0.0;0.0;0.0;0.0;0.0;0.0;0.0;0.0;0.0;0.0;0.0;0.0;0.0;0.0;0.0;0.0;0.0;0.0;0.0;0.0;0.0;0.0;0.0;0.0;0.0;0.0;0.0;0.0;0.0;0.0;0.0;0.0
Irauçuba;MISSI;-3.6230555555556;-39.821583333333;2004;9;0.0;0.0;0.0;0.0;0.0;0.0;0.0;0.0;0.0;0.0;0.0;0.0;0.0;0.0;0.0;0.0;0.0;0.0;0.0;0.0;0.0;0.0;0.0;0.0;0.0;0.0;0.0;0.0;0.0;0.0;0.0;888.0
Irauçuba;MISSI;-3.6230555555556;-39.821583333333;2004;10;0.0;0.0;0.0;0.0;0.0;0.0;0.0;0.0;0.0;0.0;0.0;0.0;0.0;0.0;0.0;0.0;0.0;0.0;0.0;0.0;0.0;0.0;0.0;0.0;0.0;0.0;0.0;0.0;0.0;0.0;0.0;0.0
Irauçuba;MISSI;-3.6230555555556;-39.821583333333;2004;11;0.0;0.0;0.0;0.0;0.0;0.0;0.0;0.0;0.0;0.0;0.0;0.0;0.0;0.0;0.0;0.0;0.0;0.0;0.0;0.0;0.0;0.0;0.0;0.0;0.0;0.0;0.0;0.0;0.0;0.0;0.0;888.0
Irauçuba;MISSI;-3.6230555555556;-39.821583333333;2004;12;0.0;0.0;0.0;0.0;0.0;0.0;0.0;0.0;0.0;0.0;0.0;0.0;0.0;0.0;0.0;0.0;0.0;0.0;0.0;0.0;0.0;0.0;0.0;0.0;0.0;0.0;0.0;0.0;0.0;0.0;0.0;0.0
Irauçuba;MISSI;-3.6230555555556;-39.821583333333;2005;1;17.0;0.0;0.0;0.0;0.0;0.0;0.0;0.0;0.0;0.0;0.0;0.0;0.0;0.0;0.0;0.0;0.0;0.0;0.0;0.0;0.0;0.0;0.0;0.0;0.0;17.0;0.0;0.0;0.0;0.0;0.0;0.0
Irauçuba;MISSI;-3.6230555555556;-39.821583333333;2005;2;58.0;0.0;0.0;0.0;0.0;0.0;0.0;0.0;0.0;0.0;0.0;0.0;0.0;0.0;18.0;40.0;0.0;0.0;0.0;0.0;0.0;0.0;0.0;0.0;0.0;0.0;0.0;0.0;0.0;888.0;888.0;888.0
Irauçuba;MISSI;-3.6230555555556;-39.821583333333;2005;3;147.0;0.0;0.0;0.0;0.0;0.0;0.0;0.0;0.0;0.0;0.0;0.0;0.0;0.0;0.0;0.0;0.0;0.0;0.0;8.0;5.0;13.0;15.0;30.0;1.0;30.0;9.0;17.0;19.0;0.0;0.0;0.0
Irauçuba;MISSI;-3.6230555555556;-39.821583333333;2005;4;67.0;0.0;0.0;9.0;4.0;0.0;0.0;0.0;0.0;0.0;9.0;0.0;0.0;0.0;0.0;0.0;7.0;0.0;0.0;0.0;0.0;0.0;0.0;0.0;0.0;0.0;0.0;0.0;0.0;0.0;38.0;888.0
Irauçuba;MISSI;-3.6230555555556;-39.821583333333;2005;5;32.0;10.0;3.0;4.0;0.0;0.0;0.0;0.0;0.0;0.0;0.0;9.0;0.0;0.0;0.0;0.0;0.0;0.0;0.0;0.0;0.0;0.0;0.0;6.0;0.0;0.0;0.0;0.0;0.0;0.0;0.0;0.0
Irauçuba;MISSI;-3.6230555555556;-39.821583333333;2005;6;13.0;10.0;0.0;0.0;0.0;3.0;0.0;0.0;0.0;0.0;0.0;0.0;0.0;0.0;0.0;0.0;0.0;0.0;0.0;0.0;0.0;0.0;0.0;0.0;0.0;0.0;0.0;0.0;0.0;0.0;0.0;888.0
Irauçuba;MISSI;-3.6230555555556;-39.821583333333;2005;7;0.0;0.0;0.0;0.0;0.0;0.0;0.0;0.0;0.0;0.0;0.0;0.0;0.0;0.0;0.0;0.0;0.0;0.0;0.0;0.0;0.0;0.0;0.0;0.0;0.0;0.0;0.0;0.0;0.0;0.0;0.0;0.0
Irauçuba;MISSI;-3.6230555555556;-39.821583333333;2005;8;0.0;0.0;0.0;0.0;0.0;0.0;0.0;0.0;0.0;0.0;0.0;0.0;0.0;0.0;0.0;0.0;0.0;0.0;0.0;0.0;0.0;0.0;0.0;0.0;0.0;0.0;0.0;0.0;0.0;0.0;0.0;0.0
Irauçuba;MISSI;-3.6230555555556;-39.821583333333;2005;9;0.0;0.0;0.0;0.0;0.0;0.0;0.0;0.0;0.0;0.0;0.0;0.0;0.0;0.0;0.0;0.0;0.0;0.0;0.0;0.0;0.0;0.0;0.0;0.0;0.0;0.0;0.0;0.0;0.0;0.0;0.0;888.0
Irauçuba;MISSI;-3.6230555555556;-39.821583333333;2005;10;0.0;0.0;0.0;0.0;0.0;0.0;0.0;0.0;0.0;0.0;0.0;0.0;0.0;0.0;0.0;0.0;0.0;0.0;0.0;0.0;0.0;0.0;0.0;0.0;0.0;0.0;0.0;0.0;0.0;0.0;0.0;0.0
Irauçuba;MISSI;-3.6230555555556;-39.821583333333;2005;11;0.0;0.0;0.0;0.0;0.0;0.0;0.0;0.0;0.0;0.0;0.0;0.0;0.0;0.0;0.0;0.0;0.0;0.0;0.0;0.0;0.0;0.0;0.0;0.0;0.0;0.0;0.0;0.0;0.0;0.0;0.0;888.0
Irauçuba;MISSI;-3.6230555555556;-39.821583333333;2005;12;0.0;0.0;0.0;0.0;0.0;0.0;0.0;0.0;0.0;0.0;0.0;0.0;0.0;0.0;0.0;0.0;0.0;0.0;0.0;0.0;0.0;0.0;0.0;0.0;0.0;0.0;0.0;0.0;0.0;0.0;0.0;0.0
Irauçuba;MISSI;-3.6230555555556;-39.821583333333;2006;1;1.0;0.0;0.0;0.0;0.0;0.0;0.0;0.0;0.0;0.0;0.0;0.0;0.0;0.0;0.0;0.0;0.0;0.0;0.0;0.0;1.0;0.0;0.0;0.0;0.0;0.0;0.0;0.0;0.0;0.0;0.0;0.0
Irauçuba;MISSI;-3.6230555555556;-39.821583333333;2006;2;131.0;0.0;0.0;0.0;0.0;0.0;0.0;0.0;0.0;0.0;0.0;40.0;0.0;5.0;30.0;0.0;0.0;0.0;23.0;0.0;0.0;0.0;6.0;0.0;0.0;11.0;7.0;0.0;9.0;888.0;888.0;888.0
Irauçuba;MISSI;-3.6230555555556;-39.821583333333;2006;3;208.0;12.0;17.0;0.0;4.0;0.0;0.0;0.0;0.0;17.0;0.0;9.0;0.0;6.0;0.0;3.0;0.0;0.0;0.0;0.0;23.0;17.0;8.0;2.0;0.0;0.0;11.0;32.0;2.0;4.0;35.0;6.0
Irauçuba;MISSI;-3.6230555555556;-39.821583333333;2006;4;398.0;21.0;31.0;4.0;0.0;9.0;0.0;31.0;34.0;2.0;50.0;17.0;10.0;9.0;18.0;13.0;3.0;25.0;25.0;22.0;28.0;6.0;0.0;10.0;10.0;0.0;0.0;11.0;9.0;0.0;0.0;888.0
Irauçuba;MISSI;-3.6230555555556;-39.821583333333;2006;5;201.0;4.0;0.0;0.0;8.0;12.0;2.0;0.0;91.0;0.0;8.0;8.0;0.0;0.0;0.0;2.0;0.0;17.0;0.0;0.0;46.0;0.0;0.0;0.0;0.0;0.0;0.0;0.0;0.0;0.0;0.0;3.0
Irauçuba;MISSI;-3.6230555555556;-39.821583333333;2006;6;103.0;0.0;0.0;0.0;0.0;0.0;0.0;91.0;0.0;0.0;4.0;8.0;0.0;0.0;0.0;0.0;0.0;0.0;0.0;0.0;0.0;0.0;0.0;0.0;0.0;0.0;0.0;0.0;0.0;0.0;0.0;888.0
Irauçuba;MISSI;-3.6230555555556;-39.821583333333;2006;7;0.0;0.0;0.0;0.0;0.0;0.0;0.0;0.0;0.0;0.0;0.0;0.0;0.0;0.0;0.0;0.0;0.0;0.0;0.0;0.0;0.0;0.0;0.0;0.0;0.0;0.0;0.0;0.0;0.0;0.0;0.0;0.0
Irauçuba;MISSI;-3.6230555555556;-39.821583333333;2006;8;0.0;0.0;0.0;0.0;0.0;0.0;0.0;0.0;0.0;0.0;0.0;0.0;0.0;0.0;0.0;0.0;0.0;0.0;0.0;0.0;0.0;0.0;0.0;0.0;0.0;0.0;0.0;0.0;0.0;0.0;0.0;0.0
Irauçuba;MISSI;-3.6230555555556;-39.821583333333;2006;9;0.0;0.0;0.0;0.0;0.0;0.0;0.0;0.0;0.0;0.0;0.0;0.0;0.0;0.0;0.0;0.0;0.0;0.0;0.0;0.0;0.0;0.0;0.0;0.0;0.0;0.0;0.0;0.0;0.0;0.0;0.0;888.0
Irauçuba;MISSI;-3.6230555555556;-39.821583333333;2006;10;0.0;0.0;0.0;0.0;0.0;0.0;0.0;0.0;0.0;0.0;0.0;0.0;0.0;0.0;0.0;0.0;0.0;0.0;0.0;0.0;0.0;0.0;0.0;0.0;0.0;0.0;0.0;0.0;0.0;0.0;0.0;0.0
Irauçuba;MISSI;-3.6230555555556;-39.821583333333;2006;11;0.0;0.0;0.0;0.0;0.0;0.0;0.0;0.0;0.0;0.0;0.0;0.0;0.0;0.0;0.0;0.0;0.0;0.0;0.0;0.0;0.0;0.0;0.0;0.0;0.0;0.0;0.0;0.0;0.0;0.0;0.0;888.0
Irauçuba;MISSI;-3.6230555555556;-39.821583333333;2006;12;0.0;0.0;0.0;0.0;0.0;0.0;0.0;0.0;0.0;0.0;0.0;0.0;0.0;0.0;0.0;0.0;0.0;0.0;0.0;0.0;0.0;0.0;0.0;0.0;0.0;0.0;0.0;0.0;0.0;0.0;0.0;0.0
Irauçuba;MISSI;-3.6230555555556;-39.821583333333;2007;1;0.0;0.0;0.0;0.0;0.0;0.0;0.0;0.0;0.0;0.0;0.0;0.0;0.0;0.0;0.0;0.0;0.0;0.0;0.0;0.0;0.0;0.0;0.0;0.0;0.0;0.0;0.0;0.0;0.0;0.0;0.0;0.0
Irauçuba;MISSI;-3.6230555555556;-39.821583333333;2007;2;225.0;0.0;0.0;11.0;16.0;12.0;6.0;8.0;0.0;0.0;0.0;0.0;0.0;29.0;8.0;6.0;0.0;5.0;0.0;42.0;0.0;0.0;0.0;73.0;9.0;0.0;0.0;0.0;0.0;888.0;888.0;888.0
Irauçuba;MISSI;-3.6230555555556;-39.821583333333;2007;3;70.0;4.0;0.0;0.0;0.0;0.0;0.0;0.0;0.0;0.0;0.0;41.0;0.0;0.0;0.0;0.0;0.0;8.0;0.0;0.0;0.0;0.0;0.0;17.0;0.0;0.0;0.0;0.0;0.0;0.0;0.0;0.0
Irauçuba;MISSI;-3.6230555555556;-39.821583333333;2007;4;237.0;4.0;0.0;9.0;0.0;18.0;21.0;0.0;0.0;0.0;0.0;0.0;0.0;0.0;0.0;0.0;0.0;0.0;21.0;0.0;0.0;0.0;0.0;10.0;8.0;40.0;13.0;38.0;16.0;39.0;0.0;888.0
Irauçuba;MISSI;-3.6230555555556;-39.821583333333;2007;5;0.0;0.0;0.0;0.0;0.0;0.0;0.0;0.0;0.0;0.0;0.0;0.0;0.0;0.0;0.0;0.0;0.0;0.0;0.0;0.0;0.0;0.0;0.0;0.0;0.0;0.0;0.0;0.0;0.0;0.0;0.0;0.0
Irauçuba;MISSI;-3.6230555555556;-39.821583333333;2007;6;17.0;0.0;0.0;0.0;0.0;0.0;10.0;0.0;0.0;7.0;0.0;0.0;0.0;0.0;0.0;0.0;0.0;0.0;0.0;0.0;0.0;0.0;0.0;0.0;0.0;0.0;0.0;0.0;0.0;0.0;0.0;888.0
Irauçuba;MISSI;-3.6230555555556;-39.821583333333;2007;7;0.0;0.0;0.0;0.0;0.0;0.0;0.0;0.0;0.0;0.0;0.0;0.0;0.0;0.0;0.0;0.0;0.0;0.0;0.0;0.0;0.0;0.0;0.0;0.0;0.0;0.0;0.0;0.0;0.0;0.0;0.0;0.0
Irauçuba;MISSI;-3.6230555555556;-39.821583333333;2007;8;0.0;0.0;0.0;0.0;0.0;0.0;0.0;0.0;0.0;0.0;0.0;0.0;0.0;0.0;0.0;0.0;0.0;0.0;0.0;0.0;0.0;0.0;0.0;0.0;0.0;0.0;0.0;0.0;0.0;0.0;0.0;0.0
Irauçuba;MISSI;-3.6230555555556;-39.821583333333;2007;9;0.0;0.0;0.0;0.0;0.0;0.0;0.0;0.0;0.0;0.0;0.0;0.0;0.0;0.0;0.0;0.0;0.0;0.0;0.0;0.0;0.0;0.0;0.0;0.0;0.0;0.0;0.0;0.0;0.0;0.0;0.0;888.0
Irauçuba;MISSI;-3.6230555555556;-39.821583333333;2007;10;0.0;0.0;0.0;0.0;0.0;0.0;0.0;0.0;0.0;0.0;0.0;0.0;0.0;0.0;0.0;0.0;0.0;0.0;0.0;0.0;0.0;0.0;0.0;0.0;0.0;0.0;0.0;0.0;0.0;0.0;0.0;0.0
Irauçuba;MISSI;-3.6230555555556;-39.821583333333;2007;11;0.0;0.0;0.0;0.0;0.0;0.0;0.0;0.0;0.0;0.0;0.0;0.0;0.0;0.0;0.0;0.0;0.0;0.0;0.0;0.0;0.0;0.0;0.0;0.0;0.0;0.0;0.0;0.0;0.0;0.0;0.0;888.0
Irauçuba;MISSI;-3.6230555555556;-39.821583333333;2007;12;0.0;0.0;0.0;0.0;0.0;0.0;0.0;0.0;0.0;0.0;0.0;0.0;0.0;0.0;0.0;999.0;999.0;999.0;999.0;999.0;999.0;999.0;999.0;999.0;999.0;999.0;999.0;999.0;999.0;999.0;999.0;999.0
Irauçuba;MISSI;-3.6230555555556;-39.821583333333;2008;1;0.0;0.0;999.0;999.0;999.0;999.0;999.0;999.0;999.0;999.0;999.0;999.0;999.0;999.0;999.0;999.0;999.0;999.0;999.0;999.0;999.0;999.0;999.0;999.0;999.0;999.0;999.0;999.0;999.0;999.0;999.0;999.0
Irauçuba;MISSI;-3.6230555555556;-39.821583333333;2008;2;0.0;0.0;0.0;0.0;0.0;0.0;0.0;0.0;0.0;0.0;0.0;0.0;0.0;0.0;0.0;0.0;0.0;0.0;0.0;0.0;0.0;0.0;0.0;0.0;0.0;0.0;0.0;0.0;0.0;0.0;888.0;888.0
Irauçuba;MISSI;-3.6230555555556;-39.821583333333;2008;3;752.0;12.0;0.0;45.0;7.0;0.0;10.0;0.0;7.0;9.0;0.0;0.0;7.0;51.0;30.0;29.0;12.0;29.0;45.0;200.0;30.0;2.0;20.0;17.0;18.0;54.0;0.0;9.0;7.0;47.0;7.0;48.0
Irauçuba;MISSI;-3.6230555555556;-39.821583333333;2008;4;90.0;0.0;20.0;0.0;0.0;0.0;0.0;7.0;0.0;0.0;0.0;0.0;13.0;0.0;2.0;0.0;0.0;5.0;0.0;6.0;0.0;15.0;1.0;0.0;0.0;0.0;0.0;21.0;0.0;0.0;0.0;888.0
Irauçuba;MISSI;-3.6230555555556;-39.821583333333;2008;5;13.0;0.0;0.0;0.0;0.0;0.0;9.0;0.0;0.0;0.0;0.0;0.0;0.0;0.0;0.0;0.0;0.0;4.0;0.0;0.0;0.0;0.0;0.0;0.0;0.0;0.0;0.0;0.0;0.0;0.0;0.0;0.0
Irauçuba;MISSI;-3.6230555555556;-39.821583333333;2008;6;0.0;0.0;0.0;0.0;0.0;0.0;0.0;0.0;0.0;0.0;0.0;0.0;0.0;0.0;0.0;0.0;0.0;0.0;0.0;0.0;0.0;0.0;0.0;0.0;0.0;0.0;0.0;0.0;0.0;0.0;0.0;888.0
Irauçuba;MISSI;-3.6230555555556;-39.821583333333;2008;7;0.0;0.0;0.0;0.0;0.0;0.0;0.0;0.0;0.0;0.0;0.0;0.0;0.0;0.0;0.0;0.0;0.0;0.0;0.0;0.0;0.0;0.0;0.0;0.0;0.0;0.0;0.0;0.0;0.0;0.0;0.0;0.0
Irauçuba;MISSI;-3.6230555555556;-39.821583333333;2008;8;37.0;0.0;0.0;0.0;0.0;0.0;0.0;0.0;0.0;0.0;0.0;37.0;0.0;0.0;0.0;0.0;0.0;0.0;0.0;0.0;0.0;0.0;0.0;0.0;0.0;0.0;0.0;0.0;0.0;0.0;0.0;0.0
Irauçuba;MISSI;-3.6230555555556;-39.821583333333;2008;9;0.0;0.0;0.0;0.0;0.0;0.0;0.0;0.0;0.0;0.0;0.0;0.0;0.0;0.0;0.0;0.0;0.0;0.0;0.0;0.0;0.0;0.0;0.0;0.0;0.0;0.0;0.0;0.0;0.0;0.0;0.0;888.0
Irauçuba;MISSI;-3.6230555555556;-39.821583333333;2008;10;0.0;0.0;0.0;0.0;0.0;0.0;0.0;0.0;0.0;0.0;0.0;0.0;0.0;0.0;0.0;0.0;0.0;0.0;0.0;0.0;0.0;0.0;0.0;0.0;0.0;0.0;0.0;0.0;0.0;0.0;0.0;0.0
Irauçuba;MISSI;-3.6230555555556;-39.821583333333;2008;11;0.0;0.0;0.0;0.0;0.0;0.0;0.0;0.0;0.0;0.0;0.0;0.0;0.0;0.0;0.0;0.0;0.0;0.0;0.0;0.0;0.0;0.0;0.0;0.0;0.0;0.0;0.0;0.0;0.0;0.0;0.0;888.0
Irauçuba;MISSI;-3.6230555555556;-39.821583333333;2008;12;0.0;0.0;0.0;0.0;0.0;0.0;0.0;0.0;0.0;0.0;0.0;0.0;0.0;0.0;0.0;0.0;0.0;0.0;0.0;0.0;0.0;0.0;0.0;0.0;0.0;0.0;0.0;0.0;0.0;0.0;0.0;0.0
Irauçuba;MISSI;-3.6230555555556;-39.821583333333;2009;1;125.0;0.0;0.0;0.0;0.0;0.0;0.0;0.0;0.0;0.0;0.0;0.0;0.0;0.0;0.0;0.0;0.0;20.0;0.0;40.0;15.0;0.0;10.0;0.0;0.0;0.0;5.0;0.0;0.0;20.0;15.0;0.0
Irauçuba;MISSI;-3.6230555555556;-39.821583333333;2009;2;125.0;0.0;0.0;0.0;0.0;0.0;0.0;0.0;0.0;0.0;0.0;0.0;0.0;0.0;0.0;0.0;0.0;20.0;0.0;0.0;15.0;40.0;15.0;0.0;10.0;5.0;0.0;0.0;20.0;888.0;888.0;888.0
Irauçuba;MISSI;-3.6230555555556;-39.821583333333;2009;3;304.0;15.0;10.0;20.0;15.0;15.0;10.0;0.0;0.0;0.0;0.0;0.0;35.0;29.0;0.0;23.0;0.0;5.0;12.0;5.0;8.0;9.0;8.0;20.0;0.0;0.0;33.0;0.0;6.0;12.0;14.0;0.0
Irauçuba;MISSI;-3.6230555555556;-39.821583333333;2009;4;686.0;60.0;71.0;18.0;70.0;0.0;10.0;12.0;3.0;0.0;4.0;2.0;117.0;3.0;0.0;2.0;0.0;3.0;5.0;0.0;7.0;34.0;48.0;0.0;111.0;0.0;5.0;15.0;45.0;0.0;41.0;888.0
Irauçuba;MISSI;-3.6230555555556;-39.821583333333;2009;5;415.0;36.0;25.0;13.0;36.0;38.0;0.0;21.0;37.0;39.0;37.0;27.0;3.0;20.0;0.0;0.0;0.0;0.0;0.0;4.0;0.0;7.0;0.0;29.0;17.0;6.0;0.0;0.0;20.0;0.0;0.0;0.0
Irauçuba;MISSI;-3.6230555555556;-39.821583333333;2009;6;97.0;8.0;56.0;27.0;0.0;0.0;6.0;0.0;0.0;0.0;0.0;0.0;0.0;0.0;0.0;0.0;0.0;0.0;0.0;0.0;0.0;0.0;0.0;0.0;0.0;0.0;0.0;0.0;0.0;0.0;0.0;888.0
Irauçuba;MISSI;-3.6230555555556;-39.821583333333;2009;7;0.0;0.0;0.0;0.0;0.0;0.0;0.0;0.0;0.0;0.0;0.0;0.0;0.0;0.0;0.0;0.0;0.0;0.0;0.0;0.0;0.0;0.0;0.0;0.0;0.0;0.0;0.0;0.0;0.0;0.0;0.0;0.0
Irauçuba;MISSI;-3.6230555555556;-39.821583333333;2009;8;0.0;0.0;0.0;0.0;0.0;0.0;0.0;0.0;0.0;0.0;0.0;0.0;0.0;0.0;0.0;0.0;0.0;0.0;0.0;0.0;0.0;0.0;0.0;0.0;0.0;0.0;0.0;0.0;0.0;0.0;0.0;0.0
Irauçuba;MISSI;-3.6230555555556;-39.821583333333;2009;9;0.0;0.0;0.0;0.0;0.0;0.0;0.0;0.0;0.0;0.0;0.0;0.0;0.0;0.0;0.0;0.0;0.0;0.0;0.0;0.0;0.0;0.0;0.0;0.0;0.0;0.0;0.0;0.0;0.0;0.0;0.0;888.0
Irauçuba;MISSI;-3.6230555555556;-39.821583333333;2009;10;0.0;0.0;0.0;0.0;0.0;0.0;0.0;0.0;0.0;0.0;0.0;0.0;0.0;0.0;0.0;0.0;0.0;0.0;0.0;0.0;0.0;0.0;0.0;0.0;0.0;0.0;0.0;0.0;0.0;0.0;0.0;0.0
Irauçuba;MISSI;-3.6230555555556;-39.821583333333;2009;11;0.0;0.0;0.0;0.0;0.0;0.0;0.0;0.0;0.0;0.0;0.0;0.0;0.0;0.0;0.0;0.0;0.0;0.0;0.0;0.0;0.0;0.0;0.0;0.0;0.0;0.0;0.0;0.0;0.0;0.0;0.0;888.0
Irauçuba;MISSI;-3.6230555555556;-39.821583333333;2009;12;4.0;0.0;0.0;0.0;0.0;0.0;0.0;0.0;0.0;0.0;0.0;0.0;0.0;0.0;0.0;0.0;0.0;0.0;0.0;0.0;0.0;0.0;0.0;0.0;0.0;0.0;0.0;0.0;0.0;0.0;0.0;4.0
Irauçuba;MISSI;-3.6230555555556;-39.821583333333;2010;1;68.0;0.0;27.0;27.0;0.0;0.0;0.0;0.0;0.0;0.0;0.0;0.0;0.0;0.0;0.0;0.0;0.0;0.0;0.0;0.0;0.0;0.0;0.0;0.0;0.0;0.0;0.0;0.0;14.0;0.0;0.0;0.0
Irauçuba;MISSI;-3.6230555555556;-39.821583333333;2010;2;0.0;0.0;0.0;0.0;0.0;0.0;0.0;0.0;0.0;0.0;0.0;0.0;0.0;0.0;0.0;0.0;0.0;0.0;0.0;0.0;0.0;0.0;0.0;0.0;0.0;0.0;0.0;0.0;0.0;888.0;888.0;888.0
Irauçuba;MISSI;-3.6230555555556;-39.821583333333;2010;3;47.0;0.0;0.0;0.0;0.0;0.0;0.0;0.0;0.0;0.0;0.0;0.0;0.0;0.0;0.0;0.0;0.0;0.0;0.0;19.0;0.0;0.0;0.0;0.0;13.0;0.0;0.0;4.0;0.0;0.0;11.0;0.0
Irauçuba;MISSI;-3.6230555555556;-39.821583333333;2010;4;79.0;0.0;8.0;0.0;6.0;4.0;0.0;0.0;0.0;0.0;0.0;10.0;31.0;0.0;0.0;0.0;0.0;0.0;0.0;0.0;0.0;0.0;20.0;0.0;0.0;0.0;0.0;0.0;0.0;0.0;0.0;888.0
Irauçuba;MISSI;-3.6230555555556;-39.821583333333;2010;5;46.0;33.0;0.0;0.0;0.0;0.0;0.0;0.0;0.0;0.0;0.0;0.0;0.0;13.0;0.0;0.0;0.0;0.0;0.0;0.0;0.0;0.0;0.0;0.0;0.0;0.0;0.0;0.0;0.0;0.0;0.0;0.0
Irauçuba;MISSI;-3.6230555555556;-39.821583333333;2010;6;0.0;0.0;0.0;0.0;0.0;0.0;0.0;0.0;0.0;0.0;0.0;0.0;0.0;0.0;0.0;0.0;0.0;0.0;0.0;0.0;0.0;0.0;0.0;0.0;0.0;0.0;0.0;0.0;0.0;0.0;0.0;888.0
Irauçuba;MISSI;-3.6230555555556;-39.821583333333;2010;7;0.0;0.0;0.0;0.0;0.0;0.0;0.0;0.0;0.0;0.0;0.0;0.0;0.0;0.0;0.0;0.0;0.0;0.0;0.0;0.0;0.0;0.0;0.0;0.0;0.0;0.0;0.0;0.0;0.0;0.0;0.0;0.0
Irauçuba;MISSI;-3.6230555555556;-39.821583333333;2010;8;0.0;0.0;0.0;0.0;0.0;0.0;0.0;0.0;0.0;0.0;0.0;0.0;0.0;0.0;0.0;0.0;0.0;0.0;0.0;0.0;0.0;0.0;0.0;0.0;0.0;0.0;0.0;0.0;0.0;0.0;0.0;0.0
Irauçuba;MISSI;-3.6230555555556;-39.821583333333;2010;9;0.0;0.0;0.0;0.0;0.0;0.0;0.0;0.0;0.0;0.0;0.0;0.0;0.0;0.0;0.0;0.0;0.0;0.0;0.0;0.0;0.0;0.0;0.0;0.0;0.0;0.0;0.0;0.0;0.0;0.0;0.0;888.0
Irauçuba;MISSI;-3.6230555555556;-39.821583333333;2010;10;0.0;0.0;0.0;0.0;0.0;0.0;0.0;0.0;0.0;0.0;0.0;0.0;0.0;0.0;0.0;0.0;0.0;0.0;0.0;0.0;0.0;0.0;0.0;0.0;0.0;0.0;0.0;0.0;0.0;0.0;0.0;0.0
Irauçuba;MISSI;-3.6230555555556;-39.821583333333;2010;11;0.0;0.0;0.0;0.0;0.0;0.0;0.0;0.0;0.0;0.0;0.0;0.0;0.0;0.0;0.0;0.0;0.0;0.0;0.0;0.0;0.0;0.0;0.0;0.0;0.0;0.0;0.0;0.0;0.0;0.0;0.0;888.0
Irauçuba;MISSI;-3.6230555555556;-39.821583333333;2010;12;70.0;0.0;0.0;0.0;0.0;0.0;0.0;0.0;0.0;0.0;0.0;0.0;0.0;70.0;0.0;0.0;0.0;0.0;0.0;0.0;0.0;0.0;0.0;0.0;0.0;0.0;0.0;0.0;0.0;0.0;0.0;0.0
Irauçuba;MISSI;-3.6230555555556;-39.821583333333;2011;1;251.0;0.0;0.0;0.0;0.0;0.0;0.0;0.0;13.0;14.0;54.0;0.0;0.0;0.0;0.0;0.0;0.0;10.0;0.0;63.0;0.0;10.0;6.0;0.0;0.0;41.0;1.0;5.0;10.0;4.0;20.0;0.0
Irauçuba;MISSI;-3.6230555555556;-39.821583333333;2011;2;158.0;2.0;0.0;21.0;0.0;10.0;0.0;4.0;0.0;0.0;0.0;0.0;4.0;6.0;0.0;0.0;0.0;22.0;20.0;4.0;0.0;6.0;0.0;0.0;4.0;47.0;8.0;0.0;0.0;888.0;888.0;888.0
Irauçuba;MISSI;-3.6230555555556;-39.821583333333;2011;3;238.0;47.0;20.0;10.0;4.0;21.0;6.0;0.0;11.0;8.0;6.0;3.0;4.0;11.0;20.0;13.0;9.0;4.0;2.0;4.0;9.0;1.0;4.0;5.0;6.0;2.0;8.0;0.0;0.0;0.0;0.0;0.0
Irauçuba;MISSI;-3.6230555555556;-39.821583333333;2011;4;278.0;0.0;1.0;12.0;3.0;7.0;6.0;0.0;13.0;1.0;0.0;31.0;17.0;0.0;14.0;16.0;0.0;21.0;0.0;3.0;2.0;4.0;15.0;21.0;32.0;20.0;0.0;21.0;15.0;3.0;0.0;888.0
Irauçuba;MISSI;-3.6230555555556;-39.821583333333;2011;5;105.0;22.0;45.0;17.0;8.0;7.0;6.0;0.0;0.0;0.0;0.0;0.0;0.0;0.0;0.0;0.0;0.0;0.0;0.0;0.0;0.0;0.0;0.0;0.0;0.0;0.0;0.0;0.0;0.0;0.0;0.0;0.0
Irauçuba;MISSI;-3.6230555555556;-39.821583333333;2011;6;0.0;0.0;0.0;0.0;0.0;0.0;0.0;0.0;0.0;0.0;0.0;0.0;0.0;0.0;0.0;0.0;0.0;0.0;0.0;0.0;0.0;0.0;0.0;0.0;0.0;0.0;0.0;0.0;0.0;0.0;0.0;888.0
Irauçuba;MISSI;-3.6230555555556;-39.821583333333;2011;7;0.0;0.0;0.0;0.0;0.0;0.0;0.0;0.0;0.0;0.0;0.0;0.0;0.0;0.0;0.0;0.0;0.0;0.0;0.0;0.0;0.0;0.0;0.0;0.0;0.0;0.0;0.0;0.0;0.0;0.0;0.0;0.0
Irauçuba;MISSI;-3.6230555555556;-39.821583333333;2011;8;0.0;0.0;0.0;0.0;0.0;0.0;0.0;0.0;0.0;0.0;0.0;0.0;0.0;0.0;0.0;0.0;0.0;0.0;0.0;0.0;0.0;0.0;0.0;0.0;0.0;0.0;0.0;0.0;0.0;0.0;0.0;0.0
Irauçuba;MISSI;-3.6230555555556;-39.821583333333;2011;9;0.0;0.0;0.0;0.0;0.0;0.0;0.0;0.0;0.0;0.0;0.0;0.0;0.0;0.0;0.0;0.0;0.0;0.0;0.0;0.0;0.0;0.0;0.0;0.0;0.0;0.0;0.0;0.0;0.0;0.0;0.0;888.0
Irauçuba;MISSI;-3.6230555555556;-39.821583333333;2011;10;0.0;0.0;0.0;0.0;0.0;0.0;0.0;0.0;0.0;0.0;0.0;0.0;0.0;0.0;0.0;0.0;0.0;0.0;0.0;0.0;0.0;0.0;0.0;0.0;0.0;0.0;0.0;0.0;0.0;0.0;0.0;0.0
Irauçuba;MISSI;-3.6230555555556;-39.821583333333;2011;11;0.0;0.0;0.0;0.0;0.0;0.0;0.0;0.0;0.0;0.0;0.0;0.0;0.0;0.0;0.0;0.0;0.0;0.0;0.0;0.0;0.0;0.0;0.0;0.0;0.0;0.0;0.0;0.0;0.0;0.0;0.0;888.0
Irauçuba;MISSI;-3.6230555555556;-39.821583333333;2011;12;0.0;0.0;0.0;0.0;0.0;0.0;0.0;0.0;0.0;0.0;0.0;0.0;0.0;0.0;0.0;0.0;0.0;0.0;0.0;0.0;0.0;0.0;0.0;0.0;0.0;0.0;0.0;0.0;0.0;0.0;0.0;0.0
Irauçuba;MISSI;-3.6230555555556;-39.821583333333;2012;1;49.0;0.0;0.0;0.0;0.0;0.0;0.0;0.0;0.0;0.0;0.0;0.0;0.0;0.0;0.0;0.0;0.0;0.0;10.0;0.0;0.0;15.0;0.0;0.0;24.0;0.0;0.0;0.0;0.0;0.0;0.0;0.0
Irauçuba;MISSI;-3.6230555555556;-39.821583333333;2012;2;47.0;0.0;0.0;0.0;0.0;0.0;0.0;0.0;0.0;0.0;0.0;0.0;0.0;0.0;0.0;4.0;0.0;7.0;0.0;0.0;0.0;0.0;0.0;0.0;24.0;0.0;0.0;12.0;0.0;0.0;888.0;888.0
Irauçuba;MISSI;-3.6230555555556;-39.821583333333;2012;3;49.0;0.0;0.0;0.0;0.0;5.0;0.0;0.0;0.0;0.0;0.0;4.0;4.0;20.0;0.0;0.0;0.0;0.0;0.0;11.0;0.0;0.0;0.0;0.0;0.0;0.0;0.0;0.0;5.0;0.0;0.0;0.0
Irauçuba;MISSI;-3.6230555555556;-39.821583333333;2012;4;8.0;0.0;8.0;0.0;999.0;999.0;999.0;999.0;999.0;999.0;999.0;999.0;999.0;999.0;999.0;999.0;999.0;999.0;999.0;999.0;999.0;999.0;999.0;999.0;999.0;999.0;999.0;999.0;999.0;999.0;999.0;888.0
Irauçuba;MISSI;-3.6230555555556;-39.821583333333;2013;1;56.0;0.0;0.0;0.0;0.0;0.0;41.0;0.0;0.0;0.0;0.0;0.0;0.0;0.0;0.0;0.0;0.0;0.0;0.0;12.0;0.0;0.0;0.0;0.0;0.0;0.0;0.0;0.0;0.0;3.0;0.0;0.0
Irauçuba;MISSI;-3.6230555555556;-39.821583333333;2013;2;17.0;0.0;0.0;0.0;0.0;0.0;0.0;0.0;0.0;0.0;0.0;0.0;0.0;0.0;0.0;5.0;0.0;0.0;7.0;5.0;0.0;0.0;0.0;0.0;0.0;0.0;0.0;0.0;0.0;888.0;888.0;888.0
Irauçuba;MISSI;-3.6230555555556;-39.821583333333;2013;3;100.0;0.0;0.0;0.0;0.0;0.0;0.0;0.0;0.0;0.0;0.0;0.0;0.0;0.0;0.0;0.0;0.0;0.0;0.0;0.0;0.0;0.0;0.0;32.0;31.0;17.0;20.0;0.0;0.0;0.0;0.0;0.0
Irauçuba;MISSI;-3.6230555555556;-39.821583333333;2013;4;184.0;23.0;11.0;23.0;16.0;26.0;7.0;0.0;0.0;0.0;0.0;0.0;0.0;0.0;0.0;0.0;0.0;14.0;4.0;0.0;49.0;0.0;0.0;11.0;0.0;0.0;0.0;0.0;0.0;0.0;0.0;888.0
Irauçuba;MISSI;-3.6230555555556;-39.821583333333;2013;5;133.0;0.0;0.0;0.0;0.0;0.0;0.0;0.0;0.0;0.0;0.0;0.0;0.0;0.0;0.0;0.0;0.0;0.0;0.0;59.0;38.0;16.0;16.0;0.0;4.0;0.0;0.0;0.0;0.0;0.0;0.0;0.0
Irauçuba;MISSI;-3.6230555555556;-39.821583333333;2013;6;42.0;0.0;0.0;0.0;0.0;0.0;0.0;0.0;0.0;0.0;0.0;0.0;0.0;0.0;0.0;0.0;0.0;0.0;0.0;0.0;0.0;0.0;20.0;0.0;3.0;0.0;0.0;6.0;0.0;0.0;13.0;888.0
Irauçuba;MISSI;-3.6230555555556;-39.821583333333;2013;7;0.0;0.0;0.0;0.0;0.0;0.0;0.0;0.0;0.0;0.0;0.0;0.0;0.0;0.0;0.0;0.0;0.0;0.0;0.0;0.0;0.0;0.0;0.0;0.0;0.0;0.0;0.0;0.0;0.0;0.0;0.0;0.0
Irauçuba;MISSI;-3.6230555555556;-39.821583333333;2013;8;0.0;0.0;0.0;0.0;0.0;0.0;0.0;0.0;0.0;0.0;0.0;0.0;0.0;0.0;0.0;999.0;0.0;0.0;0.0;0.0;0.0;0.0;0.0;0.0;0.0;0.0;0.0;0.0;0.0;0.0;0.0;0.0
Irauçuba;MISSI;-3.6230555555556;-39.821583333333;2013;9;0.0;0.0;0.0;0.0;0.0;0.0;0.0;0.0;0.0;0.0;0.0;0.0;0.0;0.0;0.0;0.0;0.0;0.0;0.0;0.0;0.0;0.0;0.0;0.0;0.0;0.0;0.0;0.0;0.0;0.0;0.0;0.0
Irauçuba;MISSI;-3.6230555555556;-39.821583333333;2013;12;0.0;0.0;0.0;0.0;0.0;0.0;0.0;0.0;0.0;0.0;0.0;0.0;0.0;0.0;0.0;0.0;0.0;0.0;0.0;0.0;0.0;0.0;0.0;0.0;0.0;0.0;0.0;0.0;0.0;0.0;0.0;0.0
Irauçuba;MISSI;-3.6230555555556;-39.821583333333;2014;1;41.0;0.0;0.0;13.0;0.0;0.0;0.0;16.0;0.0;0.0;0.0;0.0;12.0;0.0;0.0;0.0;0.0;0.0;0.0;0.0;0.0;0.0;0.0;0.0;0.0;0.0;0.0;0.0;0.0;0.0;0.0;0.0
Irauçuba;MISSI;-3.6230555555556;-39.821583333333;2014;2;39.0;0.0;0.0;0.0;0.0;0.0;0.0;0.0;0.0;0.0;0.0;0.0;0.0;0.0;0.0;0.0;16.0;16.0;0.0;7.0;0.0;0.0;0.0;0.0;0.0;0.0;0.0;0.0;0.0;888.0;888.0;888.0
Irauçuba;MISSI;-3.6230555555556;-39.821583333333;2014;3;41.0;0.0;0.0;13.0;0.0;0.0;0.0;16.0;0.0;0.0;0.0;0.0;12.0;0.0;0.0;0.0;0.0;0.0;0.0;0.0;0.0;0.0;0.0;0.0;0.0;0.0;0.0;0.0;0.0;0.0;0.0;0.0
Irauçuba;MISSI;-3.6230555555556;-39.821583333333;2014;4;88.0;3.0;8.0;0.0;0.0;67.0;0.0;0.0;8.0;0.0;0.0;2.0;0.0;0.0;0.0;0.0;0.0;0.0;0.0;0.0;0.0;0.0;0.0;0.0;0.0;0.0;0.0;0.0;0.0;0.0;0.0;888.0
Irauçuba;MISSI;-3.6230555555556;-39.821583333333;2014;5;138.0;26.0;0.0;0.0;0.0;3.0;0.0;0.0;0.0;0.0;0.0;0.0;39.0;0.0;0.0;0.0;0.0;0.0;0.0;0.0;0.0;0.0;70.0;999.0;999.0;999.0;999.0;999.0;999.0;999.0;999.0;999.0
Irauçuba;MISSI;-3.6230555555556;-39.821583333333;2018;1;28.0;0.0;0.0;0.0;0.0;0.0;0.0;0.0;0.0;0.0;0.0;0.0;0.0;0.0;0.0;0.0;0.0;0.0;0.0;0.0;0.0;0.0;0.0;8.0;0.0;12.0;0.0;0.0;8.0;0.0;0.0;0.0
Irauçuba;MISSI;-3.6230555555556;-39.821583333333;2018;2;306.0;0.0;7.0;5.0;107.0;0.0;9.0;10.0;0.0;0.0;0.0;0.0;42.0;12.0;36.0;12.0;0.0;0.0;26.0;5.0;12.0;2.0;7.0;3.0;0.0;11.0;0.0;0.0;0.0;888.0;888.0;888.0
Irauçuba;MISSI;-3.6230555555556;-39.821583333333;2018;3;196.0;0.0;46.0;0.0;0.0;8.0;0.0;13.0;0.0;53.0;0.0;0.0;0.0;0.0;0.0;0.0;0.0;0.0;0.0;0.0;0.0;0.0;0.0;0.0;0.0;0.0;25.0;0.0;0.0;36.0;15.0;0.0
Irauçuba;MISSI;-3.6230555555556;-39.821583333333;2018;4;247.0;12.0;0.0;0.0;29.0;0.0;29.0;20.0;24.0;0.0;90.0;10.0;0.0;0.0;17.0;0.0;16.0;0.0;0.0;0.0;0.0;0.0;0.0;0.0;0.0;0.0;0.0;0.0;0.0;0.0;0.0;888.0
Irauçuba;MISSI;-3.6230555555556;-39.821583333333;2018;5;81.0;0.0;0.0;0.0;0.0;0.0;0.0;0.0;35.0;0.0;21.0;0.0;0.0;0.0;0.0;0.0;0.0;0.0;0.0;25.0;0.0;0.0;0.0;0.0;0.0;0.0;0.0;0.0;0.0;0.0;0.0;0.0
Irauçuba;MISSI;-3.6230555555556;-39.821583333333;2018;6;0.0;0.0;0.0;0.0;0.0;0.0;0.0;0.0;0.0;0.0;0.0;0.0;0.0;0.0;0.0;0.0;0.0;0.0;0.0;0.0;0.0;0.0;0.0;0.0;0.0;0.0;0.0;0.0;0.0;0.0;0.0;888.0
Irauçuba;MISSI;-3.6230555555556;-39.821583333333;2018;7;5.0;0.0;0.0;0.0;0.0;0.0;0.0;0.0;5.0;0.0;0.0;0.0;0.0;0.0;0.0;0.0;0.0;0.0;0.0;0.0;0.0;0.0;0.0;0.0;0.0;0.0;0.0;0.0;0.0;0.0;0.0;0.0
Irauçuba;MISSI;-3.6230555555556;-39.821583333333;2018;8;0.0;0.0;0.0;0.0;0.0;0.0;0.0;0.0;0.0;0.0;0.0;0.0;0.0;0.0;0.0;0.0;0.0;0.0;0.0;0.0;0.0;0.0;0.0;0.0;0.0;0.0;0.0;0.0;0.0;0.0;0.0;0.0
Irauçuba;MISSI;-3.6230555555556;-39.821583333333;2018;9;0.0;0.0;0.0;0.0;0.0;0.0;0.0;0.0;0.0;0.0;0.0;0.0;0.0;0.0;0.0;0.0;0.0;0.0;0.0;0.0;0.0;0.0;0.0;0.0;0.0;0.0;0.0;0.0;0.0;0.0;0.0;888.0
Irauçuba;MISSI;-3.6230555555556;-39.821583333333;2018;10;0.0;0.0;0.0;999.0;999.0;999.0;999.0;999.0;999.0;999.0;999.0;999.0;999.0;999.0;999.0;999.0;999.0;999.0;999.0;999.0;999.0;999.0;999.0;999.0;999.0;999.0;999.0;999.0;999.0;999.0;999.0;999.0
