Municipios;Postos;Latitude;Longitude;Anos;Meses;Total;Dia1;Dia2;Dia3;Dia4;Dia5;Dia6;Dia7;Dia8;Dia9;Dia10;Dia11;Dia12;Dia13;Dia14;Dia15;Dia16;Dia17;Dia18;Dia19;Dia20;Dia21;Dia22;Dia23;Dia24;Dia25;Dia26;Dia27;Dia28;Dia29;Dia30;Dia31
Lavras da Mangabeira;AMANIUTUBA;-6.6761388888889;-38.88625;1988;2;216.0;0.0;0.0;0.0;86.0;999.0;0.0;0.0;0.0;0.0;0.0;0.0;0.0;0.0;5.0;32.0;0.0;75.0;999.0;999.0;0.0;0.0;0.0;0.0;999.0;18.0;999.0;0.0;0.0;0.0;888.0;888.0
Lavras da Mangabeira;AMANIUTUBA;-6.6761388888889;-38.88625;1988;3;353.0;0.0;0.0;999.0;0.0;0.0;0.0;0.0;0.0;0.0;90.0;999.0;0.0;0.0;120.0;9.0;4.0;0.0;0.0;27.0;0.0;0.0;13.0;33.0;35.0;22.0;0.0;0.0;0.0;0.0;0.0;0.0
Lavras da Mangabeira;AMANIUTUBA;-6.6761388888889;-38.88625;1988;4;153.5;34.0;0.0;0.0;0.0;8.0;0.0;0.0;0.0;4.0;0.0;0.0;0.0;0.0;0.0;999.0;0.0;0.0;22.5;0.0;0.0;17.0;999.0;40.0;0.0;0.0;18.0;0.0;0.0;0.0;10.0;888.0
Lavras da Mangabeira;AMANIUTUBA;-6.6761388888889;-38.88625;1988;5;77.0;7.0;12.0;0.0;0.0;13.0;0.0;0.0;0.0;0.0;0.0;0.0;0.0;0.0;0.0;0.0;0.0;0.0;0.0;0.0;45.0;0.0;0.0;0.0;0.0;0.0;0.0;0.0;0.0;0.0;0.0;0.0
Lavras da Mangabeira;AMANIUTUBA;-6.6761388888889;-38.88625;1988;6;0.0;0.0;0.0;0.0;0.0;0.0;0.0;0.0;0.0;0.0;999.0;999.0;999.0;999.0;999.0;999.0;999.0;999.0;999.0;999.0;999.0;999.0;999.0;999.0;999.0;999.0;999.0;999.0;999.0;999.0;999.0;888.0
Lavras da Mangabeira;AMANIUTUBA;-6.6761388888889;-38.88625;1988;10;0.0;999.0;999.0;0.0;0.0;0.0;0.0;0.0;0.0;0.0;0.0;0.0;0.0;0.0;0.0;0.0;0.0;0.0;0.0;0.0;0.0;0.0;0.0;0.0;0.0;0.0;0.0;0.0;0.0;0.0;0.0;0.0
Lavras da Mangabeira;AMANIUTUBA;-6.6761388888889;-38.88625;1988;12;0.0;999.0;999.0;999.0;999.0;999.0;999.0;999.0;999.0;999.0;999.0;999.0;999.0;999.0;999.0;999.0;999.0;999.0;999.0;999.0;0.0;999.0;999.0;999.0;999.0;999.0;0.0;999.0;999.0;999.0;999.0;999.0
Lavras da Mangabeira;AMANIUTUBA;-6.6761388888889;-38.88625;1990;2;38.0;999.0;999.0;999.0;999.0;999.0;999.0;999.0;999.0;999.0;999.0;999.0;999.0;999.0;999.0;999.0;999.0;30.0;999.0;8.0;999.0;999.0;999.0;999.0;999.0;999.0;999.0;999.0;999.0;888.0;888.0;888.0
Lavras da Mangabeira;AMANIUTUBA;-6.6761388888889;-38.88625;1990;3;51.0;17.0;999.0;14.0;999.0;7.0;999.0;999.0;999.0;999.0;999.0;999.0;999.0;999.0;999.0;999.0;999.0;999.0;999.0;999.0;999.0;999.0;999.0;999.0;999.0;999.0;999.0;13.0;999.0;999.0;999.0;999.0
Lavras da Mangabeira;AMANIUTUBA;-6.6761388888889;-38.88625;1990;4;188.0;999.0;999.0;999.0;20.0;19.0;999.0;30.0;7.0;89.0;999.0;999.0;999.0;999.0;999.0;999.0;999.0;999.0;999.0;999.0;999.0;0.0;999.0;0.0;999.0;999.0;999.0;3.0;20.0;999.0;999.0;888.0
Lavras da Mangabeira;AMANIUTUBA;-6.6761388888889;-38.88625;1990;5;20.0;999.0;20.0;999.0;999.0;999.0;999.0;999.0;999.0;999.0;999.0;999.0;999.0;999.0;999.0;999.0;999.0;999.0;999.0;999.0;999.0;999.0;999.0;999.0;999.0;999.0;999.0;999.0;999.0;999.0;999.0;999.0
Lavras da Mangabeira;AMANIUTUBA;-6.6761388888889;-38.88625;1991;1;194.0;999.0;999.0;999.0;999.0;999.0;999.0;999.0;999.0;999.0;999.0;999.0;999.0;999.0;999.0;999.0;999.0;999.0;999.0;16.0;10.0;48.0;999.0;999.0;120.0;999.0;999.0;999.0;999.0;999.0;999.0;999.0
Lavras da Mangabeira;AMANIUTUBA;-6.6761388888889;-38.88625;1991;2;65.0;999.0;999.0;999.0;999.0;20.0;999.0;999.0;10.0;999.0;999.0;999.0;999.0;999.0;999.0;999.0;35.0;999.0;999.0;999.0;999.0;999.0;999.0;999.0;999.0;999.0;999.0;999.0;999.0;888.0;888.0;888.0
Lavras da Mangabeira;AMANIUTUBA;-6.6761388888889;-38.88625;1991;3;83.0;999.0;999.0;999.0;18.0;999.0;999.0;999.0;999.0;10.0;3.0;999.0;999.0;999.0;999.0;999.0;5.0;999.0;999.0;999.0;999.0;999.0;999.0;999.0;999.0;7.0;999.0;999.0;999.0;20.0;20.0;0.0
Lavras da Mangabeira;AMANIUTUBA;-6.6761388888889;-38.88625;1991;4;10.0;999.0;999.0;999.0;999.0;999.0;999.0;999.0;999.0;999.0;999.0;999.0;999.0;999.0;999.0;999.0;999.0;999.0;999.0;999.0;999.0;999.0;999.0;999.0;999.0;10.0;999.0;999.0;999.0;999.0;999.0;888.0
Lavras da Mangabeira;AMANIUTUBA;-6.6761388888889;-38.88625;1991;5;133.0;60.0;30.0;999.0;999.0;10.0;999.0;999.0;999.0;999.0;999.0;0.0;999.0;999.0;999.0;14.0;999.0;999.0;999.0;10.0;999.0;999.0;999.0;999.0;999.0;9.0;999.0;999.0;999.0;999.0;999.0;999.0
Lavras da Mangabeira;AMANIUTUBA;-6.6761388888889;-38.88625;2000;7;3.7;0.0;0.0;0.0;0.0;0.0;0.0;0.0;0.0;0.0;0.0;2.7;1.0;0.0;0.0;0.0;0.0;0.0;0.0;0.0;0.0;0.0;0.0;0.0;0.0;0.0;0.0;0.0;0.0;0.0;0.0;0.0
Lavras da Mangabeira;AMANIUTUBA;-6.6761388888889;-38.88625;2000;8;0.0;0.0;0.0;0.0;0.0;0.0;0.0;0.0;0.0;0.0;0.0;0.0;0.0;0.0;0.0;0.0;0.0;0.0;0.0;0.0;0.0;0.0;0.0;0.0;0.0;0.0;0.0;0.0;0.0;0.0;0.0;0.0
Lavras da Mangabeira;AMANIUTUBA;-6.6761388888889;-38.88625;2000;9;15.0;0.0;0.0;0.0;0.0;0.0;0.0;0.0;0.0;0.0;0.0;0.0;0.0;0.0;0.0;0.0;15.0;0.0;0.0;0.0;0.0;0.0;0.0;0.0;0.0;0.0;0.0;0.0;0.0;0.0;0.0;888.0
Lavras da Mangabeira;AMANIUTUBA;-6.6761388888889;-38.88625;2000;10;0.0;0.0;0.0;0.0;0.0;0.0;0.0;0.0;0.0;0.0;0.0;0.0;0.0;0.0;0.0;0.0;0.0;0.0;0.0;0.0;0.0;0.0;0.0;0.0;0.0;0.0;0.0;0.0;0.0;0.0;0.0;0.0
Lavras da Mangabeira;AMANIUTUBA;-6.6761388888889;-38.88625;2000;11;0.0;0.0;0.0;0.0;0.0;0.0;0.0;0.0;0.0;0.0;0.0;0.0;0.0;0.0;0.0;0.0;0.0;0.0;0.0;0.0;0.0;0.0;0.0;0.0;0.0;0.0;0.0;0.0;0.0;0.0;0.0;888.0
Lavras da Mangabeira;AMANIUTUBA;-6.6761388888889;-38.88625;2000;12;120.5;0.0;0.0;0.0;0.0;0.0;0.0;0.0;0.0;0.0;0.0;0.0;0.0;0.0;68.0;44.0;8.5;0.0;0.0;0.0;0.0;0.0;0.0;0.0;0.0;0.0;0.0;0.0;0.0;0.0;0.0;0.0
Lavras da Mangabeira;AMANIUTUBA;-6.6761388888889;-38.88625;2001;1;26.0;0.0;0.0;0.0;0.0;0.0;0.0;0.0;0.0;0.0;0.0;0.0;0.0;0.0;0.0;0.0;0.0;0.0;0.0;0.0;0.0;0.0;0.0;0.0;0.0;0.0;0.0;0.0;0.0;0.0;0.0;26.0
Lavras da Mangabeira;AMANIUTUBA;-6.6761388888889;-38.88625;2001;2;54.2;0.0;0.0;0.0;0.0;17.2;0.0;0.0;0.0;0.0;0.0;0.0;0.0;0.0;0.0;0.0;0.0;0.0;0.0;4.0;0.0;0.0;0.0;0.0;0.0;0.0;0.0;0.0;33.0;888.0;888.0;888.0
Lavras da Mangabeira;AMANIUTUBA;-6.6761388888889;-38.88625;2001;3;267.0;78.0;0.0;0.0;0.0;0.0;0.0;0.0;0.0;22.0;0.0;0.0;18.0;7.0;0.0;38.0;0.0;0.0;0.0;16.0;0.0;0.0;58.0;0.0;0.0;30.0;0.0;0.0;0.0;0.0;0.0;0.0
Lavras da Mangabeira;AMANIUTUBA;-6.6761388888889;-38.88625;2001;4;17.0;0.0;0.0;0.0;0.0;0.0;0.0;0.0;0.0;0.0;0.0;0.0;0.0;0.0;10.0;0.0;0.0;0.0;0.0;3.0;0.0;0.0;0.0;0.0;0.0;0.0;0.0;0.0;0.0;0.0;4.0;888.0
Lavras da Mangabeira;AMANIUTUBA;-6.6761388888889;-38.88625;2001;5;7.0;2.0;0.0;0.0;0.0;0.0;0.0;0.0;0.0;0.0;0.0;0.0;0.0;0.0;0.0;0.0;0.0;0.0;0.0;0.0;0.0;0.0;0.0;0.0;2.0;0.0;0.0;0.0;0.0;0.0;0.0;3.0
Lavras da Mangabeira;AMANIUTUBA;-6.6761388888889;-38.88625;2001;6;31.0;10.0;0.0;0.0;3.0;0.0;0.0;0.0;0.0;0.0;0.0;7.0;6.0;0.0;0.0;0.0;0.0;0.0;0.0;0.0;0.0;0.0;0.0;0.0;0.0;0.0;0.0;0.0;5.0;0.0;0.0;888.0
Lavras da Mangabeira;AMANIUTUBA;-6.6761388888889;-38.88625;2001;7;0.0;0.0;0.0;0.0;0.0;0.0;0.0;0.0;0.0;0.0;0.0;0.0;0.0;0.0;0.0;0.0;0.0;0.0;0.0;0.0;0.0;0.0;0.0;0.0;0.0;0.0;0.0;0.0;0.0;0.0;0.0;0.0
Lavras da Mangabeira;AMANIUTUBA;-6.6761388888889;-38.88625;2001;8;0.0;0.0;0.0;0.0;0.0;0.0;0.0;0.0;0.0;0.0;0.0;0.0;0.0;0.0;0.0;0.0;0.0;0.0;0.0;0.0;0.0;0.0;0.0;0.0;0.0;0.0;0.0;0.0;0.0;0.0;0.0;0.0
Lavras da Mangabeira;AMANIUTUBA;-6.6761388888889;-38.88625;2001;9;0.0;0.0;0.0;0.0;0.0;0.0;0.0;0.0;0.0;0.0;0.0;0.0;0.0;0.0;0.0;0.0;0.0;0.0;0.0;0.0;0.0;0.0;0.0;0.0;0.0;0.0;0.0;0.0;0.0;0.0;0.0;888.0
Lavras da Mangabeira;AMANIUTUBA;-6.6761388888889;-38.88625;2001;10;8.0;0.0;0.0;0.0;0.0;0.0;0.0;0.0;0.0;0.0;0.0;0.0;0.0;3.0;5.0;0.0;0.0;0.0;0.0;0.0;0.0;0.0;0.0;0.0;0.0;0.0;0.0;0.0;0.0;0.0;0.0;0.0
Lavras da Mangabeira;AMANIUTUBA;-6.6761388888889;-38.88625;2001;11;0.0;0.0;0.0;0.0;0.0;0.0;0.0;0.0;0.0;0.0;0.0;0.0;0.0;0.0;0.0;0.0;0.0;0.0;0.0;0.0;0.0;0.0;0.0;0.0;0.0;0.0;0.0;0.0;0.0;0.0;0.0;888.0
Lavras da Mangabeira;AMANIUTUBA;-6.6761388888889;-38.88625;2001;12;42.2;0.0;0.0;0.0;0.0;0.0;0.0;0.0;0.0;15.2;0.0;2.0;0.0;0.0;0.0;0.0;0.0;0.0;0.0;0.0;0.0;0.0;0.0;0.0;0.0;0.0;0.0;0.0;0.0;14.0;5.0;6.0
Lavras da Mangabeira;AMANIUTUBA;-6.6761388888889;-38.88625;2002;1;337.0;46.2;25.0;0.0;0.0;0.0;54.6;18.0;0.0;0.0;18.0;0.0;0.0;14.0;33.3;0.0;0.0;28.0;38.3;0.0;11.0;0.0;22.0;0.0;0.0;4.3;0.0;0.0;24.3;0.0;0.0;0.0
Lavras da Mangabeira;AMANIUTUBA;-6.6761388888889;-38.88625;2002;2;144.4;0.0;0.0;0.0;7.0;0.0;29.0;4.0;0.0;0.0;5.2;0.0;11.0;67.2;0.0;21.0;0.0;0.0;0.0;0.0;0.0;0.0;0.0;0.0;0.0;0.0;0.0;0.0;0.0;888.0;888.0;888.0
Lavras da Mangabeira;AMANIUTUBA;-6.6761388888889;-38.88625;2002;3;207.3;0.0;0.0;0.0;4.0;12.0;11.2;0.0;21.2;6.2;0.0;0.0;0.0;0.0;0.0;0.0;0.0;0.0;21.3;52.0;61.0;0.0;0.0;0.0;14.2;0.0;0.0;0.0;0.0;4.2;0.0;0.0
Lavras da Mangabeira;AMANIUTUBA;-6.6761388888889;-38.88625;2002;4;193.3;10.0;0.0;0.0;30.0;60.0;2.0;2.0;5.0;0.0;0.0;0.0;73.0;0.0;0.0;0.0;11.3;0.0;0.0;0.0;0.0;0.0;0.0;0.0;0.0;0.0;0.0;0.0;0.0;0.0;0.0;888.0
Lavras da Mangabeira;AMANIUTUBA;-6.6761388888889;-38.88625;2002;5;86.0;21.0;0.0;7.0;0.0;0.0;27.0;0.0;0.0;0.0;0.0;0.0;0.0;0.0;0.0;0.0;0.0;3.0;0.0;0.0;0.0;0.0;0.0;0.0;28.0;0.0;0.0;0.0;0.0;0.0;0.0;0.0
Lavras da Mangabeira;AMANIUTUBA;-6.6761388888889;-38.88625;2002;6;34.0;32.0;0.0;0.0;0.0;0.0;0.0;0.0;0.0;0.0;0.0;0.0;0.0;0.0;0.0;0.0;0.0;0.0;0.0;0.0;0.0;0.0;0.0;0.0;0.0;0.0;0.0;0.0;0.0;0.0;2.0;888.0
Lavras da Mangabeira;AMANIUTUBA;-6.6761388888889;-38.88625;2002;7;25.0;0.0;0.0;0.0;0.0;0.0;0.0;0.0;0.0;0.0;0.0;4.0;4.0;0.0;0.0;0.0;0.0;0.0;0.0;0.0;0.0;0.0;0.0;0.0;0.0;17.0;0.0;0.0;0.0;0.0;0.0;0.0
Lavras da Mangabeira;AMANIUTUBA;-6.6761388888889;-38.88625;2002;8;0.0;0.0;0.0;0.0;0.0;0.0;0.0;0.0;0.0;0.0;0.0;0.0;0.0;0.0;0.0;0.0;0.0;0.0;0.0;0.0;0.0;0.0;0.0;0.0;0.0;0.0;0.0;0.0;0.0;0.0;0.0;0.0
Lavras da Mangabeira;AMANIUTUBA;-6.6761388888889;-38.88625;2002;9;0.0;0.0;0.0;0.0;0.0;0.0;0.0;0.0;0.0;0.0;0.0;0.0;0.0;0.0;0.0;0.0;0.0;0.0;0.0;0.0;0.0;0.0;0.0;0.0;0.0;0.0;0.0;0.0;0.0;0.0;0.0;888.0
Lavras da Mangabeira;AMANIUTUBA;-6.6761388888889;-38.88625;2002;10;0.0;0.0;0.0;0.0;0.0;0.0;0.0;0.0;0.0;0.0;0.0;0.0;0.0;0.0;0.0;0.0;0.0;0.0;0.0;0.0;0.0;0.0;0.0;0.0;0.0;0.0;0.0;0.0;0.0;0.0;0.0;0.0
Lavras da Mangabeira;AMANIUTUBA;-6.6761388888889;-38.88625;2002;11;0.0;0.0;0.0;0.0;0.0;0.0;0.0;0.0;0.0;0.0;0.0;0.0;0.0;0.0;0.0;0.0;0.0;0.0;0.0;0.0;0.0;0.0;0.0;0.0;0.0;0.0;0.0;0.0;0.0;0.0;0.0;888.0
Lavras da Mangabeira;AMANIUTUBA;-6.6761388888889;-38.88625;2002;12;6.0;0.0;0.0;0.0;0.0;0.0;0.0;0.0;0.0;0.0;6.0;0.0;0.0;0.0;0.0;0.0;0.0;0.0;0.0;0.0;0.0;0.0;0.0;0.0;0.0;0.0;0.0;0.0;0.0;0.0;0.0;0.0
Lavras da Mangabeira;AMANIUTUBA;-6.6761388888889;-38.88625;2003;1;141.7;0.0;0.0;0.0;0.0;0.0;0.0;0.0;0.0;0.0;0.0;0.0;0.0;0.0;0.0;0.0;0.0;0.0;0.0;10.0;48.2;0.0;0.0;12.3;0.0;10.0;0.0;0.0;13.2;0.0;7.0;41.0
Lavras da Mangabeira;AMANIUTUBA;-6.6761388888889;-38.88625;2003;2;151.6;0.0;1.0;0.0;0.0;0.0;0.0;7.0;0.0;0.0;0.0;11.6;2.0;0.0;0.0;0.0;17.0;0.0;0.0;0.0;5.0;0.0;1.0;13.0;72.0;10.0;2.0;10.0;999.0;888.0;888.0;888.0
Lavras da Mangabeira;AMANIUTUBA;-6.6761388888889;-38.88625;2003;3;192.6;0.0;0.0;7.0;0.0;1.0;30.2;1.0;0.0;0.0;0.0;0.0;0.0;0.0;0.0;4.0;0.0;9.0;0.0;25.2;0.0;0.0;0.0;12.0;26.0;0.0;8.2;0.0;0.0;0.0;22.0;47.0
Lavras da Mangabeira;AMANIUTUBA;-6.6761388888889;-38.88625;2003;4;107.5;0.0;0.0;0.0;0.0;0.0;0.0;0.0;2.0;5.0;27.0;6.0;0.0;4.5;0.0;4.0;0.0;0.0;0.0;0.0;15.0;0.0;14.5;0.5;0.0;0.0;0.0;3.0;22.0;4.0;0.0;888.0
Lavras da Mangabeira;AMANIUTUBA;-6.6761388888889;-38.88625;2003;5;23.2;0.0;0.0;0.0;0.0;0.0;2.0;0.0;0.0;0.0;0.0;0.0;0.0;1.2;0.0;0.0;0.0;0.0;0.0;0.0;0.0;0.0;0.0;0.0;0.0;0.0;0.0;0.0;0.0;20.0;0.0;0.0
Lavras da Mangabeira;AMANIUTUBA;-6.6761388888889;-38.88625;2003;6;9.3;1.0;0.0;0.0;0.0;3.2;2.0;0.0;0.0;0.0;0.0;0.0;0.0;0.0;0.0;3.1;0.0;0.0;0.0;0.0;0.0;0.0;0.0;0.0;0.0;0.0;0.0;0.0;0.0;0.0;0.0;888.0
Lavras da Mangabeira;AMANIUTUBA;-6.6761388888889;-38.88625;2003;7;14.0;0.0;0.0;0.0;0.0;0.0;0.0;0.0;0.0;0.0;0.0;0.0;14.0;0.0;0.0;0.0;0.0;0.0;0.0;0.0;0.0;0.0;0.0;0.0;0.0;0.0;0.0;0.0;0.0;0.0;0.0;999.0
Lavras da Mangabeira;AMANIUTUBA;-6.6761388888889;-38.88625;2003;8;0.0;0.0;0.0;0.0;0.0;0.0;0.0;0.0;0.0;0.0;0.0;0.0;0.0;0.0;0.0;0.0;0.0;0.0;0.0;0.0;0.0;0.0;0.0;0.0;0.0;0.0;0.0;0.0;0.0;0.0;0.0;0.0
Lavras da Mangabeira;AMANIUTUBA;-6.6761388888889;-38.88625;2003;9;0.0;0.0;0.0;0.0;0.0;0.0;0.0;0.0;0.0;0.0;0.0;0.0;0.0;0.0;0.0;0.0;0.0;0.0;0.0;0.0;0.0;0.0;0.0;0.0;0.0;0.0;0.0;0.0;0.0;0.0;0.0;888.0
Lavras da Mangabeira;AMANIUTUBA;-6.6761388888889;-38.88625;2003;10;14.0;0.0;0.0;0.0;0.0;0.0;0.0;0.0;0.0;0.0;0.0;0.0;0.0;14.0;0.0;0.0;0.0;0.0;0.0;0.0;0.0;0.0;0.0;0.0;0.0;0.0;0.0;0.0;0.0;0.0;0.0;0.0
Lavras da Mangabeira;AMANIUTUBA;-6.6761388888889;-38.88625;2003;11;12.0;0.0;0.0;0.0;0.0;0.0;10.0;2.0;0.0;0.0;0.0;0.0;0.0;0.0;0.0;0.0;0.0;0.0;0.0;0.0;0.0;0.0;0.0;0.0;0.0;0.0;0.0;0.0;0.0;0.0;0.0;888.0
Lavras da Mangabeira;AMANIUTUBA;-6.6761388888889;-38.88625;2003;12;29.6;0.0;0.0;0.0;0.0;0.0;0.0;0.0;0.0;0.0;0.0;0.0;0.0;0.0;0.0;9.0;3.0;2.3;0.0;0.0;0.0;0.0;0.0;0.0;0.0;0.0;11.3;0.0;0.0;4.0;0.0;0.0
Lavras da Mangabeira;AMANIUTUBA;-6.6761388888889;-38.88625;2004;1;291.7;0.0;0.0;0.0;0.0;0.0;0.0;0.0;0.0;20.0;0.0;0.0;0.0;0.0;38.0;0.0;11.0;6.0;28.0;3.0;20.3;1.0;7.0;28.2;31.0;5.0;0.0;12.0;19.0;0.0;27.0;35.2
Lavras da Mangabeira;AMANIUTUBA;-6.6761388888889;-38.88625;2004;2;168.9;26.3;0.0;22.0;9.0;44.3;2.3;16.0;0.0;5.0;0.0;0.0;0.0;0.0;0.0;0.0;17.0;0.0;0.0;0.0;0.0;0.0;0.0;0.0;0.0;0.0;11.0;0.0;8.0;8.0;888.0;888.0
Lavras da Mangabeira;AMANIUTUBA;-6.6761388888889;-38.88625;2004;3;104.0;0.0;0.0;14.0;0.0;0.0;8.0;2.0;33.0;0.0;0.0;3.0;0.0;0.0;0.0;0.0;23.0;21.0;0.0;0.0;0.0;0.0;0.0;0.0;0.0;0.0;0.0;0.0;0.0;0.0;0.0;0.0
Lavras da Mangabeira;AMANIUTUBA;-6.6761388888889;-38.88625;2004;4;113.0;3.0;0.0;2.0;3.0;0.0;0.0;60.0;0.0;0.0;0.0;0.0;0.0;0.0;0.0;2.0;0.0;0.0;0.0;0.0;0.0;0.0;0.0;0.0;0.0;0.0;13.0;30.0;0.0;0.0;0.0;888.0
Lavras da Mangabeira;AMANIUTUBA;-6.6761388888889;-38.88625;2004;5;111.0;0.0;0.0;0.0;0.0;0.0;0.0;0.0;0.0;0.0;0.0;11.0;0.0;0.0;0.0;0.0;0.0;0.0;56.0;0.0;4.0;12.0;0.0;0.0;0.0;0.0;28.0;0.0;0.0;0.0;0.0;0.0
Lavras da Mangabeira;AMANIUTUBA;-6.6761388888889;-38.88625;2004;6;91.0;8.0;18.0;0.0;0.0;0.0;7.0;0.0;0.0;0.0;3.0;0.0;0.0;0.0;2.0;4.0;0.0;0.0;41.0;8.0;0.0;0.0;0.0;0.0;0.0;0.0;0.0;0.0;0.0;0.0;0.0;888.0
Lavras da Mangabeira;AMANIUTUBA;-6.6761388888889;-38.88625;2004;7;19.0;10.0;0.0;0.0;5.0;0.0;0.0;0.0;0.0;0.0;0.0;0.0;0.0;0.0;0.0;0.0;0.0;0.0;0.0;0.0;0.0;0.0;0.0;0.0;0.0;0.0;0.0;0.0;0.0;0.0;4.0;0.0
Lavras da Mangabeira;AMANIUTUBA;-6.6761388888889;-38.88625;2004;8;4.2;0.0;4.2;0.0;0.0;0.0;0.0;0.0;0.0;0.0;0.0;0.0;0.0;0.0;0.0;0.0;0.0;0.0;0.0;0.0;0.0;0.0;0.0;0.0;0.0;0.0;0.0;0.0;0.0;0.0;0.0;0.0
Lavras da Mangabeira;AMANIUTUBA;-6.6761388888889;-38.88625;2004;9;4.0;0.0;0.0;0.0;0.0;0.0;0.0;0.0;0.0;0.0;0.0;4.0;0.0;0.0;0.0;0.0;0.0;0.0;0.0;0.0;0.0;0.0;0.0;0.0;0.0;0.0;0.0;0.0;0.0;0.0;0.0;888.0
Lavras da Mangabeira;AMANIUTUBA;-6.6761388888889;-38.88625;2004;10;36.0;0.0;0.0;0.0;0.0;0.0;0.0;0.0;0.0;0.0;0.0;0.0;0.0;0.0;0.0;0.0;0.0;0.0;0.0;0.0;0.0;0.0;0.0;0.0;0.0;36.0;0.0;0.0;0.0;0.0;0.0;0.0
Lavras da Mangabeira;AMANIUTUBA;-6.6761388888889;-38.88625;2004;11;0.0;0.0;0.0;0.0;0.0;0.0;0.0;0.0;0.0;0.0;0.0;0.0;0.0;0.0;0.0;0.0;0.0;0.0;0.0;0.0;0.0;0.0;0.0;0.0;0.0;0.0;0.0;0.0;0.0;0.0;0.0;888.0
Lavras da Mangabeira;AMANIUTUBA;-6.6761388888889;-38.88625;2004;12;18.0;0.0;0.0;0.0;0.0;0.0;0.0;0.0;0.0;0.0;0.0;0.0;0.0;0.0;0.0;0.0;0.0;0.0;0.0;0.0;0.0;0.0;0.0;0.0;0.0;0.0;0.0;0.0;0.0;18.0;0.0;0.0
Lavras da Mangabeira;AMANIUTUBA;-6.6761388888889;-38.88625;2005;1;75.0;0.0;0.0;0.0;0.0;0.0;0.0;0.0;0.0;0.0;0.0;0.0;0.0;0.0;0.0;0.0;0.0;0.0;0.0;0.0;3.0;0.0;0.0;19.0;0.0;17.0;0.0;0.0;14.0;22.0;0.0;0.0
Lavras da Mangabeira;AMANIUTUBA;-6.6761388888889;-38.88625;2005;2;47.0;0.0;0.0;0.0;0.0;0.0;0.0;4.0;0.0;0.0;0.0;0.0;5.0;0.0;0.0;5.0;1.0;19.0;0.0;0.0;0.0;0.0;0.0;0.0;0.0;13.0;0.0;0.0;0.0;888.0;888.0;888.0
Lavras da Mangabeira;AMANIUTUBA;-6.6761388888889;-38.88625;2005;3;187.5;0.0;0.0;0.0;0.0;0.0;0.0;0.0;0.0;0.0;0.0;0.0;5.0;0.0;7.0;0.0;0.0;20.0;0.0;20.2;0.0;9.0;27.0;0.0;9.0;2.0;12.0;40.0;7.0;24.0;2.0;3.3
Lavras da Mangabeira;AMANIUTUBA;-6.6761388888889;-38.88625;2005;4;80.0;0.0;0.0;0.0;0.0;0.0;0.0;0.0;0.0;0.0;0.0;0.0;0.0;31.0;7.0;35.0;0.0;0.0;0.0;0.0;6.0;0.0;0.0;0.0;1.0;0.0;0.0;0.0;0.0;0.0;0.0;888.0
Lavras da Mangabeira;AMANIUTUBA;-6.6761388888889;-38.88625;2005;5;28.0;0.0;0.0;0.0;0.0;3.0;0.0;0.0;4.0;0.0;0.0;0.0;0.0;0.0;4.0;0.0;0.0;0.0;0.0;0.0;0.0;0.0;0.0;1.0;2.0;10.0;1.0;0.0;0.0;0.0;0.0;3.0
Lavras da Mangabeira;AMANIUTUBA;-6.6761388888889;-38.88625;2005;6;32.0;10.0;0.0;0.0;0.0;0.0;0.0;0.0;0.0;0.0;0.0;0.0;0.0;0.0;0.0;0.0;0.0;0.0;3.0;0.0;0.0;0.0;0.0;0.0;0.0;0.0;12.0;5.0;2.0;0.0;0.0;888.0
Lavras da Mangabeira;AMANIUTUBA;-6.6761388888889;-38.88625;2005;7;0.0;0.0;0.0;0.0;0.0;0.0;0.0;0.0;0.0;0.0;0.0;0.0;0.0;0.0;0.0;0.0;0.0;0.0;0.0;0.0;0.0;0.0;0.0;0.0;0.0;0.0;0.0;0.0;0.0;0.0;0.0;0.0
Lavras da Mangabeira;AMANIUTUBA;-6.6761388888889;-38.88625;2005;8;2.0;0.0;0.0;0.0;0.0;0.0;0.0;0.0;0.0;0.0;0.0;0.0;0.0;0.0;0.0;0.0;0.0;0.0;0.0;0.0;0.0;0.0;0.0;0.0;2.0;0.0;0.0;0.0;0.0;0.0;0.0;0.0
Lavras da Mangabeira;AMANIUTUBA;-6.6761388888889;-38.88625;2005;9;0.0;0.0;0.0;0.0;0.0;0.0;0.0;0.0;0.0;0.0;0.0;0.0;0.0;0.0;0.0;0.0;0.0;0.0;0.0;0.0;0.0;0.0;0.0;0.0;0.0;0.0;0.0;0.0;0.0;0.0;0.0;888.0
Lavras da Mangabeira;AMANIUTUBA;-6.6761388888889;-38.88625;2005;10;0.0;0.0;0.0;0.0;0.0;0.0;0.0;0.0;0.0;0.0;0.0;0.0;0.0;0.0;0.0;0.0;0.0;0.0;0.0;0.0;0.0;0.0;0.0;0.0;0.0;0.0;0.0;0.0;0.0;0.0;0.0;0.0
Lavras da Mangabeira;AMANIUTUBA;-6.6761388888889;-38.88625;2005;11;0.0;0.0;0.0;0.0;0.0;0.0;0.0;0.0;0.0;0.0;0.0;0.0;0.0;0.0;0.0;0.0;0.0;0.0;0.0;0.0;0.0;0.0;0.0;0.0;0.0;0.0;0.0;0.0;0.0;0.0;0.0;888.0
Lavras da Mangabeira;AMANIUTUBA;-6.6761388888889;-38.88625;2005;12;61.0;0.0;0.0;0.0;0.0;29.0;0.0;0.0;0.0;0.0;0.0;0.0;0.0;0.0;0.0;0.0;0.0;0.0;0.0;0.0;0.0;0.0;0.0;0.0;0.0;10.0;0.0;9.0;13.0;0.0;0.0;0.0
Lavras da Mangabeira;AMANIUTUBA;-6.6761388888889;-38.88625;2006;1;14.2;0.0;5.0;0.0;0.0;0.0;0.0;0.0;0.0;0.0;0.0;0.0;0.0;0.0;0.0;0.0;0.0;0.0;0.0;7.2;0.0;0.0;0.0;2.0;0.0;0.0;0.0;0.0;0.0;0.0;0.0;0.0
Lavras da Mangabeira;AMANIUTUBA;-6.6761388888889;-38.88625;2006;2;271.0;3.0;0.0;0.0;14.0;50.0;48.0;0.0;0.0;0.0;0.0;0.0;0.0;0.0;6.0;0.0;27.0;0.0;14.0;31.0;3.0;0.0;0.0;16.0;0.0;1.0;0.0;0.0;58.0;888.0;888.0;888.0
Lavras da Mangabeira;AMANIUTUBA;-6.6761388888889;-38.88625;2006;3;176.0;0.0;0.0;0.0;0.0;0.0;0.0;0.0;0.0;0.0;2.0;0.0;0.0;0.0;7.0;15.0;0.0;0.0;50.0;0.0;1.0;0.0;0.0;2.0;50.0;0.0;17.0;18.0;0.0;1.0;0.0;13.0
Lavras da Mangabeira;AMANIUTUBA;-6.6761388888889;-38.88625;2006;4;195.0;0.0;0.0;0.0;31.0;6.0;5.0;8.0;4.0;0.0;0.0;0.0;4.0;2.0;0.0;0.0;25.0;0.0;0.0;4.0;40.0;0.0;29.0;11.0;4.0;7.0;15.0;0.0;0.0;0.0;0.0;888.0
Lavras da Mangabeira;AMANIUTUBA;-6.6761388888889;-38.88625;2006;5;146.0;100.0;0.0;0.0;0.0;0.0;0.0;3.0;6.0;0.0;0.0;2.0;0.0;2.0;12.0;0.0;3.0;0.0;0.0;0.0;0.0;0.0;0.0;0.0;18.0;0.0;0.0;0.0;0.0;0.0;0.0;0.0
Lavras da Mangabeira;AMANIUTUBA;-6.6761388888889;-38.88625;2006;6;0.0;0.0;0.0;0.0;0.0;0.0;0.0;0.0;0.0;0.0;0.0;0.0;0.0;0.0;0.0;0.0;0.0;0.0;0.0;0.0;0.0;0.0;0.0;0.0;0.0;0.0;0.0;0.0;0.0;0.0;0.0;888.0
Lavras da Mangabeira;AMANIUTUBA;-6.6761388888889;-38.88625;2006;7;7.0;0.0;0.0;0.0;0.0;0.0;0.0;0.0;0.0;0.0;0.0;0.0;0.0;7.0;0.0;0.0;0.0;0.0;0.0;0.0;0.0;0.0;0.0;0.0;0.0;0.0;0.0;0.0;0.0;0.0;0.0;0.0
Lavras da Mangabeira;AMANIUTUBA;-6.6761388888889;-38.88625;2006;8;0.0;0.0;0.0;0.0;0.0;0.0;0.0;0.0;0.0;0.0;0.0;0.0;0.0;0.0;0.0;0.0;0.0;0.0;0.0;0.0;0.0;0.0;0.0;0.0;0.0;0.0;0.0;0.0;0.0;0.0;0.0;0.0
Lavras da Mangabeira;AMANIUTUBA;-6.6761388888889;-38.88625;2006;9;3.0;0.0;0.0;0.0;0.0;0.0;0.0;0.0;0.0;0.0;0.0;0.0;3.0;0.0;0.0;0.0;0.0;0.0;0.0;0.0;0.0;0.0;0.0;0.0;0.0;0.0;0.0;0.0;0.0;0.0;0.0;888.0
Lavras da Mangabeira;AMANIUTUBA;-6.6761388888889;-38.88625;2006;10;12.0;0.0;0.0;0.0;0.0;0.0;0.0;0.0;0.0;0.0;0.0;0.0;0.0;0.0;0.0;0.0;0.0;0.0;0.0;0.0;0.0;0.0;0.0;12.0;0.0;0.0;0.0;0.0;0.0;0.0;0.0;999.0
Lavras da Mangabeira;AMANIUTUBA;-6.6761388888889;-38.88625;2006;11;6.0;0.0;0.0;6.0;0.0;0.0;0.0;0.0;0.0;0.0;0.0;0.0;0.0;0.0;0.0;0.0;0.0;0.0;0.0;0.0;0.0;0.0;0.0;0.0;0.0;0.0;0.0;0.0;0.0;0.0;0.0;888.0
Lavras da Mangabeira;AMANIUTUBA;-6.6761388888889;-38.88625;2006;12;173.0;0.0;0.0;0.0;0.0;0.0;0.0;0.0;0.0;0.0;0.0;0.0;0.0;0.0;0.0;4.0;0.0;0.0;0.0;0.0;0.0;0.0;0.0;0.0;0.0;0.0;4.0;0.0;0.0;54.0;58.0;53.0
Lavras da Mangabeira;AMANIUTUBA;-6.6761388888889;-38.88625;2007;1;66.0;47.0;14.0;2.0;0.0;0.0;0.0;0.0;0.0;0.0;0.0;0.0;0.0;0.0;0.0;0.0;0.0;0.0;0.0;0.0;3.0;0.0;0.0;0.0;0.0;0.0;0.0;0.0;0.0;0.0;0.0;0.0
Lavras da Mangabeira;AMANIUTUBA;-6.6761388888889;-38.88625;2007;2;196.0;0.0;0.0;0.0;0.0;0.0;6.0;6.0;0.0;15.0;4.0;0.0;0.0;0.0;55.0;4.0;0.0;6.0;64.0;0.0;0.0;5.0;0.0;0.0;17.0;0.0;14.0;0.0;0.0;888.0;888.0;888.0
Lavras da Mangabeira;AMANIUTUBA;-6.6761388888889;-38.88625;2007;3;55.0;25.0;4.0;0.0;0.0;4.0;0.0;3.0;0.0;0.0;0.0;0.0;0.0;12.0;0.0;0.0;0.0;0.0;0.0;1.0;0.0;0.0;0.0;6.0;0.0;0.0;0.0;0.0;0.0;0.0;0.0;0.0
Lavras da Mangabeira;AMANIUTUBA;-6.6761388888889;-38.88625;2007;4;102.0;0.0;0.0;0.0;0.0;0.0;0.0;0.0;0.0;0.0;0.0;0.0;0.0;0.0;21.0;0.0;0.0;3.0;0.0;15.0;0.0;0.0;0.0;0.0;0.0;54.0;0.0;0.0;0.0;9.0;0.0;888.0
Lavras da Mangabeira;AMANIUTUBA;-6.6761388888889;-38.88625;2007;5;29.0;5.0;18.0;0.0;0.0;0.0;0.0;0.0;0.0;0.0;0.0;0.0;0.0;0.0;0.0;0.0;0.0;0.0;0.0;0.0;0.0;0.0;0.0;0.0;0.0;0.0;0.0;0.0;6.0;0.0;0.0;0.0
Lavras da Mangabeira;AMANIUTUBA;-6.6761388888889;-38.88625;2007;6;32.0;0.0;0.0;0.0;0.0;0.0;0.0;0.0;0.0;0.0;0.0;0.0;0.0;26.0;0.0;0.0;0.0;0.0;3.0;0.0;0.0;0.0;0.0;0.0;0.0;0.0;0.0;0.0;3.0;0.0;0.0;888.0
Lavras da Mangabeira;AMANIUTUBA;-6.6761388888889;-38.88625;2007;7;0.0;0.0;0.0;0.0;0.0;0.0;0.0;0.0;0.0;0.0;0.0;0.0;0.0;0.0;0.0;0.0;0.0;0.0;0.0;0.0;0.0;0.0;0.0;0.0;0.0;0.0;0.0;0.0;0.0;0.0;0.0;0.0
Lavras da Mangabeira;AMANIUTUBA;-6.6761388888889;-38.88625;2007;8;0.0;0.0;0.0;0.0;0.0;0.0;0.0;0.0;0.0;0.0;0.0;0.0;0.0;0.0;0.0;0.0;0.0;0.0;0.0;0.0;0.0;0.0;0.0;0.0;0.0;0.0;0.0;0.0;0.0;0.0;0.0;0.0
Lavras da Mangabeira;AMANIUTUBA;-6.6761388888889;-38.88625;2007;9;0.0;0.0;0.0;0.0;0.0;0.0;0.0;0.0;0.0;0.0;0.0;0.0;0.0;0.0;0.0;0.0;0.0;0.0;0.0;0.0;0.0;0.0;0.0;0.0;0.0;0.0;0.0;0.0;0.0;0.0;0.0;888.0
Lavras da Mangabeira;AMANIUTUBA;-6.6761388888889;-38.88625;2007;10;0.0;0.0;0.0;0.0;0.0;0.0;0.0;0.0;0.0;0.0;0.0;0.0;0.0;0.0;0.0;0.0;0.0;0.0;0.0;0.0;0.0;0.0;0.0;0.0;0.0;0.0;0.0;0.0;0.0;0.0;0.0;0.0
Lavras da Mangabeira;AMANIUTUBA;-6.6761388888889;-38.88625;2007;11;11.0;0.0;0.0;0.0;0.0;0.0;0.0;0.0;0.0;0.0;0.0;0.0;0.0;0.0;0.0;0.0;0.0;0.0;0.0;0.0;0.0;0.0;0.0;0.0;0.0;11.0;0.0;0.0;999.0;999.0;999.0;888.0
Lavras da Mangabeira;AMANIUTUBA;-6.6761388888889;-38.88625;2007;12;147.0;0.0;0.0;0.0;0.0;0.0;72.0;0.0;0.0;0.0;0.0;0.0;0.0;0.0;0.0;0.0;0.0;0.0;0.0;0.0;0.0;0.0;0.0;0.0;0.0;4.0;0.0;35.0;0.0;1.0;0.0;35.0
Lavras da Mangabeira;AMANIUTUBA;-6.6761388888889;-38.88625;2008;1;167.0;0.0;0.0;0.0;0.0;0.0;0.0;0.0;0.0;0.0;0.0;0.0;6.0;0.0;0.0;0.0;24.0;0.0;0.0;0.0;0.0;0.0;0.0;12.0;2.0;40.0;50.0;17.0;8.0;0.0;0.0;8.0
Lavras da Mangabeira;AMANIUTUBA;-6.6761388888889;-38.88625;2008;2;82.0;10.0;0.0;0.0;0.0;0.0;0.0;0.0;0.0;0.0;13.0;0.0;0.0;0.0;0.0;11.0;20.0;8.0;0.0;0.0;0.0;0.0;0.0;0.0;0.0;0.0;0.0;20.0;0.0;0.0;888.0;888.0
Lavras da Mangabeira;AMANIUTUBA;-6.6761388888889;-38.88625;2008;3;423.0;0.0;0.0;0.0;0.0;22.0;0.0;32.0;0.0;25.0;0.0;3.0;35.0;0.0;0.0;0.0;20.0;25.0;0.0;32.0;30.0;12.0;0.0;0.0;40.0;3.0;64.0;16.0;8.0;0.0;52.0;4.0
Lavras da Mangabeira;AMANIUTUBA;-6.6761388888889;-38.88625;2008;4;197.0;35.0;4.0;0.0;0.0;0.0;0.0;0.0;2.0;11.0;3.0;0.0;15.0;23.0;12.0;1.0;2.0;3.0;0.0;0.0;0.0;6.0;0.0;0.0;23.0;0.0;0.0;0.0;0.0;27.0;30.0;888.0
Lavras da Mangabeira;AMANIUTUBA;-6.6761388888889;-38.88625;2008;5;138.0;0.0;5.0;0.0;0.0;0.0;36.0;0.0;0.0;70.0;0.0;0.0;0.0;0.0;0.0;0.0;0.0;0.0;0.0;0.0;0.0;0.0;5.0;0.0;0.0;0.0;0.0;12.0;10.0;0.0;0.0;0.0
Lavras da Mangabeira;AMANIUTUBA;-6.6761388888889;-38.88625;2008;6;0.0;0.0;0.0;0.0;0.0;0.0;0.0;0.0;0.0;0.0;0.0;0.0;0.0;0.0;0.0;0.0;0.0;0.0;0.0;0.0;0.0;0.0;0.0;0.0;0.0;0.0;0.0;0.0;0.0;0.0;0.0;888.0
Lavras da Mangabeira;AMANIUTUBA;-6.6761388888889;-38.88625;2008;7;25.0;0.0;10.0;0.0;0.0;0.0;0.0;0.0;0.0;0.0;0.0;0.0;0.0;0.0;0.0;0.0;0.0;0.0;0.0;0.0;0.0;0.0;10.0;0.0;0.0;0.0;0.0;5.0;0.0;0.0;0.0;0.0
Lavras da Mangabeira;AMANIUTUBA;-6.6761388888889;-38.88625;2008;8;0.0;0.0;0.0;0.0;0.0;0.0;0.0;0.0;0.0;0.0;0.0;0.0;0.0;0.0;0.0;0.0;0.0;0.0;0.0;0.0;0.0;0.0;0.0;0.0;0.0;0.0;0.0;0.0;0.0;0.0;0.0;0.0
Lavras da Mangabeira;AMANIUTUBA;-6.6761388888889;-38.88625;2008;9;0.0;0.0;0.0;0.0;0.0;0.0;0.0;0.0;0.0;0.0;0.0;0.0;0.0;0.0;0.0;0.0;0.0;0.0;0.0;0.0;0.0;0.0;0.0;0.0;0.0;0.0;0.0;0.0;0.0;0.0;0.0;888.0
Lavras da Mangabeira;AMANIUTUBA;-6.6761388888889;-38.88625;2008;10;10.0;0.0;0.0;0.0;0.0;0.0;0.0;0.0;0.0;10.0;0.0;0.0;0.0;0.0;0.0;0.0;0.0;0.0;0.0;0.0;0.0;0.0;0.0;0.0;0.0;0.0;0.0;0.0;0.0;0.0;0.0;0.0
Lavras da Mangabeira;AMANIUTUBA;-6.6761388888889;-38.88625;2008;11;0.0;0.0;0.0;0.0;0.0;0.0;0.0;0.0;0.0;0.0;0.0;0.0;0.0;0.0;0.0;0.0;0.0;0.0;0.0;0.0;0.0;0.0;0.0;0.0;0.0;0.0;0.0;0.0;0.0;0.0;0.0;888.0
Lavras da Mangabeira;AMANIUTUBA;-6.6761388888889;-38.88625;2008;12;31.0;0.0;0.0;0.0;0.0;0.0;0.0;0.0;0.0;0.0;6.0;0.0;0.0;0.0;0.0;0.0;0.0;0.0;0.0;0.0;20.0;0.0;0.0;0.0;0.0;0.0;0.0;0.0;0.0;0.0;5.0;0.0
Lavras da Mangabeira;AMANIUTUBA;-6.6761388888889;-38.88625;2009;1;136.0;0.0;0.0;0.0;0.0;0.0;0.0;0.0;0.0;6.0;0.0;0.0;0.0;0.0;0.0;0.0;0.0;4.0;0.0;0.0;0.0;0.0;80.0;46.0;0.0;0.0;0.0;0.0;0.0;0.0;0.0;0.0
Lavras da Mangabeira;AMANIUTUBA;-6.6761388888889;-38.88625;2009;2;48.0;0.0;0.0;10.0;0.0;0.0;0.0;0.0;0.0;0.0;0.0;0.0;10.0;0.0;0.0;0.0;0.0;0.0;6.0;0.0;0.0;4.0;16.0;0.0;2.0;0.0;0.0;0.0;0.0;888.0;888.0;888.0
Lavras da Mangabeira;AMANIUTUBA;-6.6761388888889;-38.88625;2009;3;85.0;8.0;0.0;43.0;0.0;0.0;0.0;0.0;0.0;0.0;14.0;3.0;0.0;0.0;5.0;0.0;0.0;0.0;12.0;0.0;0.0;0.0;0.0;0.0;0.0;0.0;0.0;0.0;0.0;0.0;0.0;0.0
Lavras da Mangabeira;AMANIUTUBA;-6.6761388888889;-38.88625;2009;4;336.0;0.0;0.0;0.0;0.0;0.0;21.0;0.0;6.0;0.0;43.0;0.0;18.0;28.0;0.0;70.0;0.0;39.0;0.0;5.0;5.0;7.0;7.0;5.0;24.0;4.0;0.0;13.0;31.0;9.0;1.0;888.0
Lavras da Mangabeira;AMANIUTUBA;-6.6761388888889;-38.88625;2009;5;259.0;3.0;35.0;0.0;0.0;11.0;9.0;4.0;18.0;0.0;100.0;1.0;8.0;0.0;0.0;0.0;0.0;0.0;32.0;0.0;0.0;0.0;0.0;0.0;0.0;0.0;0.0;10.0;28.0;0.0;0.0;0.0
Lavras da Mangabeira;AMANIUTUBA;-6.6761388888889;-38.88625;2009;6;6.0;0.0;0.0;0.0;2.0;4.0;0.0;0.0;0.0;0.0;0.0;0.0;0.0;0.0;0.0;0.0;0.0;0.0;0.0;0.0;0.0;0.0;0.0;0.0;0.0;0.0;0.0;0.0;0.0;0.0;0.0;888.0
Lavras da Mangabeira;AMANIUTUBA;-6.6761388888889;-38.88625;2009;7;33.0;0.0;0.0;0.0;0.0;0.0;0.0;0.0;0.0;0.0;0.0;0.0;0.0;0.0;0.0;0.0;0.0;0.0;0.0;0.0;0.0;0.0;19.0;2.0;12.0;0.0;0.0;0.0;0.0;0.0;0.0;0.0
Lavras da Mangabeira;AMANIUTUBA;-6.6761388888889;-38.88625;2009;8;36.0;0.0;0.0;0.0;0.0;0.0;5.0;0.0;0.0;0.0;0.0;0.0;0.0;0.0;0.0;0.0;0.0;0.0;0.0;0.0;0.0;0.0;0.0;0.0;0.0;13.0;12.0;6.0;0.0;0.0;0.0;0.0
Lavras da Mangabeira;AMANIUTUBA;-6.6761388888889;-38.88625;2009;9;5.0;0.0;0.0;0.0;0.0;0.0;0.0;0.0;0.0;0.0;0.0;0.0;0.0;5.0;0.0;0.0;0.0;0.0;0.0;0.0;0.0;0.0;0.0;0.0;0.0;0.0;0.0;0.0;0.0;0.0;0.0;888.0
Lavras da Mangabeira;AMANIUTUBA;-6.6761388888889;-38.88625;2009;10;0.0;0.0;0.0;0.0;0.0;0.0;0.0;0.0;0.0;0.0;0.0;0.0;0.0;0.0;0.0;0.0;0.0;0.0;0.0;0.0;0.0;0.0;0.0;0.0;0.0;0.0;0.0;0.0;0.0;0.0;0.0;0.0
Lavras da Mangabeira;AMANIUTUBA;-6.6761388888889;-38.88625;2009;11;11.0;0.0;0.0;11.0;0.0;0.0;0.0;0.0;0.0;0.0;0.0;0.0;0.0;0.0;0.0;0.0;0.0;0.0;0.0;0.0;0.0;0.0;0.0;0.0;0.0;0.0;0.0;0.0;0.0;0.0;0.0;888.0
Lavras da Mangabeira;AMANIUTUBA;-6.6761388888889;-38.88625;2009;12;4.0;0.0;0.0;0.0;0.0;0.0;0.0;0.0;0.0;0.0;0.0;0.0;0.0;0.0;0.0;0.0;0.0;0.0;0.0;0.0;0.0;0.0;0.0;0.0;0.0;0.0;0.0;4.0;0.0;0.0;0.0;0.0
Lavras da Mangabeira;AMANIUTUBA;-6.6761388888889;-38.88625;2010;1;195.0;0.0;7.0;80.0;0.0;0.0;0.0;0.0;0.0;0.0;0.0;0.0;0.0;0.0;0.0;0.0;0.0;0.0;0.0;0.0;82.0;0.0;0.0;0.0;0.0;0.0;0.0;3.0;23.0;0.0;0.0;0.0
Lavras da Mangabeira;AMANIUTUBA;-6.6761388888889;-38.88625;2010;2;22.0;0.0;0.0;0.0;0.0;0.0;0.0;0.0;0.0;0.0;0.0;0.0;0.0;0.0;0.0;22.0;0.0;0.0;0.0;0.0;0.0;0.0;0.0;0.0;0.0;0.0;0.0;0.0;0.0;888.0;888.0;888.0
Lavras da Mangabeira;AMANIUTUBA;-6.6761388888889;-38.88625;2010;3;105.0;0.0;0.0;0.0;0.0;0.0;0.0;0.0;0.0;3.0;0.0;0.0;0.0;0.0;0.0;0.0;0.0;0.0;0.0;6.0;0.0;19.0;45.0;0.0;24.0;0.0;0.0;0.0;0.0;8.0;0.0;0.0
Lavras da Mangabeira;AMANIUTUBA;-6.6761388888889;-38.88625;2010;4;131.0;0.0;0.0;8.0;4.0;0.0;0.0;0.0;0.0;10.0;3.0;29.0;14.0;9.0;0.0;3.0;4.0;0.0;0.0;47.0;0.0;0.0;0.0;0.0;0.0;0.0;0.0;0.0;0.0;0.0;0.0;888.0
Lavras da Mangabeira;AMANIUTUBA;-6.6761388888889;-38.88625;2010;5;61.0;0.0;0.0;0.0;21.0;33.0;0.0;0.0;0.0;0.0;0.0;0.0;0.0;0.0;0.0;0.0;0.0;0.0;0.0;0.0;0.0;0.0;0.0;0.0;2.0;0.0;0.0;2.0;3.0;999.0;999.0;999.0
Lavras da Mangabeira;AMANIUTUBA;-6.6761388888889;-38.88625;2010;6;54.0;0.0;0.0;0.0;0.0;1.0;0.0;0.0;0.0;0.0;0.0;0.0;0.0;0.0;0.0;0.0;0.0;0.0;22.0;0.0;11.0;0.0;0.0;0.0;5.0;0.0;0.0;0.0;15.0;0.0;0.0;888.0
Lavras da Mangabeira;AMANIUTUBA;-6.6761388888889;-38.88625;2010;7;0.0;0.0;0.0;0.0;0.0;0.0;0.0;0.0;0.0;0.0;999.0;0.0;0.0;0.0;0.0;0.0;0.0;0.0;0.0;0.0;0.0;0.0;0.0;0.0;0.0;0.0;0.0;0.0;0.0;0.0;0.0;0.0
Lavras da Mangabeira;AMANIUTUBA;-6.6761388888889;-38.88625;2010;8;0.0;0.0;0.0;0.0;0.0;0.0;0.0;0.0;0.0;0.0;0.0;0.0;0.0;0.0;0.0;0.0;0.0;0.0;0.0;0.0;0.0;0.0;0.0;0.0;0.0;0.0;0.0;0.0;0.0;0.0;0.0;0.0
Lavras da Mangabeira;AMANIUTUBA;-6.6761388888889;-38.88625;2010;9;0.0;0.0;0.0;0.0;0.0;0.0;0.0;0.0;0.0;0.0;0.0;0.0;0.0;0.0;0.0;0.0;0.0;0.0;0.0;0.0;0.0;0.0;0.0;0.0;0.0;0.0;0.0;0.0;0.0;0.0;0.0;888.0
Lavras da Mangabeira;AMANIUTUBA;-6.6761388888889;-38.88625;2010;10;66.0;0.0;0.0;0.0;0.0;0.0;0.0;0.0;0.0;0.0;0.0;0.0;0.0;0.0;0.0;0.0;0.0;0.0;0.0;0.0;0.0;0.0;6.0;58.0;0.0;0.0;0.0;2.0;0.0;0.0;0.0;0.0
Lavras da Mangabeira;AMANIUTUBA;-6.6761388888889;-38.88625;2010;11;0.0;0.0;0.0;0.0;0.0;0.0;0.0;0.0;0.0;0.0;0.0;0.0;0.0;0.0;0.0;0.0;0.0;0.0;0.0;0.0;0.0;0.0;0.0;0.0;0.0;0.0;0.0;0.0;0.0;0.0;0.0;888.0
Lavras da Mangabeira;AMANIUTUBA;-6.6761388888889;-38.88625;2010;12;56.0;0.0;0.0;0.0;0.0;0.0;0.0;0.0;0.0;10.0;0.0;2.0;0.0;0.0;25.0;2.0;0.0;14.0;3.0;0.0;0.0;0.0;0.0;0.0;0.0;0.0;0.0;0.0;0.0;0.0;0.0;0.0
Lavras da Mangabeira;AMANIUTUBA;-6.6761388888889;-38.88625;2011;1;360.0;0.0;0.0;11.0;0.0;0.0;0.0;0.0;0.0;4.0;3.0;44.0;10.0;0.0;0.0;0.0;0.0;22.0;0.0;0.0;16.0;36.0;31.0;30.0;42.0;28.0;4.0;0.0;32.0;0.0;38.0;9.0
Lavras da Mangabeira;AMANIUTUBA;-6.6761388888889;-38.88625;2011;2;211.0;14.0;4.0;0.0;0.0;3.0;0.0;0.0;0.0;9.0;0.0;0.0;0.0;0.0;0.0;0.0;0.0;20.0;0.0;0.0;43.0;24.0;2.0;0.0;0.0;0.0;0.0;65.0;27.0;888.0;888.0;888.0
Lavras da Mangabeira;AMANIUTUBA;-6.6761388888889;-38.88625;2011;3;13.0;2.0;0.0;0.0;0.0;0.0;0.0;0.0;0.0;0.0;0.0;0.0;7.0;0.0;0.0;0.0;0.0;0.0;0.0;0.0;0.0;0.0;0.0;0.0;0.0;0.0;0.0;0.0;0.0;0.0;4.0;0.0
Lavras da Mangabeira;AMANIUTUBA;-6.6761388888889;-38.88625;2011;4;207.0;0.0;0.0;0.0;0.0;0.0;0.0;25.0;0.0;5.0;0.0;22.0;0.0;0.0;0.0;7.0;0.0;0.0;10.0;11.0;22.0;0.0;0.0;42.0;10.0;0.0;0.0;0.0;0.0;0.0;53.0;888.0
Lavras da Mangabeira;AMANIUTUBA;-6.6761388888889;-38.88625;2011;5;79.0;0.0;20.0;0.0;0.0;10.0;16.0;0.0;0.0;0.0;0.0;0.0;0.0;0.0;0.0;0.0;0.0;28.0;0.0;5.0;0.0;0.0;0.0;0.0;0.0;0.0;0.0;0.0;0.0;0.0;0.0;0.0
Lavras da Mangabeira;AMANIUTUBA;-6.6761388888889;-38.88625;2011;6;0.0;0.0;0.0;0.0;0.0;0.0;0.0;0.0;0.0;0.0;0.0;0.0;0.0;0.0;0.0;0.0;0.0;0.0;0.0;0.0;0.0;0.0;0.0;0.0;0.0;0.0;0.0;0.0;0.0;0.0;0.0;888.0
Lavras da Mangabeira;AMANIUTUBA;-6.6761388888889;-38.88625;2011;7;46.0;0.0;0.0;0.0;0.0;0.0;0.0;0.0;4.0;0.0;0.0;0.0;10.0;32.0;0.0;0.0;0.0;0.0;0.0;0.0;0.0;0.0;0.0;0.0;0.0;0.0;0.0;0.0;0.0;0.0;0.0;0.0
Lavras da Mangabeira;AMANIUTUBA;-6.6761388888889;-38.88625;2011;8;0.0;0.0;0.0;0.0;0.0;0.0;0.0;0.0;0.0;0.0;0.0;0.0;0.0;0.0;0.0;0.0;0.0;0.0;0.0;0.0;0.0;0.0;0.0;0.0;0.0;0.0;0.0;0.0;0.0;0.0;0.0;0.0
Lavras da Mangabeira;AMANIUTUBA;-6.6761388888889;-38.88625;2011;9;0.0;0.0;0.0;0.0;0.0;0.0;0.0;0.0;0.0;0.0;0.0;0.0;0.0;0.0;0.0;0.0;0.0;0.0;0.0;0.0;0.0;0.0;0.0;0.0;0.0;0.0;0.0;0.0;0.0;0.0;0.0;888.0
Lavras da Mangabeira;AMANIUTUBA;-6.6761388888889;-38.88625;2011;10;103.0;0.0;0.0;0.0;0.0;0.0;0.0;0.0;0.0;0.0;0.0;0.0;0.0;23.0;0.0;0.0;11.0;1.0;0.0;10.0;10.0;48.0;0.0;0.0;0.0;0.0;0.0;0.0;0.0;0.0;0.0;0.0
Lavras da Mangabeira;AMANIUTUBA;-6.6761388888889;-38.88625;2011;11;37.0;0.0;0.0;0.0;20.0;0.0;0.0;0.0;17.0;999.0;999.0;999.0;999.0;999.0;999.0;999.0;999.0;999.0;999.0;999.0;999.0;999.0;999.0;999.0;999.0;999.0;999.0;999.0;999.0;999.0;999.0;888.0
Lavras da Mangabeira;AMANIUTUBA;-6.6761388888889;-38.88625;2011;12;13.0;0.0;0.0;0.0;0.0;0.0;0.0;0.0;0.0;0.0;0.0;0.0;0.0;0.0;0.0;0.0;0.0;0.0;0.0;0.0;0.0;0.0;0.0;13.0;0.0;0.0;0.0;0.0;0.0;0.0;0.0;0.0
Lavras da Mangabeira;AMANIUTUBA;-6.6761388888889;-38.88625;2012;1;117.0;0.0;0.0;0.0;0.0;0.0;0.0;0.0;0.0;0.0;0.0;0.0;0.0;0.0;0.0;0.0;0.0;0.0;0.0;75.0;0.0;4.0;0.0;14.0;22.0;2.0;0.0;0.0;0.0;0.0;0.0;0.0
Lavras da Mangabeira;AMANIUTUBA;-6.6761388888889;-38.88625;2012;2;200.0;0.0;0.0;0.0;0.0;0.0;0.0;0.0;0.0;0.0;0.0;0.0;0.0;0.0;0.0;0.0;10.0;20.0;0.0;100.0;18.0;0.0;0.0;0.0;32.0;0.0;0.0;20.0;0.0;0.0;888.0;888.0
Lavras da Mangabeira;AMANIUTUBA;-6.6761388888889;-38.88625;2012;3;105.0;0.0;0.0;0.0;24.0;0.0;8.0;0.0;0.0;0.0;0.0;0.0;0.0;0.0;0.0;9.0;0.0;0.0;0.0;0.0;0.0;4.0;0.0;0.0;0.0;0.0;18.0;12.0;0.0;30.0;0.0;0.0
Lavras da Mangabeira;AMANIUTUBA;-6.6761388888889;-38.88625;2012;4;152.0;0.0;19.0;0.0;0.0;0.0;0.0;0.0;43.0;0.0;0.0;0.0;0.0;0.0;0.0;0.0;0.0;0.0;35.0;0.0;0.0;40.0;0.0;15.0;0.0;0.0;0.0;0.0;0.0;0.0;0.0;888.0
Lavras da Mangabeira;AMANIUTUBA;-6.6761388888889;-38.88625;2012;5;0.0;0.0;0.0;0.0;0.0;0.0;0.0;0.0;0.0;0.0;0.0;0.0;0.0;0.0;0.0;0.0;0.0;0.0;0.0;0.0;0.0;0.0;0.0;0.0;0.0;0.0;0.0;0.0;0.0;0.0;0.0;0.0
Lavras da Mangabeira;AMANIUTUBA;-6.6761388888889;-38.88625;2012;6;6.0;0.0;0.0;0.0;0.0;0.0;0.0;0.0;0.0;0.0;0.0;0.0;0.0;0.0;0.0;0.0;0.0;0.0;0.0;0.0;0.0;0.0;0.0;0.0;6.0;0.0;0.0;0.0;0.0;0.0;0.0;888.0
Lavras da Mangabeira;AMANIUTUBA;-6.6761388888889;-38.88625;2012;7;0.0;0.0;0.0;0.0;0.0;0.0;0.0;0.0;0.0;0.0;0.0;0.0;0.0;0.0;0.0;0.0;0.0;0.0;0.0;0.0;0.0;0.0;0.0;0.0;0.0;0.0;0.0;0.0;0.0;0.0;0.0;0.0
Lavras da Mangabeira;AMANIUTUBA;-6.6761388888889;-38.88625;2012;8;0.0;0.0;0.0;0.0;0.0;0.0;0.0;0.0;0.0;0.0;0.0;0.0;0.0;0.0;0.0;0.0;0.0;0.0;0.0;0.0;0.0;0.0;0.0;0.0;0.0;0.0;0.0;0.0;0.0;0.0;0.0;0.0
Lavras da Mangabeira;AMANIUTUBA;-6.6761388888889;-38.88625;2012;9;0.0;0.0;0.0;0.0;0.0;0.0;0.0;0.0;0.0;0.0;0.0;0.0;0.0;0.0;0.0;0.0;0.0;0.0;0.0;0.0;0.0;0.0;0.0;0.0;0.0;0.0;0.0;0.0;0.0;0.0;0.0;888.0
Lavras da Mangabeira;AMANIUTUBA;-6.6761388888889;-38.88625;2012;10;0.0;0.0;0.0;0.0;0.0;0.0;0.0;0.0;0.0;0.0;0.0;0.0;0.0;0.0;0.0;0.0;0.0;0.0;0.0;0.0;0.0;0.0;0.0;0.0;0.0;0.0;0.0;0.0;0.0;0.0;0.0;0.0
Lavras da Mangabeira;AMANIUTUBA;-6.6761388888889;-38.88625;2012;11;0.0;0.0;0.0;0.0;0.0;0.0;0.0;0.0;0.0;0.0;0.0;0.0;0.0;0.0;0.0;0.0;0.0;0.0;0.0;0.0;0.0;0.0;0.0;0.0;0.0;0.0;0.0;0.0;0.0;0.0;0.0;888.0
Lavras da Mangabeira;AMANIUTUBA;-6.6761388888889;-38.88625;2012;12;0.0;0.0;0.0;0.0;0.0;0.0;0.0;0.0;0.0;0.0;0.0;0.0;0.0;0.0;0.0;0.0;0.0;0.0;0.0;0.0;0.0;0.0;0.0;0.0;0.0;0.0;0.0;0.0;0.0;0.0;0.0;0.0
Lavras da Mangabeira;AMANIUTUBA;-6.6761388888889;-38.88625;2013;1;4.0;0.0;0.0;0.0;0.0;0.0;0.0;0.0;0.0;4.0;0.0;0.0;0.0;0.0;0.0;0.0;0.0;0.0;0.0;0.0;0.0;0.0;0.0;0.0;0.0;0.0;0.0;0.0;0.0;0.0;0.0;0.0
Lavras da Mangabeira;AMANIUTUBA;-6.6761388888889;-38.88625;2013;2;44.0;0.0;0.0;0.0;0.0;0.0;0.0;0.0;0.0;0.0;0.0;3.0;0.0;0.0;0.0;15.0;11.0;0.0;0.0;15.0;0.0;0.0;0.0;0.0;0.0;0.0;0.0;0.0;0.0;888.0;888.0;888.0
Lavras da Mangabeira;AMANIUTUBA;-6.6761388888889;-38.88625;2013;3;212.0;0.0;0.0;0.0;0.0;7.0;0.0;0.0;0.0;0.0;0.0;0.0;0.0;0.0;0.0;0.0;10.0;0.0;0.0;40.0;0.0;23.0;0.0;0.0;28.0;3.0;70.0;0.0;0.0;3.0;28.0;0.0
Lavras da Mangabeira;AMANIUTUBA;-6.6761388888889;-38.88625;2013;4;92.0;0.0;7.0;5.0;0.0;0.0;0.0;0.0;0.0;0.0;0.0;0.0;0.0;0.0;0.0;0.0;0.0;0.0;0.0;0.0;7.0;25.0;0.0;0.0;0.0;11.0;5.0;12.0;0.0;12.0;8.0;888.0
Lavras da Mangabeira;AMANIUTUBA;-6.6761388888889;-38.88625;2013;5;69.0;0.0;0.0;0.0;0.0;0.0;0.0;0.0;14.0;9.0;13.0;0.0;0.0;0.0;0.0;0.0;0.0;0.0;23.0;0.0;0.0;0.0;0.0;0.0;0.0;3.0;5.0;0.0;2.0;0.0;0.0;0.0
Lavras da Mangabeira;AMANIUTUBA;-6.6761388888889;-38.88625;2013;6;44.0;0.0;0.0;0.0;0.0;5.0;0.0;0.0;0.0;0.0;0.0;0.0;0.0;0.0;16.0;0.0;0.0;0.0;0.0;0.0;0.0;0.0;8.0;15.0;0.0;0.0;0.0;0.0;0.0;0.0;0.0;888.0
Lavras da Mangabeira;AMANIUTUBA;-6.6761388888889;-38.88625;2013;7;51.0;0.0;0.0;0.0;0.0;0.0;0.0;0.0;0.0;0.0;0.0;0.0;0.0;23.0;0.0;28.0;0.0;0.0;0.0;0.0;0.0;0.0;0.0;0.0;0.0;0.0;0.0;0.0;0.0;0.0;0.0;0.0
Lavras da Mangabeira;AMANIUTUBA;-6.6761388888889;-38.88625;2013;8;0.0;0.0;0.0;0.0;0.0;0.0;0.0;0.0;0.0;0.0;0.0;0.0;0.0;0.0;0.0;0.0;0.0;0.0;0.0;0.0;0.0;0.0;0.0;0.0;0.0;0.0;0.0;0.0;0.0;0.0;0.0;0.0
Lavras da Mangabeira;AMANIUTUBA;-6.6761388888889;-38.88625;2013;9;0.0;0.0;0.0;0.0;0.0;0.0;0.0;0.0;0.0;0.0;0.0;0.0;0.0;0.0;0.0;0.0;0.0;0.0;0.0;0.0;0.0;0.0;0.0;0.0;0.0;0.0;0.0;0.0;0.0;0.0;0.0;888.0
Lavras da Mangabeira;AMANIUTUBA;-6.6761388888889;-38.88625;2013;10;22.0;0.0;0.0;0.0;0.0;0.0;0.0;0.0;0.0;0.0;0.0;0.0;0.0;0.0;0.0;0.0;0.0;0.0;0.0;0.0;0.0;0.0;0.0;0.0;0.0;0.0;0.0;20.0;2.0;0.0;0.0;0.0
Lavras da Mangabeira;AMANIUTUBA;-6.6761388888889;-38.88625;2013;11;71.0;0.0;0.0;0.0;71.0;0.0;0.0;0.0;0.0;0.0;0.0;0.0;0.0;0.0;0.0;0.0;0.0;0.0;0.0;0.0;0.0;0.0;0.0;0.0;0.0;0.0;0.0;0.0;0.0;0.0;0.0;888.0
Lavras da Mangabeira;AMANIUTUBA;-6.6761388888889;-38.88625;2013;12;63.0;0.0;0.0;0.0;0.0;0.0;0.0;0.0;0.0;0.0;0.0;0.0;0.0;0.0;0.0;0.0;0.0;0.0;0.0;63.0;0.0;0.0;0.0;0.0;0.0;0.0;0.0;0.0;0.0;0.0;0.0;0.0
Lavras da Mangabeira;AMANIUTUBA;-6.6761388888889;-38.88625;2014;1;5.0;0.0;0.0;0.0;0.0;0.0;0.0;0.0;0.0;0.0;0.0;0.0;0.0;0.0;0.0;0.0;0.0;0.0;0.0;0.0;0.0;0.0;0.0;0.0;0.0;0.0;0.0;0.0;0.0;0.0;0.0;5.0
Lavras da Mangabeira;AMANIUTUBA;-6.6761388888889;-38.88625;2014;2;4.0;0.0;0.0;0.0;0.0;0.0;0.0;0.0;0.0;0.0;0.0;0.0;0.0;0.0;0.0;0.0;4.0;0.0;0.0;0.0;0.0;0.0;0.0;0.0;0.0;0.0;0.0;0.0;0.0;888.0;888.0;888.0
Lavras da Mangabeira;AMANIUTUBA;-6.6761388888889;-38.88625;2014;3;209.0;0.0;0.0;0.0;5.0;36.0;42.0;0.0;0.0;0.0;17.0;3.0;0.0;7.0;12.0;0.0;42.0;3.0;0.0;5.0;0.0;0.0;0.0;0.0;0.0;0.0;0.0;5.0;0.0;0.0;0.0;32.0
Lavras da Mangabeira;AMANIUTUBA;-6.6761388888889;-38.88625;2014;4;61.0;0.0;0.0;20.0;0.0;0.0;0.0;0.0;5.0;0.0;1.0;0.0;35.0;0.0;0.0;0.0;0.0;0.0;0.0;0.0;0.0;0.0;0.0;0.0;0.0;0.0;0.0;0.0;0.0;0.0;0.0;888.0
Lavras da Mangabeira;AMANIUTUBA;-6.6761388888889;-38.88625;2014;5;100.0;0.0;0.0;9.0;6.0;0.0;0.0;0.0;0.0;0.0;0.0;0.0;0.0;0.0;0.0;0.0;5.0;0.0;0.0;0.0;0.0;0.0;0.0;0.0;0.0;0.0;0.0;0.0;0.0;80.0;0.0;0.0
Lavras da Mangabeira;AMANIUTUBA;-6.6761388888889;-38.88625;2014;6;6.0;0.0;0.0;0.0;0.0;0.0;0.0;0.0;0.0;0.0;0.0;0.0;0.0;0.0;0.0;0.0;0.0;0.0;0.0;0.0;0.0;0.0;0.0;0.0;0.0;0.0;0.0;6.0;0.0;0.0;0.0;888.0
Lavras da Mangabeira;AMANIUTUBA;-6.6761388888889;-38.88625;2014;7;27.0;0.0;0.0;4.0;0.0;0.0;0.0;0.0;0.0;0.0;0.0;0.0;0.0;0.0;0.0;0.0;0.0;0.0;0.0;0.0;0.0;0.0;0.0;0.0;0.0;0.0;0.0;0.0;0.0;23.0;0.0;0.0
Lavras da Mangabeira;AMANIUTUBA;-6.6761388888889;-38.88625;2014;8;0.0;0.0;0.0;0.0;0.0;0.0;0.0;0.0;0.0;0.0;0.0;0.0;0.0;0.0;0.0;0.0;0.0;0.0;0.0;0.0;0.0;0.0;0.0;0.0;0.0;0.0;0.0;0.0;0.0;0.0;0.0;0.0
Lavras da Mangabeira;AMANIUTUBA;-6.6761388888889;-38.88625;2014;9;0.0;0.0;0.0;0.0;0.0;0.0;0.0;0.0;0.0;0.0;0.0;0.0;0.0;0.0;0.0;0.0;0.0;0.0;0.0;0.0;0.0;0.0;0.0;0.0;0.0;0.0;0.0;0.0;0.0;0.0;0.0;888.0
Lavras da Mangabeira;AMANIUTUBA;-6.6761388888889;-38.88625;2014;10;50.0;0.0;0.0;50.0;0.0;0.0;0.0;0.0;0.0;0.0;0.0;0.0;0.0;0.0;0.0;0.0;0.0;0.0;0.0;0.0;0.0;0.0;0.0;0.0;0.0;0.0;0.0;0.0;0.0;0.0;0.0;0.0
Lavras da Mangabeira;AMANIUTUBA;-6.6761388888889;-38.88625;2014;11;81.0;0.0;0.0;0.0;6.0;0.0;0.0;0.0;0.0;0.0;0.0;0.0;0.0;0.0;0.0;0.0;0.0;0.0;0.0;73.0;0.0;0.0;0.0;0.0;0.0;0.0;2.0;0.0;0.0;0.0;0.0;888.0
Lavras da Mangabeira;AMANIUTUBA;-6.6761388888889;-38.88625;2014;12;7.0;0.0;0.0;0.0;0.0;4.0;0.0;0.0;0.0;0.0;0.0;0.0;0.0;0.0;0.0;0.0;0.0;0.0;0.0;0.0;3.0;999.0;999.0;999.0;999.0;999.0;999.0;999.0;999.0;999.0;999.0;999.0
Lavras da Mangabeira;AMANIUTUBA;-6.6761388888889;-38.88625;2015;1;23.0;0.0;0.0;0.0;0.0;0.0;0.0;0.0;0.0;0.0;0.0;0.0;0.0;0.0;0.0;0.0;0.0;0.0;18.0;0.0;0.0;0.0;0.0;5.0;0.0;0.0;0.0;0.0;0.0;0.0;0.0;0.0
Lavras da Mangabeira;AMANIUTUBA;-6.6761388888889;-38.88625;2015;2;64.0;0.0;0.0;0.0;0.0;32.0;0.0;0.0;0.0;0.0;0.0;0.0;0.0;0.0;5.0;0.0;0.0;0.0;0.0;0.0;2.0;0.0;0.0;0.0;0.0;25.0;0.0;0.0;0.0;888.0;888.0;888.0
Lavras da Mangabeira;AMANIUTUBA;-6.6761388888889;-38.88625;2015;3;129.0;0.0;42.0;0.0;0.0;0.0;10.0;0.0;0.0;12.0;0.0;0.0;0.0;0.0;0.0;0.0;0.0;0.0;0.0;0.0;0.0;0.0;0.0;7.0;10.0;4.0;11.0;19.0;0.0;0.0;8.0;6.0
Lavras da Mangabeira;AMANIUTUBA;-6.6761388888889;-38.88625;2015;4;98.0;0.0;0.0;0.0;0.0;0.0;0.0;0.0;13.0;0.0;5.0;0.0;19.0;59.0;0.0;2.0;0.0;0.0;0.0;0.0;0.0;0.0;0.0;0.0;0.0;0.0;0.0;0.0;0.0;0.0;0.0;888.0
Lavras da Mangabeira;AMANIUTUBA;-6.6761388888889;-38.88625;2015;5;55.2;0.0;0.0;0.0;0.0;0.0;0.0;0.0;0.0;0.0;0.0;0.0;0.0;0.0;0.0;0.0;0.0;0.0;0.0;0.0;11.2;12.0;0.0;0.0;0.0;0.0;0.0;8.0;0.0;1.0;0.0;23.0
Lavras da Mangabeira;AMANIUTUBA;-6.6761388888889;-38.88625;2015;6;33.0;0.0;0.0;0.0;0.0;0.0;0.0;0.0;24.0;0.0;0.0;0.0;0.0;0.0;0.0;0.0;0.0;0.0;0.0;0.0;0.0;0.0;0.0;0.0;3.0;6.0;0.0;0.0;0.0;0.0;0.0;888.0
Lavras da Mangabeira;AMANIUTUBA;-6.6761388888889;-38.88625;2015;7;31.0;0.0;0.0;0.0;0.0;4.0;0.0;0.0;0.0;0.0;0.0;0.0;0.0;0.0;0.0;0.0;0.0;0.0;0.0;0.0;0.0;0.0;0.0;0.0;27.0;0.0;0.0;0.0;0.0;0.0;0.0;0.0
Lavras da Mangabeira;AMANIUTUBA;-6.6761388888889;-38.88625;2015;8;20.0;20.0;0.0;0.0;0.0;0.0;0.0;0.0;0.0;0.0;0.0;0.0;0.0;0.0;0.0;0.0;0.0;0.0;0.0;0.0;0.0;0.0;0.0;0.0;0.0;0.0;0.0;0.0;0.0;0.0;0.0;0.0
Lavras da Mangabeira;AMANIUTUBA;-6.6761388888889;-38.88625;2015;9;0.0;0.0;0.0;0.0;0.0;0.0;0.0;0.0;0.0;0.0;0.0;0.0;0.0;0.0;0.0;0.0;0.0;0.0;0.0;0.0;0.0;0.0;0.0;0.0;0.0;0.0;0.0;0.0;0.0;0.0;0.0;888.0
Lavras da Mangabeira;AMANIUTUBA;-6.6761388888889;-38.88625;2015;10;0.0;0.0;0.0;0.0;0.0;0.0;0.0;0.0;0.0;0.0;0.0;0.0;0.0;0.0;0.0;0.0;0.0;0.0;0.0;0.0;0.0;0.0;0.0;0.0;0.0;0.0;0.0;0.0;0.0;0.0;0.0;0.0
Lavras da Mangabeira;AMANIUTUBA;-6.6761388888889;-38.88625;2015;11;0.0;0.0;0.0;0.0;0.0;0.0;0.0;0.0;0.0;0.0;0.0;0.0;0.0;0.0;0.0;0.0;0.0;0.0;0.0;0.0;0.0;0.0;0.0;0.0;0.0;0.0;0.0;0.0;0.0;0.0;0.0;888.0
Lavras da Mangabeira;AMANIUTUBA;-6.6761388888889;-38.88625;2015;12;35.0;0.0;0.0;0.0;0.0;0.0;0.0;0.0;0.0;0.0;0.0;0.0;0.0;0.0;0.0;0.0;0.0;0.0;0.0;18.0;0.0;0.0;0.0;0.0;17.0;0.0;0.0;0.0;0.0;0.0;0.0;0.0
Lavras da Mangabeira;AMANIUTUBA;-6.6761388888889;-38.88625;2016;1;210.5;0.0;0.0;0.0;0.0;0.0;50.0;70.0;0.0;0.0;0.0;0.0;0.0;0.0;0.0;0.0;0.0;0.0;19.0;0.0;0.0;0.0;22.0;7.0;15.0;6.0;20.0;0.0;0.0;0.0;0.0;1.5
Lavras da Mangabeira;AMANIUTUBA;-6.6761388888889;-38.88625;2016;2;39.0;0.0;3.0;0.0;0.0;0.0;0.0;0.0;0.0;0.0;0.0;0.0;0.0;0.0;4.5;0.0;0.0;0.0;0.0;0.0;24.5;0.0;0.0;0.0;7.0;0.0;0.0;0.0;0.0;0.0;888.0;888.0
Lavras da Mangabeira;AMANIUTUBA;-6.6761388888889;-38.88625;2016;3;235.0;0.0;0.0;0.0;0.0;0.0;0.0;0.0;3.0;2.5;74.0;19.0;0.0;0.0;0.0;6.5;0.0;0.0;0.0;0.0;0.0;13.0;84.0;0.0;0.0;0.0;0.0;3.0;19.0;0.0;11.0;0.0
Lavras da Mangabeira;AMANIUTUBA;-6.6761388888889;-38.88625;2016;4;39.0;0.0;0.0;0.0;4.0;0.0;0.0;0.0;0.0;0.0;0.0;0.0;8.0;0.0;0.0;15.0;12.0;0.0;0.0;0.0;0.0;0.0;0.0;0.0;0.0;0.0;0.0;0.0;0.0;0.0;0.0;888.0
Lavras da Mangabeira;AMANIUTUBA;-6.6761388888889;-38.88625;2016;5;49.5;0.0;0.0;9.0;0.0;0.0;0.0;0.0;0.0;0.0;0.0;2.0;0.0;0.0;15.0;0.0;0.0;4.5;0.0;0.0;0.0;0.0;0.0;0.0;0.0;0.0;19.0;0.0;0.0;0.0;0.0;0.0
Lavras da Mangabeira;AMANIUTUBA;-6.6761388888889;-38.88625;2016;6;29.5;0.0;0.0;0.0;0.0;0.0;0.0;0.0;0.0;0.0;0.0;0.0;0.0;0.0;0.0;0.0;0.0;0.0;0.0;0.0;0.0;0.0;0.0;29.5;0.0;0.0;0.0;0.0;0.0;0.0;0.0;888.0
Lavras da Mangabeira;AMANIUTUBA;-6.6761388888889;-38.88625;2016;7;0.0;0.0;0.0;0.0;0.0;0.0;0.0;0.0;0.0;0.0;0.0;0.0;0.0;0.0;0.0;0.0;0.0;0.0;0.0;0.0;0.0;0.0;0.0;0.0;0.0;0.0;0.0;0.0;0.0;0.0;0.0;0.0
Lavras da Mangabeira;AMANIUTUBA;-6.6761388888889;-38.88625;2016;8;0.0;0.0;0.0;0.0;0.0;0.0;0.0;0.0;0.0;0.0;0.0;999.0;999.0;999.0;999.0;999.0;999.0;999.0;999.0;999.0;999.0;999.0;999.0;999.0;999.0;999.0;999.0;999.0;999.0;999.0;999.0;999.0
Lavras da Mangabeira;AMANIUTUBA;-6.6761388888889;-38.88625;2016;12;34.0;0.0;0.0;0.0;0.0;0.0;0.0;0.0;0.0;0.0;0.0;0.0;0.0;0.0;27.0;0.0;0.0;0.0;0.0;0.0;0.0;0.0;0.0;0.0;0.0;7.0;0.0;0.0;0.0;0.0;0.0;0.0
Lavras da Mangabeira;AMANIUTUBA;-6.6761388888889;-38.88625;2017;1;130.0;0.0;0.0;0.0;0.0;0.0;0.0;0.0;46.0;0.0;0.0;0.0;0.0;0.0;0.0;0.0;3.0;0.0;35.0;0.0;5.0;0.0;0.0;18.0;0.0;0.0;23.0;0.0;0.0;0.0;0.0;0.0
Lavras da Mangabeira;AMANIUTUBA;-6.6761388888889;-38.88625;2017;2;112.5;0.0;0.0;0.0;0.0;0.0;0.0;0.0;0.0;0.0;0.0;30.0;0.0;0.0;0.0;5.0;0.0;0.0;31.5;0.0;23.0;0.0;0.0;0.0;0.0;15.0;0.0;0.0;8.0;888.0;888.0;888.0
Lavras da Mangabeira;AMANIUTUBA;-6.6761388888889;-38.88625;2017;3;196.5;0.0;4.0;0.0;0.0;4.0;7.5;0.0;0.0;5.0;11.0;63.5;0.0;21.5;4.0;8.0;8.0;12.0;25.0;0.0;0.0;0.0;0.0;0.0;5.0;0.0;0.0;0.0;0.0;0.0;0.0;18.0
Lavras da Mangabeira;AMANIUTUBA;-6.6761388888889;-38.88625;2017;4;95.5;37.0;0.0;9.0;2.0;5.0;0.0;0.0;14.0;0.0;4.0;16.0;0.0;8.5;0.0;0.0;0.0;0.0;0.0;0.0;0.0;0.0;0.0;0.0;0.0;0.0;0.0;0.0;0.0;0.0;0.0;888.0
Lavras da Mangabeira;AMANIUTUBA;-6.6761388888889;-38.88625;2017;5;81.0;7.0;0.0;0.0;0.0;0.0;0.0;0.0;0.0;0.0;0.0;0.0;0.0;0.0;0.0;0.0;9.0;0.0;40.0;6.0;19.0;0.0;0.0;0.0;0.0;0.0;0.0;0.0;0.0;0.0;0.0;0.0
Lavras da Mangabeira;AMANIUTUBA;-6.6761388888889;-38.88625;2017;6;35.5;22.0;0.0;13.5;0.0;0.0;0.0;0.0;0.0;0.0;0.0;0.0;0.0;0.0;0.0;0.0;0.0;0.0;0.0;0.0;0.0;0.0;0.0;0.0;0.0;0.0;0.0;0.0;0.0;0.0;0.0;888.0
Lavras da Mangabeira;AMANIUTUBA;-6.6761388888889;-38.88625;2017;7;45.5;27.0;7.0;0.0;0.0;0.0;0.0;0.0;0.0;0.0;0.0;0.0;0.0;0.0;0.0;0.0;0.0;0.0;0.0;0.0;0.0;0.0;0.0;0.0;11.5;0.0;0.0;0.0;0.0;0.0;0.0;0.0
Lavras da Mangabeira;AMANIUTUBA;-6.6761388888889;-38.88625;2017;8;0.0;0.0;0.0;0.0;0.0;0.0;0.0;0.0;0.0;0.0;0.0;0.0;0.0;0.0;0.0;0.0;0.0;0.0;0.0;0.0;0.0;0.0;0.0;0.0;0.0;0.0;0.0;0.0;0.0;0.0;0.0;0.0
Lavras da Mangabeira;AMANIUTUBA;-6.6761388888889;-38.88625;2017;9;0.0;0.0;0.0;0.0;0.0;0.0;0.0;0.0;0.0;0.0;0.0;0.0;0.0;0.0;0.0;0.0;0.0;0.0;0.0;0.0;0.0;0.0;0.0;0.0;0.0;0.0;0.0;0.0;0.0;0.0;0.0;888.0
Lavras da Mangabeira;AMANIUTUBA;-6.6761388888889;-38.88625;2017;10;0.0;0.0;0.0;0.0;0.0;0.0;0.0;0.0;0.0;0.0;0.0;0.0;0.0;0.0;0.0;0.0;0.0;0.0;0.0;0.0;0.0;0.0;0.0;0.0;0.0;0.0;0.0;0.0;0.0;0.0;0.0;0.0
Lavras da Mangabeira;AMANIUTUBA;-6.6761388888889;-38.88625;2017;11;0.0;0.0;0.0;0.0;0.0;0.0;0.0;0.0;0.0;0.0;0.0;0.0;0.0;0.0;0.0;0.0;0.0;0.0;0.0;0.0;0.0;0.0;0.0;0.0;0.0;0.0;0.0;0.0;0.0;0.0;0.0;888.0
Lavras da Mangabeira;AMANIUTUBA;-6.6761388888889;-38.88625;2017;12;0.0;0.0;0.0;0.0;0.0;0.0;0.0;0.0;0.0;0.0;0.0;0.0;0.0;0.0;0.0;0.0;0.0;0.0;0.0;0.0;0.0;0.0;0.0;0.0;0.0;0.0;0.0;0.0;0.0;0.0;0.0;0.0
Lavras da Mangabeira;AMANIUTUBA;-6.6761388888889;-38.88625;2018;1;120.0;0.0;0.0;0.0;0.0;0.0;2.0;0.0;1.0;0.0;0.0;0.0;0.0;4.0;0.0;6.0;0.0;0.0;0.0;0.0;64.0;0.0;0.0;0.0;0.0;35.0;0.0;8.0;0.0;0.0;0.0;0.0
Lavras da Mangabeira;AMANIUTUBA;-6.6761388888889;-38.88625;2018;2;195.0;0.0;0.0;0.0;0.0;0.0;0.0;0.0;4.0;0.0;0.0;19.0;0.0;2.0;31.0;10.0;0.0;40.0;54.0;5.0;5.0;8.0;0.0;0.0;12.0;5.0;0.0;0.0;0.0;888.0;888.0;888.0
Lavras da Mangabeira;AMANIUTUBA;-6.6761388888889;-38.88625;2018;3;76.5;4.0;5.0;0.0;7.5;14.0;0.0;0.0;0.0;0.0;0.0;0.0;0.0;0.0;20.0;0.0;0.0;0.0;0.0;0.0;0.0;0.0;7.0;0.0;15.0;4.0;0.0;0.0;0.0;0.0;0.0;0.0
Lavras da Mangabeira;AMANIUTUBA;-6.6761388888889;-38.88625;2018;4;218.0;0.0;20.0;14.0;0.0;11.0;11.0;10.0;0.0;19.5;8.5;0.0;0.0;98.0;0.0;26.0;0.0;0.0;0.0;0.0;0.0;0.0;0.0;0.0;0.0;0.0;0.0;0.0;0.0;0.0;0.0;888.0
Lavras da Mangabeira;AMANIUTUBA;-6.6761388888889;-38.88625;2018;5;0.0;0.0;0.0;0.0;0.0;0.0;0.0;0.0;0.0;0.0;0.0;0.0;0.0;0.0;0.0;0.0;0.0;0.0;0.0;0.0;0.0;0.0;0.0;0.0;0.0;0.0;0.0;0.0;0.0;0.0;0.0;0.0
Lavras da Mangabeira;AMANIUTUBA;-6.6761388888889;-38.88625;2018;6;13.0;0.0;0.0;0.0;0.0;0.0;0.0;0.0;0.0;6.0;0.0;0.0;0.0;0.0;0.0;0.0;0.0;0.0;0.0;7.0;0.0;0.0;0.0;0.0;0.0;0.0;0.0;0.0;0.0;0.0;0.0;888.0
Lavras da Mangabeira;AMANIUTUBA;-6.6761388888889;-38.88625;2018;7;0.0;0.0;0.0;0.0;0.0;0.0;0.0;0.0;0.0;0.0;0.0;0.0;0.0;0.0;0.0;0.0;0.0;0.0;0.0;0.0;0.0;0.0;0.0;0.0;0.0;0.0;0.0;0.0;0.0;0.0;0.0;0.0
Lavras da Mangabeira;AMANIUTUBA;-6.6761388888889;-38.88625;2018;8;2.0;2.0;0.0;0.0;0.0;0.0;0.0;0.0;0.0;0.0;0.0;0.0;0.0;0.0;0.0;0.0;0.0;0.0;0.0;0.0;0.0;0.0;0.0;0.0;0.0;0.0;0.0;0.0;0.0;0.0;0.0;0.0
Lavras da Mangabeira;AMANIUTUBA;-6.6761388888889;-38.88625;2018;9;0.0;0.0;0.0;0.0;0.0;0.0;0.0;0.0;0.0;0.0;0.0;0.0;0.0;0.0;999.0;999.0;999.0;999.0;999.0;999.0;999.0;999.0;999.0;999.0;999.0;999.0;999.0;999.0;999.0;999.0;999.0;888.0
