Municipios;Postos;Latitude;Longitude;Anos;Meses;Total;Dia1;Dia2;Dia3;Dia4;Dia5;Dia6;Dia7;Dia8;Dia9;Dia10;Dia11;Dia12;Dia13;Dia14;Dia15;Dia16;Dia17;Dia18;Dia19;Dia20;Dia21;Dia22;Dia23;Dia24;Dia25;Dia26;Dia27;Dia28;Dia29;Dia30;Dia31
Carnaubal;CARNAUBAL;-4.1645833333333;-40.941555555556;1978;1;0.0;0.0;0.0;0.0;0.0;0.0;0.0;0.0;0.0;0.0;0.0;0.0;0.0;0.0;0.0;0.0;0.0;0.0;0.0;0.0;0.0;0.0;0.0;0.0;0.0;0.0;0.0;0.0;0.0;0.0;0.0;0.0
Carnaubal;CARNAUBAL;-4.1645833333333;-40.941555555556;1978;2;112.6;0.0;0.0;0.0;0.0;0.0;0.0;0.0;0.0;8.6;11.8;88.8;0.8;0.0;0.4;0.0;0.0;0.0;0.0;0.0;0.0;0.0;0.0;0.0;0.4;0.0;0.0;1.6;0.2;888.0;888.0;888.0
Carnaubal;CARNAUBAL;-4.1645833333333;-40.941555555556;1978;3;144.7;14.2;1.8;0.0;1.8;0.0;13.0;6.6;0.2;95.0;5.2;0.0;0.0;0.0;1.6;0.0;0.0;1.4;0.0;0.0;0.0;0.0;0.0;0.0;0.0;0.0;0.0;2.0;0.0;0.0;1.9;0.0
Carnaubal;CARNAUBAL;-4.1645833333333;-40.941555555556;1978;4;147.0;0.0;0.0;0.0;0.0;0.0;0.0;0.0;1.2;11.8;0.0;0.0;0.0;0.0;0.0;25.6;0.0;0.0;0.0;0.0;37.0;33.0;0.0;19.8;0.0;0.0;0.0;0.0;7.0;1.8;9.8;888.0
Carnaubal;CARNAUBAL;-4.1645833333333;-40.941555555556;1978;5;83.0;0.0;0.0;0.0;0.0;20.0;14.0;0.0;13.8;4.8;0.0;2.2;12.4;0.0;0.0;8.8;0.0;0.2;0.0;0.0;0.0;0.0;0.0;0.0;0.0;0.0;0.0;0.0;0.0;5.4;0.0;1.4
Carnaubal;CARNAUBAL;-4.1645833333333;-40.941555555556;1978;6;3.6;0.0;0.0;0.0;0.0;0.0;0.0;0.0;0.0;0.0;0.0;0.0;0.0;0.0;0.2;0.0;0.0;0.0;0.0;0.0;0.0;0.0;0.0;0.0;0.0;0.0;0.0;0.0;0.0;3.4;0.0;888.0
Carnaubal;CARNAUBAL;-4.1645833333333;-40.941555555556;1978;7;10.6;0.0;0.0;0.0;0.0;0.0;0.0;0.0;0.0;0.0;0.0;0.0;0.0;0.0;0.0;0.0;5.6;0.0;0.0;0.0;0.0;0.0;0.0;0.0;0.0;2.8;0.0;0.0;0.0;0.0;2.2;0.0
Carnaubal;CARNAUBAL;-4.1645833333333;-40.941555555556;1978;8;0.0;0.0;0.0;0.0;0.0;0.0;0.0;0.0;0.0;0.0;0.0;0.0;0.0;0.0;0.0;0.0;0.0;0.0;0.0;0.0;0.0;0.0;0.0;0.0;0.0;0.0;0.0;0.0;0.0;0.0;0.0;0.0
Carnaubal;CARNAUBAL;-4.1645833333333;-40.941555555556;1978;9;6.8;0.0;0.0;0.0;0.0;0.0;6.8;0.0;0.0;0.0;0.0;0.0;0.0;0.0;0.0;0.0;0.0;0.0;0.0;0.0;0.0;0.0;0.0;0.0;0.0;0.0;0.0;0.0;0.0;0.0;0.0;888.0
Carnaubal;CARNAUBAL;-4.1645833333333;-40.941555555556;1978;10;0.0;0.0;0.0;0.0;0.0;0.0;0.0;0.0;0.0;0.0;0.0;0.0;0.0;0.0;0.0;0.0;0.0;0.0;0.0;0.0;0.0;0.0;0.0;0.0;0.0;0.0;0.0;0.0;0.0;0.0;0.0;0.0
Carnaubal;CARNAUBAL;-4.1645833333333;-40.941555555556;1978;11;0.0;0.0;0.0;0.0;0.0;0.0;0.0;0.0;0.0;0.0;0.0;0.0;0.0;0.0;0.0;0.0;0.0;0.0;0.0;0.0;0.0;0.0;0.0;0.0;0.0;0.0;0.0;0.0;0.0;0.0;0.0;888.0
Carnaubal;CARNAUBAL;-4.1645833333333;-40.941555555556;1978;12;30.4;0.0;12.0;13.4;2.2;1.4;0.0;0.0;0.0;0.0;0.0;0.0;1.4;0.0;0.0;0.0;0.0;0.0;0.0;0.0;0.0;0.0;0.0;0.0;0.0;0.0;0.0;0.0;0.0;0.0;0.0;0.0
Carnaubal;CARNAUBAL;-4.1645833333333;-40.941555555556;1979;1;48.6;0.0;0.0;0.0;0.0;0.0;0.0;0.0;0.0;0.0;0.0;0.0;0.0;0.0;4.8;0.0;30.0;1.6;0.0;0.0;0.0;0.0;2.8;7.4;0.0;0.0;0.0;2.0;0.0;0.0;0.0;0.0
Carnaubal;CARNAUBAL;-4.1645833333333;-40.941555555556;1979;2;34.4;0.0;0.0;0.0;0.0;0.0;0.0;0.0;0.0;0.0;0.0;0.0;0.0;0.0;0.0;2.4;1.0;0.0;0.0;0.0;0.6;0.0;0.0;8.2;5.0;0.2;0.0;0.0;17.0;888.0;888.0;888.0
Carnaubal;CARNAUBAL;-4.1645833333333;-40.941555555556;1979;3;149.4;4.0;0.0;9.0;0.0;0.0;0.0;0.0;0.0;1.0;0.0;0.0;0.0;2.0;1.6;27.0;0.4;0.8;0.0;0.0;0.0;12.0;0.0;0.0;0.0;0.0;0.0;51.0;33.6;0.2;4.8;2.0
Carnaubal;CARNAUBAL;-4.1645833333333;-40.941555555556;1979;4;56.6;0.0;0.0;0.0;0.0;0.0;0.6;0.0;0.4;0.0;0.0;0.0;0.0;0.0;0.0;2.0;0.0;0.0;17.2;0.0;0.0;2.0;0.0;0.6;11.8;21.4;0.0;0.2;0.0;0.4;0.0;888.0
Carnaubal;CARNAUBAL;-4.1645833333333;-40.941555555556;1979;5;112.6;0.8;0.0;0.0;4.2;7.2;0.0;0.0;0.0;0.0;0.0;11.6;4.0;53.4;7.6;0.6;3.2;0.0;7.6;2.4;0.0;0.0;0.0;0.0;0.0;1.2;0.0;0.0;0.0;8.8;0.0;0.0
Carnaubal;CARNAUBAL;-4.1645833333333;-40.941555555556;1979;6;14.8;0.0;0.0;0.0;0.0;0.0;9.8;0.0;0.0;0.0;1.2;2.0;0.0;0.0;0.0;0.0;0.0;0.0;0.0;0.0;0.0;0.0;0.0;0.0;0.0;0.0;1.8;0.0;0.0;0.0;0.0;888.0
Carnaubal;CARNAUBAL;-4.1645833333333;-40.941555555556;1979;7;1.6;1.0;0.0;0.2;0.4;0.0;0.0;0.0;0.0;0.0;0.0;0.0;0.0;0.0;0.0;0.0;0.0;0.0;0.0;0.0;0.0;0.0;0.0;0.0;0.0;0.0;0.0;0.0;0.0;0.0;0.0;0.0
Carnaubal;CARNAUBAL;-4.1645833333333;-40.941555555556;1979;8;27.0;0.0;0.0;0.0;0.0;0.0;0.0;0.0;0.0;0.0;0.0;0.0;0.0;0.0;0.0;0.0;0.0;0.0;0.0;0.0;0.0;0.0;0.0;0.0;0.0;27.0;0.0;0.0;0.0;0.0;0.0;0.0
Carnaubal;CARNAUBAL;-4.1645833333333;-40.941555555556;1979;9;0.0;0.0;0.0;0.0;0.0;0.0;0.0;0.0;0.0;0.0;0.0;0.0;0.0;0.0;0.0;0.0;0.0;0.0;0.0;0.0;0.0;0.0;0.0;0.0;0.0;0.0;0.0;0.0;0.0;0.0;0.0;888.0
Carnaubal;CARNAUBAL;-4.1645833333333;-40.941555555556;1979;10;0.0;0.0;0.0;0.0;0.0;0.0;0.0;0.0;0.0;0.0;0.0;0.0;0.0;0.0;0.0;0.0;0.0;0.0;0.0;0.0;0.0;0.0;0.0;0.0;0.0;0.0;0.0;0.0;0.0;0.0;0.0;0.0
Carnaubal;CARNAUBAL;-4.1645833333333;-40.941555555556;1979;11;0.0;0.0;0.0;0.0;0.0;0.0;0.0;0.0;0.0;0.0;0.0;0.0;0.0;0.0;0.0;0.0;0.0;0.0;0.0;0.0;0.0;0.0;0.0;0.0;0.0;0.0;0.0;0.0;0.0;0.0;0.0;888.0
Carnaubal;CARNAUBAL;-4.1645833333333;-40.941555555556;1979;12;0.0;0.0;0.0;0.0;0.0;0.0;0.0;0.0;0.0;0.0;0.0;0.0;0.0;0.0;0.0;0.0;0.0;0.0;0.0;0.0;0.0;0.0;0.0;0.0;0.0;0.0;0.0;0.0;0.0;0.0;0.0;0.0
Carnaubal;CARNAUBAL;-4.1645833333333;-40.941555555556;1980;1;33.0;0.0;0.0;0.0;0.0;0.0;0.0;0.0;0.0;0.0;0.0;2.8;0.0;10.6;0.0;1.2;0.0;0.0;11.6;4.4;0.0;0.2;2.2;0.0;0.0;0.0;0.0;0.0;0.0;0.0;0.0;0.0
Carnaubal;CARNAUBAL;-4.1645833333333;-40.941555555556;1980;2;254.2;0.0;0.0;0.4;0.0;37.6;0.4;0.0;0.0;2.8;0.2;7.8;0.0;0.0;2.2;14.0;25.4;21.4;1.2;99.0;0.0;0.0;0.4;4.6;0.8;3.0;3.2;15.4;9.2;5.2;888.0;888.0
Carnaubal;CARNAUBAL;-4.1645833333333;-40.941555555556;1980;3;138.8;62.6;0.0;0.0;7.2;0.0;40.4;11.0;11.0;0.0;0.0;0.0;2.8;0.0;0.0;0.0;0.0;0.0;0.0;0.0;0.0;0.0;3.8;0.0;0.0;0.0;0.0;0.0;0.0;0.0;0.0;0.0
Carnaubal;CARNAUBAL;-4.1645833333333;-40.941555555556;1980;4;24.2;0.0;0.0;0.0;0.0;0.0;0.0;0.0;0.0;0.0;0.0;2.8;3.8;0.0;2.6;0.0;0.0;0.0;0.0;0.0;0.0;0.0;8.2;0.0;0.0;0.0;0.0;6.8;0.0;0.0;0.0;888.0
Carnaubal;CARNAUBAL;-4.1645833333333;-40.941555555556;1980;5;8.0;2.4;2.6;0.0;0.0;0.0;0.0;0.0;0.0;0.0;0.0;0.0;0.0;0.0;3.0;0.0;0.0;0.0;0.0;0.0;0.0;0.0;0.0;0.0;0.0;0.0;0.0;0.0;0.0;0.0;0.0;0.0
Carnaubal;CARNAUBAL;-4.1645833333333;-40.941555555556;1980;6;3.2;0.0;0.0;0.0;0.0;0.0;0.2;0.0;0.0;3.0;0.0;0.0;0.0;0.0;0.0;0.0;0.0;0.0;0.0;0.0;0.0;0.0;0.0;0.0;0.0;0.0;0.0;0.0;0.0;0.0;0.0;888.0
Carnaubal;CARNAUBAL;-4.1645833333333;-40.941555555556;1980;7;0.0;0.0;0.0;0.0;0.0;0.0;0.0;0.0;0.0;0.0;0.0;0.0;0.0;0.0;0.0;0.0;0.0;0.0;0.0;0.0;0.0;0.0;0.0;0.0;0.0;0.0;0.0;0.0;0.0;0.0;0.0;0.0
Carnaubal;CARNAUBAL;-4.1645833333333;-40.941555555556;1980;8;0.0;0.0;0.0;0.0;0.0;0.0;0.0;0.0;0.0;0.0;0.0;0.0;0.0;0.0;0.0;0.0;0.0;0.0;0.0;0.0;0.0;0.0;0.0;0.0;0.0;0.0;0.0;0.0;0.0;0.0;0.0;0.0
Carnaubal;CARNAUBAL;-4.1645833333333;-40.941555555556;1980;9;0.0;0.0;0.0;0.0;0.0;0.0;0.0;0.0;0.0;0.0;0.0;0.0;0.0;0.0;0.0;0.0;0.0;0.0;0.0;0.0;0.0;0.0;0.0;0.0;0.0;0.0;0.0;0.0;0.0;0.0;0.0;888.0
Carnaubal;CARNAUBAL;-4.1645833333333;-40.941555555556;1980;10;0.0;0.0;0.0;0.0;0.0;0.0;0.0;0.0;0.0;0.0;0.0;0.0;0.0;0.0;0.0;0.0;0.0;0.0;0.0;0.0;0.0;0.0;0.0;0.0;0.0;0.0;0.0;0.0;0.0;0.0;0.0;0.0
Carnaubal;CARNAUBAL;-4.1645833333333;-40.941555555556;1980;11;55.2;0.0;0.0;0.0;0.0;0.0;0.0;0.0;0.0;0.0;0.0;0.0;0.0;0.0;0.0;0.0;0.0;55.2;0.0;0.0;0.0;0.0;0.0;0.0;0.0;0.0;0.0;0.0;0.0;0.0;0.0;888.0
Carnaubal;CARNAUBAL;-4.1645833333333;-40.941555555556;1980;12;0.8;0.0;0.0;0.0;0.0;0.0;0.0;0.0;0.0;0.0;0.0;0.0;0.0;0.0;0.0;0.0;0.0;0.0;0.0;0.0;0.0;0.0;0.4;0.0;0.0;0.0;0.0;0.0;0.0;0.0;0.4;0.0
Carnaubal;CARNAUBAL;-4.1645833333333;-40.941555555556;1981;1;28.9;0.0;0.0;0.0;0.0;0.0;0.0;0.0;0.0;0.0;0.2;2.6;0.0;0.0;0.0;0.0;0.6;0.0;1.2;1.8;0.0;1.8;0.0;0.0;0.0;0.0;2.4;2.0;5.1;0.0;11.2;0.0
Carnaubal;CARNAUBAL;-4.1645833333333;-40.941555555556;1981;2;20.4;0.0;0.0;0.0;0.0;1.2;4.4;0.0;0.0;0.0;0.0;0.0;0.0;1.2;5.6;0.0;0.0;2.2;5.8;0.0;0.0;0.0;0.0;0.0;0.0;0.0;0.0;0.0;0.0;888.0;888.0;888.0
Carnaubal;CARNAUBAL;-4.1645833333333;-40.941555555556;1981;3;215.0;0.0;0.0;0.0;0.0;0.0;0.0;0.0;0.0;0.0;0.0;0.4;0.2;56.2;0.0;22.2;26.6;3.4;0.0;1.8;2.8;0.0;0.0;20.0;7.0;4.8;0.2;16.0;0.0;36.4;0.0;17.0
Carnaubal;CARNAUBAL;-4.1645833333333;-40.941555555556;1981;4;61.2;26.8;4.8;2.2;9.2;0.0;18.0;0.2;0.0;0.0;0.0;0.0;0.0;0.0;0.0;0.0;0.0;0.0;0.0;0.0;0.0;0.0;0.0;0.0;0.0;0.0;0.0;0.0;0.0;0.0;0.0;888.0
Carnaubal;CARNAUBAL;-4.1645833333333;-40.941555555556;1981;5;100.8;85.2;0.0;0.0;0.0;0.0;0.0;0.0;0.0;0.0;0.0;1.2;0.0;0.0;7.8;0.0;0.0;1.6;3.2;0.0;0.0;0.0;0.0;0.0;0.0;0.0;0.0;0.0;0.0;1.8;0.0;0.0
Carnaubal;CARNAUBAL;-4.1645833333333;-40.941555555556;1981;6;0.0;0.0;0.0;0.0;0.0;0.0;0.0;0.0;0.0;0.0;0.0;0.0;0.0;0.0;0.0;0.0;0.0;0.0;0.0;0.0;0.0;0.0;0.0;0.0;0.0;0.0;0.0;0.0;0.0;0.0;0.0;888.0
Carnaubal;CARNAUBAL;-4.1645833333333;-40.941555555556;1981;7;0.0;0.0;0.0;0.0;0.0;0.0;0.0;0.0;0.0;0.0;0.0;0.0;0.0;0.0;0.0;0.0;0.0;0.0;0.0;0.0;0.0;0.0;0.0;0.0;0.0;0.0;0.0;0.0;0.0;0.0;0.0;0.0
Carnaubal;CARNAUBAL;-4.1645833333333;-40.941555555556;1981;8;31.4;0.0;0.0;0.0;0.0;0.0;0.0;0.0;0.0;0.0;0.0;0.0;0.0;0.0;0.0;0.0;0.0;0.0;0.0;0.0;30.4;0.0;0.0;0.0;0.0;0.0;0.0;0.0;1.0;0.0;0.0;0.0
Carnaubal;CARNAUBAL;-4.1645833333333;-40.941555555556;1981;9;0.0;0.0;0.0;0.0;0.0;0.0;0.0;0.0;0.0;0.0;0.0;0.0;0.0;0.0;0.0;0.0;0.0;0.0;0.0;0.0;0.0;0.0;0.0;0.0;0.0;0.0;0.0;0.0;0.0;0.0;0.0;888.0
Carnaubal;CARNAUBAL;-4.1645833333333;-40.941555555556;1981;10;0.0;0.0;0.0;0.0;0.0;0.0;0.0;0.0;0.0;0.0;0.0;0.0;0.0;0.0;0.0;0.0;0.0;0.0;0.0;0.0;0.0;0.0;0.0;0.0;0.0;0.0;0.0;0.0;0.0;0.0;0.0;0.0
Carnaubal;CARNAUBAL;-4.1645833333333;-40.941555555556;1981;11;0.0;0.0;0.0;0.0;0.0;0.0;0.0;0.0;0.0;0.0;0.0;0.0;0.0;0.0;0.0;0.0;0.0;0.0;0.0;0.0;0.0;0.0;0.0;0.0;0.0;0.0;0.0;0.0;0.0;0.0;0.0;888.0
Carnaubal;CARNAUBAL;-4.1645833333333;-40.941555555556;1981;12;26.4;0.0;0.0;0.0;0.0;0.0;0.0;0.0;0.0;0.0;0.0;0.0;0.0;0.0;0.0;0.0;0.0;0.0;0.0;0.0;12.0;3.8;2.2;6.4;2.0;0.0;0.0;0.0;0.0;0.0;0.0;0.0
Carnaubal;CARNAUBAL;-4.1645833333333;-40.941555555556;1982;1;65.2;0.0;0.0;0.0;0.0;0.0;0.0;13.2;5.2;0.0;0.0;0.0;0.0;0.0;0.0;0.0;0.0;0.0;0.0;0.0;0.0;0.0;0.0;0.0;0.0;1.6;36.0;1.8;0.0;7.4;0.0;0.0
Carnaubal;CARNAUBAL;-4.1645833333333;-40.941555555556;1982;2;68.4;3.6;1.8;1.0;0.0;0.0;0.0;0.0;0.8;6.8;0.0;0.0;0.0;0.0;0.0;0.0;0.0;0.0;9.6;0.0;0.0;0.0;0.8;1.2;2.0;11.2;17.0;12.6;0.0;888.0;888.0;888.0
Carnaubal;CARNAUBAL;-4.1645833333333;-40.941555555556;1982;3;94.8;0.0;5.2;7.6;11.0;9.8;4.0;0.4;5.2;1.8;0.0;2.6;0.0;0.0;0.0;6.4;0.0;0.0;0.0;0.0;4.0;0.0;0.0;0.0;0.0;6.6;0.0;18.2;8.0;4.0;0.0;0.0
Carnaubal;CARNAUBAL;-4.1645833333333;-40.941555555556;1982;4;124.0;25.0;0.0;0.0;0.0;6.6;0.0;0.0;0.0;0.0;0.0;0.0;0.0;8.8;8.0;0.8;0.0;0.0;0.0;0.0;0.0;2.6;3.6;66.6;0.0;0.0;0.0;0.8;0.4;0.8;0.0;888.0
Carnaubal;CARNAUBAL;-4.1645833333333;-40.941555555556;1982;5;19.6;0.0;2.4;0.0;0.0;0.0;0.0;2.8;1.6;6.8;0.0;0.0;1.0;0.0;0.0;0.0;0.0;0.0;0.0;0.0;0.0;0.0;5.0;0.0;0.0;0.0;0.0;0.0;0.0;0.0;0.0;0.0
Carnaubal;CARNAUBAL;-4.1645833333333;-40.941555555556;1982;6;11.2;11.0;0.2;0.0;0.0;0.0;0.0;0.0;0.0;0.0;0.0;0.0;0.0;0.0;0.0;0.0;0.0;0.0;0.0;0.0;0.0;0.0;0.0;0.0;0.0;0.0;0.0;0.0;0.0;0.0;0.0;888.0
Carnaubal;CARNAUBAL;-4.1645833333333;-40.941555555556;1982;7;0.0;0.0;0.0;0.0;0.0;0.0;0.0;0.0;0.0;0.0;0.0;0.0;0.0;0.0;0.0;0.0;0.0;0.0;0.0;0.0;0.0;0.0;0.0;0.0;0.0;0.0;0.0;0.0;0.0;0.0;0.0;0.0
Carnaubal;CARNAUBAL;-4.1645833333333;-40.941555555556;1982;8;0.0;0.0;0.0;0.0;0.0;0.0;0.0;0.0;0.0;0.0;0.0;0.0;0.0;0.0;0.0;0.0;0.0;0.0;0.0;0.0;0.0;0.0;0.0;0.0;0.0;0.0;0.0;0.0;0.0;0.0;0.0;0.0
Carnaubal;CARNAUBAL;-4.1645833333333;-40.941555555556;1982;9;0.0;0.0;0.0;0.0;0.0;0.0;0.0;0.0;0.0;0.0;0.0;0.0;0.0;0.0;0.0;0.0;0.0;0.0;0.0;0.0;0.0;0.0;0.0;0.0;0.0;0.0;0.0;0.0;0.0;0.0;0.0;888.0
Carnaubal;CARNAUBAL;-4.1645833333333;-40.941555555556;1982;10;0.0;0.0;0.0;0.0;0.0;0.0;0.0;0.0;0.0;0.0;0.0;0.0;0.0;0.0;0.0;0.0;0.0;0.0;0.0;0.0;0.0;0.0;0.0;0.0;0.0;0.0;0.0;0.0;0.0;0.0;0.0;0.0
Carnaubal;CARNAUBAL;-4.1645833333333;-40.941555555556;1982;11;2.0;0.0;0.0;0.0;0.0;0.0;0.0;0.0;0.0;0.0;0.0;0.0;0.0;0.0;0.0;0.0;0.0;0.0;0.0;0.0;0.0;0.0;0.0;0.0;0.0;0.0;0.0;2.0;0.0;0.0;0.0;888.0
Carnaubal;CARNAUBAL;-4.1645833333333;-40.941555555556;1982;12;15.0;0.0;0.0;0.0;0.0;0.0;0.0;0.0;0.0;0.0;0.0;0.0;0.0;0.0;0.0;0.0;0.0;0.0;0.0;0.0;0.0;0.0;0.0;0.0;0.0;0.0;15.0;0.0;0.0;0.0;0.0;0.0
Carnaubal;CARNAUBAL;-4.1645833333333;-40.941555555556;1983;1;0.0;0.0;0.0;0.0;0.0;0.0;0.0;0.0;0.0;0.0;0.0;0.0;0.0;0.0;0.0;0.0;0.0;0.0;0.0;0.0;0.0;0.0;0.0;0.0;0.0;0.0;0.0;0.0;0.0;0.0;0.0;0.0
Carnaubal;CARNAUBAL;-4.1645833333333;-40.941555555556;1983;2;87.0;0.0;0.0;10.0;4.0;0.0;33.2;1.0;0.8;0.0;0.0;0.0;7.0;0.0;0.0;0.0;0.0;20.4;9.2;0.0;1.4;0.0;0.0;0.0;0.0;0.0;0.0;0.0;0.0;888.0;888.0;888.0
Carnaubal;CARNAUBAL;-4.1645833333333;-40.941555555556;1983;3;26.6;0.0;0.0;0.0;0.0;0.0;0.0;0.0;0.0;0.0;0.0;0.0;2.0;0.0;0.0;0.0;0.0;0.0;0.0;0.0;0.0;0.0;0.0;0.0;8.0;3.8;2.6;7.2;1.2;1.2;0.0;0.6
Carnaubal;CARNAUBAL;-4.1645833333333;-40.941555555556;1983;4;64.2;0.0;0.0;3.8;0.0;0.0;21.8;24.8;3.0;1.4;0.0;1.0;0.0;0.0;0.0;0.0;2.0;6.4;0.0;0.0;0.0;0.0;0.0;0.0;0.0;0.0;0.0;0.0;0.0;0.0;0.0;888.0
Carnaubal;CARNAUBAL;-4.1645833333333;-40.941555555556;1983;5;12.2;0.0;0.0;0.0;0.0;0.0;5.0;0.0;0.0;0.0;0.0;5.4;0.0;0.0;0.0;0.0;0.0;0.0;0.0;0.0;0.0;0.0;0.0;0.0;0.0;0.0;0.0;0.0;0.0;1.8;0.0;0.0
Carnaubal;CARNAUBAL;-4.1645833333333;-40.941555555556;1983;6;0.6;0.0;0.0;0.0;0.0;0.0;0.0;0.0;0.0;0.0;0.0;0.0;0.0;0.6;0.0;0.0;0.0;0.0;0.0;0.0;0.0;0.0;0.0;0.0;0.0;0.0;0.0;0.0;0.0;0.0;0.0;888.0
Carnaubal;CARNAUBAL;-4.1645833333333;-40.941555555556;1983;7;0.0;0.0;0.0;0.0;0.0;0.0;0.0;0.0;0.0;0.0;0.0;0.0;0.0;0.0;0.0;0.0;0.0;0.0;0.0;0.0;0.0;0.0;0.0;0.0;0.0;0.0;0.0;0.0;0.0;0.0;0.0;0.0
Carnaubal;CARNAUBAL;-4.1645833333333;-40.941555555556;1983;8;0.0;0.0;0.0;0.0;0.0;0.0;0.0;0.0;0.0;0.0;0.0;0.0;0.0;0.0;0.0;0.0;0.0;0.0;0.0;0.0;0.0;0.0;0.0;0.0;0.0;0.0;0.0;0.0;0.0;0.0;0.0;0.0
Carnaubal;CARNAUBAL;-4.1645833333333;-40.941555555556;1983;9;0.0;0.0;0.0;0.0;0.0;0.0;0.0;0.0;0.0;0.0;0.0;0.0;0.0;0.0;0.0;0.0;0.0;0.0;0.0;0.0;0.0;0.0;0.0;0.0;0.0;0.0;0.0;0.0;0.0;0.0;0.0;888.0
Carnaubal;CARNAUBAL;-4.1645833333333;-40.941555555556;1983;10;0.0;0.0;0.0;0.0;0.0;0.0;0.0;0.0;0.0;0.0;0.0;0.0;0.0;0.0;0.0;0.0;0.0;0.0;0.0;0.0;0.0;0.0;0.0;0.0;0.0;0.0;0.0;0.0;0.0;0.0;0.0;0.0
Carnaubal;CARNAUBAL;-4.1645833333333;-40.941555555556;1983;11;0.0;0.0;0.0;0.0;0.0;0.0;0.0;0.0;0.0;0.0;0.0;0.0;0.0;0.0;0.0;0.0;0.0;0.0;0.0;0.0;0.0;0.0;0.0;0.0;0.0;0.0;0.0;0.0;0.0;0.0;0.0;888.0
Carnaubal;CARNAUBAL;-4.1645833333333;-40.941555555556;1983;12;0.2;0.0;0.0;0.0;0.0;0.0;0.0;0.0;0.0;0.0;0.0;0.0;0.0;0.0;0.0;0.0;0.0;0.0;0.0;0.0;0.0;0.2;0.0;0.0;0.0;0.0;0.0;0.0;0.0;0.0;0.0;0.0
Carnaubal;CARNAUBAL;-4.1645833333333;-40.941555555556;1984;1;73.8;0.0;0.0;0.0;0.0;0.0;0.0;0.0;3.0;5.2;2.4;0.0;0.0;0.0;0.0;54.0;0.0;0.4;0.0;2.8;0.0;0.0;0.0;0.0;0.0;0.0;6.0;0.0;0.0;0.0;0.0;0.0
Carnaubal;CARNAUBAL;-4.1645833333333;-40.941555555556;1984;2;94.4;0.0;0.0;0.0;11.0;2.0;5.0;2.0;0.0;0.0;0.0;0.0;0.0;0.0;29.0;3.6;0.0;0.0;0.0;0.4;0.2;0.0;0.0;19.6;0.0;1.4;0.0;0.0;0.4;19.8;888.0;888.0
Carnaubal;CARNAUBAL;-4.1645833333333;-40.941555555556;1984;3;278.4;7.8;6.2;2.2;14.0;0.0;1.4;0.0;0.0;0.0;12.2;13.6;0.0;24.4;56.0;17.2;0.4;24.0;0.0;0.0;3.0;2.4;39.0;0.0;0.0;7.8;23.4;0.2;9.4;13.8;0.0;0.0
Carnaubal;CARNAUBAL;-4.1645833333333;-40.941555555556;1984;4;289.1;32.4;8.0;10.4;3.2;5.8;4.6;4.6;8.0;1.2;27.2;9.4;4.0;1.4;34.0;29.5;12.0;1.0;1.6;3.0;39.8;15.0;5.0;1.0;7.4;9.0;0.0;0.0;10.0;0.6;0.0;888.0
Carnaubal;CARNAUBAL;-4.1645833333333;-40.941555555556;1984;5;124.0;4.0;2.4;11.2;0.0;0.0;0.0;0.0;25.0;0.0;0.0;35.0;0.0;14.0;1.4;0.0;0.0;6.2;0.0;5.8;0.6;6.0;2.6;0.4;0.0;9.0;0.0;0.4;0.0;0.0;0.0;0.0
Carnaubal;CARNAUBAL;-4.1645833333333;-40.941555555556;1984;6;39.4;0.0;7.4;21.8;2.8;0.0;0.0;0.0;0.0;0.0;0.0;4.8;2.2;0.0;0.0;0.0;0.0;0.0;0.4;0.0;0.0;0.0;0.0;0.0;0.0;0.0;0.0;0.0;0.0;0.0;0.0;888.0
Carnaubal;CARNAUBAL;-4.1645833333333;-40.941555555556;1984;7;7.4;0.0;0.0;0.0;0.0;0.0;2.8;0.0;0.2;0.0;0.0;0.0;0.0;0.0;0.0;0.0;0.0;3.8;0.6;0.0;0.0;0.0;0.0;0.0;0.0;0.0;0.0;0.0;0.0;0.0;0.0;0.0
Carnaubal;CARNAUBAL;-4.1645833333333;-40.941555555556;1984;8;0.0;0.0;0.0;0.0;0.0;0.0;0.0;0.0;0.0;0.0;0.0;0.0;0.0;0.0;0.0;0.0;0.0;0.0;0.0;0.0;0.0;0.0;0.0;0.0;0.0;0.0;0.0;0.0;0.0;0.0;0.0;0.0
Carnaubal;CARNAUBAL;-4.1645833333333;-40.941555555556;1984;9;0.0;0.0;0.0;0.0;0.0;0.0;0.0;0.0;0.0;0.0;0.0;0.0;0.0;0.0;0.0;0.0;0.0;0.0;0.0;0.0;0.0;0.0;0.0;0.0;0.0;0.0;0.0;0.0;0.0;0.0;0.0;888.0
Carnaubal;CARNAUBAL;-4.1645833333333;-40.941555555556;1984;10;3.0;0.0;0.0;0.0;0.0;0.0;0.0;0.0;0.0;0.0;3.0;0.0;0.0;0.0;0.0;0.0;0.0;0.0;0.0;0.0;0.0;0.0;0.0;0.0;0.0;0.0;0.0;0.0;0.0;0.0;0.0;0.0
Carnaubal;CARNAUBAL;-4.1645833333333;-40.941555555556;1984;11;9.4;0.0;0.0;0.0;0.0;0.0;0.0;0.0;0.0;0.0;0.0;0.0;0.0;0.0;9.4;0.0;0.0;0.0;0.0;0.0;0.0;0.0;0.0;0.0;0.0;0.0;0.0;0.0;0.0;0.0;0.0;888.0
Carnaubal;CARNAUBAL;-4.1645833333333;-40.941555555556;1984;12;21.0;0.0;0.0;0.0;0.0;0.0;0.0;0.0;0.0;0.0;0.0;0.0;0.0;0.0;0.0;0.0;0.0;0.0;0.0;0.0;0.0;0.0;0.0;18.6;0.0;0.0;0.0;0.0;0.0;0.0;0.0;2.4
Carnaubal;CARNAUBAL;-4.1645833333333;-40.941555555556;1985;1;198.0;0.0;0.0;0.0;0.0;5.8;0.6;1.4;1.4;12.0;7.6;3.0;0.2;4.6;0.0;0.0;0.0;2.4;50.2;54.0;2.6;0.2;2.6;8.0;8.0;0.0;0.0;3.6;5.0;0.0;11.0;13.8
Carnaubal;CARNAUBAL;-4.1645833333333;-40.941555555556;1985;2;164.6;0.0;1.0;5.2;0.0;1.8;15.0;3.8;1.6;0.0;0.2;3.8;0.2;0.0;3.4;0.0;15.6;1.8;9.6;3.0;2.6;8.6;14.8;14.0;21.8;12.0;0.4;0.0;24.4;888.0;888.0;888.0
Carnaubal;CARNAUBAL;-4.1645833333333;-40.941555555556;1985;3;430.8;2.0;22.0;0.4;3.0;1.6;4.8;0.0;0.2;0.0;16.6;0.0;16.8;1.4;9.0;4.2;8.4;16.2;63.2;36.0;54.0;1.0;14.0;46.4;90.0;0.0;0.4;11.2;0.4;0.0;7.6;0.0
Carnaubal;CARNAUBAL;-4.1645833333333;-40.941555555556;1985;4;420.0;6.0;19.6;3.8;0.0;24.0;6.4;11.6;60.0;1.0;16.6;1.0;14.8;3.4;32.6;3.2;56.8;0.4;12.0;7.2;37.4;1.2;15.4;2.0;14.4;10.6;1.0;3.8;6.2;41.6;6.0;888.0
Carnaubal;CARNAUBAL;-4.1645833333333;-40.941555555556;1985;5;174.8;1.0;45.4;7.4;0.0;0.0;5.6;6.6;1.4;3.4;0.0;17.2;20.2;0.0;14.0;0.0;0.0;0.0;0.0;0.0;19.0;23.4;1.2;0.0;0.0;0.0;0.0;0.0;0.0;9.0;0.0;0.0
Carnaubal;CARNAUBAL;-4.1645833333333;-40.941555555556;1985;6;93.4;0.0;5.2;0.0;0.0;50.0;0.0;0.0;0.0;0.0;0.0;0.0;3.4;4.2;21.0;0.0;0.0;2.4;4.2;3.0;0.0;0.0;0.0;0.0;0.0;0.0;0.0;0.0;0.0;0.0;0.0;888.0
Carnaubal;CARNAUBAL;-4.1645833333333;-40.941555555556;1985;7;44.8;13.0;3.8;0.0;7.0;0.0;0.0;9.8;0.0;0.0;0.0;4.2;2.2;0.0;0.4;0.4;1.4;0.0;0.0;2.6;0.0;0.0;0.0;0.0;0.0;0.0;0.0;0.0;0.0;0.0;0.0;0.0
Carnaubal;CARNAUBAL;-4.1645833333333;-40.941555555556;1985;8;2.8;1.4;0.0;0.0;0.0;0.0;0.0;1.4;0.0;0.0;0.0;0.0;0.0;0.0;0.0;0.0;0.0;0.0;0.0;0.0;0.0;0.0;0.0;0.0;0.0;0.0;0.0;0.0;0.0;0.0;0.0;0.0
Carnaubal;CARNAUBAL;-4.1645833333333;-40.941555555556;1985;9;0.0;0.0;0.0;0.0;0.0;0.0;0.0;0.0;0.0;0.0;0.0;0.0;0.0;0.0;0.0;0.0;0.0;0.0;0.0;0.0;0.0;0.0;0.0;0.0;0.0;0.0;0.0;0.0;0.0;0.0;0.0;888.0
Carnaubal;CARNAUBAL;-4.1645833333333;-40.941555555556;1985;10;0.0;0.0;0.0;0.0;0.0;0.0;0.0;0.0;0.0;0.0;0.0;0.0;0.0;0.0;0.0;0.0;0.0;0.0;0.0;0.0;0.0;0.0;0.0;0.0;0.0;0.0;0.0;0.0;0.0;0.0;0.0;0.0
Carnaubal;CARNAUBAL;-4.1645833333333;-40.941555555556;1985;11;0.0;0.0;0.0;0.0;0.0;0.0;0.0;0.0;0.0;0.0;0.0;0.0;0.0;0.0;0.0;0.0;0.0;0.0;0.0;0.0;0.0;0.0;0.0;0.0;0.0;0.0;0.0;0.0;0.0;0.0;0.0;888.0
Carnaubal;CARNAUBAL;-4.1645833333333;-40.941555555556;1985;12;97.2;0.0;0.0;0.0;0.0;0.0;4.6;1.4;0.0;0.0;0.0;4.6;3.2;0.2;0.0;0.0;0.0;0.0;14.4;0.0;0.0;0.0;0.0;25.0;8.2;16.4;4.0;5.0;0.0;0.0;7.2;3.0
Carnaubal;CARNAUBAL;-4.1645833333333;-40.941555555556;1986;1;41.4;0.0;0.0;0.0;3.8;3.6;0.0;2.0;0.0;0.2;5.0;0.0;0.0;0.0;0.0;0.0;0.0;0.4;0.2;0.0;0.0;0.0;0.6;0.0;0.0;0.0;0.0;0.0;2.2;0.4;8.4;14.6
Carnaubal;CARNAUBAL;-4.1645833333333;-40.941555555556;1986;2;188.2;2.4;0.0;6.2;2.4;32.4;9.0;6.8;4.2;0.0;0.0;23.0;0.0;8.6;9.0;0.0;26.8;2.4;0.0;0.0;0.0;0.0;27.8;17.6;0.0;0.0;0.4;3.2;6.0;888.0;888.0;888.0
Carnaubal;CARNAUBAL;-4.1645833333333;-40.941555555556;1986;3;267.0;16.6;1.2;0.0;20.4;4.4;7.4;5.2;1.4;37.6;3.0;5.8;5.2;9.0;31.0;16.0;3.2;5.0;10.0;0.0;7.0;0.0;0.0;13.2;15.0;28.4;0.0;2.0;4.0;5.4;8.0;1.6
Carnaubal;CARNAUBAL;-4.1645833333333;-40.941555555556;1986;4;192.0;4.4;10.8;2.2;0.0;12.6;0.0;6.8;6.0;14.4;1.2;0.0;4.8;19.4;12.0;0.0;7.0;5.0;0.0;20.8;19.2;0.0;0.0;0.0;4.0;0.0;0.0;10.8;7.4;23.2;0.0;888.0
Carnaubal;CARNAUBAL;-4.1645833333333;-40.941555555556;1986;5;81.2;2.8;3.8;0.0;0.0;0.0;0.0;0.0;13.8;0.0;0.0;0.0;0.0;0.0;0.0;0.0;0.0;0.0;0.0;0.0;0.0;2.0;0.0;23.0;2.0;10.0;5.6;0.0;0.0;9.8;0.0;8.4
Carnaubal;CARNAUBAL;-4.1645833333333;-40.941555555556;1986;6;10.4;0.0;0.0;7.8;0.0;0.0;0.0;0.0;0.0;0.0;0.4;0.0;0.0;0.0;0.0;0.0;0.0;0.0;1.6;0.0;0.0;0.6;0.0;0.0;0.0;0.0;0.0;0.0;0.0;0.0;0.0;888.0
Carnaubal;CARNAUBAL;-4.1645833333333;-40.941555555556;1986;7;51.2;0.0;40.0;0.0;0.0;0.0;0.0;8.0;0.0;0.0;2.0;0.0;0.0;1.2;0.0;0.0;0.0;0.0;0.0;0.0;0.0;0.0;0.0;0.0;0.0;0.0;0.0;0.0;0.0;0.0;0.0;0.0
Carnaubal;CARNAUBAL;-4.1645833333333;-40.941555555556;1986;8;6.0;0.0;0.0;0.0;0.0;0.0;0.0;0.0;0.0;0.0;0.0;0.0;0.0;0.0;0.0;0.0;0.0;0.0;0.0;0.0;0.0;0.0;0.0;0.0;0.0;0.0;0.0;0.0;6.0;0.0;0.0;0.0
Carnaubal;CARNAUBAL;-4.1645833333333;-40.941555555556;1986;9;2.0;0.0;2.0;0.0;0.0;0.0;0.0;0.0;0.0;0.0;0.0;0.0;0.0;0.0;0.0;0.0;0.0;0.0;0.0;0.0;0.0;0.0;0.0;0.0;0.0;0.0;0.0;0.0;0.0;0.0;0.0;888.0
Carnaubal;CARNAUBAL;-4.1645833333333;-40.941555555556;1986;10;0.0;0.0;0.0;0.0;0.0;0.0;0.0;0.0;0.0;0.0;0.0;0.0;0.0;0.0;0.0;0.0;0.0;0.0;0.0;0.0;0.0;0.0;0.0;0.0;0.0;0.0;0.0;0.0;0.0;0.0;0.0;0.0
Carnaubal;CARNAUBAL;-4.1645833333333;-40.941555555556;1986;11;0.0;0.0;0.0;0.0;0.0;0.0;0.0;0.0;0.0;0.0;0.0;0.0;0.0;0.0;0.0;0.0;0.0;0.0;0.0;0.0;0.0;0.0;0.0;0.0;0.0;0.0;0.0;0.0;0.0;0.0;0.0;888.0
Carnaubal;CARNAUBAL;-4.1645833333333;-40.941555555556;1986;12;17.0;0.0;0.0;0.0;0.0;0.0;0.0;0.0;0.0;0.0;0.0;0.0;0.0;0.0;0.0;0.0;0.0;0.0;0.0;0.0;0.0;0.0;0.0;0.0;0.0;0.0;0.0;0.0;0.0;0.0;17.0;0.0
Carnaubal;CARNAUBAL;-4.1645833333333;-40.941555555556;1987;1;18.8;8.0;0.0;0.0;0.0;0.0;0.0;0.0;0.0;0.0;0.0;0.4;0.0;0.0;0.0;0.0;0.0;0.0;7.2;0.0;3.2;0.0;0.0;0.0;0.0;0.0;0.0;0.0;0.0;0.0;0.0;0.0
Carnaubal;CARNAUBAL;-4.1645833333333;-40.941555555556;1987;2;46.2;0.0;0.0;0.0;0.0;0.0;0.0;0.0;0.0;1.2;2.2;2.6;0.0;1.6;21.6;16.6;0.0;0.4;0.0;0.0;0.0;0.0;0.0;0.0;0.0;0.0;0.0;0.0;0.0;888.0;888.0;888.0
Carnaubal;CARNAUBAL;-4.1645833333333;-40.941555555556;1987;3;204.6;0.0;0.0;5.0;4.0;0.0;2.0;0.0;6.2;17.0;0.6;0.4;16.8;30.8;6.6;3.8;0.0;19.8;0.4;26.6;2.0;0.0;1.2;19.0;25.0;0.0;3.4;2.0;4.0;2.0;1.6;4.4
Carnaubal;CARNAUBAL;-4.1645833333333;-40.941555555556;1987;4;75.8;0.0;0.0;0.0;0.0;1.0;6.0;6.8;0.0;5.8;23.0;0.0;0.0;0.0;0.0;0.0;6.2;0.0;5.0;0.0;2.0;3.4;5.0;3.6;5.4;2.6;0.0;0.0;0.0;0.0;0.0;888.0
Carnaubal;CARNAUBAL;-4.1645833333333;-40.941555555556;1987;5;13.8;0.0;8.0;0.8;1.2;0.0;0.0;0.0;0.0;0.0;0.0;1.0;0.0;0.0;0.0;0.0;0.0;0.0;0.0;0.0;0.0;0.0;0.0;0.0;0.0;0.0;0.0;2.8;0.0;0.0;0.0;0.0
Carnaubal;CARNAUBAL;-4.1645833333333;-40.941555555556;1987;6;31.0;0.0;0.0;0.0;0.0;0.0;0.0;30.2;0.0;0.0;0.0;0.0;0.0;0.0;0.0;0.0;0.0;0.0;0.0;0.0;0.0;0.0;0.0;0.0;0.0;0.0;0.0;0.0;0.0;0.0;0.8;888.0
Carnaubal;CARNAUBAL;-4.1645833333333;-40.941555555556;1987;7;0.0;0.0;0.0;0.0;0.0;0.0;0.0;0.0;0.0;0.0;0.0;0.0;0.0;0.0;0.0;0.0;0.0;0.0;0.0;0.0;0.0;0.0;0.0;0.0;0.0;0.0;0.0;0.0;0.0;0.0;0.0;0.0
Carnaubal;CARNAUBAL;-4.1645833333333;-40.941555555556;1987;8;0.0;0.0;0.0;0.0;0.0;0.0;0.0;0.0;0.0;0.0;0.0;0.0;0.0;0.0;0.0;0.0;0.0;0.0;0.0;0.0;0.0;0.0;0.0;0.0;0.0;0.0;0.0;0.0;0.0;0.0;0.0;0.0
Carnaubal;CARNAUBAL;-4.1645833333333;-40.941555555556;1987;9;0.0;0.0;0.0;0.0;0.0;0.0;0.0;0.0;0.0;0.0;0.0;0.0;0.0;0.0;0.0;0.0;0.0;0.0;0.0;0.0;0.0;0.0;0.0;0.0;0.0;0.0;0.0;0.0;0.0;0.0;0.0;888.0
Carnaubal;CARNAUBAL;-4.1645833333333;-40.941555555556;1987;10;0.0;0.0;0.0;0.0;0.0;0.0;0.0;0.0;0.0;0.0;0.0;0.0;0.0;0.0;0.0;0.0;0.0;0.0;0.0;0.0;0.0;0.0;0.0;0.0;0.0;0.0;0.0;0.0;0.0;0.0;0.0;0.0
Carnaubal;CARNAUBAL;-4.1645833333333;-40.941555555556;1987;11;0.0;0.0;0.0;0.0;0.0;0.0;0.0;0.0;0.0;0.0;0.0;0.0;0.0;0.0;0.0;0.0;0.0;0.0;0.0;0.0;0.0;0.0;0.0;0.0;0.0;0.0;0.0;0.0;0.0;0.0;0.0;888.0
Carnaubal;CARNAUBAL;-4.1645833333333;-40.941555555556;1987;12;0.0;0.0;0.0;0.0;0.0;0.0;0.0;0.0;0.0;0.0;0.0;0.0;0.0;0.0;0.0;0.0;0.0;0.0;0.0;0.0;0.0;0.0;0.0;0.0;0.0;0.0;0.0;0.0;0.0;0.0;0.0;0.0
Carnaubal;CARNAUBAL;-4.1645833333333;-40.941555555556;1988;1;55.4;0.0;0.0;0.0;0.0;0.0;0.0;0.0;0.0;0.0;0.0;0.0;0.0;0.0;0.0;0.0;0.0;0.0;0.0;0.0;0.0;0.0;0.0;0.0;0.0;0.0;15.0;40.4;0.0;0.0;0.0;0.0
Carnaubal;CARNAUBAL;-4.1645833333333;-40.941555555556;1988;2;44.2;0.0;0.0;0.0;0.0;0.0;0.0;0.0;0.0;0.0;0.0;0.0;0.0;29.0;9.8;0.0;0.0;1.6;0.0;0.0;0.0;0.0;0.0;0.0;3.2;0.0;0.0;0.0;0.6;0.0;888.0;888.0
Carnaubal;CARNAUBAL;-4.1645833333333;-40.941555555556;1988;3;190.8;4.0;15.6;0.0;2.2;13.4;0.0;0.0;0.0;13.4;8.0;10.0;4.4;4.2;0.0;16.8;3.8;0.0;0.0;5.4;28.2;5.6;32.4;7.2;2.8;0.0;4.8;6.8;0.0;0.0;0.0;1.8
Carnaubal;CARNAUBAL;-4.1645833333333;-40.941555555556;1988;4;246.8;29.6;12.0;0.0;0.0;0.0;0.0;0.0;9.4;0.0;4.8;0.0;0.0;45.8;18.4;3.0;17.4;53.2;0.0;7.8;0.0;5.0;2.0;3.2;0.0;0.0;0.0;0.0;10.6;7.0;17.6;888.0
Carnaubal;CARNAUBAL;-4.1645833333333;-40.941555555556;1988;5;167.2;33.6;4.0;4.6;24.4;0.0;0.0;0.0;0.0;0.0;70.8;0.0;0.0;0.0;0.0;9.0;7.0;0.0;0.0;0.0;0.0;0.0;0.0;13.8;0.0;0.0;0.0;0.0;0.0;0.0;0.0;0.0
Carnaubal;CARNAUBAL;-4.1645833333333;-40.941555555556;1988;6;9.0;0.0;0.0;0.0;0.0;0.0;0.0;0.0;0.0;0.0;0.0;0.0;0.0;9.0;0.0;0.0;0.0;0.0;0.0;0.0;0.0;0.0;0.0;0.0;0.0;0.0;0.0;0.0;0.0;0.0;0.0;888.0
Carnaubal;CARNAUBAL;-4.1645833333333;-40.941555555556;1988;7;0.0;0.0;0.0;0.0;0.0;0.0;0.0;0.0;0.0;0.0;0.0;0.0;0.0;0.0;0.0;0.0;0.0;0.0;0.0;0.0;0.0;0.0;0.0;0.0;0.0;0.0;0.0;0.0;0.0;0.0;0.0;0.0
Carnaubal;CARNAUBAL;-4.1645833333333;-40.941555555556;1988;8;0.0;0.0;0.0;0.0;0.0;0.0;0.0;0.0;0.0;0.0;0.0;0.0;0.0;0.0;0.0;0.0;0.0;0.0;0.0;0.0;0.0;0.0;0.0;0.0;0.0;0.0;0.0;0.0;0.0;0.0;0.0;0.0
Carnaubal;CARNAUBAL;-4.1645833333333;-40.941555555556;1988;9;0.0;0.0;0.0;0.0;0.0;0.0;0.0;0.0;0.0;0.0;0.0;0.0;0.0;0.0;0.0;0.0;0.0;0.0;0.0;0.0;0.0;0.0;0.0;0.0;0.0;0.0;0.0;0.0;0.0;0.0;0.0;888.0
Carnaubal;CARNAUBAL;-4.1645833333333;-40.941555555556;1988;10;0.0;0.0;0.0;0.0;0.0;0.0;0.0;0.0;0.0;0.0;0.0;0.0;0.0;0.0;0.0;0.0;0.0;0.0;0.0;0.0;0.0;0.0;0.0;0.0;0.0;0.0;0.0;0.0;0.0;0.0;0.0;0.0
Carnaubal;CARNAUBAL;-4.1645833333333;-40.941555555556;1988;11;0.0;0.0;0.0;0.0;0.0;0.0;0.0;0.0;0.0;0.0;0.0;0.0;0.0;0.0;0.0;0.0;0.0;0.0;0.0;0.0;0.0;0.0;0.0;0.0;0.0;0.0;0.0;0.0;0.0;0.0;0.0;888.0
Carnaubal;CARNAUBAL;-4.1645833333333;-40.941555555556;1988;12;101.2;0.0;0.0;0.0;0.0;0.0;0.0;3.0;8.0;0.0;0.0;0.0;0.0;0.0;0.0;0.0;28.6;0.0;15.6;3.6;0.0;23.8;5.0;0.0;9.0;0.0;0.0;0.0;0.0;0.0;0.0;4.6
Carnaubal;CARNAUBAL;-4.1645833333333;-40.941555555556;1989;1;73.2;1.0;1.6;0.0;0.0;0.0;0.0;0.0;0.0;0.0;0.0;0.0;0.0;0.0;3.2;0.0;0.0;0.0;0.0;0.0;0.0;0.0;0.0;5.8;53.6;0.0;0.0;0.0;8.0;0.0;0.0;0.0
Carnaubal;CARNAUBAL;-4.1645833333333;-40.941555555556;1989;2;89.2;0.0;0.0;0.0;0.0;0.0;0.0;0.0;50.4;0.0;0.0;0.0;0.0;0.0;0.0;0.0;0.0;0.0;0.0;0.0;0.0;5.0;0.8;0.0;9.0;0.0;0.0;0.0;24.0;888.0;888.0;888.0
Carnaubal;CARNAUBAL;-4.1645833333333;-40.941555555556;1989;3;260.8;1.0;1.6;0.0;12.6;8.0;0.0;0.0;0.0;0.0;23.0;2.4;0.0;0.8;0.0;0.0;17.8;20.0;4.0;0.0;0.0;0.0;0.0;3.6;23.8;37.0;0.0;0.0;3.8;2.6;3.8;95.0
Carnaubal;CARNAUBAL;-4.1645833333333;-40.941555555556;1989;4;361.6;32.6;45.0;15.0;4.8;13.6;0.0;36.2;18.2;0.0;5.6;28.2;13.8;2.4;7.6;0.0;0.0;12.0;0.0;29.0;0.0;0.0;0.0;0.0;34.2;3.2;30.6;23.8;5.8;0.0;0.0;888.0
Carnaubal;CARNAUBAL;-4.1645833333333;-40.941555555556;1989;5;83.4;0.0;0.0;4.2;10.2;13.4;0.0;0.0;0.0;0.0;4.6;15.8;2.0;4.6;0.0;0.0;0.0;0.0;0.0;0.0;11.0;9.0;2.6;0.0;0.0;0.0;0.0;0.0;0.0;0.0;6.0;0.0
Carnaubal;CARNAUBAL;-4.1645833333333;-40.941555555556;1989;6;51.6;0.0;12.6;0.0;0.0;0.0;0.0;0.0;0.0;0.0;0.0;0.0;0.0;28.0;0.0;0.0;0.0;0.0;0.0;0.0;0.0;0.0;0.0;0.0;0.0;0.0;0.0;0.0;11.0;0.0;0.0;888.0
Carnaubal;CARNAUBAL;-4.1645833333333;-40.941555555556;1989;7;72.2;0.0;0.0;0.0;0.0;0.0;60.0;0.0;0.0;0.0;8.0;0.0;0.0;0.0;0.0;0.0;0.0;0.0;0.0;0.0;0.0;0.0;0.0;0.0;4.2;0.0;0.0;0.0;0.0;0.0;0.0;0.0
Carnaubal;CARNAUBAL;-4.1645833333333;-40.941555555556;1989;8;13.0;0.0;0.0;0.0;0.0;0.0;0.0;6.0;0.0;0.0;0.0;0.0;0.0;0.0;0.0;3.8;2.4;0.0;0.0;0.8;0.0;0.0;0.0;0.0;0.0;0.0;0.0;0.0;0.0;0.0;0.0;0.0
Carnaubal;CARNAUBAL;-4.1645833333333;-40.941555555556;1989;9;39.0;0.0;0.0;0.0;0.0;0.0;0.0;0.0;0.0;0.0;0.0;0.0;0.0;0.0;0.0;0.0;0.0;0.0;0.0;36.0;3.0;0.0;0.0;0.0;0.0;0.0;0.0;0.0;0.0;0.0;0.0;888.0
Carnaubal;CARNAUBAL;-4.1645833333333;-40.941555555556;1989;10;0.0;0.0;0.0;0.0;0.0;0.0;0.0;0.0;0.0;0.0;0.0;0.0;0.0;0.0;0.0;0.0;0.0;0.0;0.0;0.0;0.0;0.0;0.0;0.0;0.0;0.0;0.0;0.0;0.0;0.0;0.0;0.0
Carnaubal;CARNAUBAL;-4.1645833333333;-40.941555555556;1989;11;0.0;0.0;0.0;0.0;0.0;0.0;0.0;0.0;0.0;0.0;0.0;0.0;0.0;0.0;0.0;0.0;0.0;0.0;0.0;0.0;0.0;0.0;0.0;0.0;0.0;0.0;0.0;0.0;0.0;0.0;0.0;888.0
Carnaubal;CARNAUBAL;-4.1645833333333;-40.941555555556;1989;12;173.6;0.0;0.0;0.0;0.0;0.0;0.0;0.0;0.0;0.0;0.0;0.0;0.0;5.0;0.8;0.0;0.0;0.0;2.0;0.2;3.8;3.4;0.0;0.0;23.0;25.0;100.0;1.4;2.4;6.6;0.0;0.0
Carnaubal;CARNAUBAL;-4.1645833333333;-40.941555555556;1990;1;7.0;0.0;0.0;0.0;0.0;0.0;0.0;0.0;0.0;0.0;0.0;0.0;0.0;0.0;0.0;0.0;0.0;0.0;0.0;0.0;0.0;0.0;0.0;0.0;0.0;0.0;0.0;0.0;0.0;0.0;0.0;7.0
Carnaubal;CARNAUBAL;-4.1645833333333;-40.941555555556;1990;2;141.0;0.0;0.0;0.0;0.0;0.0;0.0;0.0;7.0;26.4;4.2;0.0;12.0;0.0;0.0;0.0;0.0;14.4;0.0;0.0;0.0;0.0;0.0;0.0;6.8;6.0;0.0;9.0;55.2;888.0;888.0;888.0
Carnaubal;CARNAUBAL;-4.1645833333333;-40.941555555556;1990;3;87.4;0.0;3.0;45.0;0.0;7.2;9.6;0.0;0.0;0.0;0.0;0.0;0.6;0.8;6.2;0.0;0.0;0.0;0.0;0.0;0.0;0.0;0.0;0.0;0.0;9.2;0.0;0.0;0.0;0.0;5.8;0.0
Carnaubal;CARNAUBAL;-4.1645833333333;-40.941555555556;1990;4;49.4;0.0;0.0;2.0;11.6;0.6;1.6;7.8;3.4;4.0;0.0;0.0;0.0;0.0;0.0;0.0;0.0;0.0;0.0;0.0;0.0;0.0;0.0;0.0;0.0;15.0;0.0;0.0;3.4;0.0;0.0;888.0
Carnaubal;CARNAUBAL;-4.1645833333333;-40.941555555556;1990;5;92.4;15.8;0.0;18.0;0.0;21.0;0.0;0.0;0.0;0.0;0.0;0.0;0.0;0.0;0.0;12.0;21.0;0.0;0.0;0.0;0.0;0.0;0.0;0.0;0.0;0.0;0.0;0.0;4.6;0.0;0.0;0.0
Carnaubal;CARNAUBAL;-4.1645833333333;-40.941555555556;1990;6;18.2;0.0;0.0;2.0;0.0;0.0;0.0;5.2;11.0;0.0;0.0;0.0;0.0;0.0;0.0;0.0;0.0;0.0;0.0;0.0;0.0;0.0;0.0;0.0;0.0;0.0;0.0;0.0;0.0;0.0;0.0;888.0
Carnaubal;CARNAUBAL;-4.1645833333333;-40.941555555556;1990;7;7.6;0.0;0.0;0.0;7.6;0.0;0.0;0.0;0.0;0.0;0.0;0.0;0.0;0.0;0.0;0.0;0.0;0.0;0.0;0.0;0.0;0.0;0.0;0.0;0.0;0.0;0.0;0.0;0.0;0.0;0.0;0.0
Carnaubal;CARNAUBAL;-4.1645833333333;-40.941555555556;1990;8;0.0;0.0;0.0;0.0;0.0;0.0;0.0;0.0;0.0;0.0;0.0;0.0;0.0;0.0;0.0;0.0;0.0;0.0;0.0;0.0;0.0;0.0;0.0;0.0;0.0;0.0;0.0;0.0;0.0;0.0;0.0;0.0
Carnaubal;CARNAUBAL;-4.1645833333333;-40.941555555556;1990;9;0.0;0.0;0.0;0.0;0.0;0.0;0.0;0.0;0.0;0.0;0.0;0.0;0.0;0.0;0.0;0.0;0.0;0.0;0.0;0.0;0.0;0.0;0.0;0.0;0.0;0.0;0.0;0.0;0.0;0.0;0.0;888.0
Carnaubal;CARNAUBAL;-4.1645833333333;-40.941555555556;1990;10;0.0;0.0;0.0;0.0;0.0;0.0;0.0;0.0;0.0;0.0;0.0;0.0;0.0;0.0;0.0;0.0;0.0;0.0;0.0;0.0;0.0;0.0;0.0;0.0;0.0;0.0;0.0;0.0;0.0;0.0;0.0;0.0
Carnaubal;CARNAUBAL;-4.1645833333333;-40.941555555556;1990;11;54.0;0.0;0.0;0.0;0.0;0.0;0.0;0.0;0.0;0.0;0.0;0.0;0.0;0.0;0.0;0.0;0.0;0.0;0.0;0.0;0.0;22.0;32.0;0.0;0.0;0.0;0.0;0.0;0.0;0.0;0.0;888.0
Carnaubal;CARNAUBAL;-4.1645833333333;-40.941555555556;1990;12;0.0;0.0;0.0;0.0;0.0;0.0;0.0;0.0;0.0;0.0;0.0;0.0;0.0;0.0;0.0;0.0;0.0;0.0;0.0;0.0;0.0;0.0;0.0;0.0;0.0;0.0;0.0;0.0;0.0;0.0;0.0;0.0
Carnaubal;CARNAUBAL;-4.1645833333333;-40.941555555556;1991;1;59.8;0.0;0.0;1.8;0.0;0.0;0.0;7.6;0.0;0.0;0.0;0.0;0.0;0.0;0.0;0.0;0.0;4.6;16.0;0.0;0.0;0.0;20.0;5.0;2.8;0.0;0.0;0.0;0.0;0.0;2.0;0.0
Carnaubal;CARNAUBAL;-4.1645833333333;-40.941555555556;1991;2;128.8;0.0;1.6;0.0;10.6;0.0;0.0;1.0;0.0;0.0;0.0;0.0;0.0;0.0;0.0;0.0;39.0;0.0;0.0;7.4;42.2;0.0;0.0;0.0;9.0;0.0;16.0;2.0;0.0;888.0;888.0;888.0
Carnaubal;CARNAUBAL;-4.1645833333333;-40.941555555556;1991;3;210.2;0.0;0.0;0.0;3.0;5.0;17.2;0.0;0.0;10.0;0.0;0.0;4.6;3.4;1.0;18.0;32.6;0.0;0.0;15.0;0.0;0.0;0.0;0.0;28.6;14.8;0.0;0.0;24.0;33.0;0.0;0.0
Carnaubal;CARNAUBAL;-4.1645833333333;-40.941555555556;1991;4;57.0;14.6;0.0;0.0;0.0;4.4;0.0;0.0;0.0;2.0;0.0;1.0;8.4;0.0;0.0;0.0;2.0;0.0;0.0;0.0;0.0;12.0;0.0;6.8;3.0;0.0;0.0;2.0;0.0;0.8;0.0;888.0
Carnaubal;CARNAUBAL;-4.1645833333333;-40.941555555556;1991;5;30.0;0.0;3.0;5.2;3.2;0.0;6.4;0.0;0.0;0.0;2.0;0.0;0.0;0.0;0.0;5.6;1.6;0.0;0.0;0.0;0.0;0.0;0.0;0.0;0.0;0.0;3.0;0.0;0.0;0.0;0.0;0.0
Carnaubal;CARNAUBAL;-4.1645833333333;-40.941555555556;1991;6;0.0;0.0;0.0;0.0;0.0;0.0;0.0;0.0;0.0;0.0;0.0;0.0;0.0;0.0;0.0;0.0;0.0;0.0;0.0;0.0;0.0;0.0;0.0;0.0;0.0;0.0;0.0;0.0;0.0;0.0;0.0;888.0
Carnaubal;CARNAUBAL;-4.1645833333333;-40.941555555556;1991;7;0.0;0.0;0.0;0.0;0.0;0.0;0.0;0.0;0.0;0.0;0.0;0.0;0.0;0.0;0.0;0.0;0.0;0.0;0.0;0.0;0.0;0.0;0.0;0.0;0.0;0.0;0.0;0.0;0.0;0.0;0.0;0.0
Carnaubal;CARNAUBAL;-4.1645833333333;-40.941555555556;1991;8;0.0;0.0;0.0;0.0;0.0;0.0;0.0;0.0;0.0;0.0;0.0;0.0;0.0;0.0;0.0;0.0;0.0;0.0;0.0;0.0;0.0;0.0;0.0;0.0;0.0;0.0;0.0;0.0;0.0;0.0;0.0;0.0
Carnaubal;CARNAUBAL;-4.1645833333333;-40.941555555556;1991;9;0.0;0.0;0.0;0.0;0.0;0.0;0.0;0.0;0.0;0.0;0.0;0.0;0.0;0.0;0.0;0.0;0.0;0.0;0.0;0.0;0.0;0.0;0.0;0.0;0.0;0.0;0.0;0.0;0.0;0.0;0.0;888.0
Carnaubal;CARNAUBAL;-4.1645833333333;-40.941555555556;1991;10;0.0;0.0;0.0;0.0;0.0;0.0;0.0;0.0;0.0;0.0;0.0;0.0;0.0;0.0;0.0;0.0;0.0;0.0;0.0;0.0;0.0;0.0;0.0;0.0;0.0;0.0;0.0;0.0;0.0;0.0;0.0;0.0
Carnaubal;CARNAUBAL;-4.1645833333333;-40.941555555556;1991;11;0.0;0.0;0.0;0.0;0.0;0.0;0.0;0.0;0.0;0.0;0.0;0.0;0.0;0.0;0.0;0.0;0.0;0.0;0.0;0.0;0.0;0.0;0.0;0.0;0.0;0.0;0.0;0.0;0.0;0.0;0.0;888.0
Carnaubal;CARNAUBAL;-4.1645833333333;-40.941555555556;1991;12;0.0;0.0;0.0;0.0;0.0;0.0;0.0;0.0;0.0;0.0;0.0;0.0;0.0;0.0;0.0;0.0;0.0;0.0;0.0;0.0;0.0;0.0;0.0;0.0;0.0;0.0;0.0;0.0;0.0;0.0;0.0;0.0
Carnaubal;CARNAUBAL;-4.1645833333333;-40.941555555556;1992;1;199.8;0.0;0.0;0.0;0.0;0.0;0.0;0.0;0.0;0.0;0.0;0.0;0.0;0.0;0.0;0.0;0.0;0.0;0.0;0.0;0.0;0.0;0.0;0.0;32.8;8.0;25.8;13.0;3.0;41.0;44.4;31.8
Carnaubal;CARNAUBAL;-4.1645833333333;-40.941555555556;1992;2;94.9;0.0;0.0;1.0;0.0;0.0;0.0;31.2;0.0;0.0;0.0;1.2;10.3;2.0;0.0;0.0;0.0;0.0;6.2;0.0;12.2;11.0;0.0;18.0;1.8;0.0;0.0;0.0;0.0;0.0;888.0;888.0
Carnaubal;CARNAUBAL;-4.1645833333333;-40.941555555556;1992;3;86.4;0.0;0.0;0.0;0.0;8.8;0.0;0.0;0.0;0.0;13.0;0.0;0.0;1.2;2.0;0.0;1.8;0.0;2.6;0.0;0.0;0.0;9.0;0.0;0.0;43.0;0.0;0.0;0.0;3.0;0.0;2.0
Carnaubal;CARNAUBAL;-4.1645833333333;-40.941555555556;1992;4;94.6;2.4;4.4;26.2;5.0;1.4;8.0;10.2;19.0;0.0;0.0;4.0;0.0;0.0;1.0;12.0;1.0;0.0;0.0;0.0;0.0;0.0;0.0;0.0;0.0;0.0;0.0;0.0;0.0;0.0;0.0;888.0
Carnaubal;CARNAUBAL;-4.1645833333333;-40.941555555556;1992;5;0.0;0.0;0.0;0.0;0.0;0.0;0.0;0.0;0.0;0.0;0.0;0.0;0.0;0.0;0.0;0.0;0.0;0.0;0.0;0.0;0.0;0.0;0.0;0.0;0.0;0.0;0.0;0.0;0.0;0.0;0.0;0.0
Carnaubal;CARNAUBAL;-4.1645833333333;-40.941555555556;1992;6;3.0;0.0;3.0;0.0;0.0;0.0;0.0;0.0;0.0;0.0;0.0;0.0;0.0;0.0;0.0;0.0;0.0;0.0;0.0;0.0;0.0;0.0;0.0;0.0;0.0;0.0;0.0;0.0;0.0;0.0;0.0;888.0
Carnaubal;CARNAUBAL;-4.1645833333333;-40.941555555556;1992;7;0.0;0.0;0.0;0.0;0.0;0.0;0.0;0.0;0.0;0.0;0.0;0.0;0.0;0.0;0.0;0.0;0.0;0.0;0.0;0.0;0.0;0.0;0.0;0.0;0.0;0.0;0.0;0.0;0.0;0.0;0.0;0.0
Carnaubal;CARNAUBAL;-4.1645833333333;-40.941555555556;1992;8;0.0;0.0;0.0;0.0;0.0;0.0;0.0;0.0;0.0;0.0;0.0;0.0;0.0;0.0;0.0;0.0;0.0;0.0;0.0;0.0;0.0;0.0;0.0;0.0;0.0;0.0;0.0;0.0;0.0;0.0;0.0;0.0
Carnaubal;CARNAUBAL;-4.1645833333333;-40.941555555556;1992;9;0.0;0.0;0.0;0.0;0.0;0.0;0.0;0.0;0.0;0.0;0.0;0.0;0.0;0.0;0.0;0.0;0.0;0.0;0.0;0.0;0.0;0.0;0.0;0.0;0.0;0.0;0.0;0.0;0.0;0.0;0.0;888.0
Carnaubal;CARNAUBAL;-4.1645833333333;-40.941555555556;1992;10;0.0;0.0;0.0;0.0;0.0;0.0;0.0;0.0;0.0;0.0;0.0;0.0;0.0;0.0;0.0;0.0;0.0;0.0;0.0;0.0;0.0;0.0;0.0;0.0;0.0;0.0;0.0;0.0;0.0;0.0;0.0;0.0
Carnaubal;CARNAUBAL;-4.1645833333333;-40.941555555556;1992;11;0.0;0.0;0.0;0.0;0.0;0.0;0.0;0.0;0.0;0.0;0.0;0.0;0.0;0.0;0.0;0.0;0.0;0.0;0.0;0.0;0.0;0.0;0.0;0.0;0.0;0.0;0.0;0.0;0.0;0.0;0.0;888.0
Carnaubal;CARNAUBAL;-4.1645833333333;-40.941555555556;1992;12;0.0;0.0;0.0;0.0;0.0;0.0;0.0;0.0;0.0;0.0;0.0;0.0;0.0;0.0;0.0;0.0;0.0;0.0;0.0;0.0;0.0;0.0;0.0;0.0;0.0;0.0;0.0;0.0;0.0;0.0;0.0;0.0
Carnaubal;CARNAUBAL;-4.1645833333333;-40.941555555556;1993;1;13.2;0.0;0.0;0.0;0.0;0.0;0.0;0.0;0.0;0.0;0.0;0.0;0.0;0.0;0.0;0.0;0.0;5.0;6.6;1.6;0.0;0.0;0.0;0.0;0.0;0.0;0.0;0.0;0.0;0.0;0.0;0.0
Carnaubal;CARNAUBAL;-4.1645833333333;-40.941555555556;1993;2;27.0;7.0;0.0;0.0;0.0;0.0;0.0;0.0;0.0;0.0;0.0;0.0;0.0;0.0;0.0;0.0;0.0;0.0;0.0;0.0;20.0;0.0;0.0;0.0;0.0;0.0;0.0;0.0;0.0;888.0;888.0;888.0
Carnaubal;CARNAUBAL;-4.1645833333333;-40.941555555556;1993;3;101.0;0.0;0.0;0.0;0.0;0.0;0.0;0.0;0.0;0.0;0.0;0.0;0.0;0.0;0.0;0.0;0.0;0.0;0.0;0.0;0.0;0.0;0.0;0.0;0.0;0.0;44.6;17.6;27.2;0.0;6.4;5.2
Carnaubal;CARNAUBAL;-4.1645833333333;-40.941555555556;1993;4;39.6;0.0;0.0;0.0;0.0;0.0;0.0;0.0;0.0;0.0;0.0;0.0;0.0;0.0;0.0;0.0;0.0;0.0;0.0;8.2;19.0;0.0;0.0;0.0;0.0;0.0;0.0;5.0;0.0;7.4;0.0;888.0
Carnaubal;CARNAUBAL;-4.1645833333333;-40.941555555556;1993;5;37.8;0.0;0.0;1.8;0.0;0.0;0.0;0.0;0.0;0.0;0.0;0.0;0.0;0.0;0.0;0.0;0.0;0.0;0.0;0.0;0.0;0.0;0.0;36.0;0.0;0.0;0.0;0.0;0.0;0.0;0.0;0.0
Carnaubal;CARNAUBAL;-4.1645833333333;-40.941555555556;1993;6;11.8;0.0;0.0;0.0;0.0;0.0;0.0;0.0;0.0;0.0;0.0;10.4;0.0;0.0;0.0;1.4;0.0;0.0;0.0;0.0;0.0;0.0;0.0;0.0;0.0;0.0;0.0;0.0;0.0;0.0;0.0;888.0
Carnaubal;CARNAUBAL;-4.1645833333333;-40.941555555556;1993;7;0.0;0.0;0.0;0.0;0.0;0.0;0.0;0.0;0.0;0.0;0.0;0.0;0.0;0.0;0.0;0.0;0.0;0.0;0.0;0.0;0.0;0.0;0.0;0.0;0.0;0.0;0.0;0.0;0.0;0.0;0.0;0.0
Carnaubal;CARNAUBAL;-4.1645833333333;-40.941555555556;1993;8;0.0;0.0;0.0;0.0;0.0;0.0;0.0;0.0;0.0;0.0;0.0;0.0;0.0;0.0;0.0;0.0;0.0;0.0;0.0;0.0;0.0;0.0;0.0;0.0;0.0;0.0;0.0;0.0;0.0;0.0;0.0;0.0
Carnaubal;CARNAUBAL;-4.1645833333333;-40.941555555556;1993;9;0.0;0.0;0.0;0.0;0.0;0.0;0.0;0.0;0.0;0.0;0.0;0.0;0.0;0.0;0.0;0.0;0.0;0.0;0.0;0.0;0.0;0.0;0.0;0.0;0.0;0.0;0.0;0.0;0.0;0.0;0.0;888.0
Carnaubal;CARNAUBAL;-4.1645833333333;-40.941555555556;1993;10;0.0;0.0;0.0;0.0;0.0;0.0;0.0;0.0;0.0;0.0;0.0;0.0;0.0;0.0;0.0;0.0;0.0;0.0;0.0;0.0;0.0;0.0;0.0;0.0;0.0;0.0;0.0;0.0;0.0;0.0;0.0;0.0
Carnaubal;CARNAUBAL;-4.1645833333333;-40.941555555556;1993;11;0.0;0.0;0.0;0.0;0.0;0.0;0.0;0.0;0.0;0.0;0.0;0.0;0.0;0.0;0.0;0.0;0.0;0.0;0.0;0.0;0.0;0.0;0.0;0.0;0.0;0.0;0.0;0.0;0.0;0.0;0.0;888.0
Carnaubal;CARNAUBAL;-4.1645833333333;-40.941555555556;1993;12;16.0;0.0;0.0;0.0;0.0;0.0;0.0;0.0;0.0;0.0;0.0;0.0;0.0;0.0;0.0;0.0;0.0;0.0;0.0;0.0;0.0;0.0;0.0;0.0;0.0;0.0;0.0;0.0;16.0;0.0;0.0;0.0
Carnaubal;CARNAUBAL;-4.1645833333333;-40.941555555556;1994;1;139.2;20.2;4.8;0.0;0.0;1.8;0.0;0.0;0.0;0.0;0.0;0.0;0.0;0.0;0.0;16.0;9.8;0.0;13.2;23.6;9.8;0.0;13.2;23.6;0.0;3.2;0.0;0.0;0.0;0.0;0.0;0.0
Carnaubal;CARNAUBAL;-4.1645833333333;-40.941555555556;1994;2;104.6;15.4;0.0;0.0;0.0;0.0;5.0;7.8;9.0;0.0;0.0;0.0;0.0;3.2;0.0;4.4;0.0;6.4;49.4;0.0;0.0;0.0;0.0;0.0;0.0;0.0;0.0;0.0;4.0;888.0;888.0;888.0
Carnaubal;CARNAUBAL;-4.1645833333333;-40.941555555556;1994;3;179.4;6.4;0.0;0.0;0.0;0.0;10.0;32.8;0.0;6.2;3.8;1.0;10.8;0.0;14.0;0.0;41.6;4.2;0.0;0.0;0.0;0.0;0.0;10.8;0.0;0.0;0.0;0.0;0.0;3.2;31.0;3.6
Carnaubal;CARNAUBAL;-4.1645833333333;-40.941555555556;1994;4;145.2;0.0;0.0;19.0;0.0;0.0;0.0;23.0;0.0;1.4;0.0;0.0;0.0;0.0;0.0;0.0;0.0;57.8;26.0;11.0;0.0;0.0;0.0;0.0;0.0;0.0;0.0;0.0;7.0;0.0;0.0;888.0
Carnaubal;CARNAUBAL;-4.1645833333333;-40.941555555556;1994;5;40.2;0.0;0.0;0.0;0.0;4.0;0.0;0.0;0.0;0.0;0.0;0.0;20.0;0.0;8.2;0.0;0.0;0.0;0.0;0.0;8.0;0.0;0.0;0.0;0.0;0.0;0.0;0.0;0.0;0.0;0.0;0.0
Carnaubal;CARNAUBAL;-4.1645833333333;-40.941555555556;1994;6;94.4;0.0;0.0;0.0;0.0;23.4;0.0;1.0;0.0;0.0;0.0;0.0;0.0;0.0;11.4;0.0;0.0;0.0;17.0;0.0;0.0;8.8;7.4;0.0;0.0;0.0;0.0;0.0;2.6;5.2;17.6;888.0
Carnaubal;CARNAUBAL;-4.1645833333333;-40.941555555556;1994;7;7.8;0.0;0.0;0.0;0.0;0.0;0.0;0.0;0.0;0.0;0.0;0.0;0.0;0.0;0.0;0.0;0.0;7.8;0.0;0.0;0.0;0.0;0.0;0.0;0.0;0.0;0.0;0.0;0.0;0.0;0.0;0.0
Carnaubal;CARNAUBAL;-4.1645833333333;-40.941555555556;1994;8;0.0;0.0;0.0;0.0;0.0;0.0;0.0;0.0;0.0;0.0;0.0;0.0;0.0;0.0;0.0;0.0;0.0;0.0;0.0;0.0;0.0;0.0;0.0;0.0;0.0;0.0;0.0;0.0;0.0;0.0;0.0;0.0
Carnaubal;CARNAUBAL;-4.1645833333333;-40.941555555556;1994;9;0.0;0.0;0.0;0.0;0.0;0.0;0.0;0.0;0.0;0.0;0.0;0.0;0.0;0.0;0.0;0.0;0.0;0.0;0.0;0.0;0.0;0.0;0.0;0.0;0.0;0.0;0.0;0.0;0.0;0.0;0.0;888.0
Carnaubal;CARNAUBAL;-4.1645833333333;-40.941555555556;1994;10;0.0;0.0;0.0;0.0;0.0;0.0;0.0;0.0;0.0;0.0;0.0;0.0;0.0;0.0;0.0;0.0;0.0;0.0;0.0;0.0;0.0;0.0;0.0;0.0;0.0;0.0;0.0;0.0;0.0;0.0;0.0;0.0
Carnaubal;CARNAUBAL;-4.1645833333333;-40.941555555556;1994;11;0.0;0.0;0.0;0.0;0.0;0.0;0.0;0.0;0.0;0.0;0.0;0.0;0.0;0.0;0.0;0.0;0.0;0.0;0.0;0.0;0.0;0.0;0.0;0.0;0.0;0.0;0.0;0.0;0.0;0.0;0.0;888.0
Carnaubal;CARNAUBAL;-4.1645833333333;-40.941555555556;1994;12;12.0;0.0;0.0;0.0;0.0;0.0;0.0;0.0;0.0;0.0;0.0;0.0;0.0;0.0;0.0;0.0;0.0;0.0;0.0;0.0;0.0;0.0;0.0;0.0;0.0;0.0;0.0;3.0;9.0;0.0;0.0;0.0
Carnaubal;CARNAUBAL;-4.1645833333333;-40.941555555556;1995;1;25.4;0.0;0.0;0.0;0.0;0.0;0.0;3.2;0.0;12.0;0.0;0.0;0.0;0.0;0.0;0.0;0.0;0.0;0.0;0.0;0.0;0.0;10.2;0.0;0.0;0.0;0.0;0.0;0.0;0.0;0.0;0.0
Carnaubal;CARNAUBAL;-4.1645833333333;-40.941555555556;1995;2;104.2;0.0;0.0;0.0;15.4;0.0;0.0;9.8;0.0;0.0;2.0;17.4;33.8;0.0;0.0;0.0;0.0;0.0;2.6;0.0;10.4;12.8;0.0;0.0;0.0;0.0;0.0;0.0;0.0;888.0;888.0;888.0
Carnaubal;CARNAUBAL;-4.1645833333333;-40.941555555556;1995;3;148.0;0.0;0.0;0.0;3.8;0.0;0.0;0.0;0.0;0.0;0.0;0.0;0.0;0.0;0.0;5.4;0.0;18.2;6.0;1.0;0.0;0.0;0.0;0.0;0.0;16.2;72.0;0.0;9.6;4.8;11.0;0.0
Carnaubal;CARNAUBAL;-4.1645833333333;-40.941555555556;1995;4;157.6;22.0;14.0;0.0;14.0;0.0;10.8;21.8;0.0;6.2;5.0;3.8;1.8;0.0;8.2;18.0;7.0;1.8;0.0;2.0;0.0;6.4;2.8;0.0;2.4;0.0;0.0;0.0;0.0;0.0;9.6;888.0
Carnaubal;CARNAUBAL;-4.1645833333333;-40.941555555556;1995;5;187.6;0.0;11.0;0.0;1.8;0.0;0.0;0.0;0.0;0.0;0.0;0.0;0.0;0.0;19.2;3.6;13.8;0.0;0.0;0.0;0.0;9.0;27.0;0.0;10.6;59.8;2.6;24.0;0.0;0.0;2.0;3.2
Carnaubal;CARNAUBAL;-4.1645833333333;-40.941555555556;1995;6;41.2;0.0;0.0;0.0;3.4;0.0;0.0;0.0;0.0;0.0;0.0;0.0;3.8;0.0;0.6;0.0;0.0;0.0;0.0;2.4;0.0;0.0;2.0;0.0;0.0;0.0;29.0;0.0;0.0;0.0;0.0;888.0
Carnaubal;CARNAUBAL;-4.1645833333333;-40.941555555556;1995;7;26.2;0.0;0.0;0.0;3.4;0.0;0.0;0.0;0.0;0.0;0.0;0.0;3.8;0.0;0.6;0.0;0.0;0.0;0.0;2.4;0.0;0.0;2.0;0.0;0.0;0.0;14.0;0.0;0.0;0.0;0.0;0.0
Carnaubal;CARNAUBAL;-4.1645833333333;-40.941555555556;1995;8;0.0;0.0;0.0;0.0;0.0;0.0;0.0;0.0;0.0;0.0;0.0;0.0;0.0;0.0;0.0;0.0;0.0;0.0;0.0;0.0;0.0;0.0;0.0;0.0;0.0;0.0;0.0;0.0;0.0;0.0;0.0;0.0
Carnaubal;CARNAUBAL;-4.1645833333333;-40.941555555556;1995;9;0.0;0.0;0.0;0.0;0.0;0.0;0.0;0.0;0.0;0.0;0.0;0.0;0.0;0.0;0.0;0.0;0.0;0.0;0.0;0.0;0.0;0.0;0.0;0.0;0.0;0.0;0.0;0.0;0.0;0.0;0.0;888.0
Carnaubal;CARNAUBAL;-4.1645833333333;-40.941555555556;1995;10;0.0;0.0;0.0;0.0;0.0;0.0;0.0;0.0;0.0;0.0;0.0;0.0;0.0;0.0;0.0;0.0;0.0;0.0;0.0;0.0;0.0;0.0;0.0;0.0;0.0;0.0;0.0;0.0;0.0;0.0;0.0;0.0
Carnaubal;CARNAUBAL;-4.1645833333333;-40.941555555556;1995;11;13.6;0.0;0.0;0.0;0.0;0.0;0.0;0.0;0.0;0.0;0.0;0.0;0.0;0.0;0.0;0.0;0.0;0.0;0.0;0.0;0.0;0.0;0.0;0.0;0.0;13.6;0.0;0.0;0.0;0.0;0.0;888.0
Carnaubal;CARNAUBAL;-4.1645833333333;-40.941555555556;1995;12;0.0;0.0;0.0;0.0;0.0;0.0;0.0;0.0;0.0;0.0;0.0;0.0;0.0;0.0;0.0;0.0;0.0;0.0;0.0;0.0;0.0;0.0;0.0;0.0;0.0;0.0;0.0;0.0;0.0;0.0;0.0;0.0
Carnaubal;CARNAUBAL;-4.1645833333333;-40.941555555556;1996;1;99.6;0.0;0.0;0.0;0.0;0.0;0.0;5.6;10.0;0.0;0.0;0.0;5.4;0.0;3.2;15.8;0.0;22.6;0.0;0.0;0.0;0.0;33.8;0.0;0.0;0.0;0.0;0.0;0.0;0.0;0.0;3.2
Carnaubal;CARNAUBAL;-4.1645833333333;-40.941555555556;1996;2;115.8;2.4;2.6;0.0;35.0;1.2;0.0;0.0;0.0;0.0;0.0;0.0;0.0;2.0;0.0;0.0;0.0;0.0;0.0;0.0;36.0;0.0;2.0;0.0;0.0;0.0;34.6;0.0;0.0;0.0;888.0;888.0
Carnaubal;CARNAUBAL;-4.1645833333333;-40.941555555556;1996;3;219.0;0.0;0.0;0.0;4.0;7.4;2.8;0.0;3.0;0.0;0.0;6.4;1.8;35.8;6.6;0.0;0.0;5.8;1.8;1.0;48.2;27.2;0.0;0.0;16.0;9.2;0.0;0.0;38.8;3.2;0.0;0.0
Carnaubal;CARNAUBAL;-4.1645833333333;-40.941555555556;1996;4;293.8;0.0;20.0;0.0;0.0;0.0;11.8;9.2;9.8;0.0;11.8;0.0;0.0;0.0;15.6;0.0;0.0;0.0;0.0;0.0;0.0;0.0;38.2;29.6;33.8;8.0;44.0;62.0;0.0;0.0;0.0;888.0
Carnaubal;CARNAUBAL;-4.1645833333333;-40.941555555556;1996;5;17.8;0.0;0.0;9.0;0.0;0.0;0.0;8.8;0.0;0.0;0.0;0.0;0.0;0.0;0.0;0.0;0.0;0.0;0.0;0.0;0.0;0.0;0.0;0.0;0.0;0.0;0.0;0.0;0.0;0.0;0.0;0.0
Carnaubal;CARNAUBAL;-4.1645833333333;-40.941555555556;1996;6;27.0;0.0;0.0;0.0;0.0;0.0;0.0;0.0;0.0;27.0;0.0;0.0;0.0;0.0;0.0;0.0;0.0;0.0;0.0;0.0;0.0;0.0;0.0;0.0;0.0;0.0;0.0;0.0;0.0;0.0;0.0;888.0
Carnaubal;CARNAUBAL;-4.1645833333333;-40.941555555556;1996;7;11.2;0.0;0.0;0.0;0.0;0.0;0.0;0.0;0.0;0.0;0.0;0.0;0.0;0.0;0.0;0.0;0.0;0.0;0.0;11.2;0.0;0.0;0.0;0.0;0.0;0.0;0.0;0.0;0.0;0.0;0.0;0.0
Carnaubal;CARNAUBAL;-4.1645833333333;-40.941555555556;1996;8;0.0;0.0;0.0;0.0;0.0;0.0;0.0;0.0;0.0;0.0;0.0;0.0;0.0;0.0;0.0;0.0;0.0;0.0;0.0;0.0;0.0;0.0;0.0;0.0;0.0;0.0;0.0;0.0;0.0;0.0;0.0;0.0
Carnaubal;CARNAUBAL;-4.1645833333333;-40.941555555556;1996;9;0.0;0.0;0.0;0.0;0.0;0.0;0.0;0.0;0.0;0.0;0.0;0.0;0.0;0.0;0.0;0.0;0.0;0.0;0.0;0.0;0.0;0.0;0.0;0.0;0.0;0.0;0.0;0.0;0.0;0.0;0.0;888.0
Carnaubal;CARNAUBAL;-4.1645833333333;-40.941555555556;1996;10;0.0;0.0;0.0;0.0;0.0;0.0;0.0;0.0;0.0;0.0;0.0;0.0;0.0;0.0;0.0;0.0;0.0;0.0;0.0;0.0;0.0;0.0;0.0;0.0;0.0;0.0;0.0;0.0;0.0;0.0;0.0;0.0
Carnaubal;CARNAUBAL;-4.1645833333333;-40.941555555556;1996;11;48.2;0.0;0.0;0.0;0.0;0.0;0.0;0.0;0.0;0.0;0.0;0.0;0.0;0.0;0.0;0.0;0.0;0.0;0.0;25.0;23.2;0.0;0.0;0.0;0.0;0.0;0.0;0.0;0.0;0.0;0.0;888.0
Carnaubal;CARNAUBAL;-4.1645833333333;-40.941555555556;1996;12;0.0;0.0;0.0;0.0;0.0;0.0;0.0;0.0;0.0;0.0;0.0;0.0;0.0;0.0;0.0;0.0;0.0;0.0;0.0;0.0;0.0;0.0;0.0;0.0;0.0;0.0;0.0;0.0;0.0;0.0;0.0;0.0
Carnaubal;CARNAUBAL;-4.1645833333333;-40.941555555556;1997;1;43.0;0.0;0.0;0.0;0.0;0.0;0.0;0.0;0.0;0.0;0.0;0.0;0.0;0.0;0.0;0.0;0.0;0.0;0.0;0.0;18.8;1.4;3.0;0.0;0.0;0.0;19.8;0.0;0.0;0.0;0.0;0.0
Carnaubal;CARNAUBAL;-4.1645833333333;-40.941555555556;1997;2;34.1;0.0;0.0;7.6;0.0;0.0;0.0;0.0;5.0;0.0;4.0;0.0;0.0;0.0;0.0;0.0;0.0;0.0;0.0;5.5;12.0;0.0;0.0;0.0;0.0;0.0;0.0;0.0;0.0;888.0;888.0;888.0
Carnaubal;CARNAUBAL;-4.1645833333333;-40.941555555556;1997;3;182.6;0.0;0.0;0.0;5.0;13.8;0.0;0.0;0.0;0.0;0.0;0.0;0.0;0.0;0.0;0.0;0.0;0.0;0.0;0.0;0.0;0.0;8.2;18.2;31.2;51.4;1.0;30.0;10.0;0.0;9.0;4.8
Carnaubal;CARNAUBAL;-4.1645833333333;-40.941555555556;1997;4;148.0;0.0;4.0;5.0;0.0;75.6;0.0;2.0;0.0;0.0;2.0;0.0;0.0;0.0;0.0;21.2;0.0;0.0;0.0;19.6;0.0;0.0;0.0;0.0;1.2;2.2;1.6;6.4;0.0;0.0;7.2;888.0
Carnaubal;CARNAUBAL;-4.1645833333333;-40.941555555556;1997;5;16.0;0.0;0.0;0.0;4.8;0.0;0.0;0.0;0.0;0.0;0.0;0.0;0.0;0.0;0.0;0.0;8.4;0.0;0.0;0.0;0.0;0.0;0.0;0.0;0.0;0.0;2.8;0.0;0.0;0.0;0.0;0.0
Carnaubal;CARNAUBAL;-4.1645833333333;-40.941555555556;1997;6;2.0;0.0;0.0;0.0;0.0;0.0;0.0;0.0;0.0;2.0;0.0;0.0;0.0;0.0;0.0;0.0;0.0;0.0;0.0;0.0;0.0;0.0;0.0;0.0;0.0;0.0;0.0;0.0;0.0;0.0;0.0;888.0
Carnaubal;CARNAUBAL;-4.1645833333333;-40.941555555556;1997;7;0.8;0.8;0.0;0.0;0.0;0.0;0.0;0.0;0.0;0.0;0.0;0.0;0.0;0.0;0.0;0.0;0.0;0.0;0.0;0.0;0.0;0.0;0.0;0.0;0.0;0.0;0.0;0.0;0.0;0.0;0.0;0.0
Carnaubal;CARNAUBAL;-4.1645833333333;-40.941555555556;1997;8;0.0;0.0;0.0;0.0;0.0;0.0;0.0;0.0;0.0;0.0;0.0;0.0;0.0;0.0;0.0;0.0;0.0;0.0;0.0;0.0;0.0;0.0;0.0;0.0;0.0;0.0;0.0;0.0;0.0;0.0;0.0;0.0
Carnaubal;CARNAUBAL;-4.1645833333333;-40.941555555556;1997;9;0.0;0.0;0.0;0.0;0.0;0.0;0.0;0.0;0.0;0.0;0.0;0.0;0.0;0.0;0.0;0.0;0.0;0.0;0.0;0.0;0.0;0.0;0.0;0.0;0.0;0.0;0.0;0.0;0.0;0.0;0.0;888.0
Carnaubal;CARNAUBAL;-4.1645833333333;-40.941555555556;1997;10;0.0;0.0;0.0;0.0;0.0;0.0;0.0;0.0;0.0;0.0;0.0;0.0;0.0;0.0;0.0;0.0;0.0;0.0;0.0;0.0;0.0;0.0;0.0;0.0;0.0;0.0;0.0;0.0;0.0;0.0;0.0;0.0
Carnaubal;CARNAUBAL;-4.1645833333333;-40.941555555556;1997;11;0.0;0.0;0.0;0.0;0.0;0.0;0.0;0.0;0.0;0.0;0.0;0.0;0.0;0.0;0.0;0.0;0.0;0.0;0.0;0.0;0.0;0.0;0.0;0.0;0.0;0.0;0.0;0.0;0.0;0.0;0.0;888.0
Carnaubal;CARNAUBAL;-4.1645833333333;-40.941555555556;1997;12;0.0;0.0;0.0;0.0;0.0;0.0;0.0;0.0;0.0;0.0;0.0;0.0;0.0;0.0;0.0;0.0;0.0;0.0;0.0;0.0;0.0;0.0;0.0;0.0;0.0;0.0;0.0;0.0;0.0;0.0;0.0;0.0
Carnaubal;CARNAUBAL;-4.1645833333333;-40.941555555556;1998;1;87.0;0.0;0.0;9.4;0.0;0.0;0.0;0.0;0.0;0.0;0.0;0.0;4.6;0.0;0.0;0.0;0.0;0.0;0.0;0.0;5.2;35.0;13.0;0.0;0.0;0.0;10.0;0.0;0.0;0.0;9.8;0.0
Carnaubal;CARNAUBAL;-4.1645833333333;-40.941555555556;1998;2;13.8;1.6;6.8;5.4;0.0;0.0;0.0;0.0;0.0;0.0;0.0;0.0;0.0;0.0;0.0;0.0;0.0;0.0;0.0;0.0;0.0;0.0;0.0;0.0;0.0;0.0;0.0;0.0;0.0;888.0;888.0;888.0
Carnaubal;CARNAUBAL;-4.1645833333333;-40.941555555556;1998;3;71.2;0.0;0.0;2.0;0.0;3.0;0.0;0.0;0.0;0.0;7.4;3.0;0.0;0.0;0.0;0.0;0.0;0.0;0.0;0.0;19.0;8.0;4.0;8.0;4.0;0.0;0.0;0.0;0.0;12.8;0.0;0.0
Carnaubal;CARNAUBAL;-4.1645833333333;-40.941555555556;1998;4;52.6;0.0;0.0;30.0;0.0;0.0;0.0;0.0;0.0;0.0;0.0;0.0;0.0;0.0;0.0;0.0;0.0;6.8;0.0;15.8;0.0;0.0;0.0;0.0;0.0;0.0;0.0;0.0;0.0;0.0;0.0;888.0
Carnaubal;CARNAUBAL;-4.1645833333333;-40.941555555556;1998;5;0.0;0.0;0.0;0.0;0.0;0.0;0.0;0.0;0.0;0.0;0.0;0.0;0.0;0.0;0.0;0.0;0.0;0.0;0.0;0.0;0.0;0.0;0.0;0.0;0.0;0.0;0.0;0.0;0.0;0.0;0.0;0.0
Carnaubal;CARNAUBAL;-4.1645833333333;-40.941555555556;1998;6;0.0;0.0;0.0;0.0;0.0;0.0;0.0;0.0;0.0;0.0;0.0;0.0;0.0;0.0;0.0;0.0;0.0;0.0;0.0;0.0;0.0;0.0;0.0;0.0;0.0;0.0;0.0;0.0;0.0;0.0;0.0;888.0
Carnaubal;CARNAUBAL;-4.1645833333333;-40.941555555556;1998;7;0.0;0.0;0.0;0.0;0.0;0.0;0.0;0.0;0.0;0.0;0.0;0.0;0.0;0.0;0.0;0.0;0.0;0.0;0.0;0.0;0.0;0.0;0.0;0.0;0.0;0.0;0.0;0.0;0.0;0.0;0.0;0.0
Carnaubal;CARNAUBAL;-4.1645833333333;-40.941555555556;1998;8;0.0;0.0;0.0;0.0;0.0;0.0;0.0;0.0;0.0;0.0;0.0;0.0;0.0;0.0;0.0;0.0;0.0;0.0;0.0;0.0;0.0;0.0;0.0;0.0;0.0;0.0;0.0;0.0;0.0;0.0;0.0;0.0
Carnaubal;CARNAUBAL;-4.1645833333333;-40.941555555556;1998;9;0.0;0.0;0.0;0.0;0.0;0.0;0.0;0.0;0.0;0.0;0.0;0.0;0.0;0.0;0.0;0.0;0.0;0.0;0.0;0.0;0.0;0.0;0.0;0.0;0.0;0.0;0.0;0.0;0.0;0.0;0.0;888.0
Carnaubal;CARNAUBAL;-4.1645833333333;-40.941555555556;1998;10;0.0;0.0;0.0;0.0;0.0;0.0;0.0;0.0;0.0;0.0;0.0;0.0;0.0;0.0;0.0;0.0;0.0;0.0;0.0;0.0;0.0;0.0;0.0;0.0;0.0;0.0;0.0;0.0;0.0;0.0;0.0;0.0
Carnaubal;CARNAUBAL;-4.1645833333333;-40.941555555556;1998;11;0.0;0.0;0.0;0.0;0.0;0.0;0.0;0.0;0.0;0.0;0.0;0.0;0.0;0.0;0.0;0.0;0.0;0.0;0.0;0.0;0.0;0.0;0.0;0.0;0.0;0.0;0.0;0.0;0.0;0.0;0.0;888.0
Carnaubal;CARNAUBAL;-4.1645833333333;-40.941555555556;1998;12;44.0;0.0;0.0;0.0;0.0;0.0;0.0;0.0;0.0;0.0;0.0;0.0;0.0;0.0;0.0;0.0;0.0;0.0;0.0;0.0;0.0;0.0;0.0;44.0;0.0;0.0;0.0;0.0;0.0;0.0;0.0;0.0
Carnaubal;CARNAUBAL;-4.1645833333333;-40.941555555556;1999;1;44.2;0.0;0.0;0.0;0.0;0.0;0.0;0.0;0.0;28.0;10.6;5.6;0.0;0.0;0.0;0.0;0.0;0.0;0.0;0.0;0.0;0.0;0.0;0.0;0.0;0.0;0.0;0.0;0.0;0.0;0.0;0.0
Carnaubal;CARNAUBAL;-4.1645833333333;-40.941555555556;1999;2;140.4;5.0;0.0;3.6;0.4;78.4;0.0;0.0;0.0;5.4;0.0;0.0;0.0;1.4;0.0;0.0;0.0;0.0;0.0;2.0;1.0;0.0;12.4;8.4;4.4;0.0;18.0;0.0;0.0;888.0;888.0;888.0
Carnaubal;CARNAUBAL;-4.1645833333333;-40.941555555556;1999;3;106.2;19.6;10.6;1.8;0.0;0.0;0.0;0.0;0.0;5.8;0.0;0.0;0.0;0.0;0.0;0.0;0.0;1.4;0.0;0.0;31.6;4.0;0.0;2.4;0.0;4.6;1.0;1.0;20.0;2.4;0.0;0.0
Carnaubal;CARNAUBAL;-4.1645833333333;-40.941555555556;1999;4;53.2;0.0;0.0;0.0;0.0;2.2;13.4;0.0;12.0;0.0;0.0;0.0;0.0;5.6;6.6;3.2;0.0;1.0;0.0;0.0;0.0;0.0;0.0;0.0;0.0;4.2;1.0;4.0;0.0;0.0;0.0;888.0
Carnaubal;CARNAUBAL;-4.1645833333333;-40.941555555556;1999;5;55.9;1.8;1.0;0.0;0.0;0.0;7.0;0.0;0.0;0.0;0.0;0.0;4.0;1.0;7.1;7.6;0.0;1.2;22.2;1.0;0.0;0.0;2.0;0.0;0.0;0.0;0.0;0.0;0.0;0.0;0.0;0.0
Carnaubal;CARNAUBAL;-4.1645833333333;-40.941555555556;1999;6;15.0;15.0;0.0;0.0;0.0;0.0;0.0;0.0;0.0;0.0;0.0;0.0;0.0;0.0;0.0;0.0;0.0;0.0;0.0;0.0;0.0;0.0;0.0;0.0;0.0;0.0;0.0;0.0;0.0;0.0;0.0;888.0
Carnaubal;CARNAUBAL;-4.1645833333333;-40.941555555556;1999;7;0.0;0.0;0.0;0.0;0.0;0.0;0.0;0.0;0.0;0.0;0.0;0.0;0.0;0.0;0.0;0.0;0.0;0.0;0.0;0.0;0.0;0.0;0.0;0.0;0.0;0.0;0.0;0.0;0.0;0.0;0.0;0.0
Carnaubal;CARNAUBAL;-4.1645833333333;-40.941555555556;1999;8;0.0;0.0;0.0;0.0;0.0;0.0;0.0;0.0;0.0;0.0;0.0;0.0;0.0;0.0;0.0;0.0;0.0;0.0;0.0;0.0;0.0;0.0;0.0;0.0;0.0;0.0;0.0;0.0;0.0;0.0;0.0;0.0
Carnaubal;CARNAUBAL;-4.1645833333333;-40.941555555556;1999;9;0.0;0.0;0.0;0.0;0.0;0.0;0.0;0.0;0.0;0.0;0.0;0.0;0.0;0.0;0.0;0.0;0.0;0.0;0.0;0.0;0.0;0.0;0.0;0.0;0.0;0.0;0.0;0.0;0.0;0.0;0.0;888.0
Carnaubal;CARNAUBAL;-4.1645833333333;-40.941555555556;1999;10;0.0;0.0;0.0;0.0;0.0;0.0;0.0;0.0;0.0;0.0;0.0;0.0;0.0;0.0;0.0;0.0;0.0;0.0;0.0;0.0;0.0;0.0;0.0;0.0;0.0;0.0;0.0;0.0;0.0;0.0;0.0;0.0
Carnaubal;CARNAUBAL;-4.1645833333333;-40.941555555556;1999;11;45.0;0.0;0.0;0.0;0.0;0.0;0.0;0.0;0.0;0.0;0.0;0.0;0.0;0.0;0.0;0.0;0.0;0.0;0.0;0.0;0.0;0.0;0.0;0.0;0.0;0.0;16.0;0.0;29.0;0.0;0.0;888.0
Carnaubal;CARNAUBAL;-4.1645833333333;-40.941555555556;1999;12;57.2;0.0;0.0;0.0;0.0;0.0;0.0;0.0;0.0;0.0;0.0;0.0;0.0;0.0;0.0;0.0;0.0;0.0;0.0;0.0;0.0;0.0;22.0;3.8;0.0;4.2;10.0;0.0;0.0;0.0;17.2;0.0
Carnaubal;CARNAUBAL;-4.1645833333333;-40.941555555556;2000;1;83.8;0.0;0.0;0.0;0.0;2.0;0.0;16.6;8.6;19.0;0.0;0.0;12.8;8.8;0.0;0.0;0.0;0.0;10.0;0.0;0.0;0.0;0.0;0.0;6.0;0.0;0.0;0.0;0.0;0.0;0.0;0.0
Carnaubal;CARNAUBAL;-4.1645833333333;-40.941555555556;2000;2;204.0;0.0;0.0;0.0;0.0;0.0;0.0;0.0;0.0;0.0;0.0;5.0;6.0;9.0;0.0;11.0;20.0;0.0;28.6;37.6;5.4;20.0;3.2;23.0;2.8;26.2;2.0;0.0;4.2;0.0;888.0;888.0
Carnaubal;CARNAUBAL;-4.1645833333333;-40.941555555556;2000;3;162.4;0.0;14.2;2.4;4.6;1.6;0.0;0.0;0.0;10.4;1.6;14.6;0.0;6.0;0.0;0.0;0.0;0.0;6.6;0.0;0.0;0.0;0.0;0.0;4.0;0.0;0.0;0.0;10.2;34.0;19.0;33.2
Carnaubal;CARNAUBAL;-4.1645833333333;-40.941555555556;2000;4;163.6;12.4;0.0;3.4;0.0;0.0;0.0;3.4;0.0;0.0;0.0;0.0;0.0;0.0;24.4;0.0;20.0;26.6;0.0;20.0;6.0;16.8;0.0;0.0;6.0;0.0;0.0;0.0;0.0;24.6;0.0;888.0
Carnaubal;CARNAUBAL;-4.1645833333333;-40.941555555556;2000;5;13.2;0.0;0.0;0.0;0.0;0.0;0.0;4.0;0.0;0.0;0.0;0.0;0.0;0.0;0.0;0.0;0.0;3.8;5.4;0.0;0.0;0.0;0.0;0.0;0.0;0.0;0.0;0.0;0.0;0.0;0.0;0.0
Carnaubal;CARNAUBAL;-4.1645833333333;-40.941555555556;2000;6;19.4;0.0;0.0;0.0;0.0;0.0;0.0;0.0;0.0;0.0;0.0;0.0;0.0;0.0;0.0;0.0;19.4;0.0;0.0;0.0;0.0;0.0;0.0;0.0;0.0;0.0;0.0;0.0;0.0;0.0;0.0;888.0
Carnaubal;CARNAUBAL;-4.1645833333333;-40.941555555556;2000;7;0.0;0.0;0.0;0.0;0.0;0.0;0.0;0.0;0.0;0.0;0.0;0.0;0.0;0.0;0.0;0.0;0.0;0.0;0.0;0.0;0.0;0.0;0.0;0.0;0.0;0.0;0.0;0.0;0.0;0.0;0.0;0.0
Carnaubal;CARNAUBAL;-4.1645833333333;-40.941555555556;2000;8;21.2;0.0;0.0;0.0;0.0;0.0;0.0;0.0;0.0;0.0;21.2;0.0;0.0;0.0;0.0;0.0;0.0;0.0;0.0;0.0;0.0;0.0;0.0;0.0;0.0;0.0;0.0;0.0;0.0;0.0;0.0;0.0
Carnaubal;CARNAUBAL;-4.1645833333333;-40.941555555556;2000;9;0.0;0.0;0.0;0.0;0.0;0.0;0.0;0.0;0.0;0.0;0.0;0.0;0.0;0.0;0.0;0.0;0.0;0.0;0.0;0.0;0.0;0.0;0.0;0.0;0.0;0.0;0.0;0.0;0.0;0.0;0.0;888.0
Carnaubal;CARNAUBAL;-4.1645833333333;-40.941555555556;2000;10;0.0;0.0;0.0;0.0;0.0;0.0;0.0;0.0;0.0;0.0;0.0;0.0;0.0;0.0;0.0;0.0;0.0;0.0;0.0;0.0;0.0;0.0;0.0;0.0;0.0;0.0;0.0;0.0;0.0;0.0;0.0;0.0
Carnaubal;CARNAUBAL;-4.1645833333333;-40.941555555556;2000;11;0.0;0.0;0.0;0.0;0.0;0.0;0.0;0.0;0.0;0.0;0.0;0.0;0.0;0.0;0.0;0.0;0.0;0.0;0.0;0.0;0.0;0.0;0.0;0.0;0.0;0.0;0.0;0.0;0.0;0.0;0.0;888.0
Carnaubal;CARNAUBAL;-4.1645833333333;-40.941555555556;2000;12;37.4;0.0;0.0;0.0;0.0;0.0;0.0;0.0;0.0;0.0;0.0;0.0;0.0;0.0;0.0;12.6;0.0;0.0;8.0;16.0;0.0;0.0;0.0;0.0;0.0;0.0;0.0;0.0;0.0;0.0;0.0;0.8
Carnaubal;CARNAUBAL;-4.1645833333333;-40.941555555556;2001;1;34.0;0.0;0.0;0.0;0.0;0.0;2.0;0.0;0.0;0.0;4.0;0.0;10.0;16.0;0.0;0.0;0.0;0.0;0.0;0.0;0.0;1.2;0.0;0.0;0.0;0.0;0.0;0.0;0.0;0.0;0.0;0.8
Carnaubal;CARNAUBAL;-4.1645833333333;-40.941555555556;2001;2;55.2;0.0;0.0;2.4;0.0;0.0;0.0;0.0;0.0;1.4;3.0;0.0;2.0;2.6;0.0;0.0;0.0;5.0;2.6;0.0;7.2;1.0;0.0;1.0;0.0;0.0;27.0;0.0;0.0;888.0;888.0;888.0
Carnaubal;CARNAUBAL;-4.1645833333333;-40.941555555556;2001;3;87.0;1.0;0.8;0.0;0.0;0.0;0.0;2.8;0.0;4.0;0.0;0.0;6.4;2.0;21.0;12.4;0.0;0.0;0.0;0.0;0.0;0.0;0.0;10.0;0.0;0.0;3.8;5.4;0.0;0.0;17.4;0.0
Carnaubal;CARNAUBAL;-4.1645833333333;-40.941555555556;2001;4;298.8;8.2;0.0;6.0;20.6;24.8;7.2;0.0;0.0;0.0;23.0;89.6;3.8;24.8;35.0;0.0;1.4;0.0;3.0;16.0;10.4;14.2;5.8;0.0;0.0;0.0;0.0;0.0;5.0;0.0;0.0;888.0
Carnaubal;CARNAUBAL;-4.1645833333333;-40.941555555556;2001;5;5.8;4.0;0.0;0.0;0.0;0.0;0.0;0.8;0.0;0.0;0.0;1.0;0.0;0.0;0.0;0.0;0.0;0.0;0.0;0.0;0.0;0.0;0.0;0.0;0.0;0.0;0.0;0.0;0.0;0.0;0.0;0.0
Carnaubal;CARNAUBAL;-4.1645833333333;-40.941555555556;2001;6;6.0;0.0;0.0;1.8;0.0;0.0;1.6;0.0;1.2;1.4;0.0;0.0;0.0;0.0;0.0;0.0;0.0;0.0;0.0;0.0;0.0;0.0;0.0;0.0;0.0;0.0;0.0;0.0;0.0;0.0;0.0;888.0
Carnaubal;CARNAUBAL;-4.1645833333333;-40.941555555556;2001;7;1.6;0.0;0.0;0.0;0.0;0.0;0.0;0.0;1.6;0.0;0.0;0.0;0.0;0.0;0.0;0.0;0.0;0.0;0.0;0.0;0.0;0.0;0.0;0.0;0.0;0.0;0.0;0.0;0.0;0.0;0.0;0.0
Carnaubal;CARNAUBAL;-4.1645833333333;-40.941555555556;2001;8;0.0;0.0;0.0;0.0;0.0;0.0;0.0;0.0;0.0;0.0;0.0;0.0;0.0;0.0;0.0;0.0;0.0;0.0;0.0;0.0;0.0;0.0;0.0;0.0;0.0;0.0;0.0;0.0;0.0;0.0;0.0;0.0
Carnaubal;CARNAUBAL;-4.1645833333333;-40.941555555556;2001;9;0.0;0.0;0.0;0.0;0.0;0.0;0.0;0.0;0.0;0.0;0.0;0.0;0.0;0.0;0.0;0.0;0.0;0.0;0.0;0.0;0.0;0.0;0.0;0.0;0.0;0.0;0.0;0.0;0.0;0.0;0.0;888.0
Carnaubal;CARNAUBAL;-4.1645833333333;-40.941555555556;2001;10;0.0;0.0;0.0;0.0;0.0;0.0;0.0;0.0;0.0;0.0;0.0;0.0;0.0;0.0;0.0;0.0;0.0;0.0;0.0;0.0;0.0;0.0;0.0;0.0;0.0;0.0;0.0;0.0;0.0;0.0;0.0;0.0
Carnaubal;CARNAUBAL;-4.1645833333333;-40.941555555556;2001;11;0.0;0.0;0.0;0.0;0.0;0.0;0.0;0.0;0.0;0.0;0.0;0.0;0.0;0.0;0.0;0.0;0.0;0.0;0.0;0.0;0.0;0.0;0.0;0.0;0.0;0.0;0.0;0.0;0.0;0.0;0.0;888.0
Carnaubal;CARNAUBAL;-4.1645833333333;-40.941555555556;2001;12;0.0;0.0;0.0;0.0;0.0;0.0;0.0;0.0;0.0;0.0;0.0;0.0;0.0;0.0;0.0;0.0;0.0;0.0;0.0;0.0;0.0;0.0;0.0;0.0;0.0;0.0;0.0;0.0;0.0;0.0;0.0;0.0
Carnaubal;CARNAUBAL;-4.1645833333333;-40.941555555556;2002;1;159.8;0.0;0.0;2.0;0.0;0.0;5.0;9.4;6.0;37.8;0.6;0.0;6.6;15.0;7.0;0.0;0.0;24.6;22.8;1.0;0.0;0.0;5.0;0.0;4.0;0.0;0.0;2.0;5.6;5.4;0.0;0.0
Carnaubal;CARNAUBAL;-4.1645833333333;-40.941555555556;2002;2;7.0;0.0;0.0;0.0;0.0;0.0;0.0;0.0;0.0;0.0;0.0;0.0;0.0;0.0;7.0;0.0;0.0;0.0;0.0;0.0;0.0;0.0;0.0;0.0;0.0;0.0;0.0;0.0;0.0;888.0;888.0;888.0
Carnaubal;CARNAUBAL;-4.1645833333333;-40.941555555556;2002;3;167.0;0.0;0.0;2.0;0.0;2.6;25.4;43.6;1.0;9.8;0.0;0.0;0.0;0.0;0.0;1.8;0.0;1.6;0.0;2.0;18.0;0.0;0.0;3.0;8.4;0.0;0.0;0.0;46.8;1.0;0.0;0.0
Carnaubal;CARNAUBAL;-4.1645833333333;-40.941555555556;2002;4;177.4;0.0;0.0;14.8;13.6;21.6;30.2;5.0;24.4;2.2;4.6;0.0;2.0;15.6;0.0;1.0;0.0;0.0;0.0;0.0;0.0;7.0;0.0;0.0;0.0;0.0;26.4;0.0;0.0;9.0;0.0;888.0
Carnaubal;CARNAUBAL;-4.1645833333333;-40.941555555556;2002;5;133.0;0.0;18.2;19.4;0.0;0.0;0.0;2.0;7.4;0.0;0.0;0.0;7.0;0.0;0.0;0.0;0.0;0.0;0.0;0.0;0.0;0.0;0.0;0.0;0.0;66.0;13.0;0.0;0.0;0.0;0.0;0.0
Carnaubal;CARNAUBAL;-4.1645833333333;-40.941555555556;2002;6;20.0;0.0;0.0;0.0;0.0;0.0;0.0;0.0;0.0;0.0;0.0;0.0;0.0;0.0;0.0;0.0;15.0;2.6;0.0;0.0;2.4;0.0;0.0;0.0;0.0;0.0;0.0;0.0;0.0;0.0;0.0;888.0
Carnaubal;CARNAUBAL;-4.1645833333333;-40.941555555556;2002;7;5.8;0.0;3.0;0.0;0.0;0.0;0.0;0.0;0.0;0.0;0.0;0.0;0.0;0.0;0.0;0.0;0.0;0.0;0.0;0.0;0.0;0.0;0.0;0.0;0.0;0.0;2.8;0.0;0.0;0.0;0.0;0.0
Carnaubal;CARNAUBAL;-4.1645833333333;-40.941555555556;2002;8;0.0;0.0;0.0;0.0;0.0;0.0;0.0;0.0;0.0;0.0;0.0;0.0;0.0;0.0;0.0;0.0;0.0;0.0;0.0;0.0;0.0;0.0;0.0;0.0;0.0;0.0;0.0;0.0;0.0;0.0;0.0;0.0
Carnaubal;CARNAUBAL;-4.1645833333333;-40.941555555556;2002;9;0.0;0.0;0.0;0.0;0.0;0.0;0.0;0.0;0.0;0.0;0.0;0.0;0.0;0.0;0.0;0.0;0.0;0.0;0.0;0.0;0.0;0.0;0.0;0.0;0.0;0.0;0.0;0.0;0.0;0.0;0.0;888.0
Carnaubal;CARNAUBAL;-4.1645833333333;-40.941555555556;2002;10;0.0;0.0;0.0;0.0;0.0;0.0;0.0;0.0;0.0;0.0;0.0;0.0;0.0;0.0;0.0;0.0;0.0;0.0;0.0;0.0;0.0;0.0;0.0;0.0;0.0;0.0;0.0;0.0;0.0;0.0;0.0;0.0
Carnaubal;CARNAUBAL;-4.1645833333333;-40.941555555556;2002;11;0.0;0.0;0.0;0.0;0.0;0.0;0.0;0.0;0.0;0.0;0.0;0.0;0.0;0.0;0.0;0.0;0.0;0.0;0.0;0.0;0.0;0.0;0.0;0.0;0.0;0.0;0.0;0.0;0.0;0.0;0.0;888.0
Carnaubal;CARNAUBAL;-4.1645833333333;-40.941555555556;2002;12;11.2;0.0;0.0;0.0;0.0;0.0;0.0;0.0;0.0;0.0;0.0;0.0;0.0;0.0;0.0;0.0;0.0;4.8;0.0;0.0;0.0;0.0;0.0;0.0;0.0;6.4;0.0;0.0;0.0;0.0;0.0;0.0
Carnaubal;CARNAUBAL;-4.1645833333333;-40.941555555556;2003;1;95.0;0.0;0.0;0.0;0.0;0.0;0.0;0.0;0.0;0.0;0.0;0.0;0.0;0.0;0.0;0.0;0.0;0.0;0.0;4.0;47.0;23.0;10.0;6.0;1.0;0.0;0.0;0.0;0.0;0.0;2.0;2.0
Carnaubal;CARNAUBAL;-4.1645833333333;-40.941555555556;2003;2;236.2;0.0;0.0;27.0;0.0;0.0;1.8;6.4;0.0;0.0;0.0;0.0;0.0;0.0;0.0;0.0;0.0;0.0;65.0;30.0;0.0;0.0;0.0;39.6;17.0;6.0;35.0;0.0;8.4;888.0;888.0;888.0
Carnaubal;CARNAUBAL;-4.1645833333333;-40.941555555556;2003;3;286.0;38.0;0.0;0.0;24.2;2.4;0.0;0.0;7.4;0.0;0.0;13.0;33.0;1.2;0.0;0.0;0.0;9.8;1.4;0.0;25.2;6.8;0.0;0.0;45.0;1.2;25.0;14.2;1.8;10.0;20.0;6.4
Carnaubal;CARNAUBAL;-4.1645833333333;-40.941555555556;2003;4;93.2;15.0;3.2;13.2;0.0;3.4;0.0;0.0;10.4;0.0;0.0;14.8;0.0;0.0;0.0;0.0;0.0;0.0;0.0;0.0;5.4;1.6;0.0;0.0;0.0;0.0;11.0;0.0;10.4;3.2;1.6;888.0
Carnaubal;CARNAUBAL;-4.1645833333333;-40.941555555556;2003;5;13.8;0.0;0.0;0.0;0.0;8.0;2.0;0.0;0.0;0.0;0.0;0.0;0.0;0.0;0.0;0.0;0.0;2.0;0.0;0.0;0.0;0.0;1.8;0.0;0.0;0.0;0.0;0.0;0.0;0.0;0.0;0.0
Carnaubal;CARNAUBAL;-4.1645833333333;-40.941555555556;2003;6;11.6;0.0;0.0;0.0;0.0;1.8;0.0;0.0;0.0;0.0;0.0;0.0;0.0;0.0;0.0;0.0;5.2;0.0;4.6;0.0;0.0;0.0;0.0;0.0;0.0;0.0;0.0;0.0;0.0;0.0;0.0;888.0
Carnaubal;CARNAUBAL;-4.1645833333333;-40.941555555556;2003;7;4.0;4.0;0.0;0.0;0.0;0.0;0.0;0.0;0.0;0.0;0.0;0.0;0.0;0.0;0.0;0.0;0.0;0.0;0.0;0.0;0.0;0.0;0.0;0.0;0.0;0.0;0.0;0.0;0.0;0.0;0.0;0.0
Carnaubal;CARNAUBAL;-4.1645833333333;-40.941555555556;2003;8;0.0;0.0;0.0;0.0;0.0;0.0;0.0;0.0;0.0;0.0;0.0;0.0;0.0;0.0;0.0;0.0;0.0;0.0;0.0;0.0;0.0;0.0;0.0;0.0;0.0;0.0;0.0;0.0;0.0;0.0;0.0;0.0
Carnaubal;CARNAUBAL;-4.1645833333333;-40.941555555556;2003;9;0.0;0.0;0.0;0.0;0.0;0.0;0.0;0.0;0.0;0.0;0.0;0.0;0.0;0.0;0.0;0.0;0.0;0.0;0.0;0.0;0.0;0.0;0.0;0.0;0.0;0.0;0.0;0.0;0.0;0.0;0.0;888.0
Carnaubal;CARNAUBAL;-4.1645833333333;-40.941555555556;2003;10;0.0;0.0;0.0;0.0;0.0;0.0;0.0;0.0;0.0;0.0;0.0;0.0;0.0;0.0;0.0;0.0;0.0;0.0;0.0;0.0;0.0;0.0;0.0;0.0;0.0;0.0;0.0;0.0;0.0;0.0;0.0;0.0
Carnaubal;CARNAUBAL;-4.1645833333333;-40.941555555556;2003;11;0.0;0.0;0.0;0.0;0.0;0.0;0.0;0.0;0.0;0.0;0.0;0.0;0.0;0.0;0.0;0.0;0.0;0.0;0.0;0.0;0.0;0.0;0.0;0.0;0.0;0.0;0.0;0.0;0.0;0.0;0.0;888.0
Carnaubal;CARNAUBAL;-4.1645833333333;-40.941555555556;2003;12;19.6;0.0;0.0;0.0;0.0;0.0;0.0;0.0;0.0;0.0;0.0;0.0;0.0;0.0;0.0;0.0;0.0;0.0;0.0;0.0;0.0;0.0;0.0;0.0;0.0;0.0;0.0;0.0;0.0;17.2;1.6;0.8
Carnaubal;CARNAUBAL;-4.1645833333333;-40.941555555556;2004;1;566.8;0.0;0.0;0.0;0.0;0.0;0.0;0.0;0.0;0.0;0.0;3.8;0.0;0.0;4.6;47.0;0.0;0.0;63.0;0.0;5.2;18.4;26.0;50.0;48.0;49.6;4.8;46.0;17.0;133.4;48.4;1.6
Carnaubal;CARNAUBAL;-4.1645833333333;-40.941555555556;2004;2;221.4;0.0;26.0;2.8;8.4;2.2;4.0;0.0;0.0;11.2;0.0;0.0;0.0;12.8;11.6;3.2;67.0;4.8;0.0;0.0;0.0;0.0;8.0;0.0;0.0;0.0;0.0;21.4;20.0;18.0;888.0;888.0
Carnaubal;CARNAUBAL;-4.1645833333333;-40.941555555556;2004;3;122.0;2.6;0.0;0.0;0.0;0.0;26.0;28.4;2.0;11.6;0.0;1.8;0.0;0.0;0.0;0.0;3.0;4.4;0.0;0.0;0.0;0.0;0.0;6.4;1.4;0.0;0.0;23.0;10.0;0.0;1.4;0.0
Carnaubal;CARNAUBAL;-4.1645833333333;-40.941555555556;2004;4;64.4;0.0;0.0;0.0;0.0;2.4;0.0;0.0;0.0;0.0;0.0;0.0;0.0;0.0;0.0;0.0;12.2;0.0;0.0;17.8;0.0;0.0;0.0;19.6;0.0;0.0;12.4;0.0;0.0;0.0;0.0;888.0
Carnaubal;CARNAUBAL;-4.1645833333333;-40.941555555556;2004;5;126.0;0.0;0.0;0.0;0.0;37.8;0.0;0.0;0.0;0.0;0.0;6.2;0.0;0.0;0.0;0.0;0.0;0.0;0.0;0.0;0.0;65.0;0.0;0.0;0.0;13.0;0.0;0.0;0.0;0.0;4.0;0.0
Carnaubal;CARNAUBAL;-4.1645833333333;-40.941555555556;2004;6;35.4;0.0;0.0;0.0;0.0;0.0;0.0;0.0;0.0;0.0;0.0;0.0;0.0;0.0;0.0;0.0;0.0;0.0;0.0;5.0;15.0;0.0;7.0;0.0;0.0;0.0;0.0;0.0;3.6;0.0;4.8;888.0
Carnaubal;CARNAUBAL;-4.1645833333333;-40.941555555556;2004;7;37.0;0.0;0.0;0.0;0.0;0.0;0.0;0.0;0.0;0.0;0.0;0.0;0.0;0.0;2.0;0.0;0.0;35.0;0.0;0.0;0.0;0.0;0.0;0.0;0.0;0.0;0.0;0.0;0.0;0.0;0.0;0.0
Carnaubal;CARNAUBAL;-4.1645833333333;-40.941555555556;2004;8;0.0;0.0;0.0;0.0;0.0;0.0;0.0;0.0;0.0;0.0;0.0;0.0;0.0;0.0;0.0;0.0;0.0;0.0;0.0;0.0;0.0;0.0;0.0;0.0;0.0;0.0;0.0;0.0;0.0;0.0;0.0;0.0
Carnaubal;CARNAUBAL;-4.1645833333333;-40.941555555556;2004;9;0.0;0.0;0.0;0.0;0.0;0.0;0.0;0.0;0.0;0.0;0.0;0.0;0.0;0.0;0.0;0.0;0.0;0.0;0.0;0.0;0.0;0.0;0.0;0.0;0.0;0.0;0.0;0.0;0.0;0.0;0.0;888.0
Carnaubal;CARNAUBAL;-4.1645833333333;-40.941555555556;2004;10;0.0;0.0;0.0;0.0;0.0;0.0;0.0;0.0;0.0;0.0;0.0;0.0;0.0;0.0;0.0;0.0;0.0;0.0;0.0;0.0;0.0;0.0;0.0;0.0;0.0;0.0;0.0;0.0;0.0;0.0;0.0;0.0
Carnaubal;CARNAUBAL;-4.1645833333333;-40.941555555556;2004;11;0.0;0.0;0.0;0.0;0.0;0.0;0.0;0.0;0.0;0.0;0.0;0.0;0.0;0.0;0.0;0.0;0.0;0.0;0.0;0.0;0.0;0.0;0.0;0.0;0.0;0.0;0.0;0.0;0.0;0.0;0.0;888.0
Carnaubal;CARNAUBAL;-4.1645833333333;-40.941555555556;2004;12;0.0;0.0;0.0;0.0;0.0;0.0;0.0;0.0;0.0;0.0;0.0;0.0;0.0;0.0;0.0;0.0;0.0;0.0;0.0;0.0;0.0;0.0;0.0;0.0;0.0;0.0;0.0;0.0;0.0;0.0;0.0;0.0
Carnaubal;CARNAUBAL;-4.1645833333333;-40.941555555556;2005;1;73.2;0.0;0.0;0.0;0.0;0.0;0.0;0.0;0.0;0.0;0.0;0.0;0.0;0.0;0.0;3.0;0.0;40.0;11.4;0.0;0.0;0.0;0.0;0.0;0.0;10.0;7.2;1.6;0.0;0.0;0.0;0.0
Carnaubal;CARNAUBAL;-4.1645833333333;-40.941555555556;2005;2;79.6;0.0;0.0;0.0;0.0;0.0;0.0;0.0;0.0;0.0;0.0;0.0;0.0;6.8;0.0;9.0;19.0;0.6;12.4;0.0;1.0;0.0;0.0;0.0;0.0;0.0;12.0;8.0;10.8;888.0;888.0;888.0
Carnaubal;CARNAUBAL;-4.1645833333333;-40.941555555556;2005;3;131.8;0.0;0.0;0.0;0.0;0.0;0.0;0.0;0.0;1.0;0.0;1.8;2.8;0.0;0.0;0.0;0.0;0.0;0.0;0.0;69.0;5.0;1.6;11.0;5.4;0.0;4.6;0.0;5.8;0.6;1.0;22.2
Carnaubal;CARNAUBAL;-4.1645833333333;-40.941555555556;2005;4;64.2;3.2;8.4;0.0;0.0;2.2;0.0;2.8;0.0;0.0;3.8;3.0;0.0;0.0;4.0;0.0;0.0;0.0;0.0;6.0;0.6;0.0;0.0;0.0;0.0;0.0;0.0;0.0;6.0;7.0;17.2;888.0
Carnaubal;CARNAUBAL;-4.1645833333333;-40.941555555556;2005;5;43.6;0.0;0.0;9.0;0.0;0.0;0.0;0.0;0.0;2.4;0.0;0.0;0.0;3.2;3.4;3.0;0.0;3.2;1.8;0.0;0.0;0.0;0.0;0.0;8.6;4.0;0.0;0.0;0.0;2.0;0.0;3.0
Carnaubal;CARNAUBAL;-4.1645833333333;-40.941555555556;2005;6;12.0;0.0;2.6;0.0;0.0;0.0;4.8;0.0;0.0;0.0;0.0;0.0;0.0;0.0;0.0;2.4;0.0;0.0;0.0;0.0;0.0;0.0;0.0;0.0;0.0;0.0;0.0;0.0;2.2;0.0;0.0;888.0
Carnaubal;CARNAUBAL;-4.1645833333333;-40.941555555556;2005;7;0.0;0.0;0.0;0.0;0.0;0.0;0.0;0.0;0.0;0.0;0.0;0.0;0.0;0.0;0.0;0.0;0.0;0.0;0.0;0.0;0.0;0.0;0.0;0.0;0.0;0.0;0.0;0.0;0.0;0.0;0.0;0.0
Carnaubal;CARNAUBAL;-4.1645833333333;-40.941555555556;2005;8;0.0;0.0;0.0;0.0;0.0;0.0;0.0;0.0;0.0;0.0;0.0;0.0;0.0;0.0;0.0;0.0;0.0;0.0;0.0;0.0;0.0;0.0;0.0;0.0;0.0;0.0;0.0;0.0;0.0;0.0;0.0;0.0
Carnaubal;CARNAUBAL;-4.1645833333333;-40.941555555556;2005;9;0.0;0.0;0.0;0.0;0.0;0.0;0.0;0.0;0.0;0.0;0.0;0.0;0.0;0.0;0.0;0.0;0.0;0.0;0.0;0.0;0.0;0.0;0.0;0.0;0.0;0.0;0.0;0.0;0.0;0.0;0.0;888.0
Carnaubal;CARNAUBAL;-4.1645833333333;-40.941555555556;2005;10;0.0;0.0;0.0;0.0;0.0;0.0;0.0;0.0;0.0;0.0;0.0;0.0;0.0;0.0;0.0;0.0;0.0;0.0;0.0;0.0;0.0;0.0;0.0;0.0;0.0;0.0;0.0;0.0;0.0;0.0;0.0;0.0
Carnaubal;CARNAUBAL;-4.1645833333333;-40.941555555556;2005;11;0.0;0.0;0.0;0.0;0.0;0.0;0.0;0.0;0.0;0.0;0.0;0.0;0.0;0.0;0.0;0.0;0.0;0.0;0.0;0.0;0.0;0.0;0.0;0.0;0.0;0.0;0.0;0.0;0.0;0.0;0.0;888.0
Carnaubal;CARNAUBAL;-4.1645833333333;-40.941555555556;2005;12;25.0;0.0;0.0;0.0;0.0;0.0;0.0;0.0;22.0;0.0;0.0;0.0;0.0;0.0;0.0;0.0;0.0;0.0;0.0;0.0;0.0;0.0;0.0;0.0;0.0;0.0;0.0;0.0;0.0;3.0;0.0;0.0
Carnaubal;CARNAUBAL;-4.1645833333333;-40.941555555556;2006;1;25.8;22.4;0.0;0.0;0.0;0.0;0.0;0.0;0.0;0.0;0.0;3.4;0.0;0.0;0.0;0.0;0.0;0.0;0.0;0.0;0.0;0.0;0.0;0.0;0.0;0.0;0.0;0.0;0.0;0.0;0.0;0.0
Carnaubal;CARNAUBAL;-4.1645833333333;-40.941555555556;2006;2;111.0;0.0;0.0;0.0;0.0;22.6;0.0;0.0;0.0;0.0;0.0;0.0;15.6;0.0;0.0;5.6;0.0;0.0;0.0;33.2;0.0;0.0;0.0;1.4;0.0;17.0;15.6;0.0;0.0;888.0;888.0;888.0
Carnaubal;CARNAUBAL;-4.1645833333333;-40.941555555556;2006;3;205.0;56.0;34.0;6.0;18.8;0.0;0.0;1.8;7.4;0.0;0.0;0.0;0.0;0.0;0.0;0.0;0.0;0.0;0.0;6.0;0.0;18.8;2.2;0.0;15.8;0.0;5.0;9.4;2.6;10.4;4.0;6.8
Carnaubal;CARNAUBAL;-4.1645833333333;-40.941555555556;2006;4;145.2;13.6;38.0;0.0;0.0;28.0;7.8;0.0;0.0;0.0;7.4;0.0;2.2;2.0;0.0;0.0;0.0;4.2;0.0;0.0;2.6;0.0;14.4;0.0;0.0;0.0;5.0;0.0;0.0;2.4;17.6;888.0
Carnaubal;CARNAUBAL;-4.1645833333333;-40.941555555556;2006;5;45.8;0.0;0.0;0.0;0.0;0.0;0.0;0.0;5.0;4.0;0.0;3.8;0.0;33.0;0.0;0.0;0.0;0.0;0.0;0.0;0.0;0.0;0.0;0.0;0.0;0.0;0.0;0.0;0.0;0.0;0.0;0.0
Carnaubal;CARNAUBAL;-4.1645833333333;-40.941555555556;2006;6;0.0;0.0;0.0;0.0;0.0;0.0;0.0;0.0;0.0;0.0;0.0;0.0;0.0;0.0;0.0;0.0;0.0;0.0;0.0;0.0;0.0;0.0;0.0;0.0;0.0;0.0;0.0;0.0;0.0;0.0;0.0;888.0
Carnaubal;CARNAUBAL;-4.1645833333333;-40.941555555556;2006;7;0.0;0.0;0.0;0.0;0.0;0.0;0.0;0.0;0.0;0.0;0.0;0.0;0.0;0.0;0.0;0.0;0.0;0.0;0.0;0.0;0.0;0.0;0.0;0.0;0.0;0.0;0.0;0.0;0.0;0.0;0.0;0.0
Carnaubal;CARNAUBAL;-4.1645833333333;-40.941555555556;2006;8;0.0;0.0;0.0;0.0;0.0;0.0;0.0;0.0;0.0;0.0;0.0;0.0;0.0;0.0;0.0;0.0;0.0;0.0;0.0;0.0;0.0;0.0;0.0;0.0;0.0;0.0;0.0;0.0;0.0;0.0;0.0;0.0
Carnaubal;CARNAUBAL;-4.1645833333333;-40.941555555556;2006;9;0.0;0.0;0.0;0.0;0.0;0.0;0.0;0.0;0.0;0.0;0.0;0.0;0.0;0.0;0.0;0.0;0.0;0.0;0.0;0.0;0.0;0.0;0.0;0.0;0.0;0.0;0.0;0.0;0.0;0.0;0.0;888.0
Carnaubal;CARNAUBAL;-4.1645833333333;-40.941555555556;2006;10;0.0;0.0;0.0;0.0;0.0;0.0;0.0;0.0;0.0;0.0;0.0;0.0;0.0;0.0;0.0;0.0;0.0;0.0;0.0;0.0;0.0;0.0;0.0;0.0;0.0;0.0;0.0;0.0;0.0;0.0;0.0;0.0
Carnaubal;CARNAUBAL;-4.1645833333333;-40.941555555556;2006;11;0.0;0.0;0.0;0.0;0.0;0.0;0.0;0.0;0.0;0.0;0.0;0.0;0.0;0.0;0.0;0.0;0.0;0.0;0.0;0.0;0.0;0.0;0.0;0.0;0.0;0.0;0.0;0.0;0.0;0.0;0.0;888.0
Carnaubal;CARNAUBAL;-4.1645833333333;-40.941555555556;2006;12;0.0;0.0;0.0;0.0;0.0;0.0;0.0;0.0;0.0;0.0;0.0;0.0;0.0;0.0;0.0;0.0;0.0;0.0;0.0;0.0;0.0;0.0;0.0;0.0;0.0;0.0;0.0;0.0;0.0;0.0;0.0;0.0
Carnaubal;CARNAUBAL;-4.1645833333333;-40.941555555556;2007;1;0.0;0.0;0.0;0.0;0.0;0.0;0.0;0.0;0.0;0.0;0.0;0.0;0.0;0.0;0.0;0.0;0.0;0.0;0.0;0.0;0.0;0.0;0.0;0.0;0.0;0.0;0.0;0.0;0.0;0.0;0.0;0.0
Carnaubal;CARNAUBAL;-4.1645833333333;-40.941555555556;2007;2;245.3;0.0;0.0;0.0;9.2;0.0;0.0;0.0;0.0;0.0;0.0;0.0;0.0;0.0;1.2;8.0;6.0;29.6;30.0;38.6;77.0;0.0;21.5;15.6;0.0;0.0;0.0;8.6;0.0;888.0;888.0;888.0
Carnaubal;CARNAUBAL;-4.1645833333333;-40.941555555556;2007;3;103.8;0.0;17.8;0.0;7.0;0.0;0.0;5.2;10.3;0.0;0.0;0.0;0.0;0.0;0.0;0.0;0.0;0.0;0.0;17.0;6.0;0.0;0.0;12.0;0.0;0.0;0.0;0.0;4.5;20.0;4.0;0.0
Carnaubal;CARNAUBAL;-4.1645833333333;-40.941555555556;2007;4;79.0;0.0;18.4;0.0;0.0;0.0;0.0;8.7;0.0;6.3;0.0;0.0;0.0;0.0;0.0;0.0;0.0;0.0;14.6;0.0;0.0;8.2;0.0;0.0;0.0;0.0;0.0;11.8;0.0;0.0;11.0;888.0
Carnaubal;CARNAUBAL;-4.1645833333333;-40.941555555556;2007;5;20.4;0.0;0.0;0.0;6.6;0.0;0.0;0.0;0.0;0.0;0.0;0.0;0.0;0.0;7.0;0.0;0.0;0.0;0.0;0.0;0.0;0.0;0.0;0.0;0.0;6.8;0.0;0.0;0.0;0.0;0.0;0.0
Carnaubal;CARNAUBAL;-4.1645833333333;-40.941555555556;2007;6;30.0;0.0;0.0;0.0;0.0;0.0;30.0;0.0;0.0;0.0;0.0;0.0;0.0;0.0;0.0;0.0;0.0;0.0;0.0;0.0;0.0;0.0;0.0;0.0;0.0;0.0;0.0;0.0;0.0;0.0;0.0;888.0
Carnaubal;CARNAUBAL;-4.1645833333333;-40.941555555556;2007;7;5.8;0.0;0.0;0.0;0.0;0.0;0.0;0.0;0.0;0.0;0.0;0.0;0.0;0.0;0.0;0.0;0.0;0.0;0.0;0.0;0.0;0.0;0.0;0.0;5.8;0.0;0.0;0.0;0.0;0.0;0.0;0.0
Carnaubal;CARNAUBAL;-4.1645833333333;-40.941555555556;2007;8;0.0;0.0;0.0;0.0;0.0;0.0;0.0;0.0;0.0;0.0;0.0;0.0;0.0;0.0;0.0;0.0;0.0;0.0;0.0;0.0;0.0;0.0;0.0;0.0;0.0;0.0;0.0;0.0;0.0;0.0;0.0;0.0
Carnaubal;CARNAUBAL;-4.1645833333333;-40.941555555556;2007;9;0.0;0.0;0.0;0.0;0.0;0.0;0.0;0.0;0.0;0.0;0.0;0.0;0.0;0.0;0.0;0.0;0.0;0.0;0.0;0.0;0.0;0.0;0.0;0.0;0.0;0.0;0.0;0.0;0.0;0.0;0.0;888.0
Carnaubal;CARNAUBAL;-4.1645833333333;-40.941555555556;2007;10;0.0;0.0;0.0;0.0;0.0;0.0;0.0;0.0;0.0;0.0;0.0;0.0;0.0;0.0;0.0;0.0;0.0;0.0;0.0;0.0;0.0;0.0;0.0;0.0;0.0;0.0;0.0;0.0;0.0;0.0;0.0;0.0
Carnaubal;CARNAUBAL;-4.1645833333333;-40.941555555556;2007;11;0.0;0.0;0.0;0.0;0.0;0.0;0.0;0.0;0.0;0.0;0.0;0.0;0.0;0.0;0.0;0.0;0.0;0.0;0.0;0.0;0.0;0.0;0.0;0.0;0.0;0.0;0.0;0.0;0.0;0.0;0.0;888.0
Carnaubal;CARNAUBAL;-4.1645833333333;-40.941555555556;2007;12;9.0;0.0;0.0;0.0;0.0;0.0;0.0;0.0;0.0;0.0;0.0;0.0;0.0;0.0;0.0;0.0;0.0;0.0;0.0;0.0;0.0;0.0;0.0;0.0;0.0;0.0;0.0;0.0;0.0;9.0;0.0;0.0
Carnaubal;CARNAUBAL;-4.1645833333333;-40.941555555556;2008;1;165.2;0.0;0.0;0.0;0.0;0.0;0.0;0.0;0.0;0.0;0.0;0.0;0.0;0.0;0.0;0.0;4.0;3.0;0.0;0.0;0.0;0.0;0.0;4.0;0.0;0.0;0.0;0.0;43.0;0.0;0.0;111.2
Carnaubal;CARNAUBAL;-4.1645833333333;-40.941555555556;2008;2;60.0;23.8;0.0;0.0;0.0;0.0;0.0;3.2;0.0;0.0;0.0;0.0;2.0;0.0;0.0;5.2;6.2;0.0;0.0;2.0;5.2;7.6;4.8;0.0;0.0;0.0;0.0;0.0;0.0;0.0;888.0;888.0
Carnaubal;CARNAUBAL;-4.1645833333333;-40.941555555556;2008;3;320.0;28.8;2.2;0.0;3.6;1.2;2.8;0.0;2.7;3.3;0.0;0.0;3.0;11.0;6.6;0.0;13.4;17.2;0.0;0.0;11.0;20.0;10.0;29.8;50.2;24.0;34.0;6.2;0.0;0.0;27.3;11.7
Carnaubal;CARNAUBAL;-4.1645833333333;-40.941555555556;2008;4;314.3;68.4;17.6;37.0;14.0;10.2;40.2;24.6;1.8;17.2;0.0;0.0;0.0;0.0;5.4;0.0;2.8;0.0;0.0;0.0;0.0;20.3;0.0;0.0;10.6;4.0;0.0;5.2;0.0;0.0;35.0;888.0
Carnaubal;CARNAUBAL;-4.1645833333333;-40.941555555556;2008;5;88.2;3.8;0.0;0.0;0.0;5.6;8.2;0.0;19.4;0.0;7.4;0.0;10.2;0.0;0.0;0.0;0.0;0.0;0.0;0.0;0.0;8.8;0.0;0.0;0.0;0.0;1.0;1.0;22.8;0.0;0.0;0.0
Carnaubal;CARNAUBAL;-4.1645833333333;-40.941555555556;2008;6;0.0;0.0;0.0;0.0;0.0;0.0;0.0;0.0;0.0;0.0;0.0;0.0;0.0;0.0;0.0;0.0;0.0;0.0;0.0;0.0;0.0;0.0;0.0;0.0;0.0;0.0;0.0;0.0;0.0;0.0;0.0;888.0
Carnaubal;CARNAUBAL;-4.1645833333333;-40.941555555556;2008;7;6.0;0.0;4.6;0.0;0.0;0.0;0.0;0.0;0.0;0.0;0.0;0.0;0.0;0.0;0.0;0.0;0.0;0.0;0.0;0.0;0.0;0.0;0.0;0.0;0.0;0.0;0.0;0.0;1.4;0.0;0.0;0.0
Carnaubal;CARNAUBAL;-4.1645833333333;-40.941555555556;2008;8;0.0;0.0;0.0;0.0;0.0;0.0;0.0;0.0;0.0;0.0;0.0;0.0;0.0;0.0;0.0;0.0;0.0;0.0;0.0;0.0;0.0;0.0;0.0;0.0;0.0;0.0;0.0;0.0;0.0;0.0;0.0;0.0
Carnaubal;CARNAUBAL;-4.1645833333333;-40.941555555556;2008;9;0.0;0.0;0.0;0.0;0.0;0.0;0.0;0.0;0.0;0.0;0.0;0.0;0.0;0.0;0.0;0.0;0.0;0.0;0.0;0.0;0.0;0.0;0.0;0.0;0.0;0.0;0.0;0.0;0.0;0.0;0.0;888.0
Carnaubal;CARNAUBAL;-4.1645833333333;-40.941555555556;2008;10;0.0;0.0;0.0;0.0;0.0;0.0;0.0;0.0;0.0;0.0;0.0;0.0;0.0;0.0;0.0;0.0;0.0;0.0;0.0;0.0;0.0;0.0;0.0;0.0;0.0;0.0;0.0;0.0;0.0;0.0;0.0;0.0
Carnaubal;CARNAUBAL;-4.1645833333333;-40.941555555556;2008;11;0.0;0.0;0.0;0.0;0.0;0.0;0.0;0.0;0.0;0.0;0.0;0.0;0.0;0.0;0.0;0.0;0.0;0.0;0.0;0.0;0.0;0.0;0.0;0.0;0.0;0.0;0.0;0.0;0.0;0.0;0.0;888.0
Carnaubal;CARNAUBAL;-4.1645833333333;-40.941555555556;2008;12;4.4;0.0;0.0;0.0;0.0;0.0;0.0;0.0;0.0;0.0;0.0;0.0;0.0;0.0;0.0;0.0;0.0;0.0;0.0;0.0;0.0;4.4;0.0;0.0;0.0;0.0;0.0;0.0;0.0;0.0;0.0;0.0
Carnaubal;CARNAUBAL;-4.1645833333333;-40.941555555556;2009;1;66.1;0.0;0.0;0.0;0.0;0.0;0.0;0.0;0.0;0.0;0.0;0.0;0.0;0.0;0.0;0.0;0.0;0.0;23.9;0.0;0.0;0.0;2.4;14.2;20.0;0.0;5.6;0.0;0.0;0.0;0.0;0.0
Carnaubal;CARNAUBAL;-4.1645833333333;-40.941555555556;2009;2;85.8;0.0;0.0;6.2;11.8;0.0;0.0;9.5;0.0;0.0;0.0;0.0;0.0;0.0;0.0;0.0;1.0;1.8;0.0;0.0;0.0;0.0;37.0;15.2;0.0;0.0;3.3;0.0;0.0;888.0;888.0;888.0
Carnaubal;CARNAUBAL;-4.1645833333333;-40.941555555556;2009;3;148.0;0.0;3.0;32.0;9.4;8.8;11.6;11.6;4.4;2.4;0.0;0.0;0.0;0.0;5.6;5.2;0.0;0.0;8.8;0.0;0.0;0.0;10.0;3.2;32.0;0.0;0.0;0.0;0.0;0.0;0.0;0.0
Carnaubal;CARNAUBAL;-4.1645833333333;-40.941555555556;2009;4;323.0;0.0;12.0;13.2;0.0;0.0;0.0;0.0;0.0;28.4;0.0;0.0;4.8;46.6;4.6;10.8;5.4;0.0;0.0;0.0;9.2;22.2;28.4;0.0;62.4;0.0;0.0;12.0;30.6;13.4;19.0;888.0
Carnaubal;CARNAUBAL;-4.1645833333333;-40.941555555556;2009;5;215.8;0.0;21.6;31.8;3.6;17.8;15.6;13.2;0.0;0.0;0.0;47.0;0.0;0.0;8.0;0.0;0.0;0.0;0.0;0.0;0.0;0.0;8.0;0.0;20.0;0.0;0.0;11.2;18.0;0.0;0.0;0.0
Carnaubal;CARNAUBAL;-4.1645833333333;-40.941555555556;2009;6;81.6;0.0;0.0;0.0;69.2;4.4;0.0;0.0;0.0;0.0;0.0;0.0;0.0;0.0;0.0;0.0;0.0;0.0;0.0;0.0;0.0;0.0;0.0;8.0;0.0;0.0;0.0;0.0;0.0;0.0;0.0;888.0
Carnaubal;CARNAUBAL;-4.1645833333333;-40.941555555556;2009;7;0.0;0.0;0.0;0.0;0.0;0.0;0.0;0.0;0.0;0.0;0.0;0.0;0.0;0.0;0.0;0.0;0.0;0.0;0.0;0.0;0.0;0.0;0.0;0.0;0.0;0.0;0.0;0.0;0.0;0.0;0.0;0.0
Carnaubal;CARNAUBAL;-4.1645833333333;-40.941555555556;2009;8;0.0;0.0;0.0;0.0;0.0;0.0;0.0;0.0;0.0;0.0;0.0;0.0;0.0;0.0;0.0;0.0;0.0;0.0;0.0;0.0;0.0;0.0;0.0;0.0;0.0;0.0;0.0;0.0;0.0;0.0;0.0;0.0
Carnaubal;CARNAUBAL;-4.1645833333333;-40.941555555556;2009;9;0.0;0.0;0.0;0.0;0.0;0.0;0.0;0.0;0.0;0.0;0.0;0.0;0.0;0.0;0.0;0.0;0.0;0.0;0.0;0.0;0.0;0.0;0.0;0.0;0.0;0.0;0.0;0.0;0.0;0.0;0.0;888.0
Carnaubal;CARNAUBAL;-4.1645833333333;-40.941555555556;2009;10;0.0;0.0;0.0;0.0;0.0;0.0;0.0;0.0;0.0;0.0;0.0;0.0;0.0;0.0;0.0;0.0;0.0;0.0;0.0;0.0;0.0;0.0;0.0;0.0;0.0;0.0;0.0;0.0;0.0;0.0;0.0;0.0
Carnaubal;CARNAUBAL;-4.1645833333333;-40.941555555556;2009;11;0.0;0.0;0.0;0.0;0.0;0.0;0.0;0.0;0.0;0.0;0.0;0.0;0.0;0.0;0.0;0.0;0.0;0.0;0.0;0.0;0.0;0.0;0.0;0.0;0.0;0.0;0.0;0.0;0.0;0.0;0.0;888.0
Carnaubal;CARNAUBAL;-4.1645833333333;-40.941555555556;2009;12;0.0;0.0;0.0;0.0;0.0;0.0;0.0;0.0;0.0;0.0;0.0;0.0;0.0;0.0;0.0;0.0;0.0;0.0;0.0;0.0;0.0;0.0;0.0;0.0;0.0;0.0;0.0;0.0;0.0;0.0;0.0;0.0
Carnaubal;CARNAUBAL;-4.1645833333333;-40.941555555556;2010;1;41.0;0.0;0.0;0.0;0.0;0.0;0.0;0.0;0.0;0.0;25.0;11.0;0.0;0.0;0.0;0.0;0.0;0.0;0.0;0.0;5.0;0.0;0.0;0.0;0.0;0.0;0.0;0.0;0.0;0.0;0.0;0.0
Carnaubal;CARNAUBAL;-4.1645833333333;-40.941555555556;2010;2;0.0;0.0;0.0;0.0;0.0;0.0;0.0;0.0;0.0;0.0;0.0;0.0;0.0;0.0;0.0;0.0;0.0;0.0;0.0;0.0;0.0;0.0;0.0;0.0;0.0;0.0;0.0;0.0;0.0;888.0;888.0;888.0
Carnaubal;CARNAUBAL;-4.1645833333333;-40.941555555556;2010;3;29.0;0.0;0.0;0.0;0.0;0.0;0.0;0.0;0.0;0.0;0.0;0.0;0.0;0.0;0.0;0.0;0.0;0.0;0.0;0.0;5.0;0.0;0.0;0.0;0.0;4.0;0.0;0.0;0.0;14.0;0.0;6.0
Carnaubal;CARNAUBAL;-4.1645833333333;-40.941555555556;2010;4;59.7;0.0;0.0;0.0;0.0;7.0;0.0;0.0;0.0;0.0;14.0;0.0;3.0;3.6;0.0;0.0;0.0;10.5;0.0;0.0;0.0;0.0;0.0;21.6;0.0;0.0;0.0;0.0;0.0;0.0;0.0;888.0
Carnaubal;CARNAUBAL;-4.1645833333333;-40.941555555556;2010;5;50.2;8.0;32.0;0.0;0.0;0.0;0.0;0.0;0.0;0.0;0.0;0.0;0.0;0.0;10.2;0.0;0.0;0.0;0.0;0.0;0.0;0.0;0.0;0.0;0.0;0.0;0.0;0.0;0.0;0.0;0.0;0.0
Carnaubal;CARNAUBAL;-4.1645833333333;-40.941555555556;2010;6;0.0;0.0;0.0;0.0;0.0;0.0;0.0;0.0;0.0;0.0;0.0;0.0;0.0;0.0;0.0;0.0;0.0;0.0;0.0;0.0;0.0;0.0;0.0;0.0;0.0;0.0;0.0;0.0;0.0;0.0;0.0;888.0
Carnaubal;CARNAUBAL;-4.1645833333333;-40.941555555556;2010;7;0.0;0.0;999.0;999.0;999.0;999.0;999.0;999.0;999.0;999.0;999.0;999.0;999.0;999.0;999.0;999.0;999.0;999.0;999.0;999.0;999.0;999.0;999.0;999.0;999.0;999.0;999.0;999.0;999.0;999.0;999.0;999.0
Carnaubal;CARNAUBAL;-4.1645833333333;-40.941555555556;2010;11;0.0;0.0;0.0;0.0;0.0;0.0;0.0;0.0;0.0;0.0;0.0;0.0;0.0;0.0;0.0;0.0;0.0;0.0;0.0;0.0;0.0;0.0;0.0;0.0;0.0;0.0;0.0;0.0;0.0;0.0;0.0;888.0
Carnaubal;CARNAUBAL;-4.1645833333333;-40.941555555556;2010;12;0.0;0.0;0.0;0.0;0.0;0.0;0.0;0.0;0.0;0.0;0.0;0.0;0.0;0.0;0.0;0.0;0.0;0.0;0.0;0.0;0.0;0.0;0.0;0.0;0.0;0.0;0.0;0.0;0.0;0.0;0.0;0.0
Carnaubal;CARNAUBAL;-4.1645833333333;-40.941555555556;2011;1;161.6;0.0;0.0;0.0;0.0;0.0;0.0;0.0;0.0;0.0;19.0;0.0;0.0;0.0;21.6;0.0;0.0;0.0;0.0;0.0;11.5;0.0;0.0;0.0;22.5;87.0;0.0;0.0;0.0;0.0;0.0;0.0
Carnaubal;CARNAUBAL;-4.1645833333333;-40.941555555556;2011;2;17.0;0.0;0.0;0.0;0.0;0.0;0.0;0.0;0.0;0.0;0.0;0.0;0.0;0.0;0.0;0.0;0.0;0.0;17.0;0.0;0.0;0.0;0.0;0.0;0.0;0.0;0.0;0.0;0.0;888.0;888.0;888.0
Carnaubal;CARNAUBAL;-4.1645833333333;-40.941555555556;2011;3;154.8;67.0;6.0;0.0;24.0;0.0;0.0;13.0;0.0;0.0;0.0;0.0;0.0;0.0;0.0;0.0;0.0;15.3;0.0;0.0;0.0;0.0;0.0;0.0;0.0;9.5;0.0;0.0;0.0;20.0;0.0;0.0
Carnaubal;CARNAUBAL;-4.1645833333333;-40.941555555556;2011;4;126.6;0.0;0.0;0.0;0.0;0.0;0.0;0.0;0.0;0.0;0.0;13.0;0.0;13.0;2.0;0.0;0.0;0.0;9.6;11.0;0.0;0.0;0.0;0.0;42.0;0.0;0.0;0.0;0.0;36.0;0.0;888.0
Carnaubal;CARNAUBAL;-4.1645833333333;-40.941555555556;2011;5;102.2;0.0;52.0;0.0;0.0;11.2;4.0;0.0;0.0;0.0;0.0;30.0;0.0;0.0;0.0;0.0;0.0;5.0;0.0;0.0;0.0;0.0;0.0;0.0;0.0;0.0;0.0;0.0;0.0;0.0;0.0;0.0
Carnaubal;CARNAUBAL;-4.1645833333333;-40.941555555556;2011;6;0.0;0.0;0.0;0.0;0.0;0.0;0.0;0.0;0.0;0.0;0.0;0.0;0.0;0.0;0.0;0.0;0.0;0.0;0.0;0.0;0.0;0.0;0.0;0.0;0.0;0.0;0.0;0.0;0.0;0.0;0.0;888.0
Carnaubal;CARNAUBAL;-4.1645833333333;-40.941555555556;2011;7;19.5;0.0;0.0;0.0;0.0;0.0;0.0;0.0;0.0;0.0;0.0;0.0;0.0;19.5;0.0;0.0;0.0;0.0;0.0;0.0;0.0;0.0;0.0;0.0;0.0;0.0;0.0;0.0;0.0;0.0;0.0;0.0
Carnaubal;CARNAUBAL;-4.1645833333333;-40.941555555556;2011;8;0.0;0.0;999.0;999.0;999.0;999.0;999.0;999.0;999.0;999.0;999.0;999.0;999.0;999.0;999.0;999.0;999.0;999.0;999.0;999.0;999.0;999.0;999.0;999.0;999.0;999.0;999.0;999.0;999.0;999.0;999.0;999.0
Carnaubal;CARNAUBAL;-4.1645833333333;-40.941555555556;2012;1;10.0;0.0;0.0;0.0;0.0;0.0;0.0;0.0;0.0;0.0;0.0;0.0;0.0;0.0;0.0;0.0;0.0;0.0;0.0;0.0;0.0;0.0;0.0;0.0;0.0;10.0;0.0;0.0;0.0;0.0;0.0;0.0
Carnaubal;CARNAUBAL;-4.1645833333333;-40.941555555556;2012;2;169.2;0.0;0.0;0.0;0.0;0.0;0.0;0.0;0.0;0.0;0.0;0.0;0.0;0.0;16.0;0.0;0.0;90.0;0.0;0.0;0.0;0.0;0.0;0.0;0.0;0.0;53.0;0.0;10.2;0.0;888.0;888.0
Carnaubal;CARNAUBAL;-4.1645833333333;-40.941555555556;2012;3;23.0;0.0;0.0;0.0;0.0;0.0;0.0;0.0;0.0;0.0;0.0;0.0;0.0;0.0;0.0;0.0;9.0;0.0;0.0;0.0;0.0;0.0;0.0;0.0;0.0;0.0;14.0;0.0;0.0;0.0;0.0;0.0
Carnaubal;CARNAUBAL;-4.1645833333333;-40.941555555556;2012;4;0.0;0.0;0.0;0.0;0.0;0.0;0.0;0.0;0.0;0.0;0.0;0.0;0.0;0.0;0.0;0.0;0.0;0.0;0.0;0.0;0.0;0.0;0.0;0.0;0.0;0.0;0.0;0.0;0.0;0.0;0.0;888.0
Carnaubal;CARNAUBAL;-4.1645833333333;-40.941555555556;2012;5;0.0;0.0;0.0;0.0;0.0;0.0;0.0;0.0;0.0;0.0;0.0;0.0;0.0;0.0;0.0;0.0;0.0;0.0;0.0;0.0;0.0;0.0;0.0;0.0;0.0;0.0;0.0;0.0;0.0;0.0;0.0;0.0
Carnaubal;CARNAUBAL;-4.1645833333333;-40.941555555556;2012;6;0.0;0.0;0.0;0.0;0.0;0.0;0.0;0.0;0.0;0.0;0.0;0.0;0.0;0.0;0.0;0.0;0.0;0.0;0.0;0.0;0.0;0.0;0.0;0.0;0.0;0.0;0.0;0.0;0.0;0.0;0.0;888.0
Carnaubal;CARNAUBAL;-4.1645833333333;-40.941555555556;2012;7;0.0;0.0;0.0;0.0;0.0;0.0;0.0;0.0;0.0;0.0;0.0;0.0;0.0;0.0;0.0;0.0;0.0;0.0;0.0;0.0;0.0;0.0;0.0;0.0;0.0;0.0;0.0;0.0;0.0;0.0;0.0;0.0
Carnaubal;CARNAUBAL;-4.1645833333333;-40.941555555556;2012;8;0.0;0.0;0.0;0.0;0.0;0.0;0.0;0.0;0.0;0.0;0.0;0.0;0.0;0.0;0.0;0.0;0.0;0.0;0.0;0.0;0.0;0.0;0.0;0.0;0.0;0.0;0.0;0.0;0.0;0.0;0.0;0.0
Carnaubal;CARNAUBAL;-4.1645833333333;-40.941555555556;2012;9;0.0;0.0;0.0;0.0;0.0;0.0;0.0;0.0;0.0;0.0;0.0;0.0;0.0;0.0;0.0;0.0;0.0;0.0;0.0;0.0;0.0;0.0;0.0;0.0;0.0;0.0;0.0;0.0;0.0;0.0;0.0;888.0
Carnaubal;CARNAUBAL;-4.1645833333333;-40.941555555556;2012;10;0.0;0.0;0.0;0.0;0.0;0.0;0.0;0.0;0.0;0.0;0.0;0.0;0.0;0.0;0.0;0.0;0.0;0.0;0.0;0.0;0.0;0.0;0.0;0.0;0.0;0.0;0.0;0.0;0.0;0.0;0.0;0.0
Carnaubal;CARNAUBAL;-4.1645833333333;-40.941555555556;2012;11;0.0;0.0;0.0;0.0;0.0;0.0;0.0;0.0;0.0;0.0;0.0;0.0;0.0;0.0;0.0;0.0;0.0;0.0;0.0;0.0;0.0;0.0;0.0;0.0;0.0;0.0;999.0;0.0;0.0;0.0;0.0;888.0
Carnaubal;CARNAUBAL;-4.1645833333333;-40.941555555556;2012;12;7.6;0.0;0.0;0.0;0.0;0.0;0.0;0.0;0.0;0.0;0.0;0.0;0.0;0.0;0.0;0.0;0.0;7.6;0.0;0.0;0.0;0.0;0.0;0.0;0.0;0.0;0.0;0.0;999.0;0.0;0.0;0.0
Carnaubal;CARNAUBAL;-4.1645833333333;-40.941555555556;2013;1;27.2;0.0;0.0;0.0;21.3;5.1;0.0;0.0;0.0;0.0;0.0;0.0;0.0;0.0;0.0;0.0;0.0;0.0;0.0;0.0;0.0;0.0;0.8;0.0;0.0;0.0;0.0;0.0;0.0;0.0;0.0;0.0
Carnaubal;CARNAUBAL;-4.1645833333333;-40.941555555556;2013;2;35.9;0.0;0.0;0.0;0.0;0.0;0.0;0.0;3.2;0.0;0.0;0.0;0.0;0.0;5.0;3.5;0.0;0.0;4.0;20.2;0.0;0.0;0.0;0.0;0.0;0.0;0.0;0.0;0.0;888.0;888.0;888.0
Carnaubal;CARNAUBAL;-4.1645833333333;-40.941555555556;2013;3;16.2;0.0;0.0;0.0;0.0;0.0;0.0;0.0;0.0;0.0;0.0;0.0;0.0;0.0;0.0;0.0;0.0;0.0;10.0;0.0;0.0;0.0;0.0;0.0;0.0;0.0;0.0;0.0;6.2;0.0;0.0;0.0
Carnaubal;CARNAUBAL;-4.1645833333333;-40.941555555556;2013;4;34.3;12.0;0.0;0.0;0.0;0.0;0.0;0.0;0.0;0.0;3.2;0.0;0.0;0.0;0.0;0.0;0.0;0.0;3.8;0.0;11.7;0.0;0.0;0.0;0.0;0.0;0.0;0.0;0.0;0.0;3.6;888.0
Carnaubal;CARNAUBAL;-4.1645833333333;-40.941555555556;2013;5;49.5;0.0;0.0;8.1;0.0;0.0;11.0;0.0;0.0;0.0;6.2;0.0;0.0;0.0;0.0;20.6;0.0;0.0;0.0;0.0;1.6;0.0;0.0;0.0;2.0;0.0;0.0;0.0;0.0;0.0;0.0;0.0
Carnaubal;CARNAUBAL;-4.1645833333333;-40.941555555556;2013;6;37.4;0.0;0.0;0.0;0.0;0.0;20.0;14.2;0.0;0.0;1.2;0.0;0.0;0.0;0.0;0.0;0.0;0.0;0.0;0.0;0.0;0.0;0.0;2.0;0.0;0.0;0.0;0.0;0.0;0.0;0.0;888.0
Carnaubal;CARNAUBAL;-4.1645833333333;-40.941555555556;2013;7;14.0;0.0;0.0;0.0;0.0;0.0;0.0;0.0;0.0;0.0;0.0;0.0;0.0;0.0;0.0;14.0;0.0;0.0;0.0;0.0;0.0;0.0;0.0;0.0;0.0;0.0;0.0;0.0;0.0;0.0;0.0;0.0
Carnaubal;CARNAUBAL;-4.1645833333333;-40.941555555556;2013;8;0.0;0.0;0.0;0.0;0.0;0.0;0.0;0.0;0.0;0.0;0.0;0.0;0.0;0.0;0.0;0.0;0.0;0.0;0.0;0.0;0.0;0.0;0.0;0.0;0.0;0.0;0.0;0.0;0.0;0.0;0.0;0.0
Carnaubal;CARNAUBAL;-4.1645833333333;-40.941555555556;2013;9;0.0;0.0;0.0;0.0;0.0;0.0;0.0;0.0;0.0;0.0;0.0;0.0;0.0;0.0;0.0;0.0;0.0;0.0;0.0;0.0;0.0;0.0;0.0;0.0;0.0;0.0;0.0;0.0;0.0;0.0;0.0;888.0
Carnaubal;CARNAUBAL;-4.1645833333333;-40.941555555556;2013;10;0.0;0.0;0.0;0.0;0.0;0.0;0.0;0.0;0.0;0.0;0.0;0.0;0.0;0.0;0.0;0.0;0.0;0.0;0.0;0.0;0.0;0.0;0.0;0.0;0.0;0.0;0.0;0.0;0.0;0.0;0.0;0.0
Carnaubal;CARNAUBAL;-4.1645833333333;-40.941555555556;2013;11;3.0;0.0;0.0;0.0;3.0;0.0;0.0;0.0;0.0;0.0;0.0;0.0;0.0;0.0;0.0;0.0;0.0;0.0;0.0;0.0;0.0;0.0;0.0;0.0;0.0;0.0;0.0;0.0;0.0;0.0;0.0;888.0
Carnaubal;CARNAUBAL;-4.1645833333333;-40.941555555556;2013;12;23.8;0.0;0.0;0.0;0.0;0.0;0.0;0.0;0.0;0.0;0.0;0.0;0.0;0.0;0.0;0.0;0.0;0.0;0.0;0.0;23.8;0.0;0.0;0.0;0.0;0.0;0.0;0.0;0.0;0.0;0.0;0.0
Carnaubal;CARNAUBAL;-4.1645833333333;-40.941555555556;2014;1;15.0;0.0;0.0;0.0;0.0;0.0;0.0;2.0;0.0;0.0;5.0;0.0;0.0;8.0;0.0;0.0;0.0;0.0;0.0;0.0;0.0;0.0;0.0;0.0;0.0;0.0;0.0;0.0;0.0;0.0;0.0;0.0
Carnaubal;CARNAUBAL;-4.1645833333333;-40.941555555556;2014;2;68.8;0.0;0.0;8.0;0.0;2.0;0.0;0.0;0.0;0.0;0.0;0.0;14.6;0.0;0.0;0.0;0.0;12.4;3.8;17.8;10.2;0.0;0.0;0.0;0.0;0.0;0.0;0.0;0.0;888.0;888.0;888.0
Carnaubal;CARNAUBAL;-4.1645833333333;-40.941555555556;2014;3;90.4;0.0;0.0;0.0;0.0;0.0;0.0;20.0;5.4;14.6;7.8;6.2;0.0;0.0;0.0;0.0;6.4;18.0;6.0;0.0;6.0;0.0;0.0;0.0;0.0;0.0;0.0;0.0;0.0;0.0;0.0;0.0
Carnaubal;CARNAUBAL;-4.1645833333333;-40.941555555556;2014;4;39.0;0.0;0.0;0.0;0.0;0.0;0.0;2.0;13.4;2.8;0.0;0.0;0.0;0.0;0.0;0.0;0.0;14.8;0.0;0.0;3.2;0.0;0.0;0.0;0.0;0.0;0.0;0.0;2.8;0.0;0.0;888.0
Carnaubal;CARNAUBAL;-4.1645833333333;-40.941555555556;2014;5;45.3;15.8;0.0;0.0;0.0;0.0;0.0;0.0;0.0;0.0;0.0;20.2;3.4;0.0;0.0;0.0;0.0;2.7;0.0;0.0;0.0;0.0;0.0;3.2;0.0;0.0;0.0;0.0;0.0;0.0;0.0;0.0
Carnaubal;CARNAUBAL;-4.1645833333333;-40.941555555556;2014;6;10.0;0.0;0.0;0.0;0.0;0.0;0.0;0.0;0.0;0.0;0.0;0.0;0.0;0.0;0.0;0.0;10.0;0.0;0.0;0.0;0.0;0.0;0.0;0.0;0.0;0.0;0.0;0.0;0.0;0.0;0.0;888.0
Carnaubal;CARNAUBAL;-4.1645833333333;-40.941555555556;2014;7;0.0;0.0;0.0;0.0;0.0;0.0;0.0;0.0;0.0;0.0;0.0;0.0;0.0;0.0;0.0;0.0;0.0;0.0;0.0;0.0;0.0;0.0;0.0;0.0;0.0;0.0;0.0;0.0;0.0;0.0;0.0;0.0
Carnaubal;CARNAUBAL;-4.1645833333333;-40.941555555556;2014;8;0.0;0.0;0.0;0.0;0.0;0.0;0.0;0.0;0.0;0.0;0.0;0.0;0.0;0.0;0.0;0.0;0.0;0.0;0.0;0.0;0.0;0.0;0.0;0.0;0.0;0.0;0.0;0.0;0.0;0.0;0.0;0.0
Carnaubal;CARNAUBAL;-4.1645833333333;-40.941555555556;2014;9;0.0;0.0;0.0;0.0;0.0;0.0;0.0;0.0;0.0;0.0;0.0;0.0;0.0;0.0;0.0;0.0;0.0;0.0;0.0;0.0;0.0;0.0;0.0;0.0;0.0;0.0;0.0;0.0;0.0;0.0;0.0;888.0
Carnaubal;CARNAUBAL;-4.1645833333333;-40.941555555556;2014;10;0.0;0.0;0.0;0.0;0.0;0.0;0.0;0.0;0.0;0.0;0.0;0.0;0.0;0.0;0.0;0.0;0.0;0.0;0.0;0.0;0.0;0.0;0.0;0.0;0.0;0.0;0.0;0.0;0.0;0.0;0.0;0.0
Carnaubal;CARNAUBAL;-4.1645833333333;-40.941555555556;2014;11;6.0;0.0;0.0;0.0;0.0;0.0;0.0;0.0;0.0;0.0;0.0;0.0;0.0;0.0;0.0;0.0;0.0;0.0;0.0;6.0;0.0;0.0;0.0;0.0;0.0;0.0;0.0;0.0;0.0;0.0;0.0;888.0
Carnaubal;CARNAUBAL;-4.1645833333333;-40.941555555556;2014;12;0.0;0.0;0.0;0.0;0.0;0.0;0.0;0.0;0.0;0.0;0.0;0.0;0.0;0.0;0.0;0.0;0.0;0.0;0.0;0.0;0.0;0.0;0.0;0.0;0.0;0.0;0.0;0.0;0.0;0.0;0.0;0.0
Carnaubal;CARNAUBAL;-4.1645833333333;-40.941555555556;2015;1;16.8;0.0;0.0;0.0;0.0;16.8;0.0;0.0;0.0;0.0;0.0;0.0;0.0;0.0;0.0;0.0;0.0;0.0;0.0;0.0;0.0;0.0;0.0;0.0;0.0;0.0;0.0;0.0;0.0;0.0;0.0;0.0
Carnaubal;CARNAUBAL;-4.1645833333333;-40.941555555556;2015;2;80.7;0.0;0.0;0.0;3.0;17.8;0.0;0.0;0.0;0.0;0.0;0.0;0.0;0.0;0.0;0.0;0.0;0.0;0.0;0.0;8.0;0.0;7.0;7.5;6.5;19.5;0.0;0.0;11.4;888.0;888.0;888.0
Carnaubal;CARNAUBAL;-4.1645833333333;-40.941555555556;2015;3;116.9;0.0;0.0;4.0;0.0;0.0;0.0;0.0;0.0;4.5;0.0;5.8;0.0;5.2;0.0;0.0;0.0;0.0;2.8;0.0;0.0;0.0;31.0;1.6;0.0;0.0;0.0;0.0;0.0;0.0;27.0;35.0
Carnaubal;CARNAUBAL;-4.1645833333333;-40.941555555556;2015;4;70.8;12.6;0.0;0.0;18.6;0.0;0.0;0.0;0.0;0.0;3.0;5.6;0.0;0.0;5.8;0.0;0.0;0.0;0.0;0.0;0.0;0.0;0.0;2.2;0.0;21.0;0.0;0.0;1.0;1.0;0.0;888.0
Carnaubal;CARNAUBAL;-4.1645833333333;-40.941555555556;2015;5;8.2;0.0;0.0;0.0;0.0;0.0;0.0;0.0;0.0;1.8;0.0;0.0;0.0;0.0;0.0;6.4;0.0;0.0;0.0;0.0;0.0;0.0;0.0;0.0;0.0;0.0;0.0;0.0;0.0;0.0;0.0;0.0
Carnaubal;CARNAUBAL;-4.1645833333333;-40.941555555556;2015;6;31.6;0.0;0.0;0.0;0.0;22.6;0.0;0.0;0.0;0.0;0.0;0.0;0.0;0.0;0.0;0.0;0.0;0.0;0.0;0.0;0.0;0.0;0.0;0.0;0.0;0.0;9.0;0.0;0.0;0.0;0.0;888.0
Carnaubal;CARNAUBAL;-4.1645833333333;-40.941555555556;2015;7;12.0;0.0;0.0;0.0;0.0;6.0;6.0;0.0;0.0;0.0;0.0;0.0;0.0;0.0;0.0;0.0;0.0;0.0;0.0;0.0;0.0;0.0;0.0;0.0;0.0;0.0;0.0;0.0;0.0;0.0;0.0;0.0
Carnaubal;CARNAUBAL;-4.1645833333333;-40.941555555556;2015;8;0.0;0.0;0.0;0.0;0.0;0.0;0.0;0.0;0.0;0.0;0.0;0.0;0.0;0.0;0.0;0.0;0.0;0.0;0.0;0.0;0.0;0.0;0.0;0.0;0.0;0.0;0.0;0.0;0.0;0.0;0.0;0.0
Carnaubal;CARNAUBAL;-4.1645833333333;-40.941555555556;2015;9;0.0;0.0;0.0;0.0;0.0;0.0;0.0;0.0;0.0;0.0;0.0;0.0;0.0;0.0;0.0;0.0;0.0;0.0;0.0;0.0;0.0;0.0;0.0;0.0;0.0;0.0;0.0;0.0;0.0;0.0;0.0;888.0
Carnaubal;CARNAUBAL;-4.1645833333333;-40.941555555556;2015;10;0.0;0.0;0.0;0.0;0.0;0.0;0.0;0.0;0.0;0.0;0.0;0.0;0.0;0.0;0.0;0.0;0.0;0.0;0.0;0.0;0.0;0.0;0.0;0.0;0.0;0.0;0.0;0.0;0.0;0.0;0.0;0.0
Carnaubal;CARNAUBAL;-4.1645833333333;-40.941555555556;2015;11;0.0;0.0;0.0;0.0;0.0;0.0;0.0;0.0;0.0;0.0;0.0;0.0;0.0;0.0;0.0;0.0;0.0;0.0;0.0;0.0;0.0;0.0;0.0;0.0;0.0;0.0;0.0;0.0;0.0;0.0;0.0;888.0
Carnaubal;CARNAUBAL;-4.1645833333333;-40.941555555556;2015;12;0.0;0.0;0.0;0.0;0.0;0.0;0.0;0.0;0.0;0.0;0.0;0.0;0.0;0.0;0.0;0.0;0.0;0.0;0.0;0.0;0.0;0.0;0.0;0.0;0.0;0.0;0.0;0.0;0.0;0.0;0.0;0.0
Carnaubal;CARNAUBAL;-4.1645833333333;-40.941555555556;2016;1;146.5;0.0;0.0;0.0;0.0;0.0;0.0;1.8;1.2;0.0;1.8;0.0;0.0;0.0;0.0;0.0;0.0;0.0;5.2;2.0;0.0;14.2;55.0;57.0;0.0;2.3;6.0;0.0;0.0;0.0;0.0;0.0
Carnaubal;CARNAUBAL;-4.1645833333333;-40.941555555556;2016;2;58.1;31.0;1.4;8.0;0.0;0.0;0.0;0.0;0.0;3.0;0.0;0.0;0.0;0.0;0.0;1.5;0.0;0.0;0.0;0.0;0.0;0.0;0.0;6.0;7.2;0.0;0.0;0.0;0.0;0.0;888.0;888.0
Carnaubal;CARNAUBAL;-4.1645833333333;-40.941555555556;2016;3;96.0;0.0;0.0;0.0;0.0;0.0;2.0;0.0;0.0;0.0;0.0;0.0;0.0;0.0;0.0;0.0;0.0;6.6;21.6;0.0;0.0;31.8;0.0;0.0;0.0;0.0;8.0;0.0;5.0;0.0;8.0;13.0
Carnaubal;CARNAUBAL;-4.1645833333333;-40.941555555556;2016;4;58.2;2.0;0.0;7.0;0.0;0.0;0.0;9.2;0.0;3.0;0.0;0.0;34.0;0.0;0.0;0.0;0.0;0.0;0.0;0.0;0.0;0.0;3.0;0.0;0.0;0.0;0.0;0.0;0.0;0.0;0.0;888.0
Carnaubal;CARNAUBAL;-4.1645833333333;-40.941555555556;2016;5;10.2;0.0;0.0;2.6;0.0;0.0;0.0;0.0;0.0;0.0;7.6;0.0;0.0;0.0;0.0;0.0;0.0;0.0;0.0;0.0;0.0;0.0;0.0;0.0;0.0;0.0;0.0;0.0;0.0;0.0;0.0;0.0
Carnaubal;CARNAUBAL;-4.1645833333333;-40.941555555556;2016;6;13.0;0.0;0.0;0.0;13.0;0.0;0.0;0.0;0.0;0.0;0.0;0.0;0.0;0.0;0.0;0.0;0.0;0.0;0.0;0.0;0.0;0.0;0.0;0.0;0.0;0.0;0.0;0.0;0.0;0.0;0.0;888.0
Carnaubal;CARNAUBAL;-4.1645833333333;-40.941555555556;2016;7;0.0;0.0;0.0;0.0;0.0;0.0;0.0;0.0;0.0;0.0;0.0;0.0;0.0;0.0;0.0;0.0;0.0;0.0;0.0;0.0;0.0;0.0;0.0;0.0;0.0;0.0;0.0;0.0;0.0;0.0;0.0;0.0
Carnaubal;CARNAUBAL;-4.1645833333333;-40.941555555556;2016;8;0.0;0.0;0.0;0.0;0.0;0.0;0.0;0.0;0.0;0.0;0.0;0.0;0.0;0.0;0.0;0.0;0.0;0.0;0.0;0.0;0.0;0.0;0.0;0.0;0.0;0.0;0.0;0.0;0.0;0.0;0.0;0.0
Carnaubal;CARNAUBAL;-4.1645833333333;-40.941555555556;2016;9;0.0;0.0;0.0;0.0;0.0;0.0;0.0;0.0;0.0;0.0;0.0;0.0;0.0;0.0;0.0;0.0;0.0;0.0;0.0;0.0;0.0;0.0;0.0;0.0;0.0;0.0;0.0;0.0;0.0;0.0;0.0;888.0
Carnaubal;CARNAUBAL;-4.1645833333333;-40.941555555556;2016;10;0.0;0.0;0.0;0.0;0.0;0.0;0.0;0.0;0.0;0.0;0.0;0.0;0.0;0.0;0.0;0.0;0.0;0.0;0.0;0.0;0.0;0.0;0.0;0.0;0.0;0.0;0.0;0.0;0.0;0.0;0.0;0.0
Carnaubal;CARNAUBAL;-4.1645833333333;-40.941555555556;2016;11;0.0;0.0;0.0;0.0;0.0;0.0;0.0;0.0;0.0;0.0;0.0;0.0;0.0;0.0;0.0;0.0;0.0;0.0;0.0;0.0;0.0;0.0;0.0;0.0;0.0;0.0;0.0;0.0;0.0;0.0;0.0;888.0
Carnaubal;CARNAUBAL;-4.1645833333333;-40.941555555556;2016;12;6.0;0.0;0.0;0.0;0.0;0.0;0.0;0.0;0.0;0.0;0.0;0.0;0.0;0.0;0.0;0.0;0.0;0.0;0.0;0.0;6.0;0.0;0.0;0.0;0.0;0.0;0.0;0.0;0.0;0.0;0.0;0.0
Carnaubal;CARNAUBAL;-4.1645833333333;-40.941555555556;2017;1;12.6;0.0;0.0;0.0;0.0;0.0;0.0;0.0;0.0;4.0;0.0;0.0;0.0;0.0;0.0;0.0;0.0;0.0;0.0;1.8;2.8;0.0;4.0;0.0;0.0;0.0;0.0;0.0;0.0;0.0;0.0;0.0
Carnaubal;CARNAUBAL;-4.1645833333333;-40.941555555556;2017;2;59.6;0.0;4.2;0.0;0.0;0.0;0.0;0.0;0.0;0.0;0.0;0.0;20.4;11.6;3.6;0.0;0.0;0.0;0.0;8.0;3.0;0.0;2.4;0.0;0.0;0.0;0.0;0.0;6.4;888.0;888.0;888.0
Carnaubal;CARNAUBAL;-4.1645833333333;-40.941555555556;2017;3;104.6;0.0;0.0;11.8;0.0;0.0;0.0;4.4;10.6;0.0;0.0;10.6;8.2;4.0;2.2;4.2;0.0;0.0;2.8;0.0;0.0;0.0;7.4;0.0;0.0;5.0;0.0;0.0;0.0;33.4;0.0;0.0
Carnaubal;CARNAUBAL;-4.1645833333333;-40.941555555556;2017;4;62.0;11.8;4.2;2.4;0.0;0.0;0.0;0.0;0.0;0.0;0.0;0.0;0.0;4.8;3.0;3.2;0.0;0.0;0.0;0.0;0.0;0.0;7.8;0.0;0.0;20.2;0.0;0.0;2.2;2.4;0.0;888.0
Carnaubal;CARNAUBAL;-4.1645833333333;-40.941555555556;2017;5;27.0;0.0;0.0;0.0;0.0;0.0;0.0;0.0;0.0;0.0;0.0;0.0;0.0;0.0;0.0;0.0;0.0;0.0;0.0;0.0;0.0;0.0;0.0;0.0;0.0;0.0;0.0;0.0;17.2;9.8;0.0;0.0
Carnaubal;CARNAUBAL;-4.1645833333333;-40.941555555556;2017;6;0.0;0.0;0.0;0.0;0.0;0.0;0.0;0.0;0.0;0.0;0.0;0.0;0.0;0.0;0.0;0.0;0.0;0.0;0.0;0.0;0.0;0.0;0.0;0.0;0.0;0.0;0.0;0.0;0.0;0.0;0.0;888.0
Carnaubal;CARNAUBAL;-4.1645833333333;-40.941555555556;2017;7;0.0;0.0;0.0;0.0;0.0;0.0;0.0;0.0;0.0;0.0;0.0;0.0;0.0;0.0;0.0;0.0;0.0;0.0;0.0;0.0;0.0;0.0;0.0;0.0;0.0;0.0;0.0;0.0;0.0;0.0;0.0;0.0
Carnaubal;CARNAUBAL;-4.1645833333333;-40.941555555556;2017;8;0.0;0.0;0.0;0.0;0.0;0.0;0.0;0.0;0.0;0.0;0.0;0.0;0.0;0.0;0.0;0.0;0.0;0.0;0.0;0.0;0.0;0.0;0.0;0.0;0.0;0.0;0.0;0.0;0.0;0.0;0.0;0.0
Carnaubal;CARNAUBAL;-4.1645833333333;-40.941555555556;2017;9;0.0;0.0;0.0;0.0;0.0;0.0;0.0;0.0;0.0;0.0;0.0;0.0;0.0;0.0;0.0;0.0;0.0;0.0;0.0;0.0;0.0;0.0;0.0;0.0;0.0;0.0;0.0;0.0;0.0;0.0;0.0;888.0
Carnaubal;CARNAUBAL;-4.1645833333333;-40.941555555556;2017;10;0.0;0.0;0.0;0.0;0.0;0.0;0.0;0.0;0.0;0.0;0.0;0.0;0.0;0.0;0.0;0.0;0.0;0.0;0.0;0.0;0.0;0.0;0.0;0.0;0.0;0.0;0.0;0.0;0.0;0.0;0.0;0.0
Carnaubal;CARNAUBAL;-4.1645833333333;-40.941555555556;2017;11;0.0;0.0;0.0;0.0;0.0;0.0;0.0;0.0;0.0;0.0;0.0;0.0;0.0;0.0;0.0;0.0;0.0;0.0;0.0;0.0;0.0;0.0;0.0;0.0;0.0;0.0;0.0;0.0;0.0;0.0;0.0;888.0
Carnaubal;CARNAUBAL;-4.1645833333333;-40.941555555556;2017;12;0.0;0.0;0.0;0.0;0.0;0.0;0.0;0.0;0.0;0.0;0.0;0.0;0.0;0.0;0.0;0.0;0.0;0.0;0.0;0.0;0.0;0.0;0.0;0.0;0.0;0.0;0.0;0.0;0.0;0.0;0.0;0.0
Carnaubal;CARNAUBAL;-4.1645833333333;-40.941555555556;2018;1;10.2;0.0;0.0;0.0;0.0;0.0;0.0;0.0;0.0;0.0;0.0;0.0;0.0;0.0;6.0;0.0;0.0;0.0;0.0;0.0;0.0;0.0;0.0;0.0;0.0;4.2;0.0;0.0;0.0;0.0;0.0;0.0
Carnaubal;CARNAUBAL;-4.1645833333333;-40.941555555556;2018;2;165.6;0.0;0.0;0.0;0.0;0.0;0.0;0.0;37.8;18.6;0.0;4.6;17.0;0.0;6.6;62.8;0.0;0.0;5.4;1.0;0.6;0.0;0.0;3.6;0.0;0.0;2.8;4.8;0.0;888.0;888.0;888.0
Carnaubal;CARNAUBAL;-4.1645833333333;-40.941555555556;2018;3;78.6;0.0;6.0;6.6;0.0;2.0;0.0;0.0;0.0;0.0;0.0;0.0;0.0;0.0;0.0;0.0;0.0;0.0;0.0;0.0;0.0;0.0;0.0;0.0;0.0;0.0;2.8;0.0;0.0;52.0;8.0;1.2
Carnaubal;CARNAUBAL;-4.1645833333333;-40.941555555556;2018;4;130.1;0.0;7.8;30.1;0.0;8.0;0.0;27.0;0.0;1.4;1.6;11.8;13.0;2.2;8.6;0.0;2.0;4.0;1.0;0.0;0.0;0.0;0.0;1.0;0.0;0.0;0.0;0.0;0.0;0.0;10.6;888.0
Carnaubal;CARNAUBAL;-4.1645833333333;-40.941555555556;2018;5;15.4;10.0;0.0;0.0;0.0;0.0;0.0;0.0;2.0;0.0;0.0;0.0;0.0;0.0;0.0;0.0;0.0;0.0;0.0;0.0;3.4;0.0;0.0;0.0;0.0;0.0;0.0;0.0;0.0;0.0;0.0;0.0
Carnaubal;CARNAUBAL;-4.1645833333333;-40.941555555556;2018;6;3.8;0.0;0.0;0.0;0.0;2.0;0.0;0.0;0.0;0.0;0.0;0.0;0.0;0.0;0.0;0.0;0.0;1.8;0.0;0.0;0.0;0.0;0.0;0.0;0.0;0.0;0.0;0.0;0.0;0.0;0.0;888.0
Carnaubal;CARNAUBAL;-4.1645833333333;-40.941555555556;2018;7;15.2;0.0;0.0;0.0;0.0;0.0;0.0;0.0;13.0;0.0;0.0;2.2;0.0;0.0;0.0;0.0;0.0;0.0;0.0;0.0;0.0;0.0;0.0;0.0;0.0;0.0;0.0;0.0;0.0;0.0;0.0;0.0
Carnaubal;CARNAUBAL;-4.1645833333333;-40.941555555556;2018;8;0.0;0.0;0.0;0.0;0.0;0.0;0.0;0.0;0.0;0.0;0.0;0.0;0.0;0.0;0.0;0.0;0.0;0.0;0.0;0.0;0.0;0.0;0.0;0.0;0.0;0.0;0.0;0.0;0.0;0.0;0.0;0.0
Carnaubal;CARNAUBAL;-4.1645833333333;-40.941555555556;2018;9;0.0;0.0;0.0;0.0;0.0;0.0;0.0;0.0;0.0;0.0;0.0;0.0;0.0;0.0;0.0;0.0;0.0;0.0;0.0;0.0;0.0;0.0;0.0;0.0;0.0;999.0;999.0;999.0;999.0;999.0;999.0;888.0
