Municipios;Postos;Latitude;Longitude;Anos;Meses;Total;Dia1;Dia2;Dia3;Dia4;Dia5;Dia6;Dia7;Dia8;Dia9;Dia10;Dia11;Dia12;Dia13;Dia14;Dia15;Dia16;Dia17;Dia18;Dia19;Dia20;Dia21;Dia22;Dia23;Dia24;Dia25;Dia26;Dia27;Dia28;Dia29;Dia30;Dia31
Icó;SAO VICENTE;-6.2239166666667;-38.673583333333;1998;1;0.0;0.0;0.0;0.0;0.0;0.0;0.0;0.0;0.0;0.0;0.0;0.0;0.0;0.0;0.0;0.0;0.0;0.0;0.0;0.0;0.0;0.0;0.0;0.0;0.0;0.0;0.0;0.0;0.0;0.0;0.0;0.0
Icó;SAO VICENTE;-6.2239166666667;-38.673583333333;1998;2;0.0;0.0;0.0;0.0;0.0;0.0;0.0;0.0;0.0;0.0;0.0;0.0;0.0;0.0;0.0;0.0;0.0;0.0;0.0;0.0;0.0;0.0;0.0;0.0;0.0;0.0;0.0;0.0;0.0;888.0;888.0;888.0
Icó;SAO VICENTE;-6.2239166666667;-38.673583333333;1998;3;0.0;0.0;0.0;0.0;0.0;0.0;0.0;0.0;0.0;0.0;0.0;0.0;0.0;0.0;0.0;0.0;0.0;0.0;0.0;0.0;0.0;0.0;0.0;0.0;0.0;0.0;0.0;0.0;0.0;0.0;0.0;0.0
Icó;SAO VICENTE;-6.2239166666667;-38.673583333333;1998;4;0.0;0.0;0.0;0.0;0.0;0.0;0.0;0.0;0.0;0.0;0.0;0.0;0.0;0.0;0.0;0.0;0.0;0.0;0.0;0.0;0.0;0.0;0.0;0.0;0.0;0.0;0.0;0.0;0.0;0.0;0.0;888.0
Icó;SAO VICENTE;-6.2239166666667;-38.673583333333;1998;5;11.8;0.0;0.0;0.0;0.0;0.0;0.0;0.0;0.0;0.0;0.0;0.0;0.0;0.0;0.0;0.0;0.0;0.0;0.0;0.0;0.0;0.0;0.0;9.6;0.0;0.0;0.0;0.0;0.0;0.0;2.2;0.0
Icó;SAO VICENTE;-6.2239166666667;-38.673583333333;1998;6;0.1;0.0;0.0;0.0;0.0;0.0;0.0;0.0;0.0;0.0;0.0;0.1;0.0;0.0;0.0;0.0;0.0;0.0;0.0;0.0;0.0;0.0;0.0;0.0;0.0;0.0;0.0;0.0;0.0;0.0;0.0;888.0
Icó;SAO VICENTE;-6.2239166666667;-38.673583333333;1998;7;6.2;0.0;0.0;0.0;0.0;0.0;0.0;0.0;0.0;0.0;0.0;0.0;0.0;4.2;0.0;0.0;0.0;0.0;0.0;0.0;0.0;0.0;0.0;0.0;0.0;0.0;0.0;0.0;0.0;0.0;0.0;2.0
Icó;SAO VICENTE;-6.2239166666667;-38.673583333333;1998;8;0.0;0.0;0.0;0.0;0.0;0.0;0.0;0.0;0.0;0.0;0.0;0.0;0.0;0.0;0.0;0.0;0.0;0.0;0.0;0.0;0.0;0.0;0.0;0.0;0.0;0.0;0.0;0.0;0.0;0.0;0.0;0.0
Icó;SAO VICENTE;-6.2239166666667;-38.673583333333;1998;9;0.0;0.0;0.0;0.0;0.0;0.0;0.0;0.0;0.0;0.0;0.0;0.0;0.0;0.0;0.0;0.0;0.0;0.0;0.0;0.0;0.0;0.0;0.0;0.0;0.0;0.0;0.0;0.0;0.0;0.0;0.0;888.0
Icó;SAO VICENTE;-6.2239166666667;-38.673583333333;1998;10;0.0;0.0;0.0;0.0;0.0;0.0;0.0;0.0;0.0;0.0;0.0;0.0;0.0;0.0;0.0;0.0;0.0;0.0;0.0;0.0;0.0;0.0;0.0;0.0;0.0;0.0;0.0;0.0;0.0;0.0;0.0;0.0
Icó;SAO VICENTE;-6.2239166666667;-38.673583333333;1998;11;0.0;0.0;0.0;0.0;0.0;0.0;0.0;0.0;0.0;0.0;0.0;0.0;0.0;0.0;0.0;0.0;0.0;0.0;0.0;0.0;0.0;0.0;0.0;0.0;0.0;0.0;0.0;0.0;0.0;0.0;0.0;888.0
Icó;SAO VICENTE;-6.2239166666667;-38.673583333333;1998;12;5.9;0.0;0.0;0.0;0.0;0.0;0.0;0.0;0.0;0.0;0.0;0.0;0.0;0.0;0.0;0.0;0.0;0.0;0.0;0.0;0.0;0.0;0.0;0.0;0.0;0.0;0.0;0.0;0.0;0.0;5.9;0.0
Icó;SAO VICENTE;-6.2239166666667;-38.673583333333;1999;1;53.2;0.0;0.0;0.0;0.0;0.0;0.0;0.0;14.6;3.0;15.4;0.0;0.0;0.0;0.0;0.0;0.0;0.0;0.0;0.0;1.4;0.0;7.4;0.0;0.0;0.0;0.0;0.0;0.0;0.0;0.0;11.4
Icó;SAO VICENTE;-6.2239166666667;-38.673583333333;1999;2;18.4;0.0;0.0;3.0;0.0;0.0;0.0;0.0;0.0;0.0;0.0;2.4;0.0;2.0;0.0;0.0;0.0;2.0;2.0;2.0;0.0;0.0;0.0;0.0;0.0;0.0;5.0;0.0;0.0;888.0;888.0;888.0
Icó;SAO VICENTE;-6.2239166666667;-38.673583333333;1999;3;301.2;0.0;0.0;0.0;0.0;0.0;0.0;0.0;0.0;4.0;0.0;0.0;60.0;26.2;6.2;0.0;0.0;0.0;87.8;84.0;0.0;0.0;0.0;0.0;0.0;0.0;0.0;23.0;10.0;0.0;0.0;0.0
Icó;SAO VICENTE;-6.2239166666667;-38.673583333333;1999;4;55.3;0.0;0.0;0.0;0.0;11.8;0.0;0.0;0.0;19.0;0.0;0.0;0.0;0.0;0.0;0.0;0.0;0.0;0.0;0.0;0.0;0.0;0.0;2.0;0.0;17.5;2.0;0.0;0.0;0.0;3.0;888.0
Icó;SAO VICENTE;-6.2239166666667;-38.673583333333;1999;5;137.4;0.0;0.0;0.0;0.0;6.0;17.0;6.0;0.0;6.0;0.0;0.0;13.0;0.0;52.0;6.8;0.0;0.0;0.0;0.0;1.8;10.8;0.0;18.0;0.0;0.0;0.0;0.0;0.0;0.0;0.0;0.0
Icó;SAO VICENTE;-6.2239166666667;-38.673583333333;1999;6;0.0;0.0;0.0;0.0;0.0;0.0;0.0;0.0;0.0;0.0;0.0;0.0;0.0;0.0;0.0;0.0;0.0;0.0;0.0;0.0;0.0;0.0;0.0;0.0;0.0;0.0;0.0;0.0;0.0;0.0;0.0;888.0
Icó;SAO VICENTE;-6.2239166666667;-38.673583333333;1999;7;0.0;0.0;0.0;0.0;0.0;0.0;0.0;0.0;0.0;0.0;0.0;0.0;0.0;0.0;0.0;0.0;0.0;0.0;0.0;0.0;0.0;0.0;0.0;0.0;0.0;0.0;0.0;0.0;0.0;0.0;0.0;0.0
Icó;SAO VICENTE;-6.2239166666667;-38.673583333333;1999;8;0.0;0.0;0.0;0.0;0.0;0.0;0.0;0.0;0.0;0.0;0.0;0.0;0.0;0.0;0.0;0.0;0.0;0.0;0.0;0.0;0.0;0.0;0.0;0.0;0.0;0.0;0.0;0.0;0.0;0.0;0.0;0.0
Icó;SAO VICENTE;-6.2239166666667;-38.673583333333;1999;9;0.0;0.0;0.0;0.0;0.0;0.0;0.0;0.0;0.0;0.0;0.0;0.0;0.0;0.0;0.0;0.0;0.0;0.0;0.0;0.0;0.0;0.0;0.0;0.0;0.0;0.0;0.0;0.0;0.0;0.0;0.0;888.0
Icó;SAO VICENTE;-6.2239166666667;-38.673583333333;1999;10;0.0;0.0;0.0;0.0;0.0;0.0;0.0;0.0;0.0;0.0;0.0;0.0;0.0;0.0;0.0;0.0;0.0;0.0;0.0;0.0;0.0;0.0;0.0;0.0;0.0;0.0;0.0;0.0;0.0;0.0;0.0;0.0
Icó;SAO VICENTE;-6.2239166666667;-38.673583333333;1999;11;95.0;0.0;0.0;0.0;0.0;0.0;0.0;0.0;0.0;0.0;0.0;0.0;0.0;0.0;0.0;0.0;0.0;0.0;0.0;0.0;0.0;0.0;45.0;0.0;0.0;0.0;0.0;0.0;50.0;0.0;0.0;888.0
Icó;SAO VICENTE;-6.2239166666667;-38.673583333333;1999;12;181.4;0.0;0.0;0.0;0.0;0.0;0.0;0.0;0.0;0.0;0.0;0.0;0.0;0.0;0.0;0.0;0.0;0.0;0.0;0.0;0.0;0.0;0.0;0.0;0.0;0.0;0.0;0.0;0.0;0.0;100.0;81.4
Icó;SAO VICENTE;-6.2239166666667;-38.673583333333;2000;1;180.8;0.0;0.0;0.0;0.0;10.0;0.0;11.0;17.0;67.0;15.4;0.0;0.0;0.0;0.0;22.0;16.4;0.0;12.0;0.0;0.0;0.0;0.0;0.0;0.0;10.0;0.0;0.0;0.0;0.0;0.0;0.0
Icó;SAO VICENTE;-6.2239166666667;-38.673583333333;2000;2;264.8;0.0;0.0;0.0;0.0;0.0;0.0;0.0;20.0;28.0;6.0;0.0;0.0;25.0;16.0;25.0;0.0;7.4;21.0;19.4;0.0;24.6;39.0;29.0;4.4;0.0;0.0;0.0;0.0;0.0;888.0;888.0
Icó;SAO VICENTE;-6.2239166666667;-38.673583333333;2000;3;75.2;6.4;6.0;3.6;0.0;0.0;0.0;0.0;0.0;0.0;5.6;0.0;0.0;0.0;0.0;0.0;0.0;0.0;0.0;0.0;0.0;0.0;0.0;0.0;0.0;0.0;22.6;16.4;5.4;9.2;0.0;0.0
Icó;SAO VICENTE;-6.2239166666667;-38.673583333333;2000;4;163.6;0.0;0.0;0.0;5.0;0.0;0.0;0.0;0.0;10.0;0.0;0.0;13.0;0.0;0.0;0.0;16.2;32.0;0.0;35.0;38.0;0.0;0.0;0.0;0.0;0.0;14.4;0.0;0.0;0.0;0.0;888.0
Icó;SAO VICENTE;-6.2239166666667;-38.673583333333;2000;5;156.0;0.0;0.0;10.0;6.8;6.0;17.0;6.0;0.0;6.0;0.0;0.0;13.0;0.0;52.0;6.8;0.0;0.0;0.0;1.8;1.8;10.8;0.0;18.0;0.0;0.0;0.0;0.0;0.0;0.0;0.0;0.0
Icó;SAO VICENTE;-6.2239166666667;-38.673583333333;2000;6;22.1;0.0;0.0;0.0;0.0;0.0;0.0;0.0;0.0;0.0;0.0;0.0;9.4;0.0;0.0;0.0;0.0;0.0;9.7;0.0;0.0;0.0;0.0;0.0;0.0;0.0;3.0;0.0;0.0;0.0;0.0;888.0
Icó;SAO VICENTE;-6.2239166666667;-38.673583333333;2000;7;0.0;0.0;999.0;999.0;999.0;999.0;999.0;999.0;999.0;999.0;999.0;999.0;999.0;999.0;999.0;999.0;999.0;999.0;999.0;999.0;999.0;999.0;999.0;999.0;999.0;999.0;999.0;999.0;999.0;999.0;999.0;999.0
Icó;SAO VICENTE;-6.2239166666667;-38.673583333333;2000;8;56.0;0.0;0.0;0.0;11.2;0.0;0.0;14.8;0.0;30.0;0.0;0.0;0.0;0.0;0.0;0.0;0.0;0.0;0.0;0.0;0.0;0.0;0.0;0.0;0.0;999.0;0.0;0.0;0.0;0.0;0.0;0.0
Icó;SAO VICENTE;-6.2239166666667;-38.673583333333;2000;9;0.0;0.0;0.0;0.0;0.0;0.0;0.0;0.0;0.0;0.0;0.0;0.0;0.0;0.0;0.0;0.0;0.0;0.0;0.0;0.0;0.0;999.0;0.0;0.0;0.0;0.0;0.0;0.0;0.0;0.0;0.0;888.0
Icó;SAO VICENTE;-6.2239166666667;-38.673583333333;2000;10;0.0;0.0;0.0;999.0;0.0;0.0;0.0;0.0;0.0;0.0;0.0;0.0;0.0;0.0;0.0;0.0;0.0;0.0;0.0;0.0;0.0;0.0;0.0;0.0;0.0;0.0;0.0;0.0;0.0;0.0;0.0;0.0
Icó;SAO VICENTE;-6.2239166666667;-38.673583333333;2000;11;0.0;0.0;0.0;0.0;0.0;0.0;0.0;0.0;0.0;0.0;999.0;0.0;0.0;0.0;0.0;0.0;0.0;0.0;0.0;0.0;0.0;0.0;0.0;0.0;0.0;0.0;0.0;0.0;0.0;0.0;0.0;888.0
Icó;SAO VICENTE;-6.2239166666667;-38.673583333333;2000;12;0.0;0.0;0.0;0.0;0.0;0.0;0.0;0.0;0.0;0.0;0.0;0.0;0.0;0.0;0.0;0.0;0.0;0.0;0.0;0.0;0.0;0.0;0.0;0.0;0.0;0.0;0.0;0.0;0.0;0.0;0.0;0.0
Icó;SAO VICENTE;-6.2239166666667;-38.673583333333;2001;1;51.4;0.0;0.0;0.0;6.4;0.0;0.0;0.0;0.0;0.0;0.0;0.0;35.0;10.0;0.0;0.0;0.0;0.0;0.0;0.0;0.0;0.0;0.0;0.0;0.0;0.0;0.0;0.0;0.0;0.0;0.0;0.0
Icó;SAO VICENTE;-6.2239166666667;-38.673583333333;2001;2;135.0;0.0;0.0;0.0;135.0;0.0;0.0;0.0;0.0;0.0;0.0;0.0;0.0;0.0;0.0;0.0;0.0;0.0;0.0;0.0;0.0;0.0;0.0;0.0;0.0;0.0;0.0;0.0;0.0;888.0;888.0;888.0
Icó;SAO VICENTE;-6.2239166666667;-38.673583333333;2001;3;181.0;3.6;0.0;9.2;0.0;0.0;0.0;2.8;0.0;7.0;0.0;7.4;42.0;9.8;0.0;22.4;30.0;0.0;0.0;0.0;0.0;0.0;5.0;0.0;0.0;0.0;0.0;0.0;21.8;0.0;0.0;20.0
Icó;SAO VICENTE;-6.2239166666667;-38.673583333333;2001;4;61.8;0.0;0.0;0.0;0.0;0.0;0.0;0.0;0.0;0.0;0.0;0.0;11.0;15.0;0.0;0.0;11.0;0.0;3.0;0.0;5.6;0.0;0.0;0.0;0.0;0.0;0.0;0.0;16.2;0.0;0.0;888.0
Icó;SAO VICENTE;-6.2239166666667;-38.673583333333;2001;5;0.0;0.0;0.0;0.0;0.0;0.0;0.0;0.0;0.0;0.0;0.0;0.0;0.0;0.0;0.0;0.0;0.0;0.0;0.0;0.0;0.0;0.0;0.0;0.0;0.0;0.0;0.0;0.0;0.0;0.0;0.0;0.0
Icó;SAO VICENTE;-6.2239166666667;-38.673583333333;2001;6;0.0;0.0;0.0;0.0;0.0;0.0;0.0;0.0;0.0;0.0;0.0;0.0;0.0;0.0;0.0;0.0;0.0;0.0;0.0;0.0;0.0;0.0;0.0;0.0;0.0;0.0;0.0;0.0;0.0;0.0;0.0;888.0
Icó;SAO VICENTE;-6.2239166666667;-38.673583333333;2001;7;0.0;0.0;0.0;0.0;0.0;0.0;0.0;0.0;0.0;0.0;0.0;0.0;0.0;0.0;0.0;0.0;0.0;0.0;0.0;0.0;0.0;0.0;0.0;0.0;0.0;0.0;0.0;0.0;0.0;0.0;0.0;0.0
Icó;SAO VICENTE;-6.2239166666667;-38.673583333333;2001;8;0.0;0.0;0.0;0.0;0.0;0.0;0.0;0.0;0.0;0.0;0.0;0.0;0.0;0.0;0.0;0.0;0.0;0.0;0.0;0.0;0.0;0.0;0.0;0.0;0.0;0.0;0.0;0.0;0.0;0.0;0.0;0.0
Icó;SAO VICENTE;-6.2239166666667;-38.673583333333;2001;9;0.0;0.0;0.0;0.0;0.0;0.0;0.0;0.0;0.0;0.0;0.0;0.0;0.0;0.0;0.0;0.0;0.0;0.0;0.0;0.0;0.0;0.0;0.0;0.0;0.0;0.0;0.0;0.0;0.0;0.0;0.0;888.0
Icó;SAO VICENTE;-6.2239166666667;-38.673583333333;2001;10;0.0;0.0;0.0;0.0;0.0;0.0;0.0;0.0;0.0;0.0;0.0;0.0;0.0;0.0;0.0;0.0;0.0;0.0;0.0;0.0;0.0;0.0;0.0;0.0;0.0;0.0;0.0;0.0;0.0;0.0;0.0;0.0
Icó;SAO VICENTE;-6.2239166666667;-38.673583333333;2001;11;0.0;0.0;0.0;0.0;0.0;0.0;0.0;0.0;0.0;0.0;0.0;0.0;0.0;0.0;0.0;0.0;0.0;0.0;0.0;0.0;0.0;0.0;0.0;0.0;0.0;0.0;0.0;0.0;0.0;0.0;0.0;888.0
Icó;SAO VICENTE;-6.2239166666667;-38.673583333333;2001;12;0.0;0.0;0.0;0.0;0.0;0.0;0.0;0.0;0.0;0.0;0.0;0.0;0.0;0.0;0.0;0.0;0.0;0.0;0.0;0.0;0.0;0.0;0.0;0.0;0.0;0.0;0.0;0.0;0.0;0.0;0.0;0.0
Icó;SAO VICENTE;-6.2239166666667;-38.673583333333;2002;1;260.3;9.0;14.0;23.6;41.0;0.0;0.0;0.0;14.3;0.0;0.0;4.6;0.0;12.4;33.2;5.3;0.0;0.0;50.6;0.0;0.0;9.0;0.0;30.3;0.0;0.0;13.0;0.0;0.0;0.0;0.0;0.0
Icó;SAO VICENTE;-6.2239166666667;-38.673583333333;2002;2;53.8;0.0;0.0;0.0;0.0;11.4;0.0;0.0;0.0;0.0;3.2;0.0;0.0;25.0;0.0;10.0;0.0;0.0;0.0;0.0;4.2;0.0;0.0;0.0;0.0;0.0;0.0;0.0;0.0;888.0;888.0;888.0
Icó;SAO VICENTE;-6.2239166666667;-38.673583333333;2002;3;139.1;0.0;0.0;2.4;0.0;15.4;22.6;13.0;0.0;0.0;0.0;0.0;0.0;0.0;0.0;0.0;0.0;0.0;37.0;31.1;0.0;4.4;0.0;0.0;0.0;0.0;0.0;0.0;13.2;0.0;0.0;0.0
Icó;SAO VICENTE;-6.2239166666667;-38.673583333333;2002;4;235.8;0.0;0.0;48.0;0.0;23.6;20.0;8.0;0.0;0.0;0.0;0.0;0.0;62.4;0.0;0.0;4.6;0.0;0.0;0.0;0.0;0.0;0.0;0.0;0.0;0.0;0.0;0.0;0.0;69.2;0.0;888.0
Icó;SAO VICENTE;-6.2239166666667;-38.673583333333;2002;5;0.0;0.0;0.0;0.0;0.0;0.0;0.0;0.0;0.0;0.0;0.0;0.0;0.0;0.0;0.0;0.0;0.0;0.0;0.0;0.0;0.0;0.0;0.0;0.0;0.0;0.0;0.0;0.0;0.0;0.0;0.0;999.0
Icó;SAO VICENTE;-6.2239166666667;-38.673583333333;2002;6;0.0;0.0;0.0;0.0;0.0;0.0;0.0;0.0;0.0;0.0;0.0;0.0;0.0;0.0;0.0;0.0;0.0;0.0;0.0;0.0;0.0;0.0;0.0;0.0;0.0;0.0;0.0;0.0;0.0;0.0;0.0;888.0
Icó;SAO VICENTE;-6.2239166666667;-38.673583333333;2002;7;0.0;0.0;0.0;0.0;0.0;0.0;0.0;0.0;0.0;0.0;0.0;0.0;0.0;0.0;0.0;0.0;0.0;0.0;0.0;0.0;0.0;0.0;0.0;0.0;0.0;0.0;0.0;0.0;0.0;0.0;0.0;999.0
Icó;SAO VICENTE;-6.2239166666667;-38.673583333333;2002;8;0.0;0.0;0.0;0.0;0.0;0.0;0.0;0.0;0.0;0.0;0.0;0.0;0.0;0.0;0.0;0.0;0.0;0.0;0.0;0.0;0.0;0.0;0.0;0.0;0.0;0.0;0.0;0.0;0.0;0.0;0.0;0.0
Icó;SAO VICENTE;-6.2239166666667;-38.673583333333;2002;9;0.0;0.0;0.0;0.0;0.0;0.0;0.0;0.0;0.0;0.0;0.0;0.0;0.0;0.0;0.0;0.0;0.0;0.0;0.0;0.0;0.0;0.0;0.0;0.0;0.0;0.0;0.0;0.0;0.0;0.0;0.0;888.0
Icó;SAO VICENTE;-6.2239166666667;-38.673583333333;2002;10;0.0;0.0;0.0;0.0;0.0;0.0;0.0;0.0;0.0;0.0;0.0;0.0;0.0;0.0;0.0;0.0;0.0;0.0;0.0;0.0;0.0;0.0;0.0;0.0;0.0;0.0;0.0;0.0;0.0;0.0;0.0;0.0
Icó;SAO VICENTE;-6.2239166666667;-38.673583333333;2002;11;0.0;0.0;0.0;0.0;0.0;0.0;0.0;0.0;0.0;0.0;0.0;0.0;0.0;0.0;0.0;0.0;0.0;0.0;0.0;0.0;0.0;0.0;0.0;0.0;0.0;0.0;0.0;0.0;0.0;0.0;0.0;888.0
Icó;SAO VICENTE;-6.2239166666667;-38.673583333333;2002;12;0.0;0.0;0.0;0.0;0.0;0.0;0.0;0.0;0.0;0.0;0.0;0.0;0.0;0.0;0.0;0.0;0.0;0.0;0.0;0.0;0.0;0.0;0.0;0.0;0.0;0.0;0.0;0.0;0.0;0.0;0.0;0.0
Icó;SAO VICENTE;-6.2239166666667;-38.673583333333;2003;1;38.7;0.0;0.0;0.0;0.0;0.0;0.0;0.0;0.0;0.0;0.0;0.0;0.0;0.0;0.0;0.0;0.0;0.0;0.0;3.0;11.6;10.0;11.7;2.4;0.0;0.0;0.0;0.0;0.0;0.0;0.0;0.0
Icó;SAO VICENTE;-6.2239166666667;-38.673583333333;2003;2;112.3;0.0;31.0;0.0;15.9;3.0;0.0;0.0;0.0;0.0;0.0;0.0;0.0;0.0;0.0;0.0;0.0;0.0;0.0;0.0;12.0;0.0;0.0;11.0;22.0;0.0;17.4;0.0;0.0;888.0;888.0;888.0
Icó;SAO VICENTE;-6.2239166666667;-38.673583333333;2003;3;181.4;0.0;8.4;0.0;0.0;20.0;0.0;0.0;0.0;0.0;0.0;0.0;0.0;0.0;0.0;8.0;6.0;39.0;0.0;0.0;0.0;27.0;3.6;8.4;24.0;0.0;17.0;0.0;0.0;0.0;20.0;0.0
Icó;SAO VICENTE;-6.2239166666667;-38.673583333333;2003;4;33.6;0.0;0.0;0.0;0.0;0.0;0.0;7.0;0.0;0.0;7.0;0.0;0.0;0.0;2.0;0.0;0.0;0.0;0.0;0.0;0.0;0.0;8.0;0.0;0.0;0.0;5.0;0.0;0.0;4.6;0.0;888.0
Icó;SAO VICENTE;-6.2239166666667;-38.673583333333;2003;5;24.4;15.0;0.0;0.0;0.0;9.4;0.0;0.0;0.0;0.0;0.0;0.0;0.0;0.0;0.0;0.0;0.0;0.0;0.0;0.0;0.0;0.0;0.0;0.0;0.0;0.0;0.0;0.0;0.0;0.0;0.0;0.0
Icó;SAO VICENTE;-6.2239166666667;-38.673583333333;2003;6;25.2;0.0;0.0;0.0;0.0;10.6;0.0;0.0;0.0;0.0;0.0;0.0;0.0;0.0;0.0;0.0;14.6;0.0;0.0;0.0;0.0;0.0;0.0;0.0;0.0;0.0;0.0;0.0;0.0;0.0;0.0;888.0
Icó;SAO VICENTE;-6.2239166666667;-38.673583333333;2003;7;0.0;0.0;0.0;0.0;0.0;0.0;0.0;0.0;0.0;0.0;0.0;0.0;0.0;0.0;0.0;0.0;0.0;0.0;0.0;0.0;0.0;0.0;0.0;0.0;0.0;0.0;0.0;0.0;0.0;0.0;0.0;0.0
Icó;SAO VICENTE;-6.2239166666667;-38.673583333333;2003;8;0.0;0.0;0.0;0.0;0.0;0.0;0.0;0.0;0.0;0.0;0.0;0.0;0.0;0.0;0.0;0.0;0.0;0.0;0.0;0.0;0.0;0.0;0.0;0.0;0.0;0.0;0.0;0.0;0.0;0.0;0.0;0.0
Icó;SAO VICENTE;-6.2239166666667;-38.673583333333;2003;9;0.0;0.0;0.0;0.0;0.0;0.0;0.0;0.0;0.0;0.0;0.0;0.0;0.0;0.0;0.0;0.0;0.0;0.0;0.0;0.0;0.0;0.0;0.0;0.0;0.0;0.0;0.0;0.0;0.0;0.0;0.0;888.0
Icó;SAO VICENTE;-6.2239166666667;-38.673583333333;2003;10;0.0;0.0;0.0;0.0;0.0;0.0;0.0;0.0;0.0;0.0;0.0;0.0;0.0;0.0;0.0;0.0;0.0;0.0;0.0;0.0;0.0;0.0;0.0;0.0;0.0;0.0;0.0;0.0;0.0;0.0;0.0;0.0
Icó;SAO VICENTE;-6.2239166666667;-38.673583333333;2003;11;0.0;0.0;0.0;0.0;0.0;0.0;0.0;0.0;0.0;0.0;0.0;0.0;0.0;0.0;0.0;0.0;0.0;0.0;0.0;0.0;0.0;0.0;0.0;0.0;0.0;0.0;0.0;0.0;0.0;0.0;0.0;888.0
Icó;SAO VICENTE;-6.2239166666667;-38.673583333333;2003;12;0.0;0.0;0.0;0.0;0.0;0.0;0.0;0.0;0.0;0.0;0.0;0.0;0.0;0.0;0.0;0.0;0.0;0.0;0.0;0.0;0.0;0.0;0.0;0.0;0.0;0.0;0.0;0.0;0.0;0.0;0.0;0.0
Icó;SAO VICENTE;-6.2239166666667;-38.673583333333;2004;1;294.2;0.0;0.0;0.0;0.0;0.0;0.0;0.0;0.0;0.0;0.0;0.0;3.6;0.0;0.0;40.0;9.0;5.0;15.0;0.0;13.6;0.0;29.0;54.0;43.0;40.0;3.0;14.0;25.0;0.0;0.0;0.0
Icó;SAO VICENTE;-6.2239166666667;-38.673583333333;2004;2;205.0;32.0;0.0;10.0;38.0;5.0;13.6;0.0;9.0;7.0;0.0;0.0;0.0;0.0;0.0;24.4;30.0;0.0;0.0;0.0;0.0;0.0;0.0;0.0;0.0;11.0;0.0;0.0;16.0;9.0;888.0;888.0
Icó;SAO VICENTE;-6.2239166666667;-38.673583333333;2004;3;94.0;0.0;0.0;0.0;0.0;0.0;0.0;29.0;12.0;0.0;0.0;0.0;10.0;0.0;0.0;0.0;33.0;10.0;0.0;0.0;0.0;0.0;0.0;0.0;0.0;0.0;0.0;0.0;0.0;0.0;0.0;0.0
Icó;SAO VICENTE;-6.2239166666667;-38.673583333333;2004;4;11.0;0.0;0.0;6.0;5.0;0.0;0.0;0.0;0.0;0.0;0.0;0.0;0.0;0.0;0.0;0.0;0.0;0.0;0.0;0.0;0.0;0.0;0.0;0.0;0.0;0.0;0.0;0.0;0.0;0.0;0.0;888.0
Icó;SAO VICENTE;-6.2239166666667;-38.673583333333;2004;5;10.0;0.0;0.0;0.0;0.0;0.0;0.0;0.0;0.0;0.0;0.0;0.0;0.0;0.0;0.0;0.0;0.0;0.0;0.0;0.0;10.0;0.0;0.0;0.0;0.0;0.0;0.0;0.0;0.0;0.0;0.0;0.0
Icó;SAO VICENTE;-6.2239166666667;-38.673583333333;2004;6;69.0;25.0;20.0;0.0;0.0;3.0;0.0;0.0;0.0;0.0;0.0;0.0;0.0;0.0;0.0;0.0;0.0;15.0;0.0;6.0;0.0;0.0;0.0;0.0;0.0;0.0;0.0;0.0;0.0;0.0;0.0;888.0
Icó;SAO VICENTE;-6.2239166666667;-38.673583333333;2004;7;0.0;0.0;0.0;0.0;0.0;0.0;0.0;0.0;0.0;0.0;0.0;0.0;0.0;0.0;0.0;0.0;0.0;0.0;0.0;0.0;0.0;0.0;0.0;0.0;0.0;0.0;0.0;0.0;0.0;0.0;0.0;0.0
Icó;SAO VICENTE;-6.2239166666667;-38.673583333333;2004;8;0.0;0.0;0.0;0.0;0.0;0.0;0.0;0.0;0.0;0.0;0.0;0.0;0.0;0.0;0.0;0.0;0.0;0.0;0.0;0.0;0.0;0.0;0.0;0.0;0.0;0.0;0.0;0.0;0.0;0.0;0.0;0.0
Icó;SAO VICENTE;-6.2239166666667;-38.673583333333;2004;9;0.0;0.0;0.0;0.0;0.0;0.0;0.0;0.0;0.0;0.0;0.0;0.0;0.0;0.0;0.0;0.0;0.0;0.0;0.0;0.0;0.0;0.0;0.0;0.0;0.0;0.0;0.0;0.0;0.0;0.0;0.0;888.0
Icó;SAO VICENTE;-6.2239166666667;-38.673583333333;2004;10;0.0;0.0;0.0;0.0;0.0;0.0;0.0;0.0;0.0;0.0;0.0;0.0;0.0;0.0;0.0;0.0;0.0;0.0;0.0;0.0;0.0;0.0;0.0;0.0;0.0;0.0;0.0;0.0;0.0;0.0;0.0;0.0
Icó;SAO VICENTE;-6.2239166666667;-38.673583333333;2004;11;0.0;0.0;0.0;0.0;0.0;0.0;0.0;0.0;0.0;0.0;0.0;0.0;0.0;0.0;0.0;0.0;0.0;0.0;0.0;0.0;0.0;0.0;0.0;0.0;0.0;0.0;0.0;0.0;0.0;0.0;0.0;888.0
Icó;SAO VICENTE;-6.2239166666667;-38.673583333333;2004;12;0.0;0.0;0.0;0.0;0.0;0.0;0.0;0.0;0.0;0.0;0.0;0.0;0.0;0.0;0.0;0.0;0.0;0.0;0.0;0.0;0.0;0.0;0.0;0.0;0.0;0.0;0.0;0.0;0.0;0.0;0.0;0.0
Icó;SAO VICENTE;-6.2239166666667;-38.673583333333;2005;1;65.0;0.0;0.0;0.0;0.0;0.0;0.0;0.0;0.0;0.0;0.0;0.0;0.0;0.0;33.0;0.0;32.0;0.0;0.0;0.0;0.0;0.0;0.0;0.0;0.0;0.0;0.0;0.0;0.0;0.0;0.0;0.0
Icó;SAO VICENTE;-6.2239166666667;-38.673583333333;2005;2;28.0;0.0;0.0;0.0;0.0;7.0;0.0;0.0;0.0;0.0;0.0;6.0;0.0;0.0;15.0;0.0;0.0;0.0;0.0;0.0;0.0;0.0;0.0;0.0;0.0;0.0;0.0;0.0;0.0;888.0;888.0;888.0
Icó;SAO VICENTE;-6.2239166666667;-38.673583333333;2005;3;172.0;0.0;0.0;0.0;0.0;0.0;0.0;0.0;0.0;0.0;0.0;0.0;0.0;0.0;0.0;5.0;0.0;0.0;8.0;0.0;12.0;0.0;0.0;0.0;0.0;35.0;7.0;12.0;70.0;0.0;23.0;0.0
Icó;SAO VICENTE;-6.2239166666667;-38.673583333333;2005;4;48.0;0.0;0.0;0.0;0.0;0.0;0.0;0.0;0.0;0.0;0.0;0.0;0.0;10.0;5.0;0.0;0.0;0.0;0.0;0.0;0.0;0.0;0.0;0.0;0.0;0.0;0.0;0.0;0.0;30.0;3.0;888.0
Icó;SAO VICENTE;-6.2239166666667;-38.673583333333;2005;5;37.0;0.0;0.0;7.0;8.0;0.0;0.0;0.0;0.0;0.0;0.0;0.0;0.0;0.0;0.0;6.0;0.0;4.0;0.0;0.0;0.0;0.0;0.0;0.0;12.0;0.0;0.0;0.0;0.0;0.0;0.0;0.0
Icó;SAO VICENTE;-6.2239166666667;-38.673583333333;2005;6;12.8;0.0;0.0;0.0;0.0;0.0;0.0;0.0;7.8;0.0;0.0;0.0;0.0;0.0;0.0;0.0;0.0;0.0;0.0;0.0;0.0;0.0;0.0;0.0;0.0;0.0;5.0;0.0;0.0;0.0;0.0;888.0
Icó;SAO VICENTE;-6.2239166666667;-38.673583333333;2005;7;0.0;0.0;0.0;0.0;0.0;0.0;0.0;0.0;0.0;0.0;0.0;0.0;0.0;0.0;0.0;0.0;0.0;0.0;0.0;0.0;0.0;0.0;0.0;0.0;0.0;0.0;0.0;0.0;0.0;0.0;0.0;0.0
Icó;SAO VICENTE;-6.2239166666667;-38.673583333333;2005;8;0.0;0.0;0.0;0.0;0.0;0.0;0.0;0.0;0.0;0.0;0.0;0.0;0.0;0.0;0.0;0.0;0.0;0.0;0.0;0.0;0.0;0.0;0.0;0.0;0.0;0.0;0.0;0.0;0.0;0.0;0.0;0.0
Icó;SAO VICENTE;-6.2239166666667;-38.673583333333;2005;9;0.0;0.0;0.0;0.0;0.0;0.0;0.0;0.0;0.0;0.0;0.0;0.0;0.0;0.0;0.0;0.0;0.0;0.0;0.0;0.0;0.0;0.0;0.0;0.0;0.0;0.0;0.0;0.0;0.0;0.0;0.0;888.0
Icó;SAO VICENTE;-6.2239166666667;-38.673583333333;2005;10;0.0;0.0;0.0;0.0;0.0;0.0;0.0;0.0;0.0;0.0;0.0;0.0;0.0;0.0;0.0;0.0;0.0;0.0;0.0;0.0;0.0;0.0;0.0;0.0;0.0;0.0;0.0;0.0;0.0;0.0;0.0;0.0
Icó;SAO VICENTE;-6.2239166666667;-38.673583333333;2005;11;0.0;0.0;0.0;0.0;0.0;0.0;0.0;0.0;0.0;0.0;0.0;0.0;0.0;0.0;0.0;0.0;0.0;0.0;0.0;0.0;0.0;0.0;0.0;0.0;0.0;0.0;0.0;0.0;0.0;0.0;0.0;888.0
Icó;SAO VICENTE;-6.2239166666667;-38.673583333333;2005;12;37.0;0.0;0.0;0.0;0.0;19.0;0.0;18.0;0.0;0.0;0.0;0.0;0.0;0.0;0.0;0.0;0.0;0.0;0.0;0.0;0.0;0.0;0.0;0.0;0.0;0.0;0.0;0.0;0.0;0.0;0.0;0.0
Icó;SAO VICENTE;-6.2239166666667;-38.673583333333;2006;1;95.0;0.0;0.0;0.0;0.0;0.0;0.0;0.0;0.0;0.0;60.0;0.0;0.0;0.0;0.0;0.0;0.0;0.0;35.0;0.0;0.0;0.0;0.0;0.0;0.0;0.0;0.0;0.0;0.0;0.0;0.0;0.0
Icó;SAO VICENTE;-6.2239166666667;-38.673583333333;2006;2;95.0;0.0;4.0;0.0;0.0;0.0;45.0;0.0;0.0;0.0;0.0;0.0;0.0;0.0;0.0;0.0;0.0;0.0;8.0;0.0;0.0;0.0;0.0;13.0;0.0;0.0;0.0;25.0;0.0;888.0;888.0;888.0
Icó;SAO VICENTE;-6.2239166666667;-38.673583333333;2006;3;43.0;0.0;0.0;0.0;0.0;0.0;0.0;0.0;0.0;0.0;0.0;0.0;0.0;0.0;0.0;0.0;0.0;0.0;0.0;0.0;0.0;0.0;0.0;0.0;22.0;0.0;0.0;0.0;5.0;0.0;0.0;16.0
Icó;SAO VICENTE;-6.2239166666667;-38.673583333333;2006;4;180.0;30.0;0.0;0.0;0.0;0.0;26.0;0.0;3.0;0.0;0.0;18.0;0.0;3.0;0.0;0.0;31.0;0.0;0.0;0.0;0.0;0.0;16.0;0.0;0.0;36.0;0.0;0.0;0.0;10.0;7.0;888.0
Icó;SAO VICENTE;-6.2239166666667;-38.673583333333;2006;5;111.0;0.0;0.0;0.0;0.0;0.0;0.0;12.0;0.0;0.0;10.0;0.0;0.0;30.0;16.0;11.0;0.0;0.0;0.0;0.0;0.0;0.0;0.0;0.0;32.0;0.0;0.0;0.0;0.0;0.0;0.0;0.0
Icó;SAO VICENTE;-6.2239166666667;-38.673583333333;2006;6;75.0;0.0;0.0;0.0;0.0;0.0;0.0;0.0;0.0;0.0;0.0;0.0;35.0;40.0;0.0;0.0;0.0;0.0;0.0;0.0;0.0;0.0;0.0;0.0;0.0;0.0;0.0;0.0;0.0;0.0;0.0;888.0
Icó;SAO VICENTE;-6.2239166666667;-38.673583333333;2006;7;0.0;0.0;0.0;0.0;0.0;0.0;0.0;0.0;0.0;0.0;0.0;0.0;0.0;0.0;0.0;0.0;0.0;0.0;0.0;0.0;0.0;0.0;0.0;0.0;0.0;0.0;0.0;0.0;0.0;0.0;0.0;0.0
Icó;SAO VICENTE;-6.2239166666667;-38.673583333333;2006;8;0.0;0.0;0.0;0.0;0.0;0.0;0.0;0.0;0.0;0.0;0.0;0.0;0.0;0.0;0.0;0.0;0.0;0.0;0.0;0.0;0.0;0.0;0.0;0.0;0.0;0.0;0.0;0.0;0.0;0.0;0.0;0.0
Icó;SAO VICENTE;-6.2239166666667;-38.673583333333;2006;9;0.0;0.0;0.0;0.0;0.0;0.0;0.0;0.0;0.0;0.0;0.0;0.0;0.0;0.0;0.0;0.0;0.0;0.0;0.0;0.0;0.0;0.0;0.0;0.0;0.0;0.0;0.0;0.0;0.0;0.0;0.0;888.0
Icó;SAO VICENTE;-6.2239166666667;-38.673583333333;2006;10;0.0;0.0;0.0;0.0;0.0;0.0;0.0;0.0;0.0;0.0;0.0;0.0;0.0;0.0;0.0;0.0;0.0;0.0;0.0;0.0;0.0;0.0;0.0;0.0;0.0;0.0;0.0;0.0;0.0;0.0;0.0;0.0
Icó;SAO VICENTE;-6.2239166666667;-38.673583333333;2006;11;0.0;0.0;0.0;0.0;0.0;0.0;0.0;0.0;0.0;0.0;0.0;0.0;0.0;0.0;0.0;0.0;0.0;0.0;0.0;0.0;0.0;0.0;0.0;0.0;0.0;0.0;0.0;0.0;0.0;0.0;0.0;888.0
Icó;SAO VICENTE;-6.2239166666667;-38.673583333333;2006;12;0.0;0.0;0.0;0.0;0.0;0.0;0.0;0.0;0.0;0.0;0.0;0.0;0.0;0.0;0.0;0.0;0.0;0.0;0.0;0.0;0.0;0.0;0.0;0.0;0.0;0.0;0.0;0.0;0.0;0.0;0.0;0.0
Icó;SAO VICENTE;-6.2239166666667;-38.673583333333;2007;1;14.0;0.0;0.0;0.0;0.0;14.0;0.0;0.0;0.0;0.0;0.0;0.0;0.0;0.0;0.0;0.0;0.0;0.0;0.0;0.0;0.0;0.0;0.0;0.0;0.0;0.0;0.0;0.0;0.0;0.0;0.0;0.0
Icó;SAO VICENTE;-6.2239166666667;-38.673583333333;2007;2;276.0;0.0;0.0;0.0;0.0;0.0;0.0;0.0;0.0;55.0;0.0;0.0;0.0;0.0;35.0;0.0;0.0;90.0;43.0;0.0;23.0;0.0;0.0;30.0;0.0;0.0;0.0;0.0;0.0;888.0;888.0;888.0
Icó;SAO VICENTE;-6.2239166666667;-38.673583333333;2007;3;77.0;0.0;7.0;0.0;17.0;0.0;0.0;0.0;0.0;0.0;0.0;25.0;0.0;0.0;0.0;0.0;0.0;0.0;0.0;0.0;23.0;0.0;0.0;0.0;0.0;0.0;5.0;0.0;0.0;0.0;0.0;0.0
Icó;SAO VICENTE;-6.2239166666667;-38.673583333333;2007;4;98.0;0.0;0.0;0.0;0.0;0.0;0.0;0.0;0.0;0.0;0.0;0.0;5.0;0.0;0.0;0.0;0.0;7.0;8.0;8.0;0.0;0.0;0.0;10.0;4.0;5.4;0.0;15.6;0.0;35.0;0.0;888.0
Icó;SAO VICENTE;-6.2239166666667;-38.673583333333;2007;5;40.6;4.0;0.0;0.0;0.0;0.0;0.0;0.0;0.0;0.0;0.0;0.0;0.0;0.0;0.0;0.0;0.0;0.0;0.0;0.0;0.0;0.0;0.0;18.0;0.0;0.0;0.0;18.6;0.0;0.0;0.0;0.0
Icó;SAO VICENTE;-6.2239166666667;-38.673583333333;2007;6;15.0;0.0;0.0;4.0;0.0;6.0;5.0;0.0;0.0;0.0;0.0;0.0;0.0;0.0;0.0;0.0;0.0;0.0;0.0;0.0;0.0;0.0;0.0;0.0;0.0;0.0;0.0;0.0;0.0;0.0;0.0;888.0
Icó;SAO VICENTE;-6.2239166666667;-38.673583333333;2007;7;0.0;0.0;0.0;0.0;0.0;0.0;0.0;0.0;0.0;0.0;0.0;0.0;0.0;0.0;0.0;0.0;0.0;0.0;0.0;0.0;0.0;0.0;0.0;0.0;0.0;0.0;0.0;0.0;0.0;0.0;0.0;0.0
Icó;SAO VICENTE;-6.2239166666667;-38.673583333333;2007;8;0.0;0.0;0.0;0.0;0.0;0.0;0.0;0.0;0.0;0.0;0.0;0.0;0.0;0.0;0.0;0.0;0.0;0.0;0.0;0.0;0.0;0.0;0.0;0.0;0.0;0.0;0.0;0.0;0.0;0.0;0.0;0.0
Icó;SAO VICENTE;-6.2239166666667;-38.673583333333;2007;9;0.0;0.0;0.0;0.0;0.0;0.0;0.0;0.0;0.0;0.0;0.0;0.0;0.0;0.0;0.0;0.0;0.0;0.0;0.0;0.0;0.0;0.0;0.0;0.0;0.0;0.0;0.0;0.0;0.0;0.0;0.0;888.0
Icó;SAO VICENTE;-6.2239166666667;-38.673583333333;2007;10;0.0;0.0;0.0;0.0;0.0;0.0;0.0;0.0;0.0;0.0;0.0;0.0;0.0;0.0;0.0;0.0;0.0;0.0;0.0;0.0;0.0;0.0;0.0;0.0;0.0;0.0;0.0;0.0;0.0;0.0;0.0;0.0
Icó;SAO VICENTE;-6.2239166666667;-38.673583333333;2007;11;15.0;0.0;0.0;0.0;0.0;0.0;0.0;0.0;0.0;0.0;0.0;0.0;0.0;0.0;0.0;0.0;0.0;0.0;0.0;0.0;0.0;0.0;0.0;15.0;0.0;0.0;0.0;0.0;0.0;0.0;0.0;888.0
Icó;SAO VICENTE;-6.2239166666667;-38.673583333333;2007;12;12.0;0.0;0.0;0.0;0.0;0.0;0.0;0.0;0.0;0.0;0.0;0.0;0.0;0.0;0.0;0.0;0.0;0.0;0.0;0.0;0.0;0.0;0.0;0.0;0.0;0.0;0.0;12.0;0.0;0.0;0.0;0.0
Icó;SAO VICENTE;-6.2239166666667;-38.673583333333;2008;1;53.0;0.0;0.0;0.0;0.0;0.0;0.0;0.0;0.0;0.0;0.0;0.0;0.0;0.0;0.0;0.0;0.0;0.0;0.0;0.0;0.0;23.0;0.0;0.0;0.0;17.0;0.0;0.0;13.0;0.0;0.0;0.0
Icó;SAO VICENTE;-6.2239166666667;-38.673583333333;2008;2;108.0;25.0;0.0;0.0;0.0;0.0;0.0;0.0;0.0;0.0;0.0;0.0;0.0;0.0;0.0;36.0;0.0;27.0;0.0;0.0;0.0;10.0;0.0;0.0;0.0;0.0;10.0;0.0;0.0;0.0;888.0;888.0
Icó;SAO VICENTE;-6.2239166666667;-38.673583333333;2008;3;351.0;25.0;0.0;0.0;0.0;34.0;0.0;0.0;0.0;0.0;27.0;0.0;16.0;0.0;8.0;14.0;20.0;21.0;0.0;0.0;25.0;0.0;0.0;8.0;23.0;12.0;0.0;0.0;0.0;30.0;60.0;28.0
Icó;SAO VICENTE;-6.2239166666667;-38.673583333333;2008;4;150.0;26.0;0.0;28.0;0.0;0.0;0.0;12.0;0.0;12.0;0.0;0.0;0.0;15.0;0.0;0.0;9.0;0.0;8.0;0.0;10.0;0.0;0.0;0.0;0.0;0.0;0.0;0.0;0.0;8.0;22.0;888.0
Icó;SAO VICENTE;-6.2239166666667;-38.673583333333;2008;5;187.0;0.0;0.0;0.0;0.0;0.0;130.0;0.0;0.0;0.0;0.0;14.0;0.0;0.0;0.0;0.0;0.0;0.0;0.0;0.0;0.0;23.0;0.0;0.0;20.0;0.0;0.0;0.0;0.0;0.0;0.0;0.0
Icó;SAO VICENTE;-6.2239166666667;-38.673583333333;2008;6;0.0;0.0;0.0;0.0;0.0;0.0;0.0;0.0;0.0;0.0;0.0;0.0;0.0;0.0;0.0;0.0;0.0;0.0;0.0;0.0;0.0;0.0;0.0;0.0;0.0;0.0;0.0;0.0;0.0;0.0;0.0;888.0
Icó;SAO VICENTE;-6.2239166666667;-38.673583333333;2008;7;0.0;0.0;0.0;0.0;0.0;0.0;0.0;0.0;0.0;0.0;0.0;0.0;0.0;0.0;0.0;0.0;0.0;0.0;0.0;0.0;0.0;0.0;0.0;0.0;0.0;0.0;0.0;0.0;0.0;0.0;0.0;0.0
Icó;SAO VICENTE;-6.2239166666667;-38.673583333333;2008;8;0.0;0.0;0.0;0.0;0.0;0.0;0.0;0.0;0.0;0.0;0.0;0.0;0.0;0.0;0.0;0.0;0.0;0.0;0.0;0.0;0.0;0.0;0.0;0.0;0.0;0.0;0.0;0.0;0.0;0.0;0.0;0.0
Icó;SAO VICENTE;-6.2239166666667;-38.673583333333;2008;9;0.0;0.0;0.0;0.0;0.0;0.0;0.0;0.0;0.0;0.0;0.0;0.0;0.0;0.0;0.0;0.0;0.0;0.0;0.0;0.0;0.0;0.0;0.0;0.0;0.0;0.0;0.0;0.0;0.0;0.0;0.0;888.0
Icó;SAO VICENTE;-6.2239166666667;-38.673583333333;2008;10;0.0;0.0;0.0;0.0;0.0;0.0;0.0;0.0;0.0;0.0;0.0;0.0;0.0;0.0;0.0;0.0;0.0;0.0;0.0;0.0;0.0;0.0;0.0;0.0;0.0;0.0;0.0;0.0;0.0;0.0;0.0;0.0
Icó;SAO VICENTE;-6.2239166666667;-38.673583333333;2008;11;0.0;0.0;0.0;0.0;0.0;0.0;0.0;0.0;0.0;0.0;0.0;0.0;0.0;0.0;0.0;0.0;0.0;0.0;0.0;0.0;0.0;0.0;0.0;0.0;0.0;0.0;0.0;0.0;0.0;0.0;0.0;888.0
Icó;SAO VICENTE;-6.2239166666667;-38.673583333333;2008;12;10.1;0.0;0.0;0.0;0.0;0.0;0.0;0.0;0.0;0.0;0.0;10.1;0.0;0.0;0.0;0.0;0.0;0.0;0.0;0.0;0.0;0.0;0.0;0.0;0.0;0.0;0.0;0.0;0.0;0.0;0.0;0.0
Icó;SAO VICENTE;-6.2239166666667;-38.673583333333;2009;1;190.0;0.0;0.0;0.0;0.0;0.0;0.0;0.0;0.0;0.0;0.0;0.0;0.0;0.0;0.0;0.0;0.0;0.0;0.0;0.0;0.0;70.0;0.0;62.0;0.0;0.0;0.0;0.0;0.0;0.0;38.0;20.0
Icó;SAO VICENTE;-6.2239166666667;-38.673583333333;2009;2;97.0;17.0;12.0;2.0;6.0;0.0;0.0;0.0;0.0;0.0;0.0;0.0;0.0;3.0;0.0;0.0;0.0;0.0;6.0;0.0;0.0;0.0;0.0;18.0;7.0;0.0;0.0;0.0;26.0;888.0;888.0;888.0
Icó;SAO VICENTE;-6.2239166666667;-38.673583333333;2009;3;206.0;35.0;23.0;47.0;40.0;0.0;0.0;0.0;0.0;8.0;0.0;0.0;11.0;13.0;2.0;0.0;0.0;0.0;0.0;0.0;0.0;0.0;0.0;0.0;0.0;6.0;21.0;0.0;0.0;0.0;0.0;0.0
Icó;SAO VICENTE;-6.2239166666667;-38.673583333333;2009;4;488.0;0.0;20.0;25.0;3.0;20.0;0.0;25.0;0.0;0.0;0.0;0.0;0.0;0.0;47.0;40.0;2.0;120.0;0.0;30.0;0.0;0.0;30.0;43.0;56.0;0.0;0.0;12.0;0.0;0.0;15.0;888.0
Icó;SAO VICENTE;-6.2239166666667;-38.673583333333;2009;5;70.0;0.0;0.0;0.0;0.0;0.0;13.0;0.0;0.0;0.0;0.0;14.0;0.0;0.0;0.0;0.0;0.0;0.0;0.0;0.0;0.0;23.0;0.0;0.0;20.0;0.0;0.0;0.0;0.0;0.0;0.0;0.0
Icó;SAO VICENTE;-6.2239166666667;-38.673583333333;2009;6;15.0;0.0;0.0;0.0;0.0;0.0;0.0;0.0;0.0;0.0;0.0;0.0;0.0;0.0;0.0;0.0;5.0;0.0;0.0;0.0;0.0;0.0;10.0;0.0;0.0;0.0;0.0;0.0;0.0;0.0;0.0;888.0
Icó;SAO VICENTE;-6.2239166666667;-38.673583333333;2009;7;14.0;0.0;0.0;0.0;0.0;0.0;0.0;0.0;0.0;0.0;0.0;0.0;0.0;0.0;0.0;0.0;0.0;0.0;0.0;0.0;0.0;6.0;0.0;0.0;8.0;0.0;0.0;0.0;0.0;0.0;0.0;0.0
Icó;SAO VICENTE;-6.2239166666667;-38.673583333333;2009;8;0.0;0.0;0.0;0.0;0.0;0.0;0.0;0.0;0.0;0.0;0.0;0.0;0.0;0.0;0.0;0.0;0.0;0.0;0.0;0.0;0.0;0.0;0.0;0.0;0.0;0.0;0.0;0.0;0.0;0.0;0.0;0.0
Icó;SAO VICENTE;-6.2239166666667;-38.673583333333;2009;9;0.0;0.0;0.0;0.0;0.0;0.0;0.0;0.0;0.0;0.0;0.0;0.0;0.0;0.0;0.0;0.0;0.0;0.0;0.0;0.0;0.0;0.0;0.0;0.0;0.0;0.0;0.0;0.0;0.0;0.0;0.0;888.0
Icó;SAO VICENTE;-6.2239166666667;-38.673583333333;2009;10;0.0;0.0;0.0;0.0;0.0;0.0;0.0;0.0;0.0;0.0;0.0;0.0;0.0;0.0;0.0;0.0;0.0;0.0;0.0;0.0;0.0;0.0;0.0;0.0;0.0;0.0;0.0;0.0;0.0;0.0;0.0;0.0
Icó;SAO VICENTE;-6.2239166666667;-38.673583333333;2009;11;0.0;0.0;0.0;0.0;0.0;0.0;0.0;0.0;0.0;0.0;0.0;0.0;0.0;0.0;0.0;0.0;0.0;0.0;0.0;0.0;0.0;0.0;0.0;0.0;0.0;0.0;0.0;0.0;0.0;0.0;0.0;888.0
Icó;SAO VICENTE;-6.2239166666667;-38.673583333333;2009;12;36.0;0.0;0.0;0.0;0.0;0.0;0.0;0.0;0.0;0.0;0.0;0.0;0.0;0.0;0.0;0.0;0.0;0.0;0.0;0.0;0.0;0.0;0.0;0.0;0.0;0.0;0.0;36.0;0.0;0.0;0.0;0.0
Icó;SAO VICENTE;-6.2239166666667;-38.673583333333;2010;1;56.0;0.0;4.0;3.0;0.0;0.0;0.0;0.0;0.0;0.0;0.0;0.0;0.0;0.0;0.0;0.0;0.0;0.0;0.0;0.0;0.0;0.0;0.0;0.0;0.0;0.0;0.0;17.0;32.0;0.0;0.0;0.0
Icó;SAO VICENTE;-6.2239166666667;-38.673583333333;2010;2;33.0;0.0;0.0;0.0;0.0;0.0;0.0;0.0;0.0;0.0;33.0;0.0;0.0;0.0;0.0;0.0;0.0;0.0;0.0;0.0;0.0;0.0;0.0;0.0;0.0;0.0;0.0;0.0;0.0;888.0;888.0;888.0
Icó;SAO VICENTE;-6.2239166666667;-38.673583333333;2010;3;42.0;0.0;0.0;0.0;0.0;0.0;0.0;0.0;0.0;0.0;0.0;0.0;0.0;0.0;0.0;0.0;0.0;0.0;10.0;8.0;0.0;18.0;0.0;0.0;0.0;0.0;0.0;6.0;0.0;0.0;0.0;0.0
Icó;SAO VICENTE;-6.2239166666667;-38.673583333333;2010;4;154.0;0.0;0.0;0.0;5.0;0.0;0.0;0.0;0.0;22.0;0.0;37.0;50.0;5.0;0.0;0.0;8.0;0.0;0.0;27.0;0.0;0.0;0.0;0.0;0.0;0.0;0.0;0.0;0.0;0.0;0.0;888.0
Icó;SAO VICENTE;-6.2239166666667;-38.673583333333;2010;5;0.0;0.0;0.0;0.0;0.0;0.0;0.0;0.0;0.0;0.0;0.0;0.0;0.0;0.0;0.0;0.0;0.0;0.0;0.0;0.0;0.0;0.0;0.0;0.0;0.0;0.0;0.0;0.0;0.0;0.0;0.0;0.0
Icó;SAO VICENTE;-6.2239166666667;-38.673583333333;2010;6;0.0;0.0;0.0;0.0;0.0;0.0;0.0;0.0;0.0;0.0;0.0;0.0;0.0;0.0;0.0;0.0;0.0;0.0;0.0;0.0;0.0;0.0;0.0;0.0;0.0;0.0;0.0;0.0;0.0;0.0;0.0;888.0
Icó;SAO VICENTE;-6.2239166666667;-38.673583333333;2010;7;0.0;0.0;0.0;0.0;0.0;0.0;0.0;0.0;0.0;0.0;0.0;0.0;0.0;0.0;0.0;0.0;0.0;0.0;0.0;0.0;0.0;0.0;0.0;0.0;0.0;0.0;0.0;0.0;0.0;0.0;0.0;0.0
Icó;SAO VICENTE;-6.2239166666667;-38.673583333333;2010;8;0.0;0.0;0.0;0.0;0.0;0.0;0.0;0.0;0.0;0.0;0.0;0.0;0.0;0.0;0.0;0.0;0.0;0.0;0.0;0.0;0.0;0.0;0.0;0.0;0.0;0.0;0.0;0.0;0.0;0.0;0.0;0.0
Icó;SAO VICENTE;-6.2239166666667;-38.673583333333;2010;9;0.0;0.0;0.0;0.0;0.0;0.0;0.0;0.0;0.0;0.0;0.0;0.0;0.0;0.0;0.0;0.0;0.0;0.0;0.0;0.0;0.0;0.0;0.0;0.0;0.0;0.0;0.0;0.0;0.0;0.0;0.0;888.0
Icó;SAO VICENTE;-6.2239166666667;-38.673583333333;2010;10;92.0;0.0;0.0;0.0;0.0;0.0;0.0;0.0;0.0;0.0;0.0;0.0;0.0;0.0;0.0;0.0;0.0;0.0;0.0;0.0;0.0;0.0;30.0;62.0;0.0;0.0;0.0;0.0;0.0;0.0;0.0;0.0
Icó;SAO VICENTE;-6.2239166666667;-38.673583333333;2011;1;206.0;0.0;0.0;0.0;0.0;0.0;0.0;0.0;0.0;0.0;0.0;0.0;0.0;0.0;0.0;0.0;0.0;0.0;0.0;0.0;29.0;60.0;10.0;0.0;20.0;12.0;65.0;0.0;10.0;0.0;0.0;0.0
Icó;SAO VICENTE;-6.2239166666667;-38.673583333333;2011;2;110.0;0.0;20.0;0.0;0.0;7.0;0.0;0.0;0.0;0.0;0.0;0.0;0.0;0.0;0.0;0.0;0.0;0.0;10.0;0.0;0.0;14.0;0.0;0.0;0.0;0.0;0.0;13.0;46.0;888.0;888.0;888.0
Icó;SAO VICENTE;-6.2239166666667;-38.673583333333;2011;3;94.0;0.0;0.0;0.0;0.0;0.0;0.0;0.0;0.0;21.0;0.0;0.0;30.0;0.0;0.0;0.0;0.0;0.0;0.0;0.0;0.0;0.0;0.0;0.0;0.0;10.0;10.0;0.0;0.0;23.0;0.0;0.0
Icó;SAO VICENTE;-6.2239166666667;-38.673583333333;2011;4;113.0;0.0;0.0;0.0;0.0;0.0;0.0;0.0;0.0;0.0;0.0;18.0;4.0;14.0;16.0;0.0;0.0;0.0;0.0;32.0;0.0;0.0;0.0;29.0;0.0;0.0;0.0;0.0;0.0;0.0;0.0;888.0
Icó;SAO VICENTE;-6.2239166666667;-38.673583333333;2011;5;105.0;0.0;8.0;0.0;0.0;4.0;32.0;0.0;0.0;0.0;0.0;30.0;0.0;0.0;0.0;0.0;0.0;31.0;0.0;0.0;0.0;0.0;0.0;0.0;0.0;0.0;0.0;0.0;0.0;0.0;0.0;0.0
Icó;SAO VICENTE;-6.2239166666667;-38.673583333333;2011;6;0.0;0.0;0.0;0.0;0.0;0.0;0.0;0.0;0.0;0.0;0.0;0.0;0.0;0.0;0.0;0.0;0.0;0.0;0.0;0.0;0.0;0.0;0.0;0.0;0.0;0.0;0.0;0.0;0.0;0.0;0.0;888.0
Icó;SAO VICENTE;-6.2239166666667;-38.673583333333;2011;7;5.0;0.0;0.0;0.0;0.0;0.0;5.0;0.0;0.0;0.0;0.0;0.0;0.0;0.0;0.0;0.0;0.0;0.0;0.0;0.0;0.0;0.0;0.0;0.0;0.0;0.0;0.0;0.0;0.0;0.0;0.0;0.0
Icó;SAO VICENTE;-6.2239166666667;-38.673583333333;2011;8;0.0;0.0;0.0;0.0;0.0;0.0;0.0;0.0;0.0;0.0;0.0;0.0;0.0;0.0;0.0;0.0;0.0;0.0;0.0;0.0;0.0;0.0;0.0;0.0;0.0;0.0;0.0;0.0;0.0;0.0;0.0;0.0
Icó;SAO VICENTE;-6.2239166666667;-38.673583333333;2011;9;0.0;0.0;0.0;0.0;0.0;0.0;0.0;0.0;0.0;0.0;0.0;0.0;0.0;0.0;0.0;0.0;0.0;0.0;0.0;0.0;0.0;0.0;0.0;0.0;0.0;0.0;0.0;0.0;0.0;0.0;0.0;888.0
Icó;SAO VICENTE;-6.2239166666667;-38.673583333333;2011;10;0.0;0.0;0.0;0.0;0.0;0.0;0.0;0.0;0.0;0.0;0.0;0.0;0.0;0.0;0.0;0.0;0.0;0.0;0.0;0.0;0.0;0.0;0.0;0.0;0.0;0.0;0.0;0.0;0.0;0.0;0.0;0.0
Icó;SAO VICENTE;-6.2239166666667;-38.673583333333;2011;11;0.0;0.0;0.0;0.0;0.0;0.0;0.0;0.0;0.0;0.0;0.0;0.0;0.0;0.0;0.0;0.0;0.0;0.0;0.0;0.0;0.0;0.0;0.0;0.0;0.0;0.0;0.0;0.0;0.0;0.0;0.0;888.0
Icó;SAO VICENTE;-6.2239166666667;-38.673583333333;2011;12;0.0;0.0;0.0;0.0;0.0;0.0;0.0;0.0;0.0;0.0;0.0;0.0;0.0;0.0;0.0;0.0;0.0;0.0;0.0;0.0;0.0;0.0;0.0;0.0;0.0;0.0;0.0;0.0;0.0;0.0;0.0;0.0
Icó;SAO VICENTE;-6.2239166666667;-38.673583333333;2012;1;72.0;0.0;0.0;0.0;0.0;0.0;0.0;0.0;0.0;0.0;0.0;0.0;0.0;0.0;0.0;0.0;0.0;0.0;18.0;10.0;15.0;8.0;17.0;4.0;0.0;0.0;0.0;0.0;0.0;0.0;0.0;0.0
Icó;SAO VICENTE;-6.2239166666667;-38.673583333333;2012;3;0.0;0.0;999.0;999.0;999.0;999.0;999.0;999.0;999.0;999.0;999.0;999.0;999.0;999.0;999.0;999.0;999.0;999.0;999.0;999.0;999.0;999.0;999.0;999.0;999.0;999.0;999.0;999.0;999.0;999.0;999.0;999.0
Icó;SAO VICENTE;-6.2239166666667;-38.673583333333;2014;11;17.0;0.0;0.0;0.0;0.0;0.0;0.0;0.0;0.0;0.0;0.0;0.0;0.0;0.0;0.0;0.0;0.0;0.0;0.0;17.0;0.0;0.0;0.0;0.0;0.0;0.0;0.0;0.0;0.0;0.0;0.0;888.0
Icó;SAO VICENTE;-6.2239166666667;-38.673583333333;2014;12;0.0;0.0;0.0;0.0;0.0;0.0;0.0;0.0;0.0;0.0;0.0;0.0;0.0;0.0;0.0;0.0;0.0;0.0;0.0;0.0;0.0;0.0;0.0;0.0;0.0;0.0;0.0;0.0;0.0;0.0;0.0;0.0
Icó;SAO VICENTE;-6.2239166666667;-38.673583333333;2015;1;0.0;0.0;0.0;0.0;0.0;0.0;0.0;0.0;0.0;0.0;0.0;0.0;0.0;0.0;0.0;0.0;0.0;0.0;0.0;0.0;0.0;0.0;0.0;0.0;0.0;0.0;0.0;0.0;0.0;0.0;0.0;0.0
Icó;SAO VICENTE;-6.2239166666667;-38.673583333333;2015;2;62.0;0.0;0.0;0.0;0.0;62.0;0.0;0.0;0.0;0.0;0.0;0.0;0.0;0.0;0.0;0.0;0.0;0.0;0.0;0.0;0.0;0.0;0.0;0.0;0.0;0.0;0.0;0.0;0.0;888.0;888.0;888.0
Icó;SAO VICENTE;-6.2239166666667;-38.673583333333;2015;3;178.0;12.0;61.0;0.0;0.0;0.0;0.0;9.0;0.0;3.0;0.0;0.0;0.0;0.0;0.0;0.0;0.0;0.0;0.0;0.0;0.0;14.0;14.0;38.0;0.0;0.0;0.0;0.0;0.0;15.0;12.0;0.0
Icó;SAO VICENTE;-6.2239166666667;-38.673583333333;2015;4;29.0;0.0;0.0;0.0;0.0;0.0;0.0;0.0;0.0;22.0;0.0;0.0;0.0;7.0;0.0;0.0;0.0;0.0;0.0;0.0;0.0;0.0;0.0;0.0;0.0;0.0;0.0;0.0;0.0;0.0;0.0;888.0
Icó;SAO VICENTE;-6.2239166666667;-38.673583333333;2015;5;0.0;0.0;0.0;0.0;0.0;0.0;0.0;0.0;0.0;0.0;0.0;0.0;0.0;0.0;0.0;0.0;0.0;0.0;0.0;0.0;0.0;0.0;0.0;0.0;0.0;0.0;0.0;0.0;0.0;0.0;0.0;0.0
Icó;SAO VICENTE;-6.2239166666667;-38.673583333333;2015;6;0.0;0.0;0.0;0.0;0.0;0.0;0.0;999.0;0.0;0.0;0.0;0.0;0.0;0.0;0.0;0.0;0.0;0.0;0.0;0.0;0.0;0.0;0.0;0.0;0.0;0.0;0.0;0.0;0.0;0.0;0.0;888.0
Icó;SAO VICENTE;-6.2239166666667;-38.673583333333;2015;7;0.0;0.0;0.0;0.0;0.0;0.0;0.0;0.0;0.0;0.0;0.0;0.0;0.0;0.0;0.0;0.0;0.0;0.0;0.0;0.0;0.0;0.0;0.0;0.0;0.0;0.0;0.0;0.0;0.0;0.0;0.0;0.0
Icó;SAO VICENTE;-6.2239166666667;-38.673583333333;2015;8;0.0;0.0;0.0;0.0;0.0;0.0;0.0;0.0;0.0;0.0;0.0;0.0;0.0;0.0;0.0;0.0;0.0;0.0;0.0;0.0;0.0;0.0;0.0;0.0;0.0;0.0;0.0;0.0;0.0;0.0;0.0;0.0
Icó;SAO VICENTE;-6.2239166666667;-38.673583333333;2015;9;0.0;0.0;0.0;0.0;0.0;0.0;0.0;0.0;0.0;0.0;0.0;0.0;0.0;0.0;0.0;0.0;0.0;0.0;0.0;0.0;0.0;0.0;0.0;0.0;0.0;0.0;0.0;0.0;0.0;0.0;0.0;888.0
Icó;SAO VICENTE;-6.2239166666667;-38.673583333333;2015;10;0.0;0.0;0.0;0.0;0.0;0.0;0.0;0.0;0.0;0.0;0.0;0.0;0.0;0.0;0.0;0.0;0.0;0.0;0.0;0.0;0.0;0.0;0.0;0.0;0.0;0.0;0.0;0.0;0.0;0.0;0.0;0.0
Icó;SAO VICENTE;-6.2239166666667;-38.673583333333;2015;11;0.0;0.0;0.0;0.0;0.0;0.0;0.0;0.0;0.0;0.0;0.0;0.0;0.0;0.0;0.0;0.0;0.0;0.0;0.0;0.0;0.0;0.0;0.0;0.0;0.0;0.0;0.0;0.0;0.0;0.0;0.0;888.0
Icó;SAO VICENTE;-6.2239166666667;-38.673583333333;2015;12;0.0;0.0;0.0;0.0;0.0;0.0;0.0;0.0;0.0;0.0;0.0;0.0;0.0;0.0;0.0;0.0;0.0;0.0;0.0;0.0;0.0;0.0;0.0;0.0;0.0;0.0;0.0;0.0;0.0;0.0;0.0;0.0
Icó;SAO VICENTE;-6.2239166666667;-38.673583333333;2016;1;100.0;0.0;0.0;0.0;0.0;0.0;0.0;31.0;0.0;0.0;0.0;0.0;0.0;0.0;0.0;0.0;0.0;0.0;0.0;0.0;0.0;0.0;30.0;8.0;31.0;0.0;0.0;0.0;0.0;0.0;0.0;0.0
Icó;SAO VICENTE;-6.2239166666667;-38.673583333333;2016;2;22.0;0.0;0.0;22.0;0.0;0.0;0.0;0.0;0.0;0.0;0.0;0.0;0.0;0.0;0.0;0.0;0.0;0.0;0.0;0.0;0.0;0.0;0.0;0.0;0.0;0.0;0.0;0.0;0.0;0.0;888.0;888.0
Icó;SAO VICENTE;-6.2239166666667;-38.673583333333;2016;3;53.0;0.0;0.0;0.0;0.0;0.0;0.0;0.0;0.0;0.0;0.0;0.0;0.0;10.0;0.0;0.0;0.0;0.0;21.0;0.0;0.0;0.0;7.0;0.0;0.0;0.0;0.0;0.0;0.0;0.0;15.0;0.0
Icó;SAO VICENTE;-6.2239166666667;-38.673583333333;2016;4;35.0;0.0;0.0;0.0;0.0;0.0;0.0;0.0;8.0;0.0;0.0;0.0;0.0;0.0;0.0;27.0;0.0;0.0;0.0;0.0;0.0;0.0;999.0;0.0;0.0;0.0;0.0;0.0;0.0;0.0;0.0;888.0
Icó;SAO VICENTE;-6.2239166666667;-38.673583333333;2016;5;58.0;0.0;0.0;0.0;0.0;0.0;0.0;0.0;0.0;18.0;0.0;10.0;10.0;8.0;0.0;12.0;0.0;0.0;0.0;0.0;0.0;0.0;0.0;0.0;0.0;0.0;0.0;0.0;0.0;0.0;0.0;0.0
Icó;SAO VICENTE;-6.2239166666667;-38.673583333333;2016;6;0.0;0.0;0.0;0.0;0.0;0.0;0.0;0.0;0.0;0.0;0.0;0.0;0.0;0.0;0.0;0.0;0.0;0.0;0.0;0.0;0.0;0.0;0.0;0.0;0.0;0.0;0.0;0.0;0.0;0.0;0.0;888.0
Icó;SAO VICENTE;-6.2239166666667;-38.673583333333;2016;7;0.0;0.0;0.0;0.0;0.0;0.0;0.0;0.0;0.0;0.0;0.0;0.0;0.0;0.0;0.0;0.0;0.0;0.0;0.0;0.0;0.0;0.0;0.0;0.0;0.0;0.0;0.0;0.0;0.0;0.0;0.0;0.0
Icó;SAO VICENTE;-6.2239166666667;-38.673583333333;2016;8;0.0;0.0;0.0;0.0;0.0;0.0;0.0;0.0;0.0;0.0;0.0;0.0;0.0;0.0;0.0;0.0;0.0;0.0;0.0;0.0;0.0;0.0;0.0;0.0;0.0;0.0;0.0;0.0;0.0;0.0;0.0;0.0
Icó;SAO VICENTE;-6.2239166666667;-38.673583333333;2016;9;33.0;0.0;0.0;0.0;0.0;0.0;0.0;0.0;0.0;0.0;0.0;0.0;33.0;0.0;0.0;0.0;0.0;0.0;0.0;0.0;0.0;0.0;0.0;0.0;0.0;0.0;0.0;0.0;0.0;0.0;0.0;888.0
Icó;SAO VICENTE;-6.2239166666667;-38.673583333333;2016;10;0.0;0.0;0.0;0.0;0.0;0.0;0.0;0.0;0.0;0.0;0.0;0.0;0.0;0.0;0.0;0.0;0.0;0.0;0.0;0.0;0.0;0.0;0.0;0.0;0.0;0.0;0.0;0.0;0.0;0.0;0.0;0.0
Icó;SAO VICENTE;-6.2239166666667;-38.673583333333;2016;11;0.0;0.0;0.0;0.0;0.0;0.0;0.0;0.0;0.0;0.0;0.0;0.0;0.0;0.0;0.0;0.0;0.0;0.0;0.0;0.0;0.0;0.0;0.0;0.0;0.0;0.0;0.0;0.0;0.0;0.0;0.0;888.0
Icó;SAO VICENTE;-6.2239166666667;-38.673583333333;2016;12;0.0;0.0;0.0;0.0;0.0;0.0;0.0;0.0;0.0;0.0;0.0;0.0;0.0;0.0;0.0;0.0;0.0;0.0;0.0;0.0;0.0;0.0;0.0;0.0;0.0;0.0;0.0;0.0;0.0;0.0;0.0;0.0
Icó;SAO VICENTE;-6.2239166666667;-38.673583333333;2017;1;62.0;0.0;0.0;0.0;0.0;0.0;0.0;0.0;0.0;0.0;8.0;0.0;0.0;0.0;0.0;0.0;0.0;4.0;0.0;0.0;17.0;3.0;0.0;0.0;0.0;0.0;3.0;4.0;23.0;0.0;0.0;0.0
Icó;SAO VICENTE;-6.2239166666667;-38.673583333333;2017;2;155.0;0.0;0.0;0.0;0.0;0.0;0.0;0.0;0.0;0.0;0.0;70.0;0.0;5.0;0.0;0.0;0.0;0.0;68.0;0.0;12.0;0.0;0.0;0.0;0.0;0.0;0.0;0.0;0.0;888.0;888.0;888.0
Icó;SAO VICENTE;-6.2239166666667;-38.673583333333;2017;3;116.0;0.0;0.0;0.0;15.0;0.0;0.0;0.0;0.0;15.0;0.0;5.0;0.0;0.0;0.0;0.0;7.0;0.0;0.0;0.0;9.0;0.0;0.0;14.0;45.0;0.0;0.0;0.0;0.0;0.0;0.0;6.0
Icó;SAO VICENTE;-6.2239166666667;-38.673583333333;2017;4;74.0;9.0;0.0;26.0;0.0;0.0;0.0;0.0;0.0;0.0;0.0;0.0;0.0;0.0;0.0;0.0;0.0;0.0;0.0;14.0;0.0;0.0;12.0;0.0;13.0;0.0;0.0;0.0;0.0;0.0;0.0;888.0
Icó;SAO VICENTE;-6.2239166666667;-38.673583333333;2017;5;35.0;0.0;9.0;2.0;0.0;0.0;0.0;0.0;0.0;0.0;0.0;9.0;15.0;0.0;0.0;0.0;0.0;0.0;0.0;0.0;0.0;0.0;0.0;0.0;0.0;0.0;0.0;0.0;0.0;0.0;0.0;0.0
Icó;SAO VICENTE;-6.2239166666667;-38.673583333333;2017;6;0.0;0.0;0.0;0.0;0.0;0.0;0.0;0.0;0.0;0.0;0.0;0.0;0.0;0.0;0.0;0.0;0.0;0.0;0.0;0.0;0.0;0.0;0.0;0.0;0.0;0.0;0.0;0.0;0.0;0.0;0.0;888.0
Icó;SAO VICENTE;-6.2239166666667;-38.673583333333;2017;7;54.0;54.0;999.0;999.0;999.0;999.0;999.0;999.0;999.0;999.0;999.0;999.0;999.0;999.0;999.0;999.0;999.0;999.0;999.0;999.0;999.0;999.0;999.0;999.0;999.0;999.0;999.0;999.0;999.0;999.0;999.0;999.0
Icó;SAO VICENTE;-6.2239166666667;-38.673583333333;2018;1;65.0;9.0;0.0;0.0;0.0;0.0;0.0;0.0;0.0;0.0;0.0;9.0;6.0;0.0;0.0;0.0;0.0;0.0;0.0;0.0;0.0;0.0;0.0;0.0;0.0;0.0;10.0;25.0;6.0;0.0;0.0;0.0
Icó;SAO VICENTE;-6.2239166666667;-38.673583333333;2018;2;129.0;0.0;0.0;0.0;0.0;0.0;0.0;5.0;0.0;0.0;7.0;0.0;15.0;16.0;5.0;0.0;42.0;4.0;18.0;0.0;0.0;0.0;0.0;6.0;0.0;7.0;0.0;0.0;4.0;888.0;888.0;888.0
Icó;SAO VICENTE;-6.2239166666667;-38.673583333333;2018;3;93.0;0.0;5.0;7.0;0.0;0.0;0.0;0.0;0.0;0.0;0.0;0.0;0.0;0.0;0.0;0.0;0.0;0.0;0.0;0.0;37.0;0.0;0.0;0.0;0.0;0.0;8.0;0.0;5.0;13.0;18.0;0.0
Icó;SAO VICENTE;-6.2239166666667;-38.673583333333;2018;4;62.0;0.0;15.0;4.0;7.0;6.0;0.0;0.0;0.0;0.0;0.0;8.0;0.0;22.0;0.0;0.0;0.0;0.0;0.0;0.0;0.0;0.0;0.0;0.0;0.0;0.0;0.0;0.0;0.0;0.0;0.0;888.0
Icó;SAO VICENTE;-6.2239166666667;-38.673583333333;2018;5;15.0;0.0;0.0;0.0;0.0;0.0;0.0;0.0;0.0;0.0;0.0;0.0;0.0;0.0;0.0;0.0;15.0;0.0;0.0;0.0;0.0;0.0;0.0;0.0;0.0;0.0;0.0;0.0;0.0;0.0;0.0;0.0
Icó;SAO VICENTE;-6.2239166666667;-38.673583333333;2018;6;28.0;0.0;0.0;0.0;0.0;0.0;0.0;0.0;0.0;0.0;0.0;0.0;0.0;0.0;0.0;12.0;0.0;0.0;0.0;0.0;0.0;0.0;16.0;0.0;0.0;0.0;0.0;0.0;0.0;0.0;0.0;888.0
Icó;SAO VICENTE;-6.2239166666667;-38.673583333333;2018;7;0.0;0.0;0.0;0.0;0.0;0.0;0.0;0.0;0.0;0.0;0.0;0.0;0.0;0.0;0.0;0.0;0.0;0.0;0.0;0.0;0.0;0.0;0.0;0.0;0.0;0.0;0.0;0.0;0.0;0.0;0.0;0.0
Icó;SAO VICENTE;-6.2239166666667;-38.673583333333;2018;8;7.0;7.0;0.0;0.0;0.0;0.0;0.0;0.0;0.0;0.0;0.0;0.0;0.0;0.0;0.0;0.0;0.0;0.0;0.0;0.0;0.0;0.0;0.0;0.0;0.0;0.0;0.0;0.0;0.0;0.0;0.0;0.0
Icó;SAO VICENTE;-6.2239166666667;-38.673583333333;2018;9;0.0;0.0;0.0;0.0;0.0;0.0;0.0;0.0;0.0;0.0;0.0;0.0;0.0;0.0;0.0;0.0;0.0;0.0;0.0;0.0;0.0;0.0;0.0;0.0;0.0;0.0;0.0;999.0;999.0;999.0;999.0;888.0
