Municipios;Postos;Latitude;Longitude;Anos;Meses;Total;Dia1;Dia2;Dia3;Dia4;Dia5;Dia6;Dia7;Dia8;Dia9;Dia10;Dia11;Dia12;Dia13;Dia14;Dia15;Dia16;Dia17;Dia18;Dia19;Dia20;Dia21;Dia22;Dia23;Dia24;Dia25;Dia26;Dia27;Dia28;Dia29;Dia30;Dia31
Jaguaribe;AQUINOPOLES;-5.9412777777778;-38.469861111111;1998;6;0.0;0.0;0.0;0.0;0.0;0.0;0.0;0.0;0.0;0.0;0.0;0.0;0.0;0.0;0.0;0.0;0.0;0.0;0.0;0.0;0.0;0.0;0.0;0.0;0.0;0.0;0.0;0.0;0.0;0.0;0.0;888.0
Jaguaribe;AQUINOPOLES;-5.9412777777778;-38.469861111111;1998;7;0.0;0.0;0.0;0.0;0.0;0.0;0.0;0.0;0.0;0.0;0.0;0.0;0.0;0.0;0.0;0.0;0.0;0.0;0.0;0.0;0.0;0.0;0.0;0.0;0.0;0.0;0.0;0.0;0.0;0.0;0.0;0.0
Jaguaribe;AQUINOPOLES;-5.9412777777778;-38.469861111111;1998;8;0.0;0.0;0.0;0.0;0.0;0.0;0.0;0.0;0.0;0.0;0.0;0.0;0.0;0.0;0.0;0.0;0.0;0.0;0.0;0.0;0.0;0.0;0.0;0.0;0.0;0.0;0.0;0.0;0.0;0.0;0.0;0.0
Jaguaribe;AQUINOPOLES;-5.9412777777778;-38.469861111111;1998;9;0.0;0.0;0.0;0.0;0.0;0.0;0.0;0.0;0.0;0.0;0.0;0.0;0.0;0.0;0.0;0.0;0.0;0.0;0.0;0.0;0.0;0.0;0.0;0.0;0.0;0.0;0.0;0.0;0.0;0.0;0.0;888.0
Jaguaribe;AQUINOPOLES;-5.9412777777778;-38.469861111111;1998;12;0.0;0.0;0.0;0.0;0.0;0.0;0.0;0.0;0.0;0.0;0.0;0.0;0.0;0.0;0.0;0.0;0.0;0.0;0.0;0.0;0.0;0.0;0.0;0.0;0.0;0.0;0.0;0.0;0.0;0.0;0.0;0.0
Jaguaribe;AQUINOPOLES;-5.9412777777778;-38.469861111111;1999;1;43.5;0.0;0.0;0.0;0.0;0.0;0.0;0.0;15.0;10.0;0.0;0.0;0.0;0.0;0.0;0.0;0.0;0.0;18.5;0.0;0.0;0.0;0.0;0.0;0.0;0.0;0.0;0.0;0.0;0.0;0.0;0.0
Jaguaribe;AQUINOPOLES;-5.9412777777778;-38.469861111111;1999;2;79.0;0.0;0.0;0.0;0.0;0.0;0.0;0.0;0.0;0.0;0.0;0.0;36.0;0.0;0.0;0.0;0.0;0.0;0.0;0.0;0.0;0.0;16.0;27.0;0.0;0.0;0.0;0.0;0.0;888.0;888.0;888.0
Jaguaribe;AQUINOPOLES;-5.9412777777778;-38.469861111111;1999;3;170.4;7.0;0.0;0.0;0.0;20.0;0.0;0.0;0.0;0.0;0.0;0.0;0.0;20.4;12.2;0.0;0.0;0.0;18.4;56.2;36.2;0.0;0.0;0.0;0.0;0.0;0.0;0.0;0.0;0.0;0.0;0.0
Jaguaribe;AQUINOPOLES;-5.9412777777778;-38.469861111111;1999;4;107.6;0.0;0.0;0.0;0.0;0.0;54.3;0.0;0.0;0.0;0.0;0.0;10.0;12.1;0.0;0.0;0.0;0.0;0.0;0.0;0.0;0.0;0.0;0.0;0.0;0.0;4.0;5.1;0.0;8.1;14.0;888.0
Jaguaribe;AQUINOPOLES;-5.9412777777778;-38.469861111111;1999;5;157.3;32.0;0.0;0.0;0.0;0.0;0.0;80.1;0.0;0.0;35.2;0.0;0.0;0.0;0.0;0.0;0.0;0.0;6.0;4.0;0.0;0.0;0.0;0.0;0.0;0.0;0.0;0.0;0.0;0.0;0.0;0.0
Jaguaribe;AQUINOPOLES;-5.9412777777778;-38.469861111111;1999;6;0.0;0.0;0.0;0.0;0.0;0.0;0.0;0.0;0.0;0.0;0.0;0.0;0.0;0.0;0.0;0.0;0.0;0.0;0.0;0.0;0.0;0.0;0.0;0.0;0.0;0.0;0.0;0.0;0.0;0.0;0.0;888.0
Jaguaribe;AQUINOPOLES;-5.9412777777778;-38.469861111111;1999;7;0.0;0.0;0.0;0.0;0.0;0.0;0.0;0.0;0.0;0.0;0.0;0.0;0.0;0.0;0.0;0.0;0.0;0.0;0.0;0.0;0.0;0.0;0.0;0.0;0.0;0.0;0.0;0.0;0.0;0.0;0.0;0.0
Jaguaribe;AQUINOPOLES;-5.9412777777778;-38.469861111111;1999;8;0.0;0.0;0.0;0.0;0.0;0.0;0.0;0.0;0.0;0.0;0.0;0.0;0.0;0.0;0.0;0.0;0.0;0.0;0.0;0.0;0.0;0.0;0.0;0.0;0.0;0.0;0.0;0.0;0.0;0.0;0.0;0.0
Jaguaribe;AQUINOPOLES;-5.9412777777778;-38.469861111111;1999;9;0.0;0.0;0.0;0.0;0.0;0.0;0.0;0.0;0.0;0.0;0.0;0.0;0.0;0.0;0.0;0.0;0.0;0.0;0.0;0.0;0.0;0.0;0.0;0.0;0.0;0.0;0.0;0.0;0.0;0.0;0.0;888.0
Jaguaribe;AQUINOPOLES;-5.9412777777778;-38.469861111111;1999;10;0.0;0.0;0.0;0.0;0.0;0.0;0.0;0.0;0.0;0.0;0.0;0.0;0.0;0.0;0.0;0.0;0.0;0.0;0.0;0.0;0.0;0.0;0.0;0.0;0.0;0.0;0.0;0.0;0.0;0.0;0.0;0.0
Jaguaribe;AQUINOPOLES;-5.9412777777778;-38.469861111111;1999;11;26.0;0.0;0.0;0.0;0.0;0.0;0.0;0.0;0.0;0.0;0.0;0.0;26.0;0.0;0.0;0.0;0.0;0.0;0.0;0.0;0.0;0.0;0.0;0.0;0.0;0.0;0.0;0.0;0.0;0.0;0.0;888.0
Jaguaribe;AQUINOPOLES;-5.9412777777778;-38.469861111111;1999;12;25.0;0.0;0.0;0.0;0.0;0.0;0.0;0.0;0.0;0.0;0.0;0.0;0.0;0.0;0.0;0.0;0.0;0.0;0.0;0.0;0.0;0.0;0.0;0.0;0.0;0.0;0.0;0.0;0.0;0.0;10.0;15.0
Jaguaribe;AQUINOPOLES;-5.9412777777778;-38.469861111111;2000;1;140.5;0.0;0.0;0.0;0.0;39.3;0.0;17.0;7.0;35.0;0.0;0.0;0.0;0.0;0.0;19.0;23.2;0.0;0.0;0.0;0.0;0.0;0.0;0.0;0.0;0.0;0.0;0.0;0.0;0.0;0.0;0.0
Jaguaribe;AQUINOPOLES;-5.9412777777778;-38.469861111111;2000;2;216.7;0.0;0.0;0.0;0.0;0.0;0.0;0.0;30.0;0.0;0.0;0.0;25.0;0.0;0.0;0.0;20.4;0.0;0.0;30.0;0.0;13.0;0.0;48.0;17.0;0.0;19.0;0.0;14.3;0.0;888.0;888.0
Jaguaribe;AQUINOPOLES;-5.9412777777778;-38.469861111111;2000;3;123.4;0.0;21.2;0.0;0.0;0.0;0.0;0.0;0.0;0.0;8.0;0.0;12.4;0.0;11.0;0.0;0.0;0.0;0.0;0.0;0.0;0.0;0.0;0.0;0.0;40.3;0.0;14.2;16.3;0.0;0.0;0.0
Jaguaribe;AQUINOPOLES;-5.9412777777778;-38.469861111111;2000;4;165.5;10.0;5.0;0.0;0.0;0.0;0.0;0.0;0.0;8.2;0.0;7.1;3.4;0.0;62.0;0.0;0.0;46.0;0.0;0.0;0.0;0.0;0.0;0.0;0.0;0.0;8.4;0.0;0.0;0.0;15.4;888.0
Jaguaribe;AQUINOPOLES;-5.9412777777778;-38.469861111111;2000;5;90.8;0.0;1.2;0.0;0.0;7.1;0.0;0.0;0.0;5.0;0.0;5.2;2.3;0.0;0.0;0.0;0.0;0.0;70.0;0.0;0.0;0.0;0.0;0.0;0.0;0.0;0.0;0.0;0.0;0.0;0.0;0.0
Jaguaribe;AQUINOPOLES;-5.9412777777778;-38.469861111111;2000;6;36.0;0.0;0.0;0.0;0.0;0.0;0.0;0.0;0.0;0.0;0.0;0.0;0.0;0.0;0.0;0.0;0.0;0.0;36.0;0.0;0.0;0.0;0.0;0.0;0.0;0.0;0.0;0.0;0.0;0.0;0.0;888.0
Jaguaribe;AQUINOPOLES;-5.9412777777778;-38.469861111111;2000;7;0.0;0.0;0.0;0.0;0.0;0.0;0.0;0.0;0.0;0.0;0.0;0.0;0.0;0.0;0.0;0.0;0.0;0.0;0.0;0.0;0.0;0.0;0.0;0.0;0.0;0.0;0.0;0.0;0.0;0.0;0.0;0.0
Jaguaribe;AQUINOPOLES;-5.9412777777778;-38.469861111111;2000;8;0.0;0.0;0.0;0.0;0.0;0.0;0.0;0.0;0.0;0.0;0.0;0.0;0.0;0.0;0.0;0.0;0.0;0.0;0.0;0.0;0.0;0.0;0.0;0.0;0.0;0.0;0.0;0.0;0.0;0.0;0.0;0.0
Jaguaribe;AQUINOPOLES;-5.9412777777778;-38.469861111111;2000;9;0.0;0.0;0.0;0.0;0.0;0.0;0.0;0.0;0.0;0.0;0.0;0.0;0.0;0.0;0.0;0.0;0.0;0.0;0.0;0.0;0.0;0.0;0.0;0.0;0.0;0.0;0.0;0.0;0.0;0.0;0.0;888.0
Jaguaribe;AQUINOPOLES;-5.9412777777778;-38.469861111111;2000;10;0.0;0.0;0.0;0.0;0.0;0.0;0.0;0.0;0.0;0.0;0.0;0.0;0.0;0.0;0.0;0.0;0.0;0.0;0.0;0.0;0.0;0.0;0.0;0.0;0.0;0.0;0.0;0.0;0.0;0.0;0.0;0.0
Jaguaribe;AQUINOPOLES;-5.9412777777778;-38.469861111111;2000;11;0.0;0.0;0.0;0.0;0.0;0.0;0.0;0.0;0.0;0.0;0.0;0.0;0.0;0.0;0.0;0.0;0.0;0.0;0.0;0.0;0.0;0.0;0.0;0.0;0.0;0.0;0.0;0.0;0.0;0.0;0.0;888.0
Jaguaribe;AQUINOPOLES;-5.9412777777778;-38.469861111111;2000;12;0.0;0.0;0.0;0.0;0.0;0.0;0.0;0.0;0.0;0.0;0.0;0.0;0.0;0.0;0.0;0.0;0.0;0.0;0.0;0.0;0.0;0.0;0.0;0.0;0.0;0.0;0.0;0.0;0.0;0.0;0.0;0.0
Jaguaribe;AQUINOPOLES;-5.9412777777778;-38.469861111111;2001;1;18.0;0.0;0.0;0.0;0.0;18.0;0.0;0.0;0.0;0.0;0.0;0.0;0.0;0.0;0.0;0.0;0.0;0.0;0.0;0.0;0.0;0.0;0.0;0.0;0.0;0.0;0.0;0.0;0.0;0.0;0.0;0.0
Jaguaribe;AQUINOPOLES;-5.9412777777778;-38.469861111111;2001;2;136.0;0.0;5.0;0.0;18.0;55.0;0.0;0.0;0.0;0.0;0.0;0.0;0.0;0.0;0.0;0.0;0.0;0.0;0.0;0.0;0.0;0.0;0.0;0.0;0.0;0.0;0.0;0.0;58.0;888.0;888.0;888.0
Jaguaribe;AQUINOPOLES;-5.9412777777778;-38.469861111111;2001;3;232.4;0.0;0.0;3.0;0.0;0.0;0.0;0.0;0.0;10.0;13.0;63.0;0.0;0.0;23.2;21.0;16.3;0.0;0.0;7.2;0.0;0.0;16.2;0.0;0.0;0.0;11.2;0.0;0.0;0.0;48.3;0.0
Jaguaribe;AQUINOPOLES;-5.9412777777778;-38.469861111111;2001;4;91.5;6.0;0.0;0.0;0.0;0.0;0.0;0.0;0.0;5.0;6.3;28.0;0.0;7.0;5.0;0.0;34.2;0.0;0.0;0.0;0.0;0.0;0.0;0.0;0.0;0.0;0.0;0.0;0.0;0.0;0.0;888.0
Jaguaribe;AQUINOPOLES;-5.9412777777778;-38.469861111111;2001;5;0.0;0.0;0.0;0.0;0.0;0.0;0.0;0.0;0.0;0.0;0.0;0.0;0.0;0.0;0.0;0.0;0.0;0.0;0.0;0.0;0.0;0.0;0.0;0.0;0.0;0.0;0.0;0.0;0.0;0.0;0.0;0.0
Jaguaribe;AQUINOPOLES;-5.9412777777778;-38.469861111111;2001;6;0.0;0.0;0.0;0.0;0.0;0.0;0.0;0.0;0.0;0.0;0.0;0.0;0.0;0.0;0.0;0.0;0.0;0.0;0.0;0.0;0.0;0.0;0.0;0.0;0.0;0.0;0.0;0.0;0.0;0.0;0.0;888.0
Jaguaribe;AQUINOPOLES;-5.9412777777778;-38.469861111111;2001;7;0.0;0.0;0.0;0.0;0.0;0.0;0.0;0.0;0.0;0.0;0.0;0.0;0.0;0.0;0.0;0.0;0.0;0.0;0.0;0.0;0.0;0.0;0.0;0.0;0.0;0.0;0.0;0.0;0.0;0.0;0.0;0.0
Jaguaribe;AQUINOPOLES;-5.9412777777778;-38.469861111111;2001;8;0.0;0.0;0.0;0.0;0.0;0.0;0.0;0.0;0.0;0.0;0.0;0.0;0.0;0.0;0.0;0.0;0.0;0.0;0.0;0.0;0.0;0.0;0.0;0.0;0.0;0.0;0.0;0.0;0.0;0.0;0.0;0.0
Jaguaribe;AQUINOPOLES;-5.9412777777778;-38.469861111111;2001;9;0.0;0.0;0.0;0.0;0.0;0.0;0.0;0.0;0.0;0.0;0.0;0.0;0.0;0.0;0.0;0.0;0.0;0.0;0.0;0.0;0.0;0.0;0.0;0.0;0.0;0.0;0.0;0.0;0.0;0.0;0.0;888.0
Jaguaribe;AQUINOPOLES;-5.9412777777778;-38.469861111111;2001;10;0.0;0.0;0.0;0.0;0.0;0.0;0.0;0.0;0.0;0.0;0.0;0.0;0.0;0.0;0.0;0.0;0.0;0.0;0.0;0.0;0.0;0.0;0.0;0.0;0.0;0.0;0.0;0.0;0.0;0.0;0.0;0.0
Jaguaribe;AQUINOPOLES;-5.9412777777778;-38.469861111111;2001;11;0.0;0.0;0.0;0.0;0.0;0.0;0.0;0.0;0.0;0.0;0.0;0.0;0.0;0.0;0.0;0.0;0.0;0.0;0.0;0.0;0.0;0.0;0.0;0.0;0.0;0.0;0.0;0.0;0.0;0.0;0.0;888.0
Jaguaribe;AQUINOPOLES;-5.9412777777778;-38.469861111111;2001;12;0.0;0.0;0.0;0.0;0.0;0.0;0.0;0.0;0.0;0.0;0.0;0.0;0.0;0.0;0.0;0.0;0.0;0.0;0.0;0.0;0.0;0.0;0.0;0.0;0.0;0.0;0.0;0.0;0.0;0.0;0.0;0.0
Jaguaribe;AQUINOPOLES;-5.9412777777778;-38.469861111111;2002;1;137.2;0.0;10.0;0.0;0.0;13.2;0.0;0.0;0.0;20.0;22.0;0.0;0.0;30.0;20.0;0.0;0.0;0.0;11.0;0.0;0.0;0.0;11.0;0.0;0.0;0.0;0.0;0.0;0.0;0.0;0.0;0.0
Jaguaribe;AQUINOPOLES;-5.9412777777778;-38.469861111111;2002;2;59.8;0.0;0.0;22.3;0.0;0.0;0.0;0.0;0.0;0.0;0.0;0.0;0.0;34.3;0.0;0.0;0.0;3.2;0.0;0.0;0.0;0.0;0.0;0.0;0.0;0.0;0.0;0.0;0.0;888.0;888.0;888.0
Jaguaribe;AQUINOPOLES;-5.9412777777778;-38.469861111111;2002;3;246.9;0.0;0.0;0.0;21.4;0.0;8.0;40.0;7.3;0.0;0.0;0.0;0.0;0.0;0.0;0.0;0.0;0.0;36.2;23.0;22.0;0.0;0.0;0.0;15.0;0.0;0.0;0.0;0.0;0.0;44.0;30.0
Jaguaribe;AQUINOPOLES;-5.9412777777778;-38.469861111111;2002;4;227.6;6.0;0.0;0.0;5.2;0.0;20.1;30.0;5.0;8.0;5.0;4.0;4.0;6.0;0.0;0.0;8.0;0.0;42.0;0.0;0.0;0.0;0.0;3.3;0.0;0.0;51.0;0.0;30.0;0.0;0.0;888.0
Jaguaribe;AQUINOPOLES;-5.9412777777778;-38.469861111111;2002;5;110.4;22.0;52.2;0.0;0.0;0.0;0.0;0.0;0.0;0.0;0.0;0.0;0.0;0.0;0.0;0.0;36.2;0.0;0.0;0.0;0.0;0.0;0.0;0.0;0.0;0.0;0.0;0.0;0.0;0.0;0.0;0.0
Jaguaribe;AQUINOPOLES;-5.9412777777778;-38.469861111111;2002;6;63.5;29.2;0.0;0.0;0.0;0.0;0.0;24.0;0.0;0.0;0.0;0.0;0.0;0.0;0.0;0.0;0.0;0.0;0.0;10.3;0.0;0.0;0.0;0.0;0.0;0.0;0.0;0.0;0.0;0.0;0.0;888.0
Jaguaribe;AQUINOPOLES;-5.9412777777778;-38.469861111111;2002;7;11.1;0.0;0.0;0.0;0.0;0.0;0.0;0.0;0.0;0.0;0.0;0.0;11.1;0.0;0.0;0.0;0.0;0.0;0.0;0.0;0.0;0.0;0.0;0.0;0.0;0.0;0.0;0.0;0.0;0.0;0.0;0.0
Jaguaribe;AQUINOPOLES;-5.9412777777778;-38.469861111111;2002;8;0.0;0.0;0.0;0.0;0.0;0.0;0.0;0.0;0.0;0.0;0.0;0.0;0.0;0.0;0.0;0.0;0.0;0.0;0.0;0.0;0.0;0.0;0.0;0.0;0.0;0.0;0.0;0.0;0.0;0.0;0.0;0.0
Jaguaribe;AQUINOPOLES;-5.9412777777778;-38.469861111111;2002;9;0.0;0.0;0.0;0.0;0.0;0.0;0.0;0.0;0.0;0.0;0.0;0.0;0.0;0.0;0.0;0.0;0.0;0.0;0.0;0.0;0.0;0.0;0.0;0.0;0.0;0.0;0.0;0.0;0.0;0.0;0.0;888.0
Jaguaribe;AQUINOPOLES;-5.9412777777778;-38.469861111111;2002;10;0.0;0.0;0.0;0.0;0.0;0.0;0.0;0.0;0.0;0.0;0.0;0.0;0.0;0.0;0.0;0.0;0.0;0.0;0.0;0.0;0.0;0.0;0.0;0.0;0.0;0.0;0.0;0.0;0.0;0.0;0.0;0.0
Jaguaribe;AQUINOPOLES;-5.9412777777778;-38.469861111111;2002;11;0.0;0.0;0.0;0.0;0.0;0.0;0.0;0.0;0.0;0.0;0.0;0.0;0.0;0.0;0.0;0.0;0.0;0.0;0.0;0.0;0.0;0.0;0.0;0.0;0.0;0.0;0.0;0.0;0.0;0.0;0.0;888.0
Jaguaribe;AQUINOPOLES;-5.9412777777778;-38.469861111111;2002;12;0.0;0.0;0.0;0.0;0.0;0.0;0.0;0.0;0.0;0.0;0.0;0.0;0.0;0.0;0.0;0.0;0.0;0.0;0.0;0.0;0.0;0.0;0.0;0.0;0.0;0.0;0.0;0.0;0.0;0.0;0.0;0.0
Jaguaribe;AQUINOPOLES;-5.9412777777778;-38.469861111111;2003;1;65.7;0.0;0.0;0.0;0.0;0.0;0.0;0.0;0.0;0.0;0.0;0.0;5.0;6.0;0.0;0.0;0.0;0.0;0.0;0.0;0.0;0.0;0.0;34.0;0.0;0.0;1.0;5.3;1.4;0.0;2.0;11.0
Jaguaribe;AQUINOPOLES;-5.9412777777778;-38.469861111111;2003;2;12.0;1.3;0.0;7.4;0.0;3.3;0.0;0.0;0.0;0.0;0.0;0.0;0.0;0.0;0.0;0.0;0.0;0.0;0.0;0.0;0.0;0.0;0.0;0.0;0.0;0.0;0.0;0.0;0.0;888.0;888.0;888.0
Jaguaribe;AQUINOPOLES;-5.9412777777778;-38.469861111111;2003;3;154.7;0.0;0.0;0.0;8.0;19.0;0.0;0.0;0.0;0.0;4.1;0.0;0.0;0.0;6.0;32.2;14.0;0.0;0.0;0.0;0.0;36.2;0.0;0.0;14.1;0.0;0.0;0.0;0.0;0.0;21.1;0.0
Jaguaribe;AQUINOPOLES;-5.9412777777778;-38.469861111111;2003;4;84.7;2.4;0.0;0.0;0.0;5.1;0.0;0.0;0.0;0.0;35.2;0.0;0.0;0.0;0.0;0.0;0.0;0.0;0.0;0.0;0.0;0.0;42.0;0.0;0.0;0.0;0.0;0.0;0.0;0.0;0.0;888.0
Jaguaribe;AQUINOPOLES;-5.9412777777778;-38.469861111111;2003;5;109.5;6.0;31.2;0.0;0.0;0.0;0.0;0.0;0.0;0.0;0.0;0.0;0.0;0.0;0.0;0.0;0.0;0.0;0.0;0.0;0.0;0.0;0.0;0.0;0.0;0.0;0.0;0.0;0.0;0.0;50.2;22.1
Jaguaribe;AQUINOPOLES;-5.9412777777778;-38.469861111111;2003;6;0.0;0.0;0.0;0.0;0.0;0.0;0.0;0.0;0.0;0.0;0.0;0.0;0.0;0.0;0.0;0.0;0.0;0.0;0.0;0.0;0.0;0.0;0.0;0.0;0.0;0.0;0.0;0.0;0.0;0.0;0.0;888.0
Jaguaribe;AQUINOPOLES;-5.9412777777778;-38.469861111111;2003;7;0.0;0.0;0.0;0.0;0.0;0.0;0.0;0.0;0.0;0.0;0.0;0.0;0.0;0.0;0.0;0.0;0.0;0.0;0.0;0.0;0.0;0.0;0.0;0.0;0.0;0.0;0.0;0.0;0.0;0.0;0.0;0.0
Jaguaribe;AQUINOPOLES;-5.9412777777778;-38.469861111111;2003;8;0.0;0.0;0.0;0.0;0.0;0.0;0.0;0.0;0.0;0.0;0.0;0.0;0.0;0.0;0.0;0.0;0.0;0.0;0.0;0.0;0.0;0.0;0.0;0.0;0.0;0.0;0.0;0.0;0.0;0.0;0.0;0.0
Jaguaribe;AQUINOPOLES;-5.9412777777778;-38.469861111111;2003;9;0.0;0.0;0.0;0.0;0.0;0.0;0.0;0.0;0.0;0.0;0.0;0.0;0.0;0.0;0.0;0.0;0.0;0.0;0.0;0.0;0.0;0.0;0.0;0.0;0.0;0.0;0.0;0.0;0.0;0.0;0.0;888.0
Jaguaribe;AQUINOPOLES;-5.9412777777778;-38.469861111111;2003;10;0.0;0.0;0.0;0.0;0.0;0.0;0.0;0.0;0.0;0.0;0.0;0.0;0.0;0.0;0.0;0.0;0.0;0.0;0.0;0.0;0.0;0.0;0.0;0.0;0.0;0.0;0.0;0.0;0.0;0.0;0.0;0.0
Jaguaribe;AQUINOPOLES;-5.9412777777778;-38.469861111111;2003;11;0.0;0.0;0.0;0.0;0.0;0.0;0.0;0.0;0.0;0.0;0.0;0.0;0.0;0.0;0.0;0.0;0.0;0.0;0.0;0.0;0.0;0.0;0.0;0.0;0.0;0.0;0.0;0.0;0.0;0.0;0.0;888.0
Jaguaribe;AQUINOPOLES;-5.9412777777778;-38.469861111111;2003;12;0.0;0.0;0.0;0.0;0.0;0.0;0.0;0.0;0.0;0.0;0.0;0.0;0.0;0.0;0.0;0.0;0.0;0.0;0.0;0.0;0.0;0.0;0.0;0.0;0.0;0.0;0.0;0.0;0.0;0.0;0.0;0.0
Jaguaribe;AQUINOPOLES;-5.9412777777778;-38.469861111111;2004;1;539.3;0.0;0.0;0.0;0.0;0.0;0.0;0.0;0.0;0.0;0.0;0.0;0.0;0.0;9.4;29.1;0.0;0.0;80.4;0.0;14.0;0.0;106.0;46.0;108.0;21.0;0.0;0.0;83.4;42.0;0.0;0.0
Jaguaribe;AQUINOPOLES;-5.9412777777778;-38.469861111111;2004;2;206.7;0.0;0.0;0.0;20.2;80.0;5.0;0.0;11.2;0.0;0.0;0.0;0.0;2.0;0.0;0.0;47.3;0.0;0.0;0.0;14.0;0.0;0.0;0.0;10.0;0.0;0.0;0.0;0.0;17.0;888.0;888.0
Jaguaribe;AQUINOPOLES;-5.9412777777778;-38.469861111111;2004;3;125.6;0.0;0.0;0.0;0.0;7.0;0.0;21.0;37.3;0.0;0.0;0.0;8.0;0.0;0.0;0.0;16.0;23.1;0.0;0.0;0.0;0.0;13.2;0.0;0.0;0.0;0.0;0.0;0.0;0.0;0.0;0.0
Jaguaribe;AQUINOPOLES;-5.9412777777778;-38.469861111111;2004;4;163.6;0.0;0.0;0.0;9.4;0.0;0.0;0.0;0.0;5.4;0.0;0.0;28.1;0.0;0.0;0.0;41.0;9.0;0.0;0.0;0.0;34.0;11.4;0.0;0.0;4.2;11.1;0.0;0.0;0.0;10.0;888.0
Jaguaribe;AQUINOPOLES;-5.9412777777778;-38.469861111111;2004;5;2.0;0.0;0.0;0.0;2.0;0.0;0.0;0.0;0.0;0.0;0.0;0.0;0.0;0.0;0.0;0.0;0.0;0.0;0.0;0.0;0.0;0.0;0.0;0.0;0.0;0.0;0.0;0.0;0.0;0.0;0.0;0.0
Jaguaribe;AQUINOPOLES;-5.9412777777778;-38.469861111111;2004;6;0.0;0.0;0.0;0.0;0.0;0.0;0.0;0.0;0.0;0.0;0.0;0.0;0.0;0.0;0.0;0.0;0.0;0.0;0.0;0.0;0.0;0.0;0.0;0.0;0.0;0.0;0.0;0.0;0.0;0.0;0.0;888.0
Jaguaribe;AQUINOPOLES;-5.9412777777778;-38.469861111111;2004;7;0.0;0.0;0.0;0.0;0.0;0.0;0.0;0.0;0.0;0.0;0.0;0.0;0.0;0.0;0.0;0.0;0.0;0.0;0.0;0.0;0.0;0.0;0.0;0.0;0.0;0.0;0.0;0.0;0.0;0.0;0.0;0.0
Jaguaribe;AQUINOPOLES;-5.9412777777778;-38.469861111111;2004;8;0.0;0.0;0.0;0.0;0.0;0.0;0.0;0.0;0.0;0.0;0.0;0.0;0.0;0.0;0.0;0.0;0.0;0.0;0.0;0.0;0.0;0.0;0.0;0.0;0.0;0.0;0.0;0.0;0.0;0.0;0.0;0.0
Jaguaribe;AQUINOPOLES;-5.9412777777778;-38.469861111111;2004;9;0.0;0.0;0.0;0.0;0.0;0.0;0.0;0.0;0.0;0.0;0.0;0.0;0.0;0.0;0.0;0.0;0.0;0.0;0.0;0.0;0.0;0.0;0.0;0.0;0.0;0.0;0.0;0.0;0.0;0.0;0.0;888.0
Jaguaribe;AQUINOPOLES;-5.9412777777778;-38.469861111111;2004;10;0.0;0.0;0.0;0.0;0.0;0.0;0.0;0.0;0.0;0.0;0.0;0.0;0.0;0.0;0.0;0.0;0.0;0.0;0.0;0.0;0.0;0.0;0.0;0.0;0.0;0.0;0.0;0.0;0.0;0.0;0.0;0.0
Jaguaribe;AQUINOPOLES;-5.9412777777778;-38.469861111111;2004;11;0.0;0.0;0.0;0.0;0.0;0.0;0.0;0.0;0.0;0.0;0.0;0.0;0.0;0.0;0.0;0.0;0.0;0.0;0.0;0.0;0.0;0.0;0.0;0.0;0.0;0.0;0.0;0.0;0.0;0.0;0.0;888.0
Jaguaribe;AQUINOPOLES;-5.9412777777778;-38.469861111111;2004;12;0.0;0.0;0.0;0.0;0.0;0.0;0.0;0.0;0.0;0.0;0.0;0.0;0.0;0.0;0.0;0.0;0.0;0.0;0.0;0.0;0.0;0.0;0.0;0.0;0.0;0.0;0.0;0.0;0.0;0.0;0.0;0.0
Jaguaribe;AQUINOPOLES;-5.9412777777778;-38.469861111111;2005;1;0.0;0.0;0.0;0.0;0.0;0.0;0.0;0.0;0.0;0.0;0.0;0.0;0.0;0.0;0.0;0.0;0.0;0.0;0.0;0.0;0.0;0.0;0.0;0.0;0.0;0.0;0.0;0.0;0.0;0.0;0.0;0.0
Jaguaribe;AQUINOPOLES;-5.9412777777778;-38.469861111111;2005;2;51.4;0.0;0.0;0.0;0.0;0.0;0.0;0.0;0.0;0.0;0.0;0.0;0.0;0.0;0.0;0.0;0.0;43.0;8.4;0.0;0.0;0.0;0.0;0.0;0.0;0.0;0.0;0.0;0.0;888.0;888.0;888.0
Jaguaribe;AQUINOPOLES;-5.9412777777778;-38.469861111111;2005;3;126.5;0.0;0.0;0.0;0.0;0.0;0.0;0.0;0.0;0.0;0.0;0.0;0.0;0.0;0.0;0.0;0.0;0.0;12.3;1.2;0.0;0.0;0.0;2.0;6.0;6.0;8.0;37.0;0.0;4.0;50.0;0.0
Jaguaribe;AQUINOPOLES;-5.9412777777778;-38.469861111111;2005;4;81.8;0.0;0.0;0.0;0.0;0.0;0.0;0.0;0.0;0.0;0.0;0.0;0.0;12.0;11.0;26.0;6.8;0.0;0.0;0.0;0.0;0.0;0.0;0.0;0.0;0.0;0.0;0.0;3.0;23.0;0.0;888.0
Jaguaribe;AQUINOPOLES;-5.9412777777778;-38.469861111111;2005;5;169.9;17.0;0.0;0.0;0.0;0.0;0.0;0.0;0.0;0.0;0.0;0.0;0.0;9.0;0.0;0.0;4.1;2.4;0.0;15.0;0.0;0.0;13.1;0.0;2.2;11.1;0.0;0.0;6.0;0.0;90.0;0.0
Jaguaribe;AQUINOPOLES;-5.9412777777778;-38.469861111111;2005;6;13.8;0.0;5.4;0.0;0.0;3.3;0.0;0.0;0.0;0.0;0.0;2.0;0.0;3.1;0.0;0.0;0.0;0.0;0.0;0.0;0.0;0.0;0.0;0.0;0.0;0.0;0.0;0.0;0.0;0.0;0.0;888.0
Jaguaribe;AQUINOPOLES;-5.9412777777778;-38.469861111111;2005;7;0.0;0.0;0.0;0.0;0.0;0.0;0.0;0.0;0.0;0.0;0.0;0.0;0.0;0.0;0.0;0.0;0.0;0.0;0.0;0.0;0.0;0.0;0.0;0.0;0.0;0.0;0.0;0.0;0.0;0.0;0.0;0.0
Jaguaribe;AQUINOPOLES;-5.9412777777778;-38.469861111111;2005;8;0.0;0.0;0.0;0.0;0.0;0.0;0.0;0.0;0.0;0.0;0.0;0.0;0.0;0.0;0.0;0.0;0.0;0.0;0.0;0.0;0.0;0.0;0.0;0.0;0.0;0.0;0.0;0.0;0.0;0.0;0.0;0.0
Jaguaribe;AQUINOPOLES;-5.9412777777778;-38.469861111111;2005;9;0.0;0.0;0.0;0.0;0.0;0.0;0.0;0.0;0.0;0.0;0.0;0.0;0.0;0.0;0.0;0.0;0.0;0.0;0.0;0.0;0.0;0.0;0.0;0.0;0.0;0.0;0.0;0.0;0.0;0.0;0.0;888.0
Jaguaribe;AQUINOPOLES;-5.9412777777778;-38.469861111111;2005;10;0.0;0.0;0.0;0.0;0.0;0.0;0.0;0.0;0.0;0.0;0.0;0.0;0.0;0.0;0.0;0.0;0.0;0.0;0.0;0.0;0.0;0.0;0.0;0.0;0.0;0.0;0.0;0.0;0.0;0.0;0.0;0.0
Jaguaribe;AQUINOPOLES;-5.9412777777778;-38.469861111111;2005;11;0.0;0.0;0.0;0.0;0.0;0.0;0.0;0.0;0.0;0.0;0.0;0.0;0.0;0.0;0.0;0.0;0.0;0.0;0.0;0.0;0.0;0.0;0.0;0.0;0.0;0.0;0.0;0.0;0.0;0.0;0.0;888.0
Jaguaribe;AQUINOPOLES;-5.9412777777778;-38.469861111111;2005;12;73.2;0.0;0.0;0.0;0.0;0.0;0.0;0.0;73.2;0.0;0.0;0.0;0.0;0.0;0.0;0.0;0.0;0.0;0.0;0.0;0.0;0.0;0.0;0.0;0.0;0.0;0.0;0.0;0.0;0.0;0.0;0.0
Jaguaribe;AQUINOPOLES;-5.9412777777778;-38.469861111111;2006;1;18.0;0.0;0.0;0.0;0.0;0.0;0.0;0.0;0.0;0.0;0.0;0.0;0.0;0.0;0.0;0.0;0.0;0.0;0.0;18.0;0.0;0.0;0.0;0.0;0.0;0.0;0.0;0.0;0.0;0.0;0.0;0.0
Jaguaribe;AQUINOPOLES;-5.9412777777778;-38.469861111111;2006;2;97.6;0.0;0.0;0.0;0.0;0.0;0.0;2.0;0.0;0.0;0.0;0.0;0.0;0.0;0.0;13.1;0.0;0.0;0.0;44.0;0.0;0.0;9.0;0.0;22.2;5.0;0.0;0.0;2.3;888.0;888.0;888.0
Jaguaribe;AQUINOPOLES;-5.9412777777778;-38.469861111111;2006;3;135.9;10.0;0.0;0.0;40.0;0.0;0.0;0.0;0.0;0.0;0.0;0.0;0.0;0.0;0.0;0.0;0.0;0.0;3.0;0.0;7.2;16.4;8.0;36.1;0.0;0.0;0.0;0.0;15.2;0.0;0.0;0.0
Jaguaribe;AQUINOPOLES;-5.9412777777778;-38.469861111111;2006;4;362.4;60.0;0.0;6.2;2.3;8.2;19.0;49.4;0.0;0.0;2.3;0.0;0.0;0.0;86.0;0.0;34.0;0.0;0.0;0.0;0.0;0.0;69.0;0.0;0.0;26.0;0.0;0.0;0.0;0.0;0.0;888.0
Jaguaribe;AQUINOPOLES;-5.9412777777778;-38.469861111111;2006;5;271.2;0.0;0.0;0.0;12.0;0.0;16.0;11.0;0.0;30.0;53.1;0.0;22.1;0.0;0.0;63.0;2.0;0.0;0.0;0.0;0.0;0.0;0.0;0.0;62.0;0.0;0.0;0.0;0.0;0.0;0.0;0.0
Jaguaribe;AQUINOPOLES;-5.9412777777778;-38.469861111111;2006;6;0.0;0.0;0.0;0.0;0.0;0.0;0.0;0.0;0.0;0.0;0.0;0.0;0.0;0.0;0.0;0.0;0.0;0.0;0.0;0.0;0.0;0.0;0.0;0.0;0.0;0.0;0.0;0.0;0.0;0.0;0.0;888.0
Jaguaribe;AQUINOPOLES;-5.9412777777778;-38.469861111111;2006;7;0.0;0.0;0.0;0.0;0.0;0.0;0.0;0.0;0.0;0.0;0.0;0.0;0.0;0.0;0.0;0.0;0.0;0.0;0.0;0.0;0.0;0.0;0.0;0.0;0.0;0.0;0.0;0.0;0.0;0.0;0.0;0.0
Jaguaribe;AQUINOPOLES;-5.9412777777778;-38.469861111111;2006;8;0.0;0.0;0.0;0.0;0.0;0.0;0.0;0.0;0.0;0.0;0.0;0.0;0.0;0.0;0.0;0.0;0.0;0.0;0.0;0.0;0.0;0.0;0.0;0.0;0.0;0.0;0.0;0.0;0.0;0.0;0.0;0.0
Jaguaribe;AQUINOPOLES;-5.9412777777778;-38.469861111111;2006;9;0.0;0.0;0.0;0.0;0.0;0.0;0.0;0.0;0.0;0.0;0.0;0.0;0.0;0.0;0.0;0.0;0.0;0.0;0.0;0.0;0.0;0.0;0.0;0.0;0.0;0.0;0.0;0.0;0.0;0.0;0.0;888.0
Jaguaribe;AQUINOPOLES;-5.9412777777778;-38.469861111111;2006;10;0.0;0.0;0.0;0.0;0.0;0.0;0.0;0.0;0.0;0.0;0.0;0.0;0.0;0.0;0.0;0.0;0.0;0.0;0.0;0.0;0.0;0.0;0.0;0.0;0.0;0.0;0.0;0.0;0.0;0.0;0.0;0.0
Jaguaribe;AQUINOPOLES;-5.9412777777778;-38.469861111111;2006;11;0.0;0.0;0.0;0.0;0.0;0.0;0.0;0.0;0.0;0.0;0.0;0.0;0.0;0.0;0.0;0.0;0.0;0.0;0.0;0.0;0.0;0.0;0.0;0.0;0.0;0.0;0.0;0.0;0.0;0.0;0.0;888.0
Jaguaribe;AQUINOPOLES;-5.9412777777778;-38.469861111111;2006;12;0.0;0.0;0.0;0.0;0.0;0.0;0.0;0.0;0.0;0.0;0.0;0.0;0.0;0.0;0.0;0.0;0.0;0.0;0.0;0.0;0.0;0.0;0.0;0.0;0.0;0.0;0.0;0.0;0.0;0.0;0.0;0.0
Jaguaribe;AQUINOPOLES;-5.9412777777778;-38.469861111111;2007;1;43.1;0.0;0.0;27.1;0.0;16.0;0.0;0.0;0.0;0.0;0.0;0.0;0.0;0.0;0.0;0.0;0.0;0.0;0.0;0.0;0.0;0.0;0.0;0.0;0.0;0.0;0.0;0.0;0.0;0.0;0.0;0.0
Jaguaribe;AQUINOPOLES;-5.9412777777778;-38.469861111111;2007;2;0.0;0.0;999.0;999.0;999.0;999.0;999.0;999.0;999.0;999.0;999.0;999.0;999.0;999.0;999.0;999.0;999.0;999.0;999.0;999.0;999.0;999.0;999.0;999.0;999.0;999.0;999.0;999.0;999.0;888.0;888.0;888.0
Jaguaribe;AQUINOPOLES;-5.9412777777778;-38.469861111111;2007;3;136.6;0.0;0.0;3.0;28.0;0.0;0.0;0.0;0.0;0.0;56.1;0.0;0.0;11.0;6.2;5.0;6.0;0.0;0.0;7.0;7.0;7.3;0.0;0.0;0.0;0.0;0.0;0.0;0.0;0.0;0.0;0.0
Jaguaribe;AQUINOPOLES;-5.9412777777778;-38.469861111111;2007;4;150.6;5.0;30.0;0.0;0.0;0.0;0.0;0.0;0.0;0.0;0.0;0.0;0.0;0.0;0.0;0.0;0.0;0.0;36.0;23.0;0.0;0.0;0.0;0.0;5.3;0.0;24.3;0.0;13.0;14.0;0.0;888.0
Jaguaribe;AQUINOPOLES;-5.9412777777778;-38.469861111111;2007;5;89.0;0.0;0.0;0.0;0.0;0.0;0.0;0.0;0.0;0.0;0.0;0.0;0.0;0.0;0.0;0.0;0.0;0.0;0.0;0.0;0.0;0.0;0.0;0.0;45.0;0.0;0.0;24.0;0.0;20.0;0.0;0.0
Jaguaribe;AQUINOPOLES;-5.9412777777778;-38.469861111111;2007;6;91.2;5.2;0.0;0.0;0.0;35.0;51.0;0.0;0.0;0.0;0.0;0.0;0.0;0.0;0.0;0.0;0.0;0.0;0.0;0.0;0.0;0.0;0.0;0.0;0.0;0.0;0.0;0.0;0.0;0.0;0.0;888.0
Jaguaribe;AQUINOPOLES;-5.9412777777778;-38.469861111111;2007;7;0.0;0.0;0.0;0.0;0.0;0.0;0.0;0.0;0.0;0.0;0.0;0.0;0.0;0.0;0.0;0.0;0.0;0.0;0.0;0.0;0.0;0.0;0.0;0.0;0.0;0.0;0.0;0.0;0.0;0.0;0.0;0.0
Jaguaribe;AQUINOPOLES;-5.9412777777778;-38.469861111111;2007;8;0.0;0.0;0.0;0.0;0.0;0.0;0.0;0.0;0.0;0.0;0.0;0.0;0.0;0.0;0.0;0.0;0.0;0.0;0.0;0.0;0.0;0.0;0.0;0.0;0.0;0.0;0.0;0.0;0.0;0.0;0.0;0.0
Jaguaribe;AQUINOPOLES;-5.9412777777778;-38.469861111111;2007;9;0.0;0.0;0.0;0.0;0.0;0.0;0.0;0.0;0.0;0.0;0.0;0.0;0.0;0.0;0.0;0.0;0.0;0.0;0.0;0.0;0.0;0.0;0.0;0.0;0.0;0.0;0.0;0.0;0.0;0.0;0.0;888.0
Jaguaribe;AQUINOPOLES;-5.9412777777778;-38.469861111111;2007;10;0.0;0.0;0.0;0.0;0.0;0.0;0.0;0.0;0.0;0.0;0.0;0.0;0.0;0.0;0.0;0.0;0.0;0.0;0.0;0.0;0.0;0.0;0.0;0.0;0.0;0.0;0.0;0.0;0.0;0.0;0.0;0.0
Jaguaribe;AQUINOPOLES;-5.9412777777778;-38.469861111111;2007;11;0.0;0.0;0.0;0.0;0.0;0.0;0.0;0.0;0.0;0.0;0.0;0.0;0.0;0.0;0.0;0.0;0.0;0.0;0.0;0.0;0.0;0.0;0.0;0.0;0.0;0.0;0.0;0.0;0.0;0.0;0.0;888.0
Jaguaribe;AQUINOPOLES;-5.9412777777778;-38.469861111111;2007;12;0.0;0.0;999.0;999.0;999.0;999.0;999.0;999.0;999.0;999.0;999.0;999.0;999.0;999.0;999.0;999.0;999.0;999.0;999.0;999.0;999.0;999.0;999.0;999.0;999.0;999.0;999.0;999.0;999.0;999.0;999.0;999.0
Jaguaribe;AQUINOPOLES;-5.9412777777778;-38.469861111111;2008;1;54.0;0.0;0.0;0.0;0.0;0.0;0.0;0.0;0.0;0.0;0.0;0.0;0.0;0.0;0.0;0.0;0.0;0.0;0.0;0.0;7.0;0.0;8.0;10.0;29.0;0.0;0.0;0.0;0.0;0.0;0.0;0.0
Jaguaribe;AQUINOPOLES;-5.9412777777778;-38.469861111111;2008;2;119.1;21.1;0.0;0.0;0.0;0.0;0.0;0.0;8.0;0.0;0.0;0.0;0.0;0.0;0.0;46.0;10.0;20.0;0.0;0.0;0.0;0.0;0.0;0.0;0.0;14.0;0.0;0.0;0.0;0.0;888.0;888.0
Jaguaribe;AQUINOPOLES;-5.9412777777778;-38.469861111111;2008;3;467.1;0.0;0.0;0.0;0.0;56.0;0.0;0.0;18.0;0.0;0.0;0.0;30.0;9.0;0.0;0.0;14.1;41.0;0.0;13.1;12.1;51.1;5.2;0.0;56.2;21.1;0.0;14.2;0.0;0.0;98.0;28.0
Jaguaribe;AQUINOPOLES;-5.9412777777778;-38.469861111111;2008;4;326.1;35.2;15.0;80.0;0.0;0.0;0.0;49.0;0.0;12.3;0.0;10.0;12.0;0.0;11.3;0.0;13.0;11.1;0.0;0.0;0.0;2.2;0.0;0.0;16.0;0.0;15.0;0.0;0.0;8.0;36.0;888.0
Jaguaribe;AQUINOPOLES;-5.9412777777778;-38.469861111111;2008;5;175.1;1.0;0.0;0.0;0.0;0.0;27.2;0.0;0.0;0.0;26.3;30.0;1.0;26.0;0.0;0.0;0.0;0.0;3.0;0.0;0.0;0.0;0.0;0.0;0.0;0.0;0.0;6.6;27.0;0.0;27.0;0.0
Jaguaribe;AQUINOPOLES;-5.9412777777778;-38.469861111111;2008;6;0.0;0.0;0.0;0.0;0.0;0.0;0.0;0.0;0.0;0.0;0.0;0.0;0.0;0.0;0.0;0.0;0.0;0.0;0.0;0.0;0.0;0.0;0.0;0.0;0.0;0.0;0.0;0.0;0.0;0.0;0.0;888.0
Jaguaribe;AQUINOPOLES;-5.9412777777778;-38.469861111111;2008;7;0.0;0.0;0.0;0.0;0.0;0.0;0.0;0.0;0.0;0.0;0.0;0.0;0.0;0.0;0.0;0.0;0.0;0.0;0.0;0.0;0.0;0.0;0.0;0.0;0.0;0.0;0.0;0.0;0.0;0.0;0.0;0.0
Jaguaribe;AQUINOPOLES;-5.9412777777778;-38.469861111111;2008;8;0.0;0.0;0.0;0.0;0.0;0.0;0.0;0.0;0.0;0.0;0.0;0.0;0.0;0.0;0.0;0.0;0.0;0.0;0.0;0.0;0.0;0.0;0.0;0.0;0.0;0.0;0.0;0.0;0.0;0.0;0.0;0.0
Jaguaribe;AQUINOPOLES;-5.9412777777778;-38.469861111111;2008;9;0.0;0.0;0.0;0.0;0.0;0.0;0.0;0.0;0.0;0.0;0.0;0.0;0.0;0.0;0.0;0.0;0.0;0.0;0.0;0.0;0.0;0.0;0.0;0.0;0.0;0.0;0.0;0.0;0.0;0.0;0.0;888.0
Jaguaribe;AQUINOPOLES;-5.9412777777778;-38.469861111111;2008;10;0.0;0.0;0.0;0.0;0.0;0.0;0.0;0.0;0.0;0.0;0.0;0.0;0.0;0.0;0.0;0.0;0.0;0.0;0.0;0.0;0.0;0.0;0.0;0.0;0.0;0.0;0.0;0.0;0.0;0.0;0.0;0.0
Jaguaribe;AQUINOPOLES;-5.9412777777778;-38.469861111111;2008;11;0.0;0.0;0.0;0.0;0.0;0.0;0.0;0.0;0.0;0.0;0.0;0.0;0.0;0.0;0.0;0.0;0.0;0.0;0.0;0.0;0.0;0.0;0.0;0.0;0.0;0.0;0.0;0.0;0.0;0.0;0.0;888.0
Jaguaribe;AQUINOPOLES;-5.9412777777778;-38.469861111111;2008;12;0.0;0.0;0.0;0.0;0.0;0.0;0.0;0.0;0.0;0.0;0.0;0.0;0.0;0.0;0.0;0.0;0.0;0.0;0.0;0.0;0.0;0.0;0.0;0.0;0.0;0.0;0.0;0.0;0.0;0.0;0.0;0.0
Jaguaribe;AQUINOPOLES;-5.9412777777778;-38.469861111111;2009;1;175.3;0.0;0.0;0.0;0.0;0.0;0.0;0.0;0.0;0.0;0.0;0.0;0.0;0.0;0.0;0.0;0.0;0.0;25.0;0.0;0.0;33.0;20.0;30.0;0.0;0.0;0.0;0.0;0.0;0.0;50.0;17.3
Jaguaribe;AQUINOPOLES;-5.9412777777778;-38.469861111111;2009;2;178.8;0.0;23.4;38.0;0.0;0.0;0.0;0.0;0.0;0.0;0.0;0.0;0.0;30.4;0.0;0.0;30.0;10.0;0.0;0.0;0.0;30.0;0.0;14.0;0.0;3.0;0.0;0.0;0.0;888.0;888.0;888.0
Jaguaribe;AQUINOPOLES;-5.9412777777778;-38.469861111111;2009;3;106.4;14.3;0.0;27.3;0.0;0.0;0.0;0.0;0.0;0.0;0.0;17.3;0.0;0.0;30.2;0.0;0.0;0.0;0.0;0.0;0.0;0.0;12.3;0.0;0.0;5.0;0.0;0.0;0.0;0.0;0.0;0.0
Jaguaribe;AQUINOPOLES;-5.9412777777778;-38.469861111111;2009;4;361.3;0.0;0.0;15.0;0.0;0.0;0.0;7.4;0.0;0.0;19.0;11.3;0.0;0.0;27.2;40.0;0.0;0.0;0.0;5.0;20.0;22.0;40.0;50.0;38.0;0.0;0.0;42.2;0.0;0.0;24.2;888.0
Jaguaribe;AQUINOPOLES;-5.9412777777778;-38.469861111111;2009;5;220.4;7.0;7.2;0.0;0.0;6.0;6.2;124.0;0.0;4.0;0.0;0.0;6.0;10.0;0.0;37.0;0.0;0.0;0.0;0.0;0.0;0.0;0.0;0.0;0.0;3.0;5.0;0.0;5.0;0.0;0.0;0.0
Jaguaribe;AQUINOPOLES;-5.9412777777778;-38.469861111111;2009;6;59.6;0.0;0.0;14.3;0.0;0.0;0.0;0.0;0.0;0.0;0.0;0.0;5.0;0.0;0.0;0.0;5.3;0.0;0.0;0.0;0.0;0.0;0.0;0.0;0.0;0.0;25.0;0.0;0.0;0.0;10.0;888.0
Jaguaribe;AQUINOPOLES;-5.9412777777778;-38.469861111111;2009;7;91.1;0.0;25.0;22.1;0.0;0.0;0.0;0.0;25.0;0.0;0.0;0.0;0.0;0.0;9.0;5.0;5.0;0.0;0.0;0.0;0.0;0.0;0.0;0.0;0.0;0.0;0.0;0.0;0.0;0.0;0.0;0.0
Jaguaribe;AQUINOPOLES;-5.9412777777778;-38.469861111111;2009;8;0.0;0.0;0.0;0.0;0.0;0.0;0.0;0.0;0.0;0.0;0.0;0.0;0.0;0.0;0.0;0.0;0.0;0.0;0.0;0.0;0.0;0.0;0.0;0.0;0.0;0.0;0.0;0.0;0.0;0.0;0.0;0.0
Jaguaribe;AQUINOPOLES;-5.9412777777778;-38.469861111111;2009;9;0.0;0.0;0.0;0.0;0.0;0.0;0.0;0.0;0.0;0.0;0.0;0.0;0.0;0.0;0.0;0.0;0.0;0.0;0.0;0.0;0.0;0.0;0.0;0.0;0.0;0.0;0.0;0.0;0.0;0.0;0.0;888.0
Jaguaribe;AQUINOPOLES;-5.9412777777778;-38.469861111111;2009;10;0.0;0.0;0.0;0.0;0.0;0.0;0.0;0.0;0.0;0.0;0.0;0.0;0.0;0.0;0.0;0.0;0.0;0.0;0.0;0.0;0.0;0.0;0.0;0.0;0.0;0.0;0.0;0.0;0.0;0.0;0.0;0.0
Jaguaribe;AQUINOPOLES;-5.9412777777778;-38.469861111111;2009;11;0.0;0.0;0.0;0.0;0.0;0.0;0.0;0.0;0.0;0.0;0.0;0.0;0.0;0.0;0.0;0.0;0.0;0.0;0.0;0.0;0.0;0.0;0.0;0.0;0.0;0.0;0.0;0.0;0.0;0.0;0.0;888.0
Jaguaribe;AQUINOPOLES;-5.9412777777778;-38.469861111111;2009;12;0.0;0.0;0.0;0.0;0.0;0.0;0.0;0.0;0.0;0.0;0.0;0.0;0.0;0.0;0.0;0.0;0.0;0.0;0.0;0.0;0.0;0.0;0.0;0.0;0.0;0.0;0.0;0.0;0.0;0.0;0.0;0.0
Jaguaribe;AQUINOPOLES;-5.9412777777778;-38.469861111111;2010;1;91.1;0.0;0.0;0.0;0.0;0.0;0.0;35.0;0.0;8.1;0.0;0.0;0.0;0.0;0.0;0.0;0.0;0.0;5.0;0.0;0.0;0.0;0.0;19.0;0.0;0.0;0.0;0.0;18.0;6.0;0.0;0.0
Jaguaribe;AQUINOPOLES;-5.9412777777778;-38.469861111111;2010;2;25.8;0.0;0.0;0.0;0.0;0.0;0.0;0.0;0.0;0.0;1.3;2.1;0.0;0.0;0.0;0.0;2.0;0.0;0.0;1.2;0.0;0.0;3.0;0.0;16.2;0.0;0.0;0.0;0.0;888.0;888.0;888.0
Jaguaribe;AQUINOPOLES;-5.9412777777778;-38.469861111111;2010;3;78.5;0.0;0.0;0.0;0.0;0.0;0.0;0.0;0.0;0.0;0.0;0.0;0.0;0.0;0.0;0.0;0.0;0.0;4.2;0.0;15.0;40.0;0.0;0.0;0.0;0.0;0.0;1.1;0.0;18.2;0.0;0.0
Jaguaribe;AQUINOPOLES;-5.9412777777778;-38.469861111111;2010;4;190.4;0.0;0.0;0.0;0.0;0.0;0.0;14.2;0.0;0.0;0.0;45.0;39.0;16.0;0.0;0.0;0.0;0.0;0.0;16.2;0.0;0.0;0.0;0.0;0.0;0.0;0.0;22.3;20.4;17.0;0.3;888.0
Jaguaribe;AQUINOPOLES;-5.9412777777778;-38.469861111111;2010;5;0.0;0.0;0.0;0.0;0.0;0.0;0.0;0.0;0.0;0.0;0.0;0.0;0.0;0.0;0.0;0.0;0.0;0.0;0.0;0.0;0.0;0.0;0.0;0.0;0.0;0.0;0.0;0.0;0.0;999.0;999.0;999.0
Jaguaribe;AQUINOPOLES;-5.9412777777778;-38.469861111111;2012;3;0.0;0.0;999.0;999.0;999.0;999.0;999.0;999.0;999.0;999.0;999.0;999.0;999.0;999.0;999.0;999.0;999.0;999.0;999.0;999.0;999.0;999.0;999.0;999.0;999.0;999.0;999.0;999.0;999.0;999.0;999.0;999.0
Jaguaribe;AQUINOPOLES;-5.9412777777778;-38.469861111111;2013;2;30.5;0.0;0.0;0.0;0.0;0.0;0.0;0.0;0.0;0.0;0.0;0.0;0.0;0.0;0.0;18.2;0.0;12.3;0.0;0.0;0.0;0.0;0.0;0.0;0.0;0.0;0.0;0.0;0.0;888.0;888.0;888.0
Jaguaribe;AQUINOPOLES;-5.9412777777778;-38.469861111111;2014;1;0.0;0.0;0.0;0.0;0.0;0.0;0.0;0.0;0.0;0.0;0.0;0.0;0.0;0.0;0.0;0.0;0.0;0.0;0.0;0.0;0.0;0.0;0.0;0.0;0.0;0.0;0.0;0.0;0.0;0.0;0.0;0.0
Jaguaribe;AQUINOPOLES;-5.9412777777778;-38.469861111111;2014;2;90.2;0.0;0.0;0.0;0.0;15.2;0.0;0.0;9.0;14.0;0.0;46.0;0.0;0.0;0.0;0.0;0.0;0.0;0.0;6.0;0.0;0.0;0.0;0.0;0.0;0.0;0.0;0.0;0.0;888.0;888.0;888.0
Jaguaribe;AQUINOPOLES;-5.9412777777778;-38.469861111111;2014;3;198.6;0.0;0.0;0.0;0.0;0.0;0.0;0.0;0.0;0.0;0.0;6.0;0.0;8.0;0.0;0.0;107.4;0.0;18.2;0.0;0.0;0.0;0.0;0.0;0.0;0.0;0.0;0.0;0.0;55.0;0.0;4.0
Jaguaribe;AQUINOPOLES;-5.9412777777778;-38.469861111111;2014;4;181.6;0.0;0.0;0.0;100.6;11.0;0.0;16.2;0.0;13.0;0.0;0.0;13.1;8.3;0.0;0.0;0.0;19.4;0.0;0.0;0.0;0.0;0.0;0.0;0.0;0.0;0.0;0.0;0.0;0.0;0.0;888.0
Jaguaribe;AQUINOPOLES;-5.9412777777778;-38.469861111111;2014;5;77.2;21.0;0.0;0.0;10.0;0.0;11.0;0.0;13.2;0.0;0.0;0.0;0.0;6.0;0.0;0.0;0.0;0.0;0.0;0.0;0.0;0.0;0.0;0.0;0.0;0.0;0.0;0.0;0.0;16.0;0.0;0.0
Jaguaribe;AQUINOPOLES;-5.9412777777778;-38.469861111111;2014;6;0.0;0.0;0.0;0.0;0.0;0.0;0.0;999.0;999.0;999.0;999.0;999.0;999.0;999.0;999.0;999.0;999.0;999.0;999.0;999.0;999.0;999.0;999.0;999.0;999.0;999.0;999.0;999.0;999.0;999.0;999.0;888.0
Jaguaribe;AQUINOPOLES;-5.9412777777778;-38.469861111111;2017;1;38.0;0.0;0.0;0.0;0.0;0.0;0.0;0.0;0.0;0.0;0.0;0.0;0.0;0.0;0.0;0.0;0.0;0.0;15.0;5.0;0.0;0.0;0.0;0.0;0.0;0.0;0.0;8.0;10.0;0.0;0.0;0.0
Jaguaribe;AQUINOPOLES;-5.9412777777778;-38.469861111111;2017;2;81.0;0.0;0.0;0.0;0.0;0.0;0.0;0.0;0.0;0.0;14.0;0.0;0.0;10.0;0.0;0.0;0.0;10.0;32.0;0.0;0.0;0.0;0.0;0.0;0.0;0.0;0.0;0.0;15.0;888.0;888.0;888.0
Jaguaribe;AQUINOPOLES;-5.9412777777778;-38.469861111111;2017;3;164.0;41.0;0.0;23.0;22.0;0.0;0.0;0.0;6.0;0.0;0.0;16.0;0.0;25.0;0.0;0.0;0.0;11.0;0.0;0.0;0.0;0.0;20.0;0.0;0.0;0.0;0.0;0.0;0.0;0.0;0.0;0.0
Jaguaribe;AQUINOPOLES;-5.9412777777778;-38.469861111111;2017;4;134.0;0.0;0.0;23.0;0.0;0.0;0.0;0.0;0.0;0.0;0.0;66.0;6.0;0.0;12.0;0.0;0.0;0.0;15.0;0.0;0.0;0.0;0.0;0.0;0.0;0.0;0.0;0.0;3.0;9.0;0.0;888.0
Jaguaribe;AQUINOPOLES;-5.9412777777778;-38.469861111111;2017;5;84.0;0.0;0.0;0.0;0.0;0.0;0.0;0.0;0.0;0.0;44.0;0.0;40.0;0.0;0.0;0.0;0.0;0.0;0.0;0.0;0.0;0.0;0.0;0.0;999.0;999.0;999.0;999.0;999.0;999.0;999.0;999.0
Jaguaribe;AQUINOPOLES;-5.9412777777778;-38.469861111111;2018;1;58.0;0.0;0.0;0.0;0.0;0.0;6.0;0.0;14.0;0.0;0.0;0.0;0.0;0.0;0.0;0.0;0.0;0.0;13.0;0.0;0.0;0.0;0.0;21.0;0.0;0.0;0.0;4.0;0.0;0.0;0.0;0.0
Jaguaribe;AQUINOPOLES;-5.9412777777778;-38.469861111111;2018;2;188.0;0.0;0.0;0.0;0.0;0.0;5.0;0.0;0.0;0.0;20.0;0.0;0.0;11.0;6.0;4.0;14.0;38.0;0.0;0.0;0.0;16.0;0.0;0.0;0.0;70.0;0.0;0.0;4.0;888.0;888.0;888.0
Jaguaribe;AQUINOPOLES;-5.9412777777778;-38.469861111111;2018;3;184.0;3.0;7.0;0.0;0.0;0.0;0.0;0.0;0.0;0.0;0.0;0.0;0.0;0.0;0.0;0.0;0.0;0.0;0.0;0.0;0.0;0.0;0.0;0.0;2.0;13.0;15.0;52.0;0.0;32.0;60.0;0.0
Jaguaribe;AQUINOPOLES;-5.9412777777778;-38.469861111111;2018;4;202.0;0.0;26.0;0.0;0.0;0.0;27.0;0.0;5.0;8.0;7.0;11.0;0.0;35.0;0.0;0.0;24.0;4.0;0.0;4.0;5.0;17.0;0.0;0.0;0.0;0.0;17.0;0.0;0.0;12.0;0.0;888.0
Jaguaribe;AQUINOPOLES;-5.9412777777778;-38.469861111111;2018;5;96.0;19.0;0.0;0.0;0.0;0.0;0.0;0.0;0.0;0.0;0.0;0.0;29.0;0.0;5.0;0.0;0.0;12.0;19.0;0.0;0.0;0.0;0.0;0.0;0.0;0.0;0.0;0.0;12.0;0.0;0.0;0.0
Jaguaribe;AQUINOPOLES;-5.9412777777778;-38.469861111111;2018;6;21.0;0.0;0.0;0.0;8.0;0.0;0.0;0.0;0.0;0.0;0.0;0.0;0.0;0.0;0.0;0.0;0.0;0.0;13.0;0.0;0.0;0.0;0.0;0.0;0.0;0.0;0.0;0.0;0.0;0.0;0.0;888.0
Jaguaribe;AQUINOPOLES;-5.9412777777778;-38.469861111111;2018;7;0.0;0.0;0.0;0.0;0.0;0.0;0.0;0.0;0.0;0.0;0.0;0.0;0.0;0.0;0.0;0.0;0.0;0.0;0.0;0.0;0.0;0.0;0.0;0.0;0.0;0.0;0.0;0.0;0.0;0.0;0.0;0.0
Jaguaribe;AQUINOPOLES;-5.9412777777778;-38.469861111111;2018;8;0.0;0.0;0.0;0.0;0.0;0.0;0.0;0.0;0.0;0.0;0.0;0.0;0.0;0.0;0.0;0.0;0.0;0.0;0.0;0.0;0.0;0.0;0.0;0.0;0.0;0.0;0.0;0.0;0.0;0.0;0.0;0.0
Jaguaribe;AQUINOPOLES;-5.9412777777778;-38.469861111111;2018;9;0.0;0.0;0.0;0.0;0.0;0.0;0.0;0.0;0.0;0.0;0.0;0.0;0.0;0.0;0.0;0.0;0.0;0.0;0.0;0.0;0.0;0.0;0.0;0.0;0.0;0.0;999.0;999.0;999.0;999.0;999.0;888.0
