Municipios;Postos;Latitude;Longitude;Anos;Meses;Total;Dia1;Dia2;Dia3;Dia4;Dia5;Dia6;Dia7;Dia8;Dia9;Dia10;Dia11;Dia12;Dia13;Dia14;Dia15;Dia16;Dia17;Dia18;Dia19;Dia20;Dia21;Dia22;Dia23;Dia24;Dia25;Dia26;Dia27;Dia28;Dia29;Dia30;Dia31
Sobral;BOQUEIRAO;-3.65025;-40.450222222222;1998;1;78.0;0.0;0.0;0.0;0.0;0.0;0.0;0.0;0.0;0.0;0.0;0.0;0.0;0.0;0.0;0.0;0.0;0.0;2.0;16.0;4.0;1.0;0.0;0.0;0.0;0.0;2.0;2.0;34.0;6.0;11.0;0.0
Sobral;BOQUEIRAO;-3.65025;-40.450222222222;1998;2;37.0;8.0;5.0;8.0;0.0;0.0;0.0;0.0;0.0;0.0;0.0;0.0;0.0;0.0;0.0;0.0;0.0;2.0;14.0;0.0;0.0;0.0;0.0;0.0;0.0;0.0;0.0;0.0;0.0;888.0;888.0;888.0
Sobral;BOQUEIRAO;-3.65025;-40.450222222222;1998;3;177.0;0.0;17.0;0.0;0.0;0.0;0.0;0.0;0.0;8.0;2.0;20.0;0.0;4.0;0.0;0.0;5.0;15.0;0.0;5.0;3.0;44.0;0.0;6.0;11.0;20.0;7.0;10.0;0.0;0.0;0.0;0.0
Sobral;BOQUEIRAO;-3.65025;-40.450222222222;1998;4;87.0;6.0;1.0;6.0;0.0;0.0;0.0;0.0;10.0;0.0;0.0;0.0;6.0;24.0;0.0;0.0;0.0;0.0;0.0;0.0;0.0;0.0;0.0;0.0;0.0;11.0;11.0;12.0;0.0;0.0;0.0;888.0
Sobral;BOQUEIRAO;-3.65025;-40.450222222222;1998;5;67.0;0.0;0.0;0.0;0.0;0.0;0.0;0.0;0.0;32.0;1.0;10.0;0.0;0.0;0.0;0.0;0.0;0.0;6.0;0.0;10.0;0.0;8.0;0.0;0.0;0.0;0.0;0.0;0.0;0.0;0.0;0.0
Sobral;BOQUEIRAO;-3.65025;-40.450222222222;1998;6;15.0;0.0;0.0;0.0;0.0;0.0;0.0;0.0;0.0;0.0;0.0;0.0;0.0;0.0;0.0;15.0;0.0;0.0;0.0;0.0;0.0;0.0;0.0;0.0;0.0;0.0;0.0;0.0;0.0;0.0;0.0;888.0
Sobral;BOQUEIRAO;-3.65025;-40.450222222222;1998;7;0.0;0.0;0.0;0.0;0.0;0.0;0.0;0.0;0.0;0.0;0.0;0.0;0.0;0.0;0.0;0.0;0.0;0.0;0.0;0.0;0.0;0.0;0.0;0.0;0.0;0.0;0.0;0.0;0.0;0.0;0.0;0.0
Sobral;BOQUEIRAO;-3.65025;-40.450222222222;1998;8;0.0;0.0;0.0;0.0;0.0;0.0;0.0;0.0;0.0;0.0;0.0;0.0;0.0;0.0;0.0;0.0;0.0;0.0;0.0;0.0;0.0;0.0;0.0;0.0;0.0;0.0;0.0;0.0;0.0;0.0;0.0;0.0
Sobral;BOQUEIRAO;-3.65025;-40.450222222222;1998;9;0.0;0.0;0.0;0.0;0.0;0.0;0.0;0.0;0.0;0.0;0.0;0.0;0.0;0.0;0.0;0.0;0.0;0.0;0.0;0.0;0.0;0.0;0.0;0.0;0.0;0.0;0.0;0.0;0.0;0.0;0.0;888.0
Sobral;BOQUEIRAO;-3.65025;-40.450222222222;1998;10;0.0;0.0;0.0;0.0;0.0;0.0;0.0;0.0;0.0;0.0;0.0;0.0;0.0;0.0;0.0;0.0;0.0;0.0;0.0;0.0;0.0;0.0;0.0;0.0;0.0;0.0;0.0;0.0;0.0;0.0;0.0;0.0
Sobral;BOQUEIRAO;-3.65025;-40.450222222222;1998;11;0.0;0.0;0.0;0.0;0.0;0.0;0.0;0.0;0.0;0.0;0.0;0.0;0.0;0.0;0.0;0.0;0.0;0.0;0.0;0.0;0.0;0.0;0.0;0.0;0.0;0.0;0.0;0.0;0.0;0.0;0.0;888.0
Sobral;BOQUEIRAO;-3.65025;-40.450222222222;1998;12;17.0;0.0;0.0;0.0;0.0;0.0;0.0;0.0;0.0;0.0;0.0;0.0;0.0;0.0;0.0;0.0;0.0;0.0;0.0;0.0;0.0;0.0;0.0;0.0;0.0;0.0;0.0;16.0;0.0;1.0;0.0;0.0
Sobral;BOQUEIRAO;-3.65025;-40.450222222222;1999;1;119.0;0.0;0.0;0.0;0.0;0.0;0.0;0.0;0.0;4.0;0.0;0.0;0.0;0.0;0.0;0.0;0.0;0.0;13.0;25.0;10.0;5.0;5.0;0.0;0.0;0.0;0.0;0.0;0.0;9.0;48.0;0.0
Sobral;BOQUEIRAO;-3.65025;-40.450222222222;1999;2;143.0;14.0;0.0;8.0;13.0;9.0;0.0;0.0;13.0;0.0;0.0;0.0;7.0;0.0;0.0;0.0;0.0;2.0;0.0;0.0;0.0;0.0;8.0;21.0;0.0;6.0;32.0;0.0;10.0;888.0;888.0;888.0
Sobral;BOQUEIRAO;-3.65025;-40.450222222222;1999;3;230.5;39.0;0.0;3.0;0.0;0.0;3.0;0.0;0.0;0.0;0.0;4.0;0.0;1.0;8.0;12.3;28.2;0.0;7.0;49.0;2.0;10.0;13.0;4.0;5.0;25.0;0.0;0.0;17.0;0.0;0.0;0.0
Sobral;BOQUEIRAO;-3.65025;-40.450222222222;1999;4;246.3;0.0;0.0;1.0;2.3;5.0;0.0;0.0;0.0;39.0;0.0;0.0;8.0;5.0;1.0;17.0;0.0;0.0;5.0;8.0;70.0;40.3;0.0;1.0;0.0;8.4;1.3;0.0;0.0;6.0;28.0;888.0
Sobral;BOQUEIRAO;-3.65025;-40.450222222222;1999;5;135.7;29.5;5.0;9.0;15.0;20.1;15.0;18.5;0.0;0.0;0.0;4.0;10.0;0.0;3.2;5.1;0.0;1.3;0.0;0.0;0.0;0.0;0.0;0.0;0.0;0.0;0.0;0.0;0.0;0.0;0.0;0.0
Sobral;BOQUEIRAO;-3.65025;-40.450222222222;1999;6;29.1;0.0;0.0;0.0;2.0;0.0;0.0;0.0;0.0;0.0;0.0;15.0;0.0;0.0;0.0;12.1;0.0;0.0;0.0;0.0;0.0;0.0;0.0;0.0;0.0;0.0;0.0;0.0;0.0;0.0;0.0;888.0
Sobral;BOQUEIRAO;-3.65025;-40.450222222222;1999;7;11.0;0.0;0.0;0.0;0.0;0.0;0.0;0.0;0.0;0.0;0.0;0.0;0.0;0.0;0.0;0.0;0.0;0.0;0.0;11.0;0.0;0.0;0.0;0.0;0.0;0.0;0.0;0.0;0.0;0.0;0.0;0.0
Sobral;BOQUEIRAO;-3.65025;-40.450222222222;1999;8;0.0;0.0;0.0;0.0;0.0;0.0;0.0;0.0;0.0;0.0;0.0;0.0;0.0;0.0;0.0;0.0;0.0;0.0;0.0;0.0;0.0;0.0;0.0;0.0;0.0;0.0;0.0;0.0;0.0;0.0;0.0;0.0
Sobral;BOQUEIRAO;-3.65025;-40.450222222222;1999;9;0.0;0.0;0.0;0.0;0.0;0.0;0.0;0.0;0.0;0.0;0.0;0.0;0.0;0.0;0.0;0.0;0.0;0.0;0.0;0.0;0.0;0.0;0.0;0.0;0.0;0.0;0.0;0.0;0.0;0.0;0.0;888.0
Sobral;BOQUEIRAO;-3.65025;-40.450222222222;1999;10;59.0;0.0;0.0;0.0;0.0;0.0;0.0;0.0;0.0;0.0;0.0;0.0;0.0;0.0;0.0;0.0;0.0;0.0;0.0;0.0;0.0;0.0;0.0;0.0;0.0;59.0;0.0;0.0;0.0;0.0;0.0;0.0
Sobral;BOQUEIRAO;-3.65025;-40.450222222222;1999;11;0.0;0.0;0.0;0.0;0.0;0.0;0.0;0.0;0.0;0.0;0.0;0.0;0.0;0.0;0.0;0.0;0.0;0.0;0.0;0.0;0.0;0.0;0.0;0.0;0.0;0.0;0.0;0.0;0.0;0.0;0.0;888.0
Sobral;BOQUEIRAO;-3.65025;-40.450222222222;1999;12;19.0;0.0;0.0;0.0;0.0;0.0;0.0;0.0;0.0;0.0;0.0;0.0;0.0;0.0;0.0;0.0;0.0;0.0;0.0;0.0;0.0;0.0;0.0;0.0;0.0;0.0;0.0;0.0;18.0;1.0;0.0;0.0
Sobral;BOQUEIRAO;-3.65025;-40.450222222222;2000;1;125.6;0.0;0.0;10.3;2.0;40.0;7.0;0.0;0.0;0.0;0.0;0.0;0.0;12.0;1.0;10.0;22.3;19.0;2.0;0.0;0.0;0.0;0.0;0.0;0.0;0.0;0.0;0.0;0.0;0.0;0.0;0.0
Sobral;BOQUEIRAO;-3.65025;-40.450222222222;2000;2;140.2;0.0;0.0;0.0;0.0;0.0;0.0;0.0;16.0;1.3;0.0;0.0;16.3;0.0;0.0;8.0;7.4;3.1;23.2;4.4;0.0;2.2;0.0;3.4;3.3;11.1;11.4;22.0;7.1;0.0;888.0;888.0
Sobral;BOQUEIRAO;-3.65025;-40.450222222222;2000;3;211.1;16.3;22.2;8.0;9.0;0.0;0.0;0.0;33.4;0.0;7.1;0.0;0.0;1.4;2.0;2.1;0.0;0.0;0.0;19.3;0.0;28.0;0.0;14.0;8.1;0.0;1.3;8.0;8.3;0.0;9.4;13.2
Sobral;BOQUEIRAO;-3.65025;-40.450222222222;2000;4;258.7;3.3;23.4;0.0;0.0;0.0;0.0;65.0;0.0;0.0;0.0;5.0;8.3;13.4;5.4;0.0;3.0;1.0;26.0;4.4;13.0;9.2;0.0;4.2;10.2;0.0;12.2;0.0;35.3;16.4;0.0;888.0
Sobral;BOQUEIRAO;-3.65025;-40.450222222222;2000;5;62.7;0.0;10.1;0.0;0.0;0.0;6.0;0.0;0.0;0.0;0.0;0.0;0.0;0.0;1.3;0.0;0.0;27.3;0.0;0.0;0.0;0.0;0.0;0.0;0.0;0.0;0.0;0.0;0.0;0.0;17.0;1.0
Sobral;BOQUEIRAO;-3.65025;-40.450222222222;2000;6;0.0;0.0;999.0;999.0;999.0;999.0;999.0;999.0;999.0;999.0;999.0;999.0;999.0;999.0;999.0;999.0;999.0;999.0;999.0;999.0;999.0;999.0;999.0;999.0;999.0;999.0;999.0;999.0;999.0;999.0;999.0;888.0
Sobral;BOQUEIRAO;-3.65025;-40.450222222222;2000;7;0.0;0.0;0.0;0.0;0.0;0.0;0.0;0.0;0.0;0.0;0.0;0.0;0.0;0.0;0.0;0.0;0.0;0.0;0.0;0.0;0.0;0.0;0.0;0.0;0.0;0.0;0.0;0.0;0.0;0.0;0.0;0.0
Sobral;BOQUEIRAO;-3.65025;-40.450222222222;2000;8;12.0;0.0;0.0;4.0;0.0;5.0;0.0;3.0;0.0;0.0;0.0;0.0;0.0;0.0;0.0;0.0;0.0;0.0;0.0;0.0;0.0;0.0;0.0;0.0;0.0;0.0;0.0;0.0;0.0;0.0;0.0;0.0
Sobral;BOQUEIRAO;-3.65025;-40.450222222222;2000;9;0.0;0.0;0.0;0.0;0.0;0.0;0.0;0.0;0.0;0.0;0.0;0.0;0.0;0.0;0.0;0.0;0.0;0.0;0.0;0.0;0.0;0.0;0.0;0.0;0.0;0.0;0.0;0.0;0.0;0.0;0.0;888.0
Sobral;BOQUEIRAO;-3.65025;-40.450222222222;2000;10;0.0;0.0;0.0;0.0;0.0;0.0;0.0;0.0;0.0;0.0;0.0;0.0;0.0;0.0;0.0;0.0;0.0;0.0;0.0;0.0;0.0;0.0;0.0;0.0;0.0;0.0;0.0;0.0;0.0;0.0;0.0;0.0
Sobral;BOQUEIRAO;-3.65025;-40.450222222222;2000;11;10.2;0.0;0.0;999.0;0.0;0.0;0.0;0.0;0.0;0.0;0.0;0.0;0.0;0.0;0.0;0.0;0.0;0.0;0.0;0.0;0.0;0.0;0.0;0.0;0.0;0.0;0.0;10.2;0.0;0.0;0.0;888.0
Sobral;BOQUEIRAO;-3.65025;-40.450222222222;2000;12;0.0;0.0;999.0;999.0;999.0;999.0;999.0;999.0;999.0;999.0;999.0;999.0;999.0;999.0;999.0;999.0;999.0;999.0;999.0;999.0;999.0;999.0;999.0;999.0;999.0;999.0;999.0;999.0;999.0;999.0;999.0;999.0
Sobral;BOQUEIRAO;-3.65025;-40.450222222222;2001;1;107.2;0.0;0.0;0.0;3.2;0.0;0.0;0.0;0.0;0.0;0.0;0.0;9.1;16.2;0.0;0.0;4.0;0.0;0.0;0.0;0.0;29.1;0.0;0.0;0.0;9.0;0.0;12.2;22.4;0.0;0.0;2.0
Sobral;BOQUEIRAO;-3.65025;-40.450222222222;2001;2;175.6;2.0;6.0;2.0;0.0;0.0;0.0;0.0;0.0;0.0;12.0;0.0;7.1;2.3;0.0;0.0;0.0;0.0;13.3;4.3;15.1;4.4;0.0;19.3;48.3;38.3;0.0;0.0;1.2;888.0;888.0;888.0
Sobral;BOQUEIRAO;-3.65025;-40.450222222222;2001;3;134.6;4.0;0.0;0.0;0.0;9.3;0.0;0.0;4.2;2.3;1.0;10.0;32.0;6.0;20.0;0.0;0.0;0.0;0.0;6.0;0.0;1.0;0.0;5.4;0.0;0.0;4.0;0.0;0.0;20.1;8.3;1.0
Sobral;BOQUEIRAO;-3.65025;-40.450222222222;2001;4;331.2;0.0;13.0;16.1;9.4;0.0;5.0;2.0;8.0;0.0;48.0;0.0;12.0;21.2;5.0;0.0;14.0;0.0;78.0;0.0;23.0;19.1;5.0;0.0;0.0;0.0;0.0;19.0;13.2;16.2;4.0;888.0
Sobral;BOQUEIRAO;-3.65025;-40.450222222222;2001;5;81.3;0.0;0.0;0.0;5.3;0.0;9.0;0.0;0.0;0.0;24.0;0.0;0.0;0.0;0.0;0.0;0.0;0.0;0.0;0.0;0.0;13.3;0.0;12.0;14.4;3.3;0.0;0.0;0.0;0.0;0.0;0.0
Sobral;BOQUEIRAO;-3.65025;-40.450222222222;2001;6;28.3;0.0;0.0;0.0;0.0;22.0;0.0;6.3;0.0;0.0;0.0;0.0;0.0;0.0;0.0;0.0;0.0;0.0;0.0;0.0;0.0;0.0;0.0;0.0;0.0;0.0;0.0;0.0;0.0;0.0;0.0;888.0
Sobral;BOQUEIRAO;-3.65025;-40.450222222222;2001;7;0.0;0.0;0.0;0.0;0.0;0.0;0.0;0.0;0.0;0.0;0.0;0.0;0.0;0.0;0.0;0.0;0.0;0.0;0.0;0.0;0.0;0.0;0.0;0.0;0.0;0.0;0.0;0.0;0.0;0.0;0.0;0.0
Sobral;BOQUEIRAO;-3.65025;-40.450222222222;2001;8;0.0;0.0;0.0;0.0;0.0;0.0;0.0;0.0;0.0;0.0;0.0;0.0;0.0;0.0;0.0;0.0;0.0;0.0;0.0;0.0;0.0;0.0;0.0;0.0;0.0;0.0;0.0;0.0;0.0;0.0;0.0;0.0
Sobral;BOQUEIRAO;-3.65025;-40.450222222222;2001;9;0.0;0.0;0.0;0.0;0.0;0.0;0.0;0.0;0.0;0.0;0.0;0.0;0.0;0.0;0.0;0.0;0.0;0.0;0.0;0.0;0.0;0.0;0.0;0.0;0.0;0.0;0.0;0.0;0.0;0.0;0.0;888.0
Sobral;BOQUEIRAO;-3.65025;-40.450222222222;2001;10;0.0;0.0;0.0;0.0;0.0;0.0;0.0;0.0;0.0;0.0;0.0;0.0;0.0;0.0;0.0;0.0;0.0;0.0;0.0;0.0;0.0;0.0;0.0;0.0;0.0;0.0;0.0;0.0;0.0;0.0;0.0;0.0
Sobral;BOQUEIRAO;-3.65025;-40.450222222222;2001;11;0.0;0.0;0.0;0.0;0.0;0.0;0.0;0.0;0.0;0.0;0.0;0.0;0.0;0.0;0.0;0.0;0.0;0.0;0.0;0.0;0.0;0.0;0.0;0.0;0.0;0.0;0.0;0.0;0.0;0.0;0.0;888.0
Sobral;BOQUEIRAO;-3.65025;-40.450222222222;2001;12;24.0;0.0;0.0;0.0;24.0;0.0;0.0;0.0;0.0;0.0;0.0;0.0;0.0;0.0;0.0;0.0;0.0;0.0;0.0;0.0;0.0;0.0;0.0;0.0;0.0;0.0;0.0;0.0;0.0;0.0;0.0;0.0
Sobral;BOQUEIRAO;-3.65025;-40.450222222222;2002;1;291.8;0.0;0.0;0.0;0.0;0.0;41.0;9.0;51.0;0.0;0.0;83.0;3.2;12.0;0.0;42.2;1.0;13.2;3.1;0.0;0.0;33.1;0.0;0.0;0.0;0.0;0.0;0.0;0.0;0.0;0.0;0.0
Sobral;BOQUEIRAO;-3.65025;-40.450222222222;2002;2;69.0;0.0;0.0;2.0;0.0;1.0;1.0;0.0;0.0;0.0;6.2;8.0;12.3;21.0;1.0;5.0;0.0;2.0;0.0;0.0;2.2;0.0;0.0;0.0;0.0;7.3;0.0;0.0;0.0;888.0;888.0;888.0
Sobral;BOQUEIRAO;-3.65025;-40.450222222222;2002;3;171.4;0.0;0.0;2.1;17.2;5.3;0.0;11.3;15.2;2.2;0.0;0.0;0.0;0.0;0.0;0.0;5.0;3.0;12.1;32.2;1.0;0.0;0.0;12.2;10.0;0.0;0.0;29.0;2.2;0.0;8.2;3.2
Sobral;BOQUEIRAO;-3.65025;-40.450222222222;2002;4;154.4;0.0;0.0;0.0;11.0;7.2;20.0;2.2;0.0;9.0;14.5;0.0;0.0;1.0;25.0;10.1;0.0;0.0;0.0;0.0;19.0;2.3;0.0;10.0;0.0;11.1;0.0;1.0;10.0;0.0;1.0;888.0
Sobral;BOQUEIRAO;-3.65025;-40.450222222222;2002;5;60.0;10.0;0.0;0.0;0.0;0.0;17.2;2.2;0.0;5.0;1.0;5.0;0.0;0.0;0.0;2.0;3.0;0.0;0.0;0.0;0.0;2.3;0.0;4.2;0.0;0.0;5.1;0.0;3.0;0.0;0.0;0.0
Sobral;BOQUEIRAO;-3.65025;-40.450222222222;2002;6;93.5;0.0;0.0;0.0;0.0;0.0;0.0;0.0;0.0;0.0;0.0;0.0;31.3;4.2;0.0;10.2;19.3;0.0;22.3;0.0;6.2;0.0;0.0;0.0;0.0;0.0;0.0;0.0;0.0;0.0;0.0;888.0
Sobral;BOQUEIRAO;-3.65025;-40.450222222222;2002;7;25.2;21.2;0.0;0.0;0.0;0.0;0.0;0.0;0.0;0.0;0.0;0.0;0.0;0.0;0.0;0.0;0.0;0.0;0.0;0.0;0.0;0.0;0.0;0.0;0.0;4.0;0.0;0.0;0.0;0.0;0.0;0.0
Sobral;BOQUEIRAO;-3.65025;-40.450222222222;2002;8;0.0;0.0;0.0;0.0;0.0;0.0;0.0;0.0;0.0;0.0;0.0;0.0;0.0;0.0;0.0;0.0;0.0;0.0;0.0;0.0;0.0;0.0;0.0;0.0;0.0;0.0;0.0;0.0;0.0;0.0;0.0;0.0
Sobral;BOQUEIRAO;-3.65025;-40.450222222222;2002;9;0.0;0.0;0.0;0.0;0.0;0.0;0.0;0.0;0.0;0.0;0.0;0.0;0.0;0.0;0.0;0.0;0.0;0.0;0.0;0.0;0.0;0.0;0.0;0.0;0.0;0.0;0.0;0.0;0.0;0.0;0.0;888.0
Sobral;BOQUEIRAO;-3.65025;-40.450222222222;2002;10;0.0;0.0;0.0;0.0;0.0;0.0;0.0;0.0;0.0;0.0;0.0;0.0;0.0;0.0;0.0;0.0;0.0;0.0;0.0;0.0;0.0;0.0;0.0;0.0;0.0;0.0;0.0;0.0;0.0;0.0;0.0;0.0
Sobral;BOQUEIRAO;-3.65025;-40.450222222222;2002;11;0.0;0.0;0.0;0.0;0.0;0.0;0.0;0.0;0.0;0.0;0.0;0.0;0.0;0.0;0.0;0.0;0.0;0.0;0.0;0.0;0.0;0.0;0.0;0.0;0.0;0.0;0.0;0.0;0.0;0.0;0.0;888.0
Sobral;BOQUEIRAO;-3.65025;-40.450222222222;2002;12;11.2;0.0;0.0;0.0;0.0;0.0;0.0;0.0;0.0;0.0;0.0;0.0;0.0;0.0;0.0;0.0;0.0;0.0;0.0;0.0;0.0;0.0;0.0;0.0;0.0;11.2;0.0;0.0;0.0;0.0;0.0;0.0
Sobral;BOQUEIRAO;-3.65025;-40.450222222222;2003;1;133.3;0.0;0.0;0.0;0.0;0.0;0.0;0.0;0.0;0.0;0.0;0.0;0.0;0.0;0.0;0.0;0.0;0.0;0.0;4.0;38.0;0.0;9.0;48.1;0.0;0.0;0.0;6.2;1.0;0.0;27.0;0.0
Sobral;BOQUEIRAO;-3.65025;-40.450222222222;2003;2;271.7;3.0;27.5;4.4;0.0;6.2;0.0;0.0;0.0;0.0;0.0;0.0;0.0;0.0;0.0;0.0;6.3;26.0;10.1;0.0;13.0;0.0;0.0;18.0;68.0;54.2;0.0;10.0;25.0;888.0;888.0;888.0
Sobral;BOQUEIRAO;-3.65025;-40.450222222222;2003;3;421.3;0.0;0.0;38.2;2.0;1.2;0.0;0.0;24.5;0.0;1.0;35.2;8.0;8.1;1.0;39.3;0.0;10.0;0.0;0.0;128.3;0.0;0.0;72.2;0.0;0.0;12.4;6.3;7.4;17.1;9.1;0.0
Sobral;BOQUEIRAO;-3.65025;-40.450222222222;2003;4;154.4;4.1;26.0;0.0;6.1;0.0;0.0;0.0;0.0;0.0;3.1;0.0;0.0;17.1;0.0;0.0;0.0;0.0;0.0;25.0;0.0;7.0;0.0;0.0;6.0;8.0;28.0;0.0;8.0;16.0;0.0;888.0
Sobral;BOQUEIRAO;-3.65025;-40.450222222222;2003;5;49.6;4.0;0.0;0.0;2.0;11.2;2.1;0.0;0.0;0.0;4.0;0.0;0.0;7.0;0.0;10.0;0.0;0.0;0.0;0.0;0.0;0.0;0.0;0.0;0.0;0.0;0.0;0.0;0.0;0.0;9.3;0.0
Sobral;BOQUEIRAO;-3.65025;-40.450222222222;2003;6;0.0;0.0;999.0;999.0;999.0;999.0;999.0;999.0;999.0;999.0;999.0;999.0;999.0;999.0;999.0;999.0;999.0;999.0;999.0;999.0;999.0;999.0;999.0;999.0;999.0;999.0;999.0;999.0;999.0;999.0;999.0;888.0
Sobral;BOQUEIRAO;-3.65025;-40.450222222222;2003;7;0.0;0.0;999.0;999.0;999.0;999.0;999.0;999.0;999.0;999.0;999.0;999.0;999.0;999.0;999.0;999.0;999.0;999.0;999.0;999.0;999.0;999.0;999.0;999.0;999.0;999.0;999.0;999.0;999.0;999.0;999.0;999.0
Sobral;BOQUEIRAO;-3.65025;-40.450222222222;2003;8;0.0;0.0;999.0;999.0;999.0;999.0;999.0;999.0;999.0;999.0;999.0;999.0;999.0;999.0;999.0;999.0;999.0;999.0;999.0;999.0;999.0;999.0;999.0;999.0;999.0;999.0;999.0;999.0;999.0;999.0;999.0;999.0
Sobral;BOQUEIRAO;-3.65025;-40.450222222222;2003;9;0.0;0.0;999.0;999.0;999.0;999.0;999.0;999.0;999.0;999.0;999.0;999.0;999.0;999.0;999.0;999.0;999.0;999.0;999.0;999.0;999.0;999.0;999.0;999.0;999.0;999.0;999.0;999.0;999.0;999.0;999.0;888.0
Sobral;BOQUEIRAO;-3.65025;-40.450222222222;2003;10;0.0;0.0;999.0;999.0;999.0;999.0;999.0;999.0;999.0;999.0;999.0;999.0;999.0;999.0;999.0;999.0;999.0;999.0;999.0;999.0;999.0;999.0;999.0;999.0;999.0;999.0;999.0;999.0;999.0;999.0;999.0;999.0
Sobral;BOQUEIRAO;-3.65025;-40.450222222222;2003;11;0.0;0.0;999.0;999.0;999.0;999.0;999.0;999.0;999.0;999.0;999.0;999.0;999.0;999.0;999.0;999.0;999.0;999.0;999.0;999.0;999.0;999.0;999.0;999.0;999.0;999.0;999.0;999.0;999.0;999.0;999.0;888.0
Sobral;BOQUEIRAO;-3.65025;-40.450222222222;2003;12;0.0;0.0;0.0;0.0;0.0;0.0;0.0;0.0;0.0;0.0;0.0;0.0;0.0;0.0;0.0;0.0;0.0;0.0;0.0;0.0;0.0;0.0;0.0;0.0;0.0;0.0;0.0;0.0;0.0;0.0;0.0;0.0
Sobral;BOQUEIRAO;-3.65025;-40.450222222222;2004;1;395.3;0.0;0.0;11.1;0.0;0.0;0.0;0.0;0.0;0.0;0.0;0.0;0.0;0.0;57.3;0.0;0.0;23.0;0.0;11.1;21.0;6.0;9.0;50.1;34.1;59.1;12.1;9.2;29.0;27.0;10.2;26.0
Sobral;BOQUEIRAO;-3.65025;-40.450222222222;2004;2;187.9;1.1;1.0;1.0;0.0;4.0;1.0;3.0;9.2;0.0;0.0;0.0;0.0;16.2;5.0;27.0;22.0;8.0;0.0;0.0;0.0;5.2;0.0;15.4;0.0;1.0;23.2;25.0;6.2;13.4;888.0;888.0
Sobral;BOQUEIRAO;-3.65025;-40.450222222222;2004;3;173.6;0.0;0.0;0.0;0.0;0.0;15.2;33.0;11.2;0.0;0.0;6.0;0.0;1.0;1.0;9.2;12.0;24.0;0.0;0.0;0.0;0.0;0.0;35.0;0.0;0.0;25.0;0.0;1.0;0.0;0.0;0.0
Sobral;BOQUEIRAO;-3.65025;-40.450222222222;2004;4;159.5;0.0;0.0;0.0;20.0;19.0;2.0;0.0;0.0;0.0;0.0;0.0;0.0;0.0;0.0;0.0;0.0;0.0;54.0;0.0;0.0;0.0;7.3;0.0;15.0;26.0;16.2;0.0;0.0;0.0;0.0;888.0
Sobral;BOQUEIRAO;-3.65025;-40.450222222222;2004;5;122.6;0.0;0.0;0.0;48.3;0.0;0.0;0.0;8.3;4.3;8.0;2.3;0.0;0.0;0.0;0.0;0.0;0.0;0.0;0.0;13.2;0.0;0.0;22.0;0.0;0.0;10.0;0.0;0.0;0.0;6.2;0.0
Sobral;BOQUEIRAO;-3.65025;-40.450222222222;2004;6;95.2;4.1;0.0;9.2;0.0;0.0;0.0;0.0;0.0;0.0;0.0;0.0;0.0;0.0;0.0;0.0;0.0;0.0;0.0;9.2;5.2;18.2;26.3;0.0;0.0;0.0;7.0;8.0;8.0;0.0;0.0;888.0
Sobral;BOQUEIRAO;-3.65025;-40.450222222222;2004;7;24.2;0.0;0.0;21.2;0.0;0.0;0.0;0.0;0.0;0.0;3.0;0.0;0.0;0.0;0.0;0.0;0.0;0.0;0.0;0.0;0.0;0.0;0.0;0.0;0.0;0.0;0.0;0.0;0.0;0.0;0.0;0.0
Sobral;BOQUEIRAO;-3.65025;-40.450222222222;2004;8;0.0;0.0;0.0;0.0;0.0;0.0;0.0;0.0;0.0;0.0;0.0;0.0;0.0;0.0;0.0;0.0;0.0;0.0;0.0;0.0;0.0;0.0;0.0;0.0;0.0;0.0;0.0;0.0;0.0;0.0;0.0;0.0
Sobral;BOQUEIRAO;-3.65025;-40.450222222222;2004;9;0.0;0.0;0.0;0.0;0.0;0.0;0.0;0.0;0.0;0.0;0.0;0.0;0.0;0.0;0.0;0.0;0.0;0.0;0.0;0.0;0.0;0.0;0.0;0.0;0.0;0.0;0.0;0.0;0.0;0.0;0.0;888.0
Sobral;BOQUEIRAO;-3.65025;-40.450222222222;2004;10;0.0;0.0;0.0;0.0;0.0;0.0;0.0;0.0;0.0;0.0;0.0;0.0;0.0;0.0;0.0;0.0;0.0;0.0;0.0;0.0;0.0;0.0;0.0;0.0;0.0;0.0;0.0;0.0;0.0;0.0;0.0;0.0
Sobral;BOQUEIRAO;-3.65025;-40.450222222222;2004;11;0.0;0.0;0.0;0.0;0.0;0.0;0.0;0.0;0.0;0.0;0.0;0.0;0.0;0.0;0.0;0.0;0.0;0.0;0.0;0.0;0.0;0.0;0.0;0.0;0.0;0.0;0.0;0.0;0.0;0.0;0.0;888.0
Sobral;BOQUEIRAO;-3.65025;-40.450222222222;2004;12;0.0;0.0;0.0;0.0;0.0;0.0;0.0;0.0;0.0;0.0;0.0;0.0;0.0;0.0;0.0;0.0;0.0;0.0;0.0;0.0;0.0;0.0;0.0;0.0;0.0;0.0;0.0;0.0;0.0;0.0;0.0;0.0
Sobral;BOQUEIRAO;-3.65025;-40.450222222222;2005;1;42.4;0.0;0.0;0.0;0.0;0.0;0.0;0.0;0.0;0.0;0.0;0.0;0.0;0.0;0.0;0.0;8.1;14.2;0.0;0.0;0.0;0.0;0.0;1.0;18.1;0.0;1.0;0.0;0.0;0.0;0.0;0.0
Sobral;BOQUEIRAO;-3.65025;-40.450222222222;2005;2;101.5;6.0;4.4;0.0;0.0;1.0;3.2;1.0;0.0;0.0;0.0;0.0;31.1;0.0;0.0;10.2;13.1;0.0;0.0;0.0;0.0;0.0;0.0;8.1;2.0;7.2;0.0;14.2;0.0;888.0;888.0;888.0
Sobral;BOQUEIRAO;-3.65025;-40.450222222222;2005;3;81.0;0.0;0.0;0.0;0.0;0.0;0.0;0.0;0.0;0.0;0.0;14.1;0.0;0.0;0.0;0.0;0.0;0.0;19.2;4.0;0.0;0.0;0.0;19.2;0.0;0.0;16.2;8.3;0.0;0.0;0.0;0.0
Sobral;BOQUEIRAO;-3.65025;-40.450222222222;2005;4;118.1;11.0;2.0;0.0;0.0;0.0;0.0;0.0;19.0;0.7;26.3;0.0;0.0;24.0;19.1;8.0;0.0;0.0;0.0;6.0;2.0;0.0;0.0;0.0;0.0;0.0;0.0;0.0;0.0;0.0;0.0;888.0
Sobral;BOQUEIRAO;-3.65025;-40.450222222222;2005;5;56.6;0.0;0.0;0.0;0.0;0.0;0.0;0.0;8.0;0.0;0.0;5.3;0.0;0.0;0.0;0.0;0.0;0.0;15.2;2.3;0.0;4.3;1.2;20.3;0.0;0.0;0.0;0.0;0.0;0.0;0.0;0.0
Sobral;BOQUEIRAO;-3.65025;-40.450222222222;2005;6;22.5;0.0;10.0;0.0;0.0;6.2;0.0;0.0;0.0;6.3;0.0;0.0;0.0;0.0;0.0;0.0;0.0;0.0;0.0;0.0;0.0;0.0;0.0;0.0;0.0;0.0;0.0;0.0;0.0;0.0;0.0;888.0
Sobral;BOQUEIRAO;-3.65025;-40.450222222222;2005;7;32.0;0.0;0.0;0.0;0.0;0.0;0.0;0.0;25.0;7.0;0.0;0.0;0.0;0.0;0.0;0.0;0.0;0.0;0.0;0.0;0.0;0.0;0.0;0.0;0.0;0.0;0.0;0.0;0.0;0.0;0.0;0.0
Sobral;BOQUEIRAO;-3.65025;-40.450222222222;2005;8;0.0;0.0;0.0;0.0;0.0;0.0;0.0;0.0;0.0;0.0;0.0;0.0;0.0;0.0;0.0;0.0;0.0;0.0;0.0;0.0;0.0;0.0;0.0;0.0;0.0;0.0;0.0;0.0;0.0;0.0;0.0;0.0
Sobral;BOQUEIRAO;-3.65025;-40.450222222222;2005;9;0.0;0.0;0.0;0.0;0.0;0.0;0.0;0.0;0.0;0.0;0.0;0.0;0.0;0.0;0.0;0.0;0.0;0.0;0.0;0.0;0.0;0.0;0.0;0.0;0.0;0.0;0.0;0.0;0.0;0.0;0.0;888.0
Sobral;BOQUEIRAO;-3.65025;-40.450222222222;2005;10;0.0;0.0;0.0;0.0;0.0;0.0;0.0;0.0;0.0;0.0;0.0;0.0;0.0;0.0;0.0;0.0;0.0;0.0;0.0;0.0;0.0;0.0;0.0;0.0;0.0;0.0;0.0;0.0;0.0;0.0;0.0;0.0
Sobral;BOQUEIRAO;-3.65025;-40.450222222222;2005;11;0.0;0.0;0.0;0.0;0.0;0.0;0.0;0.0;0.0;0.0;0.0;0.0;0.0;0.0;0.0;0.0;0.0;0.0;0.0;0.0;0.0;0.0;0.0;0.0;0.0;0.0;0.0;0.0;0.0;0.0;0.0;888.0
Sobral;BOQUEIRAO;-3.65025;-40.450222222222;2005;12;0.0;0.0;0.0;0.0;0.0;0.0;0.0;0.0;0.0;0.0;0.0;0.0;0.0;0.0;0.0;0.0;0.0;0.0;0.0;0.0;0.0;0.0;0.0;0.0;0.0;0.0;0.0;0.0;0.0;0.0;0.0;0.0
Sobral;BOQUEIRAO;-3.65025;-40.450222222222;2006;1;21.4;0.0;0.0;0.0;0.0;0.0;0.0;3.4;0.0;0.0;0.0;0.0;0.0;0.0;0.0;0.0;0.0;0.0;18.0;0.0;0.0;0.0;0.0;0.0;0.0;0.0;0.0;0.0;0.0;0.0;0.0;0.0
Sobral;BOQUEIRAO;-3.65025;-40.450222222222;2006;2;154.9;4.0;0.0;0.0;6.0;31.4;0.0;0.0;0.0;0.0;0.0;0.0;0.0;7.3;17.2;0.0;0.0;43.4;36.0;0.0;0.0;0.0;0.0;0.0;0.0;0.0;0.0;8.3;1.3;888.0;888.0;888.0
Sobral;BOQUEIRAO;-3.65025;-40.450222222222;2006;3;123.7;23.4;0.0;21.4;11.0;0.0;7.0;0.0;0.0;0.0;0.0;0.0;0.0;15.0;0.0;0.0;0.0;0.0;7.3;13.2;0.0;0.0;0.0;0.0;0.0;0.0;0.0;0.0;12.2;6.2;7.0;0.0
Sobral;BOQUEIRAO;-3.65025;-40.450222222222;2006;4;168.6;5.0;0.0;0.0;2.3;5.0;0.0;0.0;0.0;0.0;13.0;14.0;4.3;2.0;5.0;13.2;8.3;0.0;0.0;0.0;0.0;18.0;15.0;12.1;1.0;0.0;0.0;0.0;17.0;16.1;17.3;888.0
Sobral;BOQUEIRAO;-3.65025;-40.450222222222;2006;5;98.5;0.0;0.0;0.0;9.3;4.0;10.0;14.0;5.0;4.0;36.2;0.0;0.0;0.0;0.0;0.0;0.0;0.0;0.0;0.0;4.0;0.0;6.0;0.0;6.0;0.0;0.0;0.0;0.0;0.0;0.0;0.0
Sobral;BOQUEIRAO;-3.65025;-40.450222222222;2006;6;44.0;0.0;0.0;0.0;0.0;0.0;0.0;0.0;0.0;0.0;0.0;23.0;0.0;21.0;0.0;0.0;0.0;0.0;0.0;0.0;0.0;0.0;0.0;0.0;0.0;0.0;0.0;0.0;0.0;0.0;0.0;888.0
Sobral;BOQUEIRAO;-3.65025;-40.450222222222;2006;7;0.0;0.0;0.0;0.0;0.0;0.0;0.0;0.0;0.0;0.0;0.0;0.0;0.0;0.0;0.0;0.0;0.0;0.0;0.0;0.0;0.0;0.0;0.0;0.0;0.0;0.0;0.0;0.0;0.0;0.0;0.0;0.0
Sobral;BOQUEIRAO;-3.65025;-40.450222222222;2006;8;0.0;0.0;0.0;0.0;0.0;0.0;0.0;0.0;0.0;0.0;0.0;0.0;0.0;0.0;0.0;0.0;0.0;0.0;0.0;0.0;0.0;0.0;0.0;0.0;0.0;0.0;0.0;0.0;0.0;0.0;0.0;0.0
Sobral;BOQUEIRAO;-3.65025;-40.450222222222;2006;9;0.0;0.0;0.0;0.0;0.0;0.0;0.0;0.0;0.0;0.0;0.0;0.0;0.0;0.0;0.0;0.0;0.0;0.0;0.0;0.0;0.0;0.0;0.0;0.0;0.0;0.0;0.0;0.0;0.0;0.0;0.0;888.0
Sobral;BOQUEIRAO;-3.65025;-40.450222222222;2006;10;0.0;0.0;0.0;0.0;0.0;0.0;0.0;0.0;0.0;0.0;0.0;0.0;0.0;0.0;0.0;0.0;0.0;0.0;0.0;0.0;0.0;0.0;0.0;0.0;0.0;0.0;0.0;0.0;0.0;0.0;0.0;0.0
Sobral;BOQUEIRAO;-3.65025;-40.450222222222;2006;11;0.0;0.0;0.0;0.0;0.0;0.0;0.0;0.0;0.0;0.0;0.0;0.0;0.0;0.0;0.0;0.0;0.0;0.0;0.0;0.0;0.0;0.0;0.0;0.0;0.0;0.0;0.0;0.0;0.0;0.0;0.0;888.0
Sobral;BOQUEIRAO;-3.65025;-40.450222222222;2006;12;0.0;0.0;0.0;0.0;0.0;0.0;0.0;0.0;0.0;0.0;0.0;0.0;0.0;0.0;0.0;0.0;0.0;0.0;0.0;0.0;0.0;0.0;0.0;0.0;0.0;0.0;0.0;0.0;0.0;0.0;0.0;0.0
Sobral;BOQUEIRAO;-3.65025;-40.450222222222;2007;1;20.0;0.0;12.0;0.0;0.0;0.0;0.0;8.0;0.0;0.0;0.0;0.0;0.0;0.0;0.0;0.0;0.0;0.0;0.0;0.0;0.0;0.0;0.0;0.0;0.0;0.0;0.0;0.0;0.0;0.0;0.0;0.0
Sobral;BOQUEIRAO;-3.65025;-40.450222222222;2007;2;161.9;0.0;2.0;10.0;4.0;14.0;0.0;0.0;0.0;0.0;0.0;0.0;5.0;8.9;10.2;5.1;10.2;4.3;7.2;35.2;0.0;2.1;7.4;9.3;0.0;18.0;9.0;0.0;0.0;888.0;888.0;888.0
Sobral;BOQUEIRAO;-3.65025;-40.450222222222;2007;3;270.5;40.1;0.0;0.0;0.0;0.0;15.4;13.0;0.0;0.0;5.0;20.0;0.0;0.0;3.2;9.3;80.0;13.4;11.2;11.0;0.0;5.3;15.0;18.4;0.0;0.0;0.0;0.0;10.2;0.0;0.0;0.0
Sobral;BOQUEIRAO;-3.65025;-40.450222222222;2007;4;181.0;7.0;0.0;0.0;0.0;0.0;0.0;0.0;0.0;0.0;40.4;0.0;0.0;0.0;0.0;0.0;6.2;70.0;2.0;0.0;0.0;0.0;0.0;1.3;2.1;1.0;13.0;0.0;23.0;11.0;4.0;888.0
Sobral;BOQUEIRAO;-3.65025;-40.450222222222;2007;5;52.7;14.0;0.0;4.3;0.0;0.0;0.0;0.0;0.0;8.2;0.0;0.0;0.0;0.0;9.2;0.0;0.0;0.0;0.0;0.0;0.0;17.0;0.0;0.0;0.0;0.0;0.0;0.0;0.0;0.0;0.0;0.0
Sobral;BOQUEIRAO;-3.65025;-40.450222222222;2007;6;0.0;0.0;0.0;0.0;0.0;0.0;0.0;0.0;0.0;0.0;0.0;0.0;0.0;0.0;0.0;0.0;0.0;0.0;0.0;0.0;0.0;0.0;0.0;0.0;0.0;0.0;0.0;0.0;0.0;0.0;0.0;888.0
Sobral;BOQUEIRAO;-3.65025;-40.450222222222;2007;7;0.0;0.0;0.0;0.0;0.0;0.0;0.0;0.0;0.0;0.0;0.0;0.0;0.0;0.0;0.0;0.0;0.0;0.0;0.0;0.0;0.0;0.0;0.0;0.0;0.0;0.0;0.0;0.0;0.0;0.0;0.0;0.0
Sobral;BOQUEIRAO;-3.65025;-40.450222222222;2007;8;0.0;0.0;0.0;0.0;0.0;0.0;0.0;0.0;0.0;0.0;0.0;0.0;0.0;0.0;0.0;0.0;0.0;0.0;0.0;0.0;0.0;0.0;0.0;0.0;0.0;0.0;0.0;0.0;0.0;0.0;0.0;0.0
Sobral;BOQUEIRAO;-3.65025;-40.450222222222;2007;9;0.0;0.0;0.0;0.0;0.0;0.0;0.0;0.0;0.0;0.0;0.0;0.0;0.0;0.0;0.0;0.0;0.0;0.0;0.0;0.0;0.0;0.0;0.0;0.0;0.0;0.0;0.0;0.0;0.0;0.0;0.0;888.0
Sobral;BOQUEIRAO;-3.65025;-40.450222222222;2007;10;0.0;0.0;0.0;0.0;0.0;0.0;0.0;0.0;0.0;0.0;0.0;0.0;0.0;0.0;0.0;0.0;0.0;0.0;0.0;0.0;0.0;0.0;0.0;0.0;0.0;0.0;0.0;0.0;0.0;0.0;0.0;0.0
Sobral;BOQUEIRAO;-3.65025;-40.450222222222;2007;11;0.0;0.0;0.0;0.0;0.0;0.0;0.0;0.0;0.0;0.0;0.0;0.0;0.0;0.0;0.0;0.0;0.0;0.0;0.0;0.0;0.0;0.0;0.0;0.0;0.0;0.0;0.0;0.0;0.0;0.0;0.0;888.0
Sobral;BOQUEIRAO;-3.65025;-40.450222222222;2007;12;13.4;0.0;0.0;0.0;0.0;0.0;0.0;0.0;13.4;0.0;0.0;0.0;0.0;999.0;999.0;999.0;999.0;999.0;999.0;999.0;999.0;999.0;999.0;999.0;999.0;999.0;999.0;999.0;999.0;999.0;999.0;999.0
Sobral;BOQUEIRAO;-3.65025;-40.450222222222;2008;1;122.0;0.0;0.0;0.0;5.4;0.0;0.0;7.3;0.0;0.0;0.0;0.0;0.0;5.4;8.4;3.1;49.2;5.2;0.0;0.0;15.2;9.1;2.0;3.3;8.4;0.0;0.0;0.0;0.0;0.0;0.0;0.0
Sobral;BOQUEIRAO;-3.65025;-40.450222222222;2008;2;66.3;2.0;0.0;17.2;0.0;0.0;0.0;0.0;0.0;0.0;0.0;0.0;0.0;0.0;0.0;0.0;18.3;0.0;0.0;0.0;0.0;19.1;0.0;0.0;0.0;0.0;0.0;0.0;0.0;9.7;888.0;888.0
Sobral;BOQUEIRAO;-3.65025;-40.450222222222;2008;3;216.4;6.1;0.0;6.2;12.2;0.0;0.0;18.3;11.3;1.0;4.0;0.0;5.9;0.0;0.0;4.3;0.0;0.0;0.0;24.0;50.7;0.0;0.0;16.2;0.0;0.0;56.2;0.0;0.0;0.0;0.0;0.0
Sobral;BOQUEIRAO;-3.65025;-40.450222222222;2008;4;292.4;16.3;19.4;0.0;9.5;111.0;6.4;0.0;48.3;8.0;6.2;6.1;3.0;0.0;5.1;9.7;0.0;0.0;4.2;5.1;0.0;10.7;6.2;0.0;17.2;0.0;0.0;0.0;0.0;0.0;0.0;888.0
Sobral;BOQUEIRAO;-3.65025;-40.450222222222;2008;5;111.1;0.0;0.0;0.0;45.2;11.1;0.0;27.0;0.0;0.0;7.1;12.9;7.8;0.0;0.0;0.0;0.0;0.0;0.0;0.0;0.0;0.0;0.0;0.0;0.0;0.0;0.0;0.0;0.0;0.0;0.0;0.0
Sobral;BOQUEIRAO;-3.65025;-40.450222222222;2008;6;0.0;0.0;0.0;0.0;0.0;0.0;0.0;0.0;0.0;0.0;0.0;0.0;0.0;0.0;0.0;0.0;0.0;0.0;0.0;0.0;0.0;0.0;0.0;0.0;0.0;0.0;0.0;0.0;0.0;0.0;0.0;888.0
Sobral;BOQUEIRAO;-3.65025;-40.450222222222;2008;7;0.0;0.0;0.0;0.0;0.0;0.0;0.0;0.0;0.0;0.0;0.0;0.0;0.0;0.0;0.0;0.0;0.0;0.0;0.0;0.0;0.0;0.0;0.0;0.0;0.0;0.0;0.0;0.0;0.0;0.0;0.0;0.0
Sobral;BOQUEIRAO;-3.65025;-40.450222222222;2008;8;0.0;0.0;0.0;0.0;0.0;0.0;0.0;0.0;0.0;0.0;0.0;0.0;0.0;0.0;0.0;0.0;0.0;0.0;0.0;0.0;0.0;0.0;0.0;0.0;0.0;0.0;999.0;0.0;0.0;0.0;0.0;0.0
Sobral;BOQUEIRAO;-3.65025;-40.450222222222;2008;9;0.0;0.0;0.0;0.0;0.0;0.0;0.0;0.0;0.0;0.0;0.0;0.0;0.0;0.0;0.0;0.0;0.0;0.0;0.0;0.0;0.0;0.0;0.0;0.0;0.0;0.0;0.0;0.0;0.0;0.0;0.0;888.0
Sobral;BOQUEIRAO;-3.65025;-40.450222222222;2008;10;0.0;0.0;0.0;0.0;0.0;0.0;0.0;0.0;0.0;0.0;0.0;0.0;0.0;0.0;0.0;0.0;0.0;0.0;0.0;0.0;0.0;0.0;0.0;0.0;0.0;0.0;0.0;0.0;0.0;0.0;0.0;0.0
Sobral;BOQUEIRAO;-3.65025;-40.450222222222;2008;11;0.0;0.0;0.0;0.0;0.0;0.0;0.0;0.0;0.0;0.0;0.0;0.0;0.0;0.0;0.0;0.0;0.0;0.0;0.0;0.0;0.0;0.0;0.0;0.0;0.0;0.0;0.0;0.0;0.0;0.0;0.0;888.0
Sobral;BOQUEIRAO;-3.65025;-40.450222222222;2008;12;0.0;0.0;0.0;0.0;0.0;0.0;0.0;0.0;0.0;0.0;0.0;0.0;0.0;0.0;0.0;0.0;0.0;0.0;0.0;0.0;0.0;0.0;0.0;0.0;0.0;0.0;0.0;0.0;0.0;0.0;0.0;0.0
Sobral;BOQUEIRAO;-3.65025;-40.450222222222;2009;1;130.5;11.0;0.0;0.0;0.0;0.0;0.0;0.0;0.0;0.0;0.0;0.0;0.0;0.0;0.0;0.0;0.0;3.0;0.0;0.0;26.2;0.0;38.1;39.0;0.0;8.2;4.0;0.0;0.0;1.0;0.0;0.0
Sobral;BOQUEIRAO;-3.65025;-40.450222222222;2009;2;176.8;1.0;0.0;12.3;4.0;0.0;0.0;0.0;0.0;0.0;0.0;0.0;0.0;4.0;2.0;7.0;28.3;0.0;7.0;0.0;5.0;13.0;54.2;4.0;0.0;5.0;0.0;25.0;5.0;888.0;888.0;888.0
Sobral;BOQUEIRAO;-3.65025;-40.450222222222;2009;3;107.9;1.0;2.0;2.0;10.0;0.0;21.0;7.2;9.2;0.0;0.0;0.0;0.0;0.0;0.0;3.0;9.1;4.2;4.1;3.0;0.0;5.2;8.2;14.3;0.0;0.0;4.4;0.0;0.0;0.0;0.0;0.0
Sobral;BOQUEIRAO;-3.65025;-40.450222222222;2009;4;293.4;40.2;0.0;3.2;7.3;0.0;0.0;0.0;26.0;10.4;44.5;0.0;8.0;0.0;0.0;0.0;0.0;0.0;0.0;20.0;0.0;49.3;0.0;3.3;9.2;0.0;0.0;8.0;39.0;25.0;0.0;888.0
Sobral;BOQUEIRAO;-3.65025;-40.450222222222;2009;5;284.3;5.2;27.5;1.0;0.0;75.0;23.0;0.0;16.2;0.0;3.0;10.2;0.0;8.1;9.2;2.2;0.0;3.0;6.1;0.0;21.0;16.2;13.4;8.0;7.0;25.0;4.0;0.0;0.0;0.0;0.0;0.0
Sobral;BOQUEIRAO;-3.65025;-40.450222222222;2009;6;95.5;0.0;9.1;47.1;2.3;0.0;0.0;0.0;0.0;5.0;0.0;0.0;0.0;0.0;0.0;0.0;0.0;0.0;0.0;7.0;0.0;0.0;25.0;0.0;0.0;0.0;0.0;0.0;0.0;0.0;0.0;888.0
Sobral;BOQUEIRAO;-3.65025;-40.450222222222;2009;7;0.0;0.0;0.0;0.0;0.0;0.0;0.0;0.0;0.0;0.0;0.0;0.0;0.0;0.0;0.0;0.0;0.0;0.0;0.0;0.0;0.0;0.0;0.0;0.0;0.0;0.0;0.0;0.0;0.0;0.0;0.0;0.0
Sobral;BOQUEIRAO;-3.65025;-40.450222222222;2009;8;0.0;0.0;0.0;0.0;0.0;0.0;0.0;0.0;0.0;0.0;0.0;0.0;0.0;0.0;0.0;0.0;0.0;0.0;0.0;0.0;0.0;0.0;0.0;0.0;0.0;0.0;0.0;0.0;0.0;0.0;0.0;0.0
Sobral;BOQUEIRAO;-3.65025;-40.450222222222;2009;9;0.0;0.0;0.0;0.0;0.0;0.0;0.0;0.0;0.0;0.0;0.0;0.0;0.0;0.0;0.0;0.0;0.0;0.0;0.0;0.0;0.0;0.0;0.0;0.0;0.0;0.0;0.0;0.0;0.0;0.0;0.0;888.0
Sobral;BOQUEIRAO;-3.65025;-40.450222222222;2009;10;0.0;0.0;0.0;0.0;0.0;0.0;0.0;0.0;0.0;0.0;0.0;0.0;0.0;0.0;0.0;0.0;0.0;0.0;0.0;0.0;0.0;0.0;0.0;0.0;0.0;0.0;0.0;0.0;0.0;0.0;0.0;0.0
Sobral;BOQUEIRAO;-3.65025;-40.450222222222;2009;11;0.0;0.0;0.0;0.0;0.0;0.0;0.0;0.0;0.0;0.0;0.0;0.0;0.0;0.0;0.0;0.0;0.0;0.0;0.0;0.0;0.0;0.0;0.0;0.0;0.0;0.0;0.0;0.0;0.0;0.0;0.0;888.0
Sobral;BOQUEIRAO;-3.65025;-40.450222222222;2009;12;0.0;0.0;0.0;0.0;0.0;0.0;0.0;0.0;0.0;0.0;0.0;0.0;0.0;0.0;0.0;0.0;0.0;0.0;0.0;0.0;0.0;0.0;0.0;0.0;0.0;0.0;0.0;0.0;0.0;0.0;0.0;0.0
Sobral;BOQUEIRAO;-3.65025;-40.450222222222;2010;1;107.4;0.0;0.0;9.2;0.0;0.0;0.0;0.0;0.0;15.1;0.0;0.0;0.0;0.0;0.0;0.0;0.0;0.0;0.0;0.0;46.0;0.0;0.0;0.0;0.0;1.0;0.0;27.1;3.0;6.0;0.0;0.0
Sobral;BOQUEIRAO;-3.65025;-40.450222222222;2010;2;6.2;0.0;0.0;0.0;0.0;0.0;0.0;0.0;6.2;0.0;0.0;0.0;0.0;0.0;0.0;0.0;0.0;0.0;0.0;0.0;0.0;0.0;0.0;0.0;0.0;0.0;0.0;0.0;0.0;888.0;888.0;888.0
Sobral;BOQUEIRAO;-3.65025;-40.450222222222;2010;3;74.6;0.0;0.0;0.0;0.0;0.0;0.0;0.0;0.0;0.0;0.0;0.0;0.0;23.3;0.0;0.0;0.0;0.0;0.0;0.0;0.0;4.0;0.0;0.0;0.0;0.0;0.0;0.0;29.2;7.1;11.0;0.0
Sobral;BOQUEIRAO;-3.65025;-40.450222222222;2010;4;303.8;75.0;5.0;50.1;28.0;0.0;0.0;0.0;8.2;0.0;0.0;0.0;0.0;0.0;0.0;0.0;5.0;2.3;0.0;8.1;15.3;19.3;29.5;0.0;0.0;0.0;0.0;0.0;0.0;19.0;39.0;888.0
Sobral;BOQUEIRAO;-3.65025;-40.450222222222;2010;5;22.0;0.0;0.0;6.0;0.0;3.0;13.0;0.0;0.0;0.0;0.0;0.0;0.0;0.0;0.0;0.0;0.0;0.0;0.0;0.0;0.0;0.0;0.0;0.0;0.0;0.0;0.0;0.0;0.0;0.0;0.0;0.0
Sobral;BOQUEIRAO;-3.65025;-40.450222222222;2010;6;0.0;0.0;0.0;0.0;0.0;0.0;0.0;0.0;0.0;0.0;0.0;0.0;0.0;0.0;0.0;0.0;0.0;0.0;0.0;0.0;0.0;0.0;0.0;0.0;0.0;0.0;0.0;0.0;0.0;0.0;0.0;888.0
Sobral;BOQUEIRAO;-3.65025;-40.450222222222;2010;7;0.0;0.0;0.0;0.0;0.0;0.0;0.0;0.0;999.0;999.0;999.0;999.0;999.0;999.0;999.0;999.0;999.0;999.0;999.0;999.0;999.0;999.0;999.0;999.0;999.0;999.0;999.0;999.0;999.0;999.0;999.0;999.0
Sobral;BOQUEIRAO;-3.65025;-40.450222222222;2011;1;213.7;0.0;25.0;7.1;0.0;6.0;0.0;0.0;0.0;16.2;16.1;0.0;0.0;0.0;0.0;0.0;0.0;13.4;5.0;8.1;0.0;0.0;0.0;22.1;29.0;0.0;0.0;0.0;0.0;10.4;2.3;53.0
Sobral;BOQUEIRAO;-3.65025;-40.450222222222;2011;2;162.4;0.0;0.0;11.3;0.0;0.0;0.0;0.0;0.0;0.0;4.0;0.0;11.1;0.0;0.0;0.0;0.0;0.0;20.0;10.2;0.0;0.0;34.0;13.2;3.0;2.0;21.0;23.3;9.3;888.0;888.0;888.0
Sobral;BOQUEIRAO;-3.65025;-40.450222222222;2011;3;122.1;41.3;0.0;9.3;23.3;8.2;3.3;19.3;6.2;10.2;1.0;0.0;0.0;0.0;0.0;0.0;0.0;0.0;0.0;0.0;0.0;0.0;0.0;0.0;0.0;0.0;0.0;0.0;0.0;0.0;0.0;0.0
Sobral;BOQUEIRAO;-3.65025;-40.450222222222;2011;4;0.0;0.0;0.0;0.0;0.0;0.0;0.0;0.0;0.0;0.0;0.0;0.0;0.0;0.0;0.0;0.0;0.0;0.0;0.0;0.0;0.0;0.0;0.0;0.0;0.0;0.0;0.0;0.0;0.0;0.0;0.0;888.0
Sobral;BOQUEIRAO;-3.65025;-40.450222222222;2011;5;148.1;8.0;5.0;4.0;6.0;10.0;7.0;9.0;27.2;15.0;5.9;3.0;10.0;7.0;5.0;11.0;0.0;0.0;15.0;0.0;0.0;0.0;0.0;0.0;0.0;0.0;0.0;0.0;0.0;0.0;0.0;0.0
Sobral;BOQUEIRAO;-3.65025;-40.450222222222;2011;6;0.0;0.0;0.0;0.0;0.0;0.0;0.0;0.0;0.0;0.0;0.0;0.0;0.0;0.0;0.0;0.0;0.0;0.0;0.0;0.0;0.0;0.0;0.0;0.0;0.0;0.0;0.0;0.0;0.0;0.0;0.0;888.0
Sobral;BOQUEIRAO;-3.65025;-40.450222222222;2011;7;0.0;0.0;0.0;0.0;0.0;0.0;0.0;0.0;0.0;0.0;0.0;0.0;0.0;0.0;0.0;0.0;0.0;0.0;0.0;0.0;0.0;0.0;0.0;0.0;0.0;0.0;0.0;0.0;0.0;0.0;0.0;0.0
Sobral;BOQUEIRAO;-3.65025;-40.450222222222;2011;8;0.0;0.0;0.0;0.0;0.0;0.0;0.0;0.0;0.0;0.0;0.0;0.0;0.0;0.0;0.0;0.0;0.0;0.0;0.0;0.0;0.0;0.0;0.0;0.0;0.0;0.0;0.0;0.0;0.0;0.0;0.0;0.0
Sobral;BOQUEIRAO;-3.65025;-40.450222222222;2011;9;0.0;0.0;0.0;0.0;0.0;0.0;0.0;0.0;0.0;0.0;0.0;0.0;0.0;0.0;0.0;0.0;0.0;0.0;0.0;0.0;0.0;0.0;0.0;0.0;0.0;0.0;0.0;0.0;0.0;0.0;0.0;888.0
Sobral;BOQUEIRAO;-3.65025;-40.450222222222;2011;10;0.0;0.0;0.0;0.0;0.0;0.0;0.0;0.0;0.0;0.0;0.0;0.0;0.0;0.0;0.0;0.0;0.0;0.0;0.0;0.0;0.0;0.0;0.0;0.0;0.0;0.0;0.0;0.0;0.0;0.0;0.0;0.0
Sobral;BOQUEIRAO;-3.65025;-40.450222222222;2011;11;0.0;0.0;0.0;0.0;0.0;0.0;0.0;0.0;0.0;0.0;0.0;0.0;0.0;0.0;0.0;0.0;0.0;0.0;0.0;0.0;0.0;0.0;0.0;0.0;0.0;0.0;0.0;0.0;0.0;0.0;0.0;888.0
Sobral;BOQUEIRAO;-3.65025;-40.450222222222;2011;12;0.0;0.0;0.0;0.0;0.0;0.0;0.0;0.0;0.0;0.0;0.0;0.0;0.0;0.0;0.0;0.0;0.0;0.0;0.0;0.0;0.0;0.0;0.0;0.0;0.0;0.0;0.0;0.0;0.0;0.0;0.0;0.0
Sobral;BOQUEIRAO;-3.65025;-40.450222222222;2012;1;19.0;0.0;0.0;0.0;0.0;0.0;0.0;0.0;0.0;0.0;0.0;0.0;0.0;0.0;0.0;0.0;0.0;0.0;0.0;0.0;0.0;0.0;17.0;2.0;0.0;0.0;0.0;0.0;0.0;0.0;0.0;0.0
Sobral;BOQUEIRAO;-3.65025;-40.450222222222;2012;2;0.0;0.0;0.0;0.0;0.0;0.0;0.0;0.0;0.0;0.0;0.0;0.0;0.0;0.0;0.0;0.0;0.0;0.0;0.0;0.0;0.0;0.0;0.0;0.0;0.0;0.0;0.0;0.0;0.0;0.0;888.0;888.0
Sobral;BOQUEIRAO;-3.65025;-40.450222222222;2012;3;21.0;0.0;0.0;0.0;0.0;21.0;0.0;0.0;0.0;0.0;0.0;0.0;0.0;0.0;0.0;0.0;0.0;0.0;0.0;0.0;0.0;0.0;0.0;0.0;0.0;0.0;0.0;0.0;0.0;0.0;0.0;0.0
Sobral;BOQUEIRAO;-3.65025;-40.450222222222;2012;4;0.0;0.0;0.0;0.0;0.0;0.0;0.0;0.0;0.0;0.0;999.0;999.0;999.0;999.0;999.0;999.0;999.0;999.0;999.0;999.0;999.0;999.0;999.0;999.0;999.0;999.0;999.0;999.0;999.0;999.0;999.0;888.0
Sobral;BOQUEIRAO;-3.65025;-40.450222222222;2013;1;73.6;0.0;0.0;23.2;37.2;0.0;0.0;0.0;0.0;0.0;0.0;0.0;0.0;0.0;0.0;0.0;0.0;0.0;0.0;7.0;0.0;0.0;0.0;0.0;0.0;0.0;6.2;0.0;0.0;0.0;0.0;0.0
Sobral;BOQUEIRAO;-3.65025;-40.450222222222;2013;2;49.8;0.0;0.0;0.0;0.0;0.0;0.0;0.0;0.0;0.0;0.0;0.0;0.0;10.2;0.0;3.1;17.3;19.2;0.0;0.0;0.0;0.0;0.0;0.0;0.0;0.0;0.0;0.0;0.0;888.0;888.0;888.0
Sobral;BOQUEIRAO;-3.65025;-40.450222222222;2013;3;98.3;0.0;0.0;0.0;0.0;0.0;0.0;0.0;0.0;0.0;0.0;0.0;0.0;0.0;2.3;0.0;0.0;0.0;0.0;33.2;0.0;32.2;0.0;0.0;14.3;0.0;0.0;0.0;0.0;8.0;0.0;8.3
Sobral;BOQUEIRAO;-3.65025;-40.450222222222;2013;4;129.7;23.0;0.0;0.0;0.0;0.0;0.0;0.0;0.0;7.2;0.0;0.0;0.0;0.0;0.0;0.0;0.0;2.1;1.1;7.0;27.6;0.0;5.3;0.2;0.0;0.0;0.0;0.0;18.0;0.0;38.2;888.0
Sobral;BOQUEIRAO;-3.65025;-40.450222222222;2013;5;119.3;0.0;0.0;0.0;0.0;7.0;0.0;0.0;0.0;7.0;0.0;0.0;16.3;0.0;39.0;0.0;0.0;0.0;29.0;0.0;0.0;0.0;0.0;14.0;0.0;7.0;0.0;0.0;0.0;0.0;0.0;0.0
Sobral;BOQUEIRAO;-3.65025;-40.450222222222;2013;6;78.0;0.0;0.0;0.0;42.0;15.0;0.0;0.0;0.0;0.0;0.0;0.0;0.0;0.0;0.0;0.0;0.0;0.0;0.0;0.0;0.0;5.0;0.0;16.0;0.0;0.0;0.0;0.0;0.0;0.0;0.0;888.0
Sobral;BOQUEIRAO;-3.65025;-40.450222222222;2013;7;0.0;0.0;0.0;0.0;0.0;0.0;0.0;0.0;0.0;0.0;0.0;0.0;0.0;0.0;0.0;0.0;0.0;0.0;0.0;0.0;0.0;0.0;0.0;0.0;0.0;0.0;0.0;0.0;0.0;0.0;0.0;0.0
Sobral;BOQUEIRAO;-3.65025;-40.450222222222;2013;8;0.0;0.0;0.0;0.0;0.0;0.0;0.0;0.0;0.0;0.0;0.0;0.0;0.0;0.0;0.0;0.0;0.0;0.0;0.0;0.0;0.0;0.0;0.0;0.0;0.0;0.0;0.0;0.0;0.0;0.0;0.0;0.0
Sobral;BOQUEIRAO;-3.65025;-40.450222222222;2013;9;0.0;0.0;0.0;0.0;0.0;0.0;0.0;0.0;0.0;0.0;0.0;0.0;0.0;0.0;0.0;0.0;0.0;0.0;0.0;0.0;0.0;0.0;0.0;0.0;0.0;0.0;0.0;0.0;0.0;0.0;0.0;888.0
Sobral;BOQUEIRAO;-3.65025;-40.450222222222;2013;10;0.0;0.0;0.0;0.0;0.0;0.0;0.0;0.0;0.0;0.0;0.0;0.0;0.0;0.0;0.0;0.0;0.0;0.0;0.0;0.0;0.0;0.0;0.0;0.0;0.0;0.0;0.0;0.0;0.0;0.0;0.0;0.0
Sobral;BOQUEIRAO;-3.65025;-40.450222222222;2013;11;60.0;0.0;0.0;60.0;0.0;0.0;0.0;0.0;0.0;0.0;0.0;0.0;0.0;0.0;0.0;0.0;0.0;0.0;0.0;0.0;0.0;0.0;0.0;0.0;0.0;0.0;0.0;0.0;0.0;0.0;0.0;888.0
Sobral;BOQUEIRAO;-3.65025;-40.450222222222;2013;12;0.0;0.0;0.0;0.0;0.0;0.0;0.0;0.0;0.0;0.0;0.0;0.0;0.0;0.0;0.0;0.0;0.0;0.0;0.0;0.0;0.0;0.0;0.0;0.0;0.0;0.0;0.0;0.0;0.0;0.0;0.0;0.0
Sobral;BOQUEIRAO;-3.65025;-40.450222222222;2014;1;76.6;0.0;0.0;0.0;1.2;0.0;1.4;8.0;0.0;18.2;0.0;0.0;5.3;15.2;0.0;0.0;0.0;0.0;0.0;0.0;0.0;0.0;0.0;0.0;0.0;0.0;27.3;0.0;0.0;0.0;0.0;0.0
Sobral;BOQUEIRAO;-3.65025;-40.450222222222;2014;2;163.0;0.0;0.0;0.0;0.0;0.0;0.0;0.0;6.0;0.0;0.0;0.0;9.0;16.2;26.3;32.2;31.0;0.0;0.0;30.0;12.3;0.0;0.0;0.0;0.0;0.0;0.0;0.0;0.0;888.0;888.0;888.0
Sobral;BOQUEIRAO;-3.65025;-40.450222222222;2014;3;92.0;0.0;0.0;0.0;11.2;0.0;0.0;0.0;0.0;0.0;0.0;8.3;0.0;13.2;0.0;14.1;8.0;0.0;11.2;0.0;0.0;0.0;0.0;0.0;0.0;0.0;0.0;0.0;0.0;10.0;16.0;0.0
Sobral;BOQUEIRAO;-3.65025;-40.450222222222;2014;4;150.9;8.0;0.0;60.0;1.0;15.1;1.0;7.1;8.0;6.0;9.0;4.0;3.0;1.0;0.0;0.0;0.0;0.0;0.0;0.0;0.0;5.4;2.0;5.0;0.0;0.0;0.0;0.0;5.3;10.0;0.0;888.0
Sobral;BOQUEIRAO;-3.65025;-40.450222222222;2014;5;126.0;33.3;0.0;3.0;0.0;0.0;4.0;0.0;0.0;0.0;0.0;0.0;29.4;0.0;5.0;0.0;0.0;12.4;0.0;0.0;0.0;12.3;16.2;2.2;0.0;0.0;0.0;0.0;8.2;0.0;0.0;0.0
Sobral;BOQUEIRAO;-3.65025;-40.450222222222;2014;6;0.0;0.0;0.0;0.0;0.0;0.0;0.0;0.0;0.0;0.0;0.0;0.0;0.0;0.0;0.0;0.0;0.0;0.0;0.0;0.0;0.0;0.0;0.0;0.0;0.0;0.0;0.0;0.0;0.0;0.0;0.0;888.0
Sobral;BOQUEIRAO;-3.65025;-40.450222222222;2014;7;0.0;0.0;0.0;0.0;0.0;0.0;0.0;0.0;0.0;0.0;0.0;0.0;0.0;0.0;0.0;0.0;0.0;0.0;0.0;0.0;0.0;0.0;0.0;0.0;0.0;0.0;0.0;0.0;0.0;0.0;0.0;0.0
Sobral;BOQUEIRAO;-3.65025;-40.450222222222;2014;8;0.0;0.0;0.0;0.0;0.0;0.0;0.0;0.0;0.0;0.0;0.0;0.0;0.0;0.0;0.0;0.0;0.0;0.0;0.0;0.0;0.0;0.0;0.0;0.0;0.0;0.0;0.0;0.0;0.0;0.0;0.0;0.0
Sobral;BOQUEIRAO;-3.65025;-40.450222222222;2014;9;0.0;0.0;0.0;0.0;0.0;0.0;0.0;0.0;0.0;0.0;0.0;0.0;0.0;0.0;0.0;0.0;0.0;0.0;0.0;0.0;999.0;999.0;999.0;999.0;999.0;999.0;999.0;999.0;999.0;999.0;999.0;888.0
Sobral;BOQUEIRAO;-3.65025;-40.450222222222;2015;1;16.5;0.0;0.0;0.0;3.2;0.0;0.0;0.0;0.0;0.0;0.0;0.0;0.0;0.0;0.0;0.0;0.0;0.0;0.0;11.2;0.0;2.1;0.0;0.0;0.0;0.0;0.0;0.0;0.0;0.0;0.0;0.0
Sobral;BOQUEIRAO;-3.65025;-40.450222222222;2015;2;130.5;0.0;15.0;0.0;3.2;0.0;0.0;0.0;0.0;0.0;0.0;0.0;0.0;0.0;0.0;0.0;0.0;27.2;7.2;14.2;0.0;4.3;0.0;13.2;2.0;0.0;0.0;42.2;2.0;888.0;888.0;888.0
Sobral;BOQUEIRAO;-3.65025;-40.450222222222;2015;3;186.2;0.0;25.1;0.0;6.0;0.0;19.3;0.0;0.0;7.0;18.2;0.0;2.0;0.0;0.0;0.0;0.0;0.0;0.0;0.0;0.0;38.2;20.0;0.0;0.0;7.0;0.0;0.0;0.0;9.2;12.2;22.0
Sobral;BOQUEIRAO;-3.65025;-40.450222222222;2015;4;153.1;1.2;4.0;10.2;5.2;5.1;0.0;0.0;0.0;0.0;0.0;6.0;3.0;25.3;0.0;7.1;0.0;0.0;0.0;0.0;0.0;3.0;0.0;83.0;0.0;0.0;0.0;0.0;0.0;0.0;0.0;888.0
Sobral;BOQUEIRAO;-3.65025;-40.450222222222;2015;5;0.0;0.0;0.0;0.0;0.0;0.0;0.0;0.0;0.0;0.0;0.0;0.0;0.0;0.0;0.0;0.0;0.0;0.0;0.0;0.0;0.0;0.0;0.0;0.0;0.0;0.0;0.0;0.0;0.0;0.0;0.0;0.0
Sobral;BOQUEIRAO;-3.65025;-40.450222222222;2015;6;0.0;0.0;0.0;0.0;0.0;0.0;0.0;0.0;0.0;0.0;0.0;0.0;0.0;0.0;0.0;0.0;0.0;0.0;0.0;0.0;0.0;0.0;0.0;0.0;0.0;0.0;0.0;0.0;0.0;0.0;0.0;888.0
Sobral;BOQUEIRAO;-3.65025;-40.450222222222;2015;7;24.0;0.0;0.0;0.0;0.0;24.0;0.0;0.0;0.0;0.0;0.0;0.0;0.0;0.0;0.0;0.0;0.0;0.0;0.0;0.0;0.0;0.0;0.0;0.0;0.0;0.0;0.0;0.0;0.0;0.0;0.0;0.0
Sobral;BOQUEIRAO;-3.65025;-40.450222222222;2015;8;0.0;0.0;0.0;0.0;0.0;0.0;0.0;0.0;0.0;0.0;0.0;0.0;0.0;999.0;999.0;999.0;999.0;999.0;999.0;999.0;999.0;999.0;999.0;999.0;999.0;999.0;999.0;999.0;999.0;999.0;999.0;999.0
Sobral;BOQUEIRAO;-3.65025;-40.450222222222;2015;10;0.0;0.0;0.0;0.0;0.0;0.0;0.0;0.0;0.0;0.0;0.0;0.0;0.0;0.0;0.0;0.0;0.0;0.0;0.0;0.0;0.0;0.0;0.0;0.0;0.0;0.0;0.0;0.0;0.0;0.0;0.0;0.0
Sobral;BOQUEIRAO;-3.65025;-40.450222222222;2015;11;0.0;0.0;0.0;0.0;0.0;0.0;0.0;0.0;0.0;0.0;0.0;0.0;0.0;0.0;0.0;0.0;0.0;0.0;0.0;0.0;0.0;0.0;0.0;0.0;0.0;0.0;0.0;0.0;0.0;0.0;0.0;888.0
Sobral;BOQUEIRAO;-3.65025;-40.450222222222;2015;12;0.0;0.0;0.0;0.0;0.0;0.0;0.0;0.0;0.0;0.0;0.0;0.0;0.0;0.0;0.0;0.0;0.0;0.0;0.0;0.0;0.0;0.0;0.0;0.0;0.0;0.0;0.0;0.0;0.0;0.0;0.0;0.0
Sobral;BOQUEIRAO;-3.65025;-40.450222222222;2016;1;136.3;0.0;0.0;0.0;0.0;0.0;0.0;0.0;58.0;1.2;0.0;0.0;0.0;0.0;1.3;0.0;0.0;0.0;8.0;6.0;0.0;18.2;0.0;5.2;18.2;2.0;1.0;9.0;0.0;0.0;0.0;8.2
Sobral;BOQUEIRAO;-3.65025;-40.450222222222;2016;2;60.1;7.0;2.3;2.2;0.0;0.0;0.0;0.0;0.0;4.3;0.0;0.0;0.0;0.0;21.0;0.0;0.0;0.0;0.0;0.0;23.3;0.0;0.0;0.0;0.0;0.0;0.0;0.0;0.0;0.0;888.0;888.0
Sobral;BOQUEIRAO;-3.65025;-40.450222222222;2016;3;139.9;0.0;0.0;12.2;0.0;0.0;0.0;0.0;7.3;3.1;0.0;0.0;0.0;0.0;60.0;0.0;0.0;0.0;0.0;0.0;0.0;0.0;0.0;0.0;0.0;0.0;17.0;12.0;21.0;7.3;0.0;0.0
Sobral;BOQUEIRAO;-3.65025;-40.450222222222;2016;4;0.0;0.0;0.0;0.0;0.0;0.0;0.0;0.0;0.0;0.0;0.0;0.0;0.0;0.0;0.0;0.0;0.0;0.0;0.0;0.0;0.0;0.0;0.0;0.0;0.0;0.0;0.0;0.0;0.0;0.0;0.0;888.0
Sobral;BOQUEIRAO;-3.65025;-40.450222222222;2016;5;0.0;0.0;0.0;0.0;0.0;0.0;0.0;0.0;0.0;0.0;0.0;0.0;0.0;0.0;0.0;0.0;0.0;0.0;0.0;0.0;0.0;0.0;0.0;0.0;0.0;0.0;0.0;0.0;0.0;0.0;0.0;0.0
Sobral;BOQUEIRAO;-3.65025;-40.450222222222;2016;6;0.0;0.0;0.0;0.0;0.0;0.0;0.0;0.0;0.0;0.0;0.0;0.0;0.0;0.0;0.0;0.0;0.0;0.0;0.0;0.0;0.0;0.0;0.0;0.0;0.0;0.0;0.0;0.0;0.0;0.0;0.0;888.0
Sobral;BOQUEIRAO;-3.65025;-40.450222222222;2016;7;0.0;0.0;0.0;0.0;0.0;0.0;0.0;0.0;0.0;0.0;0.0;0.0;0.0;0.0;0.0;0.0;0.0;0.0;0.0;0.0;0.0;0.0;0.0;0.0;0.0;0.0;0.0;0.0;0.0;0.0;0.0;0.0
Sobral;BOQUEIRAO;-3.65025;-40.450222222222;2016;8;0.0;0.0;0.0;0.0;0.0;0.0;0.0;0.0;0.0;0.0;0.0;0.0;0.0;0.0;0.0;0.0;0.0;0.0;0.0;0.0;0.0;0.0;0.0;0.0;0.0;0.0;0.0;0.0;0.0;0.0;0.0;0.0
Sobral;BOQUEIRAO;-3.65025;-40.450222222222;2016;9;0.0;0.0;0.0;0.0;0.0;0.0;0.0;0.0;0.0;0.0;0.0;0.0;0.0;0.0;0.0;0.0;0.0;0.0;0.0;0.0;0.0;0.0;0.0;0.0;0.0;0.0;0.0;0.0;0.0;0.0;0.0;888.0
Sobral;BOQUEIRAO;-3.65025;-40.450222222222;2016;10;0.0;0.0;0.0;0.0;0.0;0.0;0.0;0.0;0.0;0.0;0.0;0.0;0.0;0.0;0.0;0.0;0.0;0.0;0.0;0.0;0.0;0.0;0.0;0.0;0.0;0.0;0.0;0.0;0.0;0.0;0.0;0.0
Sobral;BOQUEIRAO;-3.65025;-40.450222222222;2016;11;0.0;0.0;0.0;0.0;0.0;0.0;0.0;0.0;0.0;0.0;0.0;0.0;0.0;0.0;0.0;0.0;0.0;0.0;0.0;0.0;0.0;0.0;0.0;0.0;0.0;0.0;0.0;0.0;0.0;0.0;0.0;888.0
Sobral;BOQUEIRAO;-3.65025;-40.450222222222;2016;12;0.0;0.0;0.0;0.0;0.0;0.0;0.0;0.0;0.0;0.0;0.0;0.0;0.0;0.0;0.0;0.0;0.0;0.0;0.0;0.0;0.0;0.0;0.0;0.0;0.0;0.0;0.0;0.0;0.0;0.0;0.0;0.0
Sobral;BOQUEIRAO;-3.65025;-40.450222222222;2017;1;69.8;0.0;0.0;12.2;0.0;0.0;0.0;0.0;0.0;0.0;0.0;20.0;0.0;0.0;0.0;0.0;0.0;0.0;3.2;6.2;0.0;0.0;1.4;9.2;0.0;0.0;0.0;0.0;0.0;6.4;0.0;11.2
Sobral;BOQUEIRAO;-3.65025;-40.450222222222;2017;2;105.4;1.4;0.0;0.0;0.0;0.0;0.0;0.0;0.0;0.0;0.0;33.2;2.2;0.0;7.2;6.3;0.0;0.0;2.0;9.2;3.2;0.0;0.0;0.0;0.0;0.0;2.3;3.2;35.2;888.0;888.0;888.0
Sobral;BOQUEIRAO;-3.65025;-40.450222222222;2017;3;199.6;8.0;40.0;0.0;0.0;0.0;0.0;0.0;8.1;0.0;0.0;7.0;0.0;0.0;6.0;35.3;2.0;0.0;0.0;0.0;0.0;0.0;23.3;5.2;5.3;0.0;2.0;19.0;0.0;2.1;10.0;26.3
Sobral;BOQUEIRAO;-3.65025;-40.450222222222;2017;4;110.2;18.0;6.2;0.0;0.0;9.0;0.0;0.0;0.0;2.1;18.2;0.0;0.0;18.0;7.3;0.0;0.0;0.0;0.0;7.1;2.7;4.3;1.0;0.0;0.0;0.0;0.0;8.3;0.0;0.0;8.0;888.0
Sobral;BOQUEIRAO;-3.65025;-40.450222222222;2017;5;83.4;17.2;0.0;7.3;0.0;0.0;0.0;0.0;19.2;0.0;0.0;15.4;0.0;0.0;0.0;0.0;0.0;0.0;0.0;0.0;0.0;8.0;0.0;0.0;0.0;0.0;0.0;0.0;13.3;0.0;0.0;3.0
Sobral;BOQUEIRAO;-3.65025;-40.450222222222;2017;6;16.1;0.0;0.0;0.0;0.0;0.0;0.0;0.0;0.0;0.0;3.0;7.1;0.0;0.0;0.0;0.0;0.0;0.0;0.0;0.0;0.0;0.0;0.0;0.0;0.0;0.0;0.0;0.0;0.0;0.0;6.0;888.0
Sobral;BOQUEIRAO;-3.65025;-40.450222222222;2017;7;0.0;0.0;0.0;0.0;0.0;0.0;0.0;0.0;0.0;0.0;0.0;0.0;0.0;0.0;0.0;0.0;0.0;0.0;0.0;0.0;0.0;0.0;0.0;0.0;0.0;0.0;0.0;0.0;0.0;0.0;0.0;0.0
Sobral;BOQUEIRAO;-3.65025;-40.450222222222;2017;8;0.0;0.0;0.0;0.0;0.0;0.0;0.0;0.0;0.0;0.0;0.0;0.0;0.0;0.0;0.0;0.0;0.0;0.0;0.0;0.0;0.0;0.0;0.0;0.0;0.0;0.0;0.0;0.0;0.0;0.0;0.0;0.0
Sobral;BOQUEIRAO;-3.65025;-40.450222222222;2017;9;0.0;0.0;0.0;0.0;0.0;0.0;0.0;0.0;0.0;0.0;0.0;0.0;0.0;0.0;0.0;0.0;0.0;0.0;0.0;0.0;0.0;0.0;0.0;0.0;0.0;0.0;0.0;0.0;0.0;0.0;0.0;888.0
Sobral;BOQUEIRAO;-3.65025;-40.450222222222;2017;10;0.0;0.0;0.0;0.0;0.0;0.0;0.0;0.0;0.0;0.0;0.0;0.0;0.0;0.0;0.0;0.0;0.0;0.0;0.0;0.0;0.0;0.0;0.0;0.0;0.0;0.0;0.0;0.0;0.0;0.0;0.0;0.0
Sobral;BOQUEIRAO;-3.65025;-40.450222222222;2017;11;0.0;0.0;0.0;0.0;0.0;0.0;0.0;0.0;0.0;0.0;0.0;0.0;0.0;0.0;0.0;0.0;0.0;0.0;0.0;0.0;0.0;0.0;0.0;0.0;0.0;0.0;0.0;0.0;0.0;0.0;0.0;888.0
Sobral;BOQUEIRAO;-3.65025;-40.450222222222;2017;12;0.0;0.0;0.0;0.0;0.0;0.0;0.0;0.0;0.0;0.0;0.0;0.0;0.0;0.0;0.0;0.0;0.0;0.0;0.0;0.0;0.0;0.0;0.0;0.0;0.0;0.0;0.0;0.0;0.0;0.0;0.0;0.0
Sobral;BOQUEIRAO;-3.65025;-40.450222222222;2018;1;76.1;0.0;0.0;0.0;0.0;0.0;0.0;0.0;14.2;0.0;0.0;0.0;0.0;4.2;1.2;0.0;0.0;0.0;0.0;15.2;9.1;0.0;0.0;0.0;10.2;0.0;0.0;22.0;0.0;0.0;0.0;0.0
Sobral;BOQUEIRAO;-3.65025;-40.450222222222;2018;2;287.5;0.0;4.0;9.0;0.0;7.0;1.2;17.2;0.0;0.0;0.0;2.0;49.0;6.1;42.3;0.0;23.0;7.0;0.0;4.1;7.0;0.0;17.4;0.0;0.0;86.1;0.0;0.0;5.1;888.0;888.0;888.0
Sobral;BOQUEIRAO;-3.65025;-40.450222222222;2018;3;100.4;30.2;2.0;0.0;0.0;0.0;0.0;2.1;0.0;0.0;3.0;0.0;0.0;0.0;2.3;4.0;0.0;0.0;1.0;0.0;0.0;0.0;0.0;11.0;0.0;0.0;0.0;9.1;20.4;14.3;1.0;0.0
Sobral;BOQUEIRAO;-3.65025;-40.450222222222;2018;4;227.9;14.0;11.1;5.3;11.0;0.0;0.0;0.0;0.0;8.0;5.0;78.0;3.0;0.0;0.0;14.0;65.1;2.0;0.0;0.0;0.0;1.2;7.0;1.0;1.2;0.0;0.0;0.0;1.0;0.0;0.0;888.0
Sobral;BOQUEIRAO;-3.65025;-40.450222222222;2018;5;76.5;17.0;1.0;0.0;0.0;0.0;4.2;0.0;0.0;29.0;0.0;0.0;0.0;0.0;0.0;0.0;5.2;0.0;20.1;0.0;0.0;0.0;0.0;0.0;0.0;0.0;0.0;0.0;0.0;0.0;0.0;0.0
Sobral;BOQUEIRAO;-3.65025;-40.450222222222;2018;6;0.0;0.0;0.0;0.0;0.0;0.0;0.0;0.0;0.0;0.0;0.0;0.0;0.0;0.0;0.0;0.0;0.0;0.0;0.0;0.0;0.0;0.0;0.0;0.0;0.0;0.0;0.0;0.0;0.0;0.0;0.0;888.0
Sobral;BOQUEIRAO;-3.65025;-40.450222222222;2018;7;0.0;0.0;0.0;0.0;0.0;0.0;0.0;0.0;0.0;0.0;0.0;0.0;0.0;0.0;0.0;0.0;0.0;0.0;0.0;0.0;0.0;0.0;0.0;0.0;0.0;0.0;0.0;0.0;0.0;0.0;0.0;0.0
Sobral;BOQUEIRAO;-3.65025;-40.450222222222;2018;8;0.0;0.0;0.0;0.0;0.0;0.0;0.0;0.0;0.0;0.0;0.0;0.0;0.0;0.0;0.0;0.0;0.0;0.0;0.0;0.0;0.0;0.0;0.0;0.0;0.0;0.0;0.0;0.0;0.0;0.0;0.0;0.0
