Municipios;Postos;Latitude;Longitude;Anos;Meses;Total;Dia1;Dia2;Dia3;Dia4;Dia5;Dia6;Dia7;Dia8;Dia9;Dia10;Dia11;Dia12;Dia13;Dia14;Dia15;Dia16;Dia17;Dia18;Dia19;Dia20;Dia21;Dia22;Dia23;Dia24;Dia25;Dia26;Dia27;Dia28;Dia29;Dia30;Dia31
Missão Velha;QUIMAMI;-7.1875;-39.0855;2000;7;2.2;0.0;0.0;0.0;0.0;0.0;0.0;0.0;0.0;0.0;0.0;1.8;0.0;0.0;0.0;0.0;0.0;0.0;0.0;0.0;0.0;0.0;0.2;0.0;0.0;0.0;0.2;0.0;0.0;0.0;0.0;0.0
Missão Velha;QUIMAMI;-7.1875;-39.0855;2000;8;5.2;0.0;0.0;0.0;0.0;0.0;0.0;0.2;0.0;5.0;0.0;0.0;0.0;0.0;0.0;0.0;0.0;0.0;0.0;0.0;0.0;0.0;0.0;0.0;0.0;0.0;0.0;0.0;0.0;0.0;0.0;0.0
Missão Velha;QUIMAMI;-7.1875;-39.0855;2000;9;68.2;0.0;0.0;0.0;0.0;0.0;10.4;0.0;0.0;0.0;0.0;0.2;0.0;31.0;0.0;0.0;6.2;7.4;6.0;7.0;0.0;0.0;0.0;0.0;0.0;0.0;0.0;0.0;0.0;0.0;0.0;888.0
Missão Velha;QUIMAMI;-7.1875;-39.0855;2000;10;0.2;0.0;0.0;0.0;0.0;0.0;0.0;0.0;0.0;0.0;0.0;0.0;0.0;0.0;0.0;0.0;0.0;0.0;0.0;0.0;0.0;0.0;0.0;0.0;0.0;0.0;0.0;0.0;0.2;0.0;0.0;0.0
Missão Velha;QUIMAMI;-7.1875;-39.0855;2000;11;0.0;0.0;0.0;0.0;0.0;0.0;0.0;0.0;0.0;0.0;0.0;0.0;0.0;0.0;0.0;0.0;0.0;0.0;0.0;0.0;0.0;0.0;0.0;0.0;0.0;0.0;0.0;0.0;0.0;0.0;0.0;888.0
Missão Velha;QUIMAMI;-7.1875;-39.0855;2000;12;180.0;0.0;0.0;0.0;0.0;0.0;0.0;0.0;0.0;0.0;0.0;0.0;0.0;0.0;136.0;23.0;21.0;0.0;0.0;0.0;0.0;0.0;0.0;0.0;0.0;0.0;0.0;0.0;0.0;0.0;0.0;0.0
Missão Velha;QUIMAMI;-7.1875;-39.0855;2001;1;49.8;0.0;0.0;0.0;0.0;0.0;0.0;22.4;1.8;0.0;0.0;0.0;0.0;6.4;0.0;0.0;0.0;0.0;0.0;0.0;0.0;0.0;5.0;0.0;0.0;0.0;0.0;0.0;11.6;0.0;0.0;2.6
Missão Velha;QUIMAMI;-7.1875;-39.0855;2001;2;107.8;0.0;0.0;28.6;42.6;14.4;0.0;7.8;0.0;12.0;0.0;0.0;0.0;0.0;0.0;0.0;0.0;0.0;0.0;0.0;0.0;0.0;0.0;0.0;0.0;0.0;0.0;2.4;0.0;888.0;888.0;888.0
Missão Velha;QUIMAMI;-7.1875;-39.0855;2001;3;250.6;0.0;49.0;9.0;0.0;0.0;0.0;0.0;0.0;3.4;0.0;0.0;0.0;46.4;21.4;54.4;3.2;0.0;0.0;11.4;0.0;0.0;3.6;0.0;0.0;0.0;5.4;0.0;0.0;22.0;18.0;3.4
Missão Velha;QUIMAMI;-7.1875;-39.0855;2001;4;76.6;14.0;0.0;14.2;0.0;0.0;0.0;0.0;0.0;0.0;0.0;0.0;0.0;0.0;4.0;10.0;0.0;0.0;0.4;0.0;0.0;34.0;0.0;0.0;0.0;0.0;0.0;0.0;0.0;0.0;0.0;888.0
Missão Velha;QUIMAMI;-7.1875;-39.0855;2001;5;18.4;0.0;0.0;0.0;0.0;0.0;0.0;0.0;0.0;0.0;0.0;0.0;0.0;3.4;0.0;0.0;0.0;0.0;0.0;0.0;0.0;0.0;0.0;0.0;0.0;10.0;5.0;0.0;0.0;0.0;0.0;0.0
Missão Velha;QUIMAMI;-7.1875;-39.0855;2001;6;15.6;9.6;1.0;0.0;0.0;0.0;0.0;0.0;0.0;0.0;0.0;0.0;0.0;0.0;0.0;0.0;0.0;0.0;0.0;0.0;0.0;0.0;0.0;0.0;0.0;0.0;0.0;0.0;2.6;2.4;0.0;888.0
Missão Velha;QUIMAMI;-7.1875;-39.0855;2001;7;3.0;0.0;0.0;0.0;0.0;0.0;0.0;0.0;0.0;0.0;0.0;0.0;0.0;0.0;0.0;0.0;0.0;0.0;0.0;0.0;0.0;0.0;3.0;0.0;0.0;0.0;0.0;0.0;0.0;0.0;0.0;0.0
Missão Velha;QUIMAMI;-7.1875;-39.0855;2001;8;0.0;0.0;0.0;0.0;0.0;0.0;0.0;0.0;0.0;0.0;0.0;0.0;0.0;0.0;0.0;0.0;0.0;0.0;0.0;0.0;0.0;0.0;0.0;0.0;0.0;0.0;0.0;0.0;0.0;0.0;0.0;0.0
Missão Velha;QUIMAMI;-7.1875;-39.0855;2001;9;0.0;0.0;0.0;0.0;0.0;0.0;0.0;0.0;0.0;0.0;0.0;0.0;0.0;0.0;0.0;0.0;0.0;0.0;0.0;0.0;0.0;0.0;0.0;0.0;0.0;0.0;0.0;0.0;0.0;0.0;0.0;888.0
Missão Velha;QUIMAMI;-7.1875;-39.0855;2001;10;0.0;0.0;0.0;0.0;0.0;0.0;0.0;0.0;0.0;0.0;0.0;0.0;0.0;0.0;0.0;0.0;0.0;0.0;0.0;0.0;0.0;0.0;0.0;0.0;0.0;0.0;0.0;0.0;0.0;0.0;0.0;0.0
Missão Velha;QUIMAMI;-7.1875;-39.0855;2001;11;42.8;0.0;0.0;0.0;0.0;0.0;0.0;0.0;0.0;0.0;0.0;0.0;0.0;0.0;0.0;0.0;0.0;0.0;0.0;0.0;0.0;0.0;0.0;0.0;4.6;0.0;0.0;5.8;0.0;32.4;0.0;888.0
Missão Velha;QUIMAMI;-7.1875;-39.0855;2001;12;135.2;0.0;0.0;0.0;0.0;0.0;0.0;0.0;0.0;0.0;0.0;0.0;0.0;0.0;0.0;0.0;0.0;0.0;0.0;0.0;0.0;0.0;0.0;0.0;0.0;0.0;0.0;0.0;0.0;0.0;110.2;25.0
Missão Velha;QUIMAMI;-7.1875;-39.0855;2002;1;219.8;0.0;90.0;0.0;0.0;6.0;15.0;0.0;0.0;0.0;24.8;0.0;0.0;25.0;0.0;0.0;0.0;0.0;59.0;0.0;0.0;0.0;0.0;0.0;0.0;0.0;0.0;0.0;0.0;0.0;0.0;0.0
Missão Velha;QUIMAMI;-7.1875;-39.0855;2002;2;79.0;0.0;0.0;0.0;0.0;0.0;0.0;0.0;0.0;0.0;17.0;0.0;0.0;25.0;3.0;0.0;0.0;8.4;0.0;0.0;0.0;0.0;0.0;0.0;0.0;0.0;25.6;0.0;0.0;888.0;888.0;888.0
Missão Velha;QUIMAMI;-7.1875;-39.0855;2002;3;293.8;0.0;0.0;0.0;10.4;9.6;30.2;0.0;30.6;0.0;0.0;0.0;0.0;0.0;0.0;0.0;0.0;0.0;65.0;0.0;25.0;0.0;0.0;0.0;35.0;23.0;25.0;0.0;0.0;0.0;0.0;40.0
Missão Velha;QUIMAMI;-7.1875;-39.0855;2002;4;63.4;0.0;0.0;0.0;20.4;0.0;0.0;0.0;25.0;0.0;0.0;0.0;18.0;0.0;0.0;0.0;0.0;0.0;0.0;0.0;0.0;0.0;0.0;0.0;0.0;0.0;0.0;0.0;0.0;0.0;0.0;888.0
Missão Velha;QUIMAMI;-7.1875;-39.0855;2002;5;16.4;0.0;0.0;6.4;0.0;0.0;0.0;0.0;0.0;0.0;0.0;0.0;0.0;0.0;0.0;0.0;0.0;10.0;0.0;0.0;0.0;0.0;0.0;0.0;0.0;0.0;0.0;0.0;0.0;0.0;0.0;0.0
Missão Velha;QUIMAMI;-7.1875;-39.0855;2002;6;0.0;0.0;0.0;0.0;0.0;0.0;0.0;0.0;0.0;0.0;0.0;0.0;0.0;0.0;0.0;0.0;0.0;0.0;0.0;0.0;0.0;0.0;0.0;0.0;0.0;0.0;0.0;0.0;0.0;0.0;0.0;888.0
Missão Velha;QUIMAMI;-7.1875;-39.0855;2002;7;24.0;0.0;0.0;0.0;0.0;0.0;0.0;0.0;0.0;0.0;0.0;24.0;0.0;0.0;0.0;0.0;0.0;0.0;0.0;0.0;0.0;0.0;0.0;0.0;0.0;0.0;0.0;0.0;0.0;0.0;0.0;0.0
Missão Velha;QUIMAMI;-7.1875;-39.0855;2002;8;0.0;0.0;0.0;0.0;0.0;0.0;0.0;0.0;0.0;0.0;0.0;0.0;0.0;0.0;0.0;0.0;0.0;0.0;0.0;0.0;0.0;0.0;0.0;0.0;0.0;0.0;0.0;0.0;0.0;0.0;0.0;0.0
Missão Velha;QUIMAMI;-7.1875;-39.0855;2002;9;6.0;0.0;0.0;0.0;0.0;0.0;0.0;0.0;0.0;0.0;0.0;0.0;0.0;0.0;0.0;0.0;0.0;0.0;0.0;0.0;0.0;0.0;0.0;0.0;0.0;0.0;0.0;0.0;6.0;0.0;0.0;888.0
Missão Velha;QUIMAMI;-7.1875;-39.0855;2002;10;0.0;0.0;0.0;0.0;0.0;0.0;0.0;0.0;0.0;0.0;0.0;0.0;0.0;0.0;0.0;0.0;0.0;0.0;0.0;0.0;0.0;0.0;0.0;0.0;0.0;0.0;0.0;0.0;0.0;0.0;0.0;0.0
Missão Velha;QUIMAMI;-7.1875;-39.0855;2002;11;10.0;0.0;0.0;0.0;0.0;0.0;0.0;0.0;0.0;0.0;0.0;0.0;0.0;0.0;0.0;0.0;0.0;0.0;0.0;0.0;0.0;0.0;0.0;0.0;0.0;0.0;0.0;0.0;10.0;0.0;0.0;888.0
Missão Velha;QUIMAMI;-7.1875;-39.0855;2002;12;6.0;0.0;0.0;0.0;0.0;0.0;0.0;0.0;0.0;0.0;0.0;0.0;0.0;0.0;0.0;0.0;0.0;0.0;0.0;0.0;0.0;0.0;0.0;0.0;0.0;0.0;0.0;0.0;6.0;0.0;0.0;0.0
Missão Velha;QUIMAMI;-7.1875;-39.0855;2003;1;197.0;0.0;0.0;0.0;0.0;0.0;0.0;0.0;0.0;0.0;0.0;0.0;0.0;0.0;0.0;0.0;0.0;0.0;0.0;108.0;16.0;0.0;0.0;8.0;44.0;0.0;0.0;0.0;0.0;0.0;21.0;0.0
Missão Velha;QUIMAMI;-7.1875;-39.0855;2003;2;125.8;0.0;0.0;0.0;0.0;0.0;0.0;0.0;0.0;11.0;0.0;0.0;0.4;14.4;0.0;0.0;0.0;0.0;0.0;0.0;0.0;0.0;0.0;25.0;6.0;30.0;11.0;28.0;0.0;888.0;888.0;888.0
Missão Velha;QUIMAMI;-7.1875;-39.0855;2003;3;276.2;9.2;0.0;0.0;7.0;0.0;7.0;0.0;0.0;0.0;0.0;0.0;0.0;0.0;0.0;0.0;33.0;49.0;0.0;5.0;33.0;0.0;26.0;47.0;13.0;0.0;0.0;0.0;0.0;0.0;19.0;28.0
Missão Velha;QUIMAMI;-7.1875;-39.0855;2003;4;64.5;8.0;0.0;0.0;0.0;0.0;0.0;0.0;0.0;14.0;0.0;0.0;0.0;0.0;15.0;0.0;0.0;0.0;0.0;0.0;0.0;0.0;8.0;5.0;0.0;0.0;0.0;0.0;14.5;0.0;0.0;888.0
Missão Velha;QUIMAMI;-7.1875;-39.0855;2003;5;13.0;0.0;0.0;0.0;0.0;0.0;13.0;0.0;0.0;0.0;0.0;0.0;0.0;0.0;0.0;0.0;0.0;0.0;0.0;0.0;0.0;0.0;0.0;0.0;0.0;0.0;0.0;0.0;0.0;0.0;0.0;0.0
Missão Velha;QUIMAMI;-7.1875;-39.0855;2003;6;11.0;0.0;0.0;0.0;0.0;0.0;0.0;0.0;0.0;0.0;0.0;0.0;0.0;0.0;0.0;0.0;0.0;0.0;0.0;0.0;0.0;11.0;0.0;0.0;0.0;0.0;0.0;0.0;0.0;0.0;0.0;888.0
Missão Velha;QUIMAMI;-7.1875;-39.0855;2003;7;0.0;0.0;0.0;0.0;0.0;0.0;0.0;0.0;0.0;0.0;0.0;0.0;0.0;0.0;0.0;0.0;0.0;0.0;0.0;0.0;0.0;0.0;0.0;0.0;0.0;0.0;0.0;0.0;0.0;0.0;0.0;0.0
Missão Velha;QUIMAMI;-7.1875;-39.0855;2003;8;0.0;0.0;0.0;0.0;0.0;0.0;0.0;0.0;0.0;0.0;0.0;0.0;0.0;0.0;0.0;0.0;0.0;0.0;0.0;0.0;0.0;0.0;0.0;0.0;0.0;0.0;0.0;0.0;0.0;0.0;0.0;0.0
Missão Velha;QUIMAMI;-7.1875;-39.0855;2003;9;0.0;0.0;0.0;0.0;0.0;0.0;0.0;0.0;0.0;0.0;0.0;0.0;0.0;0.0;0.0;0.0;0.0;0.0;0.0;0.0;0.0;0.0;0.0;0.0;0.0;0.0;0.0;0.0;0.0;0.0;0.0;888.0
Missão Velha;QUIMAMI;-7.1875;-39.0855;2003;10;0.0;0.0;0.0;0.0;0.0;0.0;0.0;0.0;0.0;0.0;0.0;0.0;0.0;0.0;0.0;0.0;0.0;0.0;0.0;0.0;0.0;0.0;0.0;0.0;0.0;0.0;0.0;0.0;0.0;0.0;0.0;0.0
Missão Velha;QUIMAMI;-7.1875;-39.0855;2003;11;8.0;0.0;0.0;0.0;0.0;0.0;0.0;0.0;8.0;0.0;0.0;0.0;0.0;0.0;0.0;0.0;0.0;0.0;0.0;0.0;0.0;0.0;0.0;0.0;0.0;0.0;0.0;0.0;0.0;0.0;0.0;888.0
Missão Velha;QUIMAMI;-7.1875;-39.0855;2003;12;14.0;0.0;0.0;0.0;0.0;0.0;0.0;0.0;0.0;8.0;0.0;0.0;0.0;0.0;0.0;0.0;6.0;0.0;0.0;0.0;0.0;0.0;0.0;0.0;0.0;0.0;0.0;0.0;0.0;0.0;0.0;0.0
Missão Velha;QUIMAMI;-7.1875;-39.0855;2004;1;303.0;0.0;0.0;0.0;0.0;0.0;0.0;0.0;0.0;0.0;0.0;0.0;0.0;0.0;60.0;0.0;9.0;34.0;29.0;0.0;9.0;24.0;6.0;8.0;0.0;50.0;3.0;13.0;50.0;3.0;0.0;5.0
Missão Velha;QUIMAMI;-7.1875;-39.0855;2004;2;340.0;9.0;31.0;28.0;57.0;21.0;7.0;0.0;15.0;0.0;0.0;0.0;0.0;31.0;0.0;0.0;68.0;0.0;0.0;0.0;0.0;0.0;0.0;0.0;22.0;0.0;0.0;35.0;16.0;0.0;888.0;888.0
Missão Velha;QUIMAMI;-7.1875;-39.0855;2004;3;216.0;0.0;0.0;0.0;2.0;76.0;0.0;0.0;48.0;0.0;0.0;0.0;0.0;35.0;0.0;0.0;0.0;23.0;0.0;0.0;0.0;0.0;8.0;0.0;13.0;0.0;0.0;11.0;0.0;0.0;0.0;0.0
Missão Velha;QUIMAMI;-7.1875;-39.0855;2004;4;102.0;0.0;8.0;0.0;23.0;0.0;14.0;0.0;0.0;0.0;0.0;0.0;0.0;0.0;0.0;12.0;0.0;0.0;0.0;0.0;0.0;0.0;0.0;0.0;0.0;0.0;27.0;18.0;0.0;0.0;0.0;888.0
Missão Velha;QUIMAMI;-7.1875;-39.0855;2004;5;101.0;0.0;0.0;0.0;0.0;0.0;0.0;0.0;0.0;0.0;81.0;0.0;8.0;0.0;0.0;0.0;0.0;0.0;0.0;0.0;0.0;7.0;0.0;0.0;0.0;5.0;0.0;0.0;0.0;0.0;0.0;0.0
Missão Velha;QUIMAMI;-7.1875;-39.0855;2004;6;14.0;0.0;0.0;0.0;0.0;0.0;10.0;0.0;0.0;0.0;0.0;0.0;0.0;0.0;0.0;0.0;0.0;0.0;0.0;4.0;0.0;0.0;0.0;0.0;0.0;0.0;0.0;0.0;0.0;0.0;0.0;888.0
Missão Velha;QUIMAMI;-7.1875;-39.0855;2004;7;3.0;0.0;0.0;0.0;0.0;0.0;0.0;0.0;0.0;3.0;0.0;0.0;0.0;0.0;0.0;0.0;0.0;0.0;0.0;0.0;0.0;0.0;0.0;0.0;0.0;0.0;0.0;0.0;0.0;0.0;0.0;0.0
Missão Velha;QUIMAMI;-7.1875;-39.0855;2004;8;0.0;0.0;0.0;0.0;0.0;0.0;0.0;0.0;0.0;0.0;0.0;0.0;0.0;0.0;0.0;0.0;0.0;0.0;0.0;0.0;0.0;0.0;0.0;0.0;0.0;0.0;0.0;0.0;0.0;0.0;0.0;0.0
Missão Velha;QUIMAMI;-7.1875;-39.0855;2004;9;0.0;0.0;0.0;0.0;0.0;0.0;0.0;0.0;0.0;0.0;0.0;0.0;0.0;0.0;0.0;0.0;0.0;0.0;0.0;0.0;0.0;0.0;0.0;0.0;0.0;0.0;0.0;0.0;0.0;0.0;0.0;888.0
Missão Velha;QUIMAMI;-7.1875;-39.0855;2004;10;0.0;0.0;0.0;0.0;0.0;0.0;0.0;0.0;0.0;0.0;0.0;0.0;0.0;0.0;0.0;0.0;0.0;0.0;0.0;0.0;0.0;0.0;0.0;0.0;0.0;0.0;0.0;0.0;0.0;0.0;0.0;0.0
Missão Velha;QUIMAMI;-7.1875;-39.0855;2004;11;66.0;0.0;0.0;0.0;0.0;0.0;0.0;6.0;0.0;0.0;0.0;0.0;0.0;0.0;0.0;0.0;0.0;0.0;0.0;0.0;0.0;0.0;3.0;0.0;0.0;16.0;41.0;0.0;0.0;0.0;0.0;888.0
Missão Velha;QUIMAMI;-7.1875;-39.0855;2004;12;0.0;0.0;0.0;0.0;0.0;0.0;0.0;0.0;0.0;0.0;0.0;0.0;0.0;0.0;0.0;0.0;0.0;0.0;0.0;0.0;0.0;0.0;0.0;0.0;0.0;0.0;0.0;0.0;0.0;0.0;0.0;0.0
Missão Velha;QUIMAMI;-7.1875;-39.0855;2005;1;48.0;0.0;0.0;0.0;0.0;8.0;0.0;0.0;0.0;0.0;0.0;0.0;0.0;0.0;2.0;13.0;0.0;8.0;0.0;0.0;14.0;0.0;0.0;0.0;0.0;0.0;3.0;0.0;0.0;0.0;0.0;0.0
Missão Velha;QUIMAMI;-7.1875;-39.0855;2005;2;22.0;0.0;0.0;0.0;0.0;0.0;0.0;0.0;0.0;10.0;0.0;0.0;0.0;0.0;0.0;0.0;4.0;5.0;0.0;0.0;0.0;0.0;0.0;0.0;0.0;0.0;0.0;3.0;0.0;888.0;888.0;888.0
Missão Velha;QUIMAMI;-7.1875;-39.0855;2005;3;195.0;0.0;0.0;0.0;0.0;0.0;0.0;0.0;0.0;0.0;0.0;0.0;30.0;2.5;5.0;0.0;0.0;0.0;3.0;20.0;12.0;52.0;4.0;0.0;18.0;3.0;9.0;2.5;19.0;0.0;0.0;15.0
Missão Velha;QUIMAMI;-7.1875;-39.0855;2005;4;81.0;0.0;0.0;0.0;0.0;0.0;0.0;0.0;0.0;0.0;0.0;0.0;0.0;0.0;0.0;0.0;5.0;1.0;0.0;0.0;0.0;0.0;0.0;0.0;0.0;0.0;0.0;0.0;75.0;0.0;0.0;888.0
Missão Velha;QUIMAMI;-7.1875;-39.0855;2005;5;19.0;0.0;0.0;0.0;0.0;0.0;0.0;0.0;0.0;0.0;0.0;0.0;0.0;0.0;0.0;0.0;0.0;0.0;0.0;0.0;0.0;0.0;0.0;16.0;0.0;0.0;3.0;0.0;0.0;0.0;0.0;0.0
Missão Velha;QUIMAMI;-7.1875;-39.0855;2005;6;4.0;0.0;0.0;0.0;0.0;0.0;0.0;0.0;0.0;0.0;0.0;0.0;0.0;0.0;0.0;0.0;0.0;0.0;0.0;0.0;0.0;0.0;0.0;0.0;0.0;0.0;0.0;0.0;4.0;0.0;0.0;888.0
Missão Velha;QUIMAMI;-7.1875;-39.0855;2005;7;0.0;0.0;0.0;0.0;0.0;0.0;0.0;0.0;0.0;0.0;0.0;0.0;0.0;0.0;0.0;0.0;0.0;0.0;0.0;0.0;0.0;0.0;0.0;0.0;0.0;0.0;0.0;0.0;0.0;0.0;0.0;0.0
Missão Velha;QUIMAMI;-7.1875;-39.0855;2005;8;0.0;0.0;0.0;0.0;0.0;0.0;0.0;0.0;0.0;0.0;0.0;0.0;0.0;0.0;0.0;0.0;0.0;0.0;0.0;0.0;0.0;0.0;0.0;0.0;0.0;0.0;0.0;0.0;0.0;0.0;0.0;0.0
Missão Velha;QUIMAMI;-7.1875;-39.0855;2005;9;0.0;0.0;0.0;0.0;0.0;0.0;0.0;0.0;0.0;0.0;0.0;0.0;0.0;0.0;0.0;0.0;0.0;0.0;0.0;0.0;0.0;0.0;0.0;0.0;0.0;0.0;0.0;0.0;0.0;0.0;0.0;888.0
Missão Velha;QUIMAMI;-7.1875;-39.0855;2005;10;0.0;0.0;0.0;0.0;0.0;0.0;0.0;0.0;0.0;0.0;0.0;0.0;0.0;0.0;0.0;0.0;0.0;0.0;0.0;0.0;0.0;0.0;0.0;0.0;0.0;0.0;0.0;0.0;0.0;0.0;0.0;0.0
Missão Velha;QUIMAMI;-7.1875;-39.0855;2005;11;0.0;0.0;0.0;0.0;0.0;0.0;0.0;0.0;0.0;0.0;0.0;0.0;0.0;0.0;0.0;0.0;0.0;0.0;0.0;0.0;0.0;0.0;0.0;0.0;0.0;0.0;0.0;0.0;0.0;0.0;0.0;888.0
Missão Velha;QUIMAMI;-7.1875;-39.0855;2005;12;65.0;0.0;0.0;0.0;0.0;18.0;7.0;17.0;0.0;17.0;0.0;0.0;0.0;0.0;0.0;0.0;0.0;0.0;0.0;0.0;0.0;0.0;0.0;0.0;0.0;6.0;0.0;0.0;0.0;0.0;0.0;0.0
Missão Velha;QUIMAMI;-7.1875;-39.0855;2006;1;0.0;0.0;0.0;0.0;0.0;0.0;0.0;0.0;0.0;0.0;0.0;0.0;0.0;0.0;0.0;0.0;0.0;0.0;0.0;0.0;0.0;0.0;0.0;0.0;0.0;0.0;0.0;0.0;0.0;0.0;0.0;0.0
Missão Velha;QUIMAMI;-7.1875;-39.0855;2006;2;233.0;42.0;0.0;0.0;0.0;7.0;24.0;0.0;0.0;0.0;0.0;0.0;0.0;0.0;46.0;0.0;47.0;0.0;7.0;0.0;20.0;0.0;0.0;7.0;22.0;0.0;0.0;0.0;11.0;888.0;888.0;888.0
Missão Velha;QUIMAMI;-7.1875;-39.0855;2006;3;309.0;9.0;0.0;0.0;0.0;0.0;0.0;0.0;0.0;0.0;0.0;0.0;0.0;0.0;0.0;13.0;13.0;7.0;107.0;7.0;0.0;0.0;0.0;0.0;40.0;0.0;31.0;0.0;52.0;0.0;18.0;12.0
Missão Velha;QUIMAMI;-7.1875;-39.0855;2006;4;281.0;24.0;0.0;0.0;14.0;0.0;25.0;25.0;24.0;0.0;0.0;0.0;0.0;0.0;0.0;0.0;20.0;0.0;0.0;20.0;0.0;90.0;0.0;14.0;0.0;0.0;0.0;0.0;0.0;25.0;0.0;888.0
Missão Velha;QUIMAMI;-7.1875;-39.0855;2006;5;0.0;0.0;0.0;0.0;0.0;0.0;0.0;0.0;0.0;0.0;0.0;0.0;0.0;0.0;0.0;0.0;0.0;0.0;0.0;0.0;0.0;0.0;0.0;0.0;0.0;0.0;0.0;0.0;0.0;0.0;0.0;0.0
Missão Velha;QUIMAMI;-7.1875;-39.0855;2006;6;0.0;0.0;0.0;0.0;0.0;0.0;0.0;0.0;0.0;0.0;0.0;0.0;0.0;0.0;0.0;0.0;0.0;0.0;0.0;0.0;0.0;0.0;0.0;0.0;0.0;0.0;0.0;0.0;0.0;0.0;0.0;888.0
Missão Velha;QUIMAMI;-7.1875;-39.0855;2006;7;0.0;0.0;0.0;0.0;0.0;0.0;0.0;0.0;0.0;0.0;0.0;0.0;0.0;0.0;0.0;0.0;0.0;0.0;0.0;0.0;0.0;0.0;0.0;0.0;0.0;0.0;0.0;0.0;0.0;0.0;0.0;0.0
Missão Velha;QUIMAMI;-7.1875;-39.0855;2006;8;0.0;0.0;0.0;0.0;0.0;0.0;0.0;0.0;0.0;0.0;0.0;0.0;0.0;0.0;0.0;0.0;0.0;0.0;0.0;0.0;0.0;0.0;0.0;0.0;0.0;0.0;0.0;0.0;0.0;0.0;0.0;0.0
Missão Velha;QUIMAMI;-7.1875;-39.0855;2006;9;0.0;0.0;0.0;0.0;0.0;0.0;0.0;0.0;0.0;0.0;0.0;0.0;0.0;0.0;0.0;0.0;0.0;0.0;0.0;0.0;0.0;0.0;0.0;0.0;0.0;0.0;0.0;0.0;0.0;0.0;0.0;888.0
Missão Velha;QUIMAMI;-7.1875;-39.0855;2006;10;14.0;0.0;0.0;0.0;0.0;0.0;0.0;0.0;0.0;0.0;0.0;0.0;0.0;0.0;0.0;0.0;0.0;0.0;0.0;0.0;0.0;0.0;14.0;0.0;0.0;0.0;0.0;0.0;0.0;0.0;0.0;0.0
Missão Velha;QUIMAMI;-7.1875;-39.0855;2006;11;18.0;0.0;0.0;0.0;0.0;0.0;0.0;0.0;0.0;0.0;0.0;0.0;0.0;0.0;0.0;0.0;18.0;0.0;0.0;0.0;0.0;0.0;0.0;0.0;0.0;0.0;0.0;0.0;0.0;0.0;0.0;888.0
Missão Velha;QUIMAMI;-7.1875;-39.0855;2006;12;74.0;0.0;0.0;0.0;0.0;0.0;0.0;0.0;0.0;0.0;11.0;0.0;0.0;0.0;0.0;0.0;0.0;0.0;0.0;0.0;0.0;0.0;0.0;0.0;0.0;0.0;0.0;0.0;0.0;0.0;18.0;45.0
Missão Velha;QUIMAMI;-7.1875;-39.0855;2007;1;79.0;0.0;79.0;0.0;0.0;0.0;0.0;0.0;0.0;0.0;0.0;0.0;0.0;0.0;0.0;0.0;0.0;0.0;0.0;0.0;0.0;0.0;0.0;0.0;0.0;0.0;0.0;0.0;0.0;0.0;0.0;0.0
Missão Velha;QUIMAMI;-7.1875;-39.0855;2007;2;188.0;0.0;0.0;21.0;26.0;5.0;0.0;0.0;0.0;0.0;0.0;0.0;0.0;0.0;45.0;0.0;0.0;25.0;24.0;3.0;0.0;13.0;0.0;19.0;0.0;0.0;7.0;0.0;0.0;888.0;888.0;888.0
Missão Velha;QUIMAMI;-7.1875;-39.0855;2007;3;51.0;0.0;0.0;0.0;0.0;0.0;0.0;0.0;0.0;0.0;0.0;31.0;0.0;0.0;0.0;0.0;0.0;0.0;0.0;0.0;0.0;12.0;0.0;0.0;0.0;0.0;8.0;0.0;0.0;0.0;0.0;0.0
Missão Velha;QUIMAMI;-7.1875;-39.0855;2007;4;94.0;0.0;0.0;0.0;0.0;0.0;0.0;0.0;0.0;0.0;0.0;0.0;0.0;0.0;0.0;0.0;0.0;4.0;0.0;0.0;22.0;0.0;64.0;0.0;0.0;0.0;0.0;4.0;0.0;0.0;0.0;888.0
Missão Velha;QUIMAMI;-7.1875;-39.0855;2007;5;60.0;0.0;13.0;0.0;0.0;0.0;0.0;0.0;0.0;0.0;0.0;0.0;0.0;0.0;0.0;0.0;0.0;0.0;0.0;0.0;0.0;0.0;0.0;0.0;5.0;0.0;0.0;35.0;7.0;0.0;0.0;0.0
Missão Velha;QUIMAMI;-7.1875;-39.0855;2007;6;12.0;0.0;0.0;0.0;0.0;0.0;0.0;0.0;0.0;0.0;0.0;0.0;0.0;12.0;0.0;0.0;0.0;0.0;0.0;0.0;0.0;0.0;0.0;0.0;0.0;0.0;0.0;0.0;0.0;0.0;0.0;888.0
Missão Velha;QUIMAMI;-7.1875;-39.0855;2007;7;0.0;0.0;0.0;0.0;0.0;0.0;0.0;0.0;0.0;0.0;0.0;0.0;0.0;0.0;0.0;0.0;0.0;0.0;0.0;0.0;0.0;0.0;0.0;0.0;0.0;0.0;0.0;0.0;0.0;0.0;0.0;0.0
Missão Velha;QUIMAMI;-7.1875;-39.0855;2007;8;0.0;0.0;0.0;0.0;0.0;0.0;0.0;0.0;0.0;0.0;0.0;0.0;0.0;0.0;0.0;0.0;0.0;0.0;0.0;0.0;0.0;0.0;0.0;0.0;0.0;0.0;0.0;0.0;0.0;0.0;0.0;0.0
Missão Velha;QUIMAMI;-7.1875;-39.0855;2007;9;0.0;0.0;0.0;0.0;0.0;0.0;0.0;0.0;0.0;0.0;0.0;0.0;0.0;0.0;0.0;0.0;0.0;0.0;0.0;0.0;0.0;0.0;0.0;0.0;0.0;0.0;0.0;0.0;0.0;0.0;0.0;888.0
Missão Velha;QUIMAMI;-7.1875;-39.0855;2007;10;0.0;0.0;0.0;0.0;0.0;0.0;0.0;0.0;0.0;0.0;0.0;0.0;0.0;0.0;0.0;0.0;0.0;0.0;0.0;0.0;0.0;0.0;0.0;0.0;0.0;0.0;0.0;0.0;0.0;0.0;0.0;0.0
Missão Velha;QUIMAMI;-7.1875;-39.0855;2007;11;0.0;0.0;0.0;0.0;0.0;0.0;0.0;0.0;0.0;0.0;0.0;0.0;0.0;0.0;0.0;0.0;0.0;0.0;0.0;0.0;0.0;0.0;0.0;0.0;0.0;0.0;0.0;0.0;0.0;0.0;0.0;888.0
Missão Velha;QUIMAMI;-7.1875;-39.0855;2007;12;0.0;0.0;999.0;999.0;999.0;999.0;999.0;999.0;999.0;999.0;999.0;999.0;999.0;999.0;999.0;999.0;999.0;999.0;999.0;999.0;999.0;999.0;999.0;999.0;999.0;999.0;999.0;999.0;999.0;999.0;999.0;999.0
Missão Velha;QUIMAMI;-7.1875;-39.0855;2008;1;0.0;0.0;999.0;999.0;999.0;999.0;999.0;999.0;999.0;999.0;999.0;999.0;999.0;999.0;999.0;999.0;999.0;999.0;999.0;999.0;999.0;999.0;999.0;999.0;999.0;999.0;999.0;999.0;999.0;999.0;999.0;999.0
Missão Velha;QUIMAMI;-7.1875;-39.0855;2008;12;0.0;0.0;999.0;999.0;999.0;999.0;999.0;999.0;999.0;999.0;999.0;999.0;999.0;999.0;999.0;999.0;999.0;999.0;999.0;999.0;999.0;999.0;999.0;999.0;999.0;999.0;999.0;999.0;999.0;999.0;999.0;999.0
Missão Velha;QUIMAMI;-7.1875;-39.0855;2011;1;203.8;0.0;0.0;0.0;47.0;0.0;0.0;0.0;0.0;0.0;0.0;0.0;0.0;0.0;0.0;0.0;0.0;15.0;0.0;0.0;0.0;18.0;7.0;16.0;0.0;22.0;36.0;0.0;0.8;0.0;4.0;38.0
Missão Velha;QUIMAMI;-7.1875;-39.0855;2011;2;326.0;27.0;55.0;0.0;20.0;42.0;0.0;0.0;0.0;0.0;0.0;0.0;4.0;0.0;6.0;8.0;0.0;66.0;0.0;7.0;12.0;20.0;0.0;0.0;0.0;0.0;28.0;5.0;26.0;888.0;888.0;888.0
Missão Velha;QUIMAMI;-7.1875;-39.0855;2011;3;98.0;1.0;0.0;0.0;0.0;0.0;0.0;0.0;0.0;34.0;0.0;0.0;0.0;0.0;0.0;0.0;0.0;0.0;0.0;0.0;0.0;0.0;0.0;0.0;0.0;0.0;0.0;29.0;19.0;0.0;0.0;15.0
Missão Velha;QUIMAMI;-7.1875;-39.0855;2011;4;74.0;0.0;0.0;0.0;0.0;28.0;0.0;0.0;0.0;22.0;0.0;0.0;0.0;0.0;0.0;0.0;0.0;5.0;6.0;5.0;0.0;0.0;3.0;0.0;0.0;0.0;0.0;0.0;0.0;0.0;5.0;888.0
Missão Velha;QUIMAMI;-7.1875;-39.0855;2011;5;124.0;0.0;29.0;55.0;7.0;9.0;4.0;0.0;0.0;0.0;0.0;0.0;0.0;0.0;0.0;0.0;0.0;6.0;5.0;9.0;0.0;0.0;0.0;0.0;0.0;0.0;0.0;0.0;0.0;0.0;0.0;0.0
Missão Velha;QUIMAMI;-7.1875;-39.0855;2011;6;0.0;0.0;0.0;0.0;0.0;0.0;0.0;0.0;0.0;0.0;0.0;0.0;0.0;0.0;0.0;0.0;0.0;0.0;0.0;0.0;0.0;0.0;0.0;0.0;0.0;0.0;0.0;0.0;0.0;0.0;0.0;888.0
Missão Velha;QUIMAMI;-7.1875;-39.0855;2011;7;0.0;0.0;0.0;0.0;0.0;0.0;0.0;0.0;0.0;0.0;0.0;0.0;0.0;0.0;0.0;0.0;0.0;0.0;0.0;0.0;0.0;0.0;0.0;0.0;0.0;0.0;0.0;0.0;0.0;0.0;0.0;0.0
Missão Velha;QUIMAMI;-7.1875;-39.0855;2011;8;0.0;0.0;0.0;0.0;0.0;0.0;0.0;0.0;0.0;0.0;0.0;0.0;0.0;0.0;0.0;0.0;0.0;0.0;0.0;0.0;0.0;0.0;0.0;0.0;0.0;0.0;0.0;0.0;0.0;0.0;0.0;0.0
Missão Velha;QUIMAMI;-7.1875;-39.0855;2011;9;0.0;0.0;0.0;0.0;0.0;0.0;0.0;0.0;0.0;0.0;0.0;0.0;0.0;0.0;0.0;0.0;0.0;0.0;0.0;0.0;0.0;0.0;0.0;0.0;0.0;0.0;0.0;0.0;0.0;0.0;0.0;888.0
Missão Velha;QUIMAMI;-7.1875;-39.0855;2011;10;165.0;0.0;0.0;0.0;0.0;0.0;0.0;0.0;0.0;0.0;0.0;0.0;0.0;0.0;0.0;0.0;0.0;0.0;0.0;125.0;0.0;40.0;0.0;0.0;0.0;0.0;0.0;0.0;0.0;0.0;0.0;0.0
Missão Velha;QUIMAMI;-7.1875;-39.0855;2011;11;164.0;0.0;15.0;40.0;38.0;0.0;0.0;0.0;0.0;0.0;0.0;39.0;14.0;0.0;0.0;0.0;0.0;0.0;0.0;0.0;0.0;0.0;8.0;0.0;0.0;0.0;0.0;0.0;0.0;10.0;0.0;888.0
Missão Velha;QUIMAMI;-7.1875;-39.0855;2011;12;0.0;0.0;0.0;0.0;0.0;0.0;0.0;0.0;0.0;0.0;0.0;0.0;0.0;0.0;0.0;0.0;0.0;0.0;0.0;0.0;0.0;0.0;0.0;0.0;0.0;0.0;0.0;0.0;0.0;0.0;0.0;0.0
Missão Velha;QUIMAMI;-7.1875;-39.0855;2012;1;0.0;0.0;0.0;0.0;0.0;0.0;0.0;0.0;0.0;0.0;0.0;0.0;0.0;0.0;0.0;0.0;0.0;0.0;0.0;0.0;0.0;0.0;0.0;0.0;0.0;0.0;0.0;0.0;0.0;0.0;0.0;0.0
Missão Velha;QUIMAMI;-7.1875;-39.0855;2012;2;178.0;0.0;0.0;0.0;0.0;0.0;0.0;0.0;0.0;0.0;3.0;0.0;0.0;0.0;0.0;0.0;7.0;38.0;10.0;60.0;7.0;2.0;0.0;10.0;0.0;0.0;0.0;41.0;0.0;0.0;888.0;888.0
Missão Velha;QUIMAMI;-7.1875;-39.0855;2012;3;243.0;0.0;0.0;0.0;0.0;22.0;14.0;0.0;0.0;0.0;0.0;0.0;0.0;0.0;31.0;76.0;0.0;0.0;0.0;11.0;11.0;5.0;0.0;0.0;2.0;35.0;0.0;18.0;18.0;0.0;0.0;0.0
Missão Velha;QUIMAMI;-7.1875;-39.0855;2012;4;17.0;0.0;0.0;1.0;2.0;0.0;0.0;0.0;0.0;0.0;6.0;0.0;0.0;0.0;0.0;0.0;8.0;0.0;0.0;0.0;0.0;0.0;0.0;0.0;0.0;0.0;0.0;0.0;0.0;0.0;0.0;888.0
Missão Velha;QUIMAMI;-7.1875;-39.0855;2012;5;34.0;0.0;0.0;0.0;0.0;0.0;0.0;0.0;0.0;0.0;0.0;0.0;0.0;0.0;0.0;0.0;0.0;0.0;15.0;11.0;0.0;0.0;8.0;0.0;0.0;0.0;0.0;0.0;0.0;0.0;0.0;0.0
Missão Velha;QUIMAMI;-7.1875;-39.0855;2014;10;17.0;0.0;0.0;17.0;999.0;999.0;999.0;999.0;999.0;999.0;999.0;999.0;999.0;999.0;999.0;999.0;999.0;999.0;999.0;999.0;999.0;999.0;999.0;999.0;999.0;999.0;999.0;999.0;999.0;999.0;999.0;999.0
