Municipios;Postos;Latitude;Longitude;Anos;Meses;Total;Dia1;Dia2;Dia3;Dia4;Dia5;Dia6;Dia7;Dia8;Dia9;Dia10;Dia11;Dia12;Dia13;Dia14;Dia15;Dia16;Dia17;Dia18;Dia19;Dia20;Dia21;Dia22;Dia23;Dia24;Dia25;Dia26;Dia27;Dia28;Dia29;Dia30;Dia31
Croatá;CROATA;-4.4269444444444;-40.909305555556;1990;1;0.0;0.0;0.0;0.0;0.0;0.0;0.0;0.0;0.0;0.0;0.0;0.0;0.0;0.0;0.0;0.0;0.0;0.0;0.0;0.0;0.0;0.0;0.0;0.0;0.0;0.0;0.0;0.0;0.0;0.0;0.0;0.0
Croatá;CROATA;-4.4269444444444;-40.909305555556;1990;2;168.7;0.0;0.0;0.0;0.0;0.0;0.0;0.0;0.0;0.0;28.0;12.0;2.0;0.0;0.0;0.0;0.0;16.0;8.2;0.0;0.0;3.2;1.3;5.0;0.0;0.0;0.0;10.0;83.0;888.0;888.0;888.0
Croatá;CROATA;-4.4269444444444;-40.909305555556;1990;3;35.4;3.2;20.0;0.0;0.0;0.0;0.0;0.0;0.0;0.0;0.0;0.0;0.0;0.0;0.0;0.0;0.0;0.0;0.0;0.0;0.0;0.0;2.0;0.0;10.2;0.0;0.0;0.0;0.0;0.0;0.0;0.0
Croatá;CROATA;-4.4269444444444;-40.909305555556;1990;4;134.9;0.0;0.0;0.0;0.0;0.0;0.0;14.0;0.0;0.0;0.0;16.4;0.0;0.0;0.0;0.0;0.0;0.0;0.0;0.0;0.0;0.0;0.0;0.0;0.0;52.0;4.5;46.0;0.0;2.0;0.0;888.0
Croatá;CROATA;-4.4269444444444;-40.909305555556;1990;5;12.0;0.0;10.0;0.0;0.0;0.0;0.0;0.0;0.0;0.0;0.0;0.0;0.0;0.0;0.0;0.0;0.0;0.0;0.0;0.0;0.0;0.0;0.0;0.0;0.0;0.0;0.0;0.0;0.0;0.0;0.0;2.0
Croatá;CROATA;-4.4269444444444;-40.909305555556;1990;6;0.0;0.0;0.0;0.0;0.0;0.0;0.0;0.0;0.0;0.0;0.0;0.0;0.0;0.0;0.0;0.0;0.0;0.0;0.0;0.0;0.0;0.0;0.0;0.0;0.0;0.0;0.0;0.0;0.0;0.0;0.0;888.0
Croatá;CROATA;-4.4269444444444;-40.909305555556;1990;7;0.0;0.0;0.0;0.0;0.0;0.0;0.0;0.0;0.0;0.0;0.0;0.0;0.0;0.0;0.0;0.0;0.0;0.0;0.0;0.0;0.0;0.0;0.0;0.0;0.0;0.0;0.0;0.0;0.0;0.0;0.0;0.0
Croatá;CROATA;-4.4269444444444;-40.909305555556;1990;8;0.0;0.0;0.0;0.0;0.0;0.0;0.0;0.0;0.0;0.0;0.0;0.0;0.0;0.0;0.0;0.0;0.0;0.0;0.0;0.0;0.0;0.0;0.0;0.0;0.0;0.0;0.0;0.0;0.0;0.0;0.0;0.0
Croatá;CROATA;-4.4269444444444;-40.909305555556;1990;9;0.0;0.0;0.0;0.0;0.0;0.0;0.0;0.0;0.0;0.0;0.0;0.0;0.0;0.0;0.0;0.0;0.0;0.0;0.0;0.0;0.0;0.0;0.0;0.0;0.0;0.0;0.0;0.0;0.0;0.0;0.0;888.0
Croatá;CROATA;-4.4269444444444;-40.909305555556;1990;10;0.0;0.0;0.0;0.0;0.0;0.0;0.0;0.0;0.0;0.0;0.0;0.0;0.0;0.0;0.0;0.0;0.0;0.0;0.0;0.0;0.0;0.0;0.0;0.0;0.0;0.0;0.0;0.0;0.0;0.0;0.0;0.0
Croatá;CROATA;-4.4269444444444;-40.909305555556;1990;11;16.0;0.0;0.0;0.0;0.0;0.0;0.0;0.0;0.0;0.0;0.0;0.0;0.0;0.0;0.0;0.0;0.0;0.0;0.0;0.0;0.0;0.0;0.0;5.0;11.0;0.0;0.0;0.0;0.0;0.0;0.0;888.0
Croatá;CROATA;-4.4269444444444;-40.909305555556;1990;12;0.0;0.0;0.0;0.0;0.0;0.0;0.0;0.0;0.0;0.0;0.0;0.0;0.0;0.0;0.0;0.0;0.0;0.0;0.0;0.0;0.0;0.0;0.0;0.0;0.0;0.0;0.0;0.0;0.0;0.0;0.0;0.0
Croatá;CROATA;-4.4269444444444;-40.909305555556;1991;1;57.4;0.0;0.0;0.0;0.0;0.0;0.0;0.0;20.2;0.0;0.0;0.0;0.0;0.0;14.2;0.0;0.0;0.0;0.0;14.6;0.0;8.4;0.0;0.0;0.0;0.0;0.0;0.0;0.0;0.0;0.0;0.0
Croatá;CROATA;-4.4269444444444;-40.909305555556;1991;2;156.8;3.0;0.0;0.0;0.0;3.4;2.0;0.0;0.0;0.0;0.0;0.0;0.0;0.0;0.0;36.0;0.0;0.0;27.4;63.0;0.0;0.0;0.0;0.0;0.0;0.0;22.0;0.0;0.0;888.0;888.0;888.0
Croatá;CROATA;-4.4269444444444;-40.909305555556;1991;3;131.6;0.0;0.0;12.0;0.0;0.0;9.0;0.0;0.0;15.4;0.0;0.0;0.0;0.0;17.0;18.2;19.0;0.0;0.0;16.0;0.0;0.0;0.0;0.0;6.0;6.0;0.0;0.0;0.0;4.0;5.0;4.0
Croatá;CROATA;-4.4269444444444;-40.909305555556;1991;4;28.6;10.0;0.0;6.0;1.2;0.0;0.0;0.0;0.0;0.0;0.0;0.0;0.0;0.0;0.0;0.0;0.0;0.0;0.0;0.0;0.0;4.2;6.2;0.0;0.0;1.0;0.0;0.0;0.0;0.0;0.0;888.0
Croatá;CROATA;-4.4269444444444;-40.909305555556;1991;5;58.2;0.0;4.4;17.2;6.6;0.0;13.0;0.0;0.0;0.0;0.0;0.0;0.0;0.0;0.0;17.0;0.0;0.0;0.0;0.0;0.0;0.0;0.0;0.0;0.0;0.0;0.0;0.0;0.0;0.0;0.0;0.0
Croatá;CROATA;-4.4269444444444;-40.909305555556;1991;6;2.0;0.0;0.0;0.0;0.0;0.0;0.0;0.0;0.0;0.0;0.0;0.0;0.0;0.0;0.0;0.0;0.0;0.0;0.0;0.0;0.0;0.0;0.0;0.0;0.0;0.0;0.0;2.0;0.0;0.0;0.0;888.0
Croatá;CROATA;-4.4269444444444;-40.909305555556;1991;7;0.0;0.0;0.0;0.0;0.0;0.0;0.0;0.0;0.0;0.0;0.0;0.0;0.0;0.0;0.0;0.0;0.0;0.0;0.0;0.0;0.0;0.0;0.0;0.0;0.0;0.0;0.0;0.0;0.0;0.0;0.0;0.0
Croatá;CROATA;-4.4269444444444;-40.909305555556;1991;8;0.0;0.0;0.0;0.0;0.0;0.0;0.0;0.0;0.0;0.0;0.0;0.0;0.0;0.0;0.0;0.0;0.0;0.0;0.0;0.0;0.0;0.0;0.0;0.0;0.0;0.0;0.0;0.0;0.0;0.0;0.0;0.0
Croatá;CROATA;-4.4269444444444;-40.909305555556;1991;9;0.0;0.0;0.0;0.0;0.0;0.0;0.0;0.0;0.0;0.0;0.0;0.0;0.0;0.0;0.0;0.0;0.0;0.0;0.0;0.0;0.0;0.0;0.0;0.0;0.0;0.0;0.0;0.0;0.0;0.0;0.0;888.0
Croatá;CROATA;-4.4269444444444;-40.909305555556;1991;10;0.0;0.0;0.0;0.0;0.0;0.0;0.0;0.0;0.0;0.0;0.0;0.0;0.0;0.0;0.0;0.0;0.0;0.0;0.0;0.0;0.0;0.0;0.0;0.0;0.0;0.0;0.0;0.0;0.0;0.0;0.0;0.0
Croatá;CROATA;-4.4269444444444;-40.909305555556;1991;11;0.0;0.0;0.0;0.0;0.0;0.0;0.0;0.0;0.0;0.0;0.0;0.0;0.0;0.0;0.0;0.0;0.0;0.0;0.0;0.0;0.0;0.0;0.0;0.0;0.0;0.0;0.0;0.0;0.0;0.0;0.0;888.0
Croatá;CROATA;-4.4269444444444;-40.909305555556;1991;12;0.0;0.0;0.0;0.0;0.0;0.0;0.0;0.0;0.0;0.0;0.0;0.0;0.0;0.0;0.0;0.0;0.0;0.0;0.0;0.0;0.0;0.0;0.0;0.0;0.0;0.0;0.0;0.0;0.0;0.0;0.0;0.0
Croatá;CROATA;-4.4269444444444;-40.909305555556;1992;1;116.2;0.0;0.0;0.0;0.0;0.0;0.0;0.0;0.0;0.0;0.0;0.0;0.0;0.0;0.0;0.0;0.0;0.0;0.0;0.0;0.0;0.0;0.0;0.0;20.4;1.2;16.4;0.0;0.0;29.6;17.6;31.0
Croatá;CROATA;-4.4269444444444;-40.909305555556;1992;2;95.2;0.0;0.0;2.0;0.0;0.0;0.0;0.0;0.0;0.0;0.0;0.0;12.2;1.2;0.0;0.0;0.0;0.0;12.0;0.0;33.4;6.0;27.0;0.0;0.0;0.0;0.0;1.4;0.0;0.0;888.0;888.0
Croatá;CROATA;-4.4269444444444;-40.909305555556;1992;3;138.8;0.0;0.0;0.0;0.0;1.0;0.0;0.0;0.0;11.8;0.0;0.0;0.0;3.3;0.0;5.0;7.0;1.0;1.6;0.0;3.9;0.0;22.0;0.0;0.0;0.0;29.0;0.0;0.0;53.2;0.0;0.0
Croatá;CROATA;-4.4269444444444;-40.909305555556;1992;4;46.2;0.0;5.0;12.6;0.0;0.0;0.0;15.0;0.0;0.0;0.0;0.0;0.0;2.0;0.0;11.6;0.0;0.0;0.0;0.0;0.0;0.0;0.0;0.0;0.0;0.0;0.0;0.0;0.0;0.0;0.0;888.0
Croatá;CROATA;-4.4269444444444;-40.909305555556;1992;5;1.0;0.0;0.0;0.0;0.0;0.0;1.0;0.0;0.0;0.0;0.0;0.0;0.0;0.0;0.0;0.0;0.0;0.0;0.0;0.0;0.0;0.0;0.0;0.0;0.0;0.0;0.0;0.0;0.0;0.0;0.0;0.0
Croatá;CROATA;-4.4269444444444;-40.909305555556;1992;6;0.0;0.0;0.0;0.0;0.0;0.0;0.0;0.0;0.0;0.0;0.0;0.0;0.0;0.0;0.0;0.0;0.0;0.0;0.0;0.0;0.0;0.0;0.0;0.0;0.0;0.0;0.0;0.0;0.0;0.0;0.0;888.0
Croatá;CROATA;-4.4269444444444;-40.909305555556;1992;7;0.0;0.0;0.0;0.0;0.0;0.0;0.0;0.0;0.0;0.0;0.0;0.0;0.0;0.0;0.0;0.0;0.0;0.0;0.0;0.0;0.0;0.0;0.0;0.0;0.0;0.0;0.0;0.0;0.0;0.0;0.0;0.0
Croatá;CROATA;-4.4269444444444;-40.909305555556;1992;8;0.0;0.0;0.0;0.0;0.0;0.0;0.0;0.0;0.0;0.0;0.0;0.0;0.0;0.0;0.0;0.0;0.0;0.0;0.0;0.0;0.0;0.0;0.0;0.0;0.0;0.0;0.0;0.0;0.0;0.0;0.0;0.0
Croatá;CROATA;-4.4269444444444;-40.909305555556;1992;9;0.0;0.0;0.0;0.0;0.0;0.0;0.0;0.0;0.0;0.0;0.0;0.0;0.0;0.0;0.0;0.0;0.0;0.0;0.0;0.0;0.0;0.0;0.0;0.0;0.0;0.0;0.0;0.0;0.0;0.0;0.0;888.0
Croatá;CROATA;-4.4269444444444;-40.909305555556;1992;10;0.0;0.0;0.0;0.0;0.0;0.0;0.0;0.0;0.0;0.0;0.0;0.0;0.0;0.0;0.0;0.0;0.0;0.0;0.0;0.0;0.0;0.0;0.0;0.0;0.0;0.0;0.0;0.0;0.0;0.0;0.0;0.0
Croatá;CROATA;-4.4269444444444;-40.909305555556;1992;11;0.0;0.0;0.0;0.0;0.0;0.0;0.0;0.0;0.0;0.0;0.0;0.0;0.0;0.0;0.0;0.0;0.0;0.0;0.0;0.0;0.0;0.0;0.0;0.0;0.0;0.0;0.0;0.0;0.0;0.0;0.0;888.0
Croatá;CROATA;-4.4269444444444;-40.909305555556;1992;12;0.0;0.0;0.0;0.0;0.0;0.0;0.0;0.0;0.0;0.0;0.0;0.0;0.0;0.0;0.0;0.0;0.0;0.0;0.0;0.0;0.0;0.0;0.0;0.0;0.0;0.0;0.0;0.0;0.0;0.0;0.0;0.0
Croatá;CROATA;-4.4269444444444;-40.909305555556;1993;1;27.0;0.0;0.0;0.0;0.0;0.0;0.0;0.0;0.0;0.0;0.0;0.0;0.0;0.0;0.0;0.0;0.0;16.0;0.0;11.0;0.0;0.0;0.0;0.0;0.0;0.0;0.0;0.0;0.0;0.0;0.0;0.0
Croatá;CROATA;-4.4269444444444;-40.909305555556;1993;2;35.4;2.0;0.0;0.0;0.0;0.0;0.0;0.0;0.0;0.0;0.0;0.0;0.0;0.0;28.0;0.0;0.0;0.0;0.0;0.0;5.4;0.0;0.0;0.0;0.0;0.0;0.0;0.0;0.0;888.0;888.0;888.0
Croatá;CROATA;-4.4269444444444;-40.909305555556;1993;3;58.3;0.0;4.8;0.0;4.6;0.0;0.0;0.0;0.0;0.0;0.0;0.0;0.0;0.0;0.0;0.0;0.0;0.0;0.0;0.0;0.0;0.0;0.0;0.0;0.0;0.0;0.0;23.0;3.5;2.4;16.0;4.0
Croatá;CROATA;-4.4269444444444;-40.909305555556;1993;4;61.5;0.0;12.5;0.0;0.0;0.0;0.0;0.0;0.0;0.0;0.0;0.0;0.0;0.0;0.0;0.0;0.0;0.0;0.0;44.0;0.0;0.0;0.0;0.0;0.0;0.0;0.0;0.0;0.0;5.0;0.0;888.0
Croatá;CROATA;-4.4269444444444;-40.909305555556;1993;5;23.2;0.0;0.0;11.8;0.0;0.0;0.0;0.0;0.0;0.0;0.0;0.0;0.0;0.0;0.0;0.0;0.0;0.0;0.0;0.0;0.0;0.0;0.0;11.4;0.0;0.0;0.0;0.0;0.0;0.0;0.0;0.0
Croatá;CROATA;-4.4269444444444;-40.909305555556;1993;6;13.0;0.0;0.0;0.0;0.0;0.0;0.0;0.0;0.0;0.0;0.0;13.0;0.0;0.0;0.0;0.0;0.0;0.0;0.0;0.0;0.0;0.0;0.0;0.0;0.0;0.0;0.0;0.0;0.0;0.0;0.0;888.0
Croatá;CROATA;-4.4269444444444;-40.909305555556;1993;7;13.0;0.0;0.0;0.0;0.0;0.0;0.0;0.0;0.0;0.0;0.0;8.0;0.0;5.0;0.0;0.0;0.0;0.0;0.0;0.0;0.0;0.0;0.0;0.0;0.0;0.0;0.0;0.0;0.0;0.0;0.0;0.0
Croatá;CROATA;-4.4269444444444;-40.909305555556;1993;8;0.0;0.0;0.0;0.0;0.0;0.0;0.0;0.0;0.0;0.0;0.0;0.0;0.0;0.0;0.0;0.0;0.0;0.0;0.0;0.0;0.0;0.0;0.0;0.0;0.0;0.0;0.0;0.0;0.0;0.0;0.0;0.0
Croatá;CROATA;-4.4269444444444;-40.909305555556;1993;9;6.5;0.0;0.0;0.0;0.0;0.0;0.0;0.0;0.0;0.0;0.0;0.0;0.0;0.0;0.0;0.0;0.0;0.0;0.0;0.0;0.0;0.0;0.0;0.0;0.0;0.0;0.0;0.0;0.0;6.5;0.0;888.0
Croatá;CROATA;-4.4269444444444;-40.909305555556;1993;10;0.0;0.0;0.0;0.0;0.0;0.0;0.0;0.0;0.0;0.0;0.0;0.0;0.0;0.0;0.0;0.0;0.0;0.0;0.0;0.0;0.0;0.0;0.0;0.0;0.0;0.0;0.0;0.0;0.0;0.0;0.0;0.0
Croatá;CROATA;-4.4269444444444;-40.909305555556;1993;11;0.0;0.0;0.0;0.0;0.0;0.0;0.0;0.0;0.0;0.0;0.0;0.0;0.0;0.0;0.0;0.0;0.0;0.0;0.0;0.0;0.0;0.0;0.0;0.0;0.0;0.0;0.0;0.0;0.0;0.0;0.0;888.0
Croatá;CROATA;-4.4269444444444;-40.909305555556;1993;12;31.3;0.0;0.0;0.0;0.0;0.0;0.0;0.0;0.0;0.0;0.0;0.0;0.0;0.0;0.0;0.0;0.0;0.0;0.0;0.0;0.0;0.0;0.0;0.0;0.0;0.0;0.0;0.0;31.3;0.0;0.0;0.0
Croatá;CROATA;-4.4269444444444;-40.909305555556;1994;1;62.3;18.2;2.0;0.0;0.0;7.0;0.0;0.0;0.0;0.0;0.0;0.0;0.0;0.0;0.0;24.2;0.0;1.3;4.3;0.0;5.3;0.0;0.0;0.0;0.0;0.0;0.0;0.0;0.0;0.0;0.0;0.0
Croatá;CROATA;-4.4269444444444;-40.909305555556;1994;2;37.2;2.2;0.0;0.0;0.0;0.0;0.0;0.0;2.0;0.0;0.0;0.0;0.0;0.0;0.0;16.5;0.0;1.0;6.5;0.0;0.0;0.0;0.0;0.0;0.0;0.0;0.0;0.0;9.0;888.0;888.0;888.0
Croatá;CROATA;-4.4269444444444;-40.909305555556;1994;3;136.2;0.9;0.0;5.0;0.0;0.0;4.0;21.5;0.0;0.0;13.0;0.0;4.0;0.0;1.0;0.0;0.0;0.0;24.0;7.0;0.0;0.0;0.0;0.0;0.0;5.2;25.5;9.0;0.0;1.1;15.0;0.0
Croatá;CROATA;-4.4269444444444;-40.909305555556;1994;4;96.9;0.0;0.0;0.0;0.0;0.0;0.0;12.0;0.0;0.0;0.0;6.5;0.0;5.0;0.0;0.0;0.0;17.9;7.1;12.1;3.9;0.0;1.5;0.0;0.0;0.0;0.0;0.0;5.9;0.0;25.0;888.0
Croatá;CROATA;-4.4269444444444;-40.909305555556;1994;5;54.3;0.0;0.0;0.0;0.0;0.0;0.0;0.0;0.0;0.0;0.0;8.1;32.0;0.0;0.0;0.0;0.0;0.0;0.0;13.2;1.0;0.0;0.0;0.0;0.0;0.0;0.0;0.0;0.0;0.0;0.0;0.0
Croatá;CROATA;-4.4269444444444;-40.909305555556;1994;6;42.4;0.0;0.0;21.5;0.0;0.0;0.0;0.0;0.0;0.0;0.0;0.0;0.0;5.0;0.0;0.0;0.0;0.0;0.0;0.0;0.0;5.0;4.9;0.0;0.0;0.0;0.0;0.0;0.0;6.0;0.0;888.0
Croatá;CROATA;-4.4269444444444;-40.909305555556;1994;7;0.0;0.0;0.0;0.0;0.0;0.0;0.0;0.0;0.0;0.0;0.0;0.0;0.0;0.0;0.0;0.0;0.0;0.0;0.0;0.0;0.0;0.0;0.0;0.0;0.0;0.0;0.0;0.0;0.0;0.0;0.0;0.0
Croatá;CROATA;-4.4269444444444;-40.909305555556;1994;8;0.0;0.0;0.0;0.0;0.0;0.0;0.0;0.0;0.0;0.0;0.0;0.0;0.0;0.0;0.0;0.0;0.0;0.0;0.0;0.0;0.0;0.0;0.0;0.0;0.0;0.0;0.0;0.0;0.0;0.0;0.0;0.0
Croatá;CROATA;-4.4269444444444;-40.909305555556;1994;9;0.0;0.0;0.0;0.0;0.0;0.0;0.0;0.0;0.0;0.0;0.0;0.0;0.0;0.0;0.0;0.0;0.0;0.0;0.0;0.0;0.0;0.0;0.0;0.0;0.0;0.0;0.0;0.0;0.0;0.0;0.0;888.0
Croatá;CROATA;-4.4269444444444;-40.909305555556;1994;10;0.0;0.0;0.0;0.0;0.0;0.0;0.0;0.0;0.0;0.0;0.0;0.0;0.0;0.0;0.0;0.0;0.0;0.0;0.0;0.0;0.0;0.0;0.0;0.0;0.0;0.0;0.0;0.0;0.0;0.0;0.0;0.0
Croatá;CROATA;-4.4269444444444;-40.909305555556;1994;11;13.0;0.0;0.0;0.0;0.0;0.0;0.0;0.0;0.0;0.0;0.0;0.0;0.0;0.0;0.0;0.0;0.0;0.0;0.0;0.0;0.0;0.0;0.0;0.0;0.0;0.0;0.0;0.0;0.0;13.0;0.0;888.0
Croatá;CROATA;-4.4269444444444;-40.909305555556;1994;12;45.1;0.0;0.0;0.0;0.0;0.0;0.0;0.0;0.0;0.0;0.0;0.0;0.0;0.0;0.0;0.0;0.0;0.0;0.0;0.0;0.0;0.0;0.0;0.0;8.0;0.0;0.0;13.0;24.1;0.0;0.0;0.0
Croatá;CROATA;-4.4269444444444;-40.909305555556;1995;1;45.9;0.0;0.0;0.0;0.0;37.0;3.0;0.0;0.0;5.9;0.0;0.0;0.0;0.0;0.0;0.0;0.0;0.0;0.0;0.0;0.0;0.0;0.0;0.0;0.0;0.0;0.0;0.0;0.0;0.0;0.0;0.0
Croatá;CROATA;-4.4269444444444;-40.909305555556;1995;2;92.6;0.0;0.0;0.0;17.4;1.0;0.4;0.0;0.0;0.0;0.0;11.6;1.8;0.0;0.0;0.0;0.0;0.0;0.0;1.4;0.0;31.0;4.0;0.0;0.0;24.0;0.0;0.0;0.0;888.0;888.0;888.0
Croatá;CROATA;-4.4269444444444;-40.909305555556;1995;3;161.8;0.0;0.0;0.0;0.0;37.0;3.0;0.0;0.0;5.9;0.0;0.0;0.0;0.0;0.0;7.6;0.0;0.0;0.0;1.0;0.0;0.0;0.0;0.0;0.0;6.4;86.6;0.0;4.7;9.4;0.2;0.0
Croatá;CROATA;-4.4269444444444;-40.909305555556;1995;4;168.0;0.0;9.0;0.0;0.0;0.0;11.1;24.4;0.0;3.0;8.5;6.5;3.6;0.0;16.2;10.0;7.8;24.0;0.0;5.7;5.2;14.6;0.0;0.0;3.0;0.0;0.0;0.0;9.4;6.0;0.0;888.0
Croatá;CROATA;-4.4269444444444;-40.909305555556;1995;5;100.9;0.0;0.0;0.0;9.9;0.0;0.0;0.0;0.0;0.0;0.0;0.0;0.0;0.0;0.0;13.0;33.0;0.0;0.0;0.0;0.0;7.4;5.6;0.0;0.0;24.0;7.0;0.0;0.0;1.0;0.0;0.0
Croatá;CROATA;-4.4269444444444;-40.909305555556;1995;6;18.6;0.0;0.0;0.0;9.0;0.0;0.0;0.0;0.0;0.0;0.0;0.0;0.0;0.0;0.0;0.0;0.0;0.0;0.0;0.0;0.0;0.0;0.0;0.0;0.0;0.0;9.6;0.0;0.0;0.0;0.0;888.0
Croatá;CROATA;-4.4269444444444;-40.909305555556;1995;7;28.8;0.0;0.0;0.0;0.0;28.8;0.0;0.0;0.0;0.0;0.0;0.0;0.0;0.0;0.0;0.0;0.0;0.0;0.0;0.0;0.0;0.0;0.0;0.0;0.0;0.0;0.0;0.0;0.0;0.0;0.0;0.0
Croatá;CROATA;-4.4269444444444;-40.909305555556;1995;8;0.0;0.0;0.0;0.0;0.0;0.0;0.0;0.0;0.0;0.0;0.0;0.0;0.0;0.0;0.0;0.0;0.0;0.0;0.0;0.0;0.0;0.0;0.0;0.0;0.0;0.0;0.0;0.0;0.0;0.0;0.0;0.0
Croatá;CROATA;-4.4269444444444;-40.909305555556;1995;9;0.0;0.0;0.0;0.0;0.0;0.0;0.0;0.0;0.0;0.0;0.0;0.0;0.0;0.0;0.0;0.0;0.0;0.0;0.0;0.0;0.0;0.0;0.0;0.0;0.0;0.0;0.0;0.0;0.0;0.0;0.0;888.0
Croatá;CROATA;-4.4269444444444;-40.909305555556;1995;10;7.8;0.0;0.0;0.0;0.0;0.0;0.0;0.0;0.0;0.0;0.0;0.0;0.0;0.0;0.0;0.0;0.0;0.0;0.0;0.0;0.0;0.0;0.0;0.0;0.0;0.0;0.0;0.0;0.0;0.0;0.0;7.8
Croatá;CROATA;-4.4269444444444;-40.909305555556;1995;11;0.0;0.0;0.0;0.0;0.0;0.0;0.0;0.0;0.0;0.0;0.0;0.0;0.0;0.0;0.0;0.0;0.0;0.0;0.0;0.0;0.0;0.0;0.0;0.0;0.0;0.0;0.0;0.0;0.0;0.0;0.0;888.0
Croatá;CROATA;-4.4269444444444;-40.909305555556;1995;12;5.0;0.0;0.0;0.0;0.0;0.0;0.0;0.0;0.0;0.0;0.0;0.0;0.0;0.0;0.0;0.0;0.0;0.0;0.0;0.0;0.0;0.0;0.0;0.0;0.0;0.0;0.0;0.0;0.0;0.0;0.0;5.0
Croatá;CROATA;-4.4269444444444;-40.909305555556;1996;1;55.1;0.0;0.0;0.0;0.0;0.0;2.8;0.0;0.0;0.0;0.0;0.0;0.0;0.0;6.0;24.6;0.0;11.5;0.0;0.0;0.0;0.0;10.2;0.0;0.0;0.0;0.0;0.0;0.0;0.0;0.0;0.0
Croatá;CROATA;-4.4269444444444;-40.909305555556;1996;2;59.4;0.0;0.0;0.0;0.0;0.0;0.0;0.0;0.0;0.0;0.0;0.0;0.0;0.0;0.0;0.0;7.4;0.0;0.0;0.0;20.0;0.0;2.0;0.0;0.0;0.0;30.0;0.0;0.0;0.0;888.0;888.0
Croatá;CROATA;-4.4269444444444;-40.909305555556;1996;3;280.0;0.0;0.0;0.0;8.4;62.2;10.2;0.0;5.5;0.0;0.0;14.2;15.0;56.0;0.0;0.0;0.0;0.0;0.0;16.6;5.6;23.6;0.0;0.0;9.4;0.0;8.5;0.0;43.0;0.0;1.8;0.0
Croatá;CROATA;-4.4269444444444;-40.909305555556;1996;4;198.0;3.1;0.0;0.0;4.4;0.0;18.4;10.0;0.0;0.0;16.2;0.0;0.0;0.0;35.2;0.0;9.0;0.0;0.0;0.0;0.0;0.0;0.0;5.0;54.0;0.0;16.7;10.0;12.0;0.0;4.0;888.0
Croatá;CROATA;-4.4269444444444;-40.909305555556;1996;5;20.9;0.0;0.0;0.0;0.0;0.0;0.0;0.0;0.0;0.0;0.0;0.0;0.0;0.0;0.0;0.0;0.0;0.0;0.0;0.0;0.0;0.0;0.0;0.0;0.0;0.0;0.0;0.0;0.0;0.0;0.0;20.9
Croatá;CROATA;-4.4269444444444;-40.909305555556;1996;6;0.0;0.0;0.0;0.0;0.0;0.0;0.0;0.0;0.0;0.0;0.0;0.0;0.0;0.0;0.0;0.0;0.0;0.0;0.0;0.0;0.0;0.0;0.0;0.0;0.0;0.0;0.0;0.0;0.0;0.0;0.0;888.0
Croatá;CROATA;-4.4269444444444;-40.909305555556;1996;7;5.0;0.0;0.0;0.0;0.0;0.0;0.0;0.0;0.0;0.0;0.0;0.0;0.0;0.0;0.0;0.0;0.0;0.0;5.0;0.0;0.0;0.0;0.0;0.0;0.0;0.0;0.0;0.0;0.0;0.0;0.0;0.0
Croatá;CROATA;-4.4269444444444;-40.909305555556;1996;8;3.0;0.0;0.0;0.0;0.0;0.0;0.0;0.0;0.0;0.0;0.0;0.0;0.0;0.0;0.0;0.0;0.0;0.0;0.0;3.0;0.0;0.0;0.0;0.0;0.0;0.0;0.0;0.0;0.0;0.0;0.0;0.0
Croatá;CROATA;-4.4269444444444;-40.909305555556;1996;9;0.0;0.0;0.0;0.0;0.0;0.0;0.0;0.0;0.0;0.0;0.0;0.0;0.0;0.0;0.0;0.0;0.0;0.0;0.0;0.0;0.0;0.0;0.0;0.0;0.0;0.0;0.0;0.0;0.0;0.0;0.0;888.0
Croatá;CROATA;-4.4269444444444;-40.909305555556;1996;10;0.0;0.0;0.0;0.0;0.0;0.0;0.0;0.0;0.0;0.0;0.0;0.0;0.0;0.0;0.0;0.0;0.0;0.0;0.0;0.0;0.0;0.0;0.0;0.0;0.0;0.0;0.0;0.0;0.0;0.0;0.0;0.0
Croatá;CROATA;-4.4269444444444;-40.909305555556;1996;11;62.0;0.0;0.0;0.0;0.0;0.0;0.0;0.0;0.0;0.0;0.0;0.0;0.0;0.0;0.0;0.0;0.0;0.0;0.0;50.5;11.5;0.0;0.0;0.0;0.0;0.0;0.0;0.0;0.0;0.0;0.0;888.0
Croatá;CROATA;-4.4269444444444;-40.909305555556;1996;12;22.2;0.0;0.0;0.0;0.0;0.0;0.0;0.0;0.0;16.2;0.0;0.0;0.0;0.0;0.0;0.0;0.0;0.0;0.0;0.0;0.0;0.0;0.0;0.0;0.0;0.0;0.0;0.0;0.0;0.0;6.0;0.0
Croatá;CROATA;-4.4269444444444;-40.909305555556;1997;1;130.2;0.0;0.0;0.0;0.0;0.0;0.0;0.0;0.0;0.0;0.0;0.0;0.0;0.0;7.0;0.0;0.0;0.0;0.0;0.0;0.0;7.6;13.0;0.0;2.6;0.0;100.0;0.0;0.0;0.0;0.0;0.0
Croatá;CROATA;-4.4269444444444;-40.909305555556;1997;2;28.8;0.0;0.0;0.0;0.0;0.0;0.0;0.0;0.0;0.0;25.2;0.0;0.0;0.0;0.0;0.0;0.0;0.0;0.0;0.0;1.6;0.0;2.0;0.0;0.0;0.0;0.0;0.0;0.0;888.0;888.0;888.0
Croatá;CROATA;-4.4269444444444;-40.909305555556;1997;3;308.1;0.0;0.0;0.0;10.2;5.5;0.0;0.0;0.0;0.0;0.0;0.0;0.0;0.0;0.0;0.0;0.0;0.0;0.0;0.6;42.0;0.0;0.0;27.6;61.0;45.0;3.0;62.0;44.6;3.0;3.6;0.0
Croatá;CROATA;-4.4269444444444;-40.909305555556;1997;4;53.6;0.0;0.6;7.0;6.0;3.0;0.0;0.0;8.4;0.0;4.0;5.0;0.0;0.0;0.0;11.6;0.0;0.0;0.0;0.0;0.0;0.0;0.0;0.0;0.0;0.0;0.0;3.0;5.0;0.0;0.0;888.0
Croatá;CROATA;-4.4269444444444;-40.909305555556;1997;5;23.6;0.0;0.0;3.0;0.0;0.0;0.0;0.0;2.4;0.0;0.0;0.0;0.0;0.0;0.0;0.0;16.0;0.0;0.0;0.0;0.0;0.0;0.0;0.0;2.2;0.0;0.0;0.0;0.0;0.0;0.0;0.0
Croatá;CROATA;-4.4269444444444;-40.909305555556;1997;6;0.0;0.0;0.0;0.0;0.0;0.0;0.0;0.0;0.0;0.0;0.0;0.0;0.0;0.0;0.0;0.0;0.0;0.0;0.0;0.0;0.0;0.0;0.0;0.0;0.0;0.0;0.0;0.0;0.0;0.0;0.0;888.0
Croatá;CROATA;-4.4269444444444;-40.909305555556;1997;7;0.0;0.0;0.0;0.0;0.0;0.0;0.0;0.0;0.0;0.0;0.0;0.0;0.0;0.0;0.0;0.0;0.0;0.0;0.0;0.0;0.0;0.0;0.0;0.0;0.0;0.0;0.0;0.0;0.0;0.0;0.0;0.0
Croatá;CROATA;-4.4269444444444;-40.909305555556;1997;8;0.0;0.0;0.0;0.0;0.0;0.0;0.0;0.0;0.0;0.0;0.0;0.0;0.0;0.0;0.0;0.0;0.0;0.0;0.0;0.0;0.0;0.0;0.0;0.0;0.0;0.0;0.0;0.0;0.0;0.0;0.0;0.0
Croatá;CROATA;-4.4269444444444;-40.909305555556;1997;9;0.0;0.0;0.0;0.0;0.0;0.0;0.0;0.0;0.0;0.0;0.0;0.0;0.0;0.0;0.0;0.0;0.0;0.0;0.0;0.0;0.0;0.0;0.0;0.0;0.0;0.0;0.0;0.0;0.0;0.0;0.0;888.0
Croatá;CROATA;-4.4269444444444;-40.909305555556;1997;10;0.0;0.0;0.0;0.0;0.0;0.0;0.0;0.0;0.0;0.0;0.0;0.0;0.0;0.0;0.0;0.0;0.0;0.0;0.0;0.0;0.0;0.0;0.0;0.0;0.0;0.0;0.0;0.0;0.0;0.0;0.0;0.0
Croatá;CROATA;-4.4269444444444;-40.909305555556;1997;11;11.8;0.0;0.0;0.0;0.0;0.0;0.0;0.0;0.0;0.0;0.0;0.0;0.0;0.0;0.0;0.0;0.0;0.0;11.8;0.0;0.0;0.0;0.0;0.0;0.0;0.0;0.0;0.0;0.0;0.0;0.0;888.0
Croatá;CROATA;-4.4269444444444;-40.909305555556;1997;12;0.0;0.0;0.0;0.0;0.0;0.0;0.0;0.0;0.0;0.0;0.0;0.0;0.0;0.0;0.0;0.0;0.0;0.0;0.0;0.0;0.0;0.0;0.0;0.0;0.0;0.0;0.0;0.0;0.0;0.0;0.0;0.0
Croatá;CROATA;-4.4269444444444;-40.909305555556;1998;1;27.9;0.0;0.0;0.0;0.0;0.0;0.0;0.0;0.0;0.0;0.0;0.0;0.0;0.0;0.0;0.0;0.0;0.0;0.0;0.0;17.0;3.0;0.0;0.0;0.0;0.0;6.1;1.8;0.0;0.0;0.0;0.0
Croatá;CROATA;-4.4269444444444;-40.909305555556;1998;2;11.6;11.6;0.0;0.0;0.0;0.0;0.0;0.0;0.0;0.0;0.0;0.0;0.0;0.0;0.0;0.0;0.0;0.0;0.0;0.0;0.0;0.0;0.0;0.0;0.0;0.0;0.0;0.0;0.0;888.0;888.0;888.0
Croatá;CROATA;-4.4269444444444;-40.909305555556;1998;3;53.5;0.0;0.0;0.0;0.0;0.0;0.0;0.0;0.0;0.0;9.4;0.0;0.0;0.0;0.0;0.0;0.0;0.0;19.6;0.0;0.0;0.0;0.0;0.0;0.0;5.2;0.0;0.0;19.0;0.0;0.3;0.0
Croatá;CROATA;-4.4269444444444;-40.909305555556;1998;4;33.4;0.0;33.4;0.0;0.0;0.0;0.0;0.0;0.0;0.0;0.0;0.0;0.0;0.0;0.0;0.0;0.0;0.0;0.0;0.0;0.0;0.0;0.0;0.0;0.0;0.0;0.0;0.0;0.0;0.0;0.0;888.0
Croatá;CROATA;-4.4269444444444;-40.909305555556;1998;5;0.0;0.0;0.0;0.0;0.0;0.0;0.0;0.0;0.0;0.0;0.0;0.0;0.0;0.0;0.0;0.0;0.0;0.0;0.0;0.0;0.0;0.0;0.0;0.0;0.0;0.0;0.0;0.0;0.0;0.0;0.0;0.0
Croatá;CROATA;-4.4269444444444;-40.909305555556;1998;6;0.0;0.0;0.0;0.0;0.0;0.0;0.0;0.0;0.0;0.0;0.0;0.0;0.0;0.0;0.0;0.0;0.0;0.0;0.0;0.0;0.0;0.0;0.0;0.0;0.0;0.0;0.0;0.0;0.0;0.0;0.0;888.0
Croatá;CROATA;-4.4269444444444;-40.909305555556;1998;7;0.0;0.0;0.0;0.0;0.0;0.0;0.0;0.0;0.0;0.0;0.0;0.0;0.0;0.0;0.0;0.0;0.0;0.0;0.0;0.0;0.0;0.0;0.0;0.0;0.0;0.0;0.0;0.0;0.0;0.0;0.0;0.0
Croatá;CROATA;-4.4269444444444;-40.909305555556;1998;8;0.0;0.0;0.0;0.0;0.0;0.0;0.0;0.0;0.0;0.0;0.0;0.0;0.0;0.0;0.0;0.0;0.0;0.0;0.0;0.0;0.0;0.0;0.0;0.0;0.0;0.0;0.0;0.0;0.0;0.0;0.0;0.0
Croatá;CROATA;-4.4269444444444;-40.909305555556;1998;9;0.0;0.0;0.0;0.0;0.0;0.0;0.0;0.0;0.0;0.0;0.0;0.0;0.0;0.0;0.0;0.0;0.0;0.0;0.0;0.0;0.0;0.0;0.0;0.0;0.0;0.0;0.0;0.0;0.0;0.0;0.0;888.0
Croatá;CROATA;-4.4269444444444;-40.909305555556;1998;10;0.0;0.0;0.0;0.0;0.0;0.0;0.0;0.0;0.0;0.0;0.0;0.0;0.0;0.0;0.0;0.0;0.0;0.0;0.0;0.0;0.0;0.0;0.0;0.0;0.0;0.0;0.0;0.0;0.0;0.0;0.0;0.0
Croatá;CROATA;-4.4269444444444;-40.909305555556;1998;11;0.0;0.0;0.0;0.0;0.0;0.0;0.0;0.0;0.0;0.0;0.0;0.0;0.0;0.0;0.0;0.0;0.0;0.0;0.0;0.0;0.0;0.0;0.0;0.0;0.0;0.0;0.0;0.0;0.0;0.0;0.0;888.0
Croatá;CROATA;-4.4269444444444;-40.909305555556;1998;12;0.0;0.0;0.0;0.0;0.0;0.0;0.0;0.0;0.0;0.0;0.0;0.0;0.0;0.0;0.0;0.0;0.0;0.0;0.0;0.0;0.0;0.0;0.0;0.0;0.0;0.0;0.0;0.0;0.0;0.0;0.0;0.0
Croatá;CROATA;-4.4269444444444;-40.909305555556;1999;1;45.1;0.0;0.0;0.0;0.0;0.0;0.0;0.0;0.0;19.2;15.1;4.2;0.0;2.0;0.0;0.0;0.0;0.0;0.0;4.6;0.0;0.0;0.0;0.0;0.0;0.0;0.0;0.0;0.0;0.0;0.0;0.0
Croatá;CROATA;-4.4269444444444;-40.909305555556;1999;2;139.2;35.2;0.0;17.0;7.8;36.2;0.0;0.0;0.0;10.0;0.0;0.0;15.8;0.0;0.0;0.0;0.0;0.0;6.0;1.0;0.0;0.0;0.0;3.2;4.0;3.0;0.0;0.0;0.0;888.0;888.0;888.0
Croatá;CROATA;-4.4269444444444;-40.909305555556;1999;3;108.9;0.0;0.0;4.6;0.0;0.0;0.0;0.0;0.0;17.0;0.0;0.0;8.2;6.0;0.0;16.2;2.2;0.0;0.0;1.6;10.6;9.6;0.0;6.0;5.0;6.0;4.2;0.0;9.3;2.4;0.0;0.0
Croatá;CROATA;-4.4269444444444;-40.909305555556;1999;4;76.7;0.0;0.0;0.0;6.5;2.7;28.5;0.0;0.0;0.0;0.0;0.0;2.7;2.2;9.8;10.0;0.0;0.0;0.0;0.0;0.0;3.2;0.0;0.0;0.0;0.0;4.5;4.6;0.0;2.0;0.0;888.0
Croatá;CROATA;-4.4269444444444;-40.909305555556;1999;5;31.1;0.0;0.7;0.4;0.0;1.4;0.4;2.4;2.0;0.0;0.0;2.0;4.2;1.2;0.0;9.2;4.0;0.0;1.0;1.5;0.0;0.0;0.7;0.0;0.0;0.0;0.0;0.0;0.0;0.0;0.0;0.0
Croatá;CROATA;-4.4269444444444;-40.909305555556;1999;6;11.2;9.0;0.0;0.0;0.0;0.0;0.0;0.0;0.0;0.0;0.0;0.0;2.2;0.0;0.0;0.0;0.0;0.0;0.0;0.0;0.0;0.0;0.0;0.0;0.0;0.0;0.0;0.0;0.0;0.0;0.0;888.0
Croatá;CROATA;-4.4269444444444;-40.909305555556;1999;7;0.0;0.0;0.0;0.0;0.0;0.0;0.0;0.0;0.0;0.0;0.0;0.0;0.0;0.0;0.0;0.0;0.0;0.0;0.0;0.0;0.0;0.0;0.0;0.0;0.0;0.0;0.0;0.0;0.0;0.0;0.0;0.0
Croatá;CROATA;-4.4269444444444;-40.909305555556;1999;8;0.0;0.0;0.0;0.0;0.0;0.0;0.0;0.0;0.0;0.0;0.0;0.0;0.0;0.0;0.0;0.0;0.0;0.0;0.0;0.0;0.0;0.0;0.0;0.0;0.0;0.0;0.0;0.0;0.0;0.0;0.0;0.0
Croatá;CROATA;-4.4269444444444;-40.909305555556;1999;9;0.0;0.0;0.0;0.0;0.0;0.0;0.0;0.0;0.0;0.0;0.0;0.0;0.0;0.0;0.0;0.0;0.0;0.0;0.0;0.0;0.0;0.0;0.0;0.0;0.0;0.0;0.0;0.0;0.0;0.0;0.0;888.0
Croatá;CROATA;-4.4269444444444;-40.909305555556;1999;10;0.0;0.0;0.0;0.0;0.0;0.0;0.0;0.0;0.0;0.0;0.0;0.0;0.0;0.0;0.0;0.0;0.0;0.0;0.0;0.0;0.0;0.0;0.0;0.0;0.0;0.0;0.0;0.0;0.0;0.0;0.0;0.0
Croatá;CROATA;-4.4269444444444;-40.909305555556;1999;11;72.2;0.0;0.0;0.0;0.0;0.0;0.0;0.0;0.0;0.0;0.0;0.0;0.0;0.0;0.0;0.0;0.0;0.0;0.0;0.0;0.0;0.0;0.0;0.0;0.0;0.0;28.2;0.0;44.0;0.0;0.0;888.0
Croatá;CROATA;-4.4269444444444;-40.909305555556;1999;12;27.9;0.0;0.0;0.0;0.0;0.0;0.0;0.0;0.0;0.0;0.0;0.0;0.0;0.0;0.0;0.0;0.0;0.0;0.0;0.0;0.0;0.0;0.0;9.0;0.0;0.0;0.0;0.0;0.0;0.0;18.9;0.0
Croatá;CROATA;-4.4269444444444;-40.909305555556;2000;1;111.9;24.3;0.0;0.0;20.0;1.0;2.8;12.1;0.0;32.0;0.0;3.0;0.4;0.0;0.0;0.0;2.0;0.0;3.0;7.8;0.0;0.5;0.0;0.0;3.0;0.0;0.0;0.0;0.0;0.0;0.0;0.0
Croatá;CROATA;-4.4269444444444;-40.909305555556;2000;2;117.7;5.7;0.0;0.0;0.0;0.0;0.0;8.8;0.0;9.0;1.0;3.1;0.0;0.0;0.0;2.5;1.8;5.2;18.0;33.6;10.5;0.0;0.0;2.4;5.0;2.3;0.0;4.9;3.9;0.0;888.0;888.0
Croatá;CROATA;-4.4269444444444;-40.909305555556;2000;3;132.4;0.0;1.6;11.0;0.0;0.0;0.0;0.0;0.0;9.6;1.4;0.0;0.0;0.0;0.0;0.0;0.0;0.0;0.0;0.0;0.4;0.0;11.6;0.0;2.5;0.0;7.0;0.0;18.5;35.5;18.4;14.9
Croatá;CROATA;-4.4269444444444;-40.909305555556;2000;4;189.9;0.0;0.0;9.0;0.0;0.0;39.2;0.0;3.0;5.2;0.0;1.0;1.4;1.0;58.5;0.0;9.0;20.0;10.0;18.0;2.5;0.0;0.0;0.0;5.6;1.3;3.2;1.0;0.0;1.0;0.0;888.0
Croatá;CROATA;-4.4269444444444;-40.909305555556;2000;5;4.9;0.0;0.0;0.0;0.0;0.0;1.8;0.0;0.0;1.0;0.0;0.0;0.0;0.0;0.0;0.0;0.0;0.0;0.0;1.6;0.0;0.0;0.0;0.0;0.0;0.0;0.0;0.0;0.0;0.0;0.0;0.5
Croatá;CROATA;-4.4269444444444;-40.909305555556;2000;6;10.4;0.0;7.5;0.0;0.0;0.0;0.0;0.0;2.5;0.4;0.0;0.0;0.0;0.0;0.0;0.0;0.0;0.0;0.0;0.0;0.0;0.0;0.0;0.0;0.0;0.0;0.0;0.0;0.0;0.0;0.0;888.0
Croatá;CROATA;-4.4269444444444;-40.909305555556;2000;7;0.0;0.0;0.0;0.0;0.0;0.0;0.0;0.0;0.0;0.0;0.0;0.0;0.0;0.0;0.0;0.0;0.0;0.0;0.0;0.0;0.0;0.0;0.0;0.0;0.0;0.0;0.0;0.0;0.0;0.0;0.0;0.0
Croatá;CROATA;-4.4269444444444;-40.909305555556;2000;8;0.0;0.0;0.0;0.0;0.0;0.0;0.0;0.0;0.0;0.0;0.0;0.0;0.0;0.0;0.0;0.0;0.0;0.0;0.0;0.0;0.0;0.0;0.0;0.0;0.0;0.0;0.0;0.0;0.0;0.0;0.0;0.0
Croatá;CROATA;-4.4269444444444;-40.909305555556;2000;9;12.0;0.0;0.0;0.0;0.0;0.0;0.0;0.0;0.0;0.0;0.0;0.0;0.0;0.0;0.0;0.0;0.0;0.0;0.0;12.0;0.0;0.0;0.0;0.0;0.0;0.0;0.0;0.0;0.0;0.0;0.0;888.0
Croatá;CROATA;-4.4269444444444;-40.909305555556;2000;10;0.0;0.0;0.0;0.0;0.0;0.0;0.0;0.0;0.0;0.0;0.0;0.0;0.0;0.0;0.0;0.0;0.0;0.0;0.0;0.0;0.0;0.0;0.0;0.0;0.0;0.0;0.0;0.0;0.0;0.0;0.0;0.0
Croatá;CROATA;-4.4269444444444;-40.909305555556;2000;11;0.0;0.0;0.0;0.0;0.0;0.0;0.0;0.0;0.0;0.0;0.0;0.0;0.0;0.0;0.0;0.0;0.0;0.0;0.0;0.0;0.0;0.0;0.0;0.0;0.0;0.0;0.0;0.0;0.0;0.0;0.0;888.0
Croatá;CROATA;-4.4269444444444;-40.909305555556;2000;12;34.2;0.0;0.0;0.0;0.0;0.0;0.0;0.0;0.0;0.0;0.0;0.0;12.0;0.0;0.0;12.0;8.2;0.0;0.0;2.0;0.0;0.0;0.0;0.0;0.0;0.0;0.0;0.0;0.0;0.0;0.0;0.0
Croatá;CROATA;-4.4269444444444;-40.909305555556;2001;1;91.8;0.0;5.8;0.5;0.0;0.5;0.0;0.0;0.0;2.0;0.0;0.0;0.0;13.0;58.0;0.0;0.0;0.0;0.0;0.0;0.0;1.0;0.0;0.0;0.0;0.0;0.0;0.0;0.0;0.0;0.0;11.0
Croatá;CROATA;-4.4269444444444;-40.909305555556;2001;2;114.7;1.5;0.0;27.2;0.0;0.0;0.0;0.0;0.0;0.0;1.6;0.0;0.0;2.0;0.5;0.0;0.0;0.0;6.1;0.0;6.5;6.5;0.0;0.0;0.0;0.0;62.8;0.0;0.0;888.0;888.0;888.0
Croatá;CROATA;-4.4269444444444;-40.909305555556;2001;3;95.7;12.0;0.0;0.0;0.0;0.0;0.0;0.0;0.0;0.0;0.0;0.0;12.2;4.0;45.0;7.5;3.0;0.0;0.0;0.0;0.0;0.0;0.0;0.0;0.0;0.0;0.0;3.0;0.0;1.5;5.5;2.0
Croatá;CROATA;-4.4269444444444;-40.909305555556;2001;4;171.7;0.0;0.5;22.0;11.5;10.0;11.0;6.6;0.0;0.0;9.0;68.6;0.0;0.0;1.0;0.0;0.0;0.0;1.5;19.0;2.0;0.0;1.0;0.0;0.0;0.0;1.0;0.0;0.0;7.0;0.0;888.0
Croatá;CROATA;-4.4269444444444;-40.909305555556;2001;5;2.0;1.0;0.0;0.0;0.0;1.0;0.0;0.0;0.0;0.0;0.0;0.0;0.0;0.0;0.0;0.0;0.0;0.0;0.0;0.0;0.0;0.0;0.0;0.0;0.0;0.0;0.0;0.0;0.0;0.0;0.0;0.0
Croatá;CROATA;-4.4269444444444;-40.909305555556;2001;6;3.0;0.0;2.0;0.0;0.0;0.0;0.0;0.0;0.0;0.0;0.0;0.0;0.0;0.0;0.0;0.0;0.0;0.0;0.0;0.0;0.0;0.0;0.0;1.0;0.0;0.0;0.0;0.0;0.0;0.0;0.0;888.0
Croatá;CROATA;-4.4269444444444;-40.909305555556;2001;7;0.0;0.0;0.0;0.0;0.0;0.0;0.0;0.0;0.0;0.0;0.0;0.0;0.0;0.0;0.0;0.0;0.0;0.0;0.0;0.0;0.0;0.0;0.0;0.0;0.0;0.0;0.0;0.0;0.0;0.0;0.0;0.0
Croatá;CROATA;-4.4269444444444;-40.909305555556;2001;8;0.0;0.0;0.0;0.0;0.0;0.0;0.0;0.0;0.0;0.0;0.0;0.0;0.0;0.0;0.0;0.0;0.0;0.0;0.0;0.0;0.0;0.0;0.0;0.0;0.0;0.0;0.0;0.0;0.0;0.0;0.0;0.0
Croatá;CROATA;-4.4269444444444;-40.909305555556;2001;9;0.0;0.0;0.0;0.0;0.0;0.0;0.0;0.0;0.0;0.0;0.0;0.0;0.0;0.0;0.0;0.0;0.0;0.0;0.0;0.0;0.0;0.0;0.0;0.0;0.0;0.0;0.0;0.0;0.0;0.0;0.0;888.0
Croatá;CROATA;-4.4269444444444;-40.909305555556;2001;10;0.0;0.0;0.0;0.0;0.0;0.0;0.0;0.0;0.0;0.0;0.0;0.0;0.0;0.0;0.0;0.0;0.0;0.0;0.0;0.0;0.0;0.0;0.0;0.0;0.0;0.0;0.0;0.0;0.0;0.0;0.0;0.0
Croatá;CROATA;-4.4269444444444;-40.909305555556;2001;11;0.0;0.0;0.0;0.0;0.0;0.0;0.0;0.0;0.0;0.0;0.0;0.0;0.0;0.0;0.0;0.0;0.0;0.0;0.0;0.0;0.0;0.0;0.0;0.0;0.0;0.0;0.0;0.0;0.0;0.0;0.0;888.0
Croatá;CROATA;-4.4269444444444;-40.909305555556;2001;12;0.0;0.0;0.0;0.0;0.0;0.0;0.0;0.0;0.0;0.0;0.0;0.0;0.0;0.0;0.0;0.0;0.0;0.0;0.0;0.0;0.0;0.0;0.0;0.0;0.0;0.0;0.0;0.0;0.0;0.0;0.0;0.0
Croatá;CROATA;-4.4269444444444;-40.909305555556;2002;1;207.9;0.0;0.0;0.0;0.0;0.0;21.0;25.5;4.5;17.0;52.5;0.0;0.0;0.0;17.5;0.0;0.0;39.8;0.0;7.8;0.0;0.0;5.8;0.0;2.5;7.0;0.0;0.0;6.0;1.0;0.0;0.0
Croatá;CROATA;-4.4269444444444;-40.909305555556;2002;2;9.5;0.0;0.0;0.0;0.0;0.0;0.0;0.0;0.0;0.0;0.0;0.0;0.0;0.0;7.0;0.0;0.0;0.0;0.0;0.0;0.0;0.0;0.0;0.0;0.0;0.0;0.0;2.5;0.0;888.0;888.0;888.0
Croatá;CROATA;-4.4269444444444;-40.909305555556;2002;3;131.2;0.0;0.0;0.0;13.2;7.0;12.5;2.0;10.5;4.0;12.0;0.0;0.0;0.0;0.0;0.0;0.0;0.0;11.0;0.0;1.0;0.0;0.0;0.0;0.0;8.0;18.0;6.0;20.0;6.0;0.0;0.0
Croatá;CROATA;-4.4269444444444;-40.909305555556;2002;4;120.5;5.0;0.0;2.0;0.0;4.5;0.0;9.0;9.0;1.0;0.0;12.0;0.0;30.0;13.0;14.0;0.0;0.0;0.0;0.0;0.0;0.0;2.0;0.0;0.0;0.0;15.0;0.0;0.0;4.0;0.0;888.0
Croatá;CROATA;-4.4269444444444;-40.909305555556;2002;5;61.5;0.0;3.0;19.5;0.0;0.0;0.0;0.0;8.0;0.0;0.0;22.0;0.0;0.0;0.0;0.0;0.0;0.0;0.0;0.0;0.0;0.0;0.0;0.0;0.0;0.0;0.0;9.0;0.0;0.0;0.0;0.0
Croatá;CROATA;-4.4269444444444;-40.909305555556;2002;6;19.0;0.0;6.0;0.0;0.0;0.0;0.0;0.0;0.0;0.0;0.0;0.0;0.0;0.0;0.0;0.0;0.0;10.0;0.0;3.0;0.0;0.0;0.0;0.0;0.0;0.0;0.0;0.0;0.0;0.0;0.0;888.0
Croatá;CROATA;-4.4269444444444;-40.909305555556;2002;7;0.0;0.0;0.0;0.0;0.0;0.0;0.0;0.0;0.0;0.0;0.0;0.0;0.0;0.0;0.0;0.0;0.0;0.0;0.0;0.0;0.0;0.0;0.0;0.0;0.0;0.0;0.0;0.0;0.0;0.0;0.0;0.0
Croatá;CROATA;-4.4269444444444;-40.909305555556;2002;8;0.0;0.0;0.0;0.0;0.0;0.0;0.0;0.0;0.0;0.0;0.0;0.0;0.0;0.0;0.0;0.0;0.0;0.0;0.0;0.0;0.0;0.0;0.0;0.0;0.0;0.0;0.0;0.0;0.0;0.0;0.0;0.0
Croatá;CROATA;-4.4269444444444;-40.909305555556;2002;9;0.0;0.0;0.0;0.0;0.0;0.0;0.0;0.0;0.0;0.0;0.0;0.0;0.0;0.0;0.0;0.0;0.0;0.0;0.0;0.0;0.0;0.0;0.0;0.0;0.0;0.0;0.0;0.0;0.0;0.0;0.0;888.0
Croatá;CROATA;-4.4269444444444;-40.909305555556;2002;10;0.0;0.0;0.0;0.0;0.0;0.0;0.0;0.0;0.0;0.0;0.0;0.0;0.0;0.0;0.0;0.0;0.0;0.0;0.0;0.0;0.0;0.0;0.0;0.0;0.0;0.0;0.0;0.0;0.0;0.0;0.0;0.0
Croatá;CROATA;-4.4269444444444;-40.909305555556;2002;11;0.0;0.0;0.0;0.0;0.0;0.0;0.0;0.0;0.0;0.0;0.0;0.0;0.0;0.0;0.0;0.0;0.0;0.0;0.0;0.0;0.0;0.0;0.0;0.0;0.0;0.0;0.0;0.0;0.0;0.0;0.0;888.0
Croatá;CROATA;-4.4269444444444;-40.909305555556;2002;12;0.0;0.0;0.0;0.0;0.0;0.0;0.0;0.0;0.0;0.0;0.0;0.0;0.0;0.0;0.0;0.0;0.0;0.0;0.0;0.0;0.0;0.0;0.0;0.0;0.0;0.0;0.0;0.0;0.0;0.0;0.0;0.0
Croatá;CROATA;-4.4269444444444;-40.909305555556;2003;1;21.0;0.0;0.0;0.0;0.0;0.0;0.0;0.0;0.0;0.0;0.0;0.0;0.0;0.0;0.0;0.0;0.0;0.0;0.0;10.5;8.5;0.0;0.0;0.0;0.0;0.0;0.0;0.0;0.0;2.0;0.0;0.0
Croatá;CROATA;-4.4269444444444;-40.909305555556;2003;2;148.0;0.0;19.0;3.5;0.0;14.0;0.0;1.0;0.0;0.0;6.0;0.0;8.0;6.0;0.0;0.0;0.0;5.0;19.0;16.0;0.0;0.0;0.0;0.0;20.0;8.0;22.5;0.0;0.0;888.0;888.0;888.0
Croatá;CROATA;-4.4269444444444;-40.909305555556;2003;3;180.5;27.0;0.0;0.0;0.0;7.2;0.0;0.0;0.0;0.0;6.5;2.5;7.0;0.0;6.7;2.0;10.0;12.4;6.0;0.0;24.0;5.0;0.0;0.0;30.0;0.0;18.0;9.2;0.0;0.0;0.0;7.0
Croatá;CROATA;-4.4269444444444;-40.909305555556;2003;4;114.0;9.0;9.0;10.0;0.0;0.0;0.0;9.0;20.0;0.0;0.0;5.0;0.0;0.0;0.0;0.0;0.0;0.0;0.0;0.0;0.0;0.0;0.0;15.0;7.0;2.0;0.0;0.0;19.0;6.0;3.0;888.0
Croatá;CROATA;-4.4269444444444;-40.909305555556;2003;5;17.2;0.0;12.8;0.0;0.0;0.0;0.0;0.0;0.0;0.0;0.0;0.0;2.0;0.0;0.0;0.0;0.0;2.4;0.0;0.0;0.0;0.0;0.0;0.0;0.0;0.0;0.0;0.0;0.0;0.0;0.0;0.0
Croatá;CROATA;-4.4269444444444;-40.909305555556;2003;6;42.9;0.0;0.0;0.0;0.0;0.0;14.0;0.0;0.0;0.0;0.0;0.0;0.0;0.0;0.0;0.0;23.2;5.7;0.0;0.0;0.0;0.0;0.0;0.0;0.0;0.0;0.0;0.0;0.0;0.0;0.0;888.0
Croatá;CROATA;-4.4269444444444;-40.909305555556;2003;7;0.0;0.0;0.0;0.0;0.0;0.0;0.0;0.0;0.0;0.0;0.0;0.0;0.0;0.0;0.0;0.0;0.0;0.0;0.0;0.0;0.0;0.0;0.0;0.0;0.0;0.0;0.0;0.0;0.0;0.0;0.0;0.0
Croatá;CROATA;-4.4269444444444;-40.909305555556;2003;8;0.0;0.0;0.0;0.0;0.0;0.0;0.0;0.0;0.0;0.0;0.0;0.0;0.0;0.0;0.0;0.0;0.0;0.0;0.0;0.0;0.0;0.0;0.0;0.0;0.0;0.0;0.0;0.0;0.0;0.0;0.0;0.0
Croatá;CROATA;-4.4269444444444;-40.909305555556;2003;9;0.0;0.0;0.0;0.0;0.0;0.0;0.0;0.0;0.0;0.0;0.0;0.0;0.0;0.0;0.0;0.0;0.0;0.0;0.0;0.0;0.0;0.0;0.0;0.0;0.0;0.0;0.0;0.0;0.0;0.0;0.0;888.0
Croatá;CROATA;-4.4269444444444;-40.909305555556;2003;10;0.0;0.0;0.0;0.0;0.0;0.0;0.0;0.0;0.0;0.0;0.0;0.0;0.0;0.0;0.0;0.0;0.0;0.0;0.0;0.0;0.0;0.0;0.0;0.0;0.0;0.0;0.0;0.0;0.0;0.0;0.0;0.0
Croatá;CROATA;-4.4269444444444;-40.909305555556;2003;11;0.0;0.0;0.0;0.0;0.0;0.0;0.0;0.0;0.0;0.0;0.0;0.0;0.0;0.0;0.0;0.0;0.0;0.0;0.0;0.0;0.0;0.0;0.0;0.0;0.0;0.0;0.0;0.0;0.0;0.0;0.0;888.0
Croatá;CROATA;-4.4269444444444;-40.909305555556;2003;12;0.0;0.0;0.0;0.0;0.0;0.0;0.0;0.0;0.0;0.0;0.0;0.0;0.0;0.0;0.0;0.0;0.0;0.0;0.0;0.0;0.0;0.0;0.0;0.0;0.0;0.0;0.0;0.0;0.0;0.0;0.0;0.0
Croatá;CROATA;-4.4269444444444;-40.909305555556;2004;1;451.0;0.0;0.0;0.0;0.0;0.0;0.0;0.0;0.0;0.0;0.0;0.0;17.4;0.0;0.0;19.2;0.0;0.0;31.2;1.3;18.0;3.1;76.0;58.2;33.0;60.1;9.0;54.0;14.0;33.2;22.0;1.3
Croatá;CROATA;-4.4269444444444;-40.909305555556;2004;2;133.8;0.0;0.0;1.0;5.8;0.0;8.4;0.0;0.0;6.8;0.0;0.0;0.0;21.5;40.0;0.0;22.0;6.3;0.0;0.0;0.0;0.0;0.0;0.0;0.0;0.0;0.0;17.0;5.0;0.0;888.0;888.0
Croatá;CROATA;-4.4269444444444;-40.909305555556;2004;3;153.6;24.5;0.0;0.0;0.0;0.0;0.0;0.0;53.8;2.5;0.0;0.0;0.0;0.0;0.0;0.0;18.0;5.8;0.0;0.0;0.0;0.0;0.0;0.0;0.0;32.0;0.0;17.0;0.0;0.0;0.0;0.0
Croatá;CROATA;-4.4269444444444;-40.909305555556;2004;4;55.6;0.0;0.0;0.0;0.0;0.0;0.0;0.0;0.0;0.0;0.0;0.0;4.0;0.0;0.0;15.0;0.0;0.0;0.0;9.8;0.0;0.0;7.0;4.0;0.0;0.0;15.8;0.0;0.0;0.0;0.0;888.0
Croatá;CROATA;-4.4269444444444;-40.909305555556;2004;5;62.5;0.0;0.0;0.0;0.0;31.0;0.0;0.0;0.0;0.0;0.0;0.0;0.0;0.0;0.0;0.0;0.0;0.0;0.0;0.0;0.0;23.5;0.0;0.0;0.0;3.0;0.0;0.0;0.0;5.0;0.0;0.0
Croatá;CROATA;-4.4269444444444;-40.909305555556;2004;6;24.3;0.0;0.0;0.0;0.0;0.0;0.0;0.0;0.0;0.0;0.0;0.0;0.0;3.0;2.0;5.8;0.0;0.0;0.0;0.0;0.0;0.0;5.4;0.0;0.0;4.0;0.0;0.0;4.1;0.0;0.0;888.0
Croatá;CROATA;-4.4269444444444;-40.909305555556;2004;7;27.0;0.0;0.0;0.0;0.0;0.0;0.0;0.0;0.0;0.0;0.0;0.0;0.0;0.0;0.0;0.0;0.0;27.0;0.0;0.0;0.0;0.0;0.0;0.0;0.0;0.0;0.0;0.0;0.0;0.0;0.0;0.0
Croatá;CROATA;-4.4269444444444;-40.909305555556;2004;8;7.0;0.0;0.0;0.0;0.0;0.0;0.0;7.0;0.0;0.0;0.0;0.0;0.0;0.0;0.0;0.0;0.0;0.0;0.0;0.0;0.0;0.0;0.0;0.0;0.0;0.0;0.0;0.0;0.0;0.0;0.0;0.0
Croatá;CROATA;-4.4269444444444;-40.909305555556;2004;9;0.0;0.0;0.0;0.0;0.0;0.0;0.0;0.0;0.0;0.0;0.0;0.0;0.0;0.0;0.0;0.0;0.0;0.0;0.0;0.0;0.0;0.0;0.0;0.0;0.0;0.0;0.0;0.0;0.0;0.0;0.0;888.0
Croatá;CROATA;-4.4269444444444;-40.909305555556;2004;10;0.0;0.0;0.0;0.0;0.0;0.0;0.0;0.0;0.0;0.0;0.0;0.0;0.0;0.0;0.0;0.0;0.0;0.0;0.0;0.0;0.0;0.0;0.0;0.0;0.0;0.0;0.0;0.0;0.0;0.0;0.0;0.0
Croatá;CROATA;-4.4269444444444;-40.909305555556;2004;11;0.0;0.0;0.0;0.0;0.0;0.0;0.0;0.0;0.0;0.0;0.0;0.0;0.0;0.0;0.0;0.0;0.0;0.0;0.0;0.0;0.0;0.0;0.0;0.0;0.0;0.0;0.0;0.0;0.0;0.0;0.0;888.0
Croatá;CROATA;-4.4269444444444;-40.909305555556;2004;12;35.0;0.0;0.0;0.0;0.0;0.0;0.0;0.0;0.0;0.0;0.0;0.0;0.0;0.0;0.0;0.0;0.0;0.0;0.0;0.0;0.0;0.0;0.0;0.0;0.0;0.0;0.0;0.0;0.0;35.0;0.0;0.0
Croatá;CROATA;-4.4269444444444;-40.909305555556;2005;1;131.5;0.0;0.0;0.0;0.0;0.0;0.0;0.0;0.0;0.0;0.0;0.0;0.0;0.0;0.0;0.0;0.0;52.5;0.0;0.0;21.5;0.0;0.0;0.0;0.0;40.0;17.5;0.0;0.0;0.0;0.0;0.0
Croatá;CROATA;-4.4269444444444;-40.909305555556;2005;2;149.0;0.0;0.0;0.0;0.0;0.0;0.0;0.0;0.0;0.0;0.0;0.0;0.0;48.5;0.0;99.5;1.0;0.0;0.0;0.0;0.0;0.0;0.0;0.0;0.0;0.0;0.0;0.0;0.0;888.0;888.0;888.0
Croatá;CROATA;-4.4269444444444;-40.909305555556;2005;3;91.4;0.0;0.0;0.0;0.0;0.0;0.0;0.0;0.0;0.0;0.0;4.0;0.0;0.0;0.0;0.0;0.0;0.0;5.0;41.4;0.0;0.0;10.2;0.0;3.4;0.0;0.0;0.0;13.6;4.2;0.0;9.6
Croatá;CROATA;-4.4269444444444;-40.909305555556;2005;4;72.7;8.4;0.0;0.0;0.0;4.0;5.8;0.0;0.0;0.0;0.0;5.0;0.0;0.0;19.8;10.4;5.3;3.2;0.0;10.8;0.0;0.0;0.0;0.0;0.0;0.0;0.0;0.0;0.0;0.0;0.0;888.0
Croatá;CROATA;-4.4269444444444;-40.909305555556;2005;5;51.2;0.0;12.6;0.0;0.0;0.0;0.0;0.0;0.0;0.0;0.0;0.0;0.0;9.6;3.0;0.0;0.0;0.0;0.0;0.0;13.4;0.0;0.0;0.0;0.0;3.0;0.0;0.0;6.4;3.2;0.0;0.0
Croatá;CROATA;-4.4269444444444;-40.909305555556;2005;6;15.8;3.2;4.2;0.0;4.2;0.0;2.0;0.0;0.0;0.0;0.0;0.0;0.0;0.0;2.2;0.0;0.0;0.0;0.0;0.0;0.0;0.0;0.0;0.0;0.0;0.0;0.0;0.0;0.0;0.0;0.0;888.0
Croatá;CROATA;-4.4269444444444;-40.909305555556;2005;7;0.0;0.0;0.0;0.0;0.0;0.0;0.0;0.0;0.0;0.0;0.0;0.0;0.0;0.0;0.0;0.0;0.0;0.0;0.0;0.0;0.0;0.0;0.0;0.0;0.0;0.0;0.0;0.0;0.0;0.0;0.0;0.0
Croatá;CROATA;-4.4269444444444;-40.909305555556;2005;8;0.0;0.0;0.0;0.0;0.0;0.0;0.0;0.0;0.0;0.0;0.0;0.0;0.0;0.0;0.0;0.0;0.0;0.0;0.0;0.0;0.0;0.0;0.0;0.0;0.0;0.0;0.0;0.0;0.0;0.0;0.0;0.0
Croatá;CROATA;-4.4269444444444;-40.909305555556;2005;9;0.0;0.0;0.0;0.0;0.0;0.0;0.0;0.0;0.0;0.0;0.0;0.0;0.0;0.0;0.0;0.0;0.0;0.0;0.0;0.0;0.0;0.0;0.0;0.0;0.0;0.0;0.0;0.0;0.0;0.0;0.0;888.0
Croatá;CROATA;-4.4269444444444;-40.909305555556;2005;10;0.0;0.0;0.0;0.0;0.0;0.0;0.0;0.0;0.0;0.0;0.0;0.0;0.0;0.0;0.0;0.0;0.0;0.0;0.0;0.0;0.0;0.0;0.0;0.0;0.0;0.0;0.0;0.0;0.0;0.0;0.0;0.0
Croatá;CROATA;-4.4269444444444;-40.909305555556;2005;11;0.0;0.0;0.0;0.0;0.0;0.0;0.0;0.0;0.0;0.0;0.0;0.0;0.0;0.0;0.0;0.0;0.0;0.0;0.0;0.0;0.0;0.0;0.0;0.0;0.0;0.0;0.0;0.0;0.0;0.0;0.0;888.0
Croatá;CROATA;-4.4269444444444;-40.909305555556;2005;12;16.2;0.0;0.0;0.0;0.0;0.0;0.0;0.0;0.0;0.0;0.0;0.0;0.0;0.0;0.0;0.0;0.0;0.0;0.0;0.0;0.0;0.0;0.0;0.0;0.0;0.0;0.0;0.0;0.0;16.2;0.0;0.0
Croatá;CROATA;-4.4269444444444;-40.909305555556;2006;1;11.2;11.2;0.0;0.0;0.0;0.0;0.0;0.0;0.0;0.0;0.0;0.0;0.0;0.0;0.0;0.0;0.0;0.0;0.0;0.0;0.0;0.0;0.0;0.0;0.0;0.0;0.0;0.0;0.0;0.0;0.0;0.0
Croatá;CROATA;-4.4269444444444;-40.909305555556;2006;2;48.2;0.0;0.0;0.0;0.0;0.0;0.0;0.0;0.0;0.0;6.2;7.2;5.2;0.0;0.0;0.0;0.0;0.0;0.0;0.0;0.0;0.0;0.0;3.0;5.2;18.2;0.0;0.0;3.2;888.0;888.0;888.0
Croatá;CROATA;-4.4269444444444;-40.909305555556;2006;3;165.0;0.0;60.0;31.2;9.2;21.2;0.0;0.0;0.0;0.0;0.0;0.0;0.0;0.0;0.0;0.0;0.0;0.0;0.0;0.0;0.0;0.0;0.0;0.0;5.0;0.0;15.0;9.0;3.2;6.2;5.0;0.0
Croatá;CROATA;-4.4269444444444;-40.909305555556;2006;4;128.4;0.0;11.2;0.0;5.2;1.6;18.8;3.4;0.0;0.0;0.0;0.0;0.0;0.0;0.0;2.8;0.0;11.8;4.6;7.6;0.0;5.2;24.8;0.0;0.0;0.0;16.9;10.3;4.2;0.0;0.0;888.0
Croatá;CROATA;-4.4269444444444;-40.909305555556;2006;5;74.8;5.2;0.0;0.0;0.0;0.0;0.0;0.0;13.3;0.0;2.5;19.5;0.0;23.7;0.0;0.0;0.0;0.0;0.0;0.0;0.0;0.0;0.0;0.0;0.0;0.0;10.6;0.0;0.0;0.0;0.0;0.0
Croatá;CROATA;-4.4269444444444;-40.909305555556;2006;6;17.7;0.0;0.0;0.0;0.0;0.0;0.0;0.0;0.0;0.0;0.0;0.0;0.0;7.3;0.0;0.0;0.0;0.0;0.0;0.0;0.0;0.0;0.0;0.0;0.0;0.0;0.0;0.0;0.0;10.4;0.0;888.0
Croatá;CROATA;-4.4269444444444;-40.909305555556;2006;7;0.0;0.0;0.0;0.0;0.0;0.0;0.0;0.0;0.0;0.0;0.0;0.0;0.0;0.0;0.0;0.0;0.0;0.0;0.0;0.0;0.0;0.0;0.0;0.0;0.0;0.0;0.0;0.0;0.0;0.0;0.0;0.0
Croatá;CROATA;-4.4269444444444;-40.909305555556;2006;8;0.0;0.0;0.0;0.0;0.0;0.0;0.0;0.0;0.0;0.0;0.0;0.0;0.0;0.0;0.0;0.0;0.0;0.0;0.0;0.0;0.0;0.0;0.0;0.0;0.0;0.0;0.0;0.0;0.0;0.0;0.0;0.0
Croatá;CROATA;-4.4269444444444;-40.909305555556;2006;9;0.0;0.0;0.0;0.0;0.0;0.0;0.0;0.0;0.0;0.0;0.0;0.0;0.0;0.0;0.0;0.0;0.0;0.0;0.0;0.0;0.0;0.0;0.0;0.0;0.0;0.0;0.0;0.0;0.0;0.0;0.0;888.0
Croatá;CROATA;-4.4269444444444;-40.909305555556;2006;10;0.0;0.0;0.0;0.0;0.0;0.0;0.0;0.0;0.0;0.0;0.0;0.0;0.0;0.0;0.0;0.0;0.0;0.0;0.0;0.0;0.0;0.0;0.0;0.0;0.0;0.0;0.0;0.0;0.0;0.0;0.0;0.0
Croatá;CROATA;-4.4269444444444;-40.909305555556;2006;11;0.0;0.0;0.0;0.0;0.0;0.0;0.0;0.0;0.0;0.0;0.0;0.0;0.0;0.0;0.0;0.0;0.0;0.0;0.0;0.0;0.0;0.0;0.0;0.0;0.0;0.0;0.0;0.0;0.0;0.0;0.0;888.0
Croatá;CROATA;-4.4269444444444;-40.909305555556;2006;12;0.0;0.0;0.0;0.0;0.0;0.0;0.0;0.0;0.0;0.0;0.0;0.0;0.0;0.0;0.0;0.0;0.0;0.0;0.0;0.0;0.0;0.0;0.0;0.0;0.0;0.0;0.0;0.0;0.0;0.0;0.0;0.0
Croatá;CROATA;-4.4269444444444;-40.909305555556;2007;1;0.0;0.0;0.0;0.0;0.0;0.0;0.0;0.0;0.0;0.0;0.0;0.0;0.0;0.0;0.0;0.0;0.0;0.0;0.0;0.0;0.0;0.0;0.0;0.0;0.0;0.0;0.0;0.0;0.0;0.0;0.0;0.0
Croatá;CROATA;-4.4269444444444;-40.909305555556;2007;2;150.7;0.0;4.3;2.0;0.0;0.0;0.0;0.0;0.0;0.0;0.0;0.0;0.0;18.4;0.0;9.1;0.0;8.6;14.3;16.9;69.9;0.0;7.2;0.0;0.0;0.0;0.0;0.0;0.0;888.0;888.0;888.0
Croatá;CROATA;-4.4269444444444;-40.909305555556;2007;3;136.2;0.0;14.3;0.0;0.0;0.0;8.4;0.0;23.4;27.8;0.0;0.0;0.0;0.0;0.0;8.6;10.7;0.0;0.0;0.0;6.3;0.0;0.0;4.3;0.0;0.0;0.0;0.0;0.0;32.4;0.0;0.0
Croatá;CROATA;-4.4269444444444;-40.909305555556;2007;4;133.4;10.5;11.2;0.0;0.0;0.0;0.0;0.0;0.0;0.0;0.0;0.0;0.0;0.0;0.0;0.0;4.8;0.0;12.5;0.0;7.5;0.0;61.6;0.0;0.0;0.0;0.0;5.4;5.4;0.0;14.5;888.0
Croatá;CROATA;-4.4269444444444;-40.909305555556;2007;5;13.9;5.4;0.0;8.5;0.0;0.0;0.0;0.0;0.0;0.0;0.0;0.0;0.0;0.0;0.0;0.0;0.0;0.0;0.0;0.0;0.0;0.0;0.0;0.0;0.0;0.0;0.0;0.0;0.0;0.0;0.0;0.0
Croatá;CROATA;-4.4269444444444;-40.909305555556;2007;6;16.0;16.0;0.0;0.0;0.0;0.0;0.0;0.0;0.0;0.0;0.0;0.0;0.0;0.0;0.0;0.0;0.0;0.0;0.0;0.0;0.0;0.0;0.0;0.0;0.0;0.0;0.0;0.0;0.0;0.0;0.0;888.0
Croatá;CROATA;-4.4269444444444;-40.909305555556;2007;7;0.0;0.0;0.0;0.0;0.0;0.0;0.0;0.0;0.0;0.0;0.0;0.0;0.0;0.0;0.0;0.0;0.0;0.0;0.0;0.0;0.0;0.0;0.0;0.0;0.0;0.0;0.0;0.0;0.0;0.0;0.0;0.0
Croatá;CROATA;-4.4269444444444;-40.909305555556;2007;8;0.0;0.0;0.0;0.0;0.0;0.0;0.0;0.0;0.0;0.0;0.0;0.0;0.0;0.0;0.0;0.0;0.0;0.0;0.0;0.0;0.0;0.0;0.0;0.0;0.0;0.0;0.0;0.0;0.0;0.0;0.0;0.0
Croatá;CROATA;-4.4269444444444;-40.909305555556;2007;9;0.0;0.0;0.0;0.0;0.0;0.0;0.0;0.0;0.0;0.0;0.0;0.0;0.0;0.0;0.0;0.0;0.0;0.0;0.0;0.0;0.0;0.0;0.0;0.0;0.0;0.0;0.0;0.0;0.0;0.0;0.0;888.0
Croatá;CROATA;-4.4269444444444;-40.909305555556;2007;10;0.0;0.0;0.0;0.0;0.0;0.0;0.0;0.0;0.0;0.0;0.0;0.0;0.0;0.0;0.0;0.0;0.0;0.0;0.0;0.0;0.0;0.0;0.0;0.0;0.0;0.0;0.0;0.0;0.0;0.0;0.0;0.0
Croatá;CROATA;-4.4269444444444;-40.909305555556;2007;11;0.0;0.0;0.0;0.0;0.0;0.0;0.0;0.0;0.0;0.0;0.0;0.0;0.0;0.0;0.0;0.0;0.0;0.0;0.0;0.0;0.0;0.0;0.0;0.0;0.0;0.0;0.0;0.0;0.0;0.0;0.0;888.0
Croatá;CROATA;-4.4269444444444;-40.909305555556;2007;12;56.5;0.0;0.0;0.0;0.0;0.0;0.0;0.0;0.0;0.0;0.0;0.0;0.0;0.0;0.0;0.0;56.5;0.0;0.0;0.0;0.0;0.0;0.0;0.0;0.0;0.0;0.0;0.0;0.0;0.0;0.0;0.0
Croatá;CROATA;-4.4269444444444;-40.909305555556;2008;1;122.9;0.0;0.0;0.0;16.5;0.0;0.0;0.0;0.0;0.0;0.0;0.0;0.0;0.0;0.0;0.0;0.0;0.0;4.3;0.0;1.4;0.0;0.0;0.0;0.0;3.4;0.0;18.7;0.0;0.0;0.0;78.6
Croatá;CROATA;-4.4269444444444;-40.909305555556;2008;2;120.0;21.4;10.9;0.0;0.0;0.0;0.0;0.0;0.0;0.0;0.0;19.2;0.0;4.3;0.0;4.3;5.1;0.0;0.0;7.3;15.4;5.3;0.0;0.0;0.0;3.5;0.0;0.0;23.3;0.0;888.0;888.0
Croatá;CROATA;-4.4269444444444;-40.909305555556;2008;3;307.9;0.0;0.0;14.7;0.0;2.5;21.4;0.0;0.0;0.0;0.0;0.0;3.5;0.0;0.0;0.0;0.0;20.2;0.0;0.0;15.5;21.4;3.4;26.8;38.7;54.5;8.4;24.5;2.5;0.0;16.5;33.4
Croatá;CROATA;-4.4269444444444;-40.909305555556;2008;4;277.2;75.4;39.5;10.4;0.0;14.4;0.0;26.4;0.0;20.3;0.0;0.0;0.0;0.0;0.0;0.0;0.0;0.0;0.0;0.0;0.0;0.0;5.3;6.2;0.0;0.0;0.0;0.0;0.0;0.0;79.3;888.0
Croatá;CROATA;-4.4269444444444;-40.909305555556;2008;5;90.6;0.0;0.0;0.0;0.0;24.3;7.3;0.0;19.5;12.5;0.0;0.0;0.0;0.0;0.0;0.0;0.0;0.0;0.0;10.3;0.0;0.0;0.0;0.0;0.0;0.0;6.5;0.0;10.2;0.0;0.0;0.0
Croatá;CROATA;-4.4269444444444;-40.909305555556;2008;6;0.0;0.0;0.0;0.0;0.0;0.0;0.0;0.0;0.0;0.0;0.0;0.0;0.0;0.0;0.0;0.0;0.0;0.0;0.0;0.0;0.0;0.0;0.0;0.0;0.0;0.0;0.0;0.0;0.0;0.0;0.0;888.0
Croatá;CROATA;-4.4269444444444;-40.909305555556;2008;7;0.0;0.0;0.0;0.0;0.0;0.0;0.0;0.0;0.0;0.0;0.0;0.0;0.0;0.0;0.0;0.0;0.0;0.0;0.0;0.0;0.0;0.0;0.0;0.0;0.0;0.0;0.0;0.0;0.0;0.0;0.0;0.0
Croatá;CROATA;-4.4269444444444;-40.909305555556;2008;8;0.0;0.0;0.0;0.0;0.0;0.0;0.0;0.0;0.0;0.0;0.0;0.0;0.0;0.0;0.0;0.0;0.0;0.0;0.0;0.0;0.0;0.0;0.0;0.0;0.0;0.0;0.0;0.0;0.0;0.0;0.0;0.0
Croatá;CROATA;-4.4269444444444;-40.909305555556;2008;9;0.0;0.0;0.0;0.0;0.0;0.0;0.0;0.0;0.0;0.0;0.0;0.0;0.0;0.0;0.0;0.0;0.0;0.0;0.0;0.0;0.0;0.0;0.0;0.0;0.0;0.0;0.0;0.0;0.0;0.0;0.0;888.0
Croatá;CROATA;-4.4269444444444;-40.909305555556;2008;10;0.0;0.0;0.0;0.0;0.0;0.0;0.0;0.0;0.0;0.0;0.0;0.0;0.0;0.0;0.0;0.0;0.0;0.0;0.0;0.0;0.0;0.0;0.0;0.0;0.0;0.0;0.0;0.0;0.0;0.0;0.0;0.0
Croatá;CROATA;-4.4269444444444;-40.909305555556;2008;11;0.0;0.0;0.0;0.0;0.0;0.0;0.0;0.0;0.0;0.0;0.0;0.0;0.0;0.0;0.0;0.0;0.0;0.0;0.0;0.0;0.0;0.0;0.0;0.0;0.0;0.0;0.0;0.0;0.0;0.0;0.0;888.0
Croatá;CROATA;-4.4269444444444;-40.909305555556;2008;12;0.0;0.0;0.0;0.0;0.0;0.0;0.0;0.0;0.0;0.0;0.0;0.0;0.0;0.0;0.0;0.0;0.0;0.0;0.0;0.0;0.0;0.0;0.0;0.0;0.0;0.0;0.0;0.0;0.0;0.0;0.0;0.0
Croatá;CROATA;-4.4269444444444;-40.909305555556;2009;1;152.4;0.0;0.0;0.0;0.0;0.0;0.0;0.0;0.0;0.0;0.0;0.0;0.0;0.0;0.0;0.0;0.0;0.0;0.0;0.0;0.0;0.0;10.5;98.7;0.0;30.6;0.0;0.0;0.0;0.0;12.6;0.0
Croatá;CROATA;-4.4269444444444;-40.909305555556;2009;2;149.1;0.0;0.0;10.5;0.0;0.0;0.0;0.0;0.0;0.0;14.5;0.0;0.0;78.8;0.0;0.0;0.0;2.0;0.0;4.8;18.0;0.0;0.0;18.5;0.0;0.0;2.0;0.0;0.0;888.0;888.0;888.0
Croatá;CROATA;-4.4269444444444;-40.909305555556;2009;3;103.3;10.7;14.0;4.1;0.0;6.5;16.4;0.5;4.4;0.5;0.0;0.0;0.0;0.0;0.0;10.2;8.2;4.8;12.4;6.2;0.8;0.0;0.0;0.0;0.0;0.5;0.0;0.0;0.0;2.1;1.0;0.0
Croatá;CROATA;-4.4269444444444;-40.909305555556;2009;4;220.2;0.0;0.0;12.6;6.2;2.5;0.5;0.0;0.0;12.2;0.0;6.2;10.5;0.0;0.0;0.0;0.0;0.0;2.5;1.0;0.0;2.5;54.5;0.0;14.5;28.1;0.0;4.5;2.5;1.0;58.4;888.0
Croatá;CROATA;-4.4269444444444;-40.909305555556;2009;5;274.5;68.5;80.5;2.5;0.0;6.4;2.0;28.4;2.5;4.2;2.2;44.0;0.0;0.0;2.1;11.2;0.0;0.0;1.2;0.0;0.0;0.0;0.0;0.0;0.0;0.0;14.2;2.4;2.2;0.0;0.0;0.0
Croatá;CROATA;-4.4269444444444;-40.909305555556;2009;6;44.2;0.0;0.0;2.5;19.5;18.2;0.0;0.0;0.0;0.0;0.0;0.0;0.0;0.0;0.0;0.0;0.0;0.0;0.0;0.0;0.0;0.0;0.0;0.0;2.0;2.0;0.0;0.0;0.0;0.0;0.0;888.0
Croatá;CROATA;-4.4269444444444;-40.909305555556;2009;7;11.2;0.0;0.0;0.0;0.0;0.0;0.0;1.0;2.0;0.0;0.0;0.0;0.0;0.0;0.0;0.0;0.0;0.0;0.0;0.0;0.0;0.0;0.0;4.0;4.2;0.0;0.0;0.0;0.0;0.0;0.0;0.0
Croatá;CROATA;-4.4269444444444;-40.909305555556;2009;8;0.0;0.0;0.0;0.0;0.0;0.0;0.0;0.0;0.0;0.0;0.0;0.0;0.0;0.0;0.0;0.0;0.0;0.0;0.0;0.0;0.0;0.0;0.0;0.0;0.0;0.0;0.0;0.0;0.0;0.0;0.0;0.0
Croatá;CROATA;-4.4269444444444;-40.909305555556;2009;9;0.0;0.0;0.0;0.0;0.0;0.0;0.0;0.0;0.0;0.0;0.0;0.0;0.0;0.0;0.0;0.0;0.0;0.0;0.0;0.0;0.0;0.0;0.0;0.0;0.0;0.0;0.0;0.0;0.0;0.0;0.0;888.0
Croatá;CROATA;-4.4269444444444;-40.909305555556;2009;10;0.0;0.0;0.0;0.0;0.0;0.0;0.0;0.0;0.0;0.0;0.0;0.0;0.0;0.0;0.0;0.0;0.0;0.0;0.0;0.0;0.0;0.0;0.0;0.0;0.0;0.0;0.0;0.0;0.0;0.0;0.0;0.0
Croatá;CROATA;-4.4269444444444;-40.909305555556;2009;11;0.0;0.0;0.0;0.0;0.0;0.0;0.0;0.0;0.0;0.0;0.0;0.0;0.0;0.0;0.0;0.0;0.0;0.0;0.0;0.0;0.0;0.0;0.0;0.0;0.0;0.0;0.0;0.0;0.0;0.0;0.0;888.0
Croatá;CROATA;-4.4269444444444;-40.909305555556;2009;12;0.0;0.0;0.0;0.0;0.0;0.0;0.0;0.0;0.0;0.0;0.0;0.0;0.0;0.0;0.0;0.0;0.0;0.0;0.0;0.0;0.0;0.0;0.0;0.0;0.0;0.0;0.0;0.0;0.0;0.0;0.0;0.0
Croatá;CROATA;-4.4269444444444;-40.909305555556;2010;1;12.4;0.0;0.0;0.0;0.0;0.0;2.5;0.0;0.0;0.0;0.0;6.7;0.0;0.0;0.0;0.0;0.0;0.0;0.0;0.0;0.0;0.0;0.0;0.0;0.0;0.0;0.0;3.2;0.0;0.0;0.0;0.0
Croatá;CROATA;-4.4269444444444;-40.909305555556;2010;2;11.3;0.0;0.0;0.0;0.0;0.0;0.0;0.0;0.0;4.2;2.0;0.0;5.1;0.0;0.0;0.0;0.0;0.0;0.0;0.0;0.0;0.0;0.0;0.0;0.0;0.0;0.0;0.0;0.0;888.0;888.0;888.0
Croatá;CROATA;-4.4269444444444;-40.909305555556;2010;3;37.7;0.0;0.0;0.0;0.0;0.0;0.0;0.0;0.0;0.0;0.0;0.0;0.0;0.0;0.0;0.0;0.0;0.0;0.0;9.2;0.0;0.0;2.2;0.0;0.0;0.0;26.3;0.0;0.0;0.0;0.0;0.0
Croatá;CROATA;-4.4269444444444;-40.909305555556;2010;4;118.2;0.0;0.0;5.4;0.0;16.4;0.0;0.0;0.0;0.0;0.0;0.0;46.0;0.0;0.0;0.0;0.0;0.0;0.0;10.6;0.0;0.0;4.2;15.4;0.0;0.0;0.0;0.0;0.0;0.0;20.2;888.0
Croatá;CROATA;-4.4269444444444;-40.909305555556;2010;5;85.7;0.0;0.0;12.4;0.0;0.0;0.0;13.6;0.0;0.0;0.0;0.0;0.0;0.0;18.2;0.0;0.0;0.0;0.0;0.0;0.0;39.5;0.0;0.0;2.0;0.0;0.0;0.0;0.0;0.0;0.0;0.0
Croatá;CROATA;-4.4269444444444;-40.909305555556;2010;6;20.3;7.5;0.0;0.0;8.6;0.0;0.0;0.0;0.0;0.0;0.0;0.0;0.0;0.0;0.0;0.0;0.0;0.0;4.2;0.0;0.0;0.0;0.0;0.0;0.0;0.0;0.0;0.0;0.0;0.0;0.0;888.0
Croatá;CROATA;-4.4269444444444;-40.909305555556;2010;7;0.0;0.0;0.0;0.0;0.0;0.0;0.0;0.0;0.0;0.0;0.0;0.0;0.0;0.0;0.0;0.0;0.0;0.0;0.0;0.0;0.0;0.0;0.0;0.0;0.0;0.0;0.0;0.0;0.0;0.0;0.0;0.0
Croatá;CROATA;-4.4269444444444;-40.909305555556;2010;8;0.0;0.0;0.0;0.0;0.0;0.0;0.0;0.0;0.0;0.0;0.0;0.0;0.0;0.0;0.0;0.0;0.0;0.0;0.0;0.0;0.0;0.0;0.0;0.0;0.0;0.0;0.0;0.0;0.0;0.0;0.0;0.0
Croatá;CROATA;-4.4269444444444;-40.909305555556;2010;9;0.0;0.0;0.0;0.0;0.0;0.0;0.0;0.0;0.0;0.0;0.0;0.0;0.0;0.0;0.0;0.0;0.0;0.0;0.0;0.0;0.0;0.0;0.0;0.0;0.0;0.0;0.0;0.0;0.0;0.0;0.0;888.0
Croatá;CROATA;-4.4269444444444;-40.909305555556;2010;10;0.0;0.0;0.0;0.0;0.0;0.0;0.0;0.0;0.0;0.0;0.0;0.0;0.0;0.0;0.0;0.0;0.0;0.0;0.0;0.0;0.0;0.0;0.0;0.0;0.0;0.0;0.0;0.0;0.0;0.0;0.0;0.0
Croatá;CROATA;-4.4269444444444;-40.909305555556;2010;11;0.0;0.0;0.0;0.0;0.0;0.0;0.0;0.0;0.0;0.0;0.0;0.0;0.0;0.0;0.0;0.0;0.0;0.0;0.0;0.0;0.0;0.0;0.0;0.0;0.0;0.0;0.0;0.0;0.0;0.0;0.0;888.0
Croatá;CROATA;-4.4269444444444;-40.909305555556;2010;12;74.4;0.0;0.0;0.0;0.0;0.0;0.0;0.0;0.0;0.0;0.0;42.5;14.7;0.0;0.0;17.2;0.0;0.0;0.0;0.0;0.0;0.0;0.0;0.0;0.0;0.0;0.0;0.0;0.0;0.0;0.0;0.0
Croatá;CROATA;-4.4269444444444;-40.909305555556;2011;1;21.0;0.0;0.0;0.0;0.0;0.0;0.0;0.0;0.0;0.0;21.0;0.0;0.0;0.0;0.0;0.0;0.0;0.0;0.0;0.0;0.0;0.0;0.0;0.0;0.0;0.0;0.0;0.0;0.0;0.0;0.0;0.0
Croatá;CROATA;-4.4269444444444;-40.909305555556;2011;2;46.3;0.0;0.0;0.0;0.0;0.0;0.0;0.0;0.0;0.0;0.0;0.0;0.0;0.0;0.0;0.0;0.0;0.0;16.5;0.0;0.0;0.0;0.0;0.0;0.0;14.9;0.0;0.0;14.9;888.0;888.0;888.0
Croatá;CROATA;-4.4269444444444;-40.909305555556;2011;3;201.2;58.6;31.8;12.5;0.0;0.0;0.0;0.0;0.0;0.0;0.0;0.0;0.0;0.0;0.0;0.0;0.0;0.0;5.2;3.1;0.0;0.0;0.0;0.0;0.0;0.0;0.0;18.7;41.5;29.8;0.0;0.0
Croatá;CROATA;-4.4269444444444;-40.909305555556;2011;4;159.5;0.0;0.0;0.0;0.0;0.0;0.0;0.0;0.0;0.0;0.0;0.0;0.0;18.5;0.0;19.3;0.0;14.3;19.5;0.0;0.0;0.0;5.3;8.5;10.3;0.0;5.2;0.0;0.0;7.3;51.3;888.0
Croatá;CROATA;-4.4269444444444;-40.909305555556;2011;5;214.5;0.0;0.0;0.0;23.2;38.4;23.5;0.0;0.0;0.0;0.0;89.2;0.0;0.0;0.0;0.0;0.0;0.0;19.3;0.0;0.0;0.0;2.8;0.0;0.0;18.1;0.0;0.0;0.0;0.0;0.0;0.0
Croatá;CROATA;-4.4269444444444;-40.909305555556;2011;6;28.9;0.0;0.0;0.0;0.0;0.0;0.0;0.0;0.0;0.0;0.0;0.0;0.0;0.0;0.0;0.0;0.0;0.0;0.0;0.0;0.0;5.1;0.0;11.3;0.0;9.1;0.0;3.4;0.0;0.0;0.0;888.0
Croatá;CROATA;-4.4269444444444;-40.909305555556;2011;7;64.7;0.0;0.0;0.0;0.0;0.0;0.0;38.5;0.0;0.0;0.0;0.0;0.0;26.2;0.0;0.0;0.0;0.0;0.0;0.0;0.0;0.0;0.0;0.0;0.0;0.0;0.0;0.0;0.0;0.0;0.0;0.0
Croatá;CROATA;-4.4269444444444;-40.909305555556;2011;8;0.0;0.0;0.0;0.0;0.0;0.0;0.0;0.0;0.0;0.0;0.0;0.0;0.0;0.0;0.0;0.0;0.0;0.0;0.0;0.0;0.0;0.0;0.0;0.0;0.0;0.0;0.0;0.0;0.0;0.0;0.0;0.0
Croatá;CROATA;-4.4269444444444;-40.909305555556;2011;9;0.0;0.0;0.0;0.0;0.0;0.0;0.0;0.0;0.0;0.0;0.0;0.0;0.0;0.0;0.0;0.0;0.0;0.0;0.0;0.0;0.0;0.0;0.0;0.0;0.0;0.0;0.0;0.0;0.0;0.0;0.0;888.0
Croatá;CROATA;-4.4269444444444;-40.909305555556;2011;10;0.0;0.0;0.0;0.0;0.0;0.0;0.0;0.0;0.0;0.0;0.0;0.0;0.0;0.0;0.0;0.0;0.0;0.0;0.0;0.0;0.0;0.0;0.0;0.0;0.0;0.0;0.0;0.0;0.0;0.0;0.0;0.0
Croatá;CROATA;-4.4269444444444;-40.909305555556;2011;11;0.0;0.0;0.0;0.0;0.0;0.0;0.0;0.0;0.0;0.0;0.0;0.0;0.0;0.0;0.0;0.0;0.0;0.0;0.0;0.0;0.0;0.0;0.0;0.0;0.0;0.0;0.0;0.0;0.0;0.0;0.0;888.0
Croatá;CROATA;-4.4269444444444;-40.909305555556;2011;12;0.0;0.0;0.0;0.0;0.0;0.0;0.0;0.0;0.0;0.0;0.0;0.0;0.0;0.0;0.0;0.0;0.0;0.0;0.0;0.0;0.0;0.0;0.0;0.0;0.0;0.0;0.0;0.0;0.0;0.0;0.0;0.0
Croatá;CROATA;-4.4269444444444;-40.909305555556;2012;1;35.5;0.0;0.0;0.0;0.0;0.0;0.0;0.0;0.0;0.0;0.0;0.0;0.0;0.0;0.0;0.0;0.0;0.0;0.0;0.0;3.9;0.0;0.0;0.0;8.7;22.9;0.0;0.0;0.0;0.0;0.0;0.0
Croatá;CROATA;-4.4269444444444;-40.909305555556;2012;2;263.9;0.0;0.0;0.0;0.0;0.0;0.0;0.0;0.0;0.0;0.0;4.7;0.0;0.0;0.0;0.0;16.4;88.7;0.0;5.2;7.3;0.0;0.0;0.0;0.0;8.2;91.3;0.0;42.1;0.0;888.0;888.0
Croatá;CROATA;-4.4269444444444;-40.909305555556;2012;3;90.3;0.0;0.0;0.0;12.5;0.0;0.0;0.0;8.7;0.0;0.0;0.0;0.0;0.0;8.5;0.0;0.0;0.0;0.0;0.0;0.0;0.0;0.0;12.2;7.5;18.6;0.0;0.0;0.0;22.3;0.0;0.0
Croatá;CROATA;-4.4269444444444;-40.909305555556;2012;4;56.9;0.0;0.0;0.0;0.0;0.0;0.0;0.0;5.3;0.0;0.0;0.0;0.0;0.0;0.0;6.2;7.1;0.0;19.6;0.0;18.7;0.0;0.0;0.0;0.0;0.0;0.0;0.0;0.0;0.0;0.0;888.0
Croatá;CROATA;-4.4269444444444;-40.909305555556;2012;5;0.0;0.0;0.0;0.0;0.0;0.0;0.0;0.0;0.0;0.0;0.0;0.0;0.0;0.0;0.0;0.0;0.0;0.0;0.0;0.0;0.0;0.0;0.0;0.0;0.0;0.0;0.0;0.0;0.0;0.0;0.0;0.0
Croatá;CROATA;-4.4269444444444;-40.909305555556;2012;6;0.0;0.0;0.0;0.0;0.0;0.0;0.0;0.0;0.0;0.0;0.0;0.0;0.0;0.0;0.0;0.0;0.0;0.0;0.0;0.0;0.0;0.0;0.0;0.0;0.0;0.0;0.0;0.0;0.0;0.0;0.0;888.0
Croatá;CROATA;-4.4269444444444;-40.909305555556;2012;7;2.1;0.0;0.0;0.0;0.0;0.0;0.0;0.0;0.0;0.0;0.0;0.0;0.0;0.0;2.1;0.0;0.0;0.0;0.0;0.0;0.0;0.0;0.0;0.0;0.0;0.0;0.0;0.0;0.0;0.0;0.0;0.0
Croatá;CROATA;-4.4269444444444;-40.909305555556;2012;8;0.0;0.0;0.0;0.0;0.0;0.0;0.0;0.0;0.0;0.0;0.0;0.0;0.0;0.0;0.0;0.0;0.0;0.0;0.0;0.0;0.0;0.0;0.0;0.0;0.0;0.0;0.0;0.0;0.0;0.0;0.0;0.0
Croatá;CROATA;-4.4269444444444;-40.909305555556;2012;9;0.0;0.0;0.0;0.0;0.0;0.0;0.0;0.0;0.0;0.0;0.0;0.0;0.0;0.0;0.0;0.0;0.0;0.0;0.0;0.0;0.0;0.0;0.0;0.0;0.0;0.0;0.0;0.0;0.0;0.0;0.0;888.0
Croatá;CROATA;-4.4269444444444;-40.909305555556;2012;10;0.0;0.0;0.0;0.0;0.0;0.0;0.0;0.0;0.0;0.0;0.0;0.0;0.0;0.0;0.0;0.0;0.0;0.0;0.0;0.0;0.0;0.0;0.0;0.0;0.0;0.0;0.0;0.0;0.0;0.0;0.0;0.0
Croatá;CROATA;-4.4269444444444;-40.909305555556;2012;11;0.0;0.0;0.0;0.0;0.0;0.0;0.0;0.0;0.0;0.0;0.0;0.0;0.0;0.0;0.0;0.0;0.0;0.0;0.0;0.0;0.0;0.0;0.0;0.0;0.0;0.0;0.0;0.0;0.0;0.0;0.0;888.0
Croatá;CROATA;-4.4269444444444;-40.909305555556;2012;12;0.0;0.0;0.0;0.0;0.0;0.0;0.0;0.0;0.0;0.0;0.0;0.0;0.0;0.0;0.0;0.0;0.0;0.0;0.0;0.0;0.0;0.0;0.0;0.0;0.0;0.0;0.0;0.0;0.0;0.0;0.0;0.0
Croatá;CROATA;-4.4269444444444;-40.909305555556;2013;1;20.0;0.0;0.0;0.0;14.7;0.0;0.0;0.0;0.0;0.0;0.0;0.0;0.0;0.0;0.0;0.0;2.1;0.0;0.0;0.0;0.0;0.0;3.2;0.0;0.0;0.0;0.0;0.0;0.0;0.0;0.0;0.0
Croatá;CROATA;-4.4269444444444;-40.909305555556;2013;2;47.4;0.0;0.0;0.0;0.0;0.0;0.0;0.0;0.0;0.0;0.0;0.0;0.0;0.0;12.3;3.4;2.3;0.0;0.0;19.8;9.6;0.0;0.0;0.0;0.0;0.0;0.0;0.0;0.0;888.0;888.0;888.0
Croatá;CROATA;-4.4269444444444;-40.909305555556;2013;3;76.1;0.0;0.0;0.0;0.0;0.0;0.0;0.0;0.0;0.0;0.0;0.0;0.0;0.0;0.0;0.0;0.0;12.7;0.0;0.0;6.1;20.2;0.0;0.0;0.0;0.0;3.1;30.3;0.0;2.2;1.5;0.0
Croatá;CROATA;-4.4269444444444;-40.909305555556;2013;4;123.2;14.5;0.0;0.0;0.0;0.0;0.0;20.6;0.0;0.0;9.5;0.0;0.0;0.0;0.0;0.0;10.1;7.5;0.0;8.3;8.7;6.1;0.0;6.1;0.0;0.0;0.0;0.0;0.0;0.0;31.8;888.0
Croatá;CROATA;-4.4269444444444;-40.909305555556;2013;5;48.1;0.0;0.0;5.0;0.0;0.0;0.0;0.0;0.0;0.0;5.3;0.0;0.0;0.0;0.0;15.2;0.0;0.0;0.0;6.3;0.0;0.0;0.0;0.0;0.0;16.3;0.0;0.0;0.0;0.0;0.0;0.0
Croatá;CROATA;-4.4269444444444;-40.909305555556;2013;6;20.0;0.0;0.0;0.0;0.0;0.0;0.0;0.0;0.0;0.0;5.2;0.0;0.0;0.0;0.0;0.0;0.0;0.0;0.0;0.0;0.0;0.0;0.0;14.8;0.0;0.0;0.0;0.0;0.0;0.0;0.0;888.0
Croatá;CROATA;-4.4269444444444;-40.909305555556;2013;7;40.8;0.0;0.0;0.0;21.0;0.0;0.0;0.0;0.0;0.0;0.0;0.0;0.0;0.0;0.0;19.8;0.0;0.0;0.0;0.0;0.0;0.0;0.0;0.0;0.0;0.0;0.0;0.0;0.0;0.0;0.0;0.0
Croatá;CROATA;-4.4269444444444;-40.909305555556;2013;8;0.0;0.0;0.0;0.0;0.0;0.0;0.0;0.0;0.0;0.0;0.0;0.0;0.0;0.0;0.0;0.0;0.0;0.0;0.0;0.0;0.0;0.0;0.0;0.0;0.0;0.0;0.0;0.0;0.0;0.0;0.0;0.0
Croatá;CROATA;-4.4269444444444;-40.909305555556;2013;9;0.0;0.0;0.0;0.0;0.0;0.0;0.0;0.0;0.0;0.0;0.0;0.0;0.0;0.0;0.0;0.0;0.0;0.0;0.0;0.0;0.0;0.0;0.0;0.0;0.0;0.0;0.0;0.0;0.0;0.0;0.0;888.0
Croatá;CROATA;-4.4269444444444;-40.909305555556;2013;10;0.0;0.0;0.0;0.0;0.0;0.0;0.0;0.0;0.0;0.0;0.0;0.0;0.0;0.0;0.0;0.0;0.0;0.0;0.0;0.0;0.0;0.0;0.0;0.0;0.0;0.0;0.0;0.0;0.0;0.0;999.0;999.0
Croatá;CROATA;-4.4269444444444;-40.909305555556;2013;11;6.5;0.0;0.0;0.0;0.0;2.5;1.0;0.0;0.0;0.0;0.0;0.0;0.0;0.0;0.0;0.0;0.0;0.0;0.0;0.0;0.0;0.0;0.0;0.0;0.0;0.0;0.0;0.0;0.0;3.0;0.0;888.0
Croatá;CROATA;-4.4269444444444;-40.909305555556;2013;12;6.4;0.0;0.0;0.0;0.0;0.0;0.0;0.0;0.0;0.0;0.0;0.0;0.0;0.0;0.0;0.0;0.0;0.0;0.0;0.0;6.4;0.0;0.0;0.0;0.0;0.0;0.0;0.0;0.0;0.0;0.0;0.0
Croatá;CROATA;-4.4269444444444;-40.909305555556;2014;1;25.8;0.0;0.0;0.0;0.0;0.0;0.0;0.0;2.0;0.0;0.0;0.0;0.0;3.0;0.0;1.0;9.4;0.0;0.0;0.0;0.0;9.0;0.0;0.0;0.0;0.0;0.0;0.0;0.0;0.0;0.0;1.4
Croatá;CROATA;-4.4269444444444;-40.909305555556;2014;2;72.2;0.0;3.0;0.0;0.0;0.0;0.0;0.0;0.0;9.0;0.0;0.0;5.0;0.0;0.0;0.0;23.1;12.0;7.0;0.0;7.1;6.0;0.0;0.0;0.0;0.0;0.0;0.0;0.0;888.0;888.0;888.0
Croatá;CROATA;-4.4269444444444;-40.909305555556;2014;3;128.3;0.0;0.0;0.0;0.0;4.0;0.0;92.0;0.0;3.0;10.0;0.0;0.0;0.0;0.0;0.0;0.0;16.3;0.0;0.0;0.0;3.0;0.0;0.0;0.0;0.0;0.0;0.0;0.0;0.0;0.0;0.0
Croatá;CROATA;-4.4269444444444;-40.909305555556;2014;4;53.0;3.0;7.0;1.0;1.0;0.0;0.0;1.0;18.0;0.0;1.0;0.0;5.0;0.0;0.0;0.0;0.0;2.0;10.0;0.0;0.0;0.0;0.0;0.0;0.0;0.0;0.0;0.0;4.0;0.0;0.0;888.0
Croatá;CROATA;-4.4269444444444;-40.909305555556;2014;5;25.4;0.0;6.2;0.0;0.0;5.0;0.0;0.0;0.0;0.0;0.0;0.0;0.0;0.0;0.0;0.0;0.0;0.0;0.0;0.0;0.0;0.0;0.0;7.2;0.0;0.0;0.0;0.0;0.0;0.0;7.0;0.0
Croatá;CROATA;-4.4269444444444;-40.909305555556;2014;6;0.0;0.0;0.0;0.0;0.0;0.0;0.0;0.0;0.0;0.0;0.0;0.0;0.0;0.0;0.0;0.0;0.0;0.0;0.0;0.0;0.0;0.0;0.0;0.0;0.0;0.0;0.0;0.0;0.0;0.0;0.0;888.0
Croatá;CROATA;-4.4269444444444;-40.909305555556;2014;7;0.0;0.0;0.0;0.0;0.0;0.0;0.0;0.0;0.0;0.0;0.0;0.0;0.0;0.0;0.0;0.0;0.0;0.0;0.0;0.0;0.0;0.0;0.0;0.0;0.0;0.0;0.0;0.0;0.0;0.0;0.0;0.0
Croatá;CROATA;-4.4269444444444;-40.909305555556;2014;8;0.0;0.0;0.0;0.0;0.0;0.0;0.0;0.0;0.0;0.0;0.0;0.0;0.0;0.0;0.0;0.0;0.0;0.0;0.0;0.0;0.0;0.0;0.0;0.0;0.0;0.0;0.0;0.0;0.0;0.0;0.0;0.0
Croatá;CROATA;-4.4269444444444;-40.909305555556;2014;9;0.0;0.0;0.0;0.0;0.0;0.0;0.0;0.0;0.0;0.0;0.0;0.0;0.0;0.0;0.0;0.0;0.0;0.0;0.0;0.0;0.0;0.0;0.0;0.0;0.0;0.0;0.0;0.0;0.0;0.0;0.0;888.0
Croatá;CROATA;-4.4269444444444;-40.909305555556;2014;10;4.0;0.0;4.0;0.0;0.0;0.0;0.0;0.0;0.0;0.0;0.0;0.0;0.0;0.0;0.0;0.0;0.0;0.0;0.0;0.0;0.0;0.0;0.0;0.0;0.0;0.0;0.0;0.0;0.0;0.0;0.0;0.0
Croatá;CROATA;-4.4269444444444;-40.909305555556;2014;11;37.3;0.0;0.0;0.0;0.0;0.0;0.0;0.0;0.0;0.0;0.0;0.0;0.0;0.0;0.0;0.0;0.0;0.0;0.0;37.3;0.0;0.0;0.0;0.0;0.0;0.0;0.0;0.0;0.0;0.0;0.0;888.0
Croatá;CROATA;-4.4269444444444;-40.909305555556;2014;12;0.0;0.0;0.0;0.0;0.0;0.0;0.0;0.0;0.0;0.0;0.0;0.0;0.0;0.0;0.0;0.0;0.0;0.0;0.0;0.0;0.0;0.0;0.0;0.0;0.0;0.0;0.0;0.0;0.0;0.0;0.0;0.0
Croatá;CROATA;-4.4269444444444;-40.909305555556;2015;1;9.3;0.0;0.0;0.0;0.0;9.3;0.0;0.0;0.0;0.0;0.0;0.0;0.0;0.0;0.0;0.0;0.0;0.0;0.0;0.0;0.0;0.0;0.0;0.0;0.0;0.0;0.0;0.0;0.0;0.0;0.0;0.0
Croatá;CROATA;-4.4269444444444;-40.909305555556;2015;2;83.8;0.0;0.0;0.0;5.0;21.0;0.0;0.0;0.0;0.0;0.0;0.0;0.0;0.0;0.0;0.0;0.0;0.0;0.0;0.0;1.2;0.0;22.0;23.3;3.3;3.0;0.0;0.0;5.0;888.0;888.0;888.0
Croatá;CROATA;-4.4269444444444;-40.909305555556;2015;3;107.4;0.0;8.2;10.0;0.0;0.0;1.0;3.0;0.0;3.0;2.0;0.0;0.0;0.0;0.0;0.0;0.0;0.0;0.0;0.0;0.0;0.0;60.0;0.0;13.0;7.2;0.0;0.0;0.0;0.0;0.0;0.0
Croatá;CROATA;-4.4269444444444;-40.909305555556;2015;4;102.0;0.0;0.0;0.0;44.0;0.0;0.0;0.0;0.0;0.0;4.0;11.0;8.0;5.0;0.0;0.0;0.0;0.0;2.0;0.0;0.0;0.0;0.0;8.0;0.0;16.0;4.0;0.0;0.0;0.0;0.0;888.0
Croatá;CROATA;-4.4269444444444;-40.909305555556;2015;5;0.0;0.0;0.0;0.0;0.0;0.0;0.0;0.0;0.0;0.0;0.0;0.0;0.0;0.0;0.0;0.0;0.0;0.0;0.0;0.0;0.0;0.0;0.0;0.0;0.0;0.0;0.0;0.0;0.0;0.0;0.0;0.0
Croatá;CROATA;-4.4269444444444;-40.909305555556;2015;6;18.0;0.0;0.0;0.0;0.0;18.0;0.0;0.0;0.0;0.0;0.0;0.0;0.0;0.0;0.0;0.0;0.0;0.0;0.0;0.0;0.0;0.0;0.0;0.0;0.0;0.0;0.0;0.0;0.0;0.0;0.0;888.0
Croatá;CROATA;-4.4269444444444;-40.909305555556;2015;7;48.0;0.0;0.0;0.0;0.0;45.0;3.0;0.0;0.0;0.0;0.0;0.0;0.0;0.0;0.0;0.0;0.0;0.0;0.0;0.0;0.0;0.0;0.0;0.0;0.0;0.0;0.0;0.0;0.0;0.0;0.0;0.0
Croatá;CROATA;-4.4269444444444;-40.909305555556;2015;8;0.0;0.0;0.0;0.0;0.0;0.0;0.0;0.0;0.0;0.0;0.0;0.0;0.0;0.0;0.0;0.0;0.0;0.0;0.0;0.0;0.0;0.0;0.0;0.0;0.0;0.0;0.0;0.0;0.0;0.0;0.0;0.0
Croatá;CROATA;-4.4269444444444;-40.909305555556;2015;9;0.0;0.0;0.0;0.0;0.0;0.0;0.0;0.0;0.0;0.0;0.0;0.0;0.0;0.0;0.0;0.0;0.0;0.0;0.0;0.0;0.0;0.0;0.0;0.0;0.0;0.0;0.0;0.0;0.0;0.0;0.0;888.0
Croatá;CROATA;-4.4269444444444;-40.909305555556;2015;10;0.0;0.0;0.0;0.0;0.0;0.0;0.0;0.0;0.0;0.0;0.0;0.0;0.0;0.0;0.0;0.0;0.0;0.0;0.0;0.0;0.0;0.0;0.0;0.0;0.0;0.0;0.0;0.0;0.0;0.0;0.0;0.0
Croatá;CROATA;-4.4269444444444;-40.909305555556;2015;11;0.0;0.0;0.0;0.0;0.0;0.0;0.0;0.0;0.0;0.0;0.0;0.0;0.0;0.0;0.0;0.0;0.0;0.0;0.0;0.0;0.0;0.0;0.0;0.0;0.0;0.0;0.0;0.0;0.0;0.0;0.0;888.0
Croatá;CROATA;-4.4269444444444;-40.909305555556;2015;12;0.0;0.0;0.0;0.0;0.0;0.0;0.0;0.0;0.0;0.0;0.0;0.0;0.0;0.0;0.0;0.0;0.0;0.0;0.0;0.0;0.0;0.0;0.0;0.0;0.0;0.0;0.0;0.0;0.0;0.0;0.0;0.0
Croatá;CROATA;-4.4269444444444;-40.909305555556;2016;1;121.0;0.0;0.0;0.0;0.0;0.0;0.0;0.0;0.0;3.0;0.0;0.0;0.0;0.0;0.0;0.0;0.0;0.0;0.0;8.0;0.0;33.0;18.0;28.0;20.0;0.0;0.0;0.0;11.0;0.0;0.0;0.0
Croatá;CROATA;-4.4269444444444;-40.909305555556;2016;2;21.0;7.5;5.5;0.0;0.0;0.0;0.0;0.0;0.0;0.0;0.0;0.0;0.0;0.0;0.0;0.0;0.0;0.0;0.0;0.0;0.0;0.0;0.0;0.0;8.0;0.0;0.0;0.0;0.0;0.0;888.0;888.0
Croatá;CROATA;-4.4269444444444;-40.909305555556;2016;3;82.3;0.0;0.0;0.0;0.0;0.0;0.0;0.0;0.0;0.0;0.0;0.0;13.3;0.0;0.0;0.0;0.0;0.0;18.0;0.0;0.0;25.0;9.0;0.0;0.0;0.0;0.0;0.0;0.0;5.0;10.0;2.0
Croatá;CROATA;-4.4269444444444;-40.909305555556;2016;4;54.5;8.0;4.0;6.0;4.0;0.0;3.0;3.0;0.0;0.0;0.0;0.0;12.5;0.0;0.0;0.0;0.0;0.0;0.0;2.0;0.0;0.0;0.0;12.0;0.0;0.0;0.0;0.0;0.0;0.0;0.0;888.0
Croatá;CROATA;-4.4269444444444;-40.909305555556;2016;5;14.0;0.0;0.0;6.0;0.0;0.0;0.0;0.0;0.0;0.0;0.0;0.0;8.0;0.0;0.0;0.0;0.0;0.0;0.0;0.0;0.0;0.0;0.0;0.0;0.0;0.0;0.0;0.0;0.0;0.0;0.0;0.0
Croatá;CROATA;-4.4269444444444;-40.909305555556;2016;6;0.0;0.0;0.0;0.0;0.0;0.0;0.0;0.0;0.0;0.0;0.0;0.0;0.0;0.0;0.0;0.0;0.0;0.0;0.0;0.0;0.0;0.0;0.0;0.0;0.0;0.0;0.0;0.0;0.0;0.0;0.0;888.0
Croatá;CROATA;-4.4269444444444;-40.909305555556;2016;7;0.0;0.0;0.0;0.0;0.0;0.0;0.0;0.0;0.0;0.0;0.0;0.0;0.0;0.0;0.0;0.0;0.0;0.0;0.0;0.0;0.0;0.0;0.0;0.0;0.0;0.0;0.0;0.0;0.0;0.0;0.0;0.0
Croatá;CROATA;-4.4269444444444;-40.909305555556;2016;8;0.0;0.0;0.0;0.0;0.0;0.0;0.0;0.0;0.0;0.0;0.0;0.0;0.0;0.0;0.0;0.0;0.0;0.0;0.0;0.0;0.0;0.0;0.0;0.0;0.0;0.0;0.0;0.0;0.0;0.0;0.0;0.0
Croatá;CROATA;-4.4269444444444;-40.909305555556;2016;9;0.0;0.0;0.0;0.0;0.0;0.0;0.0;0.0;0.0;0.0;0.0;0.0;0.0;0.0;0.0;0.0;0.0;0.0;0.0;0.0;0.0;0.0;0.0;0.0;0.0;0.0;0.0;0.0;0.0;0.0;0.0;888.0
Croatá;CROATA;-4.4269444444444;-40.909305555556;2016;10;0.0;0.0;0.0;0.0;0.0;0.0;0.0;0.0;0.0;0.0;0.0;0.0;0.0;0.0;0.0;0.0;0.0;0.0;0.0;0.0;0.0;0.0;0.0;0.0;0.0;0.0;0.0;0.0;0.0;0.0;0.0;0.0
Croatá;CROATA;-4.4269444444444;-40.909305555556;2016;11;0.0;0.0;0.0;0.0;0.0;0.0;0.0;0.0;0.0;0.0;0.0;0.0;0.0;0.0;0.0;0.0;0.0;0.0;0.0;0.0;0.0;0.0;0.0;0.0;0.0;0.0;0.0;0.0;0.0;0.0;0.0;888.0
Croatá;CROATA;-4.4269444444444;-40.909305555556;2016;12;24.0;0.0;0.0;0.0;0.0;0.0;0.0;0.0;0.0;0.0;0.0;0.0;0.0;0.0;0.0;0.0;0.0;0.0;0.0;6.0;0.0;0.0;0.0;0.0;0.0;0.0;0.0;0.0;0.0;0.0;18.0;0.0
Croatá;CROATA;-4.4269444444444;-40.909305555556;2017;1;51.0;0.0;0.0;0.0;0.0;0.0;0.0;0.0;0.0;0.0;0.0;5.0;0.0;0.0;0.0;0.0;0.0;0.0;0.0;0.0;10.0;25.0;0.0;0.0;0.0;0.0;0.0;0.0;11.0;0.0;0.0;0.0
Croatá;CROATA;-4.4269444444444;-40.909305555556;2017;2;111.5;0.0;0.0;0.0;0.0;0.0;0.0;0.0;0.0;0.0;0.0;14.0;42.0;13.4;0.0;1.1;0.0;0.0;29.0;0.0;12.0;0.0;0.0;0.0;0.0;0.0;0.0;0.0;0.0;888.0;888.0;888.0
Croatá;CROATA;-4.4269444444444;-40.909305555556;2017;3;70.5;0.0;0.0;15.3;0.0;0.0;11.0;0.0;3.0;0.0;0.0;0.0;26.0;2.0;4.0;0.0;0.0;0.0;0.0;0.0;0.0;0.0;0.0;0.0;3.8;0.0;0.0;0.0;0.0;3.0;0.0;2.4
Croatá;CROATA;-4.4269444444444;-40.909305555556;2017;4;39.3;0.0;0.0;20.0;0.0;0.0;0.0;0.0;0.0;0.0;0.0;7.1;8.0;0.0;0.0;0.0;0.0;0.0;0.0;0.0;0.0;0.0;0.0;0.0;0.0;4.2;0.0;0.0;0.0;0.0;0.0;888.0
Croatá;CROATA;-4.4269444444444;-40.909305555556;2017;5;25.0;0.0;0.0;0.0;2.0;0.0;0.0;0.0;0.0;0.0;6.2;0.0;0.0;0.0;0.0;0.0;0.0;0.0;0.0;0.0;0.0;0.0;0.0;0.0;0.0;0.0;0.0;0.0;0.0;4.4;0.0;12.4
Croatá;CROATA;-4.4269444444444;-40.909305555556;2017;6;0.0;0.0;0.0;0.0;0.0;0.0;0.0;0.0;0.0;0.0;0.0;0.0;0.0;0.0;0.0;0.0;0.0;0.0;0.0;0.0;0.0;0.0;0.0;0.0;0.0;0.0;0.0;0.0;0.0;0.0;0.0;888.0
Croatá;CROATA;-4.4269444444444;-40.909305555556;2017;7;0.0;0.0;0.0;0.0;0.0;0.0;0.0;0.0;0.0;0.0;0.0;0.0;0.0;0.0;0.0;0.0;0.0;0.0;0.0;0.0;0.0;0.0;0.0;0.0;0.0;0.0;0.0;0.0;0.0;0.0;0.0;0.0
Croatá;CROATA;-4.4269444444444;-40.909305555556;2017;8;0.0;0.0;0.0;0.0;0.0;0.0;0.0;0.0;0.0;0.0;0.0;0.0;0.0;0.0;0.0;0.0;0.0;0.0;0.0;0.0;0.0;0.0;0.0;0.0;0.0;0.0;0.0;0.0;0.0;0.0;0.0;0.0
Croatá;CROATA;-4.4269444444444;-40.909305555556;2017;9;0.0;0.0;0.0;0.0;0.0;0.0;0.0;0.0;0.0;0.0;0.0;0.0;0.0;0.0;0.0;0.0;0.0;0.0;0.0;0.0;0.0;0.0;0.0;0.0;0.0;0.0;0.0;0.0;0.0;0.0;0.0;888.0
Croatá;CROATA;-4.4269444444444;-40.909305555556;2017;10;0.0;0.0;0.0;0.0;0.0;0.0;0.0;0.0;0.0;0.0;0.0;0.0;0.0;0.0;0.0;0.0;0.0;0.0;0.0;0.0;0.0;0.0;0.0;0.0;0.0;0.0;0.0;0.0;0.0;0.0;0.0;0.0
Croatá;CROATA;-4.4269444444444;-40.909305555556;2017;11;0.0;0.0;0.0;0.0;0.0;0.0;0.0;0.0;0.0;0.0;0.0;0.0;0.0;0.0;0.0;0.0;0.0;0.0;0.0;0.0;0.0;0.0;0.0;0.0;0.0;0.0;0.0;0.0;0.0;0.0;0.0;888.0
Croatá;CROATA;-4.4269444444444;-40.909305555556;2017;12;0.0;0.0;0.0;0.0;0.0;0.0;0.0;0.0;0.0;0.0;0.0;0.0;0.0;0.0;0.0;0.0;0.0;0.0;0.0;0.0;0.0;0.0;0.0;0.0;0.0;0.0;0.0;0.0;0.0;0.0;0.0;0.0
Croatá;CROATA;-4.4269444444444;-40.909305555556;2018;1;18.1;0.0;0.0;0.0;0.0;0.0;0.0;0.0;0.0;0.0;0.0;0.0;0.0;0.0;0.0;0.0;0.0;0.0;0.0;0.0;11.3;0.0;0.0;0.0;0.0;1.6;3.2;0.0;2.0;0.0;0.0;0.0
Croatá;CROATA;-4.4269444444444;-40.909305555556;2018;2;145.5;0.0;0.0;0.0;0.0;2.0;0.0;0.0;42.0;14.2;0.0;0.0;32.0;0.0;2.5;7.6;0.0;13.2;17.2;0.0;0.0;6.2;0.0;5.0;0.0;0.0;0.0;3.6;0.0;888.0;888.0;888.0
Croatá;CROATA;-4.4269444444444;-40.909305555556;2018;3;35.0;0.0;4.0;0.0;0.0;5.0;0.0;0.0;0.0;0.0;0.0;0.0;0.0;0.0;0.0;0.0;0.0;0.0;0.0;0.0;0.0;0.0;0.0;0.0;0.0;0.0;0.0;0.0;0.0;17.0;1.4;7.6
Croatá;CROATA;-4.4269444444444;-40.909305555556;2018;4;153.2;12.4;0.0;20.0;12.0;0.0;0.0;0.0;0.0;9.2;9.2;22.0;14.2;2.8;0.0;0.0;0.0;5.2;0.0;0.0;0.0;0.0;0.0;22.0;0.0;0.0;0.0;0.0;0.0;2.6;21.6;888.0
Croatá;CROATA;-4.4269444444444;-40.909305555556;2018;5;0.0;0.0;0.0;0.0;0.0;0.0;0.0;0.0;0.0;0.0;0.0;0.0;0.0;0.0;0.0;0.0;0.0;0.0;0.0;0.0;0.0;0.0;0.0;0.0;0.0;0.0;0.0;0.0;0.0;0.0;0.0;0.0
Croatá;CROATA;-4.4269444444444;-40.909305555556;2018;6;9.0;0.0;0.0;0.0;0.0;9.0;0.0;0.0;0.0;0.0;0.0;0.0;0.0;0.0;0.0;0.0;0.0;0.0;0.0;0.0;0.0;0.0;0.0;0.0;0.0;0.0;0.0;0.0;0.0;0.0;0.0;888.0
Croatá;CROATA;-4.4269444444444;-40.909305555556;2018;7;0.0;0.0;0.0;0.0;0.0;0.0;0.0;0.0;0.0;0.0;0.0;0.0;0.0;0.0;0.0;0.0;0.0;0.0;0.0;0.0;0.0;0.0;0.0;0.0;0.0;0.0;0.0;0.0;0.0;0.0;0.0;0.0
Croatá;CROATA;-4.4269444444444;-40.909305555556;2018;8;0.0;0.0;0.0;0.0;0.0;0.0;0.0;0.0;0.0;0.0;0.0;0.0;0.0;0.0;0.0;0.0;0.0;0.0;0.0;0.0;0.0;0.0;0.0;0.0;0.0;0.0;0.0;0.0;0.0;0.0;0.0;0.0
Croatá;CROATA;-4.4269444444444;-40.909305555556;2018;9;0.0;0.0;0.0;0.0;0.0;0.0;0.0;0.0;0.0;0.0;0.0;0.0;0.0;0.0;0.0;0.0;0.0;0.0;0.0;999.0;999.0;999.0;999.0;999.0;999.0;999.0;999.0;999.0;999.0;999.0;999.0;888.0
