Municipios;Postos;Latitude;Longitude;Anos;Meses;Total;Dia1;Dia2;Dia3;Dia4;Dia5;Dia6;Dia7;Dia8;Dia9;Dia10;Dia11;Dia12;Dia13;Dia14;Dia15;Dia16;Dia17;Dia18;Dia19;Dia20;Dia21;Dia22;Dia23;Dia24;Dia25;Dia26;Dia27;Dia28;Dia29;Dia30;Dia31
Ipu;IPU;-4.3195;-40.710777777778;1974;1;183.3;0.0;0.0;0.0;0.0;0.0;0.0;0.0;0.0;0.0;0.0;18.0;0.0;0.0;0.0;30.0;50.3;0.0;0.0;0.0;0.0;25.0;0.0;0.0;0.0;0.0;20.0;32.0;0.0;0.0;5.0;3.0
Ipu;IPU;-4.3195;-40.710777777778;1974;2;131.0;0.0;0.0;0.0;8.0;0.0;0.0;28.0;5.0;15.0;0.0;0.0;0.0;0.0;20.0;2.0;0.0;10.0;0.0;0.0;0.0;0.0;0.0;8.0;0.0;0.0;35.0;0.0;0.0;888.0;888.0;888.0
Ipu;IPU;-4.3195;-40.710777777778;1974;3;342.0;0.0;0.0;0.0;32.0;0.0;0.0;0.0;0.0;0.0;15.0;0.0;0.0;0.0;51.0;5.0;0.0;8.0;15.0;10.0;0.0;0.0;75.0;7.0;50.0;64.0;0.0;0.0;0.0;10.0;0.0;0.0
Ipu;IPU;-4.3195;-40.710777777778;1974;4;558.0;0.0;26.0;4.0;10.0;0.0;5.0;40.0;63.0;6.0;36.0;0.0;0.0;0.0;10.0;34.0;0.0;32.0;0.0;3.0;2.0;12.0;21.0;29.0;49.0;35.0;34.0;0.0;30.0;17.0;60.0;888.0
Ipu;IPU;-4.3195;-40.710777777778;1974;5;279.0;66.0;0.0;0.0;0.0;0.0;0.0;10.0;0.0;0.0;0.0;8.0;12.0;95.0;0.0;50.0;0.0;0.0;0.0;0.0;0.0;0.0;0.0;0.0;3.0;0.0;6.0;17.0;0.0;0.0;12.0;0.0
Ipu;IPU;-4.3195;-40.710777777778;1974;6;32.0;6.0;0.0;0.0;0.0;0.0;0.0;0.0;0.0;0.0;0.0;0.0;0.0;0.0;0.0;8.0;0.0;0.0;0.0;0.0;0.0;0.0;12.0;4.0;0.0;0.0;0.0;0.0;0.0;0.0;2.0;888.0
Ipu;IPU;-4.3195;-40.710777777778;1974;7;0.0;0.0;0.0;0.0;0.0;0.0;0.0;0.0;0.0;0.0;0.0;0.0;0.0;0.0;0.0;0.0;0.0;0.0;0.0;0.0;0.0;0.0;0.0;0.0;0.0;0.0;0.0;0.0;0.0;0.0;0.0;0.0
Ipu;IPU;-4.3195;-40.710777777778;1974;8;0.0;0.0;0.0;0.0;0.0;0.0;0.0;0.0;0.0;0.0;0.0;0.0;0.0;0.0;0.0;0.0;0.0;0.0;0.0;0.0;0.0;0.0;0.0;0.0;0.0;0.0;0.0;0.0;0.0;0.0;0.0;0.0
Ipu;IPU;-4.3195;-40.710777777778;1974;9;0.0;0.0;0.0;0.0;0.0;0.0;0.0;0.0;0.0;0.0;0.0;0.0;0.0;0.0;0.0;0.0;0.0;0.0;0.0;0.0;0.0;0.0;0.0;0.0;0.0;0.0;0.0;0.0;0.0;0.0;0.0;888.0
Ipu;IPU;-4.3195;-40.710777777778;1974;10;0.0;0.0;0.0;0.0;0.0;0.0;0.0;0.0;0.0;0.0;0.0;0.0;0.0;0.0;0.0;0.0;0.0;0.0;0.0;0.0;0.0;0.0;0.0;0.0;0.0;0.0;0.0;0.0;0.0;0.0;0.0;0.0
Ipu;IPU;-4.3195;-40.710777777778;1974;11;0.0;0.0;0.0;0.0;0.0;0.0;0.0;0.0;0.0;0.0;0.0;0.0;0.0;0.0;0.0;0.0;0.0;0.0;0.0;0.0;0.0;0.0;0.0;0.0;0.0;0.0;0.0;0.0;0.0;0.0;0.0;888.0
Ipu;IPU;-4.3195;-40.710777777778;1974;12;0.0;0.0;0.0;0.0;0.0;0.0;0.0;0.0;0.0;0.0;0.0;0.0;0.0;0.0;0.0;0.0;0.0;0.0;0.0;0.0;0.0;0.0;0.0;0.0;0.0;0.0;0.0;0.0;0.0;0.0;0.0;0.0
Ipu;IPU;-4.3195;-40.710777777778;1975;1;56.0;0.0;0.0;0.0;0.0;0.0;0.0;0.0;0.0;0.0;0.0;0.0;0.0;0.0;0.0;0.0;0.0;0.0;0.0;0.0;0.0;0.0;40.0;0.0;2.0;0.0;0.0;2.0;0.0;8.0;0.0;4.0
Ipu;IPU;-4.3195;-40.710777777778;1975;2;102.0;0.0;4.0;15.0;5.0;0.0;0.0;0.0;0.0;0.0;0.0;0.0;5.0;3.0;5.0;0.0;4.0;20.0;5.0;24.0;0.0;0.0;0.0;0.0;11.0;0.0;0.0;0.0;1.0;888.0;888.0;888.0
Ipu;IPU;-4.3195;-40.710777777778;1975;3;201.0;6.0;0.0;4.0;0.0;8.0;4.0;12.0;0.0;0.0;3.0;0.0;0.0;11.0;0.0;8.0;0.0;36.0;23.0;0.0;0.0;18.0;53.0;1.0;3.0;8.0;3.0;0.0;0.0;0.0;0.0;0.0
Ipu;IPU;-4.3195;-40.710777777778;1975;4;76.0;0.0;2.0;0.0;0.0;0.0;0.0;0.0;0.0;0.0;0.0;12.0;0.0;20.0;0.0;0.0;16.0;0.0;0.0;0.0;2.0;0.0;0.0;0.0;6.0;18.0;0.0;0.0;0.0;0.0;0.0;888.0
Ipu;IPU;-4.3195;-40.710777777778;1975;5;188.0;0.0;0.0;0.0;0.0;0.0;0.0;0.0;0.0;0.0;0.0;0.0;0.0;33.0;25.0;10.0;21.0;0.0;0.0;26.0;33.0;30.0;0.0;0.0;0.0;0.0;0.0;0.0;0.0;10.0;0.0;0.0
Ipu;IPU;-4.3195;-40.710777777778;1975;6;0.0;0.0;0.0;0.0;0.0;0.0;0.0;0.0;0.0;0.0;0.0;0.0;0.0;0.0;0.0;0.0;0.0;0.0;0.0;0.0;0.0;0.0;0.0;0.0;0.0;0.0;0.0;0.0;0.0;0.0;0.0;888.0
Ipu;IPU;-4.3195;-40.710777777778;1975;7;25.0;0.0;0.0;0.0;0.0;0.0;0.0;0.0;0.0;0.0;0.0;0.0;0.0;0.0;0.0;0.0;0.0;12.0;13.0;0.0;0.0;0.0;0.0;0.0;0.0;0.0;0.0;0.0;0.0;0.0;0.0;0.0
Ipu;IPU;-4.3195;-40.710777777778;1975;8;0.0;0.0;0.0;0.0;0.0;0.0;0.0;0.0;0.0;0.0;0.0;0.0;0.0;0.0;0.0;0.0;0.0;0.0;0.0;0.0;0.0;0.0;0.0;0.0;0.0;0.0;0.0;0.0;0.0;0.0;0.0;0.0
Ipu;IPU;-4.3195;-40.710777777778;1975;9;0.0;0.0;0.0;0.0;0.0;0.0;0.0;0.0;0.0;0.0;0.0;0.0;0.0;0.0;0.0;0.0;0.0;0.0;0.0;0.0;0.0;0.0;0.0;0.0;0.0;0.0;0.0;0.0;0.0;0.0;0.0;888.0
Ipu;IPU;-4.3195;-40.710777777778;1975;10;0.0;0.0;0.0;0.0;0.0;0.0;0.0;0.0;0.0;0.0;0.0;0.0;0.0;0.0;0.0;0.0;0.0;0.0;0.0;0.0;0.0;0.0;0.0;0.0;0.0;0.0;0.0;0.0;0.0;0.0;0.0;0.0
Ipu;IPU;-4.3195;-40.710777777778;1975;11;0.0;0.0;0.0;0.0;0.0;0.0;0.0;0.0;0.0;0.0;0.0;0.0;0.0;0.0;0.0;0.0;0.0;0.0;0.0;0.0;0.0;0.0;0.0;0.0;0.0;0.0;0.0;0.0;0.0;0.0;0.0;888.0
Ipu;IPU;-4.3195;-40.710777777778;1975;12;0.0;0.0;0.0;0.0;0.0;0.0;0.0;0.0;0.0;0.0;0.0;0.0;0.0;0.0;0.0;0.0;0.0;0.0;0.0;0.0;0.0;0.0;0.0;0.0;0.0;0.0;0.0;0.0;0.0;0.0;0.0;0.0
Ipu;IPU;-4.3195;-40.710777777778;1976;1;10.0;0.0;0.0;0.0;0.0;0.0;0.0;0.0;0.0;0.0;0.0;0.0;0.0;0.0;0.0;0.0;0.0;0.0;0.0;0.0;0.0;0.0;0.0;0.0;0.0;0.0;5.0;2.0;0.0;0.0;0.0;3.0
Ipu;IPU;-4.3195;-40.710777777778;1976;2;147.2;0.0;8.3;7.6;2.3;3.0;0.0;38.0;0.0;3.0;15.0;0.0;8.0;28.0;8.0;0.0;0.0;0.0;0.0;7.0;0.0;0.0;7.0;0.0;0.0;12.0;0.0;0.0;0.0;0.0;888.0;888.0
Ipu;IPU;-4.3195;-40.710777777778;1976;3;235.0;0.0;0.0;8.0;23.0;0.0;16.0;6.0;6.0;0.0;2.0;31.0;0.0;0.0;6.0;26.0;28.0;6.0;0.0;0.0;0.0;0.0;0.0;4.0;0.0;15.0;0.0;0.0;7.0;25.0;26.0;0.0
Ipu;IPU;-4.3195;-40.710777777778;1976;4;344.0;15.0;0.0;0.0;0.0;64.0;0.0;0.0;0.0;4.0;0.0;0.0;0.0;8.0;0.0;58.0;0.0;85.0;0.0;53.0;8.0;5.0;8.0;0.0;8.0;23.0;0.0;0.0;0.0;0.0;5.0;888.0
Ipu;IPU;-4.3195;-40.710777777778;1976;5;45.2;0.0;0.0;0.0;0.0;0.0;0.0;0.0;0.0;0.0;0.0;0.0;0.0;0.0;0.0;0.0;0.0;0.0;0.0;0.0;0.0;0.0;30.0;0.0;0.0;15.2;0.0;0.0;0.0;0.0;0.0;0.0
Ipu;IPU;-4.3195;-40.710777777778;1976;6;0.0;0.0;0.0;0.0;0.0;0.0;0.0;0.0;0.0;0.0;0.0;0.0;0.0;0.0;0.0;0.0;0.0;0.0;0.0;0.0;0.0;0.0;0.0;0.0;0.0;0.0;0.0;0.0;0.0;0.0;0.0;888.0
Ipu;IPU;-4.3195;-40.710777777778;1976;7;0.0;0.0;0.0;0.0;0.0;0.0;0.0;0.0;0.0;0.0;0.0;0.0;0.0;0.0;0.0;0.0;0.0;0.0;0.0;0.0;0.0;0.0;0.0;0.0;0.0;0.0;0.0;0.0;0.0;0.0;0.0;0.0
Ipu;IPU;-4.3195;-40.710777777778;1976;8;0.0;0.0;0.0;0.0;0.0;0.0;0.0;0.0;0.0;0.0;0.0;0.0;0.0;0.0;0.0;0.0;0.0;0.0;0.0;0.0;0.0;0.0;0.0;0.0;0.0;0.0;0.0;0.0;0.0;0.0;0.0;0.0
Ipu;IPU;-4.3195;-40.710777777778;1976;9;0.0;0.0;0.0;0.0;0.0;0.0;0.0;0.0;0.0;0.0;0.0;0.0;0.0;0.0;0.0;0.0;0.0;0.0;0.0;0.0;0.0;0.0;0.0;0.0;0.0;0.0;0.0;0.0;0.0;0.0;0.0;888.0
Ipu;IPU;-4.3195;-40.710777777778;1976;10;0.0;0.0;0.0;0.0;0.0;0.0;0.0;0.0;0.0;0.0;0.0;0.0;0.0;0.0;0.0;0.0;0.0;0.0;0.0;0.0;0.0;0.0;0.0;0.0;0.0;0.0;0.0;0.0;0.0;0.0;0.0;0.0
Ipu;IPU;-4.3195;-40.710777777778;1976;11;0.0;0.0;0.0;0.0;0.0;0.0;0.0;0.0;0.0;0.0;0.0;0.0;0.0;0.0;0.0;0.0;0.0;0.0;0.0;0.0;0.0;0.0;0.0;0.0;0.0;0.0;0.0;0.0;0.0;0.0;0.0;888.0
Ipu;IPU;-4.3195;-40.710777777778;1976;12;0.0;0.0;0.0;0.0;0.0;0.0;0.0;0.0;0.0;0.0;0.0;0.0;0.0;0.0;0.0;0.0;0.0;0.0;0.0;0.0;0.0;0.0;0.0;0.0;0.0;0.0;0.0;0.0;0.0;0.0;0.0;0.0
Ipu;IPU;-4.3195;-40.710777777778;1977;1;175.0;0.0;0.0;0.0;0.0;0.0;0.0;0.0;0.0;0.0;0.0;0.0;0.0;0.0;34.0;5.0;0.0;0.0;0.0;0.0;0.0;25.0;4.0;0.0;0.0;0.0;17.0;50.0;20.0;0.0;0.0;20.0
Ipu;IPU;-4.3195;-40.710777777778;1977;2;109.0;17.0;7.0;4.0;5.0;0.0;3.0;0.0;4.0;0.0;2.0;3.0;0.0;0.0;0.0;0.0;0.0;0.0;0.0;0.0;4.0;0.0;27.0;22.0;11.0;0.0;0.0;0.0;0.0;888.0;888.0;888.0
Ipu;IPU;-4.3195;-40.710777777778;1977;3;360.0;0.0;8.0;0.0;40.0;0.0;0.0;6.0;0.0;5.0;10.0;0.0;0.0;9.0;0.0;0.0;0.0;3.0;41.0;17.0;32.0;18.0;48.0;0.0;0.0;0.0;0.0;18.0;33.0;5.0;67.0;0.0
Ipu;IPU;-4.3195;-40.710777777778;1977;4;91.0;0.0;6.0;0.0;2.0;0.0;1.0;0.0;0.0;9.0;17.0;1.0;0.0;3.0;7.0;0.0;0.0;0.0;0.0;0.0;21.0;0.0;0.0;0.0;0.0;4.0;4.0;7.0;3.0;6.0;0.0;888.0
Ipu;IPU;-4.3195;-40.710777777778;1977;5;251.0;18.0;0.0;29.0;0.0;17.0;8.0;0.0;6.0;55.0;0.0;37.0;0.0;15.0;36.0;0.0;0.0;0.0;0.0;7.0;0.0;6.0;10.0;0.0;7.0;0.0;0.0;0.0;0.0;0.0;0.0;0.0
Ipu;IPU;-4.3195;-40.710777777778;1977;6;110.0;0.0;0.0;6.0;0.0;10.0;0.0;7.0;0.0;13.0;0.0;0.0;0.0;0.0;8.0;0.0;0.0;0.0;16.0;8.0;0.0;14.0;5.0;2.0;4.0;0.0;0.0;8.0;0.0;9.0;0.0;888.0
Ipu;IPU;-4.3195;-40.710777777778;1977;7;28.0;0.0;0.0;0.0;10.0;0.0;5.0;0.0;0.0;0.0;0.0;0.0;0.0;0.0;0.0;0.0;0.0;0.0;0.0;0.0;0.0;0.0;0.0;0.0;9.0;4.0;0.0;0.0;0.0;0.0;0.0;0.0
Ipu;IPU;-4.3195;-40.710777777778;1977;8;0.0;0.0;0.0;0.0;0.0;0.0;0.0;0.0;0.0;0.0;0.0;0.0;0.0;0.0;0.0;0.0;0.0;0.0;0.0;0.0;0.0;0.0;0.0;0.0;0.0;0.0;0.0;0.0;0.0;0.0;0.0;0.0
Ipu;IPU;-4.3195;-40.710777777778;1977;9;0.0;0.0;0.0;0.0;0.0;0.0;0.0;0.0;0.0;0.0;0.0;0.0;0.0;0.0;0.0;0.0;0.0;0.0;0.0;0.0;0.0;0.0;0.0;0.0;0.0;0.0;0.0;0.0;0.0;0.0;0.0;888.0
Ipu;IPU;-4.3195;-40.710777777778;1977;10;0.0;0.0;0.0;0.0;0.0;0.0;0.0;0.0;0.0;0.0;0.0;0.0;0.0;0.0;0.0;0.0;0.0;0.0;0.0;0.0;0.0;0.0;0.0;0.0;0.0;0.0;0.0;0.0;0.0;0.0;0.0;0.0
Ipu;IPU;-4.3195;-40.710777777778;1977;11;0.0;0.0;0.0;0.0;0.0;0.0;0.0;0.0;0.0;0.0;0.0;0.0;0.0;0.0;0.0;0.0;0.0;0.0;0.0;0.0;0.0;0.0;0.0;0.0;0.0;0.0;0.0;0.0;0.0;0.0;0.0;888.0
Ipu;IPU;-4.3195;-40.710777777778;1977;12;188.0;0.0;0.0;0.0;0.0;0.0;0.0;0.0;0.0;0.0;0.0;0.0;0.0;0.0;0.0;82.0;0.0;0.0;0.0;0.0;0.0;0.0;0.0;0.0;0.0;0.0;0.0;0.0;0.0;0.0;42.0;64.0
Ipu;IPU;-4.3195;-40.710777777778;1978;1;326.0;0.0;0.0;0.0;0.0;0.0;0.0;0.0;0.0;0.0;0.0;0.0;0.0;25.0;96.0;15.0;110.0;0.0;30.0;0.0;0.0;25.0;0.0;0.0;0.0;25.0;0.0;0.0;0.0;0.0;0.0;0.0
Ipu;IPU;-4.3195;-40.710777777778;1978;2;204.0;0.0;0.0;0.0;0.0;0.0;0.0;0.0;0.0;22.0;17.0;120.0;0.0;0.0;3.0;0.0;0.0;0.0;0.0;0.0;0.0;0.0;0.0;0.0;0.0;0.0;0.0;39.0;3.0;888.0;888.0;888.0
Ipu;IPU;-4.3195;-40.710777777778;1978;3;265.0;38.0;12.0;0.0;16.0;0.0;58.0;0.0;0.0;70.0;0.0;0.0;3.0;5.0;9.0;7.0;0.0;0.0;0.0;0.0;0.0;0.0;0.0;0.0;0.0;22.0;0.0;0.0;0.0;0.0;25.0;0.0
Ipu;IPU;-4.3195;-40.710777777778;1978;4;274.0;31.0;0.0;0.0;0.0;0.0;2.0;0.0;4.0;22.0;6.0;0.0;0.0;9.0;3.0;34.0;0.0;3.0;20.0;0.0;37.0;22.0;26.0;13.0;6.0;0.0;0.0;0.0;13.0;15.0;8.0;888.0
Ipu;IPU;-4.3195;-40.710777777778;1978;5;79.0;2.0;0.0;0.0;0.0;0.0;0.0;0.0;0.0;0.0;17.0;6.0;14.0;8.0;0.0;0.0;0.0;0.0;0.0;0.0;0.0;32.0;0.0;0.0;0.0;0.0;0.0;0.0;0.0;0.0;0.0;0.0
Ipu;IPU;-4.3195;-40.710777777778;1978;6;14.0;8.0;0.0;0.0;0.0;0.0;0.0;0.0;0.0;0.0;0.0;0.0;0.0;0.0;0.0;0.0;0.0;0.0;0.0;0.0;0.0;0.0;0.0;0.0;0.0;0.0;0.0;0.0;0.0;6.0;0.0;888.0
Ipu;IPU;-4.3195;-40.710777777778;1978;7;28.0;0.0;0.0;0.0;0.0;0.0;0.0;0.0;0.0;0.0;0.0;0.0;0.0;0.0;0.0;0.0;14.0;10.0;0.0;0.0;0.0;0.0;0.0;0.0;0.0;0.0;0.0;0.0;4.0;0.0;0.0;0.0
Ipu;IPU;-4.3195;-40.710777777778;1978;8;0.0;0.0;0.0;0.0;0.0;0.0;0.0;0.0;0.0;0.0;0.0;0.0;0.0;0.0;0.0;0.0;0.0;0.0;0.0;0.0;0.0;0.0;0.0;0.0;0.0;0.0;0.0;0.0;0.0;0.0;0.0;0.0
Ipu;IPU;-4.3195;-40.710777777778;1978;9;0.0;0.0;0.0;0.0;0.0;0.0;0.0;0.0;0.0;0.0;0.0;0.0;0.0;0.0;0.0;0.0;0.0;0.0;0.0;0.0;0.0;0.0;0.0;0.0;0.0;0.0;0.0;0.0;0.0;0.0;0.0;888.0
Ipu;IPU;-4.3195;-40.710777777778;1978;10;0.0;0.0;0.0;0.0;0.0;0.0;0.0;0.0;0.0;0.0;0.0;0.0;0.0;0.0;0.0;0.0;0.0;0.0;0.0;0.0;0.0;0.0;0.0;0.0;0.0;0.0;0.0;0.0;0.0;0.0;0.0;0.0
Ipu;IPU;-4.3195;-40.710777777778;1978;11;0.0;0.0;0.0;0.0;0.0;0.0;0.0;0.0;0.0;0.0;0.0;0.0;0.0;0.0;0.0;0.0;0.0;0.0;0.0;0.0;0.0;0.0;0.0;0.0;0.0;0.0;0.0;0.0;0.0;0.0;0.0;888.0
Ipu;IPU;-4.3195;-40.710777777778;1978;12;52.0;22.0;0.0;15.0;0.0;5.0;0.0;0.0;0.0;0.0;0.0;0.0;10.0;0.0;0.0;0.0;0.0;0.0;0.0;0.0;0.0;0.0;0.0;0.0;0.0;0.0;0.0;0.0;0.0;0.0;0.0;0.0
Ipu;IPU;-4.3195;-40.710777777778;1979;1;165.0;0.0;0.0;0.0;0.0;0.0;0.0;0.0;0.0;0.0;0.0;0.0;0.0;0.0;5.0;42.0;56.0;24.0;0.0;38.0;0.0;0.0;0.0;0.0;0.0;0.0;0.0;0.0;0.0;0.0;0.0;0.0
Ipu;IPU;-4.3195;-40.710777777778;1979;2;34.0;0.0;0.0;0.0;0.0;0.0;0.0;0.0;0.0;0.0;0.0;0.0;0.0;0.0;0.0;0.0;0.0;0.0;0.0;0.0;0.0;0.0;0.0;12.0;0.0;9.0;0.0;5.0;8.0;888.0;888.0;888.0
Ipu;IPU;-4.3195;-40.710777777778;1979;3;116.0;0.0;0.0;21.0;0.0;0.0;0.0;0.0;0.0;15.0;0.0;0.0;0.0;5.0;3.0;0.0;5.0;0.0;0.0;0.0;0.0;43.0;0.0;0.0;0.0;0.0;18.0;6.0;0.0;0.0;0.0;0.0
Ipu;IPU;-4.3195;-40.710777777778;1979;4;79.0;0.0;0.0;0.0;0.0;0.0;8.0;0.0;0.0;0.0;0.0;0.0;0.0;0.0;0.0;3.0;0.0;0.0;55.0;0.0;0.0;0.0;0.0;0.0;0.0;3.0;6.0;0.0;0.0;0.0;4.0;888.0
Ipu;IPU;-4.3195;-40.710777777778;1979;5;168.0;0.0;0.0;0.0;15.0;18.0;0.0;0.0;0.0;0.0;28.0;29.0;0.0;0.0;20.0;5.0;4.0;13.0;8.0;0.0;0.0;0.0;0.0;0.0;3.0;0.0;0.0;0.0;25.0;0.0;0.0;0.0
Ipu;IPU;-4.3195;-40.710777777778;1979;6;53.0;0.0;0.0;0.0;0.0;0.0;0.0;31.0;0.0;0.0;4.0;18.0;0.0;0.0;0.0;0.0;0.0;0.0;0.0;0.0;0.0;0.0;0.0;0.0;0.0;0.0;0.0;0.0;0.0;0.0;0.0;888.0
Ipu;IPU;-4.3195;-40.710777777778;1979;7;0.0;0.0;0.0;0.0;0.0;0.0;0.0;0.0;0.0;0.0;0.0;0.0;0.0;0.0;0.0;0.0;0.0;0.0;0.0;0.0;0.0;0.0;0.0;0.0;0.0;0.0;0.0;0.0;0.0;0.0;0.0;0.0
Ipu;IPU;-4.3195;-40.710777777778;1979;8;0.0;0.0;0.0;0.0;0.0;0.0;0.0;0.0;0.0;0.0;0.0;0.0;0.0;0.0;0.0;0.0;0.0;0.0;0.0;0.0;0.0;0.0;0.0;0.0;0.0;0.0;0.0;0.0;0.0;0.0;0.0;0.0
Ipu;IPU;-4.3195;-40.710777777778;1979;9;0.0;0.0;0.0;0.0;0.0;0.0;0.0;0.0;0.0;0.0;0.0;0.0;0.0;0.0;0.0;0.0;0.0;0.0;0.0;0.0;0.0;0.0;0.0;0.0;0.0;0.0;0.0;0.0;0.0;0.0;0.0;888.0
Ipu;IPU;-4.3195;-40.710777777778;1979;10;0.0;0.0;0.0;0.0;0.0;0.0;0.0;0.0;0.0;0.0;0.0;0.0;0.0;0.0;0.0;0.0;0.0;0.0;0.0;0.0;0.0;0.0;0.0;0.0;0.0;0.0;0.0;0.0;0.0;0.0;0.0;0.0
Ipu;IPU;-4.3195;-40.710777777778;1979;11;0.0;0.0;0.0;0.0;0.0;0.0;0.0;0.0;0.0;0.0;0.0;0.0;0.0;0.0;0.0;0.0;0.0;0.0;0.0;0.0;0.0;0.0;0.0;0.0;0.0;0.0;0.0;0.0;0.0;0.0;0.0;888.0
Ipu;IPU;-4.3195;-40.710777777778;1979;12;45.0;0.0;0.0;0.0;0.0;0.0;0.0;0.0;0.0;0.0;0.0;0.0;30.0;0.0;0.0;0.0;0.0;0.0;0.0;0.0;15.0;0.0;0.0;0.0;0.0;0.0;0.0;0.0;0.0;0.0;0.0;0.0
Ipu;IPU;-4.3195;-40.710777777778;1980;1;109.7;0.0;0.0;0.0;0.0;0.0;0.0;0.0;0.0;0.0;26.0;18.0;19.0;0.0;0.0;37.0;0.0;0.0;8.0;0.0;0.0;0.0;0.0;0.0;0.0;0.0;1.7;0.0;0.0;0.0;0.0;0.0
Ipu;IPU;-4.3195;-40.710777777778;1980;2;534.0;0.0;0.0;0.0;0.0;18.0;0.0;22.0;0.0;6.0;32.0;2.0;0.0;0.0;4.0;32.0;26.0;15.0;0.0;97.0;0.0;12.0;94.0;10.0;5.0;14.0;55.0;58.0;5.0;27.0;888.0;888.0
Ipu;IPU;-4.3195;-40.710777777778;1980;3;324.6;15.0;20.0;51.0;44.0;6.0;70.0;26.0;0.0;10.0;0.0;0.0;39.0;16.0;0.0;20.0;0.0;0.0;0.0;0.0;0.0;0.0;7.6;0.0;0.0;0.0;0.0;0.0;0.0;0.0;0.0;0.0
Ipu;IPU;-4.3195;-40.710777777778;1980;4;81.0;0.0;0.0;0.0;0.0;0.0;39.0;0.0;0.0;0.0;0.0;28.0;0.0;0.0;0.0;0.0;0.0;0.0;0.0;0.0;0.0;0.0;14.0;0.0;0.0;0.0;0.0;0.0;0.0;0.0;0.0;888.0
Ipu;IPU;-4.3195;-40.710777777778;1980;5;2.0;0.0;0.0;2.0;0.0;0.0;0.0;0.0;0.0;0.0;0.0;0.0;0.0;0.0;0.0;0.0;0.0;0.0;0.0;0.0;0.0;0.0;0.0;0.0;0.0;0.0;0.0;0.0;0.0;0.0;0.0;0.0
Ipu;IPU;-4.3195;-40.710777777778;1980;6;0.0;0.0;0.0;0.0;0.0;0.0;0.0;0.0;0.0;0.0;0.0;0.0;0.0;0.0;0.0;0.0;0.0;0.0;0.0;0.0;0.0;0.0;0.0;0.0;0.0;0.0;0.0;0.0;0.0;0.0;0.0;888.0
Ipu;IPU;-4.3195;-40.710777777778;1980;7;0.0;0.0;0.0;0.0;0.0;0.0;0.0;0.0;0.0;0.0;0.0;0.0;0.0;0.0;0.0;0.0;0.0;0.0;0.0;0.0;0.0;0.0;0.0;0.0;0.0;0.0;0.0;0.0;0.0;0.0;0.0;0.0
Ipu;IPU;-4.3195;-40.710777777778;1980;8;0.0;0.0;0.0;0.0;0.0;0.0;0.0;0.0;0.0;0.0;0.0;0.0;0.0;0.0;0.0;0.0;0.0;0.0;0.0;0.0;0.0;0.0;0.0;0.0;0.0;0.0;0.0;0.0;0.0;0.0;0.0;0.0
Ipu;IPU;-4.3195;-40.710777777778;1980;9;0.0;0.0;0.0;0.0;0.0;0.0;0.0;0.0;0.0;0.0;0.0;0.0;0.0;0.0;0.0;0.0;0.0;0.0;0.0;0.0;0.0;0.0;0.0;0.0;0.0;0.0;0.0;0.0;0.0;0.0;0.0;888.0
Ipu;IPU;-4.3195;-40.710777777778;1980;10;0.0;0.0;0.0;0.0;0.0;0.0;0.0;0.0;0.0;0.0;0.0;0.0;0.0;0.0;0.0;0.0;0.0;0.0;0.0;0.0;0.0;0.0;0.0;0.0;0.0;0.0;0.0;0.0;0.0;0.0;0.0;0.0
Ipu;IPU;-4.3195;-40.710777777778;1980;11;20.0;0.0;0.0;0.0;0.0;0.0;0.0;0.0;0.0;0.0;0.0;0.0;0.0;0.0;0.0;0.0;17.0;3.0;0.0;0.0;0.0;0.0;0.0;0.0;0.0;0.0;0.0;0.0;0.0;0.0;0.0;888.0
Ipu;IPU;-4.3195;-40.710777777778;1980;12;0.0;0.0;0.0;0.0;0.0;0.0;0.0;0.0;0.0;0.0;0.0;0.0;0.0;0.0;0.0;0.0;0.0;0.0;0.0;0.0;0.0;0.0;0.0;0.0;0.0;0.0;0.0;0.0;0.0;0.0;0.0;0.0
Ipu;IPU;-4.3195;-40.710777777778;1981;1;132.0;0.0;0.0;0.0;0.0;0.0;0.0;0.0;0.0;0.0;0.0;12.0;3.0;0.0;0.0;0.0;6.0;0.0;0.0;0.0;0.0;0.0;3.0;0.0;0.0;6.0;94.0;0.0;0.0;0.0;0.0;8.0
Ipu;IPU;-4.3195;-40.710777777778;1981;2;104.0;0.0;2.0;0.0;0.0;1.0;12.0;60.0;0.0;0.0;0.0;0.0;0.0;0.0;0.0;5.0;0.0;0.0;24.0;0.0;0.0;0.0;0.0;0.0;0.0;0.0;0.0;0.0;0.0;888.0;888.0;888.0
Ipu;IPU;-4.3195;-40.710777777778;1981;3;411.0;0.0;0.0;0.0;0.0;0.0;0.0;0.0;0.0;0.0;0.0;0.0;0.0;25.0;38.0;19.0;37.0;37.0;19.0;4.0;14.0;52.0;0.0;2.0;23.0;8.0;0.0;5.0;20.0;29.0;10.0;69.0
Ipu;IPU;-4.3195;-40.710777777778;1981;4;54.0;0.0;0.0;18.0;0.0;16.0;20.0;0.0;0.0;0.0;0.0;0.0;0.0;0.0;0.0;0.0;0.0;0.0;0.0;0.0;0.0;0.0;0.0;0.0;0.0;0.0;0.0;0.0;0.0;0.0;0.0;888.0
Ipu;IPU;-4.3195;-40.710777777778;1981;5;85.0;14.0;0.0;4.0;0.0;0.0;3.0;0.0;0.0;8.0;0.0;0.0;0.0;0.0;0.0;45.0;0.0;0.0;5.0;0.0;0.0;6.0;0.0;0.0;0.0;0.0;0.0;0.0;0.0;0.0;0.0;0.0
Ipu;IPU;-4.3195;-40.710777777778;1981;6;0.0;0.0;0.0;0.0;0.0;0.0;0.0;0.0;0.0;0.0;0.0;0.0;0.0;0.0;0.0;0.0;0.0;0.0;0.0;0.0;0.0;0.0;0.0;0.0;0.0;0.0;0.0;0.0;0.0;0.0;0.0;888.0
Ipu;IPU;-4.3195;-40.710777777778;1981;7;0.0;0.0;0.0;0.0;0.0;0.0;0.0;0.0;0.0;0.0;0.0;0.0;0.0;0.0;0.0;0.0;0.0;0.0;0.0;0.0;0.0;0.0;0.0;0.0;0.0;0.0;0.0;0.0;0.0;0.0;0.0;0.0
Ipu;IPU;-4.3195;-40.710777777778;1981;8;0.0;0.0;0.0;0.0;0.0;0.0;0.0;0.0;0.0;0.0;0.0;0.0;0.0;0.0;0.0;0.0;0.0;0.0;0.0;0.0;0.0;0.0;0.0;0.0;0.0;0.0;0.0;0.0;0.0;0.0;0.0;0.0
Ipu;IPU;-4.3195;-40.710777777778;1981;9;0.0;0.0;0.0;0.0;0.0;0.0;0.0;0.0;0.0;0.0;0.0;0.0;0.0;0.0;0.0;0.0;0.0;0.0;0.0;0.0;0.0;0.0;0.0;0.0;0.0;0.0;0.0;0.0;0.0;0.0;0.0;888.0
Ipu;IPU;-4.3195;-40.710777777778;1981;10;0.0;0.0;0.0;0.0;0.0;0.0;0.0;0.0;0.0;0.0;0.0;0.0;0.0;0.0;0.0;0.0;0.0;0.0;0.0;0.0;0.0;0.0;0.0;0.0;0.0;0.0;0.0;0.0;0.0;0.0;0.0;0.0
Ipu;IPU;-4.3195;-40.710777777778;1981;11;0.0;0.0;0.0;0.0;0.0;0.0;0.0;0.0;0.0;0.0;0.0;0.0;0.0;0.0;0.0;0.0;0.0;0.0;0.0;0.0;0.0;0.0;0.0;0.0;0.0;0.0;0.0;0.0;0.0;0.0;0.0;888.0
Ipu;IPU;-4.3195;-40.710777777778;1981;12;85.0;0.0;0.0;0.0;0.0;0.0;0.0;0.0;0.0;0.0;0.0;0.0;0.0;0.0;0.0;0.0;0.0;0.0;0.0;0.0;0.0;23.0;8.0;31.0;18.0;5.0;0.0;0.0;0.0;0.0;0.0;0.0
Ipu;IPU;-4.3195;-40.710777777778;1982;1;140.0;0.0;0.0;0.0;0.0;0.0;0.0;0.0;53.0;48.0;3.0;5.0;0.0;0.0;0.0;0.0;0.0;0.0;0.0;0.0;0.0;0.0;0.0;0.0;0.0;0.0;0.0;5.0;14.0;0.0;12.0;0.0
Ipu;IPU;-4.3195;-40.710777777778;1982;2;142.0;4.0;0.0;10.0;5.0;0.0;0.0;0.0;0.0;0.0;0.0;0.0;0.0;0.0;0.0;0.0;15.0;0.0;0.0;38.0;5.0;2.0;0.0;0.0;0.0;0.0;0.0;51.0;12.0;888.0;888.0;888.0
Ipu;IPU;-4.3195;-40.710777777778;1982;3;132.0;36.0;0.0;2.0;6.0;0.0;0.0;0.0;5.0;10.0;2.0;0.0;0.0;0.0;0.0;0.0;20.0;0.0;3.0;0.0;0.0;4.0;0.0;2.0;0.0;4.0;8.0;11.0;9.0;7.0;3.0;0.0
Ipu;IPU;-4.3195;-40.710777777778;1982;4;130.0;0.0;48.0;3.0;0.0;0.0;12.0;2.0;0.0;0.0;0.0;0.0;0.0;0.0;5.0;2.0;16.0;3.0;0.0;0.0;0.0;7.0;3.0;8.0;8.0;2.0;0.0;0.0;3.0;0.0;8.0;888.0
Ipu;IPU;-4.3195;-40.710777777778;1982;5;56.6;0.0;0.0;4.0;0.0;0.0;0.0;0.0;22.0;4.0;6.0;0.0;0.0;20.0;0.0;0.0;0.0;0.0;0.0;0.0;0.0;0.0;0.3;0.0;0.0;0.0;0.0;0.0;0.0;0.0;0.0;0.3
Ipu;IPU;-4.3195;-40.710777777778;1982;6;18.0;13.0;0.0;5.0;0.0;0.0;0.0;0.0;0.0;0.0;0.0;0.0;0.0;0.0;0.0;0.0;0.0;0.0;0.0;0.0;0.0;0.0;0.0;0.0;0.0;0.0;0.0;0.0;0.0;0.0;0.0;888.0
Ipu;IPU;-4.3195;-40.710777777778;1982;7;0.0;0.0;0.0;0.0;0.0;0.0;0.0;0.0;0.0;0.0;0.0;0.0;0.0;0.0;0.0;0.0;0.0;0.0;0.0;0.0;0.0;0.0;0.0;0.0;0.0;0.0;0.0;0.0;0.0;0.0;0.0;0.0
Ipu;IPU;-4.3195;-40.710777777778;1982;8;0.0;0.0;0.0;0.0;0.0;0.0;0.0;0.0;0.0;0.0;0.0;0.0;0.0;0.0;0.0;0.0;0.0;0.0;0.0;0.0;0.0;0.0;0.0;0.0;0.0;0.0;0.0;0.0;0.0;0.0;0.0;0.0
Ipu;IPU;-4.3195;-40.710777777778;1982;9;0.0;0.0;0.0;0.0;0.0;0.0;0.0;0.0;0.0;0.0;0.0;0.0;0.0;0.0;0.0;0.0;0.0;0.0;0.0;0.0;0.0;0.0;0.0;0.0;0.0;0.0;0.0;0.0;0.0;0.0;0.0;888.0
Ipu;IPU;-4.3195;-40.710777777778;1982;10;21.0;0.0;0.0;0.0;0.0;0.0;0.0;0.0;0.0;0.0;0.0;0.0;0.0;0.0;0.0;0.0;0.0;0.0;0.0;0.0;0.0;0.0;0.0;0.0;0.0;0.0;0.0;0.0;0.0;0.0;21.0;0.0
Ipu;IPU;-4.3195;-40.710777777778;1982;11;0.0;0.0;0.0;0.0;0.0;0.0;0.0;0.0;0.0;0.0;0.0;0.0;0.0;0.0;0.0;0.0;0.0;0.0;0.0;0.0;0.0;0.0;0.0;0.0;0.0;0.0;0.0;0.0;0.0;0.0;0.0;888.0
Ipu;IPU;-4.3195;-40.710777777778;1982;12;0.0;0.0;0.0;0.0;0.0;0.0;0.0;0.0;0.0;0.0;0.0;0.0;0.0;0.0;0.0;0.0;0.0;0.0;0.0;0.0;0.0;0.0;0.0;0.0;0.0;0.0;0.0;0.0;0.0;0.0;0.0;0.0
Ipu;IPU;-4.3195;-40.710777777778;1983;1;0.0;0.0;0.0;0.0;0.0;0.0;0.0;0.0;0.0;0.0;0.0;0.0;0.0;0.0;0.0;0.0;0.0;0.0;0.0;0.0;0.0;0.0;0.0;0.0;0.0;0.0;0.0;0.0;0.0;0.0;0.0;0.0
Ipu;IPU;-4.3195;-40.710777777778;1983;2;38.8;0.0;0.0;0.0;4.0;0.0;0.0;14.3;3.3;0.0;0.0;0.0;0.0;0.0;0.0;0.0;0.0;0.0;17.2;0.0;0.0;0.0;0.0;0.0;0.0;0.0;0.0;0.0;0.0;888.0;888.0;888.0
Ipu;IPU;-4.3195;-40.710777777778;1983;3;49.8;0.0;0.0;0.0;0.0;0.0;13.0;11.3;0.0;0.0;0.0;0.0;4.2;0.0;0.0;0.0;0.0;0.0;8.3;0.0;0.0;0.0;0.0;0.0;8.0;0.0;5.0;0.0;0.0;0.0;0.0;0.0
Ipu;IPU;-4.3195;-40.710777777778;1983;4;0.0;0.0;0.0;0.0;0.0;0.0;0.0;0.0;0.0;0.0;0.0;0.0;0.0;0.0;0.0;0.0;0.0;0.0;0.0;0.0;0.0;0.0;0.0;0.0;0.0;0.0;0.0;0.0;0.0;0.0;0.0;888.0
Ipu;IPU;-4.3195;-40.710777777778;1983;5;13.0;0.0;0.0;0.0;0.0;0.0;0.0;13.0;0.0;0.0;0.0;0.0;0.0;0.0;0.0;0.0;0.0;0.0;0.0;0.0;0.0;0.0;0.0;0.0;0.0;0.0;0.0;0.0;0.0;0.0;0.0;0.0
Ipu;IPU;-4.3195;-40.710777777778;1983;6;0.0;0.0;0.0;0.0;0.0;0.0;0.0;0.0;0.0;0.0;0.0;0.0;0.0;0.0;0.0;0.0;0.0;0.0;0.0;0.0;0.0;0.0;0.0;0.0;0.0;0.0;0.0;0.0;0.0;0.0;0.0;888.0
Ipu;IPU;-4.3195;-40.710777777778;1983;7;0.0;0.0;0.0;0.0;0.0;0.0;0.0;0.0;0.0;0.0;0.0;0.0;0.0;0.0;0.0;0.0;0.0;0.0;0.0;0.0;0.0;0.0;0.0;0.0;0.0;0.0;0.0;0.0;0.0;0.0;0.0;0.0
Ipu;IPU;-4.3195;-40.710777777778;1983;8;0.0;0.0;0.0;0.0;0.0;0.0;0.0;0.0;0.0;0.0;0.0;0.0;0.0;0.0;0.0;0.0;0.0;0.0;0.0;0.0;0.0;0.0;0.0;0.0;0.0;0.0;0.0;0.0;0.0;0.0;0.0;0.0
Ipu;IPU;-4.3195;-40.710777777778;1983;9;0.0;0.0;0.0;0.0;0.0;0.0;0.0;0.0;0.0;0.0;0.0;0.0;0.0;0.0;0.0;0.0;0.0;0.0;0.0;0.0;0.0;0.0;0.0;0.0;0.0;0.0;0.0;0.0;0.0;0.0;0.0;888.0
Ipu;IPU;-4.3195;-40.710777777778;1983;10;0.0;0.0;0.0;0.0;0.0;0.0;0.0;0.0;0.0;0.0;0.0;0.0;0.0;0.0;0.0;0.0;0.0;0.0;0.0;0.0;0.0;0.0;0.0;0.0;0.0;0.0;0.0;0.0;0.0;0.0;0.0;0.0
Ipu;IPU;-4.3195;-40.710777777778;1983;11;0.0;0.0;0.0;0.0;0.0;0.0;0.0;0.0;0.0;0.0;0.0;0.0;0.0;0.0;0.0;0.0;0.0;0.0;0.0;0.0;0.0;0.0;0.0;0.0;0.0;0.0;0.0;0.0;0.0;0.0;0.0;888.0
Ipu;IPU;-4.3195;-40.710777777778;1983;12;0.0;0.0;0.0;0.0;0.0;0.0;0.0;0.0;0.0;0.0;0.0;0.0;0.0;0.0;0.0;0.0;0.0;0.0;0.0;0.0;0.0;0.0;0.0;0.0;0.0;0.0;0.0;0.0;0.0;0.0;0.0;0.0
Ipu;IPU;-4.3195;-40.710777777778;1984;1;64.0;0.0;0.0;0.0;0.0;0.0;0.0;0.0;0.0;15.0;10.0;20.0;0.0;0.0;4.0;0.0;0.0;0.0;5.0;0.0;0.0;0.0;0.0;2.0;0.0;0.0;0.0;8.0;0.0;0.0;0.0;0.0
Ipu;IPU;-4.3195;-40.710777777778;1984;2;121.0;0.0;2.0;0.0;0.0;0.0;10.0;30.0;0.0;0.0;0.0;0.0;52.0;0.0;0.0;12.0;15.0;0.0;0.0;0.0;0.0;0.0;0.0;0.0;0.0;0.0;0.0;0.0;0.0;0.0;888.0;888.0
Ipu;IPU;-4.3195;-40.710777777778;1984;3;386.0;33.0;13.0;28.0;0.0;0.0;8.0;0.0;6.0;0.0;0.0;11.0;47.0;0.0;0.0;2.0;0.0;3.0;50.0;0.0;0.0;20.0;30.0;26.0;0.0;0.0;32.0;36.0;11.0;24.0;0.0;6.0
Ipu;IPU;-4.3195;-40.710777777778;1984;4;471.0;17.0;6.0;37.0;8.0;7.0;19.0;5.0;25.0;28.0;0.0;1.0;20.0;9.0;7.0;53.0;46.0;2.0;3.0;3.0;5.0;6.0;0.0;0.0;10.0;34.0;0.0;9.0;102.0;9.0;0.0;888.0
Ipu;IPU;-4.3195;-40.710777777778;1984;5;169.0;8.0;5.0;6.0;13.0;0.0;3.0;0.0;0.0;48.0;4.0;3.0;0.0;2.0;0.0;0.0;0.0;32.0;0.0;6.0;3.0;19.0;9.0;0.0;5.0;0.0;0.0;3.0;0.0;0.0;0.0;0.0
Ipu;IPU;-4.3195;-40.710777777778;1984;6;182.0;16.0;3.0;79.0;23.0;0.0;7.0;0.0;0.0;0.0;33.0;12.0;2.0;0.0;0.0;0.0;0.0;7.0;0.0;0.0;0.0;0.0;0.0;0.0;0.0;0.0;0.0;0.0;0.0;0.0;0.0;888.0
Ipu;IPU;-4.3195;-40.710777777778;1984;7;8.0;0.0;0.0;0.0;0.0;0.0;3.0;0.0;0.0;0.0;0.0;0.0;0.0;0.0;0.0;0.0;0.0;0.0;5.0;0.0;0.0;0.0;0.0;0.0;0.0;0.0;0.0;0.0;0.0;0.0;0.0;0.0
Ipu;IPU;-4.3195;-40.710777777778;1984;8;0.0;0.0;0.0;0.0;0.0;0.0;0.0;0.0;0.0;0.0;0.0;0.0;0.0;0.0;0.0;0.0;0.0;0.0;0.0;0.0;0.0;0.0;0.0;0.0;0.0;0.0;0.0;0.0;0.0;0.0;0.0;0.0
Ipu;IPU;-4.3195;-40.710777777778;1984;9;0.0;0.0;0.0;0.0;0.0;0.0;0.0;0.0;0.0;0.0;0.0;0.0;0.0;0.0;0.0;0.0;0.0;0.0;0.0;0.0;0.0;0.0;0.0;0.0;0.0;0.0;0.0;0.0;0.0;0.0;0.0;888.0
Ipu;IPU;-4.3195;-40.710777777778;1984;10;0.0;0.0;0.0;0.0;0.0;0.0;0.0;0.0;0.0;0.0;0.0;0.0;0.0;0.0;0.0;0.0;0.0;0.0;0.0;0.0;0.0;0.0;0.0;0.0;0.0;0.0;0.0;0.0;0.0;0.0;0.0;0.0
Ipu;IPU;-4.3195;-40.710777777778;1984;11;0.0;0.0;0.0;0.0;0.0;0.0;0.0;0.0;0.0;0.0;0.0;0.0;0.0;0.0;0.0;0.0;0.0;0.0;0.0;0.0;0.0;0.0;0.0;0.0;0.0;0.0;0.0;0.0;0.0;0.0;0.0;888.0
Ipu;IPU;-4.3195;-40.710777777778;1984;12;12.0;0.0;0.0;0.0;0.0;0.0;0.0;0.0;0.0;0.0;0.0;0.0;0.0;0.0;0.0;0.0;0.0;0.0;0.0;0.0;0.0;0.0;0.0;0.0;5.0;0.0;7.0;0.0;0.0;0.0;0.0;0.0
Ipu;IPU;-4.3195;-40.710777777778;1985;1;234.0;0.0;8.0;0.0;0.0;0.0;0.0;9.0;9.0;4.0;21.0;0.0;14.0;10.0;16.0;0.0;0.0;0.0;16.0;34.0;35.0;16.0;0.0;2.0;7.0;0.0;0.0;6.0;4.0;15.0;0.0;8.0
Ipu;IPU;-4.3195;-40.710777777778;1985;2;532.0;31.0;2.0;4.0;0.0;0.0;27.0;15.0;6.0;10.0;17.0;0.0;38.0;19.0;5.0;3.0;105.0;25.0;27.0;48.0;5.0;43.0;5.5;43.0;5.5;24.0;16.0;8.0;0.0;888.0;888.0;888.0
Ipu;IPU;-4.3195;-40.710777777778;1985;3;720.0;63.0;12.0;1.0;0.0;4.0;11.0;18.0;0.0;0.0;0.0;4.0;0.0;68.0;15.0;16.0;18.0;74.0;5.0;16.0;43.0;51.0;2.0;25.0;48.0;113.0;0.0;0.0;26.0;0.0;19.0;68.0
Ipu;IPU;-4.3195;-40.710777777778;1985;4;378.0;0.0;13.0;25.0;12.0;0.0;10.0;0.0;28.0;71.0;13.0;0.0;8.0;0.0;6.0;9.0;3.0;1.0;0.0;0.0;0.0;37.0;2.0;44.0;18.0;32.0;17.0;0.0;26.0;0.0;3.0;888.0
Ipu;IPU;-4.3195;-40.710777777778;1985;5;174.5;0.0;0.0;26.0;0.0;3.0;0.0;19.0;22.0;2.0;0.0;12.0;31.0;2.0;0.0;2.0;0.0;0.0;0.0;0.0;9.0;9.0;6.0;17.0;8.5;3.0;0.0;0.0;3.0;0.0;0.0;0.0
Ipu;IPU;-4.3195;-40.710777777778;1985;6;131.0;0.0;0.0;12.0;0.0;0.0;23.0;14.0;0.0;0.0;0.0;9.0;14.0;4.0;15.0;3.0;6.0;3.0;0.0;0.0;28.0;0.0;0.0;0.0;0.0;0.0;0.0;0.0;0.0;0.0;0.0;888.0
Ipu;IPU;-4.3195;-40.710777777778;1985;7;124.0;31.0;0.0;0.0;0.0;29.0;0.0;0.0;14.0;2.0;0.0;0.0;6.0;19.0;0.0;6.0;5.0;0.0;0.0;6.0;0.0;0.0;0.0;0.0;3.0;0.0;0.0;0.0;0.0;0.0;0.0;3.0
Ipu;IPU;-4.3195;-40.710777777778;1985;8;3.0;0.0;0.0;0.0;0.0;0.0;0.0;0.0;3.0;0.0;0.0;0.0;0.0;0.0;0.0;0.0;0.0;0.0;0.0;0.0;0.0;0.0;0.0;0.0;0.0;0.0;0.0;0.0;0.0;0.0;0.0;0.0
Ipu;IPU;-4.3195;-40.710777777778;1985;9;0.0;0.0;0.0;0.0;0.0;0.0;0.0;0.0;0.0;0.0;0.0;0.0;0.0;0.0;0.0;0.0;0.0;0.0;0.0;0.0;0.0;0.0;0.0;0.0;0.0;0.0;0.0;0.0;0.0;0.0;0.0;888.0
Ipu;IPU;-4.3195;-40.710777777778;1985;10;0.0;0.0;0.0;0.0;0.0;0.0;0.0;0.0;0.0;0.0;0.0;0.0;0.0;0.0;0.0;0.0;0.0;0.0;0.0;0.0;0.0;0.0;0.0;0.0;0.0;0.0;0.0;0.0;0.0;0.0;0.0;0.0
Ipu;IPU;-4.3195;-40.710777777778;1985;11;0.0;0.0;0.0;0.0;0.0;0.0;0.0;0.0;0.0;0.0;0.0;0.0;0.0;0.0;0.0;0.0;0.0;0.0;0.0;0.0;0.0;0.0;0.0;0.0;0.0;0.0;0.0;0.0;0.0;0.0;0.0;888.0
Ipu;IPU;-4.3195;-40.710777777778;1985;12;225.0;0.0;0.0;0.0;0.0;0.0;0.0;1.0;0.0;2.0;0.0;0.0;0.0;20.0;58.0;0.0;14.0;3.0;54.0;0.0;0.0;0.0;0.0;0.0;2.0;25.0;2.0;12.0;24.0;4.0;4.0;0.0
Ipu;IPU;-4.3195;-40.710777777778;1986;1;96.0;3.0;0.0;0.0;0.0;0.0;28.0;0.0;0.0;0.0;0.0;0.0;0.0;0.0;0.0;0.0;0.0;0.0;0.0;0.0;0.0;0.0;0.0;24.0;11.0;0.0;0.0;0.0;0.0;0.0;8.0;22.0
Ipu;IPU;-4.3195;-40.710777777778;1986;2;201.0;35.0;0.0;0.0;0.0;0.0;62.0;0.0;6.0;3.0;0.0;0.0;7.0;0.0;4.0;12.0;3.0;31.0;0.0;0.0;0.0;0.0;14.0;0.0;2.0;0.0;0.0;16.0;6.0;888.0;888.0;888.0
Ipu;IPU;-4.3195;-40.710777777778;1986;3;425.0;47.0;34.0;3.0;4.0;43.0;20.0;4.0;2.0;13.0;39.0;0.0;24.0;36.0;0.0;3.0;9.0;12.0;5.0;0.0;2.0;16.0;0.0;1.0;34.0;3.0;28.0;0.0;0.0;32.0;11.0;0.0
Ipu;IPU;-4.3195;-40.710777777778;1986;4;388.0;16.0;15.0;14.0;18.0;0.0;38.0;17.0;29.0;27.0;32.0;0.0;1.0;17.0;32.0;13.0;0.0;0.0;43.0;0.0;13.0;0.0;0.0;0.0;0.0;3.0;2.0;0.0;21.0;9.0;28.0;888.0
Ipu;IPU;-4.3195;-40.710777777778;1986;5;179.0;0.0;0.0;0.0;18.0;0.0;0.0;0.0;0.0;41.0;0.0;0.0;0.0;0.0;0.0;0.0;0.0;0.0;0.0;0.0;0.0;0.0;0.0;13.0;56.0;8.0;0.0;43.0;0.0;0.0;0.0;0.0
Ipu;IPU;-4.3195;-40.710777777778;1986;6;19.0;10.0;3.0;0.0;0.0;0.0;0.0;0.0;0.0;0.0;0.0;0.0;0.0;2.0;0.0;0.0;0.0;0.0;0.0;4.0;0.0;0.0;0.0;0.0;0.0;0.0;0.0;0.0;0.0;0.0;0.0;888.0
Ipu;IPU;-4.3195;-40.710777777778;1986;7;43.0;0.0;0.0;33.0;0.0;0.0;0.0;0.0;0.0;10.0;0.0;0.0;0.0;0.0;0.0;0.0;0.0;0.0;0.0;0.0;0.0;0.0;0.0;0.0;0.0;0.0;0.0;0.0;0.0;0.0;0.0;0.0
Ipu;IPU;-4.3195;-40.710777777778;1986;8;16.0;0.0;0.0;0.0;0.0;0.0;0.0;0.0;0.0;0.0;0.0;0.0;0.0;0.0;0.0;0.0;0.0;0.0;0.0;0.0;0.0;0.0;0.0;0.0;0.0;0.0;0.0;0.0;0.0;16.0;0.0;0.0
Ipu;IPU;-4.3195;-40.710777777778;1986;9;0.0;0.0;0.0;0.0;0.0;0.0;0.0;0.0;0.0;0.0;0.0;0.0;0.0;0.0;0.0;0.0;0.0;0.0;0.0;0.0;0.0;0.0;0.0;0.0;0.0;0.0;0.0;0.0;0.0;0.0;0.0;888.0
Ipu;IPU;-4.3195;-40.710777777778;1986;10;0.0;0.0;0.0;0.0;0.0;0.0;0.0;0.0;0.0;0.0;0.0;0.0;0.0;0.0;0.0;0.0;0.0;0.0;0.0;0.0;0.0;0.0;0.0;0.0;0.0;0.0;0.0;0.0;0.0;0.0;0.0;0.0
Ipu;IPU;-4.3195;-40.710777777778;1986;11;0.0;0.0;0.0;0.0;0.0;0.0;0.0;0.0;0.0;0.0;0.0;0.0;0.0;0.0;0.0;0.0;0.0;0.0;0.0;0.0;0.0;0.0;0.0;0.0;0.0;0.0;0.0;0.0;0.0;0.0;0.0;888.0
Ipu;IPU;-4.3195;-40.710777777778;1986;12;0.0;0.0;0.0;0.0;0.0;0.0;0.0;0.0;0.0;0.0;0.0;0.0;0.0;0.0;0.0;0.0;0.0;0.0;0.0;0.0;0.0;0.0;0.0;0.0;0.0;0.0;0.0;0.0;0.0;0.0;0.0;0.0
Ipu;IPU;-4.3195;-40.710777777778;1987;1;43.0;0.0;0.0;0.0;0.0;0.0;0.0;0.0;0.0;0.0;0.0;0.0;0.0;0.0;0.0;0.0;0.0;0.0;7.0;36.0;0.0;0.0;0.0;0.0;0.0;0.0;0.0;0.0;0.0;0.0;0.0;0.0
Ipu;IPU;-4.3195;-40.710777777778;1987;2;52.0;0.0;0.0;0.0;0.0;0.0;0.0;5.0;0.0;0.0;0.0;7.0;0.0;0.0;23.0;0.0;0.0;7.0;8.0;2.0;0.0;0.0;0.0;0.0;0.0;0.0;0.0;0.0;0.0;888.0;888.0;888.0
Ipu;IPU;-4.3195;-40.710777777778;1987;3;527.0;0.0;0.0;0.0;0.0;61.0;6.0;4.0;0.0;32.0;28.0;0.0;0.0;0.0;3.0;38.0;12.0;0.0;34.0;0.0;8.0;12.0;21.0;0.0;5.0;19.0;47.0;51.0;71.0;0.0;61.0;14.0
Ipu;IPU;-4.3195;-40.710777777778;1987;4;68.0;15.0;0.0;0.0;11.0;0.0;0.0;3.0;0.0;13.0;8.0;0.0;0.0;0.0;0.0;0.0;0.0;0.0;0.0;0.0;0.0;4.0;0.0;0.0;6.0;5.0;0.0;0.0;0.0;0.0;3.0;888.0
Ipu;IPU;-4.3195;-40.710777777778;1987;5;10.0;0.0;0.0;0.0;2.0;5.0;3.0;0.0;0.0;0.0;0.0;0.0;0.0;0.0;0.0;0.0;0.0;0.0;0.0;0.0;0.0;0.0;0.0;0.0;0.0;0.0;0.0;0.0;0.0;0.0;0.0;0.0
Ipu;IPU;-4.3195;-40.710777777778;1987;6;52.0;0.0;0.0;0.0;0.0;0.0;0.0;0.0;44.0;0.0;0.0;8.0;0.0;0.0;0.0;0.0;0.0;0.0;0.0;0.0;0.0;0.0;0.0;0.0;0.0;0.0;0.0;0.0;0.0;0.0;0.0;888.0
Ipu;IPU;-4.3195;-40.710777777778;1987;7;0.0;0.0;0.0;0.0;0.0;0.0;0.0;0.0;0.0;0.0;0.0;0.0;0.0;0.0;0.0;0.0;0.0;0.0;0.0;0.0;0.0;0.0;0.0;0.0;0.0;0.0;0.0;0.0;0.0;0.0;0.0;0.0
Ipu;IPU;-4.3195;-40.710777777778;1987;8;0.0;0.0;0.0;0.0;0.0;0.0;0.0;0.0;0.0;0.0;0.0;0.0;0.0;0.0;0.0;0.0;0.0;0.0;0.0;0.0;0.0;0.0;0.0;0.0;0.0;0.0;0.0;0.0;0.0;0.0;0.0;0.0
Ipu;IPU;-4.3195;-40.710777777778;1987;9;0.0;0.0;0.0;0.0;0.0;0.0;0.0;0.0;0.0;0.0;0.0;0.0;0.0;0.0;0.0;0.0;0.0;0.0;0.0;0.0;0.0;0.0;0.0;0.0;0.0;0.0;0.0;0.0;0.0;0.0;0.0;888.0
Ipu;IPU;-4.3195;-40.710777777778;1987;10;0.0;0.0;0.0;0.0;0.0;0.0;0.0;0.0;0.0;0.0;0.0;0.0;0.0;0.0;0.0;0.0;0.0;0.0;0.0;0.0;0.0;0.0;0.0;0.0;0.0;0.0;0.0;0.0;0.0;0.0;0.0;0.0
Ipu;IPU;-4.3195;-40.710777777778;1987;11;0.0;0.0;0.0;0.0;0.0;0.0;0.0;0.0;0.0;0.0;0.0;0.0;0.0;0.0;0.0;0.0;0.0;0.0;0.0;0.0;0.0;0.0;0.0;0.0;0.0;0.0;0.0;0.0;0.0;0.0;0.0;888.0
Ipu;IPU;-4.3195;-40.710777777778;1987;12;0.0;0.0;0.0;0.0;0.0;0.0;0.0;0.0;0.0;0.0;0.0;0.0;0.0;0.0;0.0;0.0;0.0;0.0;0.0;0.0;0.0;0.0;0.0;0.0;0.0;0.0;0.0;0.0;0.0;0.0;0.0;0.0
Ipu;IPU;-4.3195;-40.710777777778;1988;1;41.0;0.0;0.0;0.0;0.0;0.0;0.0;0.0;0.0;0.0;0.0;0.0;0.0;0.0;0.0;0.0;0.0;0.0;0.0;17.0;0.0;5.0;0.0;0.0;5.0;0.0;10.0;4.0;0.0;0.0;0.0;0.0
Ipu;IPU;-4.3195;-40.710777777778;1988;2;134.0;0.0;0.0;0.0;0.0;0.0;0.0;0.0;0.0;0.0;0.0;0.0;0.0;0.0;70.0;10.0;15.0;0.0;0.0;28.0;0.0;0.0;0.0;0.0;0.0;0.0;11.0;0.0;0.0;0.0;888.0;888.0
Ipu;IPU;-4.3195;-40.710777777778;1988;3;410.0;0.0;0.0;5.0;0.0;7.0;0.0;0.0;0.0;0.0;4.0;0.0;15.0;0.0;28.0;2.0;4.0;2.0;0.0;0.0;103.0;0.0;25.0;65.0;19.0;88.0;8.0;0.0;0.0;0.0;5.0;30.0
Ipu;IPU;-4.3195;-40.710777777778;1988;4;303.0;14.0;0.0;30.0;0.0;0.0;0.0;0.0;6.0;0.0;0.0;4.0;6.0;8.0;28.0;33.0;5.0;11.0;18.0;10.0;22.0;18.0;0.0;2.0;0.0;8.0;0.0;40.0;4.0;8.0;28.0;888.0
Ipu;IPU;-4.3195;-40.710777777778;1988;5;227.0;23.0;78.0;13.0;16.0;46.0;0.0;0.0;5.0;0.0;0.0;0.0;0.0;0.0;0.0;0.0;11.0;17.0;0.0;11.0;0.0;0.0;0.0;7.0;0.0;0.0;0.0;0.0;0.0;0.0;0.0;0.0
Ipu;IPU;-4.3195;-40.710777777778;1988;6;103.0;0.0;0.0;0.0;0.0;0.0;0.0;0.0;0.0;0.0;39.0;0.0;0.0;0.0;12.0;4.0;0.0;2.0;0.0;0.0;0.0;0.0;0.0;18.0;0.0;0.0;25.0;3.0;0.0;0.0;0.0;888.0
Ipu;IPU;-4.3195;-40.710777777778;1988;7;0.0;0.0;0.0;0.0;0.0;0.0;0.0;0.0;0.0;0.0;0.0;0.0;0.0;0.0;0.0;0.0;0.0;0.0;0.0;0.0;0.0;0.0;0.0;0.0;0.0;0.0;0.0;0.0;0.0;0.0;0.0;0.0
Ipu;IPU;-4.3195;-40.710777777778;1988;8;0.0;0.0;0.0;0.0;0.0;0.0;0.0;0.0;0.0;0.0;0.0;0.0;0.0;0.0;0.0;0.0;0.0;0.0;0.0;0.0;0.0;0.0;0.0;0.0;0.0;0.0;0.0;0.0;0.0;0.0;0.0;0.0
Ipu;IPU;-4.3195;-40.710777777778;1988;9;0.0;0.0;0.0;0.0;0.0;0.0;0.0;0.0;0.0;0.0;0.0;0.0;0.0;0.0;0.0;0.0;0.0;0.0;0.0;0.0;0.0;0.0;0.0;0.0;0.0;0.0;0.0;0.0;0.0;0.0;0.0;888.0
Ipu;IPU;-4.3195;-40.710777777778;1988;10;0.0;0.0;0.0;0.0;0.0;0.0;0.0;0.0;0.0;0.0;0.0;0.0;0.0;0.0;0.0;0.0;0.0;0.0;0.0;0.0;0.0;0.0;0.0;0.0;0.0;0.0;0.0;0.0;0.0;0.0;0.0;0.0
Ipu;IPU;-4.3195;-40.710777777778;1988;11;0.0;0.0;0.0;0.0;0.0;0.0;0.0;0.0;0.0;0.0;0.0;0.0;0.0;0.0;0.0;0.0;0.0;0.0;0.0;0.0;0.0;0.0;0.0;0.0;0.0;0.0;0.0;0.0;0.0;0.0;0.0;888.0
Ipu;IPU;-4.3195;-40.710777777778;1988;12;131.7;0.0;0.0;0.0;0.0;0.0;0.0;0.0;0.0;0.0;0.0;0.0;0.0;0.0;0.0;0.0;55.0;60.0;0.0;4.0;0.0;0.0;5.0;3.0;0.0;1.7;0.0;0.0;0.0;0.0;0.0;3.0
Ipu;IPU;-4.3195;-40.710777777778;1989;1;127.0;0.0;5.0;15.0;0.0;0.0;0.0;0.0;33.0;0.0;0.0;0.0;0.0;0.0;4.0;0.0;0.0;0.0;0.0;0.0;0.0;0.0;0.0;0.0;0.0;21.0;7.0;8.0;34.0;0.0;0.0;0.0
Ipu;IPU;-4.3195;-40.710777777778;1989;2;111.0;0.0;0.0;0.0;0.0;0.0;0.0;0.0;9.0;11.0;44.0;0.0;0.0;0.0;0.0;0.0;15.0;0.0;0.0;0.0;0.0;0.0;3.0;18.0;3.0;8.0;0.0;0.0;0.0;888.0;888.0;888.0
Ipu;IPU;-4.3195;-40.710777777778;1989;3;303.0;35.0;6.0;0.0;0.0;39.0;8.0;0.0;0.0;0.0;0.0;0.0;0.0;0.0;0.0;0.0;0.0;28.0;0.0;39.0;8.0;12.0;9.0;5.0;22.0;0.0;7.0;0.0;4.0;10.0;33.0;38.0
Ipu;IPU;-4.3195;-40.710777777778;1989;4;461.0;15.0;3.0;86.0;0.0;18.0;10.0;0.0;0.0;3.0;5.0;26.0;26.0;62.0;0.0;4.0;0.0;54.0;5.0;0.0;17.0;0.0;0.0;9.0;22.0;11.0;8.0;6.0;55.0;0.0;16.0;888.0
Ipu;IPU;-4.3195;-40.710777777778;1989;5;300.0;0.0;26.0;29.0;16.0;6.0;0.0;0.0;0.0;0.0;8.0;64.0;6.0;0.0;5.0;3.0;20.0;21.0;14.0;18.0;25.0;15.0;6.0;0.0;0.0;0.0;0.0;0.0;0.0;18.0;0.0;0.0
Ipu;IPU;-4.3195;-40.710777777778;1989;6;28.0;0.0;10.0;0.0;0.0;0.0;0.0;0.0;0.0;0.0;0.0;0.0;0.0;0.0;0.0;0.0;0.0;0.0;0.0;10.0;0.0;0.0;0.0;0.0;8.0;0.0;0.0;0.0;0.0;0.0;0.0;888.0
Ipu;IPU;-4.3195;-40.710777777778;1989;7;88.0;0.0;0.0;0.0;0.0;0.0;57.0;31.0;0.0;0.0;0.0;0.0;0.0;0.0;0.0;0.0;0.0;0.0;0.0;0.0;0.0;0.0;0.0;0.0;0.0;0.0;0.0;0.0;0.0;0.0;0.0;0.0
Ipu;IPU;-4.3195;-40.710777777778;1989;8;0.0;0.0;0.0;0.0;0.0;0.0;0.0;0.0;0.0;0.0;0.0;0.0;0.0;0.0;0.0;0.0;0.0;0.0;0.0;0.0;0.0;0.0;0.0;0.0;0.0;0.0;0.0;0.0;0.0;0.0;0.0;0.0
Ipu;IPU;-4.3195;-40.710777777778;1989;9;0.0;0.0;0.0;0.0;0.0;0.0;0.0;0.0;0.0;0.0;0.0;0.0;0.0;0.0;0.0;0.0;0.0;0.0;0.0;0.0;0.0;0.0;0.0;0.0;0.0;0.0;0.0;0.0;0.0;0.0;0.0;888.0
Ipu;IPU;-4.3195;-40.710777777778;1989;10;0.0;0.0;0.0;0.0;0.0;0.0;0.0;0.0;0.0;0.0;0.0;0.0;0.0;0.0;0.0;0.0;0.0;0.0;0.0;0.0;0.0;0.0;0.0;0.0;0.0;0.0;0.0;0.0;0.0;0.0;0.0;0.0
Ipu;IPU;-4.3195;-40.710777777778;1989;11;0.0;0.0;0.0;0.0;0.0;0.0;0.0;0.0;0.0;0.0;0.0;0.0;0.0;0.0;0.0;0.0;0.0;0.0;0.0;0.0;0.0;0.0;0.0;0.0;0.0;0.0;0.0;0.0;0.0;0.0;0.0;888.0
Ipu;IPU;-4.3195;-40.710777777778;1989;12;159.0;0.0;0.0;0.0;0.0;0.0;0.0;0.0;0.0;0.0;0.0;0.0;0.0;0.0;0.0;0.0;0.0;0.0;0.0;0.0;0.0;0.0;0.0;38.0;0.0;0.0;106.0;0.0;0.0;15.0;0.0;0.0
Ipu;IPU;-4.3195;-40.710777777778;1990;1;116.0;0.0;0.0;52.0;0.0;0.0;0.0;0.0;0.0;0.0;0.0;0.0;0.0;0.0;0.0;0.0;0.0;0.0;0.0;62.0;0.0;0.0;0.0;0.0;0.0;0.0;0.0;0.0;0.0;0.0;0.0;2.0
Ipu;IPU;-4.3195;-40.710777777778;1990;2;317.0;0.0;0.0;0.0;0.0;0.0;0.0;0.0;0.0;0.0;67.0;53.0;49.0;0.0;0.0;0.0;0.0;43.0;0.0;0.0;0.0;0.0;0.0;6.0;0.0;4.0;16.0;5.0;74.0;888.0;888.0;888.0
Ipu;IPU;-4.3195;-40.710777777778;1990;3;201.0;48.0;13.0;69.0;0.0;12.0;0.0;0.0;0.0;0.0;0.0;0.0;11.0;0.0;0.0;0.0;0.0;0.0;0.0;0.0;0.0;0.0;0.0;6.0;3.0;21.0;0.0;0.0;0.0;4.0;4.0;10.0
Ipu;IPU;-4.3195;-40.710777777778;1990;4;201.0;0.0;2.0;0.0;2.0;14.0;23.0;3.0;0.0;13.0;0.0;0.0;0.0;0.0;0.0;0.0;6.0;31.0;16.0;3.0;0.0;3.0;0.0;0.0;0.0;37.0;21.0;0.0;17.0;3.0;7.0;888.0
Ipu;IPU;-4.3195;-40.710777777778;1990;5;126.0;27.0;4.0;61.0;0.0;0.0;0.0;0.0;0.0;0.0;0.0;0.0;0.0;0.0;0.0;2.0;8.0;0.0;0.0;0.0;3.0;0.0;0.0;0.0;0.0;0.0;0.0;0.0;8.0;0.0;0.0;13.0
Ipu;IPU;-4.3195;-40.710777777778;1990;6;23.0;0.0;5.0;2.0;3.0;0.0;0.0;7.0;6.0;0.0;0.0;0.0;0.0;0.0;0.0;0.0;0.0;0.0;0.0;0.0;0.0;0.0;0.0;0.0;0.0;0.0;0.0;0.0;0.0;0.0;0.0;888.0
Ipu;IPU;-4.3195;-40.710777777778;1990;7;2.0;0.0;0.0;0.0;2.0;0.0;0.0;0.0;0.0;0.0;0.0;0.0;0.0;0.0;0.0;0.0;0.0;0.0;0.0;0.0;0.0;0.0;0.0;0.0;0.0;0.0;0.0;0.0;0.0;0.0;0.0;0.0
Ipu;IPU;-4.3195;-40.710777777778;1990;8;0.0;0.0;0.0;0.0;0.0;0.0;0.0;0.0;0.0;0.0;0.0;0.0;0.0;0.0;0.0;0.0;0.0;0.0;0.0;0.0;0.0;0.0;0.0;0.0;0.0;0.0;0.0;0.0;0.0;0.0;0.0;0.0
Ipu;IPU;-4.3195;-40.710777777778;1990;9;0.0;0.0;0.0;0.0;0.0;0.0;0.0;0.0;0.0;0.0;0.0;0.0;0.0;0.0;0.0;0.0;0.0;0.0;0.0;0.0;0.0;0.0;0.0;0.0;0.0;0.0;0.0;0.0;0.0;0.0;0.0;888.0
Ipu;IPU;-4.3195;-40.710777777778;1990;10;0.0;0.0;0.0;0.0;0.0;0.0;0.0;0.0;0.0;0.0;0.0;0.0;0.0;0.0;0.0;0.0;0.0;0.0;0.0;0.0;0.0;0.0;0.0;0.0;0.0;0.0;0.0;0.0;0.0;0.0;0.0;0.0
Ipu;IPU;-4.3195;-40.710777777778;1990;11;28.0;0.0;0.0;0.0;0.0;0.0;0.0;0.0;0.0;0.0;0.0;0.0;0.0;0.0;0.0;0.0;0.0;0.0;0.0;0.0;0.0;4.0;24.0;0.0;0.0;0.0;0.0;0.0;0.0;0.0;0.0;888.0
Ipu;IPU;-4.3195;-40.710777777778;1990;12;5.0;0.0;0.0;0.0;0.0;0.0;0.0;0.0;0.0;0.0;0.0;0.0;0.0;0.0;0.0;0.0;0.0;0.0;0.0;0.0;0.0;0.0;0.0;0.0;0.0;0.0;0.0;5.0;0.0;0.0;0.0;0.0
Ipu;IPU;-4.3195;-40.710777777778;1991;1;106.0;0.0;0.0;0.0;0.0;0.0;0.0;0.0;9.0;0.0;0.0;0.0;0.0;0.0;0.0;0.0;0.0;0.0;0.0;62.0;0.0;0.0;29.0;0.0;4.0;0.0;0.0;0.0;0.0;0.0;0.0;2.0
Ipu;IPU;-4.3195;-40.710777777778;1991;2;61.0;14.0;3.0;0.0;13.0;0.0;0.0;0.0;0.0;0.0;0.0;0.0;0.0;0.0;0.0;0.0;5.0;0.0;0.0;0.0;11.0;8.0;0.0;0.0;0.0;0.0;7.0;0.0;0.0;888.0;888.0;888.0
Ipu;IPU;-4.3195;-40.710777777778;1991;3;289.5;0.0;0.0;5.0;22.0;16.0;39.0;0.0;0.0;12.0;21.0;0.0;2.5;1.0;26.0;32.0;0.0;0.0;9.0;35.0;0.0;0.0;0.0;0.0;13.0;16.0;0.0;0.0;0.0;21.0;19.0;0.0
Ipu;IPU;-4.3195;-40.710777777778;1991;4;135.0;36.0;1.0;0.0;0.0;11.0;16.0;0.0;0.0;17.0;0.0;0.0;2.0;0.0;0.0;0.0;7.0;4.0;0.0;0.0;0.0;22.0;15.0;0.0;0.0;2.0;0.0;0.0;0.0;2.0;0.0;888.0
Ipu;IPU;-4.3195;-40.710777777778;1991;5;146.0;0.0;2.0;44.0;1.0;4.0;29.0;0.0;15.0;0.0;6.0;0.0;0.0;0.0;0.0;21.0;14.0;0.0;0.0;0.0;0.0;2.0;0.0;0.0;0.0;0.0;2.0;6.0;0.0;0.0;0.0;0.0
Ipu;IPU;-4.3195;-40.710777777778;1991;6;1.0;0.0;0.0;0.0;0.0;0.0;0.0;1.0;0.0;0.0;0.0;0.0;0.0;0.0;0.0;0.0;0.0;0.0;0.0;0.0;0.0;0.0;0.0;0.0;0.0;0.0;0.0;0.0;0.0;0.0;0.0;888.0
Ipu;IPU;-4.3195;-40.710777777778;1991;7;10.0;0.0;0.0;0.0;0.0;0.0;0.0;1.0;2.0;0.0;0.0;0.0;0.0;0.0;0.0;7.0;0.0;0.0;0.0;0.0;0.0;0.0;0.0;0.0;0.0;0.0;0.0;0.0;0.0;0.0;0.0;0.0
Ipu;IPU;-4.3195;-40.710777777778;1991;8;0.0;0.0;0.0;0.0;0.0;0.0;0.0;0.0;0.0;0.0;0.0;0.0;0.0;0.0;0.0;0.0;0.0;0.0;0.0;0.0;0.0;0.0;0.0;0.0;0.0;0.0;0.0;0.0;0.0;0.0;0.0;0.0
Ipu;IPU;-4.3195;-40.710777777778;1991;9;0.0;0.0;0.0;0.0;0.0;0.0;0.0;0.0;0.0;0.0;0.0;0.0;0.0;0.0;0.0;0.0;0.0;0.0;0.0;0.0;0.0;0.0;0.0;0.0;0.0;0.0;0.0;0.0;0.0;0.0;0.0;888.0
Ipu;IPU;-4.3195;-40.710777777778;1991;10;0.0;0.0;0.0;0.0;0.0;0.0;0.0;0.0;0.0;0.0;0.0;0.0;0.0;0.0;0.0;0.0;0.0;0.0;0.0;0.0;0.0;0.0;0.0;0.0;0.0;0.0;0.0;0.0;0.0;0.0;0.0;0.0
Ipu;IPU;-4.3195;-40.710777777778;1991;11;0.0;0.0;0.0;0.0;0.0;0.0;0.0;0.0;0.0;0.0;0.0;0.0;0.0;0.0;0.0;0.0;0.0;0.0;0.0;0.0;0.0;0.0;0.0;0.0;0.0;0.0;0.0;0.0;0.0;0.0;0.0;888.0
Ipu;IPU;-4.3195;-40.710777777778;1991;12;0.0;0.0;0.0;0.0;0.0;0.0;0.0;0.0;0.0;0.0;0.0;0.0;0.0;0.0;0.0;0.0;0.0;0.0;0.0;0.0;0.0;0.0;0.0;0.0;0.0;0.0;0.0;0.0;0.0;0.0;0.0;0.0
Ipu;IPU;-4.3195;-40.710777777778;1992;1;147.6;0.0;0.0;0.0;0.0;0.0;0.0;0.0;0.0;0.0;0.0;0.0;0.0;0.0;0.0;0.0;0.0;0.0;0.0;0.0;0.0;0.0;0.0;0.0;19.0;23.0;16.0;7.0;0.0;9.0;2.0;71.6
Ipu;IPU;-4.3195;-40.710777777778;1992;2;166.8;0.0;0.0;2.0;0.0;0.0;0.0;0.0;9.8;21.0;6.0;12.0;52.0;5.0;0.0;0.0;0.0;0.0;17.0;0.0;21.0;0.0;0.0;14.0;7.0;0.0;0.0;0.0;0.0;0.0;888.0;888.0
Ipu;IPU;-4.3195;-40.710777777778;1992;3;187.0;0.0;3.0;1.0;5.0;0.0;0.0;0.0;0.0;5.0;2.0;0.0;0.0;1.0;10.0;0.0;12.0;8.0;4.0;0.0;9.0;10.0;3.0;0.0;0.0;59.0;8.0;0.0;2.0;34.0;0.0;11.0
Ipu;IPU;-4.3195;-40.710777777778;1992;4;76.0;5.0;33.0;0.0;0.0;5.0;9.0;5.0;7.0;0.0;0.0;0.0;0.0;0.0;1.0;11.0;0.0;0.0;0.0;0.0;0.0;0.0;0.0;0.0;0.0;0.0;0.0;0.0;0.0;0.0;0.0;888.0
Ipu;IPU;-4.3195;-40.710777777778;1992;5;0.0;0.0;0.0;0.0;0.0;0.0;0.0;0.0;0.0;0.0;0.0;0.0;0.0;0.0;0.0;0.0;0.0;0.0;0.0;0.0;0.0;0.0;0.0;0.0;0.0;0.0;0.0;0.0;0.0;0.0;0.0;0.0
Ipu;IPU;-4.3195;-40.710777777778;1992;6;16.0;16.0;0.0;0.0;0.0;0.0;0.0;0.0;0.0;0.0;0.0;0.0;0.0;0.0;0.0;0.0;0.0;0.0;0.0;0.0;0.0;0.0;0.0;0.0;0.0;0.0;0.0;0.0;0.0;0.0;0.0;888.0
Ipu;IPU;-4.3195;-40.710777777778;1992;7;0.0;0.0;0.0;0.0;0.0;0.0;0.0;0.0;0.0;0.0;0.0;0.0;0.0;0.0;0.0;0.0;0.0;0.0;0.0;0.0;0.0;0.0;0.0;0.0;0.0;0.0;0.0;0.0;0.0;0.0;0.0;0.0
Ipu;IPU;-4.3195;-40.710777777778;1992;8;0.0;0.0;0.0;0.0;0.0;0.0;0.0;0.0;0.0;0.0;0.0;0.0;0.0;0.0;0.0;0.0;0.0;0.0;0.0;0.0;0.0;0.0;0.0;0.0;0.0;0.0;0.0;0.0;0.0;0.0;0.0;0.0
Ipu;IPU;-4.3195;-40.710777777778;1992;9;0.0;0.0;0.0;0.0;0.0;0.0;0.0;0.0;0.0;0.0;0.0;0.0;0.0;0.0;0.0;0.0;0.0;0.0;0.0;0.0;0.0;0.0;0.0;0.0;0.0;0.0;0.0;0.0;0.0;0.0;0.0;888.0
Ipu;IPU;-4.3195;-40.710777777778;1992;10;0.0;0.0;0.0;0.0;0.0;0.0;0.0;0.0;0.0;0.0;0.0;0.0;0.0;0.0;0.0;0.0;0.0;0.0;0.0;0.0;0.0;0.0;0.0;0.0;0.0;0.0;0.0;0.0;0.0;0.0;0.0;0.0
Ipu;IPU;-4.3195;-40.710777777778;1992;11;0.0;0.0;0.0;0.0;0.0;0.0;0.0;0.0;0.0;0.0;0.0;0.0;0.0;0.0;0.0;0.0;0.0;0.0;0.0;0.0;0.0;0.0;0.0;0.0;0.0;0.0;0.0;0.0;0.0;0.0;0.0;888.0
Ipu;IPU;-4.3195;-40.710777777778;1992;12;0.0;0.0;0.0;0.0;0.0;0.0;0.0;0.0;0.0;0.0;0.0;0.0;0.0;0.0;0.0;0.0;0.0;0.0;0.0;0.0;0.0;0.0;0.0;0.0;0.0;0.0;0.0;0.0;0.0;0.0;0.0;0.0
Ipu;IPU;-4.3195;-40.710777777778;1993;1;43.5;16.0;0.0;0.0;0.0;0.0;0.0;6.0;0.0;0.0;7.5;0.0;0.0;0.0;0.0;0.0;0.0;14.0;0.0;0.0;0.0;0.0;0.0;0.0;0.0;0.0;0.0;0.0;0.0;0.0;0.0;0.0
Ipu;IPU;-4.3195;-40.710777777778;1993;2;72.0;0.0;0.0;0.0;0.0;0.0;0.0;0.0;0.0;0.0;0.0;0.0;0.0;0.0;22.0;11.0;0.0;4.0;0.0;0.0;29.0;0.0;0.0;0.0;0.0;0.0;6.0;0.0;0.0;888.0;888.0;888.0
Ipu;IPU;-4.3195;-40.710777777778;1993;3;106.1;0.0;0.0;18.0;8.0;0.0;0.0;0.0;0.0;0.0;0.0;0.0;0.0;0.0;0.0;0.0;0.0;0.0;0.0;0.0;0.0;0.0;0.1;0.0;0.0;0.0;21.0;0.0;5.0;19.0;35.0;0.0
Ipu;IPU;-4.3195;-40.710777777778;1993;4;117.0;0.0;0.0;0.0;0.0;0.0;0.0;0.0;0.0;0.0;0.0;0.0;0.0;0.0;0.0;0.0;0.0;0.0;0.0;28.0;6.0;0.0;0.0;32.0;0.0;0.0;0.0;13.0;0.0;38.0;0.0;888.0
Ipu;IPU;-4.3195;-40.710777777778;1993;5;28.0;0.0;6.0;5.0;0.0;0.0;0.0;0.0;0.0;0.0;0.0;0.0;0.0;0.0;0.0;0.0;0.0;0.0;0.0;0.0;0.0;0.0;0.0;17.0;0.0;0.0;0.0;0.0;0.0;0.0;0.0;0.0
Ipu;IPU;-4.3195;-40.710777777778;1993;6;22.0;0.0;0.0;0.0;0.0;0.0;0.0;0.0;0.0;0.0;0.0;10.0;0.0;0.0;0.0;12.0;0.0;0.0;0.0;0.0;0.0;0.0;0.0;0.0;0.0;0.0;0.0;0.0;0.0;0.0;0.0;888.0
Ipu;IPU;-4.3195;-40.710777777778;1993;7;68.0;0.0;0.0;0.0;0.0;0.0;0.0;0.0;0.0;0.0;24.0;24.0;0.0;0.0;20.0;0.0;0.0;0.0;0.0;0.0;0.0;0.0;0.0;0.0;0.0;0.0;0.0;0.0;0.0;0.0;0.0;0.0
Ipu;IPU;-4.3195;-40.710777777778;1993;8;0.0;0.0;0.0;0.0;0.0;0.0;0.0;0.0;0.0;0.0;0.0;0.0;0.0;0.0;0.0;0.0;0.0;0.0;0.0;0.0;0.0;0.0;0.0;0.0;0.0;0.0;0.0;0.0;0.0;0.0;0.0;0.0
Ipu;IPU;-4.3195;-40.710777777778;1993;9;0.0;0.0;0.0;0.0;0.0;0.0;0.0;0.0;0.0;0.0;0.0;0.0;0.0;0.0;0.0;0.0;0.0;0.0;0.0;0.0;0.0;0.0;0.0;0.0;0.0;0.0;0.0;0.0;0.0;0.0;0.0;888.0
Ipu;IPU;-4.3195;-40.710777777778;1993;10;0.0;0.0;0.0;0.0;0.0;0.0;0.0;0.0;0.0;0.0;0.0;0.0;0.0;0.0;0.0;0.0;0.0;0.0;0.0;0.0;0.0;0.0;0.0;0.0;0.0;0.0;0.0;0.0;0.0;0.0;0.0;0.0
Ipu;IPU;-4.3195;-40.710777777778;1993;11;0.0;0.0;0.0;0.0;0.0;0.0;0.0;0.0;0.0;0.0;0.0;0.0;0.0;0.0;0.0;0.0;0.0;0.0;0.0;0.0;0.0;0.0;0.0;0.0;0.0;0.0;0.0;0.0;0.0;0.0;0.0;888.0
Ipu;IPU;-4.3195;-40.710777777778;1993;12;83.0;0.0;0.0;0.0;0.0;0.0;0.0;0.0;0.0;0.0;0.0;0.0;0.0;0.0;0.0;0.0;0.0;0.0;0.0;0.0;0.0;0.0;0.0;0.0;0.0;0.0;0.0;0.0;71.0;12.0;0.0;0.0
Ipu;IPU;-4.3195;-40.710777777778;1994;1;218.0;0.0;27.0;0.0;0.0;25.0;33.0;0.0;0.0;0.0;0.0;0.0;0.0;0.0;0.0;11.0;21.0;0.0;0.0;89.0;7.0;0.0;2.0;3.0;0.0;0.0;0.0;0.0;0.0;0.0;0.0;0.0
Ipu;IPU;-4.3195;-40.710777777778;1994;2;153.0;9.0;0.0;0.0;0.0;0.0;0.0;16.0;0.0;0.0;0.0;0.0;0.0;10.0;0.0;0.0;8.0;0.0;45.0;6.0;0.0;0.0;0.0;0.0;0.0;0.0;0.0;59.0;0.0;888.0;888.0;888.0
Ipu;IPU;-4.3195;-40.710777777778;1994;3;362.0;0.0;17.0;6.0;0.0;58.0;16.0;28.0;0.0;0.0;0.0;0.0;14.0;0.0;8.0;16.0;2.0;22.0;11.0;17.0;7.0;7.0;15.0;5.0;0.0;49.0;0.0;21.0;0.0;11.0;32.0;0.0
Ipu;IPU;-4.3195;-40.710777777778;1994;4;199.0;5.0;0.0;8.0;0.0;0.0;0.0;22.0;31.0;0.0;0.0;0.0;0.0;0.0;0.0;10.0;0.0;23.0;27.0;18.0;0.0;0.0;0.0;0.0;0.0;0.0;22.0;18.0;15.0;0.0;0.0;888.0
Ipu;IPU;-4.3195;-40.710777777778;1994;5;135.9;0.0;0.0;10.0;0.0;0.0;0.0;0.0;0.0;19.0;29.5;0.0;27.2;5.0;14.8;0.0;0.0;0.0;0.0;12.8;17.6;0.0;0.0;0.0;0.0;0.0;0.0;0.0;0.0;0.0;0.0;0.0
Ipu;IPU;-4.3195;-40.710777777778;1994;6;120.8;0.0;0.0;0.0;0.0;0.0;0.0;0.0;0.0;0.0;0.0;0.0;0.0;0.0;22.0;0.0;0.0;0.0;0.0;0.0;0.0;63.0;6.8;0.0;0.0;0.0;0.0;11.0;2.0;0.0;16.0;888.0
Ipu;IPU;-4.3195;-40.710777777778;1994;7;20.0;0.0;0.0;0.0;0.0;0.0;0.0;0.0;0.0;0.0;0.0;0.0;0.0;0.0;0.0;9.0;11.0;0.0;0.0;0.0;0.0;0.0;0.0;0.0;0.0;0.0;0.0;0.0;0.0;0.0;0.0;0.0
Ipu;IPU;-4.3195;-40.710777777778;1994;8;0.0;0.0;0.0;0.0;0.0;0.0;0.0;0.0;0.0;0.0;0.0;0.0;0.0;0.0;0.0;0.0;0.0;0.0;0.0;0.0;0.0;0.0;0.0;0.0;0.0;0.0;0.0;0.0;0.0;0.0;0.0;0.0
Ipu;IPU;-4.3195;-40.710777777778;1994;9;0.0;0.0;0.0;0.0;0.0;0.0;0.0;0.0;0.0;0.0;0.0;0.0;0.0;0.0;0.0;0.0;0.0;0.0;0.0;0.0;0.0;0.0;0.0;0.0;0.0;0.0;0.0;0.0;0.0;0.0;0.0;888.0
Ipu;IPU;-4.3195;-40.710777777778;1994;10;0.0;0.0;0.0;0.0;0.0;0.0;0.0;0.0;0.0;0.0;0.0;0.0;0.0;0.0;0.0;0.0;0.0;0.0;0.0;0.0;0.0;0.0;0.0;0.0;0.0;0.0;0.0;0.0;0.0;0.0;0.0;0.0
Ipu;IPU;-4.3195;-40.710777777778;1994;11;0.0;0.0;0.0;0.0;0.0;0.0;0.0;0.0;0.0;0.0;0.0;0.0;0.0;0.0;0.0;0.0;0.0;0.0;0.0;0.0;0.0;0.0;0.0;0.0;0.0;0.0;0.0;0.0;0.0;0.0;0.0;888.0
Ipu;IPU;-4.3195;-40.710777777778;1994;12;43.0;0.0;0.0;0.0;0.0;0.0;0.0;0.0;0.0;0.0;0.0;0.0;0.0;0.0;0.0;0.0;0.0;0.0;0.0;0.0;0.0;0.0;0.0;0.0;0.0;0.0;0.0;25.0;16.0;0.0;2.0;0.0
Ipu;IPU;-4.3195;-40.710777777778;1995;1;45.0;0.0;0.0;0.0;0.0;26.0;13.0;0.0;0.0;6.0;0.0;0.0;0.0;0.0;0.0;0.0;0.0;0.0;0.0;0.0;0.0;0.0;0.0;0.0;0.0;0.0;0.0;0.0;0.0;0.0;0.0;0.0
Ipu;IPU;-4.3195;-40.710777777778;1995;2;141.8;0.0;0.0;25.0;48.0;0.0;0.0;0.0;0.0;0.0;5.8;0.0;15.0;21.0;0.0;0.0;13.0;0.0;11.0;0.0;3.0;0.0;0.0;0.0;0.0;0.0;0.0;0.0;0.0;888.0;888.0;888.0
Ipu;IPU;-4.3195;-40.710777777778;1995;3;290.5;0.0;0.0;0.0;0.0;0.0;0.0;0.0;0.0;0.0;0.0;0.0;0.0;0.0;0.0;40.3;0.0;0.0;11.0;17.0;4.8;0.0;0.0;0.0;0.0;35.0;129.0;0.0;2.0;29.2;22.2;0.0
Ipu;IPU;-4.3195;-40.710777777778;1995;4;282.2;10.0;14.1;0.0;16.4;0.0;5.0;44.9;1.8;25.3;9.8;1.2;0.0;1.3;0.0;28.9;0.0;15.3;7.0;8.9;7.7;8.2;25.0;0.0;13.9;4.4;0.1;2.0;14.0;15.0;2.0;888.0
Ipu;IPU;-4.3195;-40.710777777778;1995;5;301.0;0.0;18.0;45.0;7.3;10.0;0.0;0.0;0.0;0.0;0.0;0.0;0.0;0.0;0.0;0.0;34.4;0.0;0.0;6.0;0.0;13.4;22.2;0.0;0.0;28.7;45.4;43.0;3.0;24.6;0.0;0.0
Ipu;IPU;-4.3195;-40.710777777778;1995;6;80.3;0.0;0.0;0.0;17.0;0.0;0.0;0.0;0.0;0.0;0.0;0.0;3.8;0.0;0.0;0.0;0.0;0.0;0.0;0.0;0.0;0.0;0.0;0.0;0.0;0.0;59.5;0.0;0.0;0.0;0.0;888.0
Ipu;IPU;-4.3195;-40.710777777778;1995;7;9.4;0.0;0.0;0.0;0.0;0.0;0.0;0.0;0.0;0.0;0.0;0.0;0.0;0.0;0.0;0.0;0.0;0.0;0.0;0.0;0.0;0.0;0.0;0.0;0.0;4.9;0.0;0.0;4.5;0.0;0.0;0.0
Ipu;IPU;-4.3195;-40.710777777778;1995;8;0.0;0.0;0.0;0.0;0.0;0.0;0.0;0.0;0.0;0.0;0.0;0.0;0.0;0.0;0.0;0.0;0.0;0.0;0.0;0.0;0.0;0.0;0.0;0.0;0.0;0.0;0.0;0.0;0.0;0.0;0.0;0.0
Ipu;IPU;-4.3195;-40.710777777778;1995;9;0.0;0.0;0.0;0.0;0.0;0.0;0.0;0.0;0.0;0.0;0.0;0.0;0.0;0.0;0.0;0.0;0.0;0.0;0.0;0.0;0.0;0.0;0.0;0.0;0.0;0.0;0.0;0.0;0.0;0.0;0.0;888.0
Ipu;IPU;-4.3195;-40.710777777778;1995;10;5.8;0.0;0.0;0.0;0.0;0.0;0.0;0.0;0.0;0.0;0.0;0.0;0.0;0.0;0.0;0.0;0.0;0.0;0.0;0.0;0.0;0.0;0.0;0.0;0.0;0.0;0.0;0.0;0.0;0.0;0.0;5.8
Ipu;IPU;-4.3195;-40.710777777778;1995;11;0.0;0.0;0.0;0.0;0.0;0.0;0.0;0.0;0.0;0.0;0.0;0.0;0.0;0.0;0.0;0.0;0.0;0.0;0.0;0.0;0.0;0.0;0.0;0.0;0.0;0.0;0.0;0.0;0.0;0.0;0.0;888.0
Ipu;IPU;-4.3195;-40.710777777778;1995;12;14.6;0.0;0.0;0.0;0.0;0.0;0.0;0.0;0.0;0.0;0.0;0.0;0.0;0.0;0.0;0.0;0.0;5.7;0.0;0.0;0.0;8.9;0.0;0.0;0.0;0.0;0.0;0.0;0.0;0.0;0.0;0.0
Ipu;IPU;-4.3195;-40.710777777778;1996;1;119.5;0.0;0.0;0.0;0.0;0.0;0.0;6.4;14.0;0.0;0.0;0.0;22.0;0.0;23.8;34.3;0.0;4.0;0.0;0.0;0.0;0.0;15.0;0.0;0.0;0.0;0.0;0.0;0.0;0.0;0.0;0.0
Ipu;IPU;-4.3195;-40.710777777778;1996;2;113.1;0.0;29.0;18.0;4.0;0.0;0.0;0.0;0.0;0.0;0.0;0.0;0.0;5.0;0.0;0.0;0.0;0.0;0.0;25.0;12.0;1.8;0.0;6.0;0.0;0.0;12.3;0.0;0.0;0.0;888.0;888.0
Ipu;IPU;-4.3195;-40.710777777778;1996;3;375.2;0.0;0.0;0.0;41.4;77.0;8.0;20.8;0.0;0.0;0.0;18.0;0.7;61.1;5.0;5.2;0.0;12.0;2.0;0.0;14.0;20.0;0.0;1.8;45.0;0.0;6.0;2.4;34.8;0.0;0.0;0.0
Ipu;IPU;-4.3195;-40.710777777778;1996;4;471.7;22.9;8.9;16.9;38.2;40.1;0.0;54.0;0.0;0.0;12.8;5.0;0.0;8.0;28.0;0.0;41.0;0.0;0.0;2.0;2.0;1.1;0.0;45.0;38.0;27.3;15.0;35.0;5.0;0.0;25.5;888.0
Ipu;IPU;-4.3195;-40.710777777778;1996;5;70.1;0.0;3.8;29.8;7.0;4.8;0.0;0.0;0.0;0.0;7.8;0.0;0.0;0.0;0.0;0.0;0.0;0.0;0.0;0.0;0.0;0.0;0.0;0.0;0.0;0.0;0.0;0.0;0.0;0.0;1.2;15.7
Ipu;IPU;-4.3195;-40.710777777778;1996;6;0.0;0.0;0.0;0.0;0.0;0.0;0.0;0.0;0.0;0.0;0.0;0.0;0.0;0.0;0.0;0.0;0.0;0.0;0.0;0.0;0.0;0.0;0.0;0.0;0.0;0.0;0.0;0.0;0.0;0.0;0.0;888.0
Ipu;IPU;-4.3195;-40.710777777778;1996;7;17.2;0.0;0.0;0.0;0.0;0.0;0.0;0.0;0.0;0.0;0.0;0.0;0.0;0.0;0.0;0.0;0.0;0.0;17.2;0.0;0.0;0.0;0.0;0.0;0.0;0.0;0.0;0.0;0.0;0.0;0.0;0.0
Ipu;IPU;-4.3195;-40.710777777778;1996;8;45.8;0.0;0.0;7.8;0.0;12.0;0.0;0.0;0.0;0.0;0.0;0.0;0.0;0.0;0.0;0.0;0.0;10.0;16.0;0.0;0.0;0.0;0.0;0.0;0.0;0.0;0.0;0.0;0.0;0.0;0.0;0.0
Ipu;IPU;-4.3195;-40.710777777778;1996;9;0.0;0.0;0.0;0.0;0.0;0.0;0.0;0.0;0.0;0.0;0.0;0.0;0.0;0.0;0.0;0.0;0.0;0.0;0.0;0.0;0.0;0.0;0.0;0.0;0.0;0.0;0.0;0.0;0.0;0.0;0.0;888.0
Ipu;IPU;-4.3195;-40.710777777778;1996;10;0.0;0.0;0.0;0.0;0.0;0.0;0.0;0.0;0.0;0.0;0.0;0.0;0.0;0.0;0.0;0.0;0.0;0.0;0.0;0.0;0.0;0.0;0.0;0.0;0.0;0.0;0.0;0.0;0.0;0.0;0.0;0.0
Ipu;IPU;-4.3195;-40.710777777778;1996;11;62.3;0.0;0.0;0.0;0.0;0.0;0.0;0.0;0.0;0.0;0.0;0.0;0.0;0.0;0.0;0.0;0.0;0.0;0.0;16.2;46.1;0.0;0.0;0.0;0.0;0.0;0.0;0.0;0.0;0.0;0.0;888.0
Ipu;IPU;-4.3195;-40.710777777778;1996;12;0.0;0.0;0.0;0.0;0.0;0.0;0.0;0.0;0.0;0.0;0.0;0.0;0.0;0.0;0.0;0.0;0.0;0.0;0.0;0.0;0.0;0.0;0.0;0.0;0.0;0.0;0.0;0.0;0.0;0.0;0.0;0.0
Ipu;IPU;-4.3195;-40.710777777778;1997;1;58.9;0.0;0.0;0.0;0.0;0.0;0.0;0.0;0.0;0.0;0.0;0.0;0.0;0.0;0.0;0.0;0.0;0.0;0.0;0.0;0.0;7.9;15.6;3.9;0.0;0.0;24.7;0.0;6.8;0.0;0.0;0.0
Ipu;IPU;-4.3195;-40.710777777778;1997;2;9.6;0.0;0.0;0.0;0.0;0.0;0.0;0.0;0.0;0.0;6.8;0.0;0.0;0.0;0.0;0.0;0.0;0.0;0.0;0.0;1.6;0.0;0.0;0.0;1.2;0.0;0.0;0.0;0.0;888.0;888.0;888.0
Ipu;IPU;-4.3195;-40.710777777778;1997;3;221.2;0.0;0.0;0.0;19.8;22.2;0.0;0.0;0.0;0.0;0.0;0.0;0.0;0.0;0.0;0.0;0.0;0.0;0.0;6.9;10.1;0.0;0.0;11.8;0.0;77.2;17.1;23.1;30.0;0.0;3.0;0.0
Ipu;IPU;-4.3195;-40.710777777778;1997;4;200.6;1.8;1.8;28.9;3.8;4.2;0.0;0.0;22.9;0.0;2.1;10.1;0.0;0.0;26.0;27.9;4.8;0.0;0.0;24.2;2.0;0.0;2.0;0.0;4.8;0.8;16.4;6.4;6.9;0.0;2.8;888.0
Ipu;IPU;-4.3195;-40.710777777778;1997;5;68.9;0.0;6.4;4.8;7.1;0.0;13.3;1.9;0.2;21.1;0.0;0.0;0.0;0.0;0.0;0.0;6.2;0.0;0.0;0.0;1.1;0.0;0.0;0.0;0.0;0.0;6.8;0.0;0.0;0.0;0.0;0.0
Ipu;IPU;-4.3195;-40.710777777778;1997;6;0.0;0.0;0.0;0.0;0.0;0.0;0.0;0.0;0.0;0.0;0.0;0.0;0.0;0.0;0.0;0.0;0.0;0.0;0.0;0.0;0.0;0.0;0.0;0.0;0.0;0.0;0.0;0.0;0.0;0.0;0.0;888.0
Ipu;IPU;-4.3195;-40.710777777778;1997;7;0.0;0.0;0.0;0.0;0.0;0.0;0.0;0.0;0.0;0.0;0.0;0.0;0.0;0.0;0.0;0.0;0.0;0.0;0.0;0.0;0.0;0.0;0.0;0.0;0.0;0.0;0.0;0.0;0.0;0.0;0.0;0.0
Ipu;IPU;-4.3195;-40.710777777778;1997;8;0.0;0.0;0.0;0.0;0.0;0.0;0.0;0.0;0.0;0.0;0.0;0.0;0.0;0.0;0.0;0.0;0.0;0.0;0.0;0.0;0.0;0.0;0.0;0.0;0.0;0.0;0.0;0.0;0.0;0.0;0.0;0.0
Ipu;IPU;-4.3195;-40.710777777778;1997;9;0.0;0.0;0.0;0.0;0.0;0.0;0.0;0.0;0.0;0.0;0.0;0.0;0.0;0.0;0.0;0.0;0.0;0.0;0.0;0.0;0.0;0.0;0.0;0.0;0.0;0.0;0.0;0.0;0.0;0.0;0.0;888.0
Ipu;IPU;-4.3195;-40.710777777778;1997;10;0.0;0.0;0.0;0.0;0.0;0.0;0.0;0.0;0.0;0.0;0.0;0.0;0.0;0.0;0.0;0.0;0.0;0.0;0.0;0.0;0.0;0.0;0.0;0.0;0.0;0.0;0.0;0.0;0.0;0.0;0.0;0.0
Ipu;IPU;-4.3195;-40.710777777778;1997;11;46.8;0.0;0.0;0.0;0.0;0.0;0.0;0.0;0.0;0.0;0.0;0.0;0.0;0.0;0.0;0.0;0.0;0.0;0.0;46.8;0.0;0.0;0.0;0.0;0.0;0.0;0.0;0.0;0.0;0.0;0.0;888.0
Ipu;IPU;-4.3195;-40.710777777778;1997;12;26.8;0.0;0.0;0.0;0.0;0.0;0.0;0.0;0.0;0.0;0.0;0.0;0.0;0.0;0.0;0.0;0.0;9.8;0.0;0.0;5.0;0.0;0.0;12.0;0.0;0.0;0.0;0.0;0.0;0.0;0.0;0.0
Ipu;IPU;-4.3195;-40.710777777778;1998;1;110.2;0.0;0.0;7.8;0.0;0.0;0.0;0.0;0.0;0.0;0.0;0.0;5.2;0.0;9.9;24.8;0.0;0.0;0.0;2.0;0.0;4.9;33.2;0.0;0.0;0.0;4.2;8.2;0.0;0.0;10.0;0.0
Ipu;IPU;-4.3195;-40.710777777778;1998;2;61.4;0.0;37.0;5.2;0.0;0.0;0.0;0.0;0.0;0.0;0.0;0.0;0.0;0.0;0.0;19.2;0.0;0.0;0.0;0.0;0.0;0.0;0.0;0.0;0.0;0.0;0.0;0.0;0.0;888.0;888.0;888.0
Ipu;IPU;-4.3195;-40.710777777778;1998;3;60.6;5.0;0.0;4.0;0.0;0.0;0.0;0.0;0.0;0.0;0.0;5.0;0.0;0.0;0.0;0.0;0.0;0.0;6.6;1.6;19.2;0.0;0.0;0.0;0.0;6.0;0.0;0.0;0.0;13.2;0.0;0.0
Ipu;IPU;-4.3195;-40.710777777778;1998;4;65.1;0.0;0.0;35.0;0.0;0.0;0.0;0.0;0.0;0.0;0.0;0.0;0.0;1.6;0.0;0.0;0.0;1.5;0.0;0.0;0.0;0.0;0.0;0.0;0.0;0.0;0.0;27.0;0.0;0.0;0.0;888.0
Ipu;IPU;-4.3195;-40.710777777778;1998;5;36.2;0.0;0.0;0.0;0.0;0.0;0.0;0.0;3.8;0.0;19.6;0.0;0.0;0.0;0.0;0.0;0.0;0.0;0.0;0.0;12.8;0.0;0.0;0.0;0.0;0.0;0.0;0.0;0.0;0.0;0.0;0.0
Ipu;IPU;-4.3195;-40.710777777778;1998;6;0.0;0.0;0.0;0.0;0.0;0.0;0.0;0.0;0.0;0.0;0.0;0.0;0.0;0.0;0.0;0.0;0.0;0.0;0.0;0.0;0.0;0.0;0.0;0.0;0.0;0.0;0.0;0.0;0.0;0.0;0.0;888.0
Ipu;IPU;-4.3195;-40.710777777778;1998;7;0.0;0.0;0.0;0.0;0.0;0.0;0.0;0.0;0.0;0.0;0.0;0.0;0.0;0.0;0.0;0.0;0.0;0.0;0.0;0.0;0.0;0.0;0.0;0.0;0.0;0.0;0.0;0.0;0.0;0.0;0.0;0.0
Ipu;IPU;-4.3195;-40.710777777778;1998;8;0.0;0.0;0.0;0.0;0.0;0.0;0.0;0.0;0.0;0.0;0.0;0.0;0.0;0.0;0.0;0.0;0.0;0.0;0.0;0.0;0.0;0.0;0.0;0.0;0.0;0.0;0.0;0.0;0.0;0.0;0.0;0.0
Ipu;IPU;-4.3195;-40.710777777778;1998;9;0.0;0.0;0.0;0.0;0.0;0.0;0.0;0.0;0.0;0.0;0.0;0.0;0.0;0.0;0.0;0.0;0.0;0.0;0.0;0.0;0.0;0.0;0.0;0.0;0.0;0.0;0.0;0.0;0.0;0.0;0.0;888.0
Ipu;IPU;-4.3195;-40.710777777778;1998;10;0.0;0.0;0.0;0.0;0.0;0.0;0.0;0.0;0.0;0.0;0.0;0.0;0.0;0.0;0.0;0.0;0.0;0.0;0.0;0.0;0.0;0.0;0.0;0.0;0.0;0.0;0.0;0.0;0.0;0.0;0.0;0.0
Ipu;IPU;-4.3195;-40.710777777778;1998;11;0.0;0.0;0.0;0.0;0.0;0.0;0.0;0.0;0.0;0.0;0.0;0.0;0.0;0.0;0.0;0.0;0.0;0.0;0.0;0.0;0.0;0.0;0.0;0.0;0.0;0.0;0.0;0.0;0.0;0.0;0.0;888.0
Ipu;IPU;-4.3195;-40.710777777778;1998;12;0.0;0.0;0.0;0.0;0.0;0.0;0.0;0.0;0.0;0.0;0.0;0.0;0.0;0.0;0.0;0.0;0.0;0.0;0.0;0.0;0.0;0.0;0.0;0.0;0.0;0.0;0.0;0.0;0.0;0.0;0.0;0.0
Ipu;IPU;-4.3195;-40.710777777778;1999;1;120.5;0.0;0.0;0.0;0.0;0.0;0.0;0.0;17.5;55.5;30.0;0.0;0.0;0.0;0.0;0.0;0.0;0.0;0.0;1.0;0.0;0.0;9.0;2.5;0.0;0.0;0.0;5.0;0.0;0.0;0.0;0.0
Ipu;IPU;-4.3195;-40.710777777778;1999;2;220.8;18.0;0.0;0.0;11.0;45.0;0.0;0.0;3.2;0.0;0.0;0.0;0.0;0.0;0.0;0.0;0.0;0.0;38.0;6.2;3.0;0.0;1.5;22.5;9.2;47.0;0.0;0.0;16.2;888.0;888.0;888.0
Ipu;IPU;-4.3195;-40.710777777778;1999;3;254.1;0.0;24.0;3.0;0.0;0.0;0.0;0.0;0.0;2.0;0.0;0.0;6.0;0.0;0.0;31.0;7.5;0.0;1.5;0.0;47.0;0.0;1.0;1.8;1.2;41.0;45.3;7.8;0.0;21.0;0.0;13.0
Ipu;IPU;-4.3195;-40.710777777778;1999;4;157.2;0.0;0.0;0.0;0.0;22.8;37.0;0.0;0.0;0.0;0.0;0.0;3.0;1.2;40.2;3.4;6.2;0.0;0.0;0.0;0.0;0.0;0.0;0.0;0.0;23.8;0.0;12.6;0.0;4.0;3.0;888.0
Ipu;IPU;-4.3195;-40.710777777778;1999;5;111.0;19.8;0.0;0.0;0.0;2.2;0.0;6.8;6.4;0.0;3.8;9.0;24.4;0.0;5.2;3.8;1.0;0.0;0.0;8.0;15.2;0.0;0.0;0.0;0.0;5.4;0.0;0.0;0.0;0.0;0.0;0.0
Ipu;IPU;-4.3195;-40.710777777778;1999;6;0.0;0.0;0.0;0.0;0.0;0.0;0.0;0.0;0.0;0.0;0.0;0.0;0.0;0.0;0.0;0.0;0.0;0.0;0.0;0.0;0.0;0.0;0.0;0.0;0.0;0.0;0.0;0.0;0.0;0.0;0.0;888.0
Ipu;IPU;-4.3195;-40.710777777778;1999;7;0.0;0.0;0.0;0.0;0.0;0.0;0.0;0.0;0.0;0.0;0.0;0.0;0.0;0.0;0.0;0.0;0.0;0.0;0.0;0.0;0.0;0.0;0.0;0.0;0.0;0.0;0.0;0.0;0.0;0.0;0.0;0.0
Ipu;IPU;-4.3195;-40.710777777778;1999;8;0.0;0.0;0.0;0.0;0.0;0.0;0.0;0.0;0.0;0.0;0.0;0.0;0.0;0.0;0.0;0.0;0.0;0.0;0.0;0.0;0.0;0.0;0.0;0.0;0.0;0.0;0.0;0.0;0.0;0.0;0.0;0.0
Ipu;IPU;-4.3195;-40.710777777778;1999;9;0.0;0.0;0.0;0.0;0.0;0.0;0.0;0.0;0.0;0.0;0.0;0.0;0.0;0.0;0.0;0.0;0.0;0.0;0.0;0.0;0.0;0.0;0.0;0.0;0.0;0.0;0.0;0.0;0.0;0.0;0.0;888.0
Ipu;IPU;-4.3195;-40.710777777778;1999;10;0.0;0.0;0.0;0.0;0.0;0.0;0.0;0.0;0.0;0.0;0.0;0.0;0.0;0.0;0.0;0.0;0.0;0.0;0.0;0.0;0.0;0.0;0.0;0.0;0.0;0.0;0.0;0.0;0.0;0.0;0.0;0.0
Ipu;IPU;-4.3195;-40.710777777778;1999;11;0.0;0.0;0.0;0.0;0.0;0.0;0.0;0.0;0.0;0.0;0.0;0.0;0.0;0.0;0.0;0.0;0.0;0.0;0.0;0.0;0.0;0.0;0.0;0.0;0.0;0.0;0.0;0.0;0.0;0.0;0.0;888.0
Ipu;IPU;-4.3195;-40.710777777778;1999;12;102.3;0.0;0.0;0.0;0.0;0.0;0.0;0.0;0.0;0.0;0.0;0.0;0.0;0.0;0.0;0.0;0.0;0.0;0.0;0.0;0.0;0.0;19.0;5.2;52.0;0.0;7.9;3.8;0.2;1.0;2.4;10.8
Ipu;IPU;-4.3195;-40.710777777778;2000;1;184.4;0.0;0.0;0.0;21.0;0.0;3.0;10.8;0.0;10.0;12.0;6.2;7.2;0.0;0.4;0.0;4.0;0.0;64.0;12.0;0.8;4.0;0.0;0.0;29.0;0.0;0.0;0.0;0.0;0.0;0.0;0.0
Ipu;IPU;-4.3195;-40.710777777778;2000;2;229.5;0.0;4.4;6.0;0.0;0.0;0.0;0.0;0.0;8.0;14.0;14.2;6.0;7.4;0.0;1.6;13.0;3.6;41.5;16.9;14.0;5.0;1.6;20.0;14.5;15.0;0.0;0.0;22.8;0.0;888.0;888.0
Ipu;IPU;-4.3195;-40.710777777778;2000;3;194.6;0.0;8.0;0.0;36.0;0.0;0.0;0.0;0.0;17.5;0.0;0.0;0.0;49.0;0.0;0.0;0.0;0.0;0.0;0.0;0.0;0.0;8.9;0.0;0.0;0.0;0.0;0.0;9.0;9.4;26.0;30.8
Ipu;IPU;-4.3195;-40.710777777778;2000;4;227.6;0.0;0.0;0.0;0.0;0.0;0.0;32.8;23.0;0.0;0.0;6.0;11.8;4.0;38.8;4.4;18.0;0.0;30.0;19.2;0.0;12.6;0.0;0.0;18.4;0.0;0.0;8.6;0.0;0.0;0.0;888.0
Ipu;IPU;-4.3195;-40.710777777778;2000;5;41.2;0.0;0.0;0.0;0.0;2.2;2.5;0.0;5.8;0.0;0.0;0.0;0.0;0.0;4.4;0.0;0.0;0.0;13.0;2.9;6.6;0.0;0.0;0.0;0.0;0.0;0.0;0.0;0.0;0.0;1.8;2.0
Ipu;IPU;-4.3195;-40.710777777778;2000;6;83.6;0.0;0.0;0.0;0.0;0.0;0.0;0.0;8.6;0.0;24.0;0.0;0.0;0.0;0.0;0.0;28.0;0.0;0.0;0.0;0.0;22.0;0.0;0.0;0.0;0.0;0.0;1.0;0.0;0.0;0.0;888.0
Ipu;IPU;-4.3195;-40.710777777778;2000;7;58.2;0.0;0.0;0.0;0.0;0.0;0.0;0.0;0.0;0.0;0.0;4.8;4.6;22.8;0.0;15.0;0.0;0.0;0.0;6.0;0.0;0.0;0.0;0.0;0.0;0.0;0.0;5.0;0.0;0.0;0.0;0.0
Ipu;IPU;-4.3195;-40.710777777778;2000;8;42.2;0.0;2.2;3.0;0.0;0.0;0.0;15.0;2.8;2.0;13.2;0.0;0.0;0.0;0.0;0.0;0.0;0.0;0.0;0.0;0.0;4.0;0.0;0.0;0.0;0.0;0.0;0.0;0.0;0.0;0.0;0.0
Ipu;IPU;-4.3195;-40.710777777778;2000;9;46.0;0.0;0.0;0.0;0.0;0.0;0.0;0.0;0.0;0.0;0.0;0.0;0.0;0.0;0.0;0.0;0.0;0.0;0.0;37.0;0.0;0.0;0.0;0.0;0.0;7.0;2.0;0.0;0.0;0.0;0.0;888.0
Ipu;IPU;-4.3195;-40.710777777778;2000;10;0.0;0.0;0.0;0.0;0.0;0.0;0.0;0.0;0.0;0.0;0.0;0.0;0.0;0.0;0.0;0.0;0.0;0.0;0.0;0.0;0.0;0.0;0.0;0.0;0.0;0.0;0.0;0.0;0.0;0.0;0.0;0.0
Ipu;IPU;-4.3195;-40.710777777778;2000;11;4.8;0.0;0.0;0.0;0.0;0.0;0.0;0.0;0.0;4.8;0.0;0.0;0.0;0.0;0.0;0.0;0.0;0.0;0.0;0.0;0.0;0.0;0.0;0.0;0.0;0.0;0.0;0.0;0.0;0.0;0.0;888.0
Ipu;IPU;-4.3195;-40.710777777778;2000;12;25.0;0.0;0.0;0.0;0.0;0.0;0.0;0.0;0.0;0.0;0.0;0.0;0.0;0.0;0.0;16.0;0.0;0.0;9.0;0.0;0.0;0.0;0.0;0.0;0.0;0.0;0.0;0.0;0.0;0.0;0.0;0.0
Ipu;IPU;-4.3195;-40.710777777778;2001;1;33.7;0.0;0.0;19.3;0.0;2.0;0.0;0.0;2.2;0.0;0.0;0.0;0.0;0.0;3.2;0.0;0.0;0.0;0.0;0.0;0.0;0.0;3.0;0.0;4.0;0.0;0.0;0.0;0.0;0.0;0.0;0.0
Ipu;IPU;-4.3195;-40.710777777778;2001;2;110.7;3.5;0.0;0.0;0.0;2.8;0.0;0.0;0.0;8.2;0.0;20.0;0.0;5.0;2.2;0.0;0.0;0.0;0.0;3.0;4.0;32.0;0.0;0.0;3.0;1.0;26.0;0.0;0.0;888.0;888.0;888.0
Ipu;IPU;-4.3195;-40.710777777778;2001;3;178.6;0.0;17.6;0.0;0.0;0.0;0.0;0.0;0.0;5.0;8.0;0.0;50.0;2.0;38.0;5.0;2.0;0.0;0.0;0.0;0.0;0.0;0.0;0.0;0.0;0.0;7.0;8.0;0.0;1.0;35.0;0.0
Ipu;IPU;-4.3195;-40.710777777778;2001;4;281.0;0.0;2.2;10.4;54.8;14.2;0.0;0.0;0.0;5.2;31.0;38.0;25.2;2.0;0.0;0.0;0.0;0.0;0.0;51.0;5.0;0.0;0.0;0.0;0.0;0.0;0.0;0.0;41.0;0.0;1.0;888.0
Ipu;IPU;-4.3195;-40.710777777778;2001;5;24.6;16.0;0.0;0.0;0.0;0.0;0.0;6.0;0.0;0.0;1.0;0.6;0.0;0.0;0.0;0.0;0.0;0.0;0.0;0.0;0.0;1.0;0.0;0.0;0.0;0.0;0.0;0.0;0.0;0.0;0.0;0.0
Ipu;IPU;-4.3195;-40.710777777778;2001;6;22.0;0.0;0.0;0.0;0.0;0.0;17.0;0.0;0.0;0.0;0.0;0.0;0.0;0.0;0.0;0.0;0.0;0.0;0.0;5.0;0.0;0.0;0.0;0.0;0.0;0.0;0.0;0.0;0.0;0.0;0.0;888.0
Ipu;IPU;-4.3195;-40.710777777778;2001;7;0.0;0.0;0.0;0.0;0.0;0.0;0.0;0.0;0.0;0.0;0.0;0.0;0.0;0.0;0.0;0.0;0.0;0.0;0.0;0.0;0.0;0.0;0.0;0.0;0.0;0.0;0.0;0.0;0.0;0.0;0.0;0.0
Ipu;IPU;-4.3195;-40.710777777778;2001;8;0.0;0.0;0.0;0.0;0.0;0.0;0.0;0.0;0.0;0.0;0.0;0.0;0.0;0.0;0.0;0.0;0.0;0.0;0.0;0.0;0.0;0.0;0.0;0.0;0.0;0.0;0.0;0.0;0.0;0.0;0.0;0.0
Ipu;IPU;-4.3195;-40.710777777778;2001;9;24.2;0.0;0.0;0.0;0.0;0.0;0.0;0.0;0.0;0.0;0.0;0.0;24.2;0.0;0.0;0.0;0.0;0.0;0.0;0.0;0.0;0.0;0.0;0.0;0.0;0.0;0.0;0.0;0.0;0.0;0.0;888.0
Ipu;IPU;-4.3195;-40.710777777778;2001;10;0.0;0.0;0.0;0.0;0.0;0.0;0.0;0.0;0.0;0.0;0.0;0.0;0.0;0.0;0.0;0.0;0.0;0.0;0.0;0.0;0.0;0.0;0.0;0.0;0.0;0.0;0.0;0.0;0.0;0.0;0.0;0.0
Ipu;IPU;-4.3195;-40.710777777778;2001;11;0.0;0.0;0.0;0.0;0.0;0.0;0.0;0.0;0.0;0.0;0.0;0.0;0.0;0.0;0.0;0.0;0.0;0.0;0.0;0.0;0.0;0.0;0.0;0.0;0.0;0.0;0.0;0.0;0.0;0.0;0.0;888.0
Ipu;IPU;-4.3195;-40.710777777778;2001;12;3.0;0.0;0.0;0.0;0.0;0.0;0.0;0.0;0.0;0.0;0.0;3.0;0.0;0.0;0.0;0.0;0.0;0.0;0.0;0.0;0.0;0.0;0.0;0.0;0.0;0.0;0.0;0.0;0.0;0.0;0.0;0.0
Ipu;IPU;-4.3195;-40.710777777778;2002;1;226.8;0.0;16.0;0.0;0.0;0.0;0.0;33.0;41.6;0.0;19.4;0.0;0.0;40.0;4.2;0.0;2.0;0.0;36.0;0.0;6.0;0.0;13.2;0.0;2.8;2.0;0.0;7.0;2.0;1.2;0.4;0.0
Ipu;IPU;-4.3195;-40.710777777778;2002;2;76.8;0.0;0.0;0.0;0.0;0.0;0.0;29.0;0.0;0.0;0.0;13.0;0.0;0.0;6.8;0.0;12.0;0.0;2.0;13.0;0.0;0.0;0.0;0.0;0.0;0.0;1.0;0.0;0.0;888.0;888.0;888.0
Ipu;IPU;-4.3195;-40.710777777778;2002;3;264.6;0.0;0.0;0.0;5.0;17.0;15.6;2.8;35.0;29.0;5.0;2.0;0.0;0.0;0.0;0.0;5.0;28.0;1.2;1.0;0.0;1.0;0.0;0.0;6.0;1.6;24.0;0.0;80.0;5.4;0.0;0.0
Ipu;IPU;-4.3195;-40.710777777778;2002;4;233.8;0.0;1.0;22.8;25.0;7.0;42.0;10.0;3.8;7.0;6.8;3.0;0.0;4.4;1.0;0.0;7.0;0.0;0.0;0.0;0.0;2.0;8.4;0.0;0.0;2.0;36.2;16.0;1.0;27.4;0.0;888.0
Ipu;IPU;-4.3195;-40.710777777778;2002;5;134.8;5.0;38.0;32.0;0.0;0.0;0.0;2.8;4.0;0.0;0.0;0.0;25.0;0.0;0.0;0.0;0.0;0.0;0.0;0.0;0.0;0.0;0.0;0.0;0.0;11.0;15.0;2.0;0.0;0.0;0.0;0.0
Ipu;IPU;-4.3195;-40.710777777778;2002;6;54.0;6.0;0.0;4.0;0.0;0.0;0.0;0.0;0.0;0.0;0.0;0.0;0.0;0.0;0.0;0.0;25.0;0.0;0.0;19.0;0.0;0.0;0.0;0.0;0.0;0.0;0.0;0.0;0.0;0.0;0.0;888.0
Ipu;IPU;-4.3195;-40.710777777778;2002;7;12.0;5.0;4.0;0.0;0.0;0.0;0.0;0.0;0.0;0.0;0.0;0.0;0.0;0.0;0.0;0.0;0.0;0.0;0.0;0.0;0.0;0.0;0.0;0.0;0.0;0.0;3.0;0.0;0.0;0.0;0.0;0.0
Ipu;IPU;-4.3195;-40.710777777778;2002;8;0.0;0.0;0.0;0.0;0.0;0.0;0.0;0.0;0.0;0.0;0.0;0.0;0.0;0.0;0.0;0.0;0.0;0.0;0.0;0.0;0.0;0.0;0.0;0.0;0.0;0.0;0.0;0.0;0.0;0.0;0.0;0.0
Ipu;IPU;-4.3195;-40.710777777778;2002;9;0.0;0.0;0.0;0.0;0.0;0.0;0.0;0.0;0.0;0.0;0.0;0.0;0.0;0.0;0.0;0.0;0.0;0.0;0.0;0.0;0.0;0.0;0.0;0.0;0.0;0.0;0.0;0.0;0.0;0.0;0.0;888.0
Ipu;IPU;-4.3195;-40.710777777778;2002;10;0.0;0.0;0.0;0.0;0.0;0.0;0.0;0.0;0.0;0.0;0.0;0.0;0.0;0.0;0.0;0.0;0.0;0.0;0.0;0.0;0.0;0.0;0.0;0.0;0.0;0.0;0.0;0.0;0.0;0.0;0.0;0.0
Ipu;IPU;-4.3195;-40.710777777778;2002;11;0.0;0.0;0.0;0.0;0.0;0.0;0.0;0.0;0.0;0.0;0.0;0.0;0.0;0.0;0.0;0.0;0.0;0.0;0.0;0.0;0.0;0.0;0.0;0.0;0.0;0.0;0.0;0.0;0.0;0.0;0.0;888.0
Ipu;IPU;-4.3195;-40.710777777778;2002;12;12.7;0.0;0.0;0.0;0.0;0.0;0.0;0.0;0.0;0.0;0.0;3.2;0.0;0.0;0.0;0.0;0.0;0.0;0.0;0.0;0.0;0.0;0.0;0.0;0.0;9.5;0.0;0.0;0.0;0.0;0.0;0.0
Ipu;IPU;-4.3195;-40.710777777778;2003;1;70.2;0.0;0.0;0.0;0.0;0.0;0.0;0.0;0.0;0.0;0.0;0.0;0.0;0.0;0.0;0.0;0.0;0.0;0.0;0.0;10.0;11.0;6.0;20.4;1.2;12.6;0.0;1.0;2.0;0.0;4.0;2.0
Ipu;IPU;-4.3195;-40.710777777778;2003;2;256.4;0.0;0.0;31.0;8.4;0.0;7.0;0.0;0.0;0.0;5.6;0.0;4.8;2.0;0.0;0.0;0.0;9.0;27.0;56.0;0.0;2.0;0.0;4.6;15.4;32.0;35.4;0.0;16.2;888.0;888.0;888.0
Ipu;IPU;-4.3195;-40.710777777778;2003;3;413.7;52.0;0.0;0.0;8.4;6.0;1.0;0.0;38.0;0.0;0.0;0.0;15.5;0.0;1.0;25.0;12.0;2.2;7.4;0.0;52.0;68.6;3.0;2.0;19.0;7.0;24.0;19.0;2.0;3.4;32.0;13.2
Ipu;IPU;-4.3195;-40.710777777778;2003;4;193.3;38.0;34.6;25.0;0.0;8.0;1.0;1.6;15.8;16.2;0.0;8.0;3.6;0.0;0.0;1.2;0.0;0.0;0.0;3.0;1.4;0.0;1.2;1.0;0.0;0.0;12.6;2.3;12.0;3.8;3.0;888.0
Ipu;IPU;-4.3195;-40.710777777778;2003;5;67.0;2.4;21.4;0.0;2.4;28.2;0.0;0.0;1.0;0.0;0.0;0.0;0.0;0.0;8.6;0.0;0.0;2.0;0.0;0.0;1.0;0.0;0.0;0.0;0.0;0.0;0.0;0.0;0.0;0.0;0.0;0.0
Ipu;IPU;-4.3195;-40.710777777778;2003;6;54.2;0.0;3.6;0.0;0.0;1.6;1.0;0.0;0.0;0.0;0.0;0.0;0.0;0.0;0.0;0.0;22.6;18.0;0.0;0.0;0.0;7.4;0.0;0.0;0.0;0.0;0.0;0.0;0.0;0.0;0.0;888.0
Ipu;IPU;-4.3195;-40.710777777778;2003;7;0.0;0.0;0.0;0.0;0.0;0.0;0.0;0.0;0.0;0.0;0.0;0.0;0.0;0.0;0.0;0.0;0.0;0.0;0.0;0.0;0.0;0.0;0.0;0.0;0.0;0.0;0.0;0.0;0.0;0.0;0.0;0.0
Ipu;IPU;-4.3195;-40.710777777778;2003;8;0.0;0.0;0.0;0.0;0.0;0.0;0.0;0.0;0.0;0.0;0.0;0.0;0.0;0.0;0.0;0.0;0.0;0.0;0.0;0.0;0.0;0.0;0.0;0.0;0.0;0.0;0.0;0.0;0.0;0.0;0.0;0.0
Ipu;IPU;-4.3195;-40.710777777778;2003;9;0.0;0.0;0.0;0.0;0.0;0.0;0.0;0.0;0.0;0.0;0.0;0.0;0.0;0.0;0.0;0.0;0.0;0.0;0.0;0.0;0.0;0.0;0.0;0.0;0.0;0.0;0.0;0.0;0.0;0.0;0.0;888.0
Ipu;IPU;-4.3195;-40.710777777778;2003;10;0.0;0.0;0.0;0.0;0.0;0.0;0.0;0.0;0.0;0.0;0.0;0.0;0.0;0.0;0.0;0.0;0.0;0.0;0.0;0.0;0.0;0.0;0.0;0.0;0.0;0.0;0.0;0.0;0.0;0.0;0.0;0.0
Ipu;IPU;-4.3195;-40.710777777778;2003;11;0.0;0.0;0.0;0.0;0.0;0.0;0.0;0.0;0.0;0.0;0.0;0.0;0.0;0.0;0.0;0.0;0.0;0.0;0.0;0.0;0.0;0.0;0.0;0.0;0.0;0.0;0.0;0.0;0.0;0.0;0.0;888.0
Ipu;IPU;-4.3195;-40.710777777778;2003;12;14.5;0.0;0.0;0.0;0.0;0.0;0.0;0.0;0.0;0.0;0.0;0.0;0.0;0.0;0.0;0.0;0.0;0.0;0.0;0.0;0.0;0.0;0.0;0.0;0.0;0.0;0.0;0.0;0.0;14.5;0.0;0.0
Ipu;IPU;-4.3195;-40.710777777778;2004;1;316.0;0.0;0.0;3.0;0.0;0.0;0.0;0.0;0.0;0.0;0.0;0.0;1.4;0.0;0.0;23.6;0.0;0.0;29.0;8.4;3.0;0.0;22.0;22.0;4.0;74.0;48.6;31.0;13.0;8.0;25.0;0.0
Ipu;IPU;-4.3195;-40.710777777778;2004;2;364.6;3.0;0.0;13.4;15.0;3.0;36.2;0.0;0.0;20.0;0.0;0.0;0.0;35.4;29.0;13.0;79.0;6.8;0.0;0.0;0.0;0.0;54.0;24.0;0.0;7.2;0.0;17.6;8.0;0.0;888.0;888.0
Ipu;IPU;-4.3195;-40.710777777778;2004;3;305.6;38.3;0.0;0.0;0.0;0.0;2.1;35.0;53.0;16.4;0.0;0.0;25.4;17.2;0.0;0.0;0.0;52.0;14.0;0.0;0.0;0.0;0.0;10.0;12.8;0.0;0.0;28.4;0.0;0.0;0.0;1.0
Ipu;IPU;-4.3195;-40.710777777778;2004;4;82.4;0.0;1.8;1.0;0.0;3.0;0.0;0.0;0.0;8.6;0.0;0.0;0.0;0.0;0.0;3.6;9.0;0.0;0.0;7.0;0.0;0.0;17.8;17.4;0.0;0.0;3.6;0.0;0.0;9.6;0.0;888.0
Ipu;IPU;-4.3195;-40.710777777778;2004;5;132.6;0.0;0.0;0.0;0.0;15.4;1.6;0.0;0.0;0.0;0.0;6.4;5.6;0.0;0.0;0.0;0.0;0.0;0.0;0.0;0.0;88.6;0.0;0.0;0.0;3.6;10.4;0.0;0.0;1.0;0.0;0.0
Ipu;IPU;-4.3195;-40.710777777778;2004;6;85.2;0.0;5.0;0.0;0.0;0.0;1.8;0.0;0.0;4.0;0.0;0.0;0.0;0.0;0.0;10.2;0.0;0.0;9.4;1.0;15.0;0.0;23.0;0.0;0.0;0.0;0.0;12.2;0.0;0.0;3.6;888.0
Ipu;IPU;-4.3195;-40.710777777778;2004;7;65.6;0.0;0.0;0.0;7.0;0.0;0.0;0.0;0.0;0.0;0.0;0.0;2.2;0.0;0.0;0.0;0.0;54.0;0.0;0.0;0.0;0.0;2.4;0.0;0.0;0.0;0.0;0.0;0.0;0.0;0.0;0.0
Ipu;IPU;-4.3195;-40.710777777778;2004;8;3.0;0.0;0.0;0.0;0.0;0.0;0.0;0.0;0.0;0.0;0.0;0.0;0.0;0.0;0.0;0.0;0.0;3.0;0.0;0.0;0.0;0.0;0.0;0.0;0.0;0.0;0.0;0.0;0.0;0.0;0.0;0.0
Ipu;IPU;-4.3195;-40.710777777778;2004;9;0.0;0.0;0.0;0.0;0.0;0.0;0.0;0.0;0.0;0.0;0.0;0.0;0.0;0.0;0.0;0.0;0.0;0.0;0.0;0.0;0.0;0.0;0.0;0.0;0.0;0.0;0.0;0.0;0.0;0.0;0.0;888.0
Ipu;IPU;-4.3195;-40.710777777778;2004;10;0.0;0.0;0.0;0.0;0.0;0.0;0.0;0.0;0.0;0.0;0.0;0.0;0.0;0.0;0.0;0.0;0.0;0.0;0.0;0.0;0.0;0.0;0.0;0.0;0.0;0.0;0.0;0.0;0.0;0.0;0.0;0.0
Ipu;IPU;-4.3195;-40.710777777778;2004;11;0.0;0.0;0.0;0.0;0.0;0.0;0.0;0.0;0.0;0.0;0.0;0.0;0.0;0.0;0.0;0.0;0.0;0.0;0.0;0.0;0.0;0.0;0.0;0.0;0.0;0.0;0.0;0.0;0.0;0.0;0.0;888.0
Ipu;IPU;-4.3195;-40.710777777778;2004;12;0.0;0.0;0.0;0.0;0.0;0.0;0.0;0.0;0.0;0.0;0.0;0.0;0.0;0.0;0.0;0.0;0.0;0.0;0.0;0.0;0.0;0.0;0.0;0.0;0.0;0.0;0.0;0.0;0.0;0.0;0.0;0.0
Ipu;IPU;-4.3195;-40.710777777778;2005;1;74.0;0.0;0.0;0.0;0.0;0.0;0.0;0.0;0.0;0.0;0.0;0.0;0.0;0.0;0.0;0.0;0.0;47.0;20.0;0.0;0.0;0.0;0.0;0.0;1.4;5.2;0.4;0.0;0.0;0.0;0.0;0.0
Ipu;IPU;-4.3195;-40.710777777778;2005;2;171.8;0.0;0.0;0.0;0.0;0.0;0.0;0.0;0.0;0.0;0.0;0.0;0.0;48.0;0.0;10.4;3.8;0.0;15.0;0.0;0.0;0.0;0.0;9.0;1.0;0.0;50.0;27.6;7.0;888.0;888.0;888.0
Ipu;IPU;-4.3195;-40.710777777778;2005;3;186.4;0.0;0.0;0.0;0.0;0.0;0.0;0.0;0.0;0.0;2.2;3.8;24.6;0.0;0.0;0.0;0.0;0.0;0.0;5.2;69.0;0.0;18.2;0.0;12.4;0.0;5.6;1.0;10.8;17.2;0.0;16.4
Ipu;IPU;-4.3195;-40.710777777778;2005;4;216.0;23.0;13.0;0.0;0.0;19.6;0.0;11.4;0.0;0.0;4.0;0.0;0.0;0.0;71.0;0.0;15.2;0.0;0.0;5.6;0.0;0.0;0.0;0.0;0.0;0.0;2.8;0.0;37.0;0.0;13.4;888.0
Ipu;IPU;-4.3195;-40.710777777778;2005;5;170.0;0.0;0.0;30.8;0.0;0.0;1.0;0.0;0.0;0.0;0.0;0.0;0.0;0.0;8.0;7.8;2.0;18.0;2.4;0.0;0.0;0.0;0.0;4.8;60.6;4.2;14.0;0.0;0.0;4.4;0.0;12.0
Ipu;IPU;-4.3195;-40.710777777778;2005;6;80.4;2.8;13.4;4.4;0.0;0.0;23.2;0.0;0.0;8.6;0.0;0.0;0.0;0.0;0.0;16.0;0.0;0.0;0.0;0.0;0.0;0.0;0.0;0.0;0.0;0.0;0.0;12.0;0.0;0.0;0.0;888.0
Ipu;IPU;-4.3195;-40.710777777778;2005;7;0.0;0.0;0.0;0.0;0.0;0.0;0.0;0.0;0.0;0.0;0.0;0.0;0.0;0.0;0.0;0.0;0.0;0.0;0.0;0.0;0.0;0.0;0.0;0.0;0.0;0.0;0.0;0.0;0.0;0.0;0.0;0.0
Ipu;IPU;-4.3195;-40.710777777778;2005;8;0.0;0.0;0.0;0.0;0.0;0.0;0.0;0.0;0.0;0.0;0.0;0.0;0.0;0.0;0.0;0.0;0.0;0.0;0.0;0.0;0.0;0.0;0.0;0.0;0.0;0.0;0.0;0.0;0.0;0.0;0.0;0.0
Ipu;IPU;-4.3195;-40.710777777778;2005;9;0.0;0.0;0.0;0.0;0.0;0.0;0.0;0.0;0.0;0.0;0.0;0.0;0.0;0.0;0.0;0.0;0.0;0.0;0.0;0.0;0.0;0.0;0.0;0.0;0.0;0.0;0.0;0.0;0.0;0.0;0.0;888.0
Ipu;IPU;-4.3195;-40.710777777778;2005;10;0.0;0.0;0.0;0.0;0.0;0.0;0.0;0.0;0.0;0.0;0.0;0.0;0.0;0.0;0.0;0.0;0.0;0.0;0.0;0.0;0.0;0.0;0.0;0.0;0.0;0.0;0.0;0.0;0.0;0.0;0.0;0.0
Ipu;IPU;-4.3195;-40.710777777778;2005;11;0.0;0.0;0.0;0.0;0.0;0.0;0.0;0.0;0.0;0.0;0.0;0.0;0.0;0.0;0.0;0.0;0.0;0.0;0.0;0.0;0.0;0.0;0.0;0.0;0.0;0.0;0.0;0.0;0.0;0.0;0.0;888.0
Ipu;IPU;-4.3195;-40.710777777778;2005;12;17.4;0.0;0.0;0.0;0.0;0.0;0.0;0.0;9.0;0.0;0.0;0.0;0.0;0.0;0.0;0.0;0.0;0.0;0.0;0.0;0.0;0.0;0.0;0.0;0.0;0.0;0.0;0.0;8.4;0.0;0.0;0.0
Ipu;IPU;-4.3195;-40.710777777778;2006;1;47.8;31.6;0.0;0.0;0.0;0.0;0.0;0.0;0.0;0.0;0.0;6.6;0.0;0.0;0.0;0.0;0.0;0.0;0.0;4.4;0.0;0.0;0.0;0.0;0.0;0.0;0.0;0.0;0.0;4.2;1.0;0.0
Ipu;IPU;-4.3195;-40.710777777778;2006;2;170.9;0.0;0.0;0.0;0.0;1.8;0.0;0.0;0.0;0.0;8.4;38.0;31.4;0.0;1.6;0.0;3.4;0.0;0.0;4.8;0.0;0.0;0.0;32.4;0.0;35.4;6.4;0.0;7.3;888.0;888.0;888.0
Ipu;IPU;-4.3195;-40.710777777778;2006;3;316.6;54.3;32.3;6.2;48.6;15.2;0.0;1.0;0.0;0.0;0.0;0.0;0.0;0.0;0.0;0.0;13.2;1.0;0.0;1.6;0.0;2.3;11.5;0.0;57.4;2.0;0.0;40.6;2.0;17.0;6.4;4.0
Ipu;IPU;-4.3195;-40.710777777778;2006;4;228.5;19.3;38.0;0.0;0.0;18.0;20.6;0.0;5.5;2.0;0.0;0.0;0.0;0.0;0.0;55.5;0.0;0.0;6.7;1.0;0.0;1.0;27.5;0.0;10.0;0.0;13.7;0.0;1.2;0.0;8.5;888.0
Ipu;IPU;-4.3195;-40.710777777778;2006;5;193.9;34.6;1.0;0.0;0.0;0.0;20.8;0.0;46.0;14.6;11.7;11.4;0.0;10.0;8.4;22.7;0.0;0.0;0.0;0.0;1.4;0.0;0.0;0.0;8.3;3.0;0.0;0.0;0.0;0.0;0.0;0.0
Ipu;IPU;-4.3195;-40.710777777778;2006;6;28.8;1.0;0.0;0.0;0.0;0.0;2.4;0.0;0.0;7.8;0.0;0.0;0.0;0.0;0.0;0.0;0.0;0.0;1.6;0.0;0.0;0.0;2.0;0.0;0.0;0.0;0.0;0.0;0.0;14.0;0.0;888.0
Ipu;IPU;-4.3195;-40.710777777778;2006;7;2.0;0.0;0.0;0.0;0.0;0.0;0.0;0.0;0.0;0.0;0.0;0.0;2.0;0.0;0.0;0.0;0.0;0.0;0.0;0.0;0.0;0.0;0.0;0.0;0.0;0.0;0.0;0.0;0.0;0.0;0.0;0.0
Ipu;IPU;-4.3195;-40.710777777778;2006;8;0.0;0.0;0.0;0.0;0.0;0.0;0.0;0.0;0.0;0.0;0.0;0.0;0.0;0.0;0.0;0.0;0.0;0.0;0.0;0.0;0.0;0.0;0.0;0.0;0.0;0.0;0.0;0.0;0.0;0.0;0.0;0.0
Ipu;IPU;-4.3195;-40.710777777778;2006;9;0.0;0.0;0.0;0.0;0.0;0.0;0.0;0.0;0.0;0.0;0.0;0.0;0.0;0.0;0.0;0.0;0.0;0.0;0.0;0.0;0.0;0.0;0.0;0.0;0.0;0.0;0.0;0.0;0.0;0.0;0.0;888.0
Ipu;IPU;-4.3195;-40.710777777778;2006;10;0.0;0.0;0.0;0.0;0.0;0.0;0.0;0.0;0.0;0.0;0.0;0.0;0.0;0.0;0.0;0.0;0.0;0.0;0.0;0.0;0.0;0.0;0.0;0.0;0.0;0.0;0.0;0.0;0.0;0.0;0.0;0.0
Ipu;IPU;-4.3195;-40.710777777778;2006;11;0.0;0.0;0.0;0.0;0.0;0.0;0.0;0.0;0.0;0.0;0.0;0.0;0.0;0.0;0.0;0.0;0.0;0.0;0.0;0.0;0.0;0.0;0.0;0.0;0.0;0.0;0.0;0.0;0.0;0.0;0.0;888.0
Ipu;IPU;-4.3195;-40.710777777778;2006;12;38.2;0.0;0.0;0.0;0.0;0.0;0.0;0.0;0.0;0.0;0.0;0.0;0.0;0.0;0.0;0.0;0.0;14.6;0.0;0.0;0.0;0.0;0.0;0.0;0.0;0.0;0.0;0.0;23.6;0.0;0.0;0.0
Ipu;IPU;-4.3195;-40.710777777778;2007;1;1.8;0.0;0.0;1.6;0.0;0.0;0.0;0.0;0.0;0.0;0.2;0.0;0.0;0.0;0.0;0.0;0.0;0.0;0.0;0.0;0.0;0.0;0.0;0.0;0.0;0.0;0.0;0.0;0.0;0.0;0.0;0.0
Ipu;IPU;-4.3195;-40.710777777778;2007;2;190.0;0.0;17.6;0.0;0.0;3.6;5.4;0.0;0.0;0.0;0.0;0.0;0.0;0.0;0.0;0.0;46.0;35.0;15.6;18.2;36.8;0.0;0.0;0.0;2.6;8.2;0.0;0.0;1.0;888.0;888.0;888.0
Ipu;IPU;-4.3195;-40.710777777778;2007;3;325.2;0.0;66.0;24.2;9.0;2.6;16.6;26.0;21.6;0.0;0.0;5.8;2.0;12.3;0.0;30.0;26.4;17.6;8.4;2.6;17.9;0.0;0.0;26.0;0.0;7.6;0.0;2.6;0.0;0.0;0.0;0.0
Ipu;IPU;-4.3195;-40.710777777778;2007;4;190.2;19.0;31.0;0.0;8.4;39.6;15.2;1.8;0.0;2.0;0.0;0.0;0.0;0.0;0.0;0.0;0.0;0.0;14.4;0.0;4.0;1.2;16.6;0.0;0.0;0.0;0.0;5.2;5.0;14.8;12.0;888.0
Ipu;IPU;-4.3195;-40.710777777778;2007;5;61.6;2.0;22.6;5.6;19.6;0.0;0.0;0.0;0.0;1.0;0.0;0.0;5.0;0.0;5.8;0.0;0.0;0.0;0.0;0.0;0.0;0.0;0.0;0.0;0.0;0.0;0.0;0.0;0.0;0.0;0.0;0.0
Ipu;IPU;-4.3195;-40.710777777778;2007;6;26.0;7.4;0.0;3.0;0.0;0.0;8.2;0.0;0.0;0.0;4.0;0.0;0.0;0.0;0.0;0.0;0.0;0.0;3.4;0.0;0.0;0.0;0.0;0.0;0.0;0.0;0.0;0.0;0.0;0.0;0.0;888.0
Ipu;IPU;-4.3195;-40.710777777778;2007;7;15.4;0.0;0.0;0.0;0.0;0.0;0.0;0.0;0.0;0.0;0.0;0.0;0.0;0.0;0.0;0.0;8.0;0.0;0.0;0.0;0.0;0.0;0.0;0.0;7.4;0.0;0.0;0.0;0.0;0.0;0.0;0.0
Ipu;IPU;-4.3195;-40.710777777778;2007;8;0.0;0.0;0.0;0.0;0.0;0.0;0.0;0.0;0.0;0.0;0.0;0.0;0.0;0.0;0.0;0.0;0.0;0.0;0.0;0.0;0.0;0.0;0.0;0.0;0.0;0.0;0.0;0.0;0.0;0.0;0.0;0.0
Ipu;IPU;-4.3195;-40.710777777778;2007;9;0.0;0.0;0.0;0.0;0.0;0.0;0.0;0.0;0.0;0.0;0.0;0.0;0.0;0.0;0.0;0.0;0.0;0.0;0.0;0.0;0.0;0.0;0.0;0.0;0.0;0.0;0.0;0.0;0.0;0.0;0.0;888.0
Ipu;IPU;-4.3195;-40.710777777778;2007;10;0.0;0.0;0.0;0.0;0.0;0.0;0.0;0.0;0.0;0.0;0.0;0.0;0.0;0.0;0.0;0.0;0.0;0.0;0.0;0.0;0.0;0.0;0.0;0.0;0.0;0.0;0.0;0.0;0.0;0.0;0.0;0.0
Ipu;IPU;-4.3195;-40.710777777778;2007;11;0.0;0.0;0.0;0.0;0.0;0.0;0.0;0.0;0.0;0.0;0.0;0.0;0.0;0.0;0.0;0.0;0.0;0.0;0.0;0.0;0.0;0.0;0.0;0.0;0.0;0.0;0.0;0.0;0.0;0.0;0.0;888.0
Ipu;IPU;-4.3195;-40.710777777778;2007;12;32.4;0.0;0.0;0.0;0.0;0.0;0.0;1.2;0.0;0.0;0.0;0.0;0.0;0.0;0.0;0.0;0.0;29.6;0.0;0.0;0.0;0.0;0.0;0.0;0.0;0.0;0.0;0.0;1.6;0.0;0.0;0.0
Ipu;IPU;-4.3195;-40.710777777778;2008;1;110.6;14.8;0.0;0.0;1.0;19.8;0.0;0.0;0.0;0.0;0.0;0.0;0.0;0.0;0.0;0.0;12.0;20.8;0.0;0.8;0.0;0.0;10.0;7.2;0.4;1.8;0.0;0.0;1.2;0.0;0.0;20.8
Ipu;IPU;-4.3195;-40.710777777778;2008;2;154.2;41.0;1.6;0.0;0.0;0.0;0.0;0.0;3.0;0.0;0.0;0.0;32.0;5.2;0.0;0.0;7.4;0.0;0.0;1.0;27.4;8.4;15.6;0.0;0.0;1.6;0.0;0.0;0.0;10.0;888.0;888.0
Ipu;IPU;-4.3195;-40.710777777778;2008;3;274.8;1.2;6.6;0.0;4.4;5.2;0.0;0.0;0.0;6.6;2.0;0.0;0.0;21.4;1.8;0.0;8.8;33.0;1.2;0.0;40.0;4.4;1.2;11.4;22.0;34.4;6.0;3.8;4.0;2.6;12.8;40.0
Ipu;IPU;-4.3195;-40.710777777778;2008;4;222.6;20.0;12.0;16.0;0.0;15.8;26.0;6.0;2.6;25.0;1.0;6.4;0.0;0.0;1.2;6.4;2.2;0.0;14.4;6.6;0.0;6.8;26.0;0.6;5.8;1.8;0.0;2.2;0.0;6.8;11.0;888.0
Ipu;IPU;-4.3195;-40.710777777778;2008;5;64.2;0.0;0.0;0.0;0.0;15.2;0.4;0.0;9.0;0.0;0.0;2.0;15.4;0.0;0.0;0.0;0.0;0.0;10.0;0.0;0.0;0.0;0.0;0.0;0.0;1.4;5.8;0.0;4.0;0.0;0.0;1.0
Ipu;IPU;-4.3195;-40.710777777778;2008;6;37.4;0.0;0.0;0.0;0.0;0.0;0.0;0.0;0.0;29.0;0.0;0.0;4.6;0.0;1.0;0.0;0.0;0.0;2.8;0.0;0.0;0.0;0.0;0.0;0.0;0.0;0.0;0.0;0.0;0.0;0.0;888.0
Ipu;IPU;-4.3195;-40.710777777778;2008;7;25.4;0.0;8.6;0.0;0.0;0.0;0.0;0.0;0.0;0.0;0.0;0.0;0.0;0.0;0.0;0.0;0.0;0.0;0.0;0.0;0.0;0.0;0.0;0.0;0.0;0.0;0.0;0.0;16.8;0.0;0.0;0.0
Ipu;IPU;-4.3195;-40.710777777778;2008;8;0.0;0.0;0.0;0.0;0.0;0.0;0.0;0.0;0.0;0.0;0.0;0.0;0.0;0.0;0.0;0.0;0.0;0.0;0.0;0.0;0.0;0.0;0.0;0.0;0.0;0.0;0.0;0.0;0.0;0.0;0.0;0.0
Ipu;IPU;-4.3195;-40.710777777778;2008;9;0.0;0.0;0.0;0.0;0.0;0.0;0.0;0.0;0.0;0.0;0.0;0.0;0.0;0.0;0.0;0.0;0.0;0.0;0.0;0.0;0.0;0.0;0.0;0.0;0.0;0.0;0.0;0.0;0.0;0.0;0.0;888.0
Ipu;IPU;-4.3195;-40.710777777778;2008;10;0.0;0.0;0.0;0.0;0.0;0.0;0.0;0.0;0.0;0.0;0.0;0.0;0.0;0.0;0.0;0.0;0.0;0.0;0.0;0.0;0.0;0.0;0.0;0.0;0.0;0.0;0.0;0.0;0.0;0.0;0.0;0.0
Ipu;IPU;-4.3195;-40.710777777778;2008;11;0.0;0.0;0.0;0.0;0.0;0.0;0.0;0.0;0.0;0.0;0.0;0.0;0.0;0.0;0.0;0.0;0.0;0.0;0.0;0.0;0.0;0.0;0.0;0.0;0.0;0.0;0.0;0.0;0.0;0.0;0.0;888.0
Ipu;IPU;-4.3195;-40.710777777778;2008;12;36.8;0.0;0.0;0.0;0.0;0.0;0.0;0.0;0.0;0.0;0.0;0.0;0.0;0.0;0.0;0.0;0.0;0.0;0.0;0.0;0.0;28.0;0.0;0.0;0.0;0.0;0.0;0.0;0.0;0.0;5.8;3.0
Ipu;IPU;-4.3195;-40.710777777778;2009;1;106.9;0.0;0.0;0.0;0.0;0.0;0.0;0.0;0.0;0.0;0.0;0.0;0.0;0.0;0.0;1.4;0.0;0.0;45.0;0.6;0.0;0.0;2.4;11.0;18.0;0.0;23.4;0.0;0.0;0.0;5.1;0.0
Ipu;IPU;-4.3195;-40.710777777778;2009;2;131.0;3.0;10.2;2.9;30.0;0.0;0.0;0.0;0.0;0.0;0.0;0.0;0.0;2.0;3.0;0.0;0.0;8.2;2.5;0.0;0.0;0.0;40.4;24.0;0.0;0.4;4.4;0.0;0.0;888.0;888.0;888.0
Ipu;IPU;-4.3195;-40.710777777778;2009;3;238.4;5.2;5.6;31.0;10.0;14.6;4.8;30.8;0.0;4.4;0.0;0.8;1.0;3.8;4.0;0.0;30.6;6.0;8.8;7.6;10.8;1.0;1.2;2.0;29.4;5.4;0.0;0.0;17.8;1.8;0.0;0.0
Ipu;IPU;-4.3195;-40.710777777778;2009;4;574.7;31.4;1.8;9.8;8.2;56.4;0.0;0.0;0.0;8.0;64.8;42.0;9.4;52.4;6.4;0.0;26.6;0.0;0.0;10.6;6.0;19.0;44.0;0.8;43.0;45.0;1.4;13.9;26.8;0.0;47.0;888.0
Ipu;IPU;-4.3195;-40.710777777778;2009;5;299.9;3.6;36.4;58.6;26.0;6.0;2.0;21.0;3.4;5.4;8.0;21.0;1.0;0.0;2.9;24.0;7.0;0.0;1.6;0.0;12.0;9.0;9.0;17.0;5.0;1.4;0.0;16.4;2.2;0.0;0.0;0.0
Ipu;IPU;-4.3195;-40.710777777778;2009;6;155.6;0.0;0.0;5.6;59.0;42.0;2.0;15.8;0.0;0.0;0.0;1.0;0.0;0.0;0.0;0.0;0.0;0.0;0.0;0.0;0.0;0.0;0.0;10.4;4.4;8.2;2.8;4.4;0.0;0.0;0.0;888.0
Ipu;IPU;-4.3195;-40.710777777778;2009;7;41.0;0.0;0.0;0.0;0.0;0.0;0.0;0.0;1.0;0.0;0.0;5.0;0.0;11.0;0.0;0.0;0.0;0.0;0.0;0.0;0.0;0.0;0.0;9.4;14.6;0.0;0.0;0.0;0.0;0.0;0.0;0.0
Ipu;IPU;-4.3195;-40.710777777778;2009;8;20.2;0.0;0.0;0.0;0.0;0.0;0.0;0.0;0.0;0.0;0.0;0.0;0.0;0.0;0.0;0.0;0.0;0.0;0.0;0.0;0.0;0.0;0.0;0.0;0.0;0.0;17.0;3.2;0.0;0.0;0.0;0.0
Ipu;IPU;-4.3195;-40.710777777778;2009;9;0.0;0.0;0.0;0.0;0.0;0.0;0.0;0.0;0.0;0.0;0.0;0.0;0.0;0.0;0.0;0.0;0.0;0.0;0.0;0.0;0.0;0.0;0.0;0.0;0.0;0.0;0.0;0.0;0.0;0.0;0.0;888.0
Ipu;IPU;-4.3195;-40.710777777778;2009;10;0.0;0.0;0.0;0.0;0.0;0.0;0.0;0.0;0.0;0.0;0.0;0.0;0.0;0.0;0.0;0.0;0.0;0.0;0.0;0.0;0.0;0.0;0.0;0.0;0.0;0.0;0.0;0.0;0.0;0.0;0.0;0.0
Ipu;IPU;-4.3195;-40.710777777778;2009;11;8.4;0.0;0.0;0.0;0.0;0.0;0.0;0.0;0.0;0.0;0.0;0.0;0.0;0.0;0.0;0.0;0.0;0.0;0.0;8.4;0.0;0.0;0.0;0.0;0.0;0.0;0.0;0.0;0.0;0.0;0.0;888.0
Ipu;IPU;-4.3195;-40.710777777778;2009;12;0.0;0.0;0.0;0.0;0.0;0.0;0.0;0.0;0.0;0.0;0.0;0.0;0.0;0.0;0.0;0.0;0.0;0.0;0.0;0.0;0.0;0.0;0.0;0.0;0.0;0.0;0.0;0.0;0.0;0.0;0.0;0.0
Ipu;IPU;-4.3195;-40.710777777778;2010;1;124.8;0.0;39.6;0.0;0.0;0.0;0.0;0.0;0.0;5.8;25.4;3.4;7.8;0.0;0.0;0.0;0.0;0.0;0.0;0.0;17.2;0.0;0.0;4.6;0.0;0.0;0.0;3.0;18.0;0.0;0.0;0.0
Ipu;IPU;-4.3195;-40.710777777778;2010;2;19.8;0.0;0.0;0.0;0.0;0.0;0.0;0.0;0.0;0.0;3.4;0.0;8.0;3.8;0.0;0.0;0.0;0.0;0.0;0.0;0.0;0.0;0.0;4.6;0.0;0.0;0.0;0.0;0.0;888.0;888.0;888.0
Ipu;IPU;-4.3195;-40.710777777778;2010;3;33.8;0.0;0.0;0.0;3.4;0.0;0.0;0.0;0.0;0.0;0.0;0.0;0.4;0.0;0.0;8.5;0.0;0.0;0.0;0.0;7.6;0.0;0.0;0.0;1.6;1.6;0.0;0.0;2.0;5.6;0.0;3.1
Ipu;IPU;-4.3195;-40.710777777778;2010;4;231.8;0.0;5.0;0.0;0.0;27.0;0.0;3.0;0.0;0.0;105.0;0.0;27.6;13.6;0.0;0.0;0.0;5.6;0.0;2.4;0.0;2.0;0.0;7.6;0.0;0.0;0.0;0.0;0.0;0.0;33.0;888.0
Ipu;IPU;-4.3195;-40.710777777778;2010;5;48.0;7.4;0.0;4.0;19.6;0.0;0.0;0.0;0.0;0.0;0.0;0.0;0.0;0.0;1.2;0.0;0.0;0.0;0.0;6.4;0.0;0.0;0.0;3.2;0.0;6.2;0.0;0.0;0.0;0.0;0.0;0.0
Ipu;IPU;-4.3195;-40.710777777778;2010;6;25.6;0.0;1.8;0.0;15.0;0.0;0.0;0.0;0.0;0.0;0.0;0.0;0.0;0.0;0.0;0.0;0.0;0.0;8.8;0.0;0.0;0.0;0.0;0.0;0.0;0.0;0.0;0.0;0.0;0.0;0.0;888.0
Ipu;IPU;-4.3195;-40.710777777778;2010;7;0.0;0.0;0.0;0.0;0.0;0.0;0.0;0.0;0.0;0.0;0.0;0.0;0.0;0.0;0.0;0.0;0.0;0.0;0.0;0.0;0.0;0.0;0.0;0.0;0.0;0.0;0.0;0.0;0.0;0.0;0.0;0.0
Ipu;IPU;-4.3195;-40.710777777778;2010;8;0.0;0.0;0.0;0.0;0.0;0.0;0.0;0.0;0.0;0.0;0.0;0.0;0.0;0.0;0.0;0.0;0.0;0.0;0.0;0.0;0.0;0.0;0.0;0.0;0.0;0.0;0.0;0.0;0.0;0.0;0.0;0.0
Ipu;IPU;-4.3195;-40.710777777778;2010;9;0.0;0.0;0.0;0.0;0.0;0.0;0.0;0.0;0.0;0.0;0.0;0.0;0.0;0.0;0.0;0.0;0.0;0.0;0.0;0.0;0.0;0.0;0.0;0.0;0.0;0.0;0.0;0.0;0.0;0.0;0.0;888.0
Ipu;IPU;-4.3195;-40.710777777778;2010;10;107.0;0.0;0.0;0.0;0.0;0.0;0.0;0.0;0.0;0.0;0.0;0.0;0.0;0.0;0.0;0.0;0.0;0.0;0.0;0.0;0.0;0.0;0.0;107.0;0.0;0.0;0.0;0.0;0.0;0.0;0.0;0.0
Ipu;IPU;-4.3195;-40.710777777778;2010;11;0.0;0.0;0.0;0.0;0.0;0.0;0.0;0.0;0.0;0.0;0.0;0.0;0.0;0.0;0.0;0.0;0.0;0.0;0.0;0.0;0.0;0.0;0.0;0.0;999.0;999.0;999.0;999.0;999.0;999.0;999.0;888.0
Ipu;IPU;-4.3195;-40.710777777778;2010;12;210.0;0.0;0.0;0.0;0.0;0.0;0.0;0.0;0.0;0.0;0.0;0.0;59.0;52.0;1.8;79.0;0.0;2.6;0.0;0.0;10.2;0.0;4.0;0.0;0.0;0.0;0.0;1.4;999.0;999.0;999.0;999.0
Ipu;IPU;-4.3195;-40.710777777778;2011;1;259.2;0.0;0.0;0.0;0.0;0.0;0.0;0.0;0.0;0.0;23.2;1.0;0.0;2.0;0.0;0.0;0.0;0.0;0.0;0.0;14.0;0.0;0.0;0.0;94.0;79.0;6.0;0.0;15.0;25.0;0.0;0.0
Ipu;IPU;-4.3195;-40.710777777778;2011;2;158.4;3.6;0.0;0.0;0.0;0.0;3.8;0.0;0.0;0.0;0.0;0.0;0.0;0.0;21.0;1.8;0.0;0.0;19.8;0.0;0.0;22.4;7.2;0.0;0.0;15.6;0.0;0.0;63.2;888.0;888.0;888.0
Ipu;IPU;-4.3195;-40.710777777778;2011;3;139.8;10.0;0.0;5.4;0.0;0.0;0.0;0.0;0.0;0.0;17.4;0.0;0.0;0.0;20.8;5.2;0.0;4.8;0.0;0.0;0.0;5.0;9.6;13.0;0.0;7.2;30.4;0.0;0.0;11.0;0.0;0.0
Ipu;IPU;-4.3195;-40.710777777778;2011;4;295.2;0.0;0.0;0.0;0.0;36.6;9.0;0.0;0.0;0.0;0.0;0.0;0.0;29.0;4.6;37.0;0.0;0.0;43.4;14.6;8.0;0.0;0.0;0.0;0.0;46.4;0.0;0.0;14.6;9.0;43.0;888.0
Ipu;IPU;-4.3195;-40.710777777778;2011;5;273.8;0.0;18.8;8.0;1.0;19.6;28.6;18.4;0.0;0.0;0.0;137.0;1.0;0.0;0.0;0.0;3.4;0.0;0.0;0.0;17.8;0.0;0.0;0.0;13.6;3.4;1.2;0.0;0.0;0.0;2.0;0.0
Ipu;IPU;-4.3195;-40.710777777778;2011;6;26.0;0.0;0.0;0.0;0.0;0.0;6.3;0.0;0.0;0.0;0.0;0.0;0.0;0.0;0.0;0.0;0.0;0.0;0.0;0.0;11.4;0.0;0.0;0.0;6.8;0.0;0.0;1.5;0.0;0.0;0.0;888.0
Ipu;IPU;-4.3195;-40.710777777778;2011;7;65.0;0.0;0.0;0.0;0.0;0.0;0.0;0.0;0.0;0.0;0.0;0.0;0.0;65.0;0.0;0.0;0.0;0.0;0.0;0.0;0.0;0.0;0.0;0.0;0.0;0.0;0.0;0.0;0.0;0.0;0.0;0.0
Ipu;IPU;-4.3195;-40.710777777778;2011;8;4.8;0.0;0.0;4.8;0.0;0.0;0.0;0.0;0.0;0.0;0.0;0.0;0.0;0.0;0.0;0.0;0.0;0.0;0.0;0.0;0.0;0.0;0.0;0.0;0.0;0.0;0.0;0.0;0.0;0.0;0.0;0.0
Ipu;IPU;-4.3195;-40.710777777778;2011;9;0.0;0.0;0.0;0.0;0.0;0.0;0.0;0.0;0.0;0.0;0.0;0.0;0.0;0.0;0.0;0.0;0.0;0.0;0.0;0.0;0.0;0.0;0.0;0.0;0.0;0.0;0.0;0.0;0.0;0.0;0.0;888.0
Ipu;IPU;-4.3195;-40.710777777778;2011;10;27.2;0.0;0.0;0.0;0.0;0.0;0.0;0.0;0.0;0.0;0.0;0.0;0.0;0.0;0.0;0.0;0.0;0.0;0.0;0.0;15.2;12.0;0.0;0.0;0.0;0.0;0.0;0.0;0.0;0.0;0.0;0.0
Ipu;IPU;-4.3195;-40.710777777778;2011;11;0.0;0.0;0.0;0.0;0.0;0.0;0.0;0.0;0.0;0.0;0.0;0.0;0.0;0.0;0.0;0.0;0.0;0.0;0.0;0.0;0.0;0.0;0.0;0.0;0.0;0.0;0.0;0.0;0.0;0.0;0.0;888.0
Ipu;IPU;-4.3195;-40.710777777778;2011;12;0.0;0.0;0.0;0.0;0.0;0.0;0.0;0.0;0.0;0.0;0.0;0.0;0.0;0.0;0.0;0.0;0.0;0.0;0.0;0.0;0.0;0.0;0.0;0.0;0.0;0.0;0.0;0.0;0.0;0.0;0.0;0.0
Ipu;IPU;-4.3195;-40.710777777778;2012;1;38.6;0.0;0.0;0.0;0.0;0.0;0.0;0.0;0.0;0.0;0.0;0.0;0.0;0.0;0.0;0.0;0.0;0.0;0.0;0.0;24.0;0.0;0.0;2.0;1.6;11.0;0.0;0.0;0.0;0.0;0.0;0.0
Ipu;IPU;-4.3195;-40.710777777778;2012;2;234.8;0.0;0.0;0.0;0.0;0.0;0.0;0.0;0.0;0.0;5.0;0.0;0.0;0.0;9.0;0.0;3.0;49.2;0.0;0.0;0.0;21.0;0.0;0.0;0.0;0.0;0.0;132.0;13.4;2.2;888.0;888.0
Ipu;IPU;-4.3195;-40.710777777778;2012;3;82.0;0.0;0.0;27.5;0.0;0.0;0.0;0.0;0.0;0.0;1.3;0.0;0.0;1.3;0.0;0.0;0.0;0.0;0.0;0.0;0.0;0.0;0.0;0.0;0.0;2.8;9.0;25.0;14.0;1.1;0.0;0.0
Ipu;IPU;-4.3195;-40.710777777778;2012;4;42.6;0.0;0.0;0.0;0.0;0.0;0.0;4.6;0.0;0.0;0.0;0.0;0.0;0.0;7.8;0.0;0.0;14.2;8.0;0.0;8.0;0.0;0.0;0.0;0.0;0.0;0.0;0.0;0.0;0.0;0.0;888.0
Ipu;IPU;-4.3195;-40.710777777778;2012;5;14.4;0.0;0.0;0.0;0.0;0.0;0.0;0.0;0.0;0.0;0.0;0.0;0.0;0.0;0.0;0.0;0.0;0.0;4.4;0.0;10.0;0.0;0.0;0.0;0.0;0.0;0.0;0.0;0.0;0.0;0.0;0.0
Ipu;IPU;-4.3195;-40.710777777778;2012;6;0.0;0.0;0.0;0.0;0.0;0.0;0.0;0.0;0.0;0.0;0.0;0.0;0.0;0.0;0.0;0.0;0.0;0.0;0.0;0.0;0.0;0.0;0.0;0.0;0.0;0.0;0.0;0.0;0.0;0.0;0.0;888.0
Ipu;IPU;-4.3195;-40.710777777778;2012;7;0.0;0.0;0.0;0.0;0.0;0.0;0.0;0.0;0.0;0.0;0.0;0.0;0.0;0.0;0.0;0.0;0.0;0.0;0.0;0.0;0.0;0.0;0.0;0.0;0.0;0.0;0.0;0.0;0.0;0.0;0.0;0.0
Ipu;IPU;-4.3195;-40.710777777778;2012;8;0.0;0.0;0.0;0.0;0.0;0.0;0.0;0.0;0.0;0.0;0.0;0.0;0.0;0.0;0.0;0.0;0.0;0.0;0.0;0.0;0.0;0.0;0.0;0.0;0.0;0.0;0.0;0.0;0.0;0.0;0.0;0.0
Ipu;IPU;-4.3195;-40.710777777778;2012;9;0.0;0.0;0.0;0.0;0.0;0.0;0.0;0.0;0.0;0.0;0.0;0.0;0.0;0.0;0.0;0.0;0.0;0.0;0.0;0.0;0.0;0.0;0.0;0.0;0.0;0.0;0.0;0.0;0.0;0.0;0.0;888.0
Ipu;IPU;-4.3195;-40.710777777778;2012;10;0.0;0.0;0.0;0.0;0.0;0.0;0.0;0.0;0.0;0.0;0.0;0.0;0.0;0.0;0.0;0.0;0.0;0.0;0.0;0.0;0.0;0.0;0.0;0.0;0.0;0.0;0.0;0.0;0.0;0.0;0.0;0.0
Ipu;IPU;-4.3195;-40.710777777778;2012;11;0.0;0.0;0.0;0.0;0.0;0.0;0.0;0.0;0.0;0.0;0.0;0.0;0.0;0.0;0.0;0.0;0.0;0.0;0.0;0.0;0.0;0.0;0.0;0.0;0.0;0.0;0.0;0.0;0.0;0.0;0.0;888.0
Ipu;IPU;-4.3195;-40.710777777778;2012;12;0.0;0.0;0.0;0.0;0.0;0.0;0.0;0.0;0.0;0.0;0.0;0.0;0.0;0.0;0.0;0.0;0.0;0.0;0.0;0.0;0.0;0.0;0.0;0.0;0.0;0.0;0.0;0.0;0.0;0.0;0.0;0.0
Ipu;IPU;-4.3195;-40.710777777778;2013;1;80.0;0.0;0.0;0.0;36.0;0.0;0.0;0.0;0.0;0.0;0.0;0.0;0.0;0.0;0.0;0.0;0.0;0.0;0.0;9.0;0.0;0.0;35.0;0.0;0.0;0.0;0.0;0.0;0.0;0.0;0.0;0.0
Ipu;IPU;-4.3195;-40.710777777778;2013;2;96.6;0.0;11.2;0.0;0.0;0.0;0.0;0.0;1.4;0.0;0.0;0.0;0.0;0.0;7.0;4.0;0.0;0.0;6.4;40.0;26.6;0.0;0.0;0.0;0.0;0.0;0.0;0.0;0.0;888.0;888.0;888.0
Ipu;IPU;-4.3195;-40.710777777778;2013;3;35.4;0.0;0.0;0.0;0.0;0.0;0.0;0.0;1.4;0.0;0.0;0.0;0.0;1.2;0.4;0.0;0.0;0.0;0.4;0.0;12.4;0.8;1.4;0.0;0.0;0.0;4.4;0.0;13.0;0.0;0.0;0.0
Ipu;IPU;-4.3195;-40.710777777778;2013;4;165.3;44.0;0.0;0.0;0.4;20.5;0.0;0.0;8.4;0.0;5.8;0.0;0.0;0.0;0.0;0.0;1.8;4.4;8.0;9.0;0.0;37.4;0.0;3.4;0.0;0.0;0.0;0.0;0.0;8.2;14.0;888.0
Ipu;IPU;-4.3195;-40.710777777778;2013;5;103.8;5.0;0.0;4.8;0.0;0.0;7.0;7.0;0.0;25.4;2.8;0.0;0.0;2.8;0.0;21.0;0.0;0.0;0.0;8.0;0.0;0.0;0.0;0.0;0.0;20.0;0.0;0.0;0.0;0.0;0.0;0.0
Ipu;IPU;-4.3195;-40.710777777778;2013;6;47.0;0.0;0.0;0.0;0.0;0.0;10.8;4.0;0.0;1.8;0.0;0.0;0.0;0.0;10.0;0.0;0.0;0.0;0.0;0.0;0.0;0.0;20.4;0.0;0.0;0.0;0.0;0.0;0.0;0.0;0.0;888.0
Ipu;IPU;-4.3195;-40.710777777778;2013;7;36.0;0.0;0.0;0.0;4.0;0.0;0.0;0.0;0.0;0.0;0.0;0.0;2.0;25.0;0.0;4.0;1.0;0.0;0.0;0.0;0.0;0.0;0.0;0.0;0.0;0.0;0.0;0.0;0.0;0.0;0.0;0.0
Ipu;IPU;-4.3195;-40.710777777778;2013;8;0.0;0.0;0.0;0.0;0.0;0.0;0.0;0.0;0.0;0.0;0.0;0.0;0.0;0.0;0.0;0.0;0.0;0.0;0.0;0.0;0.0;0.0;0.0;0.0;0.0;0.0;0.0;0.0;0.0;0.0;0.0;0.0
Ipu;IPU;-4.3195;-40.710777777778;2013;9;0.0;0.0;0.0;0.0;0.0;0.0;0.0;0.0;0.0;0.0;0.0;0.0;0.0;0.0;0.0;0.0;0.0;0.0;0.0;0.0;0.0;0.0;0.0;0.0;0.0;0.0;0.0;0.0;0.0;0.0;0.0;888.0
Ipu;IPU;-4.3195;-40.710777777778;2013;10;0.0;0.0;0.0;0.0;0.0;0.0;0.0;0.0;0.0;0.0;0.0;0.0;0.0;0.0;0.0;0.0;0.0;0.0;0.0;0.0;0.0;0.0;0.0;0.0;0.0;0.0;0.0;0.0;0.0;0.0;0.0;0.0
Ipu;IPU;-4.3195;-40.710777777778;2013;11;8.0;0.0;0.0;0.0;8.0;0.0;0.0;0.0;0.0;0.0;0.0;0.0;0.0;0.0;0.0;0.0;0.0;0.0;0.0;0.0;0.0;0.0;0.0;0.0;0.0;0.0;0.0;0.0;0.0;0.0;0.0;888.0
Ipu;IPU;-4.3195;-40.710777777778;2013;12;115.5;0.0;0.0;0.0;0.0;0.0;0.0;0.0;0.0;0.0;0.0;0.0;0.0;0.0;0.0;0.0;0.0;1.0;0.0;0.0;105.0;9.5;0.0;0.0;0.0;0.0;0.0;0.0;0.0;0.0;0.0;0.0
Ipu;IPU;-4.3195;-40.710777777778;2014;1;93.8;0.0;0.0;0.0;0.0;0.0;0.0;3.0;24.8;0.0;14.8;0.0;0.0;6.5;3.2;6.0;24.9;0.0;0.0;0.0;0.0;5.6;0.0;0.0;0.0;0.0;0.0;0.0;0.0;0.0;0.0;5.0
Ipu;IPU;-4.3195;-40.710777777778;2014;2;122.3;0.0;0.0;1.0;0.0;0.0;0.0;0.0;0.0;0.0;0.0;0.0;5.0;0.0;0.0;0.0;0.0;67.0;4.5;31.0;9.0;4.8;0.0;0.0;0.0;0.0;0.0;0.0;0.0;888.0;888.0;888.0
Ipu;IPU;-4.3195;-40.710777777778;2014;3;161.7;0.0;0.0;0.0;0.0;0.0;0.0;45.5;0.0;0.0;8.5;0.0;11.5;11.0;13.0;0.0;0.0;32.2;0.0;0.0;7.0;0.0;0.0;0.0;0.0;0.0;0.0;0.0;0.0;0.0;0.0;33.0
Ipu;IPU;-4.3195;-40.710777777778;2014;4;68.3;0.0;17.0;0.0;0.0;0.0;0.0;0.0;2.5;5.0;12.8;25.0;0.0;0.0;6.0;0.0;0.0;0.0;0.0;0.0;0.0;0.0;0.0;0.0;0.0;0.0;0.0;0.0;0.0;0.0;0.0;888.0
Ipu;IPU;-4.3195;-40.710777777778;2014;5;93.0;0.0;0.0;0.0;0.0;0.0;0.0;0.0;0.0;0.0;0.0;0.0;30.0;0.0;0.0;0.0;0.0;0.0;0.0;0.0;0.0;0.0;0.0;0.0;0.0;0.0;0.0;0.0;0.0;9.0;54.0;0.0
Ipu;IPU;-4.3195;-40.710777777778;2014;6;10.4;0.0;0.0;0.0;0.0;0.0;0.0;0.0;0.0;0.0;0.0;0.0;0.0;0.0;0.0;0.0;10.4;0.0;0.0;0.0;0.0;0.0;0.0;0.0;0.0;0.0;0.0;0.0;0.0;0.0;0.0;888.0
Ipu;IPU;-4.3195;-40.710777777778;2014;7;0.0;0.0;0.0;0.0;0.0;0.0;0.0;0.0;0.0;0.0;0.0;0.0;0.0;0.0;0.0;0.0;0.0;0.0;0.0;0.0;0.0;0.0;0.0;0.0;0.0;0.0;0.0;0.0;0.0;0.0;0.0;0.0
Ipu;IPU;-4.3195;-40.710777777778;2014;8;0.0;0.0;0.0;0.0;0.0;0.0;0.0;0.0;0.0;0.0;0.0;0.0;0.0;0.0;0.0;0.0;0.0;0.0;0.0;0.0;0.0;0.0;0.0;0.0;0.0;0.0;0.0;0.0;0.0;0.0;0.0;0.0
Ipu;IPU;-4.3195;-40.710777777778;2014;9;0.0;0.0;0.0;0.0;0.0;0.0;0.0;0.0;0.0;0.0;0.0;0.0;0.0;0.0;0.0;0.0;0.0;0.0;0.0;0.0;0.0;0.0;0.0;0.0;0.0;0.0;0.0;0.0;0.0;0.0;0.0;888.0
Ipu;IPU;-4.3195;-40.710777777778;2014;10;0.0;0.0;0.0;0.0;0.0;0.0;0.0;0.0;0.0;0.0;0.0;0.0;0.0;0.0;0.0;0.0;0.0;0.0;0.0;0.0;0.0;0.0;0.0;0.0;0.0;0.0;0.0;0.0;0.0;0.0;0.0;0.0
Ipu;IPU;-4.3195;-40.710777777778;2014;11;0.0;0.0;0.0;0.0;0.0;0.0;0.0;0.0;0.0;0.0;0.0;0.0;0.0;0.0;0.0;0.0;0.0;0.0;0.0;0.0;0.0;0.0;0.0;0.0;0.0;0.0;0.0;0.0;0.0;0.0;0.0;888.0
Ipu;IPU;-4.3195;-40.710777777778;2014;12;0.0;0.0;0.0;0.0;0.0;0.0;0.0;0.0;0.0;0.0;0.0;0.0;0.0;0.0;0.0;0.0;0.0;0.0;0.0;0.0;0.0;0.0;0.0;0.0;0.0;0.0;0.0;0.0;0.0;0.0;0.0;0.0
Ipu;IPU;-4.3195;-40.710777777778;2015;1;0.0;0.0;0.0;0.0;0.0;0.0;0.0;0.0;0.0;0.0;0.0;0.0;0.0;0.0;0.0;0.0;0.0;0.0;0.0;0.0;0.0;0.0;0.0;0.0;0.0;0.0;0.0;0.0;0.0;0.0;0.0;0.0
Ipu;IPU;-4.3195;-40.710777777778;2015;2;175.0;0.0;0.0;0.0;32.0;44.0;0.0;0.0;0.0;0.0;0.0;0.0;0.0;0.0;0.0;0.0;0.0;0.0;0.0;7.0;0.0;0.0;0.0;58.0;4.0;17.0;13.0;0.0;0.0;888.0;888.0;888.0
Ipu;IPU;-4.3195;-40.710777777778;2015;3;184.7;0.0;22.0;10.9;0.0;0.0;0.0;0.0;0.0;4.9;12.0;0.0;0.0;15.0;0.0;0.0;0.0;0.0;0.0;0.0;0.0;85.0;0.0;5.0;27.9;0.0;2.0;0.0;0.0;0.0;0.0;0.0
Ipu;IPU;-4.3195;-40.710777777778;2015;4;116.2;13.0;0.0;0.0;15.2;0.0;0.0;0.0;0.0;11.9;9.6;16.0;0.0;0.0;0.0;0.0;0.0;0.0;0.0;0.0;0.0;0.0;0.0;43.0;0.0;0.0;0.0;0.0;0.0;0.0;7.5;888.0
Ipu;IPU;-4.3195;-40.710777777778;2015;5;25.0;0.0;0.0;0.0;0.0;0.0;0.0;0.0;0.0;0.0;0.0;0.0;0.0;0.0;0.0;0.0;0.0;0.0;0.0;0.0;0.0;0.0;0.0;0.0;0.0;0.0;0.0;0.0;0.0;0.0;0.0;25.0
Ipu;IPU;-4.3195;-40.710777777778;2015;6;63.2;0.0;0.0;0.0;0.0;39.0;0.0;0.0;7.0;0.0;0.0;0.0;0.0;0.0;0.0;0.0;0.0;0.0;0.0;0.0;0.0;0.0;0.0;0.0;0.0;0.0;17.2;0.0;0.0;0.0;0.0;888.0
Ipu;IPU;-4.3195;-40.710777777778;2015;7;81.4;8.2;0.0;7.0;0.0;66.2;0.0;0.0;0.0;0.0;0.0;0.0;0.0;0.0;0.0;999.0;0.0;0.0;0.0;0.0;0.0;0.0;0.0;0.0;0.0;0.0;0.0;0.0;0.0;0.0;0.0;0.0
Ipu;IPU;-4.3195;-40.710777777778;2015;8;0.0;0.0;0.0;0.0;0.0;0.0;0.0;0.0;0.0;0.0;0.0;0.0;0.0;0.0;0.0;0.0;0.0;0.0;0.0;0.0;0.0;0.0;0.0;0.0;0.0;0.0;0.0;0.0;0.0;0.0;0.0;0.0
Ipu;IPU;-4.3195;-40.710777777778;2015;9;0.0;0.0;0.0;0.0;0.0;0.0;0.0;0.0;0.0;0.0;0.0;0.0;0.0;0.0;0.0;0.0;0.0;0.0;0.0;0.0;0.0;0.0;0.0;0.0;0.0;0.0;0.0;0.0;0.0;0.0;0.0;888.0
Ipu;IPU;-4.3195;-40.710777777778;2015;10;0.0;0.0;0.0;0.0;0.0;0.0;0.0;0.0;0.0;0.0;0.0;0.0;0.0;0.0;0.0;0.0;0.0;0.0;0.0;0.0;0.0;0.0;0.0;0.0;0.0;0.0;0.0;0.0;0.0;0.0;0.0;0.0
Ipu;IPU;-4.3195;-40.710777777778;2015;11;0.0;0.0;0.0;0.0;0.0;0.0;0.0;0.0;0.0;0.0;0.0;0.0;0.0;0.0;0.0;0.0;0.0;0.0;0.0;0.0;0.0;0.0;0.0;0.0;0.0;0.0;0.0;0.0;0.0;0.0;0.0;888.0
Ipu;IPU;-4.3195;-40.710777777778;2015;12;15.4;0.0;0.0;0.0;0.0;0.0;0.0;0.0;0.0;0.0;0.0;0.0;0.0;0.0;0.0;0.0;0.0;0.0;5.4;0.0;0.0;0.0;0.0;0.0;0.0;0.0;0.0;0.0;0.0;10.0;0.0;0.0
Ipu;IPU;-4.3195;-40.710777777778;2016;1;205.8;0.0;0.0;0.0;13.0;0.0;0.0;0.0;0.0;0.0;9.2;0.0;0.0;0.0;0.0;0.0;0.0;0.0;1.2;27.0;0.0;31.0;13.6;0.0;0.0;95.0;12.0;0.0;3.8;0.0;0.0;0.0
Ipu;IPU;-4.3195;-40.710777777778;2016;2;47.7;9.8;3.9;0.0;12.8;0.0;0.0;0.0;0.0;0.0;0.0;0.0;0.0;0.0;0.0;0.0;0.0;0.0;0.0;2.2;0.0;0.0;0.0;19.0;0.0;0.0;0.0;0.0;0.0;0.0;888.0;888.0
Ipu;IPU;-4.3195;-40.710777777778;2016;3;223.4;0.0;0.0;0.0;0.0;0.0;0.0;0.0;2.0;0.0;10.0;19.2;0.0;0.0;0.0;0.0;8.6;7.4;37.2;0.0;0.0;70.0;8.6;2.0;0.0;0.0;0.0;0.0;18.4;20.0;20.0;0.0
Ipu;IPU;-4.3195;-40.710777777778;2016;4;51.7;0.0;0.0;12.0;13.0;5.6;6.0;0.0;0.0;0.0;0.0;0.0;0.0;0.0;0.0;0.0;0.0;0.0;15.1;0.0;0.0;0.0;0.0;0.0;0.0;0.0;0.0;0.0;0.0;0.0;0.0;888.0
Ipu;IPU;-4.3195;-40.710777777778;2016;5;61.4;0.0;0.0;26.4;4.8;0.0;0.0;0.0;0.0;0.0;4.2;0.0;0.0;0.0;0.0;0.0;0.0;0.0;0.0;0.0;0.0;0.0;0.0;0.0;0.0;0.0;0.0;0.0;0.0;0.0;0.0;26.0
Ipu;IPU;-4.3195;-40.710777777778;2016;6;9.0;0.0;0.0;0.0;0.0;0.0;0.0;9.0;0.0;0.0;0.0;0.0;0.0;0.0;0.0;0.0;0.0;0.0;0.0;0.0;0.0;0.0;0.0;0.0;0.0;0.0;0.0;0.0;0.0;0.0;0.0;888.0
Ipu;IPU;-4.3195;-40.710777777778;2016;7;23.6;0.0;0.0;0.0;0.0;0.0;0.0;0.0;23.6;0.0;0.0;0.0;0.0;0.0;0.0;0.0;0.0;0.0;0.0;0.0;0.0;0.0;0.0;0.0;0.0;0.0;0.0;0.0;0.0;0.0;0.0;0.0
Ipu;IPU;-4.3195;-40.710777777778;2016;8;0.0;0.0;0.0;0.0;0.0;0.0;0.0;0.0;0.0;0.0;0.0;0.0;0.0;0.0;0.0;0.0;0.0;0.0;0.0;0.0;0.0;0.0;0.0;0.0;0.0;0.0;0.0;0.0;0.0;0.0;0.0;0.0
Ipu;IPU;-4.3195;-40.710777777778;2016;9;0.0;0.0;0.0;0.0;0.0;0.0;0.0;0.0;0.0;0.0;0.0;0.0;0.0;0.0;0.0;0.0;0.0;0.0;0.0;0.0;0.0;0.0;0.0;0.0;0.0;0.0;0.0;0.0;0.0;0.0;0.0;888.0
Ipu;IPU;-4.3195;-40.710777777778;2016;10;0.0;0.0;0.0;0.0;0.0;0.0;0.0;0.0;0.0;0.0;0.0;0.0;0.0;0.0;0.0;0.0;0.0;0.0;0.0;0.0;0.0;0.0;0.0;0.0;0.0;0.0;0.0;0.0;0.0;0.0;0.0;0.0
Ipu;IPU;-4.3195;-40.710777777778;2016;11;0.0;0.0;0.0;0.0;0.0;0.0;0.0;0.0;0.0;0.0;0.0;0.0;0.0;0.0;0.0;0.0;0.0;0.0;0.0;0.0;0.0;0.0;0.0;0.0;0.0;0.0;0.0;0.0;0.0;0.0;0.0;888.0
Ipu;IPU;-4.3195;-40.710777777778;2016;12;47.6;0.0;0.0;0.0;0.0;0.0;0.0;0.0;0.0;0.0;0.0;0.0;0.0;0.0;0.0;0.0;0.0;0.0;0.0;37.0;0.0;0.0;0.0;10.6;0.0;0.0;0.0;0.0;0.0;0.0;0.0;0.0
Ipu;IPU;-4.3195;-40.710777777778;2017;1;161.2;0.0;0.0;0.0;0.0;0.0;0.0;0.0;0.0;0.0;0.0;15.0;0.0;0.0;0.0;0.0;0.0;0.0;0.0;12.0;105.0;0.0;0.0;15.8;0.0;0.0;0.0;0.0;13.4;0.0;0.0;0.0
Ipu;IPU;-4.3195;-40.710777777778;2017;2;126.6;14.0;0.0;0.0;0.0;0.0;0.0;0.0;0.0;0.0;0.0;0.0;11.4;0.0;6.0;0.0;0.0;7.6;22.6;0.0;51.0;0.0;0.0;0.0;0.0;14.0;0.0;0.0;0.0;888.0;888.0;888.0
Ipu;IPU;-4.3195;-40.710777777778;2017;3;368.7;8.0;0.0;20.0;0.0;0.0;13.0;0.0;14.0;0.0;0.0;65.0;0.0;8.2;9.5;58.0;5.4;14.0;6.0;0.0;0.0;0.0;12.0;0.0;7.0;23.3;0.0;32.0;53.3;14.0;0.0;6.0
Ipu;IPU;-4.3195;-40.710777777778;2017;4;109.5;0.0;0.0;14.0;22.0;0.0;0.0;0.0;0.0;0.0;3.0;0.0;9.5;0.0;0.0;8.0;0.0;0.0;0.0;0.0;0.0;0.0;0.0;0.0;16.0;29.0;0.0;0.0;0.0;0.0;8.0;888.0
Ipu;IPU;-4.3195;-40.710777777778;2017;5;80.2;7.2;0.0;4.0;0.0;0.0;0.0;0.0;0.0;9.0;15.0;0.0;0.0;0.0;0.0;0.0;0.0;0.0;0.0;0.0;0.0;0.0;0.0;0.0;0.0;0.0;0.0;0.0;0.0;45.0;0.0;0.0
Ipu;IPU;-4.3195;-40.710777777778;2017;6;62.9;37.0;20.9;0.0;0.0;0.0;0.0;0.0;0.0;0.0;0.0;0.0;0.0;0.0;0.0;0.0;0.0;0.0;0.0;5.0;0.0;0.0;0.0;0.0;0.0;0.0;0.0;0.0;0.0;0.0;0.0;888.0
Ipu;IPU;-4.3195;-40.710777777778;2017;7;42.2;19.2;0.0;0.0;0.0;0.0;0.0;0.0;0.0;0.0;0.0;0.0;0.0;0.0;0.0;0.0;0.0;0.0;0.0;0.0;0.0;0.0;0.0;0.0;23.0;0.0;0.0;0.0;0.0;0.0;0.0;0.0
Ipu;IPU;-4.3195;-40.710777777778;2017;8;0.0;0.0;0.0;0.0;0.0;0.0;0.0;0.0;0.0;0.0;0.0;0.0;0.0;0.0;0.0;0.0;0.0;0.0;0.0;0.0;0.0;0.0;0.0;0.0;0.0;0.0;0.0;0.0;0.0;0.0;0.0;0.0
Ipu;IPU;-4.3195;-40.710777777778;2017;9;0.0;0.0;0.0;0.0;0.0;0.0;0.0;0.0;0.0;0.0;0.0;0.0;0.0;0.0;0.0;0.0;0.0;0.0;0.0;0.0;0.0;0.0;0.0;0.0;0.0;0.0;0.0;0.0;0.0;0.0;0.0;888.0
Ipu;IPU;-4.3195;-40.710777777778;2017;10;0.0;0.0;0.0;0.0;0.0;0.0;0.0;0.0;0.0;0.0;0.0;0.0;0.0;0.0;0.0;0.0;0.0;0.0;0.0;0.0;0.0;0.0;0.0;0.0;0.0;0.0;0.0;0.0;0.0;0.0;0.0;0.0
Ipu;IPU;-4.3195;-40.710777777778;2017;11;0.0;0.0;0.0;0.0;0.0;0.0;0.0;0.0;0.0;0.0;0.0;0.0;0.0;0.0;0.0;0.0;0.0;0.0;0.0;0.0;0.0;0.0;0.0;0.0;0.0;0.0;0.0;0.0;0.0;0.0;0.0;888.0
Ipu;IPU;-4.3195;-40.710777777778;2017;12;13.2;0.0;0.0;0.0;0.0;0.0;0.0;0.0;0.0;0.0;0.0;0.0;0.0;0.0;0.0;0.0;0.0;0.0;0.0;0.0;0.0;0.0;0.0;13.2;0.0;0.0;0.0;0.0;0.0;0.0;0.0;0.0
Ipu;IPU;-4.3195;-40.710777777778;2018;1;273.8;0.0;0.0;0.0;0.0;0.0;0.0;0.0;0.0;0.0;0.0;0.0;0.0;0.0;0.0;0.0;0.0;0.0;0.0;6.0;4.4;0.0;14.0;10.0;0.0;22.4;73.0;45.0;64.0;0.0;35.0;0.0
Ipu;IPU;-4.3195;-40.710777777778;2018;2;267.6;0.0;0.0;0.0;9.0;0.0;5.0;0.0;15.0;54.0;0.0;12.0;31.0;18.0;0.0;64.0;0.0;0.0;0.0;18.6;0.0;28.0;0.0;0.0;0.0;0.0;0.0;13.0;0.0;888.0;888.0;888.0
Ipu;IPU;-4.3195;-40.710777777778;2018;3;193.6;0.0;6.0;0.0;0.0;6.6;0.0;0.0;0.0;0.0;0.0;0.0;0.0;0.0;0.0;0.0;0.0;0.0;0.0;0.0;27.0;0.0;0.0;35.0;15.0;0.0;0.0;0.0;0.0;95.0;0.0;9.0
Ipu;IPU;-4.3195;-40.710777777778;2018;4;261.7;0.0;6.8;39.3;0.0;19.4;0.0;15.0;0.0;0.0;67.0;12.8;32.4;4.8;0.0;0.0;6.2;0.0;0.0;0.0;0.0;0.0;0.0;10.0;0.0;11.0;0.0;0.0;0.0;0.0;37.0;888.0
Ipu;IPU;-4.3195;-40.710777777778;2018;5;93.0;0.0;13.6;0.0;0.0;0.0;0.0;8.4;12.0;0.0;8.0;0.0;15.0;0.0;0.0;0.0;0.0;0.0;0.0;36.0;0.0;0.0;0.0;0.0;0.0;0.0;0.0;0.0;0.0;0.0;0.0;0.0
Ipu;IPU;-4.3195;-40.710777777778;2018;6;8.4;0.0;0.0;8.4;0.0;0.0;0.0;0.0;0.0;0.0;0.0;0.0;0.0;0.0;0.0;0.0;0.0;0.0;0.0;0.0;0.0;0.0;0.0;0.0;0.0;0.0;0.0;0.0;0.0;0.0;0.0;888.0
Ipu;IPU;-4.3195;-40.710777777778;2018;7;0.0;0.0;0.0;0.0;0.0;0.0;0.0;0.0;0.0;0.0;0.0;0.0;0.0;0.0;0.0;0.0;0.0;0.0;0.0;0.0;0.0;0.0;0.0;0.0;0.0;0.0;0.0;0.0;0.0;0.0;0.0;0.0
Ipu;IPU;-4.3195;-40.710777777778;2018;8;0.0;0.0;0.0;0.0;0.0;0.0;0.0;0.0;0.0;0.0;0.0;0.0;0.0;0.0;0.0;0.0;0.0;0.0;0.0;0.0;0.0;0.0;0.0;0.0;0.0;0.0;0.0;0.0;0.0;0.0;0.0;0.0
Ipu;IPU;-4.3195;-40.710777777778;2018;9;0.0;0.0;0.0;0.0;0.0;0.0;0.0;0.0;0.0;0.0;0.0;0.0;0.0;0.0;999.0;999.0;999.0;999.0;999.0;999.0;999.0;999.0;999.0;999.0;999.0;999.0;999.0;999.0;999.0;999.0;999.0;888.0
