Municipios;Postos;Latitude;Longitude;Anos;Meses;Total;Dia1;Dia2;Dia3;Dia4;Dia5;Dia6;Dia7;Dia8;Dia9;Dia10;Dia11;Dia12;Dia13;Dia14;Dia15;Dia16;Dia17;Dia18;Dia19;Dia20;Dia21;Dia22;Dia23;Dia24;Dia25;Dia26;Dia27;Dia28;Dia29;Dia30;Dia31
Santa Quitéria;TRAPIA;-4.1910833333333;-40.320444444444;2000;11;0.0;0.0;0.0;0.0;0.0;0.0;0.0;0.0;0.0;0.0;0.0;0.0;0.0;0.0;0.0;0.0;0.0;0.0;0.0;0.0;0.0;0.0;0.0;0.0;0.0;0.0;0.0;0.0;0.0;0.0;0.0;888.0
Santa Quitéria;TRAPIA;-4.1910833333333;-40.320444444444;2000;12;0.0;0.0;0.0;0.0;0.0;0.0;0.0;0.0;0.0;0.0;0.0;0.0;0.0;0.0;0.0;0.0;0.0;0.0;0.0;0.0;0.0;0.0;0.0;0.0;0.0;0.0;0.0;0.0;0.0;0.0;0.0;0.0
Santa Quitéria;TRAPIA;-4.1910833333333;-40.320444444444;2001;1;103.8;6.0;0.0;0.0;8.0;0.0;0.0;50.2;0.0;0.0;0.0;0.0;3.0;11.0;0.0;0.0;0.0;0.0;0.0;0.0;0.0;0.0;0.0;0.0;0.0;0.0;0.0;8.0;0.0;0.0;3.0;14.6
Santa Quitéria;TRAPIA;-4.1910833333333;-40.320444444444;2001;2;170.0;0.0;0.0;0.0;0.0;0.0;0.0;0.0;64.4;13.2;0.0;0.0;4.6;23.0;0.0;0.0;0.0;0.0;0.0;2.4;14.0;0.0;0.0;0.0;0.0;43.6;0.0;0.0;4.8;888.0;888.0;888.0
Santa Quitéria;TRAPIA;-4.1910833333333;-40.320444444444;2001;3;97.2;2.2;0.0;0.0;0.0;0.0;0.0;0.0;0.0;13.6;0.0;6.0;13.8;28.6;4.2;0.0;0.0;0.0;0.0;0.0;0.0;9.0;0.0;0.0;0.0;2.2;0.0;0.0;1.0;10.2;0.0;6.4
Santa Quitéria;TRAPIA;-4.1910833333333;-40.320444444444;2001;4;238.2;0.0;37.0;5.4;3.6;0.0;10.2;0.0;0.0;10.0;23.2;18.0;4.6;0.0;0.0;0.0;13.4;0.0;45.0;35.2;10.4;1.4;0.0;0.0;0.0;0.0;0.0;14.2;6.6;0.0;0.0;888.0
Santa Quitéria;TRAPIA;-4.1910833333333;-40.320444444444;2001;5;0.0;0.0;0.0;0.0;0.0;0.0;0.0;0.0;0.0;0.0;0.0;0.0;0.0;0.0;0.0;0.0;0.0;0.0;0.0;0.0;0.0;0.0;0.0;0.0;0.0;0.0;0.0;0.0;0.0;0.0;0.0;0.0
Santa Quitéria;TRAPIA;-4.1910833333333;-40.320444444444;2001;6;0.0;0.0;0.0;0.0;0.0;0.0;0.0;0.0;0.0;0.0;0.0;0.0;0.0;0.0;0.0;0.0;0.0;0.0;0.0;0.0;0.0;0.0;0.0;0.0;0.0;0.0;0.0;0.0;0.0;0.0;0.0;888.0
Santa Quitéria;TRAPIA;-4.1910833333333;-40.320444444444;2001;7;0.0;0.0;0.0;0.0;0.0;0.0;0.0;0.0;0.0;0.0;0.0;0.0;0.0;0.0;0.0;0.0;0.0;0.0;0.0;0.0;0.0;0.0;0.0;0.0;0.0;0.0;0.0;0.0;0.0;0.0;0.0;0.0
Santa Quitéria;TRAPIA;-4.1910833333333;-40.320444444444;2001;8;0.0;0.0;0.0;0.0;0.0;0.0;0.0;0.0;0.0;0.0;0.0;0.0;0.0;0.0;0.0;0.0;0.0;0.0;0.0;0.0;0.0;0.0;0.0;0.0;0.0;0.0;0.0;0.0;0.0;0.0;0.0;0.0
Santa Quitéria;TRAPIA;-4.1910833333333;-40.320444444444;2001;9;0.0;0.0;0.0;0.0;0.0;0.0;0.0;0.0;0.0;0.0;0.0;0.0;0.0;0.0;0.0;0.0;0.0;0.0;0.0;0.0;0.0;0.0;0.0;0.0;0.0;0.0;0.0;0.0;0.0;0.0;0.0;888.0
Santa Quitéria;TRAPIA;-4.1910833333333;-40.320444444444;2001;10;0.0;0.0;0.0;0.0;0.0;0.0;0.0;0.0;0.0;0.0;0.0;0.0;0.0;0.0;0.0;0.0;0.0;0.0;0.0;0.0;0.0;0.0;0.0;0.0;0.0;0.0;0.0;0.0;0.0;0.0;0.0;0.0
Santa Quitéria;TRAPIA;-4.1910833333333;-40.320444444444;2001;11;0.0;0.0;0.0;0.0;0.0;0.0;0.0;0.0;0.0;0.0;0.0;0.0;0.0;0.0;0.0;0.0;0.0;0.0;0.0;0.0;0.0;0.0;0.0;0.0;0.0;0.0;0.0;0.0;0.0;0.0;0.0;888.0
Santa Quitéria;TRAPIA;-4.1910833333333;-40.320444444444;2001;12;0.0;0.0;0.0;0.0;0.0;0.0;0.0;0.0;0.0;0.0;0.0;0.0;0.0;0.0;0.0;0.0;0.0;0.0;0.0;0.0;0.0;0.0;0.0;0.0;0.0;0.0;0.0;0.0;0.0;0.0;0.0;0.0
Santa Quitéria;TRAPIA;-4.1910833333333;-40.320444444444;2002;1;340.3;0.0;0.0;0.0;0.0;0.0;67.6;19.0;38.4;0.0;0.0;0.0;35.0;5.4;0.0;100.3;6.0;8.2;0.0;0.0;0.0;0.0;0.0;5.2;14.0;0.0;0.0;0.0;18.2;23.0;0.0;0.0
Santa Quitéria;TRAPIA;-4.1910833333333;-40.320444444444;2002;2;44.8;0.0;0.0;4.8;0.0;0.0;6.6;0.0;0.0;0.0;0.0;0.0;0.0;16.4;0.0;4.4;0.0;0.0;0.0;0.0;0.0;0.0;0.0;0.0;0.0;12.6;0.0;0.0;0.0;888.0;888.0;888.0
Santa Quitéria;TRAPIA;-4.1910833333333;-40.320444444444;2002;3;143.6;0.0;0.0;27.0;18.2;0.0;4.4;3.0;5.4;6.4;0.0;0.0;0.0;0.0;0.0;3.2;0.0;20.0;0.0;12.6;0.0;0.0;0.0;16.6;0.0;0.0;0.0;26.8;0.0;0.0;0.0;0.0
Santa Quitéria;TRAPIA;-4.1910833333333;-40.320444444444;2002;4;243.8;0.0;0.0;0.0;8.8;56.0;5.6;6.4;0.0;8.0;1.0;0.0;0.0;0.0;15.4;0.0;27.0;19.0;7.4;0.0;0.0;12.6;0.0;2.0;0.0;3.0;0.0;0.0;45.0;5.0;21.6;888.0
Santa Quitéria;TRAPIA;-4.1910833333333;-40.320444444444;2002;5;121.6;30.0;51.2;0.0;0.0;0.0;12.0;5.8;0.0;0.0;0.0;5.8;0.0;0.0;0.0;0.0;0.0;0.0;0.0;0.0;0.0;0.0;0.0;0.0;16.8;0.0;0.0;0.0;0.0;0.0;0.0;0.0
Santa Quitéria;TRAPIA;-4.1910833333333;-40.320444444444;2002;6;0.0;0.0;0.0;0.0;0.0;0.0;0.0;0.0;0.0;0.0;0.0;0.0;0.0;0.0;0.0;0.0;0.0;0.0;0.0;0.0;0.0;0.0;0.0;0.0;0.0;0.0;0.0;0.0;0.0;0.0;0.0;888.0
Santa Quitéria;TRAPIA;-4.1910833333333;-40.320444444444;2002;7;0.0;0.0;0.0;0.0;0.0;0.0;0.0;0.0;0.0;0.0;0.0;0.0;0.0;0.0;0.0;0.0;0.0;0.0;0.0;0.0;0.0;0.0;0.0;0.0;0.0;0.0;0.0;0.0;0.0;0.0;0.0;0.0
Santa Quitéria;TRAPIA;-4.1910833333333;-40.320444444444;2002;8;0.0;0.0;0.0;0.0;0.0;0.0;0.0;0.0;0.0;0.0;0.0;0.0;0.0;0.0;0.0;0.0;0.0;0.0;0.0;0.0;0.0;0.0;0.0;0.0;0.0;0.0;0.0;0.0;0.0;0.0;0.0;0.0
Santa Quitéria;TRAPIA;-4.1910833333333;-40.320444444444;2002;9;0.0;0.0;0.0;0.0;0.0;0.0;0.0;0.0;0.0;0.0;0.0;0.0;0.0;0.0;0.0;0.0;0.0;0.0;0.0;0.0;0.0;0.0;0.0;0.0;0.0;0.0;0.0;0.0;0.0;0.0;0.0;888.0
Santa Quitéria;TRAPIA;-4.1910833333333;-40.320444444444;2002;10;0.0;0.0;0.0;0.0;0.0;0.0;0.0;0.0;0.0;0.0;0.0;0.0;0.0;0.0;0.0;0.0;0.0;0.0;0.0;0.0;0.0;0.0;0.0;0.0;0.0;0.0;0.0;0.0;0.0;0.0;0.0;0.0
Santa Quitéria;TRAPIA;-4.1910833333333;-40.320444444444;2002;11;0.0;0.0;0.0;0.0;0.0;0.0;0.0;0.0;0.0;0.0;0.0;0.0;0.0;0.0;0.0;0.0;0.0;0.0;0.0;0.0;0.0;0.0;0.0;0.0;0.0;0.0;0.0;0.0;0.0;0.0;0.0;888.0
Santa Quitéria;TRAPIA;-4.1910833333333;-40.320444444444;2002;12;0.0;0.0;0.0;0.0;0.0;0.0;0.0;0.0;0.0;0.0;0.0;0.0;0.0;0.0;0.0;0.0;0.0;0.0;0.0;0.0;0.0;0.0;0.0;0.0;0.0;0.0;0.0;0.0;0.0;0.0;0.0;0.0
Santa Quitéria;TRAPIA;-4.1910833333333;-40.320444444444;2003;1;0.0;0.0;999.0;999.0;999.0;999.0;999.0;999.0;999.0;999.0;999.0;999.0;999.0;999.0;999.0;999.0;999.0;999.0;999.0;999.0;999.0;999.0;999.0;999.0;999.0;999.0;999.0;999.0;999.0;999.0;999.0;999.0
Santa Quitéria;TRAPIA;-4.1910833333333;-40.320444444444;2003;2;0.0;0.0;999.0;999.0;999.0;999.0;999.0;999.0;999.0;999.0;999.0;999.0;999.0;999.0;999.0;999.0;999.0;999.0;999.0;999.0;999.0;999.0;999.0;999.0;999.0;999.0;999.0;999.0;999.0;888.0;888.0;888.0
Santa Quitéria;TRAPIA;-4.1910833333333;-40.320444444444;2003;3;0.0;0.0;999.0;999.0;999.0;999.0;999.0;999.0;999.0;999.0;999.0;999.0;999.0;999.0;999.0;999.0;999.0;999.0;999.0;999.0;999.0;999.0;999.0;999.0;999.0;999.0;999.0;999.0;999.0;999.0;999.0;999.0
Santa Quitéria;TRAPIA;-4.1910833333333;-40.320444444444;2003;4;0.0;0.0;999.0;999.0;999.0;999.0;999.0;999.0;999.0;999.0;999.0;999.0;999.0;999.0;999.0;999.0;999.0;999.0;999.0;999.0;999.0;999.0;999.0;999.0;999.0;999.0;999.0;999.0;999.0;999.0;999.0;888.0
Santa Quitéria;TRAPIA;-4.1910833333333;-40.320444444444;2003;5;0.0;0.0;999.0;999.0;999.0;999.0;999.0;999.0;999.0;999.0;999.0;999.0;999.0;999.0;999.0;999.0;999.0;999.0;999.0;999.0;999.0;999.0;999.0;999.0;999.0;999.0;999.0;999.0;999.0;999.0;999.0;999.0
Santa Quitéria;TRAPIA;-4.1910833333333;-40.320444444444;2003;6;0.0;0.0;999.0;999.0;999.0;999.0;999.0;999.0;999.0;999.0;999.0;999.0;999.0;999.0;999.0;999.0;999.0;999.0;999.0;999.0;999.0;999.0;999.0;999.0;999.0;999.0;999.0;999.0;999.0;999.0;999.0;888.0
Santa Quitéria;TRAPIA;-4.1910833333333;-40.320444444444;2003;7;0.0;0.0;999.0;999.0;999.0;999.0;999.0;999.0;999.0;999.0;999.0;999.0;999.0;999.0;999.0;999.0;999.0;999.0;999.0;999.0;999.0;999.0;999.0;999.0;999.0;999.0;999.0;999.0;999.0;999.0;999.0;999.0
Santa Quitéria;TRAPIA;-4.1910833333333;-40.320444444444;2003;8;0.0;0.0;999.0;999.0;999.0;999.0;999.0;999.0;999.0;999.0;999.0;999.0;999.0;999.0;999.0;999.0;999.0;999.0;999.0;999.0;999.0;999.0;999.0;999.0;999.0;999.0;999.0;999.0;999.0;999.0;999.0;999.0
Santa Quitéria;TRAPIA;-4.1910833333333;-40.320444444444;2003;9;0.0;0.0;999.0;999.0;999.0;999.0;999.0;999.0;999.0;999.0;999.0;999.0;999.0;999.0;999.0;999.0;999.0;999.0;999.0;999.0;999.0;999.0;999.0;999.0;999.0;999.0;999.0;999.0;999.0;999.0;999.0;888.0
Santa Quitéria;TRAPIA;-4.1910833333333;-40.320444444444;2003;10;0.0;0.0;999.0;999.0;999.0;999.0;999.0;999.0;999.0;999.0;999.0;999.0;999.0;999.0;999.0;999.0;999.0;999.0;999.0;999.0;999.0;999.0;999.0;999.0;999.0;999.0;999.0;999.0;999.0;999.0;999.0;999.0
Santa Quitéria;TRAPIA;-4.1910833333333;-40.320444444444;2003;11;0.0;0.0;999.0;999.0;999.0;999.0;999.0;999.0;999.0;999.0;999.0;999.0;999.0;999.0;999.0;999.0;999.0;999.0;999.0;999.0;999.0;999.0;999.0;999.0;999.0;999.0;999.0;999.0;999.0;999.0;999.0;888.0
Santa Quitéria;TRAPIA;-4.1910833333333;-40.320444444444;2003;12;0.0;0.0;999.0;999.0;999.0;999.0;999.0;999.0;999.0;999.0;999.0;999.0;999.0;999.0;999.0;999.0;999.0;999.0;999.0;999.0;999.0;999.0;999.0;999.0;999.0;999.0;999.0;999.0;999.0;999.0;999.0;999.0
Santa Quitéria;TRAPIA;-4.1910833333333;-40.320444444444;2004;1;131.4;0.0;0.0;0.0;0.0;0.0;0.0;0.0;0.0;0.0;0.0;0.0;0.0;0.0;0.0;0.0;0.0;0.0;0.0;0.0;0.0;0.0;0.0;0.0;0.0;0.0;10.2;30.0;66.2;2.0;9.0;14.0
Santa Quitéria;TRAPIA;-4.1910833333333;-40.320444444444;2004;2;249.5;10.2;16.3;10.3;0.0;25.3;0.0;4.0;6.3;1.3;0.0;0.0;5.3;3.4;0.0;75.0;20.0;0.0;0.0;0.0;18.0;0.0;0.0;21.2;13.2;0.0;13.0;1.4;0.0;5.3;888.0;888.0
Santa Quitéria;TRAPIA;-4.1910833333333;-40.320444444444;2004;3;238.1;0.0;0.0;0.0;3.0;11.3;50.2;90.3;40.0;0.0;0.0;3.4;1.2;0.0;5.3;0.0;27.4;0.0;0.0;0.0;0.0;1.0;0.0;5.0;0.0;0.0;0.0;0.0;0.0;0.0;0.0;0.0
Santa Quitéria;TRAPIA;-4.1910833333333;-40.320444444444;2004;4;118.1;0.0;0.0;0.0;0.0;0.0;0.0;0.0;0.0;0.0;0.0;0.0;0.0;0.0;0.0;36.0;0.0;0.0;0.0;0.0;0.0;0.0;7.0;0.0;0.0;50.0;15.0;10.1;0.0;0.0;0.0;888.0
Santa Quitéria;TRAPIA;-4.1910833333333;-40.320444444444;2004;5;50.3;0.0;0.0;0.0;23.0;0.0;0.0;0.0;0.0;2.1;3.2;2.2;0.0;0.0;0.0;0.0;0.0;0.0;0.0;0.0;7.5;0.0;0.0;0.0;12.3;0.0;0.0;0.0;0.0;0.0;0.0;0.0
Santa Quitéria;TRAPIA;-4.1910833333333;-40.320444444444;2004;6;21.9;3.3;0.0;0.0;3.1;3.2;0.0;0.0;0.0;0.0;0.0;0.0;0.0;0.0;0.0;0.0;0.0;0.0;6.0;0.0;0.0;4.0;0.0;0.0;0.0;0.0;2.3;0.0;0.0;0.0;0.0;888.0
Santa Quitéria;TRAPIA;-4.1910833333333;-40.320444444444;2004;7;16.3;0.0;0.0;3.2;0.0;0.0;0.0;0.0;0.0;0.0;1.1;0.0;0.0;0.0;0.0;0.0;12.0;0.0;0.0;0.0;0.0;0.0;0.0;0.0;0.0;0.0;0.0;0.0;0.0;0.0;0.0;0.0
Santa Quitéria;TRAPIA;-4.1910833333333;-40.320444444444;2004;8;4.2;0.0;0.0;0.0;0.0;0.0;1.0;0.0;0.0;0.0;0.0;0.0;0.0;0.0;0.0;0.0;3.2;0.0;0.0;0.0;0.0;0.0;0.0;0.0;0.0;0.0;0.0;0.0;0.0;0.0;0.0;0.0
Santa Quitéria;TRAPIA;-4.1910833333333;-40.320444444444;2004;9;0.0;0.0;0.0;0.0;0.0;0.0;0.0;0.0;0.0;0.0;0.0;0.0;0.0;0.0;0.0;0.0;0.0;0.0;0.0;0.0;0.0;0.0;0.0;0.0;0.0;0.0;0.0;0.0;0.0;0.0;0.0;888.0
Santa Quitéria;TRAPIA;-4.1910833333333;-40.320444444444;2004;10;0.0;0.0;0.0;0.0;0.0;0.0;0.0;0.0;0.0;0.0;0.0;0.0;0.0;0.0;0.0;0.0;0.0;0.0;0.0;0.0;0.0;0.0;0.0;0.0;0.0;0.0;0.0;0.0;0.0;0.0;0.0;0.0
Santa Quitéria;TRAPIA;-4.1910833333333;-40.320444444444;2004;11;0.0;0.0;0.0;0.0;0.0;0.0;0.0;0.0;0.0;0.0;0.0;0.0;0.0;0.0;0.0;0.0;0.0;0.0;0.0;0.0;0.0;0.0;0.0;0.0;0.0;0.0;0.0;0.0;0.0;0.0;0.0;888.0
Santa Quitéria;TRAPIA;-4.1910833333333;-40.320444444444;2004;12;15.0;0.0;0.0;0.0;0.0;0.0;0.0;0.0;0.0;0.0;0.0;0.0;0.0;0.0;0.0;0.0;0.0;0.0;0.0;0.0;0.0;0.0;0.0;0.0;0.0;0.0;15.0;0.0;0.0;0.0;0.0;0.0
Santa Quitéria;TRAPIA;-4.1910833333333;-40.320444444444;2005;1;118.7;0.0;0.0;0.0;0.0;0.0;0.0;0.0;0.0;0.0;0.0;0.0;0.0;0.0;28.0;0.0;50.2;0.0;8.0;0.0;8.1;0.0;0.0;2.0;12.2;10.2;0.0;0.0;0.0;0.0;0.0;0.0
Santa Quitéria;TRAPIA;-4.1910833333333;-40.320444444444;2005;2;13.2;0.0;1.4;0.0;0.0;0.0;0.0;0.0;0.0;0.0;1.0;0.0;0.0;6.6;0.0;0.0;2.0;2.2;0.0;0.0;0.0;0.0;0.0;0.0;0.0;0.0;0.0;0.0;0.0;888.0;888.0;888.0
Santa Quitéria;TRAPIA;-4.1910833333333;-40.320444444444;2005;3;186.3;0.0;0.0;0.0;0.0;0.0;0.0;0.0;0.0;20.1;0.0;0.0;33.0;0.0;5.2;0.0;0.0;0.0;0.0;3.2;17.4;4.4;3.0;0.0;20.4;12.0;34.0;6.0;7.6;9.6;3.4;7.0
Santa Quitéria;TRAPIA;-4.1910833333333;-40.320444444444;2005;4;74.6;6.4;1.4;0.0;0.0;2.0;0.0;3.0;0.0;0.0;4.0;11.0;0.0;0.0;0.0;6.8;0.0;0.0;0.0;0.0;0.0;0.0;0.0;0.0;0.0;0.0;6.0;0.0;23.0;0.0;11.0;888.0
Santa Quitéria;TRAPIA;-4.1910833333333;-40.320444444444;2005;5;103.2;0.0;17.4;12.2;3.4;1.0;0.0;0.0;5.4;3.4;0.0;0.0;0.0;0.0;12.0;2.2;0.0;5.2;4.0;0.0;0.0;4.0;0.0;6.0;24.0;0.0;0.0;0.0;0.0;0.0;0.0;3.0
Santa Quitéria;TRAPIA;-4.1910833333333;-40.320444444444;2005;6;23.6;0.0;7.0;0.0;0.0;0.0;3.0;0.0;0.0;0.0;0.0;0.0;0.0;0.0;0.0;5.6;0.0;0.0;0.0;8.0;0.0;0.0;0.0;0.0;0.0;0.0;0.0;0.0;0.0;0.0;0.0;888.0
Santa Quitéria;TRAPIA;-4.1910833333333;-40.320444444444;2005;7;7.0;0.0;0.0;0.0;0.0;0.0;0.0;0.0;0.0;4.0;3.0;0.0;0.0;0.0;0.0;0.0;0.0;0.0;0.0;0.0;0.0;0.0;0.0;0.0;0.0;0.0;0.0;0.0;0.0;0.0;0.0;0.0
Santa Quitéria;TRAPIA;-4.1910833333333;-40.320444444444;2005;8;0.0;0.0;0.0;0.0;0.0;0.0;0.0;0.0;0.0;0.0;0.0;0.0;0.0;0.0;0.0;0.0;0.0;0.0;0.0;0.0;0.0;0.0;0.0;0.0;0.0;0.0;0.0;0.0;0.0;0.0;0.0;0.0
Santa Quitéria;TRAPIA;-4.1910833333333;-40.320444444444;2005;9;0.0;0.0;0.0;0.0;0.0;0.0;0.0;0.0;0.0;0.0;0.0;0.0;0.0;0.0;0.0;0.0;0.0;0.0;0.0;0.0;0.0;0.0;0.0;0.0;0.0;0.0;0.0;0.0;0.0;0.0;0.0;888.0
Santa Quitéria;TRAPIA;-4.1910833333333;-40.320444444444;2005;10;0.0;0.0;0.0;0.0;0.0;0.0;0.0;0.0;0.0;0.0;0.0;0.0;0.0;0.0;0.0;0.0;0.0;0.0;0.0;0.0;0.0;0.0;0.0;0.0;0.0;0.0;0.0;0.0;0.0;0.0;0.0;0.0
Santa Quitéria;TRAPIA;-4.1910833333333;-40.320444444444;2005;11;0.0;0.0;0.0;0.0;0.0;0.0;0.0;0.0;0.0;0.0;0.0;0.0;0.0;0.0;0.0;0.0;0.0;0.0;0.0;0.0;0.0;0.0;0.0;0.0;0.0;0.0;0.0;0.0;0.0;0.0;0.0;888.0
Santa Quitéria;TRAPIA;-4.1910833333333;-40.320444444444;2005;12;14.0;0.0;0.0;0.0;0.0;0.0;0.0;0.0;14.0;0.0;0.0;0.0;0.0;0.0;0.0;0.0;0.0;0.0;0.0;0.0;0.0;0.0;0.0;0.0;0.0;0.0;0.0;0.0;0.0;0.0;0.0;0.0
Santa Quitéria;TRAPIA;-4.1910833333333;-40.320444444444;2006;1;8.6;7.6;0.0;0.0;0.0;0.0;0.0;0.0;0.0;0.0;0.0;0.0;0.0;0.0;0.0;0.0;0.0;0.0;0.0;1.0;0.0;0.0;0.0;0.0;0.0;0.0;0.0;0.0;0.0;0.0;0.0;0.0
Santa Quitéria;TRAPIA;-4.1910833333333;-40.320444444444;2006;2;235.2;0.0;0.0;0.0;0.0;0.0;0.0;0.0;0.0;0.0;0.0;0.0;85.0;0.0;0.0;7.0;73.2;2.2;0.0;52.2;0.0;0.0;0.0;0.0;3.4;5.0;7.2;0.0;0.0;888.0;888.0;888.0
Santa Quitéria;TRAPIA;-4.1910833333333;-40.320444444444;2006;3;306.2;0.0;27.0;9.6;3.2;3.6;0.0;27.0;0.0;0.0;0.0;0.0;3.4;33.2;0.0;8.8;26.0;0.0;0.0;0.0;44.0;19.0;14.8;0.0;32.4;15.0;8.8;3.0;16.4;4.0;3.0;4.0
Santa Quitéria;TRAPIA;-4.1910833333333;-40.320444444444;2006;4;200.8;2.4;2.6;0.0;0.0;0.0;11.0;0.0;0.0;0.0;0.0;17.6;15.0;4.0;0.0;3.6;17.4;7.8;23.8;18.0;6.0;0.0;6.6;1.0;9.4;43.0;3.4;0.0;4.0;0.0;4.2;888.0
Santa Quitéria;TRAPIA;-4.1910833333333;-40.320444444444;2006;5;135.6;15.8;0.0;0.0;0.0;0.0;15.4;19.0;16.0;5.8;2.0;19.0;0.0;9.0;4.2;0.0;9.0;0.0;0.0;0.0;0.0;0.0;19.4;0.0;1.0;0.0;0.0;0.0;0.0;0.0;0.0;0.0
Santa Quitéria;TRAPIA;-4.1910833333333;-40.320444444444;2006;6;17.6;0.0;0.0;0.0;0.0;0.0;0.0;0.0;0.0;0.0;0.0;0.0;5.0;11.6;0.0;0.0;0.0;0.0;0.0;0.0;0.0;0.0;0.0;0.0;0.0;0.0;0.0;0.0;0.0;1.0;0.0;888.0
Santa Quitéria;TRAPIA;-4.1910833333333;-40.320444444444;2006;7;3.0;0.0;0.0;0.0;0.0;0.0;0.0;3.0;0.0;0.0;0.0;0.0;0.0;0.0;0.0;0.0;0.0;0.0;0.0;0.0;0.0;0.0;0.0;0.0;0.0;0.0;0.0;0.0;0.0;0.0;0.0;0.0
Santa Quitéria;TRAPIA;-4.1910833333333;-40.320444444444;2006;8;1.8;0.0;0.0;0.0;0.0;0.0;0.0;0.0;0.0;0.0;0.0;0.0;0.0;0.0;0.0;0.0;0.0;1.8;0.0;0.0;0.0;0.0;0.0;0.0;0.0;0.0;0.0;0.0;0.0;0.0;0.0;0.0
Santa Quitéria;TRAPIA;-4.1910833333333;-40.320444444444;2006;9;0.0;0.0;0.0;0.0;0.0;0.0;0.0;0.0;0.0;0.0;0.0;0.0;0.0;0.0;0.0;0.0;0.0;0.0;0.0;0.0;0.0;0.0;0.0;0.0;0.0;0.0;0.0;0.0;0.0;0.0;0.0;888.0
Santa Quitéria;TRAPIA;-4.1910833333333;-40.320444444444;2006;10;0.0;0.0;0.0;0.0;0.0;0.0;0.0;0.0;0.0;0.0;0.0;0.0;0.0;0.0;0.0;0.0;0.0;0.0;0.0;0.0;0.0;0.0;0.0;0.0;0.0;0.0;0.0;0.0;0.0;0.0;0.0;0.0
Santa Quitéria;TRAPIA;-4.1910833333333;-40.320444444444;2006;11;0.0;0.0;0.0;0.0;0.0;0.0;0.0;0.0;0.0;0.0;0.0;0.0;0.0;0.0;0.0;0.0;0.0;0.0;0.0;0.0;0.0;0.0;0.0;0.0;0.0;0.0;0.0;0.0;0.0;0.0;0.0;888.0
Santa Quitéria;TRAPIA;-4.1910833333333;-40.320444444444;2006;12;10.2;0.0;0.0;0.0;0.0;0.0;0.0;0.0;0.0;0.0;0.0;0.0;0.0;0.0;0.0;0.0;0.0;0.0;0.0;0.0;0.0;0.0;0.0;0.0;0.0;0.0;0.0;1.2;3.0;0.0;6.0;0.0
Santa Quitéria;TRAPIA;-4.1910833333333;-40.320444444444;2007;1;3.6;0.0;0.0;0.0;0.0;0.0;3.6;0.0;0.0;0.0;0.0;0.0;0.0;0.0;0.0;0.0;0.0;0.0;0.0;0.0;0.0;0.0;0.0;0.0;0.0;0.0;0.0;0.0;0.0;0.0;0.0;0.0
Santa Quitéria;TRAPIA;-4.1910833333333;-40.320444444444;2007;2;201.6;0.0;22.0;0.0;0.0;6.0;6.0;0.0;0.0;0.0;0.0;0.0;0.0;0.0;0.0;47.0;23.4;0.0;4.0;36.6;23.6;4.2;0.0;0.0;11.0;0.0;15.6;0.0;2.2;888.0;888.0;888.0
Santa Quitéria;TRAPIA;-4.1910833333333;-40.320444444444;2007;3;107.4;0.0;34.6;14.0;0.0;0.0;0.0;0.0;11.8;0.0;0.0;13.0;3.0;0.0;0.0;0.0;0.0;0.0;0.0;4.0;2.4;0.0;0.0;0.0;10.0;0.0;0.0;0.0;0.0;14.6;0.0;0.0
Santa Quitéria;TRAPIA;-4.1910833333333;-40.320444444444;2007;4;152.2;6.4;3.0;0.0;0.0;4.4;0.0;3.0;0.0;0.0;5.6;16.2;0.0;0.0;0.0;3.6;0.0;0.0;34.0;0.0;0.0;0.0;13.0;2.0;4.4;24.0;0.0;3.6;14.0;13.0;2.0;888.0
Santa Quitéria;TRAPIA;-4.1910833333333;-40.320444444444;2007;5;46.0;13.0;0.0;0.0;0.0;0.0;0.0;0.0;0.0;0.0;0.0;0.0;3.0;0.0;0.0;0.0;0.0;0.0;0.0;0.0;0.0;0.0;0.0;0.0;0.0;30.0;0.0;0.0;0.0;0.0;0.0;0.0
Santa Quitéria;TRAPIA;-4.1910833333333;-40.320444444444;2007;6;6.2;2.8;0.0;0.0;2.0;0.0;0.0;0.0;0.0;0.0;0.0;0.0;0.0;0.0;0.0;0.0;0.0;0.0;0.0;0.0;0.0;0.0;0.0;0.0;0.0;0.0;0.0;0.0;1.4;0.0;0.0;888.0
Santa Quitéria;TRAPIA;-4.1910833333333;-40.320444444444;2007;7;9.6;0.0;0.0;0.0;0.0;0.0;0.0;0.0;0.0;9.6;0.0;0.0;0.0;0.0;0.0;0.0;0.0;0.0;0.0;0.0;0.0;0.0;0.0;0.0;0.0;0.0;0.0;0.0;0.0;0.0;0.0;0.0
Santa Quitéria;TRAPIA;-4.1910833333333;-40.320444444444;2007;8;0.0;0.0;0.0;0.0;0.0;0.0;0.0;0.0;0.0;0.0;0.0;0.0;0.0;0.0;0.0;0.0;0.0;0.0;0.0;0.0;0.0;0.0;0.0;0.0;0.0;0.0;0.0;0.0;0.0;0.0;0.0;0.0
Santa Quitéria;TRAPIA;-4.1910833333333;-40.320444444444;2007;9;0.0;0.0;0.0;0.0;0.0;0.0;0.0;0.0;0.0;0.0;0.0;0.0;0.0;0.0;0.0;0.0;0.0;0.0;0.0;0.0;0.0;0.0;0.0;0.0;0.0;0.0;0.0;0.0;0.0;0.0;0.0;888.0
Santa Quitéria;TRAPIA;-4.1910833333333;-40.320444444444;2007;10;0.0;0.0;0.0;0.0;0.0;0.0;0.0;0.0;0.0;0.0;0.0;0.0;0.0;0.0;0.0;0.0;0.0;0.0;0.0;0.0;0.0;0.0;0.0;0.0;0.0;0.0;0.0;0.0;0.0;0.0;0.0;0.0
Santa Quitéria;TRAPIA;-4.1910833333333;-40.320444444444;2007;11;0.0;0.0;0.0;0.0;0.0;0.0;0.0;0.0;0.0;0.0;0.0;0.0;0.0;0.0;0.0;0.0;0.0;0.0;0.0;0.0;0.0;0.0;0.0;0.0;0.0;0.0;0.0;0.0;0.0;0.0;0.0;888.0
Santa Quitéria;TRAPIA;-4.1910833333333;-40.320444444444;2007;12;101.6;0.0;0.0;0.0;0.0;0.0;12.0;0.0;0.0;0.0;0.0;0.0;0.0;0.0;0.0;0.0;77.2;12.4;0.0;0.0;0.0;0.0;0.0;0.0;0.0;0.0;0.0;0.0;0.0;0.0;0.0;0.0
Santa Quitéria;TRAPIA;-4.1910833333333;-40.320444444444;2008;1;138.8;0.0;0.0;0.0;0.0;0.0;0.0;0.0;4.0;0.0;0.0;0.0;3.2;0.0;2.0;0.0;0.0;0.0;0.0;0.0;0.0;0.0;9.0;0.0;0.0;8.0;0.0;6.0;1.8;8.6;26.0;70.2
Santa Quitéria;TRAPIA;-4.1910833333333;-40.320444444444;2008;2;165.6;30.0;7.8;0.0;0.0;0.0;0.0;0.0;0.0;0.0;3.6;16.6;14.0;0.0;0.0;0.0;4.0;6.0;0.0;0.0;17.6;0.0;5.8;32.0;2.0;0.0;0.0;6.4;0.0;19.8;888.0;888.0
Santa Quitéria;TRAPIA;-4.1910833333333;-40.320444444444;2008;3;428.4;10.4;22.2;0.0;17.2;0.0;14.0;0.0;7.8;6.2;4.0;0.0;10.0;7.0;10.6;9.0;0.0;14.0;4.6;0.0;76.0;35.0;26.0;8.0;4.6;90.4;3.2;38.0;10.2;0.0;0.0;0.0
Santa Quitéria;TRAPIA;-4.1910833333333;-40.320444444444;2008;4;228.8;11.6;31.0;27.4;0.0;12.6;16.2;28.0;8.6;7.2;10.8;0.0;9.6;0.0;14.2;0.0;4.0;7.0;0.0;5.2;0.0;10.0;1.0;0.0;8.2;0.0;9.4;0.0;0.0;0.0;6.8;888.0
Santa Quitéria;TRAPIA;-4.1910833333333;-40.320444444444;2008;5;65.4;0.0;0.0;0.0;0.0;10.8;3.0;0.0;4.0;16.8;15.8;0.0;0.0;0.0;0.0;0.0;0.0;0.0;0.0;3.0;0.0;0.0;0.0;0.0;0.0;0.0;2.0;0.0;10.0;0.0;0.0;0.0
Santa Quitéria;TRAPIA;-4.1910833333333;-40.320444444444;2008;6;0.0;0.0;0.0;0.0;0.0;0.0;0.0;0.0;0.0;0.0;0.0;0.0;0.0;0.0;0.0;0.0;0.0;0.0;0.0;0.0;0.0;0.0;0.0;0.0;0.0;0.0;0.0;0.0;0.0;0.0;0.0;888.0
Santa Quitéria;TRAPIA;-4.1910833333333;-40.320444444444;2008;7;1.6;0.0;0.0;0.0;0.0;0.0;0.0;0.0;0.0;0.0;0.0;0.0;0.0;0.0;0.0;0.0;0.0;0.0;0.0;0.0;0.0;0.0;0.0;0.0;0.0;0.0;0.0;0.0;1.6;0.0;0.0;0.0
Santa Quitéria;TRAPIA;-4.1910833333333;-40.320444444444;2008;8;19.2;0.0;0.0;0.0;0.0;0.0;0.0;1.0;0.0;9.6;6.0;0.0;0.0;0.0;0.0;0.0;0.0;0.0;0.0;0.0;0.0;0.0;0.0;2.6;0.0;0.0;0.0;0.0;0.0;0.0;0.0;0.0
Santa Quitéria;TRAPIA;-4.1910833333333;-40.320444444444;2008;9;0.0;0.0;0.0;0.0;0.0;0.0;0.0;0.0;0.0;0.0;0.0;0.0;0.0;0.0;0.0;0.0;0.0;0.0;0.0;0.0;0.0;0.0;0.0;0.0;0.0;0.0;0.0;0.0;0.0;0.0;0.0;888.0
Santa Quitéria;TRAPIA;-4.1910833333333;-40.320444444444;2008;10;0.0;0.0;0.0;0.0;0.0;0.0;0.0;0.0;0.0;0.0;0.0;0.0;0.0;0.0;0.0;0.0;0.0;0.0;0.0;0.0;0.0;0.0;0.0;0.0;0.0;0.0;0.0;0.0;0.0;0.0;0.0;0.0
Santa Quitéria;TRAPIA;-4.1910833333333;-40.320444444444;2008;11;0.0;0.0;0.0;0.0;0.0;0.0;0.0;0.0;0.0;0.0;0.0;0.0;0.0;0.0;0.0;0.0;0.0;0.0;0.0;0.0;0.0;0.0;0.0;0.0;0.0;0.0;0.0;0.0;0.0;0.0;0.0;888.0
Santa Quitéria;TRAPIA;-4.1910833333333;-40.320444444444;2008;12;7.8;0.0;0.0;0.0;0.0;0.0;0.0;0.0;1.8;0.0;0.0;0.0;0.0;0.0;0.0;0.0;0.0;0.0;0.0;0.0;0.0;6.0;0.0;0.0;0.0;0.0;0.0;0.0;0.0;0.0;0.0;0.0
Santa Quitéria;TRAPIA;-4.1910833333333;-40.320444444444;2009;1;176.4;0.0;0.0;0.0;0.0;0.0;0.0;0.0;0.0;0.0;0.0;0.0;0.0;0.0;0.0;0.0;0.0;0.0;55.0;0.0;0.0;28.0;0.0;14.0;31.4;18.4;15.0;0.0;0.0;0.0;14.6;0.0
Santa Quitéria;TRAPIA;-4.1910833333333;-40.320444444444;2009;2;103.6;2.8;3.0;2.0;0.0;0.0;0.0;0.0;0.0;0.0;0.0;0.0;0.0;2.4;0.0;0.0;0.0;0.0;17.2;14.6;0.0;0.0;0.0;47.0;8.6;0.0;1.4;2.6;2.0;888.0;888.0;888.0
Santa Quitéria;TRAPIA;-4.1910833333333;-40.320444444444;2009;3;197.6;8.0;33.0;16.4;4.2;16.6;0.0;0.0;0.0;0.0;0.0;0.0;2.4;9.0;0.0;0.0;49.6;14.4;11.0;0.0;0.0;0.0;6.4;0.0;11.8;0.0;3.8;1.0;6.0;0.0;3.0;1.0
Santa Quitéria;TRAPIA;-4.1910833333333;-40.320444444444;2009;4;536.6;21.4;5.2;0.0;6.4;62.6;0.0;5.6;2.6;5.0;16.0;36.0;2.6;50.0;9.6;8.0;0.0;0.0;0.0;3.8;19.0;39.0;42.0;0.0;3.0;48.8;12.4;55.0;15.6;10.4;56.6;888.0
Santa Quitéria;TRAPIA;-4.1910833333333;-40.320444444444;2009;5;370.8;9.4;6.4;40.0;10.0;0.0;37.4;0.0;0.0;49.0;19.0;41.0;7.4;0.0;8.0;3.0;40.6;0.0;41.0;0.0;0.0;8.8;0.0;7.0;0.0;2.0;4.0;36.8;0.0;0.0;0.0;0.0
Santa Quitéria;TRAPIA;-4.1910833333333;-40.320444444444;2009;6;64.2;3.2;0.0;9.0;11.8;8.0;4.0;0.0;0.0;0.0;0.0;0.0;0.0;0.0;14.0;0.0;0.0;0.0;0.0;0.0;0.0;0.0;0.0;0.0;0.0;14.2;0.0;0.0;0.0;0.0;0.0;888.0
Santa Quitéria;TRAPIA;-4.1910833333333;-40.320444444444;2009;7;13.0;0.0;0.0;0.0;0.0;0.0;0.0;0.0;5.8;0.0;0.0;0.0;0.0;2.0;0.0;0.0;0.0;1.4;0.0;0.0;0.0;0.0;0.0;0.0;3.8;0.0;0.0;0.0;0.0;0.0;0.0;0.0
Santa Quitéria;TRAPIA;-4.1910833333333;-40.320444444444;2009;8;18.8;0.0;0.0;0.0;0.0;0.0;0.0;0.0;4.8;0.0;0.0;0.0;0.0;0.0;0.0;0.0;0.0;0.0;0.0;0.0;0.0;0.0;0.0;0.0;0.0;0.0;14.0;0.0;0.0;0.0;0.0;0.0
Santa Quitéria;TRAPIA;-4.1910833333333;-40.320444444444;2009;9;0.0;0.0;0.0;0.0;0.0;0.0;0.0;0.0;0.0;0.0;0.0;0.0;0.0;0.0;0.0;0.0;0.0;0.0;0.0;0.0;0.0;0.0;0.0;0.0;0.0;0.0;0.0;0.0;0.0;0.0;0.0;888.0
Santa Quitéria;TRAPIA;-4.1910833333333;-40.320444444444;2009;10;0.0;0.0;0.0;0.0;0.0;0.0;0.0;0.0;0.0;0.0;0.0;0.0;0.0;0.0;0.0;0.0;0.0;0.0;0.0;0.0;0.0;0.0;0.0;0.0;0.0;0.0;0.0;0.0;0.0;0.0;0.0;0.0
Santa Quitéria;TRAPIA;-4.1910833333333;-40.320444444444;2009;11;0.0;0.0;0.0;0.0;0.0;0.0;0.0;0.0;0.0;0.0;0.0;0.0;0.0;0.0;0.0;0.0;0.0;0.0;0.0;0.0;0.0;0.0;0.0;0.0;0.0;0.0;0.0;0.0;0.0;0.0;0.0;888.0
Santa Quitéria;TRAPIA;-4.1910833333333;-40.320444444444;2010;1;0.0;0.0;0.0;0.0;0.0;0.0;0.0;0.0;0.0;0.0;0.0;0.0;0.0;0.0;0.0;0.0;0.0;0.0;0.0;0.0;0.0;0.0;0.0;0.0;0.0;0.0;0.0;0.0;0.0;0.0;0.0;0.0
Santa Quitéria;TRAPIA;-4.1910833333333;-40.320444444444;2010;2;0.0;0.0;0.0;0.0;0.0;0.0;0.0;0.0;0.0;0.0;0.0;0.0;0.0;0.0;0.0;0.0;0.0;0.0;0.0;0.0;0.0;0.0;0.0;0.0;0.0;0.0;0.0;0.0;0.0;888.0;888.0;888.0
Santa Quitéria;TRAPIA;-4.1910833333333;-40.320444444444;2010;3;44.8;0.0;0.0;0.0;0.0;0.0;0.0;0.0;0.0;0.0;0.0;0.0;0.0;0.0;0.0;0.0;0.0;0.0;0.0;2.8;4.2;0.0;0.0;3.4;4.2;1.6;0.0;0.0;0.0;24.0;2.6;2.0
Santa Quitéria;TRAPIA;-4.1910833333333;-40.320444444444;2010;4;113.0;0.0;18.2;4.8;5.0;0.0;0.0;0.0;0.0;0.0;46.2;0.0;0.0;6.0;0.0;0.0;0.0;8.0;2.2;0.0;0.0;4.0;0.0;15.6;3.0;0.0;0.0;0.0;0.0;0.0;0.0;888.0
Santa Quitéria;TRAPIA;-4.1910833333333;-40.320444444444;2010;5;65.4;0.0;0.0;0.0;12.2;2.2;12.0;13.0;0.0;0.0;6.0;0.0;0.0;0.0;6.0;0.0;0.0;0.0;0.0;0.0;0.0;0.0;0.0;0.0;14.0;0.0;0.0;0.0;0.0;0.0;0.0;0.0
Santa Quitéria;TRAPIA;-4.1910833333333;-40.320444444444;2010;6;12.3;3.4;0.0;0.0;1.4;0.0;0.0;1.2;0.0;0.0;0.0;0.0;0.0;0.0;0.0;0.0;0.0;0.0;6.3;0.0;0.0;0.0;0.0;0.0;0.0;0.0;0.0;0.0;0.0;0.0;0.0;888.0
Santa Quitéria;TRAPIA;-4.1910833333333;-40.320444444444;2010;7;0.0;0.0;0.0;0.0;0.0;0.0;0.0;0.0;0.0;0.0;0.0;0.0;0.0;0.0;0.0;0.0;0.0;0.0;0.0;0.0;0.0;0.0;0.0;0.0;0.0;0.0;0.0;0.0;0.0;0.0;0.0;0.0
Santa Quitéria;TRAPIA;-4.1910833333333;-40.320444444444;2010;8;0.0;0.0;0.0;0.0;0.0;0.0;0.0;0.0;0.0;0.0;0.0;0.0;0.0;0.0;0.0;0.0;0.0;0.0;0.0;0.0;0.0;0.0;0.0;0.0;0.0;0.0;0.0;0.0;0.0;0.0;0.0;0.0
Santa Quitéria;TRAPIA;-4.1910833333333;-40.320444444444;2010;9;0.0;0.0;0.0;0.0;0.0;0.0;0.0;0.0;0.0;0.0;0.0;0.0;0.0;0.0;0.0;0.0;0.0;0.0;0.0;0.0;0.0;0.0;0.0;0.0;0.0;0.0;0.0;0.0;0.0;0.0;0.0;888.0
Santa Quitéria;TRAPIA;-4.1910833333333;-40.320444444444;2010;10;14.0;0.0;0.0;0.0;0.0;0.0;0.0;0.0;0.0;0.0;0.0;0.0;0.0;0.0;0.0;0.0;0.0;0.0;0.0;0.0;0.0;0.0;0.0;0.0;0.0;0.0;0.0;0.0;14.0;0.0;0.0;0.0
Santa Quitéria;TRAPIA;-4.1910833333333;-40.320444444444;2010;11;0.0;0.0;0.0;0.0;0.0;0.0;0.0;0.0;0.0;0.0;0.0;0.0;0.0;0.0;0.0;0.0;0.0;0.0;0.0;0.0;0.0;0.0;0.0;0.0;0.0;0.0;0.0;0.0;0.0;0.0;0.0;888.0
Santa Quitéria;TRAPIA;-4.1910833333333;-40.320444444444;2010;12;142.8;0.0;0.0;0.0;0.0;0.0;0.0;0.0;0.0;0.0;0.0;0.0;0.0;6.6;0.0;0.0;0.0;0.0;96.0;4.8;1.4;0.0;0.0;5.6;0.0;0.0;9.4;0.0;0.0;0.0;0.0;19.0
Santa Quitéria;TRAPIA;-4.1910833333333;-40.320444444444;2011;1;313.4;0.0;0.0;28.0;0.0;0.0;0.0;0.0;0.0;0.0;38.0;1.6;0.0;0.0;0.0;0.0;0.0;11.6;13.2;0.0;5.0;0.0;3.0;0.0;22.0;162.8;8.0;0.0;8.0;0.0;9.0;3.2
Santa Quitéria;TRAPIA;-4.1910833333333;-40.320444444444;2011;2;226.2;15.0;0.0;10.0;8.0;0.0;0.0;0.0;0.0;0.0;0.0;0.0;0.0;14.6;7.8;8.0;0.0;0.0;5.0;18.6;20.0;18.0;5.6;0.0;9.6;18.0;0.0;55.0;13.0;888.0;888.0;888.0
Santa Quitéria;TRAPIA;-4.1910833333333;-40.320444444444;2011;3;157.4;28.0;10.0;0.0;0.0;0.0;0.0;2.0;2.0;11.6;0.0;0.0;7.8;9.0;0.0;0.0;0.0;0.0;3.0;0.0;0.0;0.0;3.2;7.4;0.0;15.0;5.0;11.4;28.0;8.0;6.0;0.0
Santa Quitéria;TRAPIA;-4.1910833333333;-40.320444444444;2011;4;299.6;5.6;0.0;11.0;0.0;14.4;11.8;0.0;0.0;0.0;0.0;6.0;2.8;19.0;3.0;27.2;0.0;22.0;0.0;35.0;41.0;0.0;17.6;7.2;8.6;23.0;7.0;2.2;24.0;7.4;3.8;888.0
Santa Quitéria;TRAPIA;-4.1910833333333;-40.320444444444;2011;5;182.6;6.6;6.0;0.0;2.5;0.0;1.6;11.3;7.4;0.0;0.0;103.2;0.0;0.0;0.0;0.0;0.0;0.0;17.4;1.4;12.0;0.0;0.0;0.0;7.6;0.0;0.0;0.0;0.0;0.0;5.6;0.0
Santa Quitéria;TRAPIA;-4.1910833333333;-40.320444444444;2011;6;47.2;0.0;0.0;0.0;12.0;0.0;0.0;1.0;0.0;0.0;1.8;0.0;0.0;0.0;0.0;0.0;0.0;0.0;0.0;6.0;0.0;0.0;0.0;0.0;7.4;14.6;0.0;0.0;0.0;4.4;0.0;888.0
Santa Quitéria;TRAPIA;-4.1910833333333;-40.320444444444;2011;7;26.4;0.0;0.0;0.0;0.0;0.0;0.0;0.0;0.0;0.0;20.4;0.0;0.0;6.0;0.0;0.0;0.0;0.0;0.0;0.0;0.0;0.0;0.0;0.0;0.0;0.0;0.0;0.0;0.0;0.0;0.0;0.0
Santa Quitéria;TRAPIA;-4.1910833333333;-40.320444444444;2011;8;5.8;0.0;0.0;0.0;0.0;0.0;0.0;0.0;0.0;0.0;0.0;0.0;5.8;0.0;0.0;0.0;0.0;0.0;0.0;0.0;0.0;0.0;0.0;0.0;0.0;0.0;0.0;0.0;0.0;0.0;0.0;0.0
Santa Quitéria;TRAPIA;-4.1910833333333;-40.320444444444;2011;9;0.0;0.0;0.0;0.0;0.0;0.0;0.0;0.0;0.0;0.0;0.0;0.0;0.0;0.0;0.0;0.0;0.0;0.0;0.0;0.0;0.0;0.0;0.0;0.0;0.0;0.0;0.0;0.0;0.0;0.0;0.0;888.0
Santa Quitéria;TRAPIA;-4.1910833333333;-40.320444444444;2011;10;175.0;0.0;0.0;0.0;0.0;0.0;0.0;0.0;0.0;0.0;0.0;0.0;0.0;0.0;0.0;0.0;0.0;95.0;0.0;0.0;0.0;68.0;12.0;0.0;0.0;0.0;0.0;0.0;0.0;0.0;0.0;0.0
Santa Quitéria;TRAPIA;-4.1910833333333;-40.320444444444;2011;11;0.0;0.0;0.0;0.0;0.0;0.0;0.0;0.0;0.0;0.0;0.0;0.0;0.0;0.0;0.0;0.0;0.0;0.0;0.0;0.0;0.0;0.0;0.0;0.0;0.0;0.0;0.0;0.0;0.0;0.0;0.0;888.0
Santa Quitéria;TRAPIA;-4.1910833333333;-40.320444444444;2011;12;0.0;0.0;0.0;0.0;0.0;0.0;0.0;0.0;0.0;0.0;0.0;0.0;0.0;0.0;0.0;0.0;0.0;0.0;0.0;0.0;0.0;0.0;0.0;0.0;0.0;0.0;0.0;0.0;0.0;0.0;0.0;0.0
Santa Quitéria;TRAPIA;-4.1910833333333;-40.320444444444;2012;1;25.6;0.0;0.0;0.0;0.0;0.0;0.0;0.0;0.0;0.0;0.0;0.0;0.0;0.0;0.0;0.0;0.0;0.0;0.0;0.0;5.4;0.0;11.6;0.0;3.0;0.0;0.0;0.0;0.0;5.6;0.0;0.0
Santa Quitéria;TRAPIA;-4.1910833333333;-40.320444444444;2012;2;123.6;0.0;0.0;0.0;0.0;0.0;0.0;0.0;0.0;0.0;0.0;0.0;0.0;0.0;0.0;3.0;0.0;29.0;0.0;38.6;4.4;13.6;0.0;0.0;0.0;3.0;6.2;0.0;24.0;1.8;888.0;888.0
Santa Quitéria;TRAPIA;-4.1910833333333;-40.320444444444;2012;3;109.0;0.0;0.0;0.0;0.0;34.0;0.0;0.0;0.0;0.0;0.0;3.8;0.0;0.0;0.0;0.0;0.0;0.0;0.0;4.8;6.0;0.0;3.0;0.0;0.0;0.0;13.4;0.0;24.0;0.0;20.0;0.0
Santa Quitéria;TRAPIA;-4.1910833333333;-40.320444444444;2012;4;93.2;0.0;0.0;0.0;0.0;0.0;0.0;0.0;0.0;0.0;0.0;0.0;0.0;0.0;0.0;27.0;0.0;49.0;12.6;0.0;0.0;0.0;0.0;4.6;0.0;0.0;0.0;0.0;0.0;0.0;0.0;888.0
Santa Quitéria;TRAPIA;-4.1910833333333;-40.320444444444;2012;5;5.6;0.0;0.0;0.0;0.0;0.0;0.0;0.0;0.0;0.0;0.0;0.0;0.0;0.0;0.0;0.0;0.0;0.0;0.0;0.0;0.0;5.6;0.0;0.0;0.0;0.0;0.0;0.0;0.0;0.0;0.0;0.0
Santa Quitéria;TRAPIA;-4.1910833333333;-40.320444444444;2012;6;5.0;0.0;0.0;0.0;0.0;0.0;0.0;0.0;0.0;0.0;0.0;0.0;0.0;0.0;0.0;0.0;0.0;0.0;0.0;0.0;0.0;0.0;0.0;0.0;0.0;5.0;0.0;0.0;0.0;0.0;0.0;888.0
Santa Quitéria;TRAPIA;-4.1910833333333;-40.320444444444;2012;7;0.0;0.0;0.0;0.0;0.0;0.0;0.0;0.0;0.0;0.0;0.0;0.0;0.0;0.0;0.0;999.0;0.0;0.0;0.0;0.0;0.0;0.0;0.0;0.0;0.0;0.0;0.0;0.0;0.0;0.0;0.0;0.0
Santa Quitéria;TRAPIA;-4.1910833333333;-40.320444444444;2012;8;0.0;0.0;0.0;0.0;0.0;0.0;0.0;0.0;0.0;0.0;0.0;0.0;0.0;0.0;0.0;0.0;0.0;0.0;0.0;0.0;0.0;0.0;0.0;0.0;0.0;0.0;0.0;0.0;0.0;0.0;0.0;0.0
Santa Quitéria;TRAPIA;-4.1910833333333;-40.320444444444;2012;9;0.0;0.0;0.0;0.0;0.0;0.0;0.0;0.0;0.0;0.0;0.0;0.0;0.0;0.0;0.0;0.0;0.0;0.0;0.0;0.0;0.0;0.0;0.0;0.0;0.0;0.0;0.0;0.0;0.0;0.0;0.0;888.0
Santa Quitéria;TRAPIA;-4.1910833333333;-40.320444444444;2012;10;0.0;0.0;0.0;0.0;0.0;0.0;0.0;0.0;0.0;0.0;0.0;0.0;0.0;0.0;0.0;0.0;0.0;0.0;0.0;0.0;0.0;0.0;0.0;0.0;0.0;0.0;0.0;0.0;0.0;0.0;0.0;0.0
Santa Quitéria;TRAPIA;-4.1910833333333;-40.320444444444;2012;11;0.0;0.0;0.0;0.0;0.0;0.0;0.0;0.0;0.0;0.0;0.0;0.0;0.0;0.0;0.0;0.0;0.0;0.0;0.0;0.0;0.0;0.0;0.0;0.0;0.0;0.0;0.0;0.0;0.0;0.0;0.0;888.0
Santa Quitéria;TRAPIA;-4.1910833333333;-40.320444444444;2012;12;0.0;0.0;0.0;0.0;0.0;0.0;0.0;0.0;0.0;0.0;0.0;0.0;0.0;0.0;0.0;0.0;0.0;0.0;0.0;0.0;0.0;0.0;0.0;0.0;0.0;0.0;0.0;0.0;0.0;0.0;0.0;0.0
Santa Quitéria;TRAPIA;-4.1910833333333;-40.320444444444;2013;1;74.6;0.0;3.0;0.0;24.0;28.0;0.0;0.0;0.0;0.0;0.0;0.0;0.0;0.0;0.0;0.0;0.0;0.0;0.0;0.0;0.0;0.0;19.6;0.0;0.0;0.0;0.0;0.0;0.0;0.0;0.0;0.0
Santa Quitéria;TRAPIA;-4.1910833333333;-40.320444444444;2013;2;64.6;0.0;0.0;0.0;0.0;0.0;0.0;0.0;0.0;0.0;0.0;0.0;12.0;0.0;3.8;3.0;0.0;0.0;4.8;39.0;2.0;0.0;0.0;0.0;0.0;0.0;0.0;0.0;0.0;888.0;888.0;888.0
Santa Quitéria;TRAPIA;-4.1910833333333;-40.320444444444;2013;3;32.6;0.0;0.0;0.0;0.0;0.0;0.0;0.0;0.0;0.0;0.0;0.0;0.0;0.0;0.0;0.0;0.0;0.0;0.0;0.0;3.8;0.0;0.0;0.0;3.0;0.0;0.0;9.8;16.0;0.0;0.0;0.0
Santa Quitéria;TRAPIA;-4.1910833333333;-40.320444444444;2013;4;115.0;0.0;0.0;0.0;6.0;18.0;2.0;0.0;0.0;0.0;0.0;0.0;0.0;0.0;7.0;0.0;2.0;38.6;0.0;1.6;22.0;0.0;0.0;10.0;0.0;0.0;1.6;0.0;0.0;0.0;6.2;888.0
Santa Quitéria;TRAPIA;-4.1910833333333;-40.320444444444;2013;5;95.2;2.0;1.0;0.0;3.4;0.0;16.6;2.0;0.0;4.0;3.2;0.0;0.0;0.0;0.0;48.0;0.0;0.0;0.0;8.0;0.0;0.0;0.0;0.0;0.0;7.0;0.0;0.0;0.0;0.0;0.0;0.0
Santa Quitéria;TRAPIA;-4.1910833333333;-40.320444444444;2013;6;75.8;0.0;0.0;0.0;2.6;0.0;0.0;0.0;0.0;0.0;11.0;0.0;0.0;0.0;0.0;3.6;0.0;0.0;0.0;0.0;0.0;0.0;36.0;21.0;0.0;0.0;0.0;0.0;0.0;1.6;0.0;888.0
Santa Quitéria;TRAPIA;-4.1910833333333;-40.320444444444;2013;7;4.2;0.0;0.0;0.0;4.2;0.0;0.0;0.0;0.0;0.0;0.0;0.0;0.0;0.0;0.0;0.0;0.0;0.0;0.0;0.0;0.0;0.0;0.0;0.0;0.0;0.0;0.0;0.0;0.0;0.0;0.0;0.0
Santa Quitéria;TRAPIA;-4.1910833333333;-40.320444444444;2013;8;0.0;0.0;0.0;0.0;0.0;0.0;0.0;0.0;0.0;0.0;0.0;0.0;0.0;0.0;0.0;0.0;0.0;0.0;0.0;0.0;0.0;0.0;0.0;0.0;0.0;0.0;0.0;0.0;0.0;0.0;0.0;0.0
Santa Quitéria;TRAPIA;-4.1910833333333;-40.320444444444;2013;9;0.0;0.0;0.0;0.0;0.0;0.0;0.0;0.0;0.0;0.0;0.0;0.0;0.0;0.0;0.0;0.0;0.0;0.0;0.0;0.0;0.0;0.0;0.0;0.0;0.0;0.0;0.0;0.0;0.0;0.0;0.0;888.0
Santa Quitéria;TRAPIA;-4.1910833333333;-40.320444444444;2013;10;0.0;0.0;0.0;0.0;0.0;0.0;0.0;0.0;0.0;0.0;0.0;0.0;0.0;0.0;0.0;0.0;0.0;0.0;0.0;0.0;0.0;0.0;0.0;0.0;0.0;0.0;0.0;0.0;0.0;0.0;0.0;0.0
Santa Quitéria;TRAPIA;-4.1910833333333;-40.320444444444;2013;11;2.8;0.0;0.0;0.0;0.0;2.8;0.0;0.0;0.0;0.0;0.0;0.0;0.0;0.0;0.0;0.0;0.0;0.0;0.0;0.0;0.0;0.0;0.0;0.0;0.0;0.0;0.0;0.0;0.0;0.0;0.0;888.0
Santa Quitéria;TRAPIA;-4.1910833333333;-40.320444444444;2013;12;46.4;0.0;0.0;0.0;0.0;0.0;0.0;0.0;0.0;0.0;0.0;0.0;0.0;0.0;0.0;0.0;0.0;0.0;0.0;0.0;27.0;15.0;0.0;4.4;0.0;0.0;0.0;0.0;0.0;0.0;0.0;0.0
Santa Quitéria;TRAPIA;-4.1910833333333;-40.320444444444;2014;1;73.8;0.0;0.0;0.0;4.0;0.0;2.0;2.0;35.0;0.0;15.0;0.0;0.0;6.0;3.4;1.0;0.0;0.0;0.0;0.0;0.0;3.4;0.0;0.0;0.0;0.0;0.0;0.0;0.0;999.0;0.0;2.0
Santa Quitéria;TRAPIA;-4.1910833333333;-40.320444444444;2014;2;142.8;0.0;0.0;0.0;0.0;0.0;0.0;0.0;4.2;0.0;9.8;0.0;0.0;0.0;0.0;0.0;39.0;19.0;2.0;41.0;20.0;7.8;0.0;0.0;0.0;0.0;0.0;0.0;0.0;888.0;888.0;888.0
Santa Quitéria;TRAPIA;-4.1910833333333;-40.320444444444;2014;3;247.0;0.0;0.0;0.0;0.0;3.4;0.0;0.0;0.0;3.0;2.0;18.4;1.0;1.6;47.0;0.0;0.0;93.0;7.0;3.8;8.6;0.0;0.0;0.0;0.0;0.0;0.0;0.0;0.0;0.0;23.6;34.6
Santa Quitéria;TRAPIA;-4.1910833333333;-40.320444444444;2014;4;212.8;0.0;0.0;26.0;12.6;6.4;0.0;3.8;0.0;0.0;21.0;19.6;12.4;13.0;0.0;0.0;0.0;2.8;28.8;12.4;0.0;0.0;0.0;0.0;0.0;0.0;0.0;0.0;30.0;24.0;0.0;888.0
Santa Quitéria;TRAPIA;-4.1910833333333;-40.320444444444;2014;5;60.6;2.0;24.0;0.0;0.0;4.0;0.0;0.0;0.0;0.0;0.0;6.6;0.0;0.0;0.0;9.6;0.0;0.0;9.0;1.0;0.0;0.0;0.0;3.0;1.4;0.0;0.0;0.0;0.0;0.0;0.0;0.0
Santa Quitéria;TRAPIA;-4.1910833333333;-40.320444444444;2014;6;10.8;0.0;0.0;0.0;0.0;0.0;0.0;0.0;0.0;0.0;0.0;9.0;0.0;0.0;0.0;0.0;1.8;0.0;0.0;0.0;0.0;0.0;0.0;0.0;0.0;0.0;0.0;0.0;0.0;0.0;0.0;888.0
Santa Quitéria;TRAPIA;-4.1910833333333;-40.320444444444;2014;7;0.0;0.0;0.0;0.0;0.0;0.0;0.0;0.0;0.0;0.0;0.0;0.0;0.0;0.0;0.0;0.0;0.0;0.0;0.0;0.0;0.0;0.0;0.0;0.0;0.0;0.0;0.0;0.0;0.0;0.0;0.0;0.0
Santa Quitéria;TRAPIA;-4.1910833333333;-40.320444444444;2014;8;0.0;0.0;0.0;0.0;0.0;0.0;0.0;0.0;0.0;0.0;0.0;0.0;0.0;0.0;0.0;0.0;0.0;0.0;0.0;0.0;0.0;0.0;0.0;0.0;0.0;0.0;0.0;0.0;0.0;0.0;0.0;0.0
Santa Quitéria;TRAPIA;-4.1910833333333;-40.320444444444;2014;9;0.0;0.0;0.0;0.0;0.0;0.0;0.0;0.0;0.0;0.0;0.0;0.0;0.0;0.0;0.0;0.0;0.0;0.0;0.0;0.0;0.0;0.0;0.0;0.0;0.0;0.0;0.0;0.0;0.0;0.0;0.0;888.0
Santa Quitéria;TRAPIA;-4.1910833333333;-40.320444444444;2014;10;0.0;0.0;0.0;0.0;0.0;0.0;0.0;0.0;0.0;0.0;0.0;0.0;0.0;0.0;0.0;0.0;0.0;0.0;0.0;0.0;0.0;0.0;0.0;0.0;0.0;0.0;0.0;0.0;0.0;0.0;0.0;0.0
Santa Quitéria;TRAPIA;-4.1910833333333;-40.320444444444;2014;11;0.0;0.0;0.0;0.0;0.0;0.0;0.0;0.0;0.0;0.0;0.0;0.0;0.0;0.0;0.0;0.0;0.0;0.0;0.0;0.0;0.0;0.0;0.0;0.0;0.0;0.0;0.0;0.0;0.0;0.0;0.0;888.0
Santa Quitéria;TRAPIA;-4.1910833333333;-40.320444444444;2014;12;13.0;0.0;0.0;0.0;0.0;0.0;0.0;0.0;0.0;0.0;0.0;0.0;0.0;0.0;0.0;0.0;0.0;0.0;0.0;0.0;0.0;0.0;0.0;0.0;0.0;0.0;0.0;0.0;0.0;0.0;13.0;0.0
Santa Quitéria;TRAPIA;-4.1910833333333;-40.320444444444;2015;1;15.0;0.0;0.0;13.0;0.0;0.0;0.0;0.0;0.0;0.0;0.0;0.0;0.0;0.0;0.0;0.0;0.0;0.0;0.0;0.0;0.0;0.0;2.0;0.0;0.0;0.0;0.0;0.0;0.0;0.0;0.0;0.0
Santa Quitéria;TRAPIA;-4.1910833333333;-40.320444444444;2015;2;70.4;0.0;0.0;0.0;0.0;17.0;0.0;0.0;0.0;0.0;0.0;0.0;0.0;0.0;0.0;0.0;0.0;4.0;0.0;1.6;2.0;4.4;4.0;3.0;12.6;2.8;2.0;0.0;17.0;888.0;888.0;888.0
Santa Quitéria;TRAPIA;-4.1910833333333;-40.320444444444;2015;3;134.0;21.0;4.4;16.0;0.0;0.0;6.0;1.0;0.0;0.0;4.4;21.6;0.0;3.4;0.0;0.0;0.0;0.0;0.0;0.0;0.0;0.0;25.0;4.0;1.0;0.0;2.0;7.0;8.4;0.0;8.8;0.0
Santa Quitéria;TRAPIA;-4.1910833333333;-40.320444444444;2015;4;84.2;0.0;45.4;0.0;0.0;4.0;0.0;0.0;0.0;0.0;6.2;3.4;0.0;0.0;5.6;0.0;0.0;4.0;4.0;0.0;0.0;1.8;0.0;0.0;0.0;9.8;0.0;0.0;0.0;0.0;0.0;888.0
Santa Quitéria;TRAPIA;-4.1910833333333;-40.320444444444;2015;5;19.8;0.0;0.0;0.0;0.0;0.0;0.0;6.6;4.0;0.0;7.6;0.0;0.0;0.0;0.0;0.0;0.0;0.0;1.6;0.0;0.0;0.0;0.0;0.0;0.0;0.0;0.0;0.0;0.0;0.0;0.0;0.0
Santa Quitéria;TRAPIA;-4.1910833333333;-40.320444444444;2015;6;7.0;0.0;0.0;0.0;0.0;2.2;0.0;0.0;0.0;0.0;0.0;0.0;0.0;0.0;0.0;0.0;0.0;0.0;0.0;0.0;0.0;0.0;0.0;0.0;0.0;0.0;4.8;0.0;0.0;0.0;0.0;888.0
Santa Quitéria;TRAPIA;-4.1910833333333;-40.320444444444;2015;7;88.8;0.0;0.0;0.0;27.0;47.8;12.4;0.0;0.0;0.0;0.0;0.0;0.0;0.0;0.0;0.0;0.0;0.0;1.6;0.0;0.0;0.0;0.0;0.0;0.0;0.0;0.0;0.0;0.0;0.0;0.0;0.0
Santa Quitéria;TRAPIA;-4.1910833333333;-40.320444444444;2015;8;0.0;0.0;0.0;0.0;0.0;0.0;0.0;0.0;0.0;0.0;0.0;0.0;0.0;0.0;0.0;0.0;0.0;0.0;0.0;0.0;0.0;0.0;0.0;0.0;0.0;0.0;0.0;0.0;0.0;0.0;0.0;0.0
Santa Quitéria;TRAPIA;-4.1910833333333;-40.320444444444;2015;9;0.0;0.0;0.0;0.0;0.0;0.0;0.0;0.0;0.0;0.0;0.0;0.0;0.0;0.0;0.0;0.0;0.0;0.0;0.0;0.0;0.0;0.0;0.0;0.0;0.0;0.0;0.0;0.0;0.0;0.0;0.0;888.0
Santa Quitéria;TRAPIA;-4.1910833333333;-40.320444444444;2015;10;0.0;0.0;0.0;0.0;0.0;0.0;0.0;0.0;0.0;0.0;0.0;0.0;0.0;0.0;0.0;0.0;0.0;0.0;0.0;0.0;0.0;0.0;0.0;0.0;0.0;0.0;0.0;0.0;0.0;0.0;0.0;0.0
Santa Quitéria;TRAPIA;-4.1910833333333;-40.320444444444;2015;11;0.0;0.0;0.0;0.0;0.0;0.0;0.0;0.0;0.0;0.0;0.0;0.0;0.0;0.0;0.0;0.0;0.0;0.0;0.0;0.0;0.0;0.0;0.0;0.0;0.0;0.0;0.0;0.0;0.0;0.0;0.0;888.0
Santa Quitéria;TRAPIA;-4.1910833333333;-40.320444444444;2015;12;28.4;0.0;0.0;0.0;0.0;0.0;0.0;0.0;0.0;0.0;0.0;0.0;0.0;0.0;0.0;0.0;0.0;0.0;2.0;23.0;0.0;0.0;0.0;0.0;0.0;0.0;0.0;0.0;0.0;0.0;0.0;3.4
Santa Quitéria;TRAPIA;-4.1910833333333;-40.320444444444;2016;1;177.6;0.0;0.0;0.0;8.0;0.0;0.0;12.6;4.0;0.0;0.0;0.0;0.0;0.0;0.0;0.0;26.0;31.0;0.0;6.0;11.0;13.0;17.0;0.0;3.8;7.0;7.0;4.8;26.4;0.0;0.0;0.0
Santa Quitéria;TRAPIA;-4.1910833333333;-40.320444444444;2016;2;28.6;3.6;1.4;4.0;7.0;0.0;0.0;0.0;0.0;0.0;0.0;0.0;0.0;0.0;0.0;4.0;0.0;0.0;0.0;0.0;0.0;0.0;0.0;3.0;5.6;0.0;0.0;0.0;0.0;0.0;888.0;888.0
Santa Quitéria;TRAPIA;-4.1910833333333;-40.320444444444;2016;3;116.4;0.0;0.0;0.0;0.0;0.0;0.0;0.0;0.0;0.0;0.0;2.0;0.0;0.0;3.0;0.0;0.0;0.0;31.4;0.0;0.0;3.0;27.0;0.0;0.0;0.0;0.0;0.0;4.0;6.4;28.4;11.2
Santa Quitéria;TRAPIA;-4.1910833333333;-40.320444444444;2016;4;189.2;8.0;24.4;23.0;3.0;0.0;2.0;55.0;12.0;17.4;0.0;0.0;15.0;0.0;0.0;18.0;0.0;4.4;0.0;2.0;0.0;0.0;0.0;5.0;0.0;0.0;0.0;0.0;0.0;0.0;0.0;888.0
Santa Quitéria;TRAPIA;-4.1910833333333;-40.320444444444;2016;5;55.4;0.0;7.0;9.0;3.6;0.0;3.0;0.0;0.0;0.0;20.0;0.0;0.0;9.8;0.0;0.0;0.0;0.0;0.0;0.0;0.0;0.0;0.0;0.0;0.0;0.0;0.0;0.0;0.0;0.0;0.0;3.0
Santa Quitéria;TRAPIA;-4.1910833333333;-40.320444444444;2016;6;4.6;4.6;0.0;0.0;0.0;0.0;0.0;0.0;0.0;0.0;0.0;0.0;0.0;0.0;0.0;0.0;0.0;0.0;0.0;0.0;0.0;0.0;0.0;0.0;0.0;0.0;0.0;0.0;0.0;0.0;0.0;888.0
Santa Quitéria;TRAPIA;-4.1910833333333;-40.320444444444;2016;7;6.0;0.0;0.0;0.0;0.0;0.0;0.0;0.0;0.0;0.0;0.0;0.0;0.0;0.0;0.0;0.0;0.0;0.0;0.0;6.0;0.0;0.0;0.0;0.0;0.0;0.0;0.0;0.0;0.0;0.0;0.0;0.0
Santa Quitéria;TRAPIA;-4.1910833333333;-40.320444444444;2016;8;0.0;0.0;0.0;0.0;0.0;0.0;0.0;0.0;0.0;0.0;0.0;0.0;0.0;0.0;0.0;0.0;0.0;0.0;0.0;0.0;0.0;0.0;0.0;0.0;0.0;0.0;0.0;0.0;0.0;0.0;0.0;0.0
Santa Quitéria;TRAPIA;-4.1910833333333;-40.320444444444;2016;9;0.0;0.0;0.0;0.0;0.0;0.0;0.0;0.0;0.0;0.0;0.0;0.0;0.0;0.0;0.0;0.0;0.0;0.0;0.0;0.0;0.0;0.0;0.0;0.0;0.0;0.0;0.0;0.0;0.0;0.0;0.0;888.0
Santa Quitéria;TRAPIA;-4.1910833333333;-40.320444444444;2016;10;0.0;0.0;0.0;0.0;0.0;0.0;0.0;0.0;0.0;0.0;0.0;0.0;0.0;0.0;0.0;0.0;0.0;0.0;0.0;0.0;0.0;0.0;0.0;0.0;0.0;0.0;0.0;0.0;0.0;0.0;0.0;0.0
Santa Quitéria;TRAPIA;-4.1910833333333;-40.320444444444;2016;11;0.0;0.0;0.0;0.0;0.0;0.0;0.0;0.0;0.0;0.0;0.0;0.0;0.0;0.0;0.0;0.0;0.0;0.0;0.0;0.0;0.0;0.0;0.0;0.0;0.0;0.0;0.0;0.0;0.0;0.0;0.0;888.0
Santa Quitéria;TRAPIA;-4.1910833333333;-40.320444444444;2016;12;19.0;0.0;0.0;0.0;0.0;0.0;0.0;0.0;0.0;0.0;0.0;0.0;0.0;0.0;0.0;0.0;0.0;0.0;0.0;16.0;0.0;0.0;0.0;3.0;0.0;0.0;0.0;0.0;0.0;0.0;0.0;0.0
Santa Quitéria;TRAPIA;-4.1910833333333;-40.320444444444;2017;1;66.7;0.0;0.0;0.0;0.0;0.0;1.5;0.0;0.0;0.0;0.0;0.0;0.0;0.0;0.0;0.0;0.0;0.0;0.0;0.0;41.0;15.2;0.0;9.0;0.0;0.0;0.0;0.0;0.0;0.0;0.0;0.0
Santa Quitéria;TRAPIA;-4.1910833333333;-40.320444444444;2017;2;205.4;21.4;4.0;0.0;0.0;0.0;0.0;0.0;5.0;5.0;0.0;6.6;53.0;0.0;0.0;0.0;0.0;0.0;41.0;4.4;17.8;22.4;4.0;0.0;0.0;9.6;0.0;4.8;6.4;888.0;888.0;888.0
Santa Quitéria;TRAPIA;-4.1910833333333;-40.320444444444;2017;3;350.0;4.0;0.0;24.0;0.0;0.0;37.0;11.4;0.0;20.4;0.0;23.4;37.2;9.0;0.0;18.0;0.0;13.0;0.0;3.0;0.0;0.0;20.0;9.0;17.0;16.0;14.8;34.0;9.0;22.0;0.0;7.8
Santa Quitéria;TRAPIA;-4.1910833333333;-40.320444444444;2017;4;105.6;30.0;3.0;0.0;8.4;0.0;2.0;0.0;0.0;8.4;0.0;3.6;8.4;0.0;0.0;5.6;0.0;0.0;0.0;0.0;0.0;11.6;0.0;0.0;7.0;2.2;0.0;2.8;12.6;0.0;0.0;888.0
Santa Quitéria;TRAPIA;-4.1910833333333;-40.320444444444;2017;5;49.8;2.0;0.0;0.0;6.4;0.0;0.0;0.0;0.0;0.0;0.0;0.0;0.0;0.0;0.0;0.0;0.0;0.0;0.0;0.0;0.0;0.0;0.0;0.0;0.0;0.0;0.0;0.0;34.0;6.4;1.0;0.0
Santa Quitéria;TRAPIA;-4.1910833333333;-40.320444444444;2017;6;8.0;2.0;0.0;0.0;3.0;0.0;0.0;0.0;0.0;0.0;0.0;0.0;3.0;0.0;0.0;0.0;0.0;0.0;0.0;0.0;0.0;0.0;0.0;0.0;0.0;0.0;0.0;0.0;0.0;0.0;0.0;888.0
Santa Quitéria;TRAPIA;-4.1910833333333;-40.320444444444;2017;7;4.6;0.0;0.0;0.0;0.0;0.0;0.0;0.0;0.0;0.0;0.0;0.0;0.0;0.0;0.0;0.0;0.0;0.0;0.0;0.0;0.0;0.0;0.0;3.0;1.6;0.0;0.0;0.0;0.0;0.0;0.0;0.0
Santa Quitéria;TRAPIA;-4.1910833333333;-40.320444444444;2017;8;16.0;0.0;4.0;0.0;0.0;0.0;0.0;0.0;0.0;0.0;0.0;0.0;0.0;0.0;0.0;0.0;0.0;0.0;0.0;0.0;0.0;0.0;0.0;3.0;1.6;0.0;7.4;0.0;0.0;0.0;0.0;0.0
Santa Quitéria;TRAPIA;-4.1910833333333;-40.320444444444;2017;9;0.0;0.0;0.0;0.0;0.0;0.0;0.0;0.0;0.0;0.0;0.0;0.0;0.0;0.0;0.0;0.0;0.0;0.0;0.0;0.0;0.0;0.0;0.0;0.0;0.0;0.0;0.0;0.0;0.0;0.0;0.0;888.0
Santa Quitéria;TRAPIA;-4.1910833333333;-40.320444444444;2017;10;0.0;0.0;0.0;0.0;0.0;0.0;0.0;0.0;0.0;0.0;0.0;0.0;0.0;0.0;0.0;0.0;0.0;0.0;0.0;0.0;0.0;0.0;0.0;0.0;0.0;0.0;0.0;0.0;0.0;0.0;0.0;0.0
Santa Quitéria;TRAPIA;-4.1910833333333;-40.320444444444;2017;11;0.0;0.0;0.0;0.0;0.0;0.0;0.0;0.0;0.0;0.0;0.0;0.0;0.0;0.0;0.0;0.0;0.0;0.0;0.0;0.0;0.0;0.0;0.0;0.0;0.0;0.0;0.0;0.0;0.0;0.0;0.0;888.0
Santa Quitéria;TRAPIA;-4.1910833333333;-40.320444444444;2017;12;5.4;0.0;0.0;0.0;0.0;0.0;0.0;0.0;0.0;0.0;0.0;0.0;0.0;0.0;0.0;0.0;0.0;5.4;0.0;0.0;0.0;0.0;0.0;0.0;0.0;0.0;0.0;0.0;0.0;0.0;0.0;0.0
Santa Quitéria;TRAPIA;-4.1910833333333;-40.320444444444;2018;1;52.4;0.0;0.0;0.0;0.0;0.0;0.0;0.0;0.0;0.0;0.0;0.0;0.0;0.0;0.0;0.0;0.0;0.0;0.0;0.0;15.0;0.0;0.0;0.0;0.0;0.0;0.0;0.0;35.0;0.0;2.4;0.0
Santa Quitéria;TRAPIA;-4.1910833333333;-40.320444444444;2018;2;181.2;0.0;0.0;7.6;13.6;1.0;4.0;2.0;20.0;0.0;0.0;0.0;13.0;7.6;26.0;25.0;2.0;9.4;0.0;15.0;7.0;3.0;0.0;3.0;0.0;0.0;14.6;7.4;0.0;888.0;888.0;888.0
Santa Quitéria;TRAPIA;-4.1910833333333;-40.320444444444;2018;3;128.2;0.0;11.0;3.0;0.0;31.0;0.0;14.4;0.0;0.0;0.0;0.0;0.0;0.0;0.0;0.0;0.0;0.0;0.0;6.6;0.0;0.0;0.0;7.4;0.0;0.0;0.0;4.4;15.6;24.0;6.8;4.0
Santa Quitéria;TRAPIA;-4.1910833333333;-40.320444444444;2018;4;202.6;0.0;4.0;0.0;0.0;15.4;0.0;12.4;0.0;2.0;30.0;33.4;22.0;7.0;0.0;5.0;8.0;18.8;0.0;0.0;0.0;0.0;26.0;18.6;0.0;0.0;0.0;0.0;0.0;0.0;0.0;888.0
Santa Quitéria;TRAPIA;-4.1910833333333;-40.320444444444;2018;5;33.6;17.6;6.4;0.0;0.0;0.0;0.0;0.0;0.0;0.0;0.0;0.0;0.0;0.0;0.0;0.0;0.0;0.0;3.0;0.0;0.0;0.0;6.6;0.0;0.0;0.0;0.0;0.0;0.0;0.0;0.0;0.0
Santa Quitéria;TRAPIA;-4.1910833333333;-40.320444444444;2018;6;0.0;0.0;0.0;0.0;0.0;0.0;0.0;0.0;0.0;0.0;0.0;0.0;0.0;0.0;0.0;0.0;0.0;0.0;0.0;0.0;0.0;0.0;0.0;0.0;0.0;0.0;0.0;0.0;0.0;0.0;0.0;888.0
Santa Quitéria;TRAPIA;-4.1910833333333;-40.320444444444;2018;7;0.0;0.0;0.0;0.0;0.0;0.0;0.0;0.0;0.0;0.0;0.0;0.0;0.0;0.0;0.0;0.0;0.0;0.0;0.0;0.0;0.0;0.0;0.0;0.0;0.0;0.0;0.0;0.0;0.0;0.0;0.0;0.0
Santa Quitéria;TRAPIA;-4.1910833333333;-40.320444444444;2018;8;0.0;0.0;0.0;0.0;0.0;0.0;0.0;0.0;0.0;0.0;0.0;0.0;0.0;0.0;0.0;0.0;0.0;0.0;0.0;0.0;0.0;0.0;0.0;0.0;0.0;0.0;0.0;0.0;0.0;0.0;0.0;0.0
Santa Quitéria;TRAPIA;-4.1910833333333;-40.320444444444;2018;9;0.0;0.0;0.0;0.0;0.0;0.0;0.0;0.0;0.0;0.0;0.0;0.0;0.0;0.0;0.0;0.0;0.0;0.0;0.0;0.0;0.0;0.0;0.0;0.0;0.0;0.0;0.0;0.0;999.0;999.0;999.0;888.0
Santa Quitéria;TRAPIA;-4.1910833333333;-40.320444444444;2018;10;0.0;0.0;999.0;999.0;999.0;999.0;999.0;999.0;999.0;999.0;999.0;999.0;999.0;999.0;999.0;999.0;999.0;999.0;999.0;999.0;999.0;999.0;999.0;999.0;999.0;999.0;999.0;999.0;999.0;999.0;999.0;999.0
