Municipios;Postos;Latitude;Longitude;Anos;Meses;Total;Dia1;Dia2;Dia3;Dia4;Dia5;Dia6;Dia7;Dia8;Dia9;Dia10;Dia11;Dia12;Dia13;Dia14;Dia15;Dia16;Dia17;Dia18;Dia19;Dia20;Dia21;Dia22;Dia23;Dia24;Dia25;Dia26;Dia27;Dia28;Dia29;Dia30;Dia31
Santa Quitéria;RAIMUNDO MARTINS;-4.6496666666667;-40.066694444444;2000;8;0.0;0.0;0.0;0.0;0.0;0.0;0.0;0.0;999.0;999.0;999.0;999.0;999.0;999.0;999.0;999.0;999.0;999.0;999.0;999.0;999.0;999.0;999.0;999.0;999.0;999.0;999.0;999.0;999.0;999.0;999.0;999.0
Santa Quitéria;RAIMUNDO MARTINS;-4.6496666666667;-40.066694444444;2000;12;30.0;0.0;0.0;0.0;0.0;0.0;0.0;0.0;0.0;0.0;0.0;0.0;0.0;0.0;14.8;8.8;6.4;0.0;0.0;0.0;0.0;0.0;0.0;0.0;0.0;0.0;0.0;0.0;0.0;0.0;0.0;0.0
Santa Quitéria;RAIMUNDO MARTINS;-4.6496666666667;-40.066694444444;2001;1;32.2;0.0;0.0;0.0;0.0;0.0;0.0;3.4;0.0;0.0;0.0;0.0;0.0;28.8;0.0;0.0;0.0;0.0;0.0;0.0;0.0;0.0;0.0;0.0;0.0;0.0;0.0;0.0;0.0;0.0;0.0;0.0
Santa Quitéria;RAIMUNDO MARTINS;-4.6496666666667;-40.066694444444;2001;2;70.0;0.0;0.0;0.0;0.0;0.0;0.0;0.0;0.0;0.0;9.8;0.0;14.4;5.0;0.0;0.0;0.0;0.0;0.0;0.0;0.0;0.0;0.0;0.0;0.0;17.8;0.0;0.0;23.0;888.0;888.0;888.0
Santa Quitéria;RAIMUNDO MARTINS;-4.6496666666667;-40.066694444444;2001;3;110.2;27.0;0.0;0.0;0.0;0.0;0.0;0.0;0.0;0.0;0.0;40.2;0.0;2.0;10.2;7.0;0.0;13.6;0.0;0.0;0.0;0.0;0.0;0.0;0.0;0.0;0.0;0.0;0.0;5.2;5.0;0.0
Santa Quitéria;RAIMUNDO MARTINS;-4.6496666666667;-40.066694444444;2001;4;165.6;0.0;11.2;2.2;11.4;0.0;0.0;0.0;0.0;0.0;0.0;43.6;0.0;36.8;11.4;14.4;0.0;0.0;5.0;4.4;0.0;0.0;0.0;0.0;0.0;0.0;0.0;0.0;0.0;25.2;0.0;888.0
Santa Quitéria;RAIMUNDO MARTINS;-4.6496666666667;-40.066694444444;2001;5;2.0;0.0;0.0;0.0;0.0;0.0;0.0;0.0;0.0;0.0;2.0;0.0;0.0;0.0;0.0;0.0;0.0;0.0;0.0;0.0;0.0;0.0;0.0;0.0;0.0;0.0;0.0;0.0;0.0;0.0;0.0;0.0
Santa Quitéria;RAIMUNDO MARTINS;-4.6496666666667;-40.066694444444;2001;6;6.2;0.0;0.0;3.4;0.0;1.2;1.6;0.0;0.0;0.0;0.0;0.0;0.0;0.0;0.0;0.0;0.0;0.0;0.0;0.0;0.0;0.0;0.0;0.0;0.0;0.0;0.0;0.0;0.0;0.0;0.0;888.0
Santa Quitéria;RAIMUNDO MARTINS;-4.6496666666667;-40.066694444444;2001;7;0.0;0.0;0.0;0.0;0.0;0.0;0.0;0.0;0.0;0.0;0.0;0.0;0.0;0.0;0.0;0.0;0.0;0.0;0.0;0.0;0.0;0.0;0.0;0.0;0.0;0.0;0.0;0.0;0.0;0.0;0.0;0.0
Santa Quitéria;RAIMUNDO MARTINS;-4.6496666666667;-40.066694444444;2001;8;0.0;0.0;0.0;0.0;0.0;0.0;0.0;0.0;0.0;0.0;0.0;0.0;0.0;0.0;0.0;0.0;0.0;0.0;0.0;0.0;0.0;0.0;0.0;0.0;0.0;0.0;0.0;0.0;0.0;0.0;0.0;0.0
Santa Quitéria;RAIMUNDO MARTINS;-4.6496666666667;-40.066694444444;2001;9;0.0;0.0;0.0;0.0;0.0;0.0;0.0;0.0;0.0;0.0;0.0;0.0;0.0;0.0;0.0;0.0;0.0;0.0;0.0;0.0;0.0;0.0;0.0;0.0;0.0;0.0;0.0;0.0;0.0;0.0;0.0;888.0
Santa Quitéria;RAIMUNDO MARTINS;-4.6496666666667;-40.066694444444;2001;10;0.0;0.0;0.0;0.0;0.0;0.0;0.0;0.0;0.0;0.0;0.0;0.0;0.0;0.0;0.0;0.0;0.0;0.0;0.0;0.0;0.0;0.0;0.0;0.0;0.0;0.0;0.0;0.0;0.0;0.0;0.0;0.0
Santa Quitéria;RAIMUNDO MARTINS;-4.6496666666667;-40.066694444444;2001;11;0.0;0.0;0.0;0.0;0.0;0.0;0.0;0.0;0.0;0.0;0.0;0.0;0.0;0.0;0.0;0.0;0.0;0.0;0.0;0.0;0.0;0.0;0.0;0.0;0.0;0.0;0.0;0.0;0.0;0.0;0.0;888.0
Santa Quitéria;RAIMUNDO MARTINS;-4.6496666666667;-40.066694444444;2001;12;0.0;0.0;0.0;0.0;0.0;0.0;0.0;0.0;0.0;0.0;0.0;0.0;0.0;0.0;0.0;0.0;0.0;0.0;0.0;0.0;0.0;0.0;0.0;0.0;0.0;0.0;0.0;0.0;0.0;0.0;0.0;0.0
Santa Quitéria;RAIMUNDO MARTINS;-4.6496666666667;-40.066694444444;2002;1;317.0;0.0;0.0;0.0;0.0;0.0;0.0;0.0;96.2;0.0;25.0;0.0;5.6;25.4;0.0;45.4;23.2;48.2;0.0;0.0;0.0;0.0;0.0;0.0;0.0;0.0;0.0;21.8;6.0;3.8;16.4;0.0
Santa Quitéria;RAIMUNDO MARTINS;-4.6496666666667;-40.066694444444;2002;2;0.0;0.0;0.0;0.0;0.0;0.0;0.0;0.0;0.0;0.0;0.0;0.0;0.0;0.0;0.0;0.0;0.0;0.0;0.0;0.0;0.0;0.0;0.0;0.0;0.0;0.0;0.0;0.0;0.0;888.0;888.0;888.0
Santa Quitéria;RAIMUNDO MARTINS;-4.6496666666667;-40.066694444444;2002;3;61.0;0.0;0.0;0.0;0.0;3.0;8.4;0.0;15.4;0.0;0.0;0.0;0.0;0.0;0.0;0.0;0.0;0.0;13.8;2.8;0.0;0.0;0.0;0.0;0.0;0.0;0.0;0.0;17.6;0.0;0.0;0.0
Santa Quitéria;RAIMUNDO MARTINS;-4.6496666666667;-40.066694444444;2002;4;117.9;0.0;0.0;2.2;0.0;0.0;22.6;8.2;1.4;0.0;0.0;65.5;0.0;5.2;0.0;0.0;0.0;0.0;0.0;0.0;0.0;0.0;1.2;0.0;4.6;0.0;7.0;0.0;0.0;0.0;0.0;888.0
Santa Quitéria;RAIMUNDO MARTINS;-4.6496666666667;-40.066694444444;2002;5;21.6;0.0;0.0;0.0;0.0;0.0;2.0;0.0;0.0;0.0;0.0;0.0;19.6;0.0;0.0;0.0;0.0;0.0;0.0;0.0;0.0;0.0;0.0;0.0;0.0;0.0;0.0;0.0;0.0;0.0;0.0;0.0
Santa Quitéria;RAIMUNDO MARTINS;-4.6496666666667;-40.066694444444;2002;6;5.6;5.6;0.0;0.0;0.0;0.0;0.0;0.0;0.0;0.0;0.0;0.0;0.0;0.0;0.0;0.0;0.0;0.0;0.0;0.0;0.0;0.0;0.0;0.0;0.0;0.0;0.0;0.0;0.0;0.0;0.0;888.0
Santa Quitéria;RAIMUNDO MARTINS;-4.6496666666667;-40.066694444444;2002;7;0.0;0.0;0.0;0.0;0.0;0.0;0.0;0.0;0.0;0.0;0.0;0.0;0.0;0.0;0.0;0.0;0.0;0.0;0.0;0.0;0.0;0.0;0.0;0.0;0.0;0.0;0.0;0.0;0.0;0.0;0.0;0.0
Santa Quitéria;RAIMUNDO MARTINS;-4.6496666666667;-40.066694444444;2002;8;0.0;0.0;0.0;0.0;0.0;0.0;0.0;0.0;0.0;0.0;0.0;0.0;0.0;0.0;0.0;0.0;0.0;0.0;0.0;0.0;0.0;0.0;0.0;0.0;0.0;0.0;0.0;0.0;0.0;0.0;0.0;0.0
Santa Quitéria;RAIMUNDO MARTINS;-4.6496666666667;-40.066694444444;2002;9;0.0;0.0;0.0;0.0;0.0;0.0;0.0;0.0;0.0;0.0;0.0;0.0;0.0;0.0;0.0;0.0;0.0;0.0;0.0;0.0;0.0;0.0;0.0;0.0;0.0;0.0;0.0;0.0;0.0;0.0;0.0;888.0
Santa Quitéria;RAIMUNDO MARTINS;-4.6496666666667;-40.066694444444;2002;10;0.0;0.0;0.0;0.0;0.0;0.0;0.0;0.0;0.0;0.0;0.0;0.0;0.0;0.0;0.0;0.0;0.0;0.0;0.0;0.0;0.0;0.0;0.0;0.0;0.0;0.0;0.0;0.0;0.0;0.0;0.0;0.0
Santa Quitéria;RAIMUNDO MARTINS;-4.6496666666667;-40.066694444444;2002;11;0.0;0.0;0.0;0.0;0.0;0.0;0.0;0.0;0.0;0.0;0.0;0.0;0.0;0.0;0.0;0.0;0.0;0.0;0.0;0.0;0.0;0.0;0.0;0.0;0.0;0.0;0.0;0.0;0.0;0.0;0.0;888.0
Santa Quitéria;RAIMUNDO MARTINS;-4.6496666666667;-40.066694444444;2002;12;0.0;0.0;0.0;0.0;0.0;0.0;0.0;0.0;0.0;0.0;0.0;0.0;0.0;0.0;0.0;0.0;0.0;0.0;0.0;0.0;0.0;0.0;0.0;0.0;0.0;0.0;0.0;0.0;0.0;0.0;0.0;0.0
Santa Quitéria;RAIMUNDO MARTINS;-4.6496666666667;-40.066694444444;2003;1;77.4;0.0;0.0;0.0;0.0;0.0;0.0;0.0;0.0;0.0;0.0;0.0;0.0;0.0;0.0;0.0;0.0;0.0;0.0;0.0;30.0;17.0;0.0;0.0;0.0;0.0;16.0;0.0;0.0;10.0;4.4;0.0
Santa Quitéria;RAIMUNDO MARTINS;-4.6496666666667;-40.066694444444;2003;2;103.4;0.0;0.0;7.4;0.0;0.0;0.0;0.0;0.0;0.0;0.0;0.0;12.2;0.0;0.0;0.0;0.0;0.0;0.0;0.0;0.0;0.0;0.0;0.0;5.2;30.2;48.4;0.0;0.0;888.0;888.0;888.0
Santa Quitéria;RAIMUNDO MARTINS;-4.6496666666667;-40.066694444444;2003;3;282.0;26.4;0.0;0.0;15.2;5.6;0.0;0.0;0.0;0.0;0.0;0.0;0.0;0.0;8.4;0.0;8.6;27.2;0.0;8.2;14.0;30.2;12.4;14.0;73.0;0.0;10.0;0.0;6.0;6.0;16.8;0.0
Santa Quitéria;RAIMUNDO MARTINS;-4.6496666666667;-40.066694444444;2003;4;96.2;8.0;0.0;26.4;0.0;0.0;0.0;0.0;0.0;14.2;0.0;0.0;12.4;0.0;0.0;0.0;0.0;0.0;0.0;4.6;0.0;0.0;0.0;0.0;0.0;0.0;0.0;0.0;30.6;0.0;0.0;888.0
Santa Quitéria;RAIMUNDO MARTINS;-4.6496666666667;-40.066694444444;2003;5;14.2;0.0;0.0;0.0;0.0;14.2;0.0;0.0;0.0;0.0;0.0;0.0;0.0;0.0;0.0;0.0;0.0;0.0;0.0;0.0;0.0;0.0;0.0;0.0;0.0;0.0;0.0;0.0;0.0;0.0;0.0;0.0
Santa Quitéria;RAIMUNDO MARTINS;-4.6496666666667;-40.066694444444;2003;6;15.0;0.0;0.0;0.0;0.0;15.0;0.0;0.0;0.0;0.0;0.0;0.0;0.0;0.0;0.0;0.0;0.0;0.0;0.0;0.0;0.0;0.0;0.0;0.0;0.0;0.0;0.0;0.0;0.0;0.0;0.0;888.0
Santa Quitéria;RAIMUNDO MARTINS;-4.6496666666667;-40.066694444444;2003;7;0.0;0.0;0.0;0.0;0.0;0.0;0.0;0.0;0.0;0.0;0.0;0.0;0.0;0.0;0.0;0.0;0.0;0.0;0.0;0.0;0.0;0.0;0.0;0.0;0.0;0.0;0.0;0.0;0.0;0.0;0.0;0.0
Santa Quitéria;RAIMUNDO MARTINS;-4.6496666666667;-40.066694444444;2003;8;0.0;0.0;0.0;0.0;0.0;0.0;0.0;0.0;0.0;0.0;0.0;0.0;0.0;0.0;0.0;0.0;0.0;0.0;0.0;0.0;0.0;0.0;0.0;0.0;0.0;0.0;0.0;0.0;0.0;0.0;0.0;0.0
Santa Quitéria;RAIMUNDO MARTINS;-4.6496666666667;-40.066694444444;2003;9;0.0;0.0;0.0;0.0;0.0;0.0;0.0;0.0;0.0;0.0;0.0;0.0;0.0;0.0;0.0;0.0;0.0;0.0;0.0;0.0;0.0;0.0;0.0;0.0;0.0;0.0;0.0;0.0;0.0;0.0;0.0;888.0
Santa Quitéria;RAIMUNDO MARTINS;-4.6496666666667;-40.066694444444;2003;10;0.0;0.0;0.0;0.0;0.0;0.0;0.0;0.0;0.0;0.0;0.0;0.0;0.0;0.0;0.0;0.0;0.0;0.0;0.0;0.0;0.0;0.0;0.0;0.0;0.0;0.0;0.0;0.0;0.0;0.0;0.0;0.0
Santa Quitéria;RAIMUNDO MARTINS;-4.6496666666667;-40.066694444444;2003;11;0.0;0.0;0.0;0.0;0.0;0.0;0.0;0.0;0.0;0.0;0.0;0.0;0.0;0.0;0.0;0.0;0.0;0.0;0.0;0.0;0.0;0.0;0.0;0.0;0.0;0.0;0.0;0.0;0.0;0.0;0.0;888.0
Santa Quitéria;RAIMUNDO MARTINS;-4.6496666666667;-40.066694444444;2003;12;0.0;0.0;0.0;0.0;0.0;0.0;0.0;0.0;0.0;0.0;0.0;0.0;0.0;0.0;0.0;0.0;0.0;0.0;0.0;0.0;0.0;0.0;0.0;0.0;0.0;0.0;0.0;0.0;0.0;0.0;0.0;0.0
Santa Quitéria;RAIMUNDO MARTINS;-4.6496666666667;-40.066694444444;2004;1;660.6;0.0;0.0;0.0;0.0;0.0;0.0;0.0;0.0;0.0;0.0;0.0;0.0;22.2;0.0;8.4;0.0;0.0;125.6;0.0;0.0;0.0;67.2;23.8;17.0;46.0;39.2;116.2;23.6;71.0;90.4;10.0
Santa Quitéria;RAIMUNDO MARTINS;-4.6496666666667;-40.066694444444;2004;2;172.4;0.0;0.0;5.2;2.4;0.0;14.0;45.0;39.2;30.0;0.0;0.0;0.0;0.0;19.6;0.0;0.0;7.6;0.0;0.0;0.0;0.0;0.0;0.0;9.4;0.0;0.0;0.0;0.0;0.0;888.0;888.0
Santa Quitéria;RAIMUNDO MARTINS;-4.6496666666667;-40.066694444444;2004;3;87.4;0.0;0.0;0.0;7.4;0.0;0.0;8.4;45.2;13.4;0.0;0.0;0.0;0.0;0.0;0.0;0.0;7.0;0.0;0.0;0.0;0.0;0.0;0.0;0.0;0.0;6.0;0.0;0.0;0.0;0.0;0.0
Santa Quitéria;RAIMUNDO MARTINS;-4.6496666666667;-40.066694444444;2004;4;48.0;0.0;0.0;0.0;0.0;0.0;0.0;2.0;0.0;9.0;0.0;0.0;0.0;0.0;0.0;0.0;0.0;0.0;0.0;2.2;0.0;0.0;0.0;12.0;0.0;0.0;0.0;22.8;0.0;0.0;0.0;888.0
Santa Quitéria;RAIMUNDO MARTINS;-4.6496666666667;-40.066694444444;2004;5;31.6;0.0;0.0;8.8;0.0;0.0;0.0;0.0;0.0;0.0;0.0;0.0;0.0;0.0;0.0;0.0;0.0;0.0;1.2;0.0;0.0;21.6;0.0;0.0;0.0;0.0;0.0;0.0;0.0;0.0;0.0;0.0
Santa Quitéria;RAIMUNDO MARTINS;-4.6496666666667;-40.066694444444;2004;6;39.4;0.0;0.0;3.4;0.0;0.0;0.0;0.0;0.0;0.0;0.0;0.0;0.0;0.0;0.0;1.4;0.0;0.0;0.0;19.0;0.0;0.0;6.6;0.0;0.0;0.0;0.0;9.0;0.0;0.0;0.0;888.0
Santa Quitéria;RAIMUNDO MARTINS;-4.6496666666667;-40.066694444444;2004;7;43.4;0.0;0.0;0.0;15.6;0.0;0.0;0.0;0.0;0.0;0.0;0.0;0.0;0.0;0.0;0.0;0.0;27.8;0.0;0.0;0.0;0.0;0.0;0.0;0.0;0.0;0.0;0.0;0.0;0.0;0.0;0.0
Santa Quitéria;RAIMUNDO MARTINS;-4.6496666666667;-40.066694444444;2004;8;0.0;0.0;0.0;0.0;0.0;0.0;0.0;0.0;0.0;0.0;0.0;0.0;0.0;0.0;0.0;0.0;0.0;0.0;0.0;0.0;0.0;0.0;0.0;0.0;0.0;0.0;0.0;0.0;0.0;0.0;0.0;0.0
Santa Quitéria;RAIMUNDO MARTINS;-4.6496666666667;-40.066694444444;2004;9;0.0;0.0;0.0;0.0;0.0;0.0;0.0;0.0;0.0;0.0;0.0;0.0;0.0;0.0;0.0;0.0;0.0;0.0;0.0;0.0;0.0;0.0;0.0;0.0;0.0;0.0;0.0;0.0;0.0;0.0;0.0;888.0
Santa Quitéria;RAIMUNDO MARTINS;-4.6496666666667;-40.066694444444;2004;10;0.0;0.0;0.0;0.0;0.0;0.0;0.0;0.0;0.0;0.0;0.0;0.0;0.0;0.0;0.0;0.0;0.0;0.0;0.0;0.0;0.0;0.0;0.0;0.0;0.0;0.0;0.0;0.0;0.0;0.0;0.0;0.0
Santa Quitéria;RAIMUNDO MARTINS;-4.6496666666667;-40.066694444444;2004;11;0.0;0.0;0.0;0.0;0.0;0.0;0.0;0.0;0.0;0.0;0.0;0.0;0.0;0.0;0.0;0.0;0.0;0.0;0.0;0.0;0.0;0.0;0.0;0.0;0.0;0.0;0.0;0.0;0.0;0.0;0.0;888.0
Santa Quitéria;RAIMUNDO MARTINS;-4.6496666666667;-40.066694444444;2004;12;0.0;0.0;0.0;0.0;0.0;0.0;0.0;0.0;0.0;0.0;0.0;0.0;0.0;0.0;0.0;0.0;0.0;0.0;0.0;0.0;0.0;0.0;0.0;0.0;0.0;0.0;0.0;0.0;0.0;0.0;0.0;0.0
Santa Quitéria;RAIMUNDO MARTINS;-4.6496666666667;-40.066694444444;2005;1;86.9;0.0;0.0;0.0;0.0;0.0;0.0;0.0;0.0;0.0;3.5;0.0;0.0;0.0;0.0;0.0;0.0;40.4;0.0;0.0;0.0;0.0;0.0;0.0;7.0;0.0;30.0;0.0;0.0;0.0;6.0;0.0
Santa Quitéria;RAIMUNDO MARTINS;-4.6496666666667;-40.066694444444;2005;2;54.4;0.0;0.0;0.0;0.0;0.0;0.0;7.0;0.0;0.0;0.0;0.0;0.0;0.0;0.0;0.0;13.2;0.0;0.0;0.0;0.0;0.0;0.0;0.0;0.0;16.0;18.2;0.0;0.0;888.0;888.0;888.0
Santa Quitéria;RAIMUNDO MARTINS;-4.6496666666667;-40.066694444444;2005;3;104.6;0.0;0.0;0.0;0.0;0.0;0.0;0.0;0.0;0.0;0.0;10.8;0.0;0.0;2.8;0.0;0.0;0.0;0.0;0.0;0.0;0.0;7.0;0.0;0.0;9.4;38.2;21.2;5.0;7.4;2.8;0.0
Santa Quitéria;RAIMUNDO MARTINS;-4.6496666666667;-40.066694444444;2005;4;82.0;7.4;0.0;0.0;0.0;0.0;0.0;0.0;0.0;0.0;0.0;0.0;0.0;0.0;0.0;0.0;0.0;0.0;0.0;0.0;0.0;0.0;0.0;0.0;0.0;0.0;64.0;8.0;0.0;0.0;2.6;888.0
Santa Quitéria;RAIMUNDO MARTINS;-4.6496666666667;-40.066694444444;2005;5;82.0;0.0;3.2;5.2;0.0;0.0;0.0;0.0;0.0;0.0;0.0;0.0;0.0;0.0;13.6;4.2;2.0;0.0;13.0;0.0;2.4;11.2;0.0;0.0;15.0;0.0;0.0;0.0;0.0;9.6;0.0;2.6
Santa Quitéria;RAIMUNDO MARTINS;-4.6496666666667;-40.066694444444;2005;6;4.8;0.0;4.8;0.0;0.0;0.0;0.0;0.0;0.0;0.0;0.0;0.0;0.0;0.0;0.0;0.0;0.0;0.0;0.0;0.0;0.0;0.0;0.0;0.0;0.0;0.0;0.0;0.0;0.0;0.0;0.0;888.0
Santa Quitéria;RAIMUNDO MARTINS;-4.6496666666667;-40.066694444444;2005;7;10.0;0.0;0.0;0.0;0.0;0.0;0.0;0.0;0.0;10.0;0.0;0.0;0.0;0.0;0.0;0.0;0.0;0.0;0.0;0.0;0.0;0.0;0.0;0.0;0.0;0.0;0.0;0.0;0.0;0.0;0.0;0.0
Santa Quitéria;RAIMUNDO MARTINS;-4.6496666666667;-40.066694444444;2005;8;0.0;0.0;0.0;0.0;0.0;0.0;0.0;0.0;0.0;0.0;0.0;0.0;0.0;0.0;0.0;0.0;0.0;0.0;0.0;0.0;0.0;0.0;0.0;0.0;0.0;0.0;0.0;0.0;0.0;0.0;0.0;0.0
Santa Quitéria;RAIMUNDO MARTINS;-4.6496666666667;-40.066694444444;2005;9;0.0;0.0;0.0;0.0;0.0;0.0;0.0;0.0;0.0;0.0;0.0;0.0;0.0;0.0;0.0;0.0;0.0;0.0;0.0;0.0;0.0;0.0;0.0;0.0;0.0;0.0;0.0;0.0;0.0;0.0;0.0;888.0
Santa Quitéria;RAIMUNDO MARTINS;-4.6496666666667;-40.066694444444;2005;10;0.0;0.0;0.0;0.0;0.0;0.0;0.0;0.0;0.0;0.0;0.0;0.0;0.0;0.0;0.0;0.0;0.0;0.0;0.0;0.0;0.0;0.0;0.0;0.0;0.0;0.0;0.0;0.0;0.0;0.0;0.0;0.0
Santa Quitéria;RAIMUNDO MARTINS;-4.6496666666667;-40.066694444444;2005;11;17.6;0.0;0.0;0.0;0.0;0.0;0.0;0.0;0.0;0.0;0.0;0.0;0.0;0.0;0.0;0.0;0.0;0.0;0.0;0.0;0.0;0.0;0.0;0.0;0.0;0.0;0.0;5.8;11.8;0.0;0.0;888.0
Santa Quitéria;RAIMUNDO MARTINS;-4.6496666666667;-40.066694444444;2005;12;0.0;0.0;0.0;0.0;0.0;0.0;0.0;0.0;0.0;0.0;0.0;0.0;0.0;0.0;0.0;0.0;0.0;0.0;0.0;0.0;0.0;0.0;0.0;0.0;0.0;0.0;0.0;0.0;0.0;0.0;0.0;0.0
Santa Quitéria;RAIMUNDO MARTINS;-4.6496666666667;-40.066694444444;2006;1;31.6;31.6;0.0;0.0;0.0;0.0;0.0;0.0;0.0;0.0;0.0;0.0;0.0;0.0;0.0;0.0;0.0;0.0;0.0;0.0;0.0;0.0;0.0;0.0;0.0;0.0;0.0;0.0;0.0;0.0;0.0;0.0
Santa Quitéria;RAIMUNDO MARTINS;-4.6496666666667;-40.066694444444;2006;2;126.0;0.0;0.0;0.0;0.0;0.0;0.0;0.0;0.0;0.0;0.0;0.0;69.0;0.0;0.0;18.0;0.0;0.0;0.0;0.0;0.0;0.0;0.0;16.0;0.0;23.0;0.0;0.0;0.0;888.0;888.0;888.0
Santa Quitéria;RAIMUNDO MARTINS;-4.6496666666667;-40.066694444444;2006;3;146.8;38.0;3.0;28.0;0.0;9.0;0.0;1.2;0.0;14.2;0.0;0.0;0.0;0.0;8.0;0.0;5.8;0.0;0.0;0.0;15.2;0.0;0.0;0.0;0.0;5.4;0.0;0.0;0.0;9.8;0.0;9.2
Santa Quitéria;RAIMUNDO MARTINS;-4.6496666666667;-40.066694444444;2006;4;127.6;0.0;5.8;0.0;0.0;0.0;0.0;5.2;13.4;0.0;13.4;5.6;15.2;21.0;0.0;5.4;0.0;6.8;8.6;19.6;1.6;0.0;0.0;0.0;0.0;6.0;0.0;0.0;0.0;0.0;0.0;888.0
Santa Quitéria;RAIMUNDO MARTINS;-4.6496666666667;-40.066694444444;2006;5;121.4;29.2;0.0;0.0;0.0;0.0;13.4;14.0;21.0;0.0;18.0;15.0;0.0;0.0;0.0;0.0;0.0;10.8;0.0;0.0;0.0;0.0;0.0;0.0;0.0;0.0;0.0;0.0;0.0;0.0;0.0;0.0
Santa Quitéria;RAIMUNDO MARTINS;-4.6496666666667;-40.066694444444;2006;6;0.0;0.0;0.0;0.0;0.0;0.0;0.0;0.0;0.0;0.0;0.0;0.0;0.0;0.0;0.0;0.0;0.0;0.0;0.0;0.0;0.0;0.0;0.0;0.0;0.0;0.0;0.0;0.0;0.0;0.0;0.0;888.0
Santa Quitéria;RAIMUNDO MARTINS;-4.6496666666667;-40.066694444444;2006;7;0.0;0.0;0.0;0.0;0.0;0.0;0.0;0.0;0.0;0.0;0.0;0.0;0.0;0.0;0.0;0.0;0.0;0.0;0.0;0.0;0.0;0.0;0.0;0.0;0.0;0.0;0.0;0.0;0.0;0.0;0.0;0.0
Santa Quitéria;RAIMUNDO MARTINS;-4.6496666666667;-40.066694444444;2006;8;0.0;0.0;0.0;0.0;0.0;0.0;0.0;0.0;0.0;0.0;0.0;0.0;0.0;0.0;0.0;0.0;0.0;0.0;0.0;0.0;0.0;0.0;0.0;0.0;0.0;0.0;0.0;0.0;0.0;0.0;0.0;0.0
Santa Quitéria;RAIMUNDO MARTINS;-4.6496666666667;-40.066694444444;2006;9;0.0;0.0;0.0;0.0;0.0;0.0;0.0;0.0;0.0;0.0;0.0;0.0;0.0;0.0;0.0;0.0;0.0;0.0;0.0;0.0;0.0;0.0;0.0;0.0;0.0;0.0;0.0;0.0;0.0;0.0;0.0;888.0
Santa Quitéria;RAIMUNDO MARTINS;-4.6496666666667;-40.066694444444;2006;10;0.0;0.0;0.0;0.0;0.0;0.0;0.0;0.0;0.0;0.0;0.0;0.0;0.0;0.0;0.0;0.0;0.0;0.0;0.0;0.0;0.0;0.0;0.0;0.0;0.0;0.0;0.0;0.0;0.0;0.0;0.0;0.0
Santa Quitéria;RAIMUNDO MARTINS;-4.6496666666667;-40.066694444444;2006;11;0.0;0.0;0.0;0.0;0.0;0.0;0.0;0.0;0.0;0.0;0.0;0.0;0.0;0.0;0.0;0.0;0.0;0.0;0.0;0.0;0.0;0.0;0.0;0.0;0.0;0.0;0.0;0.0;0.0;0.0;0.0;888.0
Santa Quitéria;RAIMUNDO MARTINS;-4.6496666666667;-40.066694444444;2006;12;26.0;0.0;0.0;0.0;0.0;0.0;0.0;0.0;0.0;0.0;0.0;0.0;0.0;0.0;0.0;0.0;0.0;0.0;0.0;0.0;0.0;0.0;0.0;0.0;0.0;0.0;0.0;0.0;0.0;26.0;0.0;0.0
Santa Quitéria;RAIMUNDO MARTINS;-4.6496666666667;-40.066694444444;2007;1;14.4;0.0;14.4;0.0;0.0;0.0;0.0;0.0;0.0;0.0;0.0;0.0;0.0;0.0;0.0;0.0;0.0;0.0;0.0;0.0;0.0;0.0;0.0;0.0;0.0;0.0;0.0;0.0;0.0;0.0;0.0;0.0
Santa Quitéria;RAIMUNDO MARTINS;-4.6496666666667;-40.066694444444;2007;2;138.4;0.0;0.0;0.0;0.0;0.0;0.0;0.0;0.0;0.0;0.0;0.0;0.0;46.8;0.0;11.4;6.4;17.4;4.6;9.8;33.0;0.0;0.0;0.0;0.0;0.0;0.0;0.0;9.0;888.0;888.0;888.0
Santa Quitéria;RAIMUNDO MARTINS;-4.6496666666667;-40.066694444444;2007;3;41.0;0.0;21.2;0.0;0.0;0.0;0.0;0.0;0.0;0.0;0.0;0.0;0.0;0.0;0.0;0.0;0.0;0.0;0.0;0.0;0.0;0.0;0.0;0.0;15.8;0.0;0.0;0.0;0.0;4.0;0.0;0.0
Santa Quitéria;RAIMUNDO MARTINS;-4.6496666666667;-40.066694444444;2007;4;103.8;15.6;0.0;0.0;0.0;0.0;0.0;0.0;0.0;0.0;0.0;0.0;0.0;0.0;0.0;0.0;0.0;0.0;19.0;0.0;0.0;0.0;9.4;0.0;0.0;44.4;0.0;0.0;0.0;11.4;4.0;888.0
Santa Quitéria;RAIMUNDO MARTINS;-4.6496666666667;-40.066694444444;2007;5;4.6;4.6;0.0;0.0;0.0;0.0;0.0;0.0;0.0;0.0;0.0;0.0;0.0;0.0;0.0;0.0;0.0;0.0;0.0;0.0;0.0;0.0;0.0;0.0;0.0;0.0;0.0;0.0;0.0;0.0;0.0;0.0
Santa Quitéria;RAIMUNDO MARTINS;-4.6496666666667;-40.066694444444;2007;6;0.0;0.0;0.0;0.0;0.0;0.0;0.0;0.0;0.0;0.0;0.0;0.0;0.0;0.0;0.0;0.0;0.0;0.0;0.0;0.0;0.0;0.0;0.0;0.0;0.0;0.0;0.0;0.0;0.0;0.0;0.0;888.0
Santa Quitéria;RAIMUNDO MARTINS;-4.6496666666667;-40.066694444444;2007;7;0.0;0.0;0.0;0.0;0.0;0.0;0.0;0.0;0.0;0.0;0.0;0.0;0.0;0.0;0.0;0.0;0.0;0.0;0.0;0.0;0.0;0.0;0.0;0.0;0.0;0.0;0.0;0.0;0.0;0.0;0.0;0.0
Santa Quitéria;RAIMUNDO MARTINS;-4.6496666666667;-40.066694444444;2007;8;0.0;0.0;0.0;0.0;0.0;0.0;0.0;0.0;0.0;0.0;0.0;0.0;0.0;0.0;0.0;0.0;0.0;0.0;0.0;0.0;0.0;0.0;0.0;0.0;0.0;0.0;0.0;0.0;0.0;0.0;0.0;0.0
Santa Quitéria;RAIMUNDO MARTINS;-4.6496666666667;-40.066694444444;2007;9;0.0;0.0;0.0;0.0;0.0;0.0;0.0;999.0;0.0;0.0;0.0;0.0;0.0;0.0;0.0;0.0;0.0;0.0;0.0;0.0;0.0;0.0;0.0;0.0;0.0;0.0;0.0;0.0;0.0;0.0;0.0;888.0
Santa Quitéria;RAIMUNDO MARTINS;-4.6496666666667;-40.066694444444;2007;10;0.0;0.0;0.0;0.0;0.0;0.0;0.0;0.0;0.0;0.0;0.0;0.0;0.0;0.0;0.0;0.0;0.0;0.0;0.0;0.0;0.0;0.0;0.0;0.0;0.0;0.0;0.0;0.0;0.0;0.0;0.0;0.0
Santa Quitéria;RAIMUNDO MARTINS;-4.6496666666667;-40.066694444444;2007;11;0.0;0.0;0.0;0.0;0.0;0.0;0.0;0.0;0.0;0.0;0.0;0.0;0.0;0.0;0.0;0.0;0.0;0.0;0.0;0.0;0.0;0.0;0.0;0.0;0.0;0.0;0.0;0.0;0.0;0.0;0.0;888.0
Santa Quitéria;RAIMUNDO MARTINS;-4.6496666666667;-40.066694444444;2007;12;49.6;0.0;0.0;0.0;0.0;0.0;0.0;0.0;0.0;0.0;0.0;0.0;0.0;0.0;0.0;0.0;0.0;49.6;0.0;0.0;0.0;0.0;0.0;0.0;0.0;0.0;0.0;0.0;0.0;0.0;0.0;0.0
Santa Quitéria;RAIMUNDO MARTINS;-4.6496666666667;-40.066694444444;2008;1;69.2;0.0;0.0;0.0;0.0;0.0;0.0;0.0;0.0;0.0;0.0;0.0;0.0;0.0;0.0;0.0;0.0;0.0;0.0;0.0;0.0;0.0;8.2;19.8;18.6;0.0;0.0;0.0;0.0;0.0;0.0;22.6
Santa Quitéria;RAIMUNDO MARTINS;-4.6496666666667;-40.066694444444;2008;2;38.6;13.2;12.2;0.0;0.0;0.0;0.0;0.0;0.0;0.0;0.0;0.0;0.0;0.0;0.0;0.0;0.0;0.0;0.0;0.0;0.0;0.0;0.0;0.0;0.0;0.0;0.0;0.0;0.0;13.2;888.0;888.0
Santa Quitéria;RAIMUNDO MARTINS;-4.6496666666667;-40.066694444444;2008;3;374.4;7.4;0.0;6.4;6.2;34.0;0.0;0.0;0.0;25.0;0.0;4.0;0.0;39.0;8.6;16.2;11.0;0.0;13.4;0.0;9.6;20.0;28.8;0.0;0.0;15.6;46.0;19.0;40.8;0.0;8.4;15.0
Santa Quitéria;RAIMUNDO MARTINS;-4.6496666666667;-40.066694444444;2008;4;162.8;24.6;45.8;0.0;10.6;14.6;31.0;0.0;4.8;19.4;0.0;0.0;0.0;0.0;3.4;0.0;8.6;0.0;0.0;0.0;0.0;0.0;0.0;0.0;0.0;0.0;0.0;0.0;0.0;0.0;0.0;888.0
Santa Quitéria;RAIMUNDO MARTINS;-4.6496666666667;-40.066694444444;2008;5;50.4;0.0;0.0;0.0;0.0;0.0;0.0;12.0;21.8;0.0;16.6;0.0;0.0;0.0;0.0;0.0;0.0;0.0;0.0;0.0;0.0;0.0;0.0;0.0;0.0;0.0;0.0;0.0;0.0;0.0;0.0;0.0
Santa Quitéria;RAIMUNDO MARTINS;-4.6496666666667;-40.066694444444;2008;6;0.0;0.0;0.0;0.0;0.0;0.0;0.0;0.0;0.0;0.0;0.0;0.0;0.0;0.0;0.0;0.0;0.0;0.0;0.0;0.0;0.0;0.0;0.0;0.0;0.0;0.0;0.0;0.0;0.0;0.0;0.0;888.0
Santa Quitéria;RAIMUNDO MARTINS;-4.6496666666667;-40.066694444444;2008;7;0.0;0.0;0.0;0.0;0.0;0.0;0.0;0.0;0.0;0.0;0.0;0.0;0.0;0.0;0.0;0.0;0.0;0.0;0.0;0.0;0.0;0.0;0.0;0.0;0.0;0.0;0.0;0.0;0.0;0.0;0.0;0.0
Santa Quitéria;RAIMUNDO MARTINS;-4.6496666666667;-40.066694444444;2008;8;0.0;0.0;0.0;0.0;0.0;0.0;0.0;0.0;0.0;0.0;0.0;0.0;0.0;0.0;0.0;0.0;0.0;0.0;0.0;0.0;0.0;0.0;0.0;0.0;0.0;0.0;0.0;0.0;0.0;0.0;0.0;0.0
Santa Quitéria;RAIMUNDO MARTINS;-4.6496666666667;-40.066694444444;2008;9;0.0;0.0;0.0;0.0;0.0;0.0;0.0;0.0;0.0;0.0;0.0;0.0;0.0;0.0;0.0;0.0;0.0;0.0;0.0;0.0;0.0;0.0;0.0;0.0;0.0;0.0;0.0;0.0;0.0;0.0;0.0;888.0
Santa Quitéria;RAIMUNDO MARTINS;-4.6496666666667;-40.066694444444;2008;10;0.0;0.0;0.0;0.0;0.0;0.0;0.0;0.0;0.0;0.0;0.0;0.0;0.0;0.0;0.0;0.0;0.0;0.0;0.0;0.0;0.0;0.0;0.0;0.0;0.0;0.0;0.0;0.0;0.0;0.0;0.0;0.0
Santa Quitéria;RAIMUNDO MARTINS;-4.6496666666667;-40.066694444444;2008;11;0.0;0.0;0.0;0.0;0.0;0.0;0.0;0.0;0.0;0.0;0.0;0.0;0.0;0.0;0.0;0.0;0.0;0.0;0.0;0.0;0.0;0.0;0.0;0.0;0.0;0.0;0.0;0.0;0.0;0.0;0.0;888.0
Santa Quitéria;RAIMUNDO MARTINS;-4.6496666666667;-40.066694444444;2008;12;0.0;0.0;0.0;0.0;0.0;0.0;0.0;0.0;0.0;0.0;0.0;0.0;0.0;0.0;0.0;0.0;0.0;0.0;0.0;0.0;0.0;0.0;0.0;0.0;0.0;0.0;0.0;0.0;0.0;0.0;0.0;0.0
Santa Quitéria;RAIMUNDO MARTINS;-4.6496666666667;-40.066694444444;2009;1;200.0;0.0;0.0;0.0;0.0;0.0;0.0;0.0;0.0;0.0;0.0;0.0;0.0;0.0;0.0;0.0;0.0;0.0;0.0;0.0;0.0;0.0;64.2;9.6;23.0;35.0;27.4;0.0;0.0;0.0;0.0;40.8
Santa Quitéria;RAIMUNDO MARTINS;-4.6496666666667;-40.066694444444;2009;2;75.4;0.0;0.0;0.0;0.0;0.0;0.0;0.0;0.0;0.0;0.0;0.0;0.0;0.0;0.0;0.0;24.4;4.0;0.0;5.4;0.0;28.6;5.0;8.0;0.0;0.0;0.0;0.0;0.0;888.0;888.0;888.0
Santa Quitéria;RAIMUNDO MARTINS;-4.6496666666667;-40.066694444444;2009;3;270.6;0.0;45.8;23.0;0.0;0.0;0.0;0.0;12.6;0.0;0.0;0.0;0.0;0.0;37.6;28.0;25.0;12.8;20.2;0.0;0.0;0.0;0.0;0.0;0.0;0.0;41.8;6.0;0.0;0.0;0.0;17.8
Santa Quitéria;RAIMUNDO MARTINS;-4.6496666666667;-40.066694444444;2009;4;276.8;0.0;57.4;15.4;0.0;17.2;0.0;0.0;0.0;0.0;16.4;4.8;0.0;0.0;27.2;0.0;0.0;0.0;0.0;0.0;52.4;0.0;0.0;12.4;0.0;73.6;0.0;0.0;0.0;0.0;0.0;888.0
Santa Quitéria;RAIMUNDO MARTINS;-4.6496666666667;-40.066694444444;2009;5;271.4;0.0;11.8;0.0;10.0;0.0;29.4;0.0;15.6;0.0;0.0;170.0;34.6;0.0;0.0;0.0;0.0;0.0;0.0;0.0;0.0;0.0;0.0;0.0;0.0;0.0;0.0;0.0;0.0;0.0;0.0;0.0
Santa Quitéria;RAIMUNDO MARTINS;-4.6496666666667;-40.066694444444;2009;6;0.0;0.0;0.0;0.0;0.0;0.0;0.0;0.0;0.0;0.0;0.0;0.0;0.0;0.0;0.0;0.0;0.0;0.0;0.0;0.0;0.0;0.0;0.0;0.0;0.0;0.0;0.0;0.0;0.0;0.0;0.0;888.0
Santa Quitéria;RAIMUNDO MARTINS;-4.6496666666667;-40.066694444444;2009;7;0.0;0.0;0.0;0.0;0.0;0.0;0.0;0.0;0.0;0.0;0.0;0.0;0.0;0.0;0.0;0.0;0.0;0.0;0.0;0.0;0.0;0.0;0.0;0.0;0.0;0.0;0.0;0.0;0.0;0.0;0.0;0.0
Santa Quitéria;RAIMUNDO MARTINS;-4.6496666666667;-40.066694444444;2009;8;0.0;0.0;0.0;0.0;0.0;0.0;0.0;0.0;0.0;0.0;0.0;0.0;0.0;0.0;0.0;0.0;0.0;0.0;0.0;0.0;0.0;0.0;0.0;0.0;0.0;0.0;0.0;0.0;0.0;0.0;0.0;0.0
Santa Quitéria;RAIMUNDO MARTINS;-4.6496666666667;-40.066694444444;2009;9;0.0;0.0;0.0;0.0;0.0;0.0;0.0;0.0;0.0;0.0;0.0;0.0;0.0;0.0;0.0;0.0;0.0;0.0;0.0;0.0;0.0;0.0;0.0;0.0;0.0;0.0;0.0;0.0;0.0;0.0;0.0;888.0
Santa Quitéria;RAIMUNDO MARTINS;-4.6496666666667;-40.066694444444;2009;10;0.0;0.0;0.0;0.0;0.0;0.0;0.0;0.0;0.0;0.0;0.0;0.0;0.0;0.0;0.0;0.0;0.0;0.0;0.0;0.0;0.0;0.0;0.0;0.0;0.0;0.0;0.0;0.0;0.0;0.0;0.0;0.0
Santa Quitéria;RAIMUNDO MARTINS;-4.6496666666667;-40.066694444444;2009;11;0.0;0.0;0.0;0.0;0.0;0.0;0.0;0.0;0.0;0.0;0.0;0.0;0.0;0.0;0.0;0.0;0.0;0.0;0.0;0.0;0.0;0.0;0.0;0.0;0.0;0.0;0.0;0.0;0.0;0.0;0.0;888.0
Santa Quitéria;RAIMUNDO MARTINS;-4.6496666666667;-40.066694444444;2009;12;0.0;0.0;0.0;0.0;0.0;0.0;0.0;0.0;0.0;0.0;0.0;0.0;0.0;0.0;0.0;0.0;0.0;0.0;0.0;0.0;0.0;0.0;0.0;0.0;0.0;999.0;0.0;0.0;0.0;0.0;0.0;0.0
Santa Quitéria;RAIMUNDO MARTINS;-4.6496666666667;-40.066694444444;2010;1;41.8;0.0;0.0;0.0;0.0;0.0;0.0;0.0;0.0;0.0;25.0;0.0;0.0;0.0;0.0;0.0;0.0;0.0;0.0;0.0;16.8;0.0;0.0;0.0;0.0;0.0;0.0;0.0;0.0;0.0;0.0;0.0
Santa Quitéria;RAIMUNDO MARTINS;-4.6496666666667;-40.066694444444;2010;2;0.0;0.0;0.0;0.0;0.0;0.0;0.0;0.0;0.0;0.0;0.0;0.0;0.0;0.0;0.0;0.0;0.0;0.0;0.0;0.0;0.0;0.0;0.0;0.0;0.0;0.0;0.0;0.0;0.0;888.0;888.0;888.0
Santa Quitéria;RAIMUNDO MARTINS;-4.6496666666667;-40.066694444444;2010;3;0.0;0.0;0.0;0.0;0.0;0.0;0.0;0.0;0.0;0.0;0.0;0.0;0.0;0.0;0.0;0.0;0.0;0.0;0.0;0.0;0.0;0.0;0.0;0.0;0.0;0.0;0.0;0.0;0.0;0.0;0.0;0.0
Santa Quitéria;RAIMUNDO MARTINS;-4.6496666666667;-40.066694444444;2010;4;84.8;0.0;0.0;0.0;0.0;0.0;0.0;24.0;0.0;50.8;10.0;0.0;0.0;0.0;0.0;0.0;0.0;0.0;0.0;0.0;0.0;0.0;0.0;0.0;0.0;0.0;0.0;0.0;0.0;0.0;0.0;888.0
Santa Quitéria;RAIMUNDO MARTINS;-4.6496666666667;-40.066694444444;2010;5;0.0;0.0;0.0;0.0;0.0;0.0;0.0;0.0;0.0;0.0;0.0;0.0;0.0;0.0;0.0;0.0;0.0;0.0;0.0;0.0;0.0;0.0;0.0;0.0;0.0;0.0;0.0;0.0;0.0;0.0;0.0;0.0
Santa Quitéria;RAIMUNDO MARTINS;-4.6496666666667;-40.066694444444;2010;6;43.6;43.6;0.0;0.0;0.0;0.0;0.0;0.0;0.0;0.0;0.0;0.0;0.0;0.0;0.0;0.0;0.0;0.0;0.0;0.0;0.0;0.0;0.0;0.0;0.0;0.0;0.0;0.0;0.0;0.0;0.0;888.0
Santa Quitéria;RAIMUNDO MARTINS;-4.6496666666667;-40.066694444444;2010;7;0.0;0.0;0.0;0.0;0.0;0.0;0.0;0.0;0.0;0.0;0.0;0.0;0.0;0.0;0.0;0.0;0.0;0.0;0.0;0.0;0.0;0.0;0.0;0.0;0.0;0.0;0.0;0.0;0.0;0.0;0.0;0.0
Santa Quitéria;RAIMUNDO MARTINS;-4.6496666666667;-40.066694444444;2010;8;0.0;0.0;0.0;0.0;0.0;0.0;0.0;0.0;0.0;0.0;0.0;0.0;0.0;0.0;0.0;0.0;0.0;0.0;0.0;0.0;0.0;0.0;0.0;0.0;0.0;0.0;0.0;0.0;0.0;0.0;0.0;0.0
Santa Quitéria;RAIMUNDO MARTINS;-4.6496666666667;-40.066694444444;2010;9;0.0;0.0;0.0;0.0;0.0;0.0;0.0;0.0;0.0;0.0;0.0;0.0;0.0;0.0;0.0;0.0;0.0;0.0;0.0;0.0;0.0;0.0;0.0;0.0;0.0;0.0;0.0;0.0;0.0;0.0;0.0;888.0
Santa Quitéria;RAIMUNDO MARTINS;-4.6496666666667;-40.066694444444;2010;10;0.0;0.0;0.0;0.0;0.0;0.0;0.0;0.0;0.0;0.0;0.0;0.0;0.0;0.0;0.0;0.0;0.0;0.0;0.0;0.0;0.0;0.0;0.0;0.0;0.0;0.0;0.0;0.0;0.0;0.0;0.0;0.0
Santa Quitéria;RAIMUNDO MARTINS;-4.6496666666667;-40.066694444444;2010;11;0.0;0.0;0.0;0.0;0.0;0.0;0.0;0.0;0.0;0.0;0.0;0.0;0.0;0.0;0.0;0.0;0.0;0.0;0.0;0.0;0.0;0.0;0.0;0.0;0.0;0.0;0.0;0.0;0.0;0.0;0.0;888.0
Santa Quitéria;RAIMUNDO MARTINS;-4.6496666666667;-40.066694444444;2010;12;42.8;0.0;0.0;0.0;0.0;0.0;0.0;0.0;0.0;0.0;0.0;0.0;0.0;0.0;0.0;0.0;0.0;0.0;42.8;0.0;0.0;0.0;0.0;0.0;0.0;0.0;0.0;0.0;0.0;0.0;0.0;0.0
Santa Quitéria;RAIMUNDO MARTINS;-4.6496666666667;-40.066694444444;2011;1;198.6;0.0;0.0;0.0;0.0;0.0;0.0;0.0;0.0;0.0;138.6;0.0;0.0;0.0;0.0;0.0;0.0;0.0;0.0;0.0;14.0;20.6;5.0;0.0;0.0;20.4;0.0;0.0;0.0;0.0;0.0;0.0
Santa Quitéria;RAIMUNDO MARTINS;-4.6496666666667;-40.066694444444;2011;2;105.6;9.6;0.0;0.0;0.0;0.0;0.0;0.0;0.0;0.0;0.0;0.0;0.0;0.0;0.0;0.0;0.0;0.0;41.8;0.0;13.2;0.0;3.8;0.0;4.8;2.4;5.0;0.0;25.0;888.0;888.0;888.0
Santa Quitéria;RAIMUNDO MARTINS;-4.6496666666667;-40.066694444444;2011;3;125.2;43.0;19.0;0.0;0.0;0.0;0.0;0.0;0.0;14.8;0.0;0.0;0.0;0.0;0.0;0.0;0.0;0.0;0.0;0.0;0.0;0.0;0.0;0.0;0.0;0.0;15.8;0.0;24.4;8.2;0.0;0.0
Santa Quitéria;RAIMUNDO MARTINS;-4.6496666666667;-40.066694444444;2011;4;129.8;0.0;0.0;16.0;0.0;0.0;0.0;0.0;0.0;0.0;0.0;0.0;16.6;2.6;0.0;0.0;0.0;0.0;0.0;0.0;0.0;0.0;0.0;0.0;0.0;13.4;0.0;0.0;0.0;34.8;46.4;888.0
Santa Quitéria;RAIMUNDO MARTINS;-4.6496666666667;-40.066694444444;2011;5;67.2;13.2;0.0;0.0;0.0;0.0;20.4;0.0;0.0;0.0;0.0;24.2;0.0;0.0;0.0;0.0;0.0;0.0;9.4;0.0;0.0;0.0;0.0;0.0;0.0;0.0;0.0;0.0;0.0;0.0;0.0;0.0
Santa Quitéria;RAIMUNDO MARTINS;-4.6496666666667;-40.066694444444;2012;1;23.0;0.0;0.0;0.0;0.0;0.0;0.0;0.0;0.0;0.0;0.0;0.0;0.0;0.0;0.0;0.0;0.0;0.0;0.0;0.0;20.0;0.0;0.0;0.0;0.0;3.0;0.0;0.0;0.0;0.0;0.0;0.0
Santa Quitéria;RAIMUNDO MARTINS;-4.6496666666667;-40.066694444444;2012;2;46.0;0.0;0.0;0.0;0.0;0.0;0.0;0.0;0.0;0.0;0.0;0.0;0.0;0.0;0.0;0.0;0.0;0.0;0.0;33.2;5.4;3.6;0.0;0.0;0.0;0.0;3.8;0.0;0.0;0.0;888.0;888.0
Santa Quitéria;RAIMUNDO MARTINS;-4.6496666666667;-40.066694444444;2012;3;37.6;0.0;0.0;0.0;0.0;0.0;0.0;0.0;0.0;0.0;0.0;0.0;0.0;0.0;0.0;0.0;0.0;0.0;0.0;0.0;0.0;0.0;0.0;0.0;0.0;0.0;0.0;0.0;37.6;0.0;0.0;0.0
Santa Quitéria;RAIMUNDO MARTINS;-4.6496666666667;-40.066694444444;2012;4;24.0;0.0;0.0;0.0;0.0;0.0;0.0;0.0;0.0;0.0;0.0;0.0;0.0;0.0;0.0;24.0;0.0;0.0;0.0;0.0;0.0;0.0;0.0;0.0;0.0;0.0;0.0;0.0;0.0;0.0;0.0;888.0
Santa Quitéria;RAIMUNDO MARTINS;-4.6496666666667;-40.066694444444;2012;5;0.0;0.0;0.0;0.0;0.0;0.0;0.0;0.0;0.0;0.0;0.0;0.0;0.0;0.0;0.0;0.0;0.0;0.0;0.0;0.0;0.0;0.0;0.0;0.0;0.0;0.0;0.0;0.0;0.0;0.0;0.0;0.0
Santa Quitéria;RAIMUNDO MARTINS;-4.6496666666667;-40.066694444444;2012;6;0.0;0.0;0.0;0.0;0.0;0.0;0.0;0.0;0.0;0.0;0.0;0.0;0.0;0.0;0.0;0.0;0.0;0.0;0.0;0.0;0.0;0.0;0.0;0.0;0.0;0.0;0.0;0.0;0.0;0.0;0.0;888.0
Santa Quitéria;RAIMUNDO MARTINS;-4.6496666666667;-40.066694444444;2012;7;0.0;0.0;0.0;0.0;0.0;0.0;0.0;0.0;0.0;0.0;0.0;0.0;0.0;0.0;0.0;0.0;0.0;0.0;0.0;0.0;0.0;0.0;0.0;0.0;0.0;0.0;0.0;0.0;0.0;0.0;0.0;0.0
Santa Quitéria;RAIMUNDO MARTINS;-4.6496666666667;-40.066694444444;2012;8;0.0;0.0;0.0;0.0;0.0;0.0;0.0;0.0;0.0;0.0;0.0;0.0;0.0;0.0;0.0;0.0;0.0;0.0;0.0;0.0;0.0;0.0;0.0;0.0;0.0;0.0;0.0;0.0;0.0;0.0;0.0;0.0
Santa Quitéria;RAIMUNDO MARTINS;-4.6496666666667;-40.066694444444;2012;9;0.0;0.0;0.0;0.0;0.0;0.0;0.0;0.0;0.0;0.0;0.0;0.0;0.0;0.0;0.0;0.0;0.0;0.0;0.0;0.0;0.0;0.0;0.0;0.0;0.0;0.0;0.0;0.0;0.0;0.0;0.0;888.0
Santa Quitéria;RAIMUNDO MARTINS;-4.6496666666667;-40.066694444444;2012;10;0.0;0.0;0.0;0.0;0.0;0.0;0.0;0.0;0.0;0.0;0.0;0.0;0.0;0.0;0.0;0.0;0.0;0.0;0.0;0.0;0.0;0.0;0.0;0.0;0.0;0.0;0.0;0.0;0.0;0.0;0.0;0.0
Santa Quitéria;RAIMUNDO MARTINS;-4.6496666666667;-40.066694444444;2012;11;0.0;0.0;0.0;0.0;0.0;0.0;0.0;0.0;0.0;0.0;0.0;0.0;0.0;0.0;0.0;0.0;0.0;0.0;0.0;0.0;0.0;0.0;0.0;0.0;0.0;0.0;0.0;0.0;0.0;0.0;0.0;888.0
Santa Quitéria;RAIMUNDO MARTINS;-4.6496666666667;-40.066694444444;2012;12;0.0;0.0;0.0;0.0;0.0;0.0;0.0;0.0;0.0;0.0;0.0;0.0;0.0;0.0;0.0;0.0;0.0;0.0;0.0;0.0;0.0;0.0;0.0;0.0;0.0;0.0;0.0;0.0;0.0;0.0;0.0;0.0
Santa Quitéria;RAIMUNDO MARTINS;-4.6496666666667;-40.066694444444;2013;1;42.2;0.0;0.0;6.4;0.0;0.0;0.0;0.0;0.0;0.0;0.0;0.0;0.0;0.0;0.0;0.0;0.0;0.0;0.0;31.6;0.0;0.0;4.2;0.0;0.0;0.0;0.0;0.0;0.0;0.0;0.0;0.0
Santa Quitéria;RAIMUNDO MARTINS;-4.6496666666667;-40.066694444444;2013;2;28.2;0.0;0.0;0.0;0.0;0.0;0.0;0.0;0.0;0.0;0.0;0.0;0.0;0.0;0.0;0.0;8.2;20.0;0.0;0.0;0.0;0.0;0.0;0.0;0.0;0.0;0.0;0.0;0.0;888.0;888.0;888.0
Santa Quitéria;RAIMUNDO MARTINS;-4.6496666666667;-40.066694444444;2013;3;19.0;0.0;0.0;0.0;0.0;0.0;0.0;0.0;0.0;0.0;0.0;0.0;0.0;0.0;0.0;0.0;0.0;0.0;0.0;0.0;19.0;0.0;0.0;0.0;0.0;0.0;0.0;0.0;0.0;0.0;0.0;0.0
Santa Quitéria;RAIMUNDO MARTINS;-4.6496666666667;-40.066694444444;2013;4;82.6;0.0;0.0;0.0;0.0;0.0;0.0;0.0;6.8;0.0;8.2;0.0;0.0;0.0;0.0;0.0;0.0;26.4;6.4;3.8;16.4;0.0;0.0;0.0;0.0;0.0;0.0;0.0;0.0;0.0;14.6;888.0
Santa Quitéria;RAIMUNDO MARTINS;-4.6496666666667;-40.066694444444;2013;5;58.2;8.6;0.0;0.0;0.0;0.0;0.0;0.0;0.0;0.0;7.6;0.0;0.0;0.0;0.0;27.0;0.0;0.0;0.0;0.0;15.0;0.0;0.0;0.0;0.0;0.0;0.0;0.0;0.0;0.0;0.0;0.0
Santa Quitéria;RAIMUNDO MARTINS;-4.6496666666667;-40.066694444444;2013;6;12.2;0.0;0.0;0.0;0.0;0.0;0.0;0.0;0.0;0.0;0.0;0.0;0.0;0.0;0.0;0.0;0.0;0.0;0.0;0.0;0.0;0.0;12.2;0.0;0.0;0.0;0.0;0.0;0.0;0.0;0.0;888.0
Santa Quitéria;RAIMUNDO MARTINS;-4.6496666666667;-40.066694444444;2013;7;0.0;0.0;0.0;0.0;0.0;0.0;0.0;0.0;0.0;0.0;0.0;0.0;0.0;0.0;0.0;0.0;0.0;0.0;0.0;0.0;0.0;0.0;0.0;0.0;0.0;0.0;0.0;0.0;0.0;0.0;0.0;0.0
Santa Quitéria;RAIMUNDO MARTINS;-4.6496666666667;-40.066694444444;2013;8;0.0;0.0;0.0;0.0;0.0;0.0;0.0;0.0;0.0;0.0;0.0;0.0;0.0;0.0;0.0;0.0;0.0;0.0;0.0;0.0;0.0;0.0;0.0;999.0;999.0;999.0;999.0;999.0;999.0;999.0;999.0;999.0
Santa Quitéria;RAIMUNDO MARTINS;-4.6496666666667;-40.066694444444;2014;1;74.0;0.0;0.0;0.0;0.0;0.0;0.0;0.0;0.0;0.0;0.0;0.0;0.0;0.0;0.0;0.0;0.0;0.0;0.0;0.0;0.0;0.0;0.0;0.0;0.0;0.0;0.0;0.0;0.0;999.0;0.0;74.0
Santa Quitéria;RAIMUNDO MARTINS;-4.6496666666667;-40.066694444444;2014;2;35.2;0.0;0.0;0.0;0.0;0.0;0.0;0.0;0.0;0.0;0.0;0.0;0.0;0.0;0.0;10.4;16.4;8.4;0.0;0.0;0.0;0.0;0.0;0.0;0.0;0.0;0.0;0.0;0.0;888.0;888.0;888.0
Santa Quitéria;RAIMUNDO MARTINS;-4.6496666666667;-40.066694444444;2014;3;81.8;0.0;0.0;0.0;0.0;0.0;0.0;0.0;0.0;21.8;8.2;0.0;0.0;0.0;0.0;0.0;0.0;27.4;0.0;0.0;0.0;0.0;0.0;0.0;0.0;0.0;0.0;0.0;0.0;0.0;12.2;12.2
Santa Quitéria;RAIMUNDO MARTINS;-4.6496666666667;-40.066694444444;2014;4;53.0;12.4;0.0;0.0;0.0;4.2;5.4;23.6;0.0;0.0;0.0;0.0;0.0;0.0;0.0;0.0;0.0;7.4;0.0;0.0;0.0;0.0;0.0;0.0;0.0;0.0;0.0;0.0;0.0;0.0;0.0;888.0
Santa Quitéria;RAIMUNDO MARTINS;-4.6496666666667;-40.066694444444;2014;5;8.8;0.0;8.8;999.0;999.0;999.0;999.0;999.0;999.0;999.0;999.0;999.0;999.0;999.0;999.0;999.0;999.0;999.0;999.0;999.0;999.0;999.0;999.0;999.0;999.0;999.0;999.0;999.0;999.0;999.0;999.0;999.0
Santa Quitéria;RAIMUNDO MARTINS;-4.6496666666667;-40.066694444444;2015;1;0.0;0.0;0.0;0.0;0.0;0.0;0.0;0.0;0.0;0.0;0.0;0.0;0.0;0.0;0.0;0.0;0.0;0.0;0.0;0.0;0.0;0.0;0.0;0.0;0.0;0.0;0.0;0.0;0.0;0.0;0.0;0.0
Santa Quitéria;RAIMUNDO MARTINS;-4.6496666666667;-40.066694444444;2015;2;28.2;0.0;0.0;0.0;0.0;0.0;0.0;0.0;0.0;0.0;0.0;0.0;0.0;0.0;0.0;0.0;0.0;0.0;0.0;0.0;0.0;0.0;10.8;0.0;0.0;0.0;17.4;0.0;0.0;888.0;888.0;888.0
Santa Quitéria;RAIMUNDO MARTINS;-4.6496666666667;-40.066694444444;2015;3;34.8;0.0;0.0;0.0;0.0;0.0;0.0;0.0;0.0;0.0;0.0;0.0;0.0;0.0;0.0;0.0;0.0;0.0;0.0;0.0;0.0;0.0;34.8;0.0;0.0;0.0;0.0;0.0;0.0;0.0;0.0;0.0
Santa Quitéria;RAIMUNDO MARTINS;-4.6496666666667;-40.066694444444;2015;4;91.4;0.0;28.2;39.2;24.0;0.0;0.0;0.0;0.0;0.0;0.0;0.0;0.0;0.0;0.0;0.0;0.0;0.0;0.0;0.0;0.0;0.0;0.0;0.0;0.0;0.0;0.0;0.0;0.0;0.0;0.0;888.0
Santa Quitéria;RAIMUNDO MARTINS;-4.6496666666667;-40.066694444444;2015;5;0.0;0.0;0.0;0.0;0.0;0.0;0.0;0.0;0.0;0.0;0.0;0.0;0.0;0.0;0.0;0.0;0.0;0.0;0.0;0.0;0.0;0.0;0.0;0.0;0.0;0.0;0.0;0.0;0.0;0.0;0.0;0.0
Santa Quitéria;RAIMUNDO MARTINS;-4.6496666666667;-40.066694444444;2015;6;0.0;0.0;0.0;0.0;0.0;0.0;0.0;0.0;0.0;0.0;0.0;0.0;0.0;0.0;0.0;0.0;0.0;0.0;0.0;0.0;0.0;0.0;0.0;0.0;0.0;0.0;0.0;0.0;0.0;0.0;0.0;888.0
Santa Quitéria;RAIMUNDO MARTINS;-4.6496666666667;-40.066694444444;2015;7;0.0;0.0;0.0;0.0;0.0;0.0;0.0;0.0;0.0;0.0;0.0;0.0;0.0;0.0;0.0;0.0;0.0;0.0;0.0;0.0;0.0;0.0;0.0;0.0;0.0;0.0;0.0;0.0;0.0;0.0;999.0;0.0
Santa Quitéria;RAIMUNDO MARTINS;-4.6496666666667;-40.066694444444;2015;8;0.0;0.0;0.0;0.0;0.0;0.0;0.0;0.0;0.0;0.0;0.0;0.0;0.0;0.0;0.0;0.0;0.0;0.0;0.0;0.0;0.0;0.0;0.0;0.0;0.0;0.0;0.0;0.0;0.0;0.0;0.0;0.0
Santa Quitéria;RAIMUNDO MARTINS;-4.6496666666667;-40.066694444444;2015;9;0.0;0.0;0.0;0.0;0.0;0.0;0.0;0.0;0.0;0.0;0.0;0.0;0.0;0.0;0.0;0.0;0.0;999.0;0.0;0.0;0.0;0.0;0.0;0.0;0.0;0.0;0.0;0.0;0.0;0.0;0.0;888.0
Santa Quitéria;RAIMUNDO MARTINS;-4.6496666666667;-40.066694444444;2015;10;0.0;0.0;0.0;0.0;0.0;0.0;0.0;0.0;0.0;0.0;0.0;0.0;0.0;0.0;0.0;0.0;0.0;0.0;0.0;0.0;0.0;0.0;0.0;0.0;0.0;0.0;0.0;0.0;0.0;0.0;0.0;0.0
Santa Quitéria;RAIMUNDO MARTINS;-4.6496666666667;-40.066694444444;2015;11;0.0;0.0;0.0;0.0;0.0;0.0;0.0;0.0;0.0;0.0;0.0;0.0;0.0;0.0;0.0;0.0;0.0;0.0;0.0;0.0;0.0;0.0;0.0;0.0;0.0;0.0;0.0;0.0;0.0;0.0;0.0;888.0
Santa Quitéria;RAIMUNDO MARTINS;-4.6496666666667;-40.066694444444;2015;12;0.0;0.0;0.0;0.0;0.0;0.0;0.0;0.0;0.0;999.0;0.0;0.0;0.0;0.0;0.0;0.0;0.0;0.0;0.0;0.0;0.0;0.0;0.0;0.0;0.0;0.0;0.0;0.0;0.0;0.0;0.0;0.0
Santa Quitéria;RAIMUNDO MARTINS;-4.6496666666667;-40.066694444444;2016;1;107.4;0.0;0.0;0.0;0.0;0.0;0.0;0.0;0.0;0.0;0.0;0.0;0.0;0.0;0.0;0.0;0.0;0.0;0.0;0.0;0.0;26.2;33.6;29.2;18.4;0.0;0.0;0.0;0.0;0.0;0.0;0.0
Santa Quitéria;RAIMUNDO MARTINS;-4.6496666666667;-40.066694444444;2016;2;0.0;0.0;0.0;0.0;0.0;0.0;0.0;0.0;0.0;0.0;0.0;0.0;0.0;0.0;0.0;0.0;0.0;0.0;0.0;0.0;0.0;0.0;0.0;0.0;0.0;0.0;0.0;0.0;0.0;0.0;888.0;888.0
Santa Quitéria;RAIMUNDO MARTINS;-4.6496666666667;-40.066694444444;2016;3;74.0;0.0;0.0;0.0;0.0;0.0;0.0;0.0;0.0;16.8;0.0;0.0;0.0;0.0;0.0;0.0;0.0;0.0;0.0;0.0;0.0;0.0;3.4;0.0;9.0;0.0;0.0;0.0;0.0;0.0;44.8;0.0
Santa Quitéria;RAIMUNDO MARTINS;-4.6496666666667;-40.066694444444;2016;4;96.8;0.0;6.6;9.0;15.0;5.2;5.0;21.2;8.8;0.0;0.0;0.0;26.0;0.0;0.0;0.0;0.0;0.0;0.0;0.0;0.0;0.0;0.0;0.0;0.0;0.0;0.0;0.0;0.0;0.0;0.0;888.0
Santa Quitéria;RAIMUNDO MARTINS;-4.6496666666667;-40.066694444444;2016;5;0.0;0.0;0.0;0.0;0.0;0.0;0.0;0.0;0.0;0.0;0.0;0.0;0.0;0.0;0.0;0.0;0.0;0.0;0.0;0.0;0.0;0.0;0.0;0.0;0.0;0.0;0.0;0.0;0.0;0.0;0.0;0.0
Santa Quitéria;RAIMUNDO MARTINS;-4.6496666666667;-40.066694444444;2016;6;0.0;0.0;0.0;0.0;0.0;0.0;0.0;0.0;0.0;0.0;0.0;0.0;0.0;0.0;0.0;0.0;0.0;0.0;0.0;0.0;0.0;0.0;0.0;0.0;0.0;0.0;0.0;0.0;0.0;0.0;0.0;888.0
Santa Quitéria;RAIMUNDO MARTINS;-4.6496666666667;-40.066694444444;2016;7;0.0;0.0;0.0;0.0;0.0;0.0;0.0;0.0;0.0;0.0;0.0;0.0;0.0;0.0;0.0;0.0;0.0;0.0;0.0;0.0;0.0;0.0;0.0;0.0;0.0;0.0;0.0;0.0;0.0;0.0;0.0;0.0
Santa Quitéria;RAIMUNDO MARTINS;-4.6496666666667;-40.066694444444;2016;8;0.0;0.0;0.0;0.0;0.0;0.0;0.0;0.0;0.0;0.0;0.0;0.0;0.0;0.0;0.0;0.0;0.0;0.0;0.0;0.0;0.0;0.0;0.0;0.0;0.0;0.0;0.0;0.0;0.0;0.0;0.0;0.0
Santa Quitéria;RAIMUNDO MARTINS;-4.6496666666667;-40.066694444444;2016;9;0.0;0.0;0.0;0.0;0.0;0.0;0.0;0.0;0.0;0.0;0.0;0.0;0.0;0.0;0.0;0.0;0.0;0.0;0.0;0.0;0.0;0.0;0.0;0.0;0.0;0.0;0.0;0.0;0.0;0.0;0.0;888.0
Santa Quitéria;RAIMUNDO MARTINS;-4.6496666666667;-40.066694444444;2016;10;0.0;0.0;0.0;0.0;0.0;0.0;0.0;0.0;0.0;0.0;0.0;0.0;0.0;0.0;0.0;0.0;0.0;0.0;0.0;0.0;0.0;0.0;0.0;0.0;0.0;0.0;0.0;0.0;0.0;0.0;0.0;0.0
Santa Quitéria;RAIMUNDO MARTINS;-4.6496666666667;-40.066694444444;2016;11;0.0;0.0;0.0;0.0;0.0;0.0;0.0;0.0;0.0;0.0;0.0;0.0;0.0;0.0;0.0;0.0;0.0;0.0;0.0;0.0;0.0;0.0;0.0;0.0;0.0;0.0;0.0;0.0;0.0;0.0;0.0;888.0
Santa Quitéria;RAIMUNDO MARTINS;-4.6496666666667;-40.066694444444;2016;12;0.0;0.0;0.0;0.0;0.0;0.0;0.0;0.0;0.0;0.0;0.0;0.0;0.0;0.0;0.0;0.0;0.0;0.0;0.0;0.0;0.0;0.0;0.0;0.0;0.0;0.0;0.0;0.0;0.0;0.0;0.0;0.0
Santa Quitéria;RAIMUNDO MARTINS;-4.6496666666667;-40.066694444444;2017;1;33.0;0.0;0.0;0.0;0.0;0.0;0.0;0.0;0.0;0.0;0.0;0.0;0.0;0.0;0.0;0.0;0.0;0.0;0.0;0.0;0.0;0.0;0.0;0.0;0.0;0.0;0.0;0.0;33.0;0.0;0.0;0.0
Santa Quitéria;RAIMUNDO MARTINS;-4.6496666666667;-40.066694444444;2017;2;137.0;0.0;0.0;0.0;0.0;0.0;0.0;0.0;0.0;17.4;0.0;0.0;41.2;0.0;0.0;0.0;0.0;6.0;63.8;0.0;8.6;0.0;0.0;0.0;0.0;0.0;0.0;0.0;0.0;888.0;888.0;888.0
Santa Quitéria;RAIMUNDO MARTINS;-4.6496666666667;-40.066694444444;2017;3;215.6;0.0;29.4;51.4;34.6;0.0;0.0;0.0;0.0;0.0;0.0;22.2;5.0;0.0;46.6;0.0;26.4;999.0;999.0;999.0;999.0;999.0;999.0;999.0;999.0;999.0;999.0;999.0;999.0;999.0;999.0;999.0
Santa Quitéria;RAIMUNDO MARTINS;-4.6496666666667;-40.066694444444;2018;1;0.0;999.0;999.0;999.0;999.0;999.0;999.0;999.0;999.0;999.0;999.0;999.0;999.0;999.0;999.0;999.0;999.0;999.0;999.0;999.0;999.0;999.0;999.0;999.0;999.0;999.0;999.0;999.0;999.0;999.0;999.0;999.0
