Municipios;Postos;Latitude;Longitude;Anos;Meses;Total;Dia1;Dia2;Dia3;Dia4;Dia5;Dia6;Dia7;Dia8;Dia9;Dia10;Dia11;Dia12;Dia13;Dia14;Dia15;Dia16;Dia17;Dia18;Dia19;Dia20;Dia21;Dia22;Dia23;Dia24;Dia25;Dia26;Dia27;Dia28;Dia29;Dia30;Dia31
Morada Nova;FAZENDA LACRAIA;-5.1365555555556;-38.466277777778;2002;1;0.0;0.0;999.0;999.0;999.0;999.0;999.0;999.0;999.0;999.0;999.0;999.0;999.0;999.0;999.0;999.0;999.0;999.0;999.0;999.0;999.0;999.0;999.0;999.0;999.0;999.0;999.0;999.0;999.0;999.0;999.0;999.0
Morada Nova;FAZENDA LACRAIA;-5.1365555555556;-38.466277777778;2002;2;76.4;0.0;0.0;0.0;0.0;0.0;0.0;0.0;0.0;0.0;0.0;5.8;1.4;1.0;51.2;0.0;0.0;0.0;0.0;0.0;0.0;0.0;0.0;0.0;0.0;17.0;0.0;0.0;0.0;888.0;888.0;888.0
Morada Nova;FAZENDA LACRAIA;-5.1365555555556;-38.466277777778;2002;3;166.8;0.0;0.0;2.0;23.0;11.0;1.0;0.0;2.0;0.0;0.0;0.0;0.0;0.0;0.0;0.0;2.0;8.0;7.8;14.0;0.0;0.0;11.0;14.0;16.0;0.0;0.0;8.0;39.8;7.2;0.0;0.0
Morada Nova;FAZENDA LACRAIA;-5.1365555555556;-38.466277777778;2002;4;177.0;6.2;11.3;1.2;21.0;0.0;14.0;12.8;2.0;0.0;4.2;0.0;37.2;0.0;0.0;0.0;0.0;0.0;0.0;4.2;3.3;0.0;0.0;0.0;0.0;21.1;19.2;0.0;0.0;19.3;0.0;888.0
Morada Nova;FAZENDA LACRAIA;-5.1365555555556;-38.466277777778;2002;5;149.3;0.0;2.3;0.0;0.0;0.0;7.0;44.0;0.0;0.0;2.0;16.0;0.0;0.0;17.0;0.0;0.0;0.0;0.0;0.0;0.0;14.0;0.0;0.0;0.0;0.0;10.0;0.0;0.0;3.0;0.0;34.0
Morada Nova;FAZENDA LACRAIA;-5.1365555555556;-38.466277777778;2002;6;0.0;0.0;0.0;0.0;0.0;0.0;0.0;0.0;0.0;0.0;0.0;0.0;0.0;0.0;0.0;0.0;0.0;0.0;0.0;0.0;0.0;0.0;0.0;0.0;0.0;0.0;0.0;0.0;0.0;0.0;0.0;888.0
Morada Nova;FAZENDA LACRAIA;-5.1365555555556;-38.466277777778;2002;7;0.0;0.0;0.0;0.0;0.0;0.0;0.0;0.0;0.0;0.0;0.0;0.0;0.0;0.0;0.0;0.0;0.0;0.0;0.0;0.0;0.0;0.0;0.0;0.0;0.0;0.0;0.0;0.0;0.0;0.0;0.0;0.0
Morada Nova;FAZENDA LACRAIA;-5.1365555555556;-38.466277777778;2002;8;0.0;0.0;0.0;0.0;0.0;0.0;0.0;0.0;0.0;0.0;0.0;0.0;0.0;0.0;0.0;0.0;0.0;0.0;0.0;0.0;0.0;0.0;0.0;0.0;0.0;0.0;0.0;0.0;0.0;0.0;0.0;0.0
Morada Nova;FAZENDA LACRAIA;-5.1365555555556;-38.466277777778;2002;9;0.0;0.0;0.0;0.0;0.0;0.0;0.0;0.0;0.0;0.0;0.0;0.0;0.0;0.0;0.0;0.0;0.0;0.0;0.0;0.0;0.0;0.0;0.0;0.0;0.0;0.0;0.0;0.0;0.0;0.0;0.0;888.0
Morada Nova;FAZENDA LACRAIA;-5.1365555555556;-38.466277777778;2002;10;0.0;0.0;0.0;0.0;0.0;0.0;0.0;0.0;0.0;0.0;0.0;0.0;0.0;0.0;0.0;0.0;0.0;0.0;0.0;0.0;0.0;0.0;0.0;0.0;0.0;0.0;0.0;0.0;0.0;0.0;0.0;0.0
Morada Nova;FAZENDA LACRAIA;-5.1365555555556;-38.466277777778;2002;11;0.0;0.0;0.0;0.0;0.0;0.0;0.0;0.0;0.0;0.0;0.0;0.0;0.0;0.0;0.0;0.0;0.0;0.0;0.0;0.0;0.0;0.0;0.0;0.0;0.0;0.0;0.0;0.0;0.0;0.0;0.0;888.0
Morada Nova;FAZENDA LACRAIA;-5.1365555555556;-38.466277777778;2002;12;0.0;0.0;0.0;0.0;0.0;0.0;0.0;0.0;0.0;0.0;0.0;0.0;0.0;0.0;0.0;0.0;0.0;0.0;0.0;0.0;0.0;0.0;0.0;0.0;0.0;0.0;0.0;0.0;0.0;0.0;0.0;0.0
Morada Nova;FAZENDA LACRAIA;-5.1365555555556;-38.466277777778;2003;1;146.1;0.0;0.0;0.0;0.0;0.0;0.0;0.0;0.0;0.0;0.0;0.0;0.0;0.0;0.0;0.0;0.0;0.0;0.0;0.0;28.0;12.0;65.0;0.0;0.0;0.0;0.0;8.2;0.0;17.1;15.8;0.0
Morada Nova;FAZENDA LACRAIA;-5.1365555555556;-38.466277777778;2003;2;96.2;0.0;0.0;0.0;6.2;3.0;3.4;0.0;0.0;0.0;0.0;0.0;7.6;0.0;0.0;6.6;0.0;0.0;0.0;0.0;23.6;0.0;0.0;11.8;2.4;24.0;4.6;0.0;3.0;888.0;888.0;888.0
Morada Nova;FAZENDA LACRAIA;-5.1365555555556;-38.466277777778;2003;3;138.6;0.0;0.0;11.8;34.0;2.0;0.0;8.0;0.0;6.0;17.6;0.0;0.0;0.0;3.0;6.4;0.0;0.0;0.0;0.4;0.0;6.0;0.0;6.2;0.0;9.8;0.4;0.0;0.0;6.8;14.4;5.8
Morada Nova;FAZENDA LACRAIA;-5.1365555555556;-38.466277777778;2003;4;175.4;0.0;6.4;0.0;0.0;10.6;0.0;0.0;7.4;0.8;34.8;0.0;0.0;0.0;0.0;0.0;0.0;0.0;18.6;2.2;0.0;11.2;5.0;0.0;0.0;6.0;0.0;62.6;0.0;0.0;9.8;888.0
Morada Nova;FAZENDA LACRAIA;-5.1365555555556;-38.466277777778;2003;5;55.8;8.0;0.0;2.4;21.2;0.0;0.0;0.0;0.0;0.0;0.0;0.0;0.0;0.0;0.0;20.0;0.0;0.0;0.0;0.0;1.0;3.2;0.0;0.0;0.0;0.0;0.0;0.0;0.0;0.0;0.0;0.0
Morada Nova;FAZENDA LACRAIA;-5.1365555555556;-38.466277777778;2003;6;0.0;0.0;0.0;0.0;0.0;0.0;0.0;0.0;0.0;0.0;0.0;0.0;0.0;0.0;0.0;0.0;0.0;0.0;0.0;0.0;0.0;0.0;0.0;0.0;0.0;0.0;0.0;0.0;0.0;0.0;0.0;888.0
Morada Nova;FAZENDA LACRAIA;-5.1365555555556;-38.466277777778;2003;7;0.0;0.0;0.0;0.0;0.0;0.0;0.0;0.0;0.0;0.0;0.0;0.0;0.0;0.0;0.0;0.0;0.0;0.0;0.0;0.0;0.0;0.0;0.0;0.0;0.0;0.0;0.0;0.0;0.0;0.0;0.0;0.0
Morada Nova;FAZENDA LACRAIA;-5.1365555555556;-38.466277777778;2003;8;0.0;0.0;0.0;0.0;0.0;0.0;0.0;0.0;0.0;0.0;0.0;0.0;0.0;0.0;0.0;0.0;0.0;0.0;0.0;0.0;0.0;0.0;0.0;0.0;0.0;0.0;0.0;0.0;0.0;0.0;0.0;0.0
Morada Nova;FAZENDA LACRAIA;-5.1365555555556;-38.466277777778;2003;9;0.0;0.0;0.0;0.0;0.0;0.0;0.0;0.0;0.0;0.0;0.0;0.0;0.0;0.0;0.0;0.0;0.0;0.0;0.0;0.0;0.0;0.0;0.0;0.0;0.0;0.0;0.0;0.0;0.0;0.0;0.0;888.0
Morada Nova;FAZENDA LACRAIA;-5.1365555555556;-38.466277777778;2003;10;0.0;0.0;0.0;0.0;0.0;0.0;0.0;0.0;0.0;0.0;0.0;0.0;0.0;0.0;0.0;0.0;0.0;0.0;0.0;0.0;0.0;0.0;0.0;0.0;0.0;0.0;0.0;0.0;0.0;0.0;0.0;0.0
Morada Nova;FAZENDA LACRAIA;-5.1365555555556;-38.466277777778;2003;11;0.0;0.0;0.0;0.0;0.0;0.0;0.0;0.0;0.0;0.0;0.0;0.0;0.0;0.0;0.0;0.0;0.0;0.0;0.0;0.0;0.0;0.0;0.0;0.0;0.0;0.0;0.0;0.0;0.0;0.0;0.0;888.0
Morada Nova;FAZENDA LACRAIA;-5.1365555555556;-38.466277777778;2003;12;0.0;0.0;0.0;0.0;0.0;0.0;0.0;0.0;0.0;0.0;0.0;0.0;0.0;0.0;0.0;0.0;0.0;0.0;0.0;0.0;0.0;0.0;0.0;0.0;0.0;0.0;0.0;0.0;0.0;0.0;0.0;0.0
Morada Nova;FAZENDA LACRAIA;-5.1365555555556;-38.466277777778;2004;1;252.6;0.0;0.0;0.0;0.0;0.0;0.0;0.0;0.0;0.0;2.0;0.0;0.0;0.0;5.2;0.0;0.0;26.3;0.0;0.0;14.4;20.4;0.0;71.1;0.0;12.4;0.0;9.3;44.0;15.2;13.3;19.0
Morada Nova;FAZENDA LACRAIA;-5.1365555555556;-38.466277777778;2004;2;181.6;1.0;18.0;11.3;10.0;19.0;15.0;7.3;4.4;0.0;0.0;0.0;0.0;15.0;0.0;24.0;8.0;0.0;14.0;0.0;0.0;0.0;0.0;0.0;0.0;0.0;17.4;0.0;17.2;0.0;888.0;888.0
Morada Nova;FAZENDA LACRAIA;-5.1365555555556;-38.466277777778;2004;3;152.3;0.0;0.0;0.0;0.0;0.0;24.4;14.0;0.0;0.0;0.0;74.4;0.0;0.0;0.0;0.0;12.0;0.0;0.0;8.2;0.0;0.0;0.0;0.0;0.0;19.3;0.0;0.0;0.0;0.0;0.0;0.0
Morada Nova;FAZENDA LACRAIA;-5.1365555555556;-38.466277777778;2004;4;35.6;0.0;0.0;0.0;0.0;0.0;0.0;0.0;0.0;0.0;0.0;0.0;0.0;0.0;0.0;0.0;0.0;13.4;18.0;4.2;0.0;0.0;0.0;0.0;0.0;0.0;0.0;0.0;0.0;0.0;0.0;888.0
Morada Nova;FAZENDA LACRAIA;-5.1365555555556;-38.466277777778;2004;5;82.7;8.5;0.0;0.0;24.3;0.0;0.0;0.0;0.0;0.0;35.3;3.1;0.0;0.0;0.0;0.0;0.0;4.0;0.0;0.0;0.0;0.0;0.0;0.0;0.0;4.3;0.0;0.0;3.2;0.0;0.0;0.0
Morada Nova;FAZENDA LACRAIA;-5.1365555555556;-38.466277777778;2004;6;161.6;18.0;0.0;0.0;20.2;0.0;0.0;0.0;0.0;0.0;0.0;0.0;27.0;3.0;0.0;0.0;0.0;59.0;0.0;0.0;0.0;23.1;0.0;7.1;4.2;0.0;0.0;0.0;0.0;0.0;0.0;888.0
Morada Nova;FAZENDA LACRAIA;-5.1365555555556;-38.466277777778;2004;7;13.0;0.0;10.0;0.0;0.0;0.0;0.0;0.0;0.0;0.0;0.0;0.0;0.0;3.0;0.0;0.0;0.0;0.0;0.0;0.0;0.0;0.0;0.0;0.0;0.0;0.0;0.0;0.0;0.0;0.0;0.0;0.0
Morada Nova;FAZENDA LACRAIA;-5.1365555555556;-38.466277777778;2004;8;0.0;0.0;0.0;0.0;0.0;0.0;0.0;0.0;0.0;0.0;0.0;0.0;0.0;0.0;0.0;0.0;0.0;0.0;0.0;0.0;0.0;0.0;0.0;0.0;0.0;0.0;0.0;0.0;0.0;0.0;0.0;0.0
Morada Nova;FAZENDA LACRAIA;-5.1365555555556;-38.466277777778;2004;9;0.0;0.0;0.0;0.0;0.0;0.0;0.0;0.0;0.0;0.0;0.0;0.0;0.0;0.0;0.0;0.0;0.0;0.0;0.0;0.0;0.0;0.0;0.0;0.0;0.0;0.0;0.0;0.0;0.0;0.0;0.0;888.0
Morada Nova;FAZENDA LACRAIA;-5.1365555555556;-38.466277777778;2004;10;0.0;0.0;0.0;0.0;0.0;0.0;0.0;0.0;0.0;0.0;0.0;0.0;0.0;0.0;0.0;0.0;0.0;0.0;0.0;0.0;0.0;0.0;0.0;0.0;0.0;0.0;0.0;0.0;0.0;0.0;0.0;0.0
Morada Nova;FAZENDA LACRAIA;-5.1365555555556;-38.466277777778;2004;11;0.0;0.0;0.0;0.0;0.0;0.0;0.0;0.0;0.0;0.0;0.0;0.0;0.0;0.0;0.0;0.0;0.0;0.0;0.0;0.0;0.0;0.0;0.0;0.0;0.0;0.0;0.0;0.0;0.0;0.0;0.0;888.0
Morada Nova;FAZENDA LACRAIA;-5.1365555555556;-38.466277777778;2004;12;0.0;0.0;0.0;0.0;0.0;0.0;0.0;0.0;0.0;0.0;0.0;0.0;0.0;0.0;0.0;0.0;0.0;0.0;0.0;0.0;0.0;0.0;0.0;0.0;0.0;0.0;0.0;0.0;0.0;0.0;0.0;0.0
Morada Nova;FAZENDA LACRAIA;-5.1365555555556;-38.466277777778;2005;1;0.0;0.0;0.0;0.0;0.0;0.0;0.0;0.0;0.0;0.0;0.0;0.0;0.0;0.0;0.0;0.0;0.0;0.0;0.0;0.0;0.0;0.0;0.0;0.0;0.0;0.0;0.0;0.0;0.0;0.0;0.0;0.0
Morada Nova;FAZENDA LACRAIA;-5.1365555555556;-38.466277777778;2005;2;51.1;0.0;0.0;0.0;0.0;0.0;0.0;0.0;0.0;0.0;0.0;0.0;0.0;0.0;0.0;0.0;6.1;0.0;0.0;0.0;0.0;0.0;0.0;0.0;45.0;0.0;0.0;0.0;0.0;888.0;888.0;888.0
Morada Nova;FAZENDA LACRAIA;-5.1365555555556;-38.466277777778;2005;3;275.2;0.0;0.0;0.0;0.0;0.0;0.0;0.0;0.0;0.0;0.0;0.0;0.0;0.0;0.0;0.0;0.0;0.0;16.0;44.4;9.7;27.3;8.8;0.0;0.0;29.4;0.0;27.2;0.0;0.0;75.0;37.4
Morada Nova;FAZENDA LACRAIA;-5.1365555555556;-38.466277777778;2005;4;108.4;0.0;7.2;0.0;0.0;0.0;8.0;10.0;0.0;3.2;80.0;0.0;0.0;0.0;0.0;0.0;0.0;0.0;0.0;0.0;0.0;0.0;0.0;0.0;0.0;0.0;0.0;0.0;0.0;0.0;0.0;888.0
Morada Nova;FAZENDA LACRAIA;-5.1365555555556;-38.466277777778;2005;5;182.1;0.0;27.2;0.0;11.0;0.0;9.3;0.0;0.0;0.0;0.0;24.2;10.2;11.2;5.2;0.0;21.0;0.0;0.0;0.0;8.0;0.0;34.2;0.0;7.2;6.2;7.2;0.0;0.0;0.0;0.0;0.0
Morada Nova;FAZENDA LACRAIA;-5.1365555555556;-38.466277777778;2005;6;46.2;0.0;0.0;0.0;0.0;0.0;5.2;0.0;0.0;30.0;0.0;0.0;0.0;0.0;0.0;0.0;0.0;0.0;0.0;0.0;0.0;0.0;0.0;0.0;0.0;0.0;0.0;0.0;0.0;11.0;0.0;888.0
Morada Nova;FAZENDA LACRAIA;-5.1365555555556;-38.466277777778;2005;7;0.0;0.0;0.0;0.0;0.0;0.0;0.0;0.0;0.0;0.0;0.0;0.0;0.0;0.0;0.0;0.0;0.0;0.0;0.0;0.0;0.0;0.0;0.0;0.0;0.0;0.0;0.0;0.0;0.0;0.0;0.0;0.0
Morada Nova;FAZENDA LACRAIA;-5.1365555555556;-38.466277777778;2005;8;0.0;0.0;0.0;0.0;0.0;0.0;0.0;0.0;0.0;0.0;0.0;0.0;0.0;0.0;0.0;0.0;0.0;0.0;0.0;0.0;0.0;0.0;0.0;0.0;0.0;0.0;0.0;0.0;0.0;0.0;0.0;0.0
Morada Nova;FAZENDA LACRAIA;-5.1365555555556;-38.466277777778;2005;9;0.0;0.0;0.0;0.0;0.0;0.0;0.0;0.0;0.0;0.0;0.0;0.0;0.0;0.0;0.0;0.0;0.0;0.0;0.0;0.0;0.0;0.0;0.0;0.0;0.0;0.0;0.0;0.0;0.0;0.0;0.0;888.0
Morada Nova;FAZENDA LACRAIA;-5.1365555555556;-38.466277777778;2005;10;0.0;0.0;0.0;0.0;0.0;0.0;0.0;0.0;0.0;0.0;0.0;0.0;0.0;0.0;0.0;0.0;0.0;0.0;0.0;0.0;0.0;0.0;0.0;0.0;0.0;0.0;0.0;0.0;0.0;0.0;0.0;0.0
Morada Nova;FAZENDA LACRAIA;-5.1365555555556;-38.466277777778;2005;11;0.0;0.0;0.0;0.0;0.0;0.0;0.0;0.0;0.0;0.0;0.0;0.0;0.0;0.0;0.0;0.0;0.0;0.0;0.0;0.0;0.0;0.0;0.0;0.0;0.0;0.0;0.0;0.0;0.0;0.0;0.0;888.0
Morada Nova;FAZENDA LACRAIA;-5.1365555555556;-38.466277777778;2005;12;0.0;0.0;0.0;0.0;0.0;0.0;0.0;0.0;0.0;0.0;0.0;0.0;0.0;0.0;0.0;0.0;0.0;0.0;0.0;0.0;0.0;0.0;0.0;0.0;0.0;0.0;0.0;0.0;0.0;0.0;0.0;0.0
Morada Nova;FAZENDA LACRAIA;-5.1365555555556;-38.466277777778;2006;1;2.0;0.0;0.0;0.0;0.0;0.0;0.0;0.0;0.0;0.0;0.0;0.0;0.0;0.0;0.0;0.0;0.0;0.0;0.0;2.0;0.0;0.0;0.0;0.0;0.0;0.0;0.0;0.0;0.0;0.0;0.0;0.0
Morada Nova;FAZENDA LACRAIA;-5.1365555555556;-38.466277777778;2006;2;33.6;0.0;0.0;0.0;0.0;0.0;0.0;0.0;3.1;0.0;0.0;3.2;0.0;0.0;0.0;0.0;0.0;0.0;10.3;0.0;0.0;0.0;0.0;0.0;3.0;0.0;0.0;0.0;14.0;888.0;888.0;888.0
Morada Nova;FAZENDA LACRAIA;-5.1365555555556;-38.466277777778;2006;3;229.7;6.1;4.1;0.0;4.2;11.3;0.0;0.0;0.0;0.0;0.0;0.0;0.0;2.1;0.0;15.2;2.0;0.0;0.0;2.3;33.0;22.3;19.1;9.1;12.3;22.0;15.3;0.0;0.0;49.3;0.0;0.0
Morada Nova;FAZENDA LACRAIA;-5.1365555555556;-38.466277777778;2006;4;201.3;0.0;0.0;0.0;0.0;22.6;0.0;24.5;0.0;21.5;0.0;5.6;0.0;0.0;0.0;5.8;0.0;0.0;0.0;0.0;0.0;0.0;21.7;32.0;19.6;23.6;3.2;0.0;16.4;0.0;4.8;888.0
Morada Nova;FAZENDA LACRAIA;-5.1365555555556;-38.466277777778;2006;5;200.2;0.0;0.0;0.0;25.7;0.0;26.3;8.5;60.0;0.0;13.0;26.3;0.0;0.0;28.4;0.0;4.0;8.0;0.0;0.0;0.0;0.0;0.0;0.0;0.0;0.0;0.0;0.0;0.0;0.0;0.0;0.0
Morada Nova;FAZENDA LACRAIA;-5.1365555555556;-38.466277777778;2006;6;36.6;0.0;0.0;0.0;0.0;0.0;0.0;0.0;0.0;0.0;0.0;0.0;0.0;34.5;2.1;0.0;0.0;0.0;0.0;0.0;0.0;0.0;0.0;0.0;0.0;0.0;0.0;0.0;0.0;0.0;0.0;888.0
Morada Nova;FAZENDA LACRAIA;-5.1365555555556;-38.466277777778;2006;7;0.0;0.0;0.0;0.0;0.0;0.0;0.0;0.0;0.0;0.0;0.0;0.0;0.0;0.0;0.0;0.0;0.0;0.0;0.0;0.0;0.0;0.0;0.0;0.0;0.0;0.0;0.0;0.0;0.0;0.0;0.0;0.0
Morada Nova;FAZENDA LACRAIA;-5.1365555555556;-38.466277777778;2006;8;0.0;0.0;0.0;0.0;0.0;0.0;0.0;0.0;0.0;0.0;0.0;0.0;0.0;0.0;0.0;0.0;0.0;0.0;0.0;0.0;0.0;0.0;0.0;0.0;0.0;0.0;0.0;0.0;0.0;0.0;0.0;0.0
Morada Nova;FAZENDA LACRAIA;-5.1365555555556;-38.466277777778;2006;9;0.0;0.0;0.0;0.0;0.0;0.0;0.0;0.0;0.0;0.0;0.0;0.0;0.0;0.0;0.0;0.0;0.0;0.0;0.0;0.0;0.0;0.0;0.0;0.0;0.0;0.0;0.0;0.0;0.0;0.0;0.0;888.0
Morada Nova;FAZENDA LACRAIA;-5.1365555555556;-38.466277777778;2006;10;0.0;0.0;0.0;0.0;0.0;0.0;0.0;0.0;0.0;0.0;0.0;0.0;0.0;0.0;0.0;0.0;0.0;0.0;0.0;0.0;0.0;0.0;0.0;0.0;0.0;0.0;0.0;0.0;0.0;0.0;0.0;0.0
Morada Nova;FAZENDA LACRAIA;-5.1365555555556;-38.466277777778;2006;11;0.0;0.0;0.0;0.0;0.0;0.0;0.0;0.0;0.0;0.0;0.0;0.0;0.0;0.0;0.0;0.0;0.0;0.0;0.0;0.0;0.0;0.0;0.0;0.0;0.0;0.0;0.0;0.0;0.0;0.0;0.0;888.0
Morada Nova;FAZENDA LACRAIA;-5.1365555555556;-38.466277777778;2006;12;16.2;0.0;0.0;0.0;0.0;0.0;0.0;0.0;0.0;0.0;0.0;0.0;0.0;0.0;0.0;0.0;0.0;0.0;0.0;0.0;0.0;0.0;0.0;0.0;0.0;0.0;0.0;1.0;0.0;0.0;0.0;15.2
Morada Nova;FAZENDA LACRAIA;-5.1365555555556;-38.466277777778;2007;1;19.7;8.5;11.2;0.0;0.0;0.0;0.0;0.0;0.0;0.0;0.0;0.0;0.0;0.0;0.0;0.0;0.0;0.0;0.0;0.0;0.0;0.0;0.0;0.0;0.0;0.0;0.0;0.0;0.0;0.0;0.0;0.0
Morada Nova;FAZENDA LACRAIA;-5.1365555555556;-38.466277777778;2007;2;199.4;0.0;0.0;3.4;0.0;7.0;0.0;0.0;3.2;0.0;0.0;0.0;0.0;0.0;7.9;0.0;2.5;19.9;69.8;0.0;12.6;7.5;0.0;39.7;6.5;0.0;0.0;0.0;19.4;888.0;888.0;888.0
Morada Nova;FAZENDA LACRAIA;-5.1365555555556;-38.466277777778;2007;3;83.3;8.6;0.0;23.4;0.0;3.6;12.7;0.0;0.0;0.0;0.0;0.0;18.9;0.0;0.0;6.7;0.0;0.0;0.0;9.4;0.0;0.0;0.0;0.0;0.0;0.0;0.0;0.0;0.0;0.0;0.0;0.0
Morada Nova;FAZENDA LACRAIA;-5.1365555555556;-38.466277777778;2007;4;237.1;4.2;0.0;0.0;0.0;0.0;0.0;0.0;0.0;0.0;0.0;0.0;0.0;0.0;0.0;0.0;0.0;0.0;73.5;10.3;27.8;8.4;0.0;19.3;4.3;0.0;46.8;0.0;33.3;4.5;4.7;888.0
Morada Nova;FAZENDA LACRAIA;-5.1365555555556;-38.466277777778;2007;5;53.1;7.6;34.2;0.0;0.0;3.2;0.0;0.0;0.0;0.0;0.0;0.0;0.0;0.0;0.0;0.0;0.0;0.0;0.0;0.0;0.0;0.0;0.0;0.0;0.0;0.0;8.1;0.0;0.0;0.0;0.0;0.0
Morada Nova;FAZENDA LACRAIA;-5.1365555555556;-38.466277777778;2007;6;90.1;34.4;0.0;27.1;4.2;7.6;0.0;0.0;0.0;0.0;0.0;0.0;0.0;0.0;16.8;0.0;0.0;0.0;0.0;0.0;0.0;0.0;0.0;0.0;0.0;0.0;0.0;0.0;0.0;0.0;0.0;888.0
Morada Nova;FAZENDA LACRAIA;-5.1365555555556;-38.466277777778;2007;7;0.0;0.0;0.0;0.0;0.0;0.0;0.0;0.0;0.0;0.0;0.0;0.0;0.0;0.0;0.0;0.0;0.0;0.0;0.0;0.0;0.0;0.0;0.0;0.0;0.0;0.0;0.0;0.0;0.0;0.0;0.0;0.0
Morada Nova;FAZENDA LACRAIA;-5.1365555555556;-38.466277777778;2007;8;0.0;0.0;0.0;0.0;0.0;0.0;0.0;0.0;0.0;0.0;0.0;0.0;0.0;0.0;0.0;0.0;0.0;0.0;0.0;0.0;0.0;0.0;0.0;0.0;0.0;0.0;0.0;0.0;0.0;0.0;0.0;0.0
Morada Nova;FAZENDA LACRAIA;-5.1365555555556;-38.466277777778;2007;9;0.0;0.0;0.0;0.0;0.0;0.0;0.0;0.0;0.0;0.0;0.0;0.0;0.0;0.0;0.0;0.0;0.0;0.0;0.0;0.0;0.0;0.0;0.0;0.0;0.0;0.0;0.0;0.0;0.0;0.0;0.0;888.0
Morada Nova;FAZENDA LACRAIA;-5.1365555555556;-38.466277777778;2007;10;0.0;0.0;0.0;0.0;0.0;0.0;0.0;0.0;0.0;0.0;0.0;0.0;0.0;0.0;0.0;0.0;0.0;0.0;0.0;0.0;0.0;0.0;0.0;0.0;0.0;0.0;0.0;0.0;0.0;0.0;0.0;0.0
Morada Nova;FAZENDA LACRAIA;-5.1365555555556;-38.466277777778;2007;11;0.0;0.0;0.0;0.0;0.0;0.0;0.0;0.0;0.0;0.0;0.0;0.0;0.0;0.0;0.0;0.0;0.0;0.0;0.0;0.0;0.0;0.0;0.0;0.0;0.0;0.0;0.0;0.0;0.0;0.0;0.0;888.0
Morada Nova;FAZENDA LACRAIA;-5.1365555555556;-38.466277777778;2007;12;0.0;0.0;0.0;0.0;0.0;0.0;0.0;0.0;0.0;0.0;0.0;0.0;0.0;0.0;0.0;0.0;0.0;0.0;0.0;0.0;0.0;0.0;0.0;0.0;0.0;0.0;0.0;0.0;0.0;0.0;0.0;0.0
Morada Nova;FAZENDA LACRAIA;-5.1365555555556;-38.466277777778;2008;1;62.5;0.0;0.0;0.0;0.0;0.0;0.0;0.0;0.0;0.0;0.0;0.0;0.0;0.0;0.0;0.0;7.1;8.9;4.5;0.0;0.0;0.0;0.0;6.1;0.0;0.0;0.0;4.1;18.2;0.0;13.6;0.0
Morada Nova;FAZENDA LACRAIA;-5.1365555555556;-38.466277777778;2008;2;52.7;9.4;2.3;0.0;0.0;0.0;0.0;0.0;0.0;0.0;0.0;0.0;0.0;0.0;0.0;14.6;3.1;0.0;0.0;0.0;0.0;0.0;0.0;0.0;0.0;0.0;0.0;0.0;23.3;0.0;888.0;888.0
Morada Nova;FAZENDA LACRAIA;-5.1365555555556;-38.466277777778;2008;3;277.8;0.0;6.1;0.0;0.0;19.8;10.1;0.0;14.1;0.0;7.6;0.0;0.0;17.7;0.0;0.0;1.5;0.0;0.0;0.0;13.8;64.8;0.8;26.2;0.0;0.0;37.6;4.6;13.6;0.0;30.2;9.3
Morada Nova;FAZENDA LACRAIA;-5.1365555555556;-38.466277777778;2008;4;207.1;0.0;18.0;0.0;0.0;0.0;27.3;0.0;13.4;4.0;0.0;0.0;20.0;0.0;0.0;13.4;16.3;0.0;0.0;0.0;0.0;0.0;0.0;7.5;25.6;0.0;0.0;0.0;0.0;29.7;31.9;888.0
Morada Nova;FAZENDA LACRAIA;-5.1365555555556;-38.466277777778;2008;5;210.3;0.0;6.4;0.0;0.0;0.0;20.2;0.0;71.0;0.0;34.4;12.2;0.0;14.8;0.0;0.0;0.0;0.0;18.0;0.0;0.0;0.0;0.0;0.0;16.1;0.0;0.0;17.2;0.0;0.0;0.0;0.0
Morada Nova;FAZENDA LACRAIA;-5.1365555555556;-38.466277777778;2008;6;10.2;0.0;0.0;0.0;0.0;4.0;0.0;0.0;6.2;0.0;0.0;0.0;0.0;0.0;0.0;0.0;0.0;0.0;0.0;0.0;0.0;0.0;0.0;0.0;0.0;0.0;0.0;0.0;0.0;0.0;0.0;888.0
Morada Nova;FAZENDA LACRAIA;-5.1365555555556;-38.466277777778;2008;7;0.0;0.0;0.0;0.0;0.0;0.0;0.0;0.0;0.0;0.0;0.0;999.0;999.0;999.0;999.0;999.0;999.0;999.0;999.0;999.0;999.0;999.0;999.0;999.0;999.0;999.0;999.0;999.0;999.0;999.0;999.0;999.0
Morada Nova;FAZENDA LACRAIA;-5.1365555555556;-38.466277777778;2008;8;0.0;0.0;0.0;0.0;0.0;0.0;0.0;0.0;0.0;0.0;0.0;0.0;0.0;0.0;0.0;0.0;0.0;0.0;0.0;0.0;0.0;0.0;0.0;0.0;0.0;0.0;0.0;0.0;0.0;0.0;0.0;0.0
Morada Nova;FAZENDA LACRAIA;-5.1365555555556;-38.466277777778;2008;9;0.0;0.0;0.0;0.0;0.0;0.0;0.0;0.0;0.0;0.0;0.0;0.0;0.0;0.0;0.0;0.0;0.0;0.0;0.0;0.0;0.0;0.0;0.0;0.0;0.0;0.0;0.0;0.0;0.0;0.0;0.0;888.0
Morada Nova;FAZENDA LACRAIA;-5.1365555555556;-38.466277777778;2008;10;0.0;0.0;0.0;0.0;0.0;0.0;0.0;0.0;0.0;0.0;0.0;0.0;0.0;0.0;0.0;0.0;0.0;0.0;0.0;0.0;0.0;0.0;0.0;0.0;0.0;0.0;0.0;0.0;0.0;0.0;0.0;0.0
Morada Nova;FAZENDA LACRAIA;-5.1365555555556;-38.466277777778;2008;11;0.0;0.0;0.0;0.0;0.0;0.0;0.0;0.0;0.0;0.0;0.0;0.0;0.0;0.0;0.0;0.0;0.0;0.0;0.0;0.0;0.0;0.0;0.0;0.0;0.0;0.0;0.0;0.0;0.0;0.0;0.0;888.0
Morada Nova;FAZENDA LACRAIA;-5.1365555555556;-38.466277777778;2008;12;0.0;0.0;0.0;0.0;0.0;0.0;0.0;0.0;0.0;0.0;0.0;0.0;0.0;0.0;0.0;0.0;0.0;0.0;0.0;0.0;0.0;0.0;0.0;0.0;0.0;0.0;0.0;0.0;0.0;0.0;0.0;0.0
Morada Nova;FAZENDA LACRAIA;-5.1365555555556;-38.466277777778;2009;1;54.1;0.0;0.0;0.0;0.0;0.0;0.0;0.0;0.0;0.0;0.0;0.0;0.0;0.0;0.0;0.0;0.0;0.0;0.0;0.0;0.0;0.0;22.9;0.0;0.0;0.0;0.0;0.0;0.0;0.0;0.0;31.2
Morada Nova;FAZENDA LACRAIA;-5.1365555555556;-38.466277777778;2009;2;108.4;0.0;8.1;2.0;12.1;0.0;0.0;0.0;0.0;0.0;0.0;0.0;0.0;0.0;33.0;0.0;0.0;0.0;0.0;0.0;0.0;11.0;0.0;19.0;23.2;0.0;0.0;0.0;0.0;888.0;888.0;888.0
Morada Nova;FAZENDA LACRAIA;-5.1365555555556;-38.466277777778;2009;3;270.3;3.0;41.7;3.5;7.3;11.4;9.6;0.0;0.0;0.0;0.0;0.0;0.0;8.7;2.3;0.0;46.2;8.9;24.7;0.0;0.0;0.0;0.0;8.9;49.0;27.3;2.5;0.0;0.0;0.0;13.8;1.5
Morada Nova;FAZENDA LACRAIA;-5.1365555555556;-38.466277777778;2009;4;236.7;9.5;1.9;0.0;0.0;0.0;0.0;0.0;7.5;2.1;0.0;0.0;0.0;35.2;12.4;0.0;0.0;0.0;5.2;0.0;0.0;20.6;17.9;18.2;2.0;45.5;0.0;0.0;10.1;0.0;48.6;888.0
Morada Nova;FAZENDA LACRAIA;-5.1365555555556;-38.466277777778;2009;5;355.9;3.8;0.0;4.6;0.0;0.0;2.8;5.0;27.7;12.0;0.0;139.2;57.1;0.0;2.0;22.1;0.0;0.0;0.0;2.0;0.0;8.7;0.0;9.8;10.5;16.4;22.8;3.4;0.0;6.0;0.0;0.0
Morada Nova;FAZENDA LACRAIA;-5.1365555555556;-38.466277777778;2009;6;58.6;0.0;0.0;23.3;0.0;0.0;0.0;14.7;0.0;0.0;0.0;0.0;0.0;0.0;0.0;0.0;0.0;0.0;0.0;0.0;12.6;0.0;0.0;0.0;0.0;0.0;8.0;0.0;0.0;0.0;0.0;888.0
Morada Nova;FAZENDA LACRAIA;-5.1365555555556;-38.466277777778;2009;7;51.2;0.0;0.0;6.7;0.0;0.0;0.0;0.0;0.0;0.0;0.0;0.0;0.0;0.0;0.0;0.0;0.0;8.2;0.0;0.0;0.0;0.0;0.0;36.3;0.0;0.0;0.0;0.0;0.0;0.0;0.0;0.0
Morada Nova;FAZENDA LACRAIA;-5.1365555555556;-38.466277777778;2009;8;0.0;0.0;0.0;0.0;0.0;0.0;0.0;0.0;0.0;0.0;0.0;0.0;0.0;0.0;0.0;0.0;0.0;0.0;0.0;0.0;0.0;0.0;0.0;0.0;0.0;0.0;0.0;0.0;0.0;0.0;0.0;0.0
Morada Nova;FAZENDA LACRAIA;-5.1365555555556;-38.466277777778;2009;9;0.0;0.0;0.0;0.0;0.0;0.0;0.0;0.0;0.0;0.0;0.0;0.0;0.0;0.0;0.0;0.0;0.0;0.0;0.0;0.0;0.0;0.0;0.0;0.0;0.0;0.0;0.0;0.0;0.0;0.0;0.0;888.0
Morada Nova;FAZENDA LACRAIA;-5.1365555555556;-38.466277777778;2009;10;0.0;0.0;0.0;0.0;0.0;0.0;0.0;0.0;0.0;0.0;0.0;0.0;0.0;0.0;0.0;0.0;0.0;0.0;0.0;0.0;0.0;0.0;0.0;0.0;0.0;0.0;0.0;0.0;0.0;0.0;0.0;0.0
Morada Nova;FAZENDA LACRAIA;-5.1365555555556;-38.466277777778;2009;11;0.0;0.0;0.0;0.0;0.0;0.0;0.0;0.0;0.0;0.0;0.0;0.0;0.0;0.0;0.0;0.0;0.0;0.0;0.0;0.0;0.0;0.0;0.0;0.0;0.0;0.0;0.0;0.0;0.0;0.0;0.0;888.0
Morada Nova;FAZENDA LACRAIA;-5.1365555555556;-38.466277777778;2009;12;0.0;0.0;0.0;0.0;0.0;0.0;0.0;0.0;0.0;0.0;0.0;0.0;0.0;0.0;0.0;0.0;0.0;0.0;0.0;0.0;0.0;0.0;0.0;0.0;0.0;0.0;0.0;0.0;0.0;0.0;0.0;0.0
Morada Nova;FAZENDA LACRAIA;-5.1365555555556;-38.466277777778;2010;1;151.7;0.0;24.6;0.0;8.4;0.0;0.0;0.0;0.0;0.0;4.3;0.0;0.0;0.0;0.0;0.0;0.0;0.0;66.8;0.0;18.9;6.0;0.0;0.0;0.0;0.0;2.2;0.9;19.6;0.0;0.0;0.0
Morada Nova;FAZENDA LACRAIA;-5.1365555555556;-38.466277777778;2010;2;4.7;0.0;0.0;0.0;0.0;0.0;0.0;0.0;0.0;0.0;4.7;0.0;0.0;0.0;0.0;0.0;0.0;0.0;0.0;0.0;0.0;0.0;0.0;0.0;0.0;0.0;0.0;0.0;0.0;888.0;888.0;888.0
Morada Nova;FAZENDA LACRAIA;-5.1365555555556;-38.466277777778;2010;3;57.2;0.0;0.0;0.0;0.0;0.0;0.0;0.0;0.0;0.0;0.0;0.0;0.0;0.0;0.0;0.0;0.0;0.0;0.0;0.0;13.6;2.4;0.0;0.0;0.0;0.0;0.0;0.0;8.7;5.3;6.0;21.2
Morada Nova;FAZENDA LACRAIA;-5.1365555555556;-38.466277777778;2010;4;244.0;0.0;0.0;19.5;0.0;12.6;0.0;0.0;26.7;0.0;51.8;16.0;14.4;14.6;0.0;0.0;0.0;16.0;0.0;44.2;27.1;0.0;0.0;0.0;1.1;0.0;0.0;0.0;0.0;0.0;0.0;888.0
Morada Nova;FAZENDA LACRAIA;-5.1365555555556;-38.466277777778;2010;5;50.5;0.0;0.0;0.0;0.0;0.0;0.0;28.9;0.0;0.0;0.0;0.0;0.0;21.6;0.0;0.0;0.0;0.0;0.0;0.0;0.0;0.0;0.0;0.0;0.0;0.0;0.0;0.0;0.0;0.0;0.0;0.0
Morada Nova;FAZENDA LACRAIA;-5.1365555555556;-38.466277777778;2010;6;29.2;0.0;0.0;0.0;0.0;22.0;0.0;5.0;0.0;0.0;0.0;0.0;0.0;0.0;0.0;0.0;0.0;0.0;2.2;0.0;0.0;0.0;0.0;0.0;0.0;0.0;0.0;0.0;0.0;0.0;0.0;888.0
Morada Nova;FAZENDA LACRAIA;-5.1365555555556;-38.466277777778;2010;7;0.0;0.0;0.0;0.0;0.0;0.0;0.0;0.0;0.0;0.0;0.0;0.0;0.0;0.0;0.0;0.0;0.0;0.0;0.0;0.0;0.0;0.0;0.0;0.0;0.0;0.0;0.0;0.0;0.0;0.0;0.0;0.0
Morada Nova;FAZENDA LACRAIA;-5.1365555555556;-38.466277777778;2010;8;0.0;0.0;0.0;0.0;0.0;0.0;0.0;0.0;0.0;0.0;0.0;0.0;0.0;0.0;0.0;0.0;0.0;0.0;0.0;0.0;0.0;0.0;0.0;0.0;0.0;0.0;0.0;0.0;0.0;0.0;0.0;0.0
Morada Nova;FAZENDA LACRAIA;-5.1365555555556;-38.466277777778;2010;9;0.0;0.0;0.0;0.0;0.0;0.0;0.0;0.0;0.0;0.0;0.0;0.0;0.0;0.0;0.0;0.0;0.0;0.0;0.0;0.0;0.0;0.0;0.0;0.0;0.0;0.0;0.0;0.0;0.0;0.0;0.0;888.0
Morada Nova;FAZENDA LACRAIA;-5.1365555555556;-38.466277777778;2010;10;0.0;0.0;0.0;0.0;0.0;0.0;0.0;0.0;0.0;0.0;0.0;0.0;0.0;0.0;0.0;0.0;0.0;0.0;0.0;0.0;0.0;0.0;0.0;0.0;0.0;0.0;0.0;0.0;0.0;0.0;0.0;0.0
Morada Nova;FAZENDA LACRAIA;-5.1365555555556;-38.466277777778;2010;11;0.0;0.0;0.0;0.0;0.0;0.0;0.0;0.0;0.0;0.0;0.0;0.0;0.0;0.0;0.0;0.0;0.0;0.0;0.0;0.0;0.0;0.0;0.0;0.0;0.0;0.0;0.0;0.0;0.0;0.0;0.0;888.0
Morada Nova;FAZENDA LACRAIA;-5.1365555555556;-38.466277777778;2010;12;214.8;0.0;0.0;0.0;0.0;0.0;0.0;0.0;0.0;0.0;55.6;9.2;3.9;24.2;0.0;0.0;0.0;4.6;113.2;0.0;2.0;0.0;2.1;0.0;0.0;0.0;0.0;0.0;0.0;0.0;0.0;0.0
Morada Nova;FAZENDA LACRAIA;-5.1365555555556;-38.466277777778;2011;1;157.1;0.0;0.0;0.7;0.0;0.0;0.0;0.0;0.0;0.0;19.8;41.2;0.0;0.0;0.0;0.0;0.0;0.0;0.0;6.6;27.7;7.0;19.4;0.0;4.0;9.8;20.9;0.0;0.0;0.0;0.0;0.0
Morada Nova;FAZENDA LACRAIA;-5.1365555555556;-38.466277777778;2011;2;139.0;0.0;0.0;0.0;0.0;0.0;0.0;0.0;0.0;0.0;0.0;0.0;0.0;0.0;0.0;5.0;16.2;0.0;0.0;0.0;64.4;4.4;0.0;0.0;0.0;0.0;0.0;12.3;36.7;888.0;888.0;888.0
Morada Nova;FAZENDA LACRAIA;-5.1365555555556;-38.466277777778;2011;3;169.8;31.9;0.0;0.0;2.0;13.5;0.0;5.0;9.0;21.4;1.5;16.1;0.0;0.0;0.0;0.0;0.0;0.0;0.0;0.0;0.0;0.0;9.5;0.0;0.0;0.0;8.2;2.3;33.8;15.6;0.0;0.0
Morada Nova;FAZENDA LACRAIA;-5.1365555555556;-38.466277777778;2011;4;162.3;0.0;0.0;16.7;0.0;19.6;13.5;0.0;0.0;0.0;0.0;7.2;10.0;3.6;19.6;0.0;19.2;0.0;19.6;9.5;0.0;0.0;0.0;0.0;0.0;23.8;0.0;0.0;0.0;0.0;0.0;888.0
Morada Nova;FAZENDA LACRAIA;-5.1365555555556;-38.466277777778;2011;5;133.2;0.0;8.0;9.5;24.3;22.6;20.2;0.0;0.0;0.0;0.0;18.0;0.0;0.0;0.0;0.0;0.0;0.0;0.0;5.0;0.0;0.0;0.0;0.0;25.6;0.0;0.0;0.0;0.0;0.0;0.0;0.0
Morada Nova;FAZENDA LACRAIA;-5.1365555555556;-38.466277777778;2011;6;13.5;0.0;0.0;0.0;4.0;0.0;9.5;0.0;0.0;0.0;0.0;0.0;0.0;0.0;0.0;0.0;0.0;0.0;0.0;0.0;0.0;0.0;0.0;0.0;0.0;0.0;0.0;0.0;0.0;0.0;0.0;888.0
Morada Nova;FAZENDA LACRAIA;-5.1365555555556;-38.466277777778;2011;7;127.5;0.0;0.0;0.0;0.0;0.0;0.0;0.0;3.2;25.0;0.0;0.0;0.0;23.6;0.0;0.0;26.5;49.2;0.0;0.0;0.0;0.0;0.0;0.0;0.0;0.0;0.0;0.0;0.0;0.0;0.0;0.0
Morada Nova;FAZENDA LACRAIA;-5.1365555555556;-38.466277777778;2011;8;4.2;0.0;0.0;0.0;0.0;0.0;0.0;0.0;0.0;0.0;0.0;0.0;0.0;0.0;0.0;0.0;0.0;0.0;0.0;0.0;0.0;0.0;0.0;0.0;0.0;0.0;4.2;0.0;0.0;0.0;0.0;0.0
Morada Nova;FAZENDA LACRAIA;-5.1365555555556;-38.466277777778;2011;9;0.0;0.0;0.0;0.0;0.0;0.0;0.0;0.0;0.0;0.0;0.0;0.0;0.0;0.0;0.0;0.0;0.0;0.0;0.0;0.0;0.0;0.0;0.0;0.0;0.0;0.0;0.0;0.0;0.0;0.0;0.0;888.0
Morada Nova;FAZENDA LACRAIA;-5.1365555555556;-38.466277777778;2011;10;123.5;0.0;0.0;0.0;0.0;0.0;0.0;0.0;0.0;0.0;0.0;0.0;0.0;0.0;0.0;0.0;0.0;0.0;0.0;0.0;7.2;116.3;0.0;0.0;0.0;0.0;0.0;0.0;0.0;0.0;0.0;0.0
Morada Nova;FAZENDA LACRAIA;-5.1365555555556;-38.466277777778;2011;11;0.0;0.0;0.0;0.0;0.0;0.0;0.0;0.0;0.0;0.0;0.0;0.0;0.0;0.0;0.0;0.0;0.0;0.0;0.0;0.0;0.0;0.0;0.0;0.0;0.0;0.0;0.0;0.0;0.0;0.0;0.0;888.0
Morada Nova;FAZENDA LACRAIA;-5.1365555555556;-38.466277777778;2011;12;0.0;0.0;0.0;0.0;0.0;0.0;0.0;0.0;0.0;0.0;0.0;0.0;0.0;0.0;0.0;0.0;0.0;0.0;0.0;0.0;0.0;0.0;0.0;0.0;0.0;0.0;0.0;0.0;0.0;0.0;0.0;0.0
Morada Nova;FAZENDA LACRAIA;-5.1365555555556;-38.466277777778;2012;1;10.4;0.0;0.0;0.0;0.0;0.0;0.0;0.0;0.0;0.0;0.0;0.0;0.0;0.0;0.0;0.0;0.0;0.0;0.0;0.0;0.0;0.0;0.0;0.0;0.0;0.0;10.4;0.0;0.0;0.0;0.0;0.0
Morada Nova;FAZENDA LACRAIA;-5.1365555555556;-38.466277777778;2012;2;130.1;0.0;0.0;0.0;0.0;0.0;0.0;0.0;0.0;0.0;0.0;3.5;0.0;0.0;7.6;0.0;0.0;21.2;0.0;10.0;48.1;4.2;0.0;0.6;0.0;0.0;32.8;0.0;2.1;0.0;888.0;888.0
Morada Nova;FAZENDA LACRAIA;-5.1365555555556;-38.466277777778;2012;3;53.3;0.0;0.0;0.0;0.0;0.0;16.5;0.0;0.0;19.0;0.0;2.6;0.0;0.0;0.0;0.0;15.2;0.0;0.0;0.0;0.0;0.0;0.0;0.0;0.0;0.0;0.0;0.0;0.0;0.0;0.0;0.0
Morada Nova;FAZENDA LACRAIA;-5.1365555555556;-38.466277777778;2012;4;44.1;0.0;0.0;0.0;0.0;0.0;0.0;0.0;0.0;0.0;0.0;0.0;0.0;0.0;0.0;0.0;15.0;0.0;0.0;0.0;0.0;0.0;0.0;0.0;0.0;0.0;29.1;0.0;0.0;0.0;0.0;888.0
Morada Nova;FAZENDA LACRAIA;-5.1365555555556;-38.466277777778;2012;5;0.0;0.0;0.0;0.0;0.0;0.0;0.0;0.0;0.0;0.0;0.0;0.0;0.0;0.0;0.0;0.0;0.0;0.0;0.0;0.0;0.0;0.0;0.0;0.0;0.0;0.0;0.0;0.0;0.0;0.0;0.0;0.0
Morada Nova;FAZENDA LACRAIA;-5.1365555555556;-38.466277777778;2012;6;0.0;0.0;0.0;0.0;0.0;0.0;0.0;0.0;0.0;0.0;0.0;0.0;0.0;0.0;0.0;0.0;0.0;0.0;0.0;0.0;0.0;0.0;0.0;0.0;0.0;0.0;0.0;0.0;0.0;0.0;0.0;888.0
Morada Nova;FAZENDA LACRAIA;-5.1365555555556;-38.466277777778;2012;7;0.0;0.0;0.0;0.0;0.0;0.0;0.0;0.0;0.0;0.0;0.0;0.0;0.0;0.0;0.0;0.0;0.0;0.0;0.0;0.0;0.0;0.0;0.0;0.0;0.0;0.0;0.0;0.0;0.0;0.0;0.0;0.0
Morada Nova;FAZENDA LACRAIA;-5.1365555555556;-38.466277777778;2012;8;0.0;0.0;0.0;0.0;0.0;0.0;0.0;0.0;0.0;0.0;0.0;0.0;0.0;0.0;0.0;0.0;0.0;0.0;0.0;0.0;0.0;0.0;0.0;0.0;0.0;0.0;0.0;0.0;0.0;0.0;0.0;0.0
Morada Nova;FAZENDA LACRAIA;-5.1365555555556;-38.466277777778;2012;9;0.0;0.0;0.0;0.0;0.0;0.0;0.0;0.0;0.0;0.0;0.0;0.0;0.0;0.0;0.0;0.0;0.0;0.0;0.0;0.0;0.0;0.0;0.0;0.0;0.0;0.0;0.0;0.0;0.0;0.0;0.0;888.0
Morada Nova;FAZENDA LACRAIA;-5.1365555555556;-38.466277777778;2012;10;0.0;0.0;0.0;0.0;0.0;0.0;0.0;0.0;0.0;0.0;0.0;0.0;0.0;0.0;0.0;0.0;0.0;0.0;0.0;0.0;0.0;0.0;0.0;0.0;0.0;0.0;0.0;0.0;0.0;0.0;0.0;0.0
Morada Nova;FAZENDA LACRAIA;-5.1365555555556;-38.466277777778;2012;11;0.0;0.0;0.0;0.0;0.0;0.0;0.0;0.0;0.0;0.0;0.0;0.0;0.0;0.0;0.0;0.0;0.0;0.0;0.0;0.0;0.0;0.0;0.0;0.0;0.0;0.0;0.0;0.0;0.0;0.0;0.0;888.0
Morada Nova;FAZENDA LACRAIA;-5.1365555555556;-38.466277777778;2012;12;0.0;0.0;0.0;0.0;0.0;0.0;0.0;0.0;0.0;0.0;0.0;0.0;0.0;0.0;0.0;0.0;0.0;0.0;0.0;0.0;0.0;0.0;0.0;0.0;0.0;0.0;0.0;0.0;0.0;0.0;0.0;0.0
Morada Nova;FAZENDA LACRAIA;-5.1365555555556;-38.466277777778;2013;1;0.0;0.0;0.0;0.0;0.0;0.0;0.0;0.0;0.0;0.0;0.0;0.0;0.0;0.0;0.0;0.0;0.0;0.0;0.0;0.0;0.0;0.0;0.0;0.0;0.0;0.0;0.0;0.0;0.0;0.0;0.0;0.0
Morada Nova;FAZENDA LACRAIA;-5.1365555555556;-38.466277777778;2013;2;31.5;0.0;0.0;0.0;0.0;0.0;0.0;0.0;0.0;0.0;0.0;0.0;0.0;0.0;0.0;1.6;0.0;2.8;12.2;2.3;12.6;0.0;0.0;0.0;0.0;0.0;0.0;0.0;0.0;888.0;888.0;888.0
Morada Nova;FAZENDA LACRAIA;-5.1365555555556;-38.466277777778;2013;3;62.1;0.0;0.0;0.0;0.0;0.0;0.0;0.0;0.0;0.0;0.0;0.0;0.0;0.0;0.0;0.0;0.0;0.0;0.0;17.3;4.6;0.0;6.0;4.1;5.3;0.0;0.0;8.9;0.0;15.9;0.0;0.0
Morada Nova;FAZENDA LACRAIA;-5.1365555555556;-38.466277777778;2013;4;135.5;0.0;0.0;0.0;0.0;0.0;0.0;0.0;0.0;6.2;0.0;6.4;0.0;0.0;0.0;0.0;3.0;0.0;0.0;8.1;49.1;4.1;0.0;4.6;18.8;6.6;20.2;0.0;2.6;0.0;5.8;888.0
Morada Nova;FAZENDA LACRAIA;-5.1365555555556;-38.466277777778;2013;5;89.4;21.3;0.0;0.0;0.0;0.0;0.0;0.0;0.0;2.3;0.0;0.0;0.0;0.0;0.0;3.4;0.0;0.0;0.0;3.6;0.0;0.0;0.0;0.0;0.0;29.8;4.2;0.0;0.0;24.8;0.0;0.0
Morada Nova;FAZENDA LACRAIA;-5.1365555555556;-38.466277777778;2013;6;214.2;0.0;0.0;0.0;0.0;0.0;0.0;17.4;0.0;0.0;0.0;0.0;0.0;0.0;6.6;32.5;0.0;0.0;0.0;0.0;0.0;0.0;93.2;12.8;0.0;0.0;0.0;0.0;0.0;0.0;51.7;888.0
Morada Nova;FAZENDA LACRAIA;-5.1365555555556;-38.466277777778;2013;7;43.0;0.0;0.0;0.0;24.4;0.0;0.0;0.0;0.0;0.0;0.0;0.0;0.0;0.0;0.0;18.6;0.0;0.0;0.0;0.0;0.0;0.0;0.0;0.0;0.0;0.0;0.0;0.0;0.0;0.0;0.0;0.0
Morada Nova;FAZENDA LACRAIA;-5.1365555555556;-38.466277777778;2013;8;0.0;0.0;0.0;0.0;0.0;0.0;0.0;0.0;0.0;0.0;0.0;0.0;0.0;0.0;0.0;0.0;0.0;0.0;0.0;0.0;0.0;0.0;0.0;0.0;0.0;0.0;0.0;0.0;0.0;0.0;0.0;0.0
Morada Nova;FAZENDA LACRAIA;-5.1365555555556;-38.466277777778;2013;9;0.0;0.0;0.0;0.0;0.0;0.0;0.0;0.0;0.0;0.0;0.0;0.0;0.0;0.0;0.0;0.0;0.0;0.0;0.0;0.0;0.0;0.0;0.0;0.0;0.0;0.0;0.0;0.0;0.0;0.0;0.0;888.0
Morada Nova;FAZENDA LACRAIA;-5.1365555555556;-38.466277777778;2013;10;0.0;0.0;0.0;0.0;0.0;0.0;0.0;0.0;0.0;0.0;0.0;0.0;0.0;0.0;0.0;0.0;0.0;0.0;0.0;0.0;0.0;0.0;0.0;0.0;0.0;0.0;0.0;0.0;0.0;0.0;0.0;0.0
Morada Nova;FAZENDA LACRAIA;-5.1365555555556;-38.466277777778;2013;11;28.8;0.0;0.0;0.0;28.8;0.0;0.0;0.0;0.0;0.0;0.0;0.0;0.0;0.0;0.0;0.0;0.0;0.0;0.0;0.0;0.0;0.0;0.0;0.0;0.0;0.0;0.0;0.0;0.0;0.0;0.0;888.0
Morada Nova;FAZENDA LACRAIA;-5.1365555555556;-38.466277777778;2013;12;92.2;0.0;0.0;0.0;0.0;0.0;0.0;0.0;0.0;0.0;0.0;0.0;0.0;0.0;0.0;0.0;0.0;0.0;0.0;0.0;92.2;999.0;999.0;999.0;999.0;999.0;999.0;999.0;999.0;999.0;999.0;999.0
Morada Nova;FAZENDA LACRAIA;-5.1365555555556;-38.466277777778;2014;1;13.6;0.0;0.0;0.0;0.0;0.0;0.0;0.0;0.0;0.0;0.0;0.0;0.0;0.0;0.0;0.0;0.0;0.0;0.0;0.0;0.0;0.0;0.0;0.0;0.0;0.0;0.0;10.4;3.2;0.0;0.0;0.0
Morada Nova;FAZENDA LACRAIA;-5.1365555555556;-38.466277777778;2014;2;54.0;0.0;0.0;0.0;0.0;0.0;0.0;0.0;0.0;0.0;20.4;0.0;0.0;0.0;0.0;0.0;0.0;7.6;0.0;10.8;15.2;0.0;0.0;0.0;0.0;0.0;0.0;0.0;0.0;888.0;888.0;888.0
Morada Nova;FAZENDA LACRAIA;-5.1365555555556;-38.466277777778;2014;3;178.7;0.0;0.0;0.0;0.0;0.0;0.0;21.8;0.0;0.0;8.2;0.0;6.8;0.0;0.0;6.3;39.8;25.9;0.0;21.7;9.5;0.0;0.0;0.0;0.0;0.0;0.0;0.0;0.0;0.0;18.7;20.0
Morada Nova;FAZENDA LACRAIA;-5.1365555555556;-38.466277777778;2014;4;131.5;9.8;0.0;0.0;28.4;14.2;0.0;0.0;0.0;36.0;16.4;12.3;0.0;0.0;0.0;0.0;0.0;0.0;6.8;0.0;0.0;0.0;0.0;0.0;7.6;0.0;0.0;0.0;0.0;0.0;0.0;888.0
Morada Nova;FAZENDA LACRAIA;-5.1365555555556;-38.466277777778;2014;5;86.9;19.5;0.0;0.0;0.0;0.0;0.0;0.0;0.0;0.0;0.0;0.0;0.0;0.0;0.0;25.0;0.0;8.8;0.0;0.0;0.0;0.0;0.0;0.0;0.0;0.0;0.0;0.0;0.0;26.8;6.8;0.0
Morada Nova;FAZENDA LACRAIA;-5.1365555555556;-38.466277777778;2014;6;9.8;0.0;0.0;0.0;0.0;0.0;0.0;9.8;0.0;0.0;0.0;0.0;0.0;0.0;0.0;0.0;0.0;0.0;0.0;0.0;0.0;0.0;0.0;0.0;0.0;0.0;0.0;0.0;0.0;0.0;0.0;888.0
Morada Nova;FAZENDA LACRAIA;-5.1365555555556;-38.466277777778;2014;7;13.7;0.0;0.0;0.0;0.0;0.0;0.0;0.0;0.0;0.0;0.0;0.0;0.0;1.2;0.0;0.0;0.0;12.5;0.0;0.0;0.0;0.0;0.0;0.0;0.0;0.0;0.0;0.0;0.0;0.0;0.0;0.0
Morada Nova;FAZENDA LACRAIA;-5.1365555555556;-38.466277777778;2014;8;0.0;0.0;0.0;0.0;0.0;0.0;0.0;0.0;0.0;0.0;0.0;0.0;0.0;0.0;0.0;0.0;0.0;0.0;0.0;0.0;0.0;0.0;0.0;0.0;0.0;0.0;0.0;0.0;0.0;0.0;0.0;0.0
Morada Nova;FAZENDA LACRAIA;-5.1365555555556;-38.466277777778;2014;9;0.0;0.0;0.0;0.0;0.0;0.0;0.0;0.0;0.0;0.0;0.0;0.0;0.0;0.0;0.0;0.0;0.0;0.0;0.0;0.0;0.0;0.0;0.0;0.0;0.0;0.0;0.0;0.0;0.0;0.0;0.0;888.0
Morada Nova;FAZENDA LACRAIA;-5.1365555555556;-38.466277777778;2014;10;0.0;0.0;0.0;0.0;0.0;0.0;0.0;0.0;0.0;0.0;0.0;0.0;0.0;0.0;0.0;0.0;0.0;0.0;0.0;0.0;0.0;0.0;0.0;0.0;0.0;0.0;0.0;0.0;0.0;0.0;0.0;0.0
Morada Nova;FAZENDA LACRAIA;-5.1365555555556;-38.466277777778;2014;11;0.0;0.0;0.0;0.0;0.0;0.0;0.0;0.0;0.0;0.0;0.0;0.0;0.0;0.0;0.0;0.0;0.0;0.0;0.0;0.0;0.0;0.0;0.0;0.0;0.0;0.0;0.0;0.0;0.0;0.0;0.0;888.0
Morada Nova;FAZENDA LACRAIA;-5.1365555555556;-38.466277777778;2014;12;0.0;0.0;0.0;0.0;0.0;0.0;0.0;0.0;0.0;0.0;0.0;0.0;0.0;0.0;0.0;0.0;0.0;0.0;0.0;0.0;0.0;0.0;0.0;0.0;0.0;0.0;0.0;0.0;0.0;0.0;0.0;0.0
Morada Nova;FAZENDA LACRAIA;-5.1365555555556;-38.466277777778;2015;1;68.0;0.0;0.0;0.0;66.8;1.2;0.0;0.0;0.0;0.0;0.0;0.0;0.0;0.0;0.0;0.0;0.0;0.0;0.0;0.0;0.0;0.0;0.0;0.0;0.0;0.0;0.0;0.0;0.0;0.0;0.0;0.0
Morada Nova;FAZENDA LACRAIA;-5.1365555555556;-38.466277777778;2015;2;151.9;0.0;0.0;0.0;12.2;1.3;0.0;0.0;0.0;0.0;9.8;0.0;0.0;0.0;0.0;0.0;0.0;18.5;0.0;0.0;83.6;0.0;0.0;0.0;0.0;0.0;18.8;0.0;7.7;888.0;888.0;888.0
Morada Nova;FAZENDA LACRAIA;-5.1365555555556;-38.466277777778;2015;3;86.8;0.0;0.0;0.0;0.0;0.0;11.2;0.0;0.0;19.4;3.9;4.1;0.0;0.0;0.0;0.0;0.0;0.0;0.0;0.0;0.0;0.0;9.4;9.2;9.8;4.4;2.2;2.0;0.0;4.9;6.3;0.0
Morada Nova;FAZENDA LACRAIA;-5.1365555555556;-38.466277777778;2015;4;91.7;0.0;0.0;0.0;8.4;0.0;0.0;0.0;0.0;11.9;0.0;0.0;0.0;0.0;0.0;0.0;0.0;0.0;5.5;0.0;0.0;0.0;0.0;0.0;0.0;47.6;18.3;0.0;0.0;0.0;0.0;888.0
Morada Nova;FAZENDA LACRAIA;-5.1365555555556;-38.466277777778;2015;5;34.6;0.0;0.0;0.0;0.0;0.0;0.0;0.0;0.0;0.0;0.0;0.0;0.0;0.0;0.0;0.0;0.0;0.0;0.0;0.0;0.0;0.0;0.0;6.0;0.0;0.0;0.0;0.0;0.0;0.0;0.0;28.6
Morada Nova;FAZENDA LACRAIA;-5.1365555555556;-38.466277777778;2015;6;47.5;0.0;0.0;0.0;0.0;29.8;0.0;10.2;7.5;0.0;0.0;0.0;0.0;0.0;0.0;0.0;0.0;0.0;0.0;0.0;0.0;0.0;0.0;0.0;0.0;0.0;0.0;0.0;0.0;0.0;0.0;888.0
Morada Nova;FAZENDA LACRAIA;-5.1365555555556;-38.466277777778;2015;7;28.6;0.0;0.0;0.0;0.0;3.2;25.4;0.0;0.0;0.0;0.0;0.0;0.0;0.0;0.0;0.0;0.0;0.0;0.0;0.0;0.0;0.0;0.0;0.0;0.0;0.0;0.0;0.0;0.0;0.0;0.0;0.0
Morada Nova;FAZENDA LACRAIA;-5.1365555555556;-38.466277777778;2015;8;0.0;0.0;0.0;0.0;0.0;0.0;0.0;0.0;0.0;0.0;0.0;0.0;0.0;0.0;0.0;0.0;0.0;0.0;0.0;0.0;0.0;0.0;0.0;0.0;0.0;0.0;0.0;0.0;0.0;0.0;0.0;0.0
Morada Nova;FAZENDA LACRAIA;-5.1365555555556;-38.466277777778;2015;9;0.0;0.0;0.0;0.0;0.0;0.0;0.0;0.0;0.0;0.0;0.0;0.0;0.0;0.0;0.0;0.0;0.0;0.0;0.0;0.0;0.0;0.0;0.0;0.0;0.0;0.0;0.0;0.0;0.0;0.0;0.0;888.0
Morada Nova;FAZENDA LACRAIA;-5.1365555555556;-38.466277777778;2015;10;0.0;0.0;0.0;0.0;0.0;0.0;0.0;0.0;0.0;0.0;0.0;0.0;0.0;0.0;0.0;0.0;0.0;0.0;0.0;0.0;0.0;0.0;0.0;0.0;0.0;0.0;0.0;0.0;0.0;0.0;0.0;0.0
Morada Nova;FAZENDA LACRAIA;-5.1365555555556;-38.466277777778;2015;11;0.0;0.0;0.0;0.0;0.0;0.0;0.0;0.0;0.0;0.0;0.0;0.0;0.0;0.0;0.0;0.0;0.0;0.0;0.0;0.0;0.0;0.0;0.0;0.0;0.0;0.0;0.0;0.0;0.0;0.0;0.0;888.0
Morada Nova;FAZENDA LACRAIA;-5.1365555555556;-38.466277777778;2015;12;44.5;0.0;0.0;0.0;0.0;0.0;0.0;0.0;0.0;0.0;0.0;0.0;0.0;0.0;0.0;0.0;0.0;0.0;33.5;0.0;0.0;0.0;0.0;0.0;0.0;0.0;11.0;0.0;0.0;0.0;0.0;0.0
Morada Nova;FAZENDA LACRAIA;-5.1365555555556;-38.466277777778;2016;1;95.8;0.0;0.0;0.0;0.0;0.0;0.0;0.0;0.0;21.6;0.0;0.0;0.0;0.0;10.0;0.0;0.0;6.8;0.0;10.6;0.0;0.0;16.8;6.8;6.0;17.2;0.0;0.0;0.0;0.0;0.0;0.0
Morada Nova;FAZENDA LACRAIA;-5.1365555555556;-38.466277777778;2016;2;137.1;8.6;6.6;0.0;0.0;0.0;0.0;0.0;0.0;0.0;0.0;13.2;0.0;0.0;0.0;0.0;0.0;0.0;0.0;0.0;46.8;9.9;26.2;9.0;16.8;0.0;0.0;0.0;0.0;0.0;888.0;888.0
Morada Nova;FAZENDA LACRAIA;-5.1365555555556;-38.466277777778;2016;3;57.4;0.0;0.0;0.0;4.0;0.0;0.0;0.0;0.0;0.0;0.0;0.0;0.0;0.0;0.0;0.0;1.0;1.3;1.8;0.0;0.0;0.0;0.0;8.1;0.0;0.0;0.0;0.0;0.0;0.0;41.2;0.0
Morada Nova;FAZENDA LACRAIA;-5.1365555555556;-38.466277777778;2016;4;54.2;0.0;0.0;0.0;0.0;0.0;0.0;0.0;0.0;0.0;0.0;0.0;35.0;0.0;0.0;5.8;13.4;0.0;0.0;0.0;0.0;0.0;0.0;0.0;0.0;0.0;0.0;0.0;0.0;0.0;0.0;888.0
Morada Nova;FAZENDA LACRAIA;-5.1365555555556;-38.466277777778;2016;5;26.2;0.0;0.0;26.2;0.0;0.0;0.0;0.0;0.0;0.0;0.0;0.0;0.0;0.0;0.0;0.0;0.0;0.0;0.0;0.0;0.0;0.0;0.0;0.0;0.0;0.0;0.0;0.0;0.0;0.0;0.0;0.0
Morada Nova;FAZENDA LACRAIA;-5.1365555555556;-38.466277777778;2016;6;10.0;0.0;0.0;0.0;0.0;0.0;0.0;10.0;0.0;0.0;0.0;0.0;0.0;0.0;0.0;0.0;0.0;0.0;0.0;0.0;0.0;0.0;0.0;0.0;0.0;0.0;0.0;0.0;0.0;0.0;0.0;888.0
Morada Nova;FAZENDA LACRAIA;-5.1365555555556;-38.466277777778;2016;7;0.0;0.0;0.0;0.0;0.0;0.0;0.0;0.0;0.0;0.0;0.0;0.0;0.0;0.0;0.0;0.0;0.0;0.0;0.0;0.0;0.0;0.0;0.0;0.0;0.0;0.0;0.0;0.0;0.0;0.0;0.0;0.0
Morada Nova;FAZENDA LACRAIA;-5.1365555555556;-38.466277777778;2016;8;0.0;0.0;0.0;0.0;0.0;0.0;0.0;0.0;0.0;0.0;0.0;0.0;0.0;0.0;0.0;0.0;0.0;0.0;0.0;0.0;0.0;0.0;0.0;0.0;0.0;0.0;0.0;0.0;0.0;0.0;0.0;0.0
Morada Nova;FAZENDA LACRAIA;-5.1365555555556;-38.466277777778;2016;9;0.0;0.0;0.0;0.0;0.0;0.0;0.0;0.0;0.0;0.0;0.0;0.0;0.0;0.0;0.0;0.0;0.0;0.0;0.0;0.0;0.0;0.0;0.0;0.0;0.0;0.0;0.0;0.0;0.0;0.0;0.0;888.0
Morada Nova;FAZENDA LACRAIA;-5.1365555555556;-38.466277777778;2016;10;0.0;0.0;0.0;0.0;0.0;0.0;0.0;0.0;0.0;0.0;0.0;0.0;0.0;0.0;0.0;0.0;0.0;0.0;0.0;0.0;0.0;0.0;0.0;0.0;0.0;0.0;0.0;0.0;0.0;0.0;0.0;0.0
Morada Nova;FAZENDA LACRAIA;-5.1365555555556;-38.466277777778;2016;11;0.0;0.0;0.0;0.0;0.0;0.0;0.0;0.0;0.0;0.0;0.0;0.0;0.0;0.0;0.0;0.0;0.0;0.0;0.0;0.0;0.0;0.0;0.0;0.0;0.0;0.0;0.0;0.0;0.0;0.0;0.0;888.0
Morada Nova;FAZENDA LACRAIA;-5.1365555555556;-38.466277777778;2016;12;0.0;0.0;0.0;0.0;0.0;0.0;0.0;0.0;0.0;0.0;0.0;0.0;0.0;0.0;0.0;0.0;0.0;0.0;0.0;0.0;0.0;0.0;0.0;0.0;0.0;0.0;0.0;0.0;0.0;0.0;0.0;0.0
Morada Nova;FAZENDA LACRAIA;-5.1365555555556;-38.466277777778;2017;1;46.6;0.0;0.0;0.0;0.0;4.0;0.0;0.0;0.0;0.0;0.0;0.0;0.0;0.0;0.0;0.0;0.0;0.0;0.0;0.0;0.0;0.0;0.0;42.6;0.0;0.0;0.0;0.0;0.0;0.0;0.0;0.0
Morada Nova;FAZENDA LACRAIA;-5.1365555555556;-38.466277777778;2017;2;209.9;0.0;0.0;0.0;0.0;0.0;0.0;0.0;0.0;0.0;3.2;28.5;0.0;0.0;0.0;8.8;0.0;0.0;155.6;0.0;13.8;0.0;0.0;0.0;0.0;0.0;0.0;0.0;0.0;888.0;888.0;888.0
Morada Nova;FAZENDA LACRAIA;-5.1365555555556;-38.466277777778;2017;3;196.6;18.2;15.2;12.5;0.0;0.0;0.0;0.0;31.3;0.0;0.0;0.0;0.0;44.2;9.5;0.0;0.0;28.8;0.0;15.8;0.0;0.0;0.0;13.3;0.0;0.0;0.0;0.0;0.0;0.0;7.8;0.0
Morada Nova;FAZENDA LACRAIA;-5.1365555555556;-38.466277777778;2017;4;74.8;5.3;4.0;0.0;0.0;0.0;15.6;0.0;0.0;0.0;0.0;0.0;39.1;0.0;0.0;10.8;0.0;0.0;0.0;0.0;0.0;0.0;0.0;0.0;0.0;0.0;0.0;0.0;0.0;0.0;0.0;888.0
Morada Nova;FAZENDA LACRAIA;-5.1365555555556;-38.466277777778;2017;5;68.2;0.0;0.0;0.0;0.0;0.0;0.0;0.0;0.0;0.0;0.0;0.0;0.0;0.0;0.0;0.0;0.0;0.0;0.0;0.0;0.0;0.0;0.0;0.0;0.0;0.0;19.5;0.0;17.5;31.2;0.0;0.0
Morada Nova;FAZENDA LACRAIA;-5.1365555555556;-38.466277777778;2017;6;32.7;0.0;18.8;10.9;0.0;0.0;0.0;0.0;0.0;0.0;0.0;0.0;0.0;0.0;0.0;0.0;0.0;0.0;0.0;0.0;0.0;0.0;0.0;0.0;0.0;0.0;0.0;0.0;0.0;0.0;3.0;888.0
Morada Nova;FAZENDA LACRAIA;-5.1365555555556;-38.466277777778;2017;7;32.2;0.0;23.0;0.0;0.0;0.0;0.0;0.0;0.0;0.0;0.0;0.0;0.0;0.0;0.0;0.0;0.0;0.0;0.0;0.0;0.0;0.0;9.2;0.0;0.0;0.0;0.0;0.0;0.0;0.0;0.0;0.0
Morada Nova;FAZENDA LACRAIA;-5.1365555555556;-38.466277777778;2017;8;0.0;0.0;0.0;0.0;0.0;0.0;0.0;0.0;0.0;0.0;0.0;0.0;0.0;0.0;0.0;0.0;0.0;0.0;0.0;0.0;0.0;0.0;0.0;0.0;0.0;0.0;0.0;0.0;0.0;0.0;0.0;0.0
Morada Nova;FAZENDA LACRAIA;-5.1365555555556;-38.466277777778;2017;9;0.0;0.0;0.0;0.0;0.0;0.0;0.0;0.0;0.0;0.0;0.0;0.0;0.0;0.0;0.0;0.0;0.0;0.0;0.0;0.0;0.0;0.0;0.0;0.0;0.0;0.0;0.0;0.0;0.0;0.0;0.0;888.0
Morada Nova;FAZENDA LACRAIA;-5.1365555555556;-38.466277777778;2017;10;0.0;0.0;0.0;0.0;0.0;0.0;0.0;0.0;0.0;0.0;0.0;0.0;0.0;0.0;0.0;0.0;0.0;0.0;0.0;0.0;0.0;0.0;0.0;0.0;0.0;0.0;0.0;0.0;0.0;0.0;0.0;0.0
Morada Nova;FAZENDA LACRAIA;-5.1365555555556;-38.466277777778;2017;11;0.0;0.0;0.0;0.0;0.0;0.0;0.0;0.0;0.0;0.0;0.0;0.0;0.0;0.0;0.0;0.0;0.0;0.0;0.0;0.0;0.0;0.0;0.0;0.0;0.0;0.0;0.0;0.0;0.0;0.0;0.0;888.0
Morada Nova;FAZENDA LACRAIA;-5.1365555555556;-38.466277777778;2017;12;0.0;0.0;0.0;0.0;0.0;0.0;0.0;0.0;0.0;0.0;0.0;0.0;0.0;0.0;0.0;0.0;0.0;0.0;0.0;0.0;0.0;0.0;0.0;0.0;0.0;0.0;0.0;0.0;0.0;0.0;0.0;0.0
Morada Nova;FAZENDA LACRAIA;-5.1365555555556;-38.466277777778;2018;1;43.3;0.0;0.0;0.0;0.0;0.0;0.0;0.0;0.0;0.0;0.0;0.0;0.0;0.0;0.0;6.6;0.0;0.0;0.0;0.0;0.0;12.7;0.0;0.0;0.0;15.5;0.0;3.0;5.5;0.0;0.0;0.0
Morada Nova;FAZENDA LACRAIA;-5.1365555555556;-38.466277777778;2018;2;154.2;0.0;0.0;0.0;0.0;0.0;0.0;0.0;0.0;0.0;0.0;25.8;7.9;3.3;10.9;28.7;15.0;0.0;6.0;0.0;0.0;0.0;24.1;0.0;12.0;12.8;0.0;7.7;0.0;888.0;888.0;888.0
Morada Nova;FAZENDA LACRAIA;-5.1365555555556;-38.466277777778;2018;3;134.0;0.0;0.0;0.0;10.7;0.0;20.8;12.3;0.0;0.0;0.0;0.0;9.2;0.0;0.0;0.0;0.0;0.0;0.0;0.0;0.0;0.0;0.0;0.0;0.0;0.0;0.0;0.0;18.0;14.4;31.0;17.6
Morada Nova;FAZENDA LACRAIA;-5.1365555555556;-38.466277777778;2018;4;398.3;0.0;0.0;13.4;6.0;0.0;0.0;20.8;85.2;34.4;0.0;0.0;3.5;38.0;0.0;0.0;17.3;76.9;0.0;0.0;0.0;33.4;0.0;30.0;7.2;0.0;10.0;0.0;0.0;0.0;22.2;888.0
Morada Nova;FAZENDA LACRAIA;-5.1365555555556;-38.466277777778;2018;5;0.0;0.0;0.0;0.0;0.0;0.0;0.0;0.0;0.0;0.0;0.0;0.0;0.0;0.0;0.0;0.0;0.0;0.0;999.0;999.0;999.0;999.0;999.0;999.0;999.0;999.0;999.0;999.0;999.0;999.0;999.0;999.0
Morada Nova;FAZENDA LACRAIA;-5.1365555555556;-38.466277777778;2018;6;0.0;0.0;0.0;0.0;0.0;0.0;0.0;0.0;0.0;0.0;0.0;0.0;0.0;0.0;0.0;0.0;0.0;0.0;0.0;0.0;0.0;0.0;0.0;0.0;0.0;0.0;0.0;0.0;0.0;0.0;0.0;888.0
Morada Nova;FAZENDA LACRAIA;-5.1365555555556;-38.466277777778;2018;7;0.0;0.0;0.0;0.0;0.0;0.0;0.0;0.0;0.0;0.0;0.0;0.0;0.0;0.0;0.0;0.0;0.0;0.0;0.0;0.0;0.0;0.0;0.0;0.0;0.0;0.0;0.0;0.0;0.0;0.0;0.0;0.0
Morada Nova;FAZENDA LACRAIA;-5.1365555555556;-38.466277777778;2018;8;0.0;0.0;0.0;0.0;0.0;0.0;0.0;0.0;0.0;0.0;0.0;0.0;0.0;0.0;0.0;0.0;0.0;0.0;0.0;0.0;0.0;0.0;0.0;0.0;0.0;0.0;0.0;0.0;0.0;0.0;0.0;0.0
Morada Nova;FAZENDA LACRAIA;-5.1365555555556;-38.466277777778;2018;9;0.0;0.0;0.0;0.0;0.0;999.0;999.0;999.0;999.0;999.0;999.0;999.0;999.0;999.0;999.0;999.0;999.0;999.0;999.0;999.0;999.0;999.0;999.0;999.0;999.0;999.0;999.0;999.0;999.0;999.0;999.0;888.0
