Municipios;Postos;Latitude;Longitude;Anos;Meses;Total;Dia1;Dia2;Dia3;Dia4;Dia5;Dia6;Dia7;Dia8;Dia9;Dia10;Dia11;Dia12;Dia13;Dia14;Dia15;Dia16;Dia17;Dia18;Dia19;Dia20;Dia21;Dia22;Dia23;Dia24;Dia25;Dia26;Dia27;Dia28;Dia29;Dia30;Dia31
Saboeiro;SITIO ITAPORANGA;-6.535;-39.930833333333;2009;4;294.2;23.0;0.8;3.2;13.3;1.5;0.0;0.0;0.0;0.0;9.4;2.8;2.0;0.0;74.5;30.0;0.0;5.0;7.5;0.0;0.0;17.6;15.3;32.2;1.5;0.0;14.4;0.0;11.8;0.0;28.4;888.0
Saboeiro;SITIO ITAPORANGA;-6.535;-39.930833333333;2009;5;170.7;36.6;22.7;0.0;0.0;3.6;2.0;0.0;0.0;5.8;13.6;2.0;13.6;23.8;0.0;13.2;0.0;0.0;20.2;13.6;0.0;0.0;0.0;0.0;0.0;0.0;0.0;0.0;0.0;0.0;0.0;0.0
Saboeiro;SITIO ITAPORANGA;-6.535;-39.930833333333;2009;6;0.0;0.0;0.0;0.0;0.0;0.0;0.0;0.0;0.0;0.0;0.0;0.0;0.0;0.0;0.0;0.0;0.0;0.0;0.0;0.0;0.0;0.0;0.0;0.0;0.0;0.0;0.0;0.0;0.0;0.0;0.0;888.0
Saboeiro;SITIO ITAPORANGA;-6.535;-39.930833333333;2009;7;0.0;0.0;0.0;0.0;0.0;0.0;0.0;0.0;0.0;0.0;0.0;0.0;0.0;0.0;0.0;0.0;0.0;0.0;0.0;0.0;0.0;0.0;0.0;0.0;0.0;0.0;0.0;0.0;0.0;0.0;0.0;0.0
Saboeiro;SITIO ITAPORANGA;-6.535;-39.930833333333;2009;8;0.0;0.0;0.0;0.0;0.0;0.0;0.0;0.0;0.0;0.0;0.0;0.0;0.0;0.0;0.0;0.0;0.0;0.0;0.0;0.0;0.0;0.0;0.0;0.0;0.0;0.0;0.0;0.0;0.0;0.0;0.0;0.0
Saboeiro;SITIO ITAPORANGA;-6.535;-39.930833333333;2009;9;0.0;0.0;0.0;0.0;0.0;0.0;0.0;0.0;0.0;0.0;0.0;0.0;0.0;0.0;0.0;0.0;0.0;0.0;0.0;0.0;0.0;0.0;0.0;0.0;0.0;0.0;0.0;0.0;0.0;0.0;0.0;888.0
Saboeiro;SITIO ITAPORANGA;-6.535;-39.930833333333;2009;10;0.0;0.0;0.0;0.0;0.0;0.0;0.0;0.0;0.0;0.0;0.0;0.0;0.0;0.0;0.0;0.0;0.0;0.0;0.0;0.0;0.0;0.0;0.0;0.0;0.0;0.0;0.0;0.0;0.0;0.0;0.0;0.0
Saboeiro;SITIO ITAPORANGA;-6.535;-39.930833333333;2009;11;0.0;0.0;0.0;0.0;0.0;0.0;0.0;0.0;0.0;0.0;0.0;0.0;0.0;0.0;0.0;0.0;0.0;0.0;0.0;0.0;0.0;0.0;0.0;0.0;0.0;0.0;0.0;0.0;0.0;0.0;0.0;888.0
Saboeiro;SITIO ITAPORANGA;-6.535;-39.930833333333;2009;12;0.0;0.0;0.0;0.0;0.0;0.0;0.0;0.0;0.0;0.0;0.0;0.0;0.0;0.0;0.0;0.0;0.0;0.0;0.0;0.0;0.0;0.0;0.0;0.0;0.0;0.0;0.0;0.0;0.0;0.0;0.0;0.0
Saboeiro;SITIO ITAPORANGA;-6.535;-39.930833333333;2010;1;111.0;41.0;0.0;0.0;3.0;0.0;0.0;0.0;0.0;0.0;0.0;27.0;0.0;0.0;0.0;0.0;0.0;40.0;0.0;0.0;0.0;0.0;0.0;0.0;0.0;0.0;0.0;0.0;0.0;0.0;0.0;0.0
Saboeiro;SITIO ITAPORANGA;-6.535;-39.930833333333;2010;2;8.0;0.0;0.0;0.0;0.0;0.0;0.0;0.0;0.0;0.0;0.0;0.0;8.0;0.0;0.0;0.0;0.0;0.0;0.0;0.0;0.0;0.0;0.0;0.0;0.0;0.0;0.0;0.0;0.0;888.0;888.0;888.0
Saboeiro;SITIO ITAPORANGA;-6.535;-39.930833333333;2010;3;66.0;0.0;0.0;0.0;0.0;0.0;0.0;0.0;0.0;0.0;0.0;0.0;0.0;0.0;0.0;0.0;10.0;0.0;0.0;0.0;0.0;30.0;0.0;0.0;0.0;0.0;0.0;5.0;0.0;21.0;0.0;0.0
Saboeiro;SITIO ITAPORANGA;-6.535;-39.930833333333;2010;4;146.0;0.0;2.0;17.0;0.0;0.0;0.0;0.0;0.0;3.0;0.0;50.0;2.0;0.0;0.0;2.0;40.0;0.0;0.0;30.0;0.0;0.0;0.0;0.0;0.0;0.0;0.0;0.0;0.0;0.0;0.0;888.0
Saboeiro;SITIO ITAPORANGA;-6.535;-39.930833333333;2010;5;78.0;0.0;0.0;0.0;0.0;48.0;0.0;0.0;0.0;0.0;0.0;0.0;0.0;0.0;30.0;0.0;0.0;0.0;0.0;0.0;0.0;0.0;0.0;0.0;0.0;0.0;0.0;0.0;0.0;0.0;0.0;0.0
Saboeiro;SITIO ITAPORANGA;-6.535;-39.930833333333;2010;6;0.0;0.0;0.0;0.0;0.0;0.0;0.0;0.0;0.0;0.0;0.0;0.0;0.0;0.0;0.0;0.0;0.0;0.0;0.0;0.0;0.0;0.0;0.0;0.0;0.0;0.0;0.0;0.0;0.0;0.0;0.0;888.0
Saboeiro;SITIO ITAPORANGA;-6.535;-39.930833333333;2010;7;0.0;0.0;0.0;0.0;0.0;0.0;0.0;0.0;0.0;0.0;0.0;0.0;0.0;0.0;0.0;0.0;0.0;0.0;0.0;0.0;0.0;0.0;0.0;0.0;0.0;0.0;0.0;0.0;0.0;0.0;0.0;0.0
Saboeiro;SITIO ITAPORANGA;-6.535;-39.930833333333;2010;8;0.0;0.0;0.0;0.0;0.0;0.0;0.0;0.0;0.0;0.0;0.0;0.0;0.0;0.0;0.0;0.0;0.0;0.0;0.0;0.0;0.0;0.0;0.0;0.0;0.0;0.0;0.0;0.0;0.0;0.0;0.0;0.0
Saboeiro;SITIO ITAPORANGA;-6.535;-39.930833333333;2010;9;0.0;0.0;0.0;0.0;0.0;0.0;0.0;0.0;0.0;0.0;0.0;0.0;0.0;0.0;0.0;0.0;0.0;0.0;0.0;0.0;0.0;0.0;0.0;0.0;0.0;0.0;0.0;0.0;0.0;0.0;0.0;888.0
Saboeiro;SITIO ITAPORANGA;-6.535;-39.930833333333;2010;10;0.0;0.0;0.0;0.0;0.0;0.0;0.0;0.0;0.0;0.0;0.0;0.0;0.0;0.0;0.0;0.0;0.0;0.0;0.0;0.0;0.0;0.0;0.0;0.0;0.0;0.0;0.0;0.0;0.0;0.0;0.0;0.0
Saboeiro;SITIO ITAPORANGA;-6.535;-39.930833333333;2010;11;0.0;0.0;0.0;0.0;0.0;0.0;0.0;0.0;0.0;0.0;0.0;0.0;0.0;0.0;0.0;0.0;0.0;0.0;0.0;0.0;0.0;0.0;0.0;0.0;0.0;0.0;0.0;0.0;0.0;0.0;0.0;888.0
Saboeiro;SITIO ITAPORANGA;-6.535;-39.930833333333;2010;12;241.5;0.0;0.0;0.0;0.0;0.0;0.0;0.0;0.0;9.0;0.0;0.0;2.0;17.0;0.0;0.0;0.0;64.0;55.0;0.0;0.0;0.0;0.0;0.0;0.0;10.0;27.0;0.0;24.0;0.0;6.0;27.5
Saboeiro;SITIO ITAPORANGA;-6.535;-39.930833333333;2011;1;0.0;0.0;999.0;999.0;999.0;999.0;999.0;999.0;999.0;999.0;999.0;999.0;999.0;999.0;999.0;999.0;999.0;999.0;999.0;999.0;999.0;999.0;999.0;999.0;999.0;999.0;999.0;999.0;999.0;999.0;999.0;999.0
Saboeiro;SITIO ITAPORANGA;-6.535;-39.930833333333;2011;2;141.0;0.0;0.0;0.0;8.0;0.0;0.0;0.0;0.0;0.0;0.0;8.0;0.0;7.0;0.0;0.0;0.0;10.0;11.0;0.0;0.0;0.0;12.0;0.0;0.0;0.0;0.0;85.0;0.0;888.0;888.0;888.0
Saboeiro;SITIO ITAPORANGA;-6.535;-39.930833333333;2012;1;0.0;0.0;999.0;999.0;999.0;999.0;999.0;999.0;999.0;999.0;999.0;999.0;999.0;999.0;999.0;999.0;999.0;999.0;999.0;999.0;999.0;999.0;999.0;999.0;999.0;999.0;999.0;999.0;999.0;999.0;999.0;999.0
Saboeiro;SITIO ITAPORANGA;-6.535;-39.930833333333;2012;2;0.0;0.0;999.0;999.0;999.0;999.0;999.0;999.0;999.0;999.0;999.0;999.0;999.0;999.0;999.0;999.0;999.0;999.0;999.0;999.0;999.0;999.0;999.0;999.0;999.0;999.0;999.0;999.0;999.0;999.0;888.0;888.0
Saboeiro;SITIO ITAPORANGA;-6.535;-39.930833333333;2012;3;0.0;0.0;999.0;999.0;999.0;999.0;999.0;999.0;999.0;999.0;999.0;999.0;999.0;999.0;999.0;999.0;999.0;999.0;999.0;999.0;999.0;999.0;999.0;999.0;999.0;999.0;999.0;999.0;999.0;999.0;999.0;999.0
Saboeiro;SITIO ITAPORANGA;-6.535;-39.930833333333;2013;1;0.0;0.0;0.0;0.0;0.0;0.0;0.0;0.0;0.0;0.0;0.0;0.0;0.0;0.0;0.0;0.0;0.0;0.0;0.0;0.0;0.0;0.0;0.0;0.0;0.0;0.0;0.0;0.0;0.0;0.0;0.0;0.0
Saboeiro;SITIO ITAPORANGA;-6.535;-39.930833333333;2013;4;117.0;0.0;0.0;0.0;0.0;7.0;0.0;5.0;0.0;0.0;0.0;0.0;0.0;0.0;0.0;0.0;25.0;13.0;0.0;0.0;0.0;0.0;13.0;0.0;0.0;22.0;29.0;3.0;0.0;0.0;0.0;888.0
Saboeiro;SITIO ITAPORANGA;-6.535;-39.930833333333;2013;5;69.0;0.0;0.0;3.0;0.0;0.0;0.0;0.0;3.0;11.0;0.0;0.0;0.0;0.0;0.0;21.0;0.0;4.0;0.0;0.0;0.0;0.0;0.0;0.0;0.0;19.0;8.0;0.0;999.0;999.0;999.0;999.0
Saboeiro;SITIO ITAPORANGA;-6.535;-39.930833333333;2014;1;0.0;0.0;0.0;0.0;0.0;0.0;0.0;0.0;0.0;0.0;0.0;999.0;0.0;0.0;0.0;0.0;0.0;0.0;0.0;0.0;0.0;0.0;0.0;0.0;0.0;0.0;0.0;0.0;0.0;0.0;0.0;0.0
Saboeiro;SITIO ITAPORANGA;-6.535;-39.930833333333;2014;2;127.4;0.0;0.0;4.0;38.0;0.0;4.0;0.0;0.0;0.0;42.0;30.0;9.4;0.0;999.0;999.0;999.0;999.0;999.0;999.0;999.0;999.0;999.0;999.0;999.0;999.0;999.0;999.0;999.0;888.0;888.0;888.0
Saboeiro;SITIO ITAPORANGA;-6.535;-39.930833333333;2014;3;109.2;0.0;0.0;0.0;0.0;34.0;13.6;0.0;0.0;0.0;0.0;0.0;0.0;5.4;0.0;0.0;4.4;0.0;6.4;0.0;0.0;0.0;0.0;0.0;0.0;0.0;0.0;0.0;0.0;11.4;4.0;30.0
Saboeiro;SITIO ITAPORANGA;-6.535;-39.930833333333;2014;4;44.4;0.0;0.0;0.0;0.0;0.0;0.0;0.0;0.0;0.0;0.0;9.0;6.4;0.0;0.0;0.0;0.0;0.0;0.0;0.0;6.0;0.0;9.0;14.0;0.0;0.0;0.0;0.0;0.0;0.0;0.0;888.0
Saboeiro;SITIO ITAPORANGA;-6.535;-39.930833333333;2014;5;30.0;0.0;0.0;0.0;0.0;0.0;0.0;0.0;0.0;0.0;0.0;0.0;0.0;0.0;0.0;0.0;0.0;0.0;0.0;0.0;0.0;0.0;0.0;0.0;0.0;0.0;0.0;0.0;0.0;30.0;0.0;0.0
Saboeiro;SITIO ITAPORANGA;-6.535;-39.930833333333;2014;6;0.0;0.0;0.0;0.0;0.0;0.0;0.0;0.0;0.0;0.0;0.0;0.0;0.0;0.0;0.0;0.0;0.0;0.0;0.0;0.0;0.0;0.0;0.0;0.0;0.0;0.0;0.0;0.0;0.0;0.0;0.0;888.0
Saboeiro;SITIO ITAPORANGA;-6.535;-39.930833333333;2014;7;0.0;0.0;0.0;0.0;0.0;0.0;0.0;0.0;0.0;0.0;0.0;0.0;0.0;0.0;0.0;0.0;0.0;0.0;0.0;0.0;0.0;0.0;0.0;0.0;0.0;0.0;0.0;0.0;0.0;0.0;0.0;0.0
Saboeiro;SITIO ITAPORANGA;-6.535;-39.930833333333;2014;8;0.0;0.0;0.0;0.0;0.0;0.0;0.0;0.0;0.0;0.0;0.0;0.0;0.0;0.0;0.0;0.0;0.0;0.0;0.0;0.0;0.0;0.0;0.0;0.0;0.0;0.0;0.0;0.0;0.0;0.0;0.0;0.0
Saboeiro;SITIO ITAPORANGA;-6.535;-39.930833333333;2014;9;0.0;0.0;0.0;0.0;0.0;0.0;0.0;0.0;0.0;0.0;0.0;0.0;0.0;0.0;0.0;0.0;0.0;0.0;0.0;0.0;0.0;0.0;0.0;0.0;0.0;0.0;0.0;0.0;0.0;0.0;0.0;888.0
Saboeiro;SITIO ITAPORANGA;-6.535;-39.930833333333;2014;10;0.0;0.0;0.0;0.0;0.0;0.0;0.0;0.0;0.0;0.0;0.0;0.0;0.0;0.0;0.0;0.0;0.0;0.0;0.0;0.0;0.0;0.0;0.0;0.0;0.0;0.0;0.0;0.0;0.0;0.0;0.0;0.0
Saboeiro;SITIO ITAPORANGA;-6.535;-39.930833333333;2014;11;0.0;0.0;0.0;0.0;0.0;0.0;0.0;0.0;0.0;0.0;0.0;0.0;0.0;0.0;0.0;0.0;0.0;0.0;0.0;0.0;0.0;0.0;0.0;0.0;0.0;0.0;0.0;0.0;0.0;0.0;0.0;888.0
Saboeiro;SITIO ITAPORANGA;-6.535;-39.930833333333;2014;12;0.0;0.0;0.0;0.0;0.0;0.0;0.0;0.0;0.0;0.0;0.0;0.0;0.0;0.0;0.0;0.0;0.0;0.0;0.0;0.0;0.0;0.0;0.0;0.0;0.0;0.0;0.0;0.0;0.0;0.0;0.0;0.0
Saboeiro;SITIO ITAPORANGA;-6.535;-39.930833333333;2015;1;20.0;0.0;0.0;0.0;0.0;0.0;0.0;20.0;0.0;0.0;0.0;0.0;0.0;0.0;0.0;0.0;0.0;0.0;0.0;0.0;0.0;0.0;0.0;0.0;0.0;0.0;0.0;0.0;0.0;0.0;0.0;0.0
Saboeiro;SITIO ITAPORANGA;-6.535;-39.930833333333;2015;2;60.4;0.0;0.0;0.0;60.4;0.0;0.0;0.0;0.0;0.0;0.0;0.0;0.0;0.0;0.0;0.0;0.0;0.0;0.0;0.0;0.0;0.0;0.0;0.0;0.0;0.0;0.0;0.0;0.0;888.0;888.0;888.0
Saboeiro;SITIO ITAPORANGA;-6.535;-39.930833333333;2015;3;163.3;0.0;14.0;0.0;0.0;0.0;0.0;0.0;0.0;0.0;30.0;0.0;0.0;0.0;0.0;0.0;0.0;0.0;0.0;0.0;0.0;0.0;0.0;60.0;5.0;0.0;14.3;40.0;0.0;0.0;0.0;0.0
Saboeiro;SITIO ITAPORANGA;-6.535;-39.930833333333;2015;4;103.3;0.0;0.0;0.0;0.0;0.0;0.0;0.0;0.0;0.0;0.0;50.0;4.0;14.3;0.0;11.0;0.0;0.0;0.0;0.0;0.0;0.0;0.0;0.0;24.0;0.0;0.0;0.0;0.0;0.0;0.0;888.0
Saboeiro;SITIO ITAPORANGA;-6.535;-39.930833333333;2015;5;29.0;0.0;0.0;0.0;0.0;0.0;0.0;0.0;0.0;0.0;0.0;0.0;0.0;0.0;0.0;0.0;0.0;0.0;0.0;0.0;0.0;0.0;0.0;0.0;0.0;0.0;20.0;9.0;0.0;0.0;0.0;0.0
Saboeiro;SITIO ITAPORANGA;-6.535;-39.930833333333;2015;6;0.0;0.0;0.0;0.0;0.0;0.0;0.0;0.0;0.0;0.0;0.0;0.0;0.0;0.0;0.0;0.0;0.0;0.0;0.0;0.0;0.0;0.0;0.0;0.0;0.0;0.0;0.0;0.0;0.0;0.0;0.0;888.0
Saboeiro;SITIO ITAPORANGA;-6.535;-39.930833333333;2015;7;0.0;0.0;0.0;0.0;0.0;0.0;0.0;0.0;0.0;0.0;0.0;0.0;0.0;0.0;0.0;0.0;0.0;0.0;0.0;0.0;0.0;0.0;0.0;0.0;0.0;0.0;0.0;0.0;0.0;0.0;0.0;0.0
Saboeiro;SITIO ITAPORANGA;-6.535;-39.930833333333;2015;8;0.0;0.0;0.0;0.0;0.0;0.0;0.0;0.0;0.0;0.0;0.0;0.0;0.0;0.0;0.0;0.0;0.0;0.0;0.0;0.0;0.0;0.0;0.0;0.0;0.0;0.0;0.0;0.0;0.0;0.0;0.0;0.0
Saboeiro;SITIO ITAPORANGA;-6.535;-39.930833333333;2015;9;0.0;0.0;0.0;0.0;0.0;0.0;0.0;0.0;0.0;0.0;0.0;0.0;0.0;0.0;0.0;0.0;0.0;0.0;0.0;0.0;0.0;0.0;0.0;0.0;0.0;0.0;0.0;0.0;0.0;0.0;0.0;888.0
Saboeiro;SITIO ITAPORANGA;-6.535;-39.930833333333;2015;10;0.0;0.0;0.0;0.0;0.0;0.0;0.0;0.0;0.0;0.0;0.0;0.0;0.0;0.0;0.0;0.0;0.0;0.0;0.0;0.0;0.0;0.0;0.0;0.0;0.0;0.0;0.0;0.0;0.0;0.0;0.0;0.0
Saboeiro;SITIO ITAPORANGA;-6.535;-39.930833333333;2015;11;0.0;0.0;0.0;0.0;0.0;0.0;0.0;0.0;0.0;0.0;0.0;0.0;0.0;0.0;0.0;0.0;0.0;0.0;0.0;0.0;0.0;0.0;0.0;0.0;0.0;0.0;0.0;0.0;0.0;0.0;0.0;888.0
Saboeiro;SITIO ITAPORANGA;-6.535;-39.930833333333;2015;12;0.0;0.0;0.0;0.0;0.0;0.0;0.0;0.0;0.0;0.0;0.0;0.0;0.0;0.0;0.0;0.0;0.0;0.0;0.0;0.0;0.0;0.0;0.0;0.0;0.0;0.0;0.0;0.0;0.0;0.0;0.0;0.0
Saboeiro;SITIO ITAPORANGA;-6.535;-39.930833333333;2016;1;310.3;0.0;0.0;0.0;0.0;0.0;0.0;43.0;0.0;0.0;0.0;0.0;0.0;0.0;121.0;30.0;0.0;0.0;0.0;0.0;0.0;11.3;79.0;0.0;15.0;10.0;1.0;0.0;0.0;0.0;0.0;0.0
Saboeiro;SITIO ITAPORANGA;-6.535;-39.930833333333;2016;2;0.0;0.0;0.0;0.0;0.0;0.0;0.0;0.0;0.0;0.0;0.0;0.0;0.0;0.0;0.0;0.0;0.0;0.0;0.0;0.0;0.0;0.0;0.0;0.0;0.0;0.0;0.0;0.0;0.0;0.0;888.0;888.0
Saboeiro;SITIO ITAPORANGA;-6.535;-39.930833333333;2016;3;138.3;0.0;0.0;0.0;0.0;0.0;0.0;0.0;0.0;19.2;0.0;0.0;0.0;0.0;0.0;0.0;0.0;40.4;16.0;0.0;0.0;0.0;0.0;0.0;0.0;0.0;8.4;14.0;0.0;0.0;40.3;0.0
Saboeiro;SITIO ITAPORANGA;-6.535;-39.930833333333;2016;4;24.0;0.0;0.0;0.0;0.0;16.0;8.0;0.0;0.0;0.0;0.0;0.0;0.0;0.0;0.0;0.0;0.0;0.0;0.0;0.0;0.0;0.0;0.0;0.0;0.0;0.0;0.0;0.0;0.0;0.0;0.0;888.0
Saboeiro;SITIO ITAPORANGA;-6.535;-39.930833333333;2016;5;56.3;0.0;10.0;20.3;0.0;0.0;0.0;0.0;0.0;0.0;0.0;0.0;0.0;0.0;0.0;0.0;0.0;0.0;0.0;0.0;0.0;0.0;0.0;0.0;0.0;17.0;9.0;0.0;0.0;0.0;0.0;0.0
Saboeiro;SITIO ITAPORANGA;-6.535;-39.930833333333;2016;6;14.0;0.0;0.0;0.0;0.0;0.0;0.0;0.0;0.0;0.0;0.0;0.0;0.0;0.0;0.0;0.0;0.0;0.0;0.0;0.0;0.0;0.0;0.0;14.0;999.0;999.0;999.0;999.0;999.0;999.0;999.0;888.0
Saboeiro;SITIO ITAPORANGA;-6.535;-39.930833333333;2016;12;21.4;0.0;0.0;0.0;0.0;0.0;0.0;0.0;0.0;0.0;0.0;0.0;0.0;0.0;0.0;0.0;0.0;0.0;0.0;0.0;0.0;0.0;0.0;0.0;0.0;21.4;999.0;999.0;999.0;999.0;999.0;999.0
Saboeiro;SITIO ITAPORANGA;-6.535;-39.930833333333;2017;1;50.0;0.0;50.0;0.0;0.0;0.0;0.0;0.0;0.0;0.0;0.0;0.0;0.0;0.0;0.0;0.0;0.0;0.0;0.0;0.0;0.0;0.0;0.0;0.0;0.0;0.0;0.0;0.0;0.0;0.0;0.0;0.0
Saboeiro;SITIO ITAPORANGA;-6.535;-39.930833333333;2017;2;80.0;0.0;0.0;0.0;0.0;0.0;0.0;0.0;0.0;0.0;0.0;40.0;0.0;0.0;0.0;0.0;0.0;0.0;0.0;0.0;0.0;0.0;40.0;0.0;0.0;0.0;0.0;0.0;0.0;888.0;888.0;888.0
Saboeiro;SITIO ITAPORANGA;-6.535;-39.930833333333;2017;3;0.0;0.0;0.0;0.0;0.0;0.0;0.0;0.0;0.0;0.0;0.0;0.0;0.0;0.0;0.0;0.0;0.0;0.0;0.0;0.0;0.0;0.0;0.0;0.0;0.0;0.0;0.0;0.0;0.0;0.0;0.0;0.0
Saboeiro;SITIO ITAPORANGA;-6.535;-39.930833333333;2017;4;0.0;0.0;0.0;0.0;0.0;0.0;0.0;0.0;0.0;0.0;0.0;0.0;0.0;0.0;0.0;0.0;0.0;0.0;0.0;0.0;0.0;0.0;0.0;0.0;0.0;0.0;0.0;0.0;0.0;0.0;0.0;888.0
Saboeiro;SITIO ITAPORANGA;-6.535;-39.930833333333;2017;5;0.0;0.0;0.0;0.0;0.0;0.0;0.0;0.0;0.0;0.0;0.0;0.0;0.0;0.0;0.0;0.0;0.0;0.0;0.0;0.0;0.0;0.0;0.0;0.0;0.0;0.0;0.0;0.0;0.0;0.0;0.0;0.0
Saboeiro;SITIO ITAPORANGA;-6.535;-39.930833333333;2017;6;0.0;0.0;0.0;0.0;0.0;0.0;0.0;0.0;0.0;0.0;0.0;0.0;0.0;0.0;0.0;0.0;0.0;0.0;0.0;0.0;0.0;0.0;0.0;0.0;0.0;0.0;0.0;0.0;0.0;0.0;0.0;888.0
Saboeiro;SITIO ITAPORANGA;-6.535;-39.930833333333;2017;7;0.0;0.0;0.0;0.0;0.0;0.0;0.0;0.0;0.0;0.0;0.0;0.0;0.0;0.0;0.0;0.0;0.0;0.0;0.0;0.0;0.0;0.0;0.0;0.0;0.0;0.0;0.0;0.0;0.0;0.0;0.0;0.0
Saboeiro;SITIO ITAPORANGA;-6.535;-39.930833333333;2017;8;0.0;0.0;0.0;0.0;0.0;0.0;0.0;0.0;0.0;0.0;0.0;0.0;0.0;0.0;0.0;0.0;0.0;0.0;0.0;0.0;0.0;0.0;0.0;0.0;0.0;0.0;0.0;0.0;0.0;0.0;0.0;0.0
Saboeiro;SITIO ITAPORANGA;-6.535;-39.930833333333;2017;9;0.0;0.0;0.0;0.0;0.0;0.0;0.0;0.0;0.0;0.0;0.0;0.0;0.0;0.0;0.0;0.0;0.0;0.0;0.0;0.0;0.0;0.0;0.0;0.0;0.0;0.0;0.0;0.0;0.0;0.0;0.0;888.0
Saboeiro;SITIO ITAPORANGA;-6.535;-39.930833333333;2017;10;0.0;0.0;0.0;0.0;0.0;0.0;0.0;0.0;0.0;0.0;0.0;0.0;0.0;0.0;0.0;0.0;0.0;0.0;0.0;0.0;0.0;0.0;0.0;0.0;0.0;0.0;0.0;0.0;0.0;0.0;0.0;0.0
Saboeiro;SITIO ITAPORANGA;-6.535;-39.930833333333;2017;11;0.0;0.0;0.0;0.0;0.0;0.0;0.0;0.0;0.0;0.0;0.0;0.0;0.0;0.0;0.0;0.0;0.0;0.0;0.0;0.0;0.0;0.0;0.0;0.0;0.0;0.0;0.0;0.0;0.0;0.0;0.0;888.0
Saboeiro;SITIO ITAPORANGA;-6.535;-39.930833333333;2017;12;20.0;0.0;0.0;0.0;0.0;0.0;0.0;0.0;0.0;0.0;0.0;0.0;0.0;0.0;0.0;0.0;0.0;0.0;0.0;0.0;0.0;0.0;0.0;0.0;0.0;20.0;0.0;0.0;0.0;0.0;0.0;0.0
Saboeiro;SITIO ITAPORANGA;-6.535;-39.930833333333;2018;1;35.3;0.0;0.0;0.0;0.0;0.0;0.0;0.0;0.0;0.0;0.0;0.0;0.0;0.0;0.0;30.0;0.0;0.0;5.3;0.0;0.0;0.0;0.0;0.0;0.0;0.0;0.0;0.0;0.0;0.0;0.0;0.0
Saboeiro;SITIO ITAPORANGA;-6.535;-39.930833333333;2018;2;164.5;0.0;0.0;0.0;0.0;0.0;0.0;0.0;11.4;0.0;0.0;8.0;0.0;0.0;33.0;5.5;12.0;35.0;5.0;0.0;17.3;0.0;22.0;0.0;0.0;0.0;0.0;0.0;15.3;888.0;888.0;888.0
Saboeiro;SITIO ITAPORANGA;-6.535;-39.930833333333;2018;3;110.0;0.0;20.0;0.0;0.0;0.0;0.0;0.0;0.0;0.0;0.0;0.0;0.0;0.0;0.0;0.0;0.0;0.0;0.0;0.0;0.0;0.0;0.0;0.0;0.0;0.0;52.0;0.0;0.0;25.0;13.0;0.0
Saboeiro;SITIO ITAPORANGA;-6.535;-39.930833333333;2018;4;69.0;0.0;0.0;0.0;0.0;25.0;0.0;0.0;0.0;0.0;0.0;0.0;0.0;44.0;0.0;0.0;0.0;0.0;0.0;0.0;0.0;0.0;0.0;0.0;0.0;0.0;0.0;0.0;0.0;0.0;0.0;888.0
Saboeiro;SITIO ITAPORANGA;-6.535;-39.930833333333;2018;5;21.4;21.4;0.0;0.0;0.0;0.0;0.0;0.0;0.0;0.0;0.0;0.0;0.0;0.0;0.0;0.0;0.0;0.0;0.0;0.0;0.0;0.0;0.0;0.0;0.0;0.0;0.0;0.0;0.0;0.0;0.0;0.0
Saboeiro;SITIO ITAPORANGA;-6.535;-39.930833333333;2018;6;0.0;0.0;0.0;0.0;0.0;0.0;0.0;0.0;0.0;0.0;0.0;0.0;0.0;0.0;0.0;0.0;0.0;0.0;0.0;0.0;0.0;0.0;0.0;0.0;0.0;0.0;0.0;0.0;0.0;0.0;0.0;888.0
Saboeiro;SITIO ITAPORANGA;-6.535;-39.930833333333;2018;7;0.0;0.0;0.0;0.0;0.0;0.0;0.0;0.0;0.0;0.0;0.0;0.0;0.0;0.0;0.0;0.0;0.0;0.0;0.0;0.0;0.0;0.0;0.0;0.0;0.0;0.0;0.0;0.0;0.0;0.0;0.0;0.0
Saboeiro;SITIO ITAPORANGA;-6.535;-39.930833333333;2018;8;0.0;0.0;0.0;0.0;0.0;0.0;0.0;0.0;0.0;0.0;0.0;0.0;0.0;0.0;0.0;0.0;0.0;0.0;0.0;0.0;0.0;0.0;0.0;0.0;0.0;0.0;0.0;0.0;0.0;0.0;0.0;0.0
Saboeiro;SITIO ITAPORANGA;-6.535;-39.930833333333;2018;9;0.0;0.0;0.0;0.0;0.0;0.0;0.0;0.0;0.0;0.0;0.0;0.0;0.0;0.0;0.0;0.0;0.0;0.0;0.0;0.0;0.0;0.0;0.0;0.0;0.0;0.0;0.0;0.0;999.0;999.0;999.0;888.0
