Municipios;Postos;Latitude;Longitude;Anos;Meses;Total;Dia1;Dia2;Dia3;Dia4;Dia5;Dia6;Dia7;Dia8;Dia9;Dia10;Dia11;Dia12;Dia13;Dia14;Dia15;Dia16;Dia17;Dia18;Dia19;Dia20;Dia21;Dia22;Dia23;Dia24;Dia25;Dia26;Dia27;Dia28;Dia29;Dia30;Dia31
Amontada;SANTA CRUZ;-3.45222222222;-39.7768611111;2014;4;48.8;0.0;0.0;0.0;0.0;0.0;0.0;0.0;0.0;0.0;0.0;0.0;0.0;0.0;0.0;0.0;0.0;0.0;0.0;0.0;0.0;0.0;0.0;11.8;0.0;0.0;10.4;0.0;17.8;0.0;8.8;888.0
Amontada;SANTA CRUZ;-3.45222222222;-39.7768611111;2014;5;155.6;0.0;0.0;0.0;0.0;16.4;0.0;0.0;0.0;0.0;57.0;30.0;17.0;0.0;0.0;4.0;0.0;0.0;17.0;0.0;0.0;0.0;0.0;14.2;0.0;0.0;0.0;0.0;0.0;0.0;0.0;0.0
Amontada;SANTA CRUZ;-3.45222222222;-39.7768611111;2014;6;0.0;0.0;0.0;999.0;999.0;999.0;999.0;999.0;999.0;999.0;999.0;999.0;999.0;999.0;999.0;999.0;999.0;999.0;999.0;999.0;999.0;999.0;999.0;999.0;999.0;999.0;999.0;999.0;999.0;999.0;999.0;888.0
Amontada;SANTA CRUZ;-3.45222222222;-39.7768611111;2015;1;17.8;0.0;0.0;0.0;0.0;12.4;5.4;0.0;0.0;0.0;0.0;0.0;0.0;0.0;0.0;0.0;0.0;0.0;0.0;0.0;0.0;0.0;0.0;0.0;0.0;0.0;0.0;0.0;0.0;0.0;0.0;0.0
Amontada;SANTA CRUZ;-3.45222222222;-39.7768611111;2015;2;38.9;0.0;0.0;0.0;0.0;0.0;0.0;0.0;0.0;0.0;0.0;0.0;0.0;0.0;0.0;0.0;0.0;0.0;0.0;9.3;21.0;0.0;0.0;8.6;0.0;0.0;0.0;0.0;0.0;888.0;888.0;888.0
Amontada;SANTA CRUZ;-3.45222222222;-39.7768611111;2015;3;117.6;0.0;0.0;20.8;8.8;0.0;0.0;0.0;14.0;0.0;0.0;0.0;0.0;0.0;0.0;0.0;0.0;0.0;0.0;0.0;0.0;0.0;38.0;8.8;0.0;0.0;22.2;0.0;0.0;0.0;0.0;5.0
Amontada;SANTA CRUZ;-3.45222222222;-39.7768611111;2015;4;185.2;23.0;0.0;0.0;17.0;18.2;0.0;2.2;28.6;4.3;31.0;3.0;1.5;6.0;11.2;0.0;0.0;0.0;10.0;6.2;0.0;0.0;0.0;23.0;0.0;0.0;0.0;0.0;0.0;0.0;0.0;888.0
Amontada;SANTA CRUZ;-3.45222222222;-39.7768611111;2015;5;10.0;0.0;0.0;0.0;0.0;0.0;0.0;0.0;0.0;0.0;0.0;0.0;0.0;0.0;0.0;0.0;0.0;0.0;0.0;0.0;0.0;0.0;0.0;0.0;0.0;0.0;10.0;0.0;0.0;0.0;0.0;0.0
Amontada;SANTA CRUZ;-3.45222222222;-39.7768611111;2015;6;13.3;0.0;0.0;0.0;0.0;0.0;0.0;0.0;0.0;0.0;0.0;0.0;0.0;0.0;0.0;0.0;0.0;0.0;0.0;0.0;0.0;0.0;0.0;0.0;0.0;0.0;0.0;0.0;13.3;0.0;0.0;888.0
Amontada;SANTA CRUZ;-3.45222222222;-39.7768611111;2015;7;43.3;0.0;0.0;9.2;0.0;0.0;17.0;0.0;0.0;0.0;0.0;0.0;0.0;0.0;0.0;0.0;0.0;0.0;0.0;0.0;0.0;17.1;0.0;0.0;0.0;0.0;0.0;0.0;0.0;0.0;0.0;0.0
Amontada;SANTA CRUZ;-3.45222222222;-39.7768611111;2015;8;0.0;0.0;0.0;0.0;0.0;0.0;0.0;0.0;0.0;0.0;0.0;0.0;0.0;0.0;0.0;0.0;0.0;0.0;0.0;0.0;0.0;0.0;0.0;0.0;0.0;0.0;0.0;0.0;0.0;0.0;0.0;0.0
Amontada;SANTA CRUZ;-3.45222222222;-39.7768611111;2015;9;0.0;0.0;0.0;0.0;0.0;0.0;0.0;0.0;0.0;0.0;0.0;0.0;0.0;0.0;0.0;0.0;0.0;0.0;0.0;0.0;0.0;0.0;0.0;0.0;0.0;0.0;0.0;0.0;0.0;0.0;0.0;888.0
Amontada;SANTA CRUZ;-3.45222222222;-39.7768611111;2015;10;0.0;0.0;0.0;0.0;0.0;0.0;0.0;0.0;0.0;0.0;0.0;0.0;0.0;0.0;0.0;0.0;0.0;0.0;0.0;0.0;0.0;0.0;0.0;0.0;0.0;0.0;0.0;0.0;0.0;0.0;0.0;0.0
Amontada;SANTA CRUZ;-3.45222222222;-39.7768611111;2015;11;0.0;0.0;0.0;0.0;0.0;0.0;0.0;0.0;0.0;0.0;0.0;0.0;0.0;0.0;0.0;0.0;0.0;0.0;0.0;0.0;0.0;0.0;0.0;0.0;0.0;0.0;0.0;0.0;0.0;0.0;0.0;888.0
Amontada;SANTA CRUZ;-3.45222222222;-39.7768611111;2015;12;0.0;0.0;0.0;0.0;0.0;0.0;0.0;0.0;0.0;0.0;0.0;0.0;0.0;0.0;0.0;0.0;0.0;0.0;0.0;0.0;0.0;0.0;0.0;0.0;0.0;0.0;0.0;0.0;0.0;0.0;0.0;0.0
Amontada;SANTA CRUZ;-3.45222222222;-39.7768611111;2016;1;238.0;0.0;0.0;0.0;0.0;0.0;0.0;0.0;0.0;0.0;0.0;0.0;0.0;0.0;0.0;0.0;0.0;0.0;50.0;58.0;0.0;53.0;43.0;0.0;0.0;0.0;25.0;9.0;0.0;0.0;0.0;0.0
Amontada;SANTA CRUZ;-3.45222222222;-39.7768611111;2016;2;51.2;0.0;25.0;0.0;0.0;0.0;0.0;0.0;0.0;0.0;0.0;0.0;0.0;0.0;0.0;0.0;0.0;0.0;0.0;26.2;0.0;0.0;0.0;0.0;0.0;0.0;0.0;0.0;0.0;0.0;888.0;888.0
Amontada;SANTA CRUZ;-3.45222222222;-39.7768611111;2016;3;53.0;0.0;0.0;0.0;0.0;0.0;0.0;0.0;0.0;0.0;0.0;0.0;0.0;0.0;0.0;0.0;0.0;0.0;42.0;0.0;0.0;0.0;0.0;11.0;0.0;0.0;0.0;0.0;0.0;0.0;0.0;0.0
Amontada;SANTA CRUZ;-3.45222222222;-39.7768611111;2016;4;105.1;0.0;19.2;10.0;0.0;0.0;0.0;33.0;0.0;5.6;0.0;0.0;11.3;0.0;0.0;0.0;0.0;0.0;0.0;8.0;0.0;0.0;0.0;18.0;0.0;0.0;0.0;0.0;0.0;0.0;0.0;888.0
Amontada;SANTA CRUZ;-3.45222222222;-39.7768611111;2016;5;0.0;0.0;0.0;0.0;0.0;0.0;0.0;0.0;0.0;0.0;0.0;0.0;0.0;0.0;0.0;0.0;0.0;0.0;0.0;0.0;0.0;0.0;0.0;0.0;0.0;0.0;0.0;0.0;0.0;0.0;0.0;0.0
Amontada;SANTA CRUZ;-3.45222222222;-39.7768611111;2016;6;0.0;0.0;0.0;0.0;0.0;0.0;0.0;0.0;0.0;0.0;0.0;0.0;0.0;0.0;0.0;0.0;0.0;0.0;0.0;0.0;0.0;0.0;0.0;0.0;0.0;0.0;0.0;0.0;0.0;0.0;0.0;888.0
Amontada;SANTA CRUZ;-3.45222222222;-39.7768611111;2016;7;0.0;0.0;0.0;0.0;0.0;0.0;0.0;0.0;0.0;0.0;0.0;0.0;0.0;0.0;0.0;0.0;0.0;0.0;0.0;0.0;0.0;0.0;0.0;0.0;0.0;0.0;0.0;0.0;0.0;0.0;0.0;0.0
Amontada;SANTA CRUZ;-3.45222222222;-39.7768611111;2016;8;0.0;0.0;0.0;0.0;0.0;0.0;0.0;0.0;0.0;0.0;0.0;0.0;0.0;0.0;0.0;0.0;0.0;0.0;0.0;0.0;0.0;0.0;0.0;0.0;0.0;0.0;0.0;0.0;0.0;0.0;0.0;0.0
Amontada;SANTA CRUZ;-3.45222222222;-39.7768611111;2016;9;0.0;0.0;0.0;0.0;0.0;0.0;0.0;0.0;0.0;0.0;0.0;0.0;0.0;0.0;0.0;0.0;0.0;0.0;0.0;0.0;0.0;0.0;0.0;0.0;0.0;0.0;0.0;0.0;0.0;0.0;0.0;888.0
Amontada;SANTA CRUZ;-3.45222222222;-39.7768611111;2016;10;0.0;0.0;0.0;0.0;0.0;0.0;0.0;0.0;0.0;0.0;0.0;0.0;0.0;0.0;0.0;0.0;0.0;0.0;0.0;0.0;0.0;0.0;0.0;0.0;0.0;0.0;0.0;0.0;0.0;0.0;0.0;0.0
Amontada;SANTA CRUZ;-3.45222222222;-39.7768611111;2016;11;0.0;0.0;0.0;0.0;0.0;0.0;0.0;0.0;0.0;0.0;0.0;0.0;0.0;0.0;0.0;0.0;0.0;0.0;0.0;0.0;0.0;0.0;0.0;0.0;0.0;0.0;0.0;0.0;0.0;0.0;0.0;888.0
Amontada;SANTA CRUZ;-3.45222222222;-39.7768611111;2016;12;0.0;0.0;0.0;0.0;0.0;0.0;0.0;0.0;0.0;0.0;0.0;0.0;0.0;0.0;0.0;0.0;0.0;0.0;0.0;0.0;0.0;0.0;0.0;0.0;0.0;0.0;0.0;0.0;0.0;0.0;0.0;0.0
Amontada;SANTA CRUZ;-3.45222222222;-39.7768611111;2017;1;0.0;0.0;0.0;0.0;0.0;0.0;0.0;0.0;0.0;0.0;0.0;0.0;0.0;0.0;0.0;0.0;0.0;0.0;0.0;0.0;0.0;0.0;0.0;0.0;0.0;0.0;0.0;0.0;0.0;0.0;0.0;0.0
Amontada;SANTA CRUZ;-3.45222222222;-39.7768611111;2017;2;156.2;0.0;0.0;0.0;0.0;0.0;0.0;0.0;0.0;0.0;25.0;108.0;0.0;0.0;0.0;23.2;0.0;0.0;0.0;0.0;0.0;0.0;0.0;0.0;0.0;0.0;0.0;0.0;0.0;888.0;888.0;888.0
Amontada;SANTA CRUZ;-3.45222222222;-39.7768611111;2017;3;174.2;0.0;6.0;0.0;0.0;0.0;0.0;0.0;0.0;53.0;0.0;6.0;0.0;0.0;22.2;0.0;0.0;0.0;0.0;0.0;0.0;0.0;20.0;11.0;6.0;0.0;0.0;0.0;0.0;0.0;13.0;37.0
Amontada;SANTA CRUZ;-3.45222222222;-39.7768611111;2017;4;84.2;22.2;0.0;0.0;0.0;17.0;0.0;0.0;0.0;0.0;0.0;0.0;0.0;0.0;0.0;0.0;0.0;0.0;0.0;0.0;0.0;0.0;0.0;0.0;22.0;0.0;0.0;0.0;0.0;0.0;23.0;888.0
Amontada;SANTA CRUZ;-3.45222222222;-39.7768611111;2017;5;75.0;0.0;0.0;0.0;12.0;23.0;0.0;0.0;0.0;0.0;0.0;0.0;0.0;0.0;0.0;0.0;0.0;0.0;0.0;0.0;0.0;0.0;0.0;0.0;0.0;0.0;0.0;0.0;0.0;25.0;15.0;0.0
Amontada;SANTA CRUZ;-3.45222222222;-39.7768611111;2017;6;0.0;0.0;0.0;0.0;0.0;0.0;0.0;0.0;0.0;0.0;0.0;0.0;0.0;0.0;0.0;0.0;0.0;0.0;0.0;0.0;0.0;0.0;0.0;0.0;0.0;0.0;0.0;0.0;0.0;0.0;0.0;888.0
Amontada;SANTA CRUZ;-3.45222222222;-39.7768611111;2017;7;0.0;0.0;0.0;0.0;0.0;0.0;0.0;0.0;0.0;0.0;0.0;0.0;0.0;0.0;0.0;0.0;0.0;0.0;0.0;0.0;0.0;0.0;0.0;0.0;0.0;0.0;0.0;0.0;0.0;0.0;0.0;0.0
Amontada;SANTA CRUZ;-3.45222222222;-39.7768611111;2017;8;0.0;0.0;0.0;0.0;0.0;0.0;0.0;0.0;0.0;0.0;0.0;0.0;0.0;0.0;0.0;0.0;0.0;0.0;0.0;0.0;0.0;0.0;0.0;0.0;0.0;0.0;0.0;0.0;0.0;0.0;0.0;0.0
Amontada;SANTA CRUZ;-3.45222222222;-39.7768611111;2017;9;0.0;0.0;0.0;0.0;0.0;0.0;0.0;0.0;999.0;0.0;0.0;0.0;0.0;0.0;0.0;0.0;0.0;0.0;0.0;0.0;0.0;0.0;0.0;0.0;0.0;0.0;0.0;0.0;0.0;0.0;0.0;888.0
Amontada;SANTA CRUZ;-3.45222222222;-39.7768611111;2017;10;0.0;0.0;0.0;0.0;0.0;0.0;0.0;0.0;0.0;0.0;0.0;0.0;0.0;0.0;0.0;0.0;0.0;0.0;0.0;0.0;0.0;0.0;0.0;0.0;0.0;0.0;0.0;0.0;0.0;0.0;0.0;0.0
Amontada;SANTA CRUZ;-3.45222222222;-39.7768611111;2017;11;0.0;0.0;0.0;0.0;0.0;0.0;0.0;0.0;0.0;0.0;0.0;0.0;0.0;0.0;0.0;0.0;0.0;0.0;0.0;0.0;0.0;0.0;0.0;0.0;0.0;0.0;0.0;0.0;0.0;0.0;0.0;888.0
Amontada;SANTA CRUZ;-3.45222222222;-39.7768611111;2017;12;0.0;0.0;0.0;0.0;0.0;0.0;0.0;0.0;0.0;0.0;0.0;0.0;0.0;0.0;0.0;0.0;0.0;0.0;0.0;0.0;0.0;0.0;0.0;0.0;0.0;0.0;0.0;0.0;0.0;0.0;0.0;0.0
Amontada;SANTA CRUZ;-3.45222222222;-39.7768611111;2018;1;41.0;0.0;0.0;0.0;0.0;0.0;0.0;0.0;0.0;0.0;0.0;0.0;0.0;0.0;0.0;0.0;0.0;0.0;0.0;22.0;0.0;0.0;0.0;0.0;0.0;0.0;0.0;19.0;0.0;0.0;0.0;0.0
Amontada;SANTA CRUZ;-3.45222222222;-39.7768611111;2018;2;316.6;0.0;0.0;42.2;0.0;0.0;0.0;0.0;0.0;0.0;0.0;0.0;26.0;12.0;25.0;99.4;0.0;0.0;0.0;40.0;15.0;0.0;0.0;57.0;0.0;0.0;0.0;0.0;0.0;888.0;888.0;888.0
Amontada;SANTA CRUZ;-3.45222222222;-39.7768611111;2018;3;85.0;0.0;0.0;0.0;0.0;0.0;0.0;5.0;0.0;55.0;0.0;0.0;0.0;0.0;0.0;0.0;0.0;0.0;0.0;0.0;0.0;0.0;25.0;0.0;0.0;0.0;0.0;0.0;0.0;0.0;0.0;0.0
Amontada;SANTA CRUZ;-3.45222222222;-39.7768611111;2018;4;110.0;0.0;0.0;0.0;0.0;26.0;0.0;16.0;0.0;0.0;0.0;30.0;28.0;10.0;0.0;0.0;0.0;0.0;0.0;0.0;0.0;0.0;0.0;0.0;0.0;0.0;0.0;0.0;0.0;0.0;0.0;888.0
Amontada;SANTA CRUZ;-3.45222222222;-39.7768611111;2018;5;153.4;0.0;0.0;0.0;0.0;0.0;0.0;0.0;64.0;33.4;29.0;0.0;0.0;0.0;0.0;0.0;0.0;0.0;0.0;0.0;0.0;0.0;0.0;0.0;27.0;0.0;0.0;0.0;0.0;0.0;0.0;0.0
Amontada;SANTA CRUZ;-3.45222222222;-39.7768611111;2018;6;3.0;0.0;0.0;0.0;0.0;0.0;0.0;0.0;0.0;0.0;0.0;0.0;0.0;3.0;0.0;0.0;0.0;0.0;0.0;0.0;0.0;0.0;0.0;0.0;0.0;0.0;0.0;0.0;0.0;0.0;0.0;888.0
Amontada;SANTA CRUZ;-3.45222222222;-39.7768611111;2018;7;45.0;0.0;0.0;0.0;0.0;0.0;0.0;25.0;20.0;0.0;0.0;0.0;0.0;0.0;0.0;0.0;0.0;0.0;0.0;0.0;0.0;0.0;0.0;0.0;0.0;0.0;0.0;0.0;0.0;0.0;0.0;0.0
Amontada;SANTA CRUZ;-3.45222222222;-39.7768611111;2018;8;0.0;0.0;0.0;0.0;0.0;0.0;0.0;0.0;0.0;0.0;0.0;0.0;0.0;0.0;0.0;0.0;0.0;0.0;0.0;0.0;0.0;0.0;0.0;0.0;0.0;0.0;0.0;0.0;0.0;0.0;0.0;0.0
Amontada;SANTA CRUZ;-3.45222222222;-39.7768611111;2018;9;0.0;0.0;0.0;0.0;0.0;0.0;0.0;0.0;0.0;0.0;0.0;0.0;0.0;0.0;0.0;0.0;0.0;0.0;0.0;0.0;0.0;0.0;0.0;0.0;0.0;0.0;0.0;0.0;999.0;999.0;999.0;888.0
