Municipios;Postos;Latitude;Longitude;Anos;Meses;Total;Dia1;Dia2;Dia3;Dia4;Dia5;Dia6;Dia7;Dia8;Dia9;Dia10;Dia11;Dia12;Dia13;Dia14;Dia15;Dia16;Dia17;Dia18;Dia19;Dia20;Dia21;Dia22;Dia23;Dia24;Dia25;Dia26;Dia27;Dia28;Dia29;Dia30;Dia31
Marco;MARCO;-3.12022222222;-40.14625;1980;1;52.0;0.0;0.0;0.0;0.0;0.0;0.0;0.0;0.0;0.0;0.0;0.0;0.0;0.0;0.0;34.2;3.0;0.0;0.0;5.2;5.4;0.0;0.0;4.2;0.0;0.0;0.0;0.0;0.0;0.0;0.0;0.0
Marco;MARCO;-3.12022222222;-40.14625;1980;2;291.6;0.0;0.0;0.0;0.0;0.0;30.2;26.2;0.0;0.0;3.8;0.0;0.0;0.0;7.6;0.0;25.0;0.0;20.0;16.2;40.0;30.0;0.0;16.2;16.0;0.0;34.4;18.0;0.0;8.0;888.0;888.0
Marco;MARCO;-3.12022222222;-40.14625;1980;3;167.6;15.4;0.0;7.8;8.4;0.0;18.2;80.6;0.0;0.0;0.0;0.0;0.0;0.0;0.0;19.2;11.0;0.0;0.0;0.0;0.0;7.0;0.0;0.0;0.0;0.0;0.0;0.0;0.0;0.0;0.0;0.0
Marco;MARCO;-3.12022222222;-40.14625;1980;4;54.0;0.0;0.0;0.0;0.0;0.0;0.0;0.0;0.0;22.0;0.0;6.2;18.4;0.0;0.0;0.0;0.0;0.0;7.4;0.0;0.0;0.0;0.0;0.0;0.0;0.0;0.0;0.0;0.0;0.0;0.0;888.0
Marco;MARCO;-3.12022222222;-40.14625;1980;5;21.6;0.0;0.0;10.2;0.0;0.0;0.0;0.0;0.0;0.0;0.0;0.0;0.0;0.0;0.0;0.0;0.0;0.0;0.0;0.0;0.0;0.0;0.0;0.0;0.0;0.0;7.4;0.0;0.0;0.0;4.0;0.0
Marco;MARCO;-3.12022222222;-40.14625;1980;6;0.0;0.0;0.0;0.0;0.0;0.0;0.0;0.0;0.0;0.0;0.0;0.0;0.0;0.0;0.0;0.0;0.0;0.0;0.0;0.0;0.0;0.0;0.0;0.0;0.0;0.0;0.0;0.0;0.0;0.0;0.0;888.0
Marco;MARCO;-3.12022222222;-40.14625;1980;7;17.4;5.2;9.2;3.0;0.0;0.0;0.0;0.0;0.0;0.0;0.0;0.0;0.0;0.0;0.0;0.0;0.0;0.0;0.0;0.0;0.0;0.0;0.0;0.0;0.0;0.0;0.0;0.0;0.0;0.0;0.0;0.0
Marco;MARCO;-3.12022222222;-40.14625;1980;8;0.0;0.0;0.0;0.0;0.0;0.0;0.0;0.0;0.0;0.0;0.0;0.0;0.0;0.0;0.0;0.0;0.0;0.0;0.0;0.0;0.0;0.0;0.0;0.0;0.0;0.0;0.0;0.0;0.0;0.0;0.0;0.0
Marco;MARCO;-3.12022222222;-40.14625;1980;9;0.0;0.0;0.0;0.0;0.0;0.0;0.0;0.0;0.0;0.0;0.0;0.0;0.0;0.0;0.0;0.0;0.0;0.0;0.0;0.0;0.0;0.0;0.0;0.0;0.0;0.0;0.0;0.0;0.0;0.0;0.0;888.0
Marco;MARCO;-3.12022222222;-40.14625;1980;10;0.0;0.0;0.0;0.0;0.0;0.0;0.0;0.0;0.0;0.0;0.0;0.0;0.0;0.0;0.0;0.0;0.0;0.0;0.0;0.0;0.0;0.0;0.0;0.0;0.0;0.0;0.0;0.0;0.0;0.0;0.0;0.0
Marco;MARCO;-3.12022222222;-40.14625;1980;11;0.0;0.0;0.0;0.0;0.0;0.0;0.0;0.0;0.0;0.0;0.0;0.0;0.0;0.0;0.0;0.0;0.0;0.0;0.0;0.0;0.0;0.0;0.0;0.0;0.0;0.0;0.0;0.0;0.0;0.0;0.0;888.0
Marco;MARCO;-3.12022222222;-40.14625;1980;12;0.0;0.0;0.0;0.0;0.0;0.0;0.0;0.0;0.0;0.0;0.0;0.0;0.0;0.0;0.0;0.0;0.0;0.0;0.0;0.0;0.0;0.0;0.0;0.0;0.0;0.0;0.0;0.0;0.0;0.0;0.0;0.0
Marco;MARCO;-3.12022222222;-40.14625;1981;1;47.2;0.0;5.2;0.0;0.0;0.0;0.0;0.0;0.0;0.0;0.0;4.0;0.0;0.0;0.0;0.0;0.0;0.0;0.0;2.0;0.0;8.6;0.0;0.0;0.0;0.0;3.2;19.0;0.0;5.2;0.0;0.0
Marco;MARCO;-3.12022222222;-40.14625;1981;2;67.8;0.0;0.0;0.0;0.0;0.0;0.0;22.0;0.0;0.0;0.0;0.0;0.0;0.0;26.0;3.8;0.0;0.0;16.0;0.0;0.0;0.0;0.0;0.0;0.0;0.0;0.0;0.0;0.0;888.0;888.0;888.0
Marco;MARCO;-3.12022222222;-40.14625;1981;3;231.2;0.0;0.0;0.0;0.0;0.0;0.0;0.0;0.0;0.0;0.0;0.0;0.0;0.0;34.0;8.2;23.4;5.2;5.0;0.0;0.0;38.2;0.0;0.0;18.4;10.0;32.2;5.0;13.2;20.0;17.2;1.2
Marco;MARCO;-3.12022222222;-40.14625;1981;4;47.0;0.0;30.0;5.0;0.0;0.0;9.0;3.0;0.0;0.0;0.0;0.0;0.0;0.0;0.0;0.0;0.0;0.0;0.0;0.0;0.0;0.0;0.0;0.0;0.0;0.0;0.0;0.0;0.0;0.0;0.0;888.0
Marco;MARCO;-3.12022222222;-40.14625;1981;5;193.0;30.0;25.0;9.2;0.0;0.0;0.0;0.0;0.0;0.0;53.2;0.0;33.0;14.2;0.0;0.0;0.0;20.2;0.0;0.0;0.0;8.2;0.0;0.0;0.0;0.0;0.0;0.0;0.0;0.0;0.0;0.0
Marco;MARCO;-3.12022222222;-40.14625;1981;6;5.8;0.0;0.0;0.0;0.0;0.0;0.0;0.0;5.8;0.0;0.0;0.0;0.0;0.0;0.0;0.0;0.0;0.0;0.0;0.0;0.0;0.0;0.0;0.0;0.0;0.0;0.0;0.0;0.0;0.0;0.0;888.0
Marco;MARCO;-3.12022222222;-40.14625;1981;7;0.0;0.0;0.0;0.0;0.0;0.0;0.0;0.0;0.0;0.0;0.0;0.0;0.0;0.0;0.0;0.0;0.0;0.0;0.0;0.0;0.0;0.0;0.0;0.0;0.0;0.0;0.0;0.0;0.0;0.0;0.0;0.0
Marco;MARCO;-3.12022222222;-40.14625;1981;8;0.0;0.0;0.0;0.0;0.0;0.0;0.0;0.0;0.0;0.0;0.0;0.0;0.0;0.0;0.0;0.0;0.0;0.0;0.0;0.0;0.0;0.0;0.0;0.0;0.0;0.0;0.0;0.0;0.0;0.0;0.0;0.0
Marco;MARCO;-3.12022222222;-40.14625;1981;9;0.0;0.0;0.0;0.0;0.0;0.0;0.0;0.0;0.0;0.0;0.0;0.0;0.0;0.0;0.0;0.0;0.0;0.0;0.0;0.0;0.0;0.0;0.0;0.0;0.0;0.0;0.0;0.0;0.0;0.0;0.0;888.0
Marco;MARCO;-3.12022222222;-40.14625;1981;10;0.0;0.0;0.0;0.0;0.0;0.0;0.0;0.0;0.0;0.0;0.0;0.0;0.0;0.0;0.0;0.0;0.0;0.0;0.0;0.0;0.0;0.0;0.0;0.0;0.0;0.0;0.0;0.0;0.0;0.0;0.0;0.0
Marco;MARCO;-3.12022222222;-40.14625;1981;11;6.2;0.0;0.0;0.0;0.0;0.0;0.0;0.0;0.0;6.2;0.0;0.0;0.0;0.0;0.0;0.0;0.0;0.0;0.0;0.0;0.0;0.0;0.0;0.0;0.0;0.0;0.0;0.0;0.0;0.0;0.0;888.0
Marco;MARCO;-3.12022222222;-40.14625;1981;12;11.4;0.0;0.0;0.0;0.0;0.0;0.0;0.0;0.0;0.0;0.0;0.0;0.0;0.0;0.0;0.0;0.0;0.0;0.0;0.0;0.0;0.0;0.0;0.0;11.4;0.0;0.0;0.0;0.0;0.0;0.0;0.0
Marco;MARCO;-3.12022222222;-40.14625;1982;1;36.4;0.0;0.0;0.0;0.0;0.0;0.0;0.0;0.0;0.0;0.0;0.0;0.0;0.0;0.0;0.0;0.0;0.0;0.0;0.0;0.0;0.0;0.0;9.0;0.0;4.0;0.0;23.4;0.0;0.0;0.0;0.0
Marco;MARCO;-3.12022222222;-40.14625;1982;2;135.8;0.0;45.0;11.2;26.6;0.0;0.0;0.0;0.0;0.0;0.0;0.0;0.0;0.0;7.4;0.0;0.0;0.0;0.0;0.0;11.0;0.0;0.0;0.0;0.0;7.4;0.0;27.2;0.0;888.0;888.0;888.0
Marco;MARCO;-3.12022222222;-40.14625;1982;3;219.7;0.0;0.0;0.0;0.0;25.0;12.7;0.0;21.2;20.0;12.4;54.6;3.2;0.0;0.0;0.0;0.0;0.0;18.0;0.0;0.0;9.4;14.2;0.0;0.0;0.0;0.0;14.4;0.0;0.0;0.0;14.6
Marco;MARCO;-3.12022222222;-40.14625;1982;4;189.4;9.2;13.6;0.0;0.0;0.0;8.6;0.0;0.0;0.0;0.0;15.6;0.0;6.4;0.0;0.0;0.0;15.2;0.0;0.0;0.0;31.4;27.8;0.0;28.2;10.0;5.4;3.6;0.0;0.0;14.4;888.0
Marco;MARCO;-3.12022222222;-40.14625;1982;5;41.4;0.0;0.0;0.0;0.0;0.0;0.0;0.0;0.0;0.0;20.0;0.0;0.0;0.0;0.0;0.0;0.0;0.0;0.0;0.0;0.0;0.0;0.0;0.0;0.0;0.0;0.0;0.0;0.0;21.4;0.0;0.0
Marco;MARCO;-3.12022222222;-40.14625;1982;6;40.0;0.0;0.0;0.0;0.0;0.0;0.0;18.2;0.0;0.0;0.0;0.0;0.0;0.0;0.0;0.0;0.0;0.0;0.0;0.0;0.0;0.0;0.0;0.0;21.8;0.0;0.0;0.0;0.0;0.0;0.0;888.0
Marco;MARCO;-3.12022222222;-40.14625;1982;7;6.0;0.0;0.0;0.0;0.0;0.0;0.0;0.0;0.0;0.0;0.0;0.0;0.0;0.0;0.0;0.0;6.0;0.0;0.0;0.0;0.0;0.0;0.0;0.0;0.0;0.0;0.0;0.0;0.0;0.0;0.0;0.0
Marco;MARCO;-3.12022222222;-40.14625;1982;8;0.0;0.0;0.0;0.0;0.0;0.0;0.0;0.0;0.0;0.0;0.0;0.0;0.0;0.0;0.0;0.0;0.0;0.0;0.0;0.0;0.0;0.0;0.0;0.0;0.0;0.0;0.0;0.0;0.0;0.0;0.0;0.0
Marco;MARCO;-3.12022222222;-40.14625;1982;9;0.0;0.0;0.0;0.0;0.0;0.0;0.0;0.0;0.0;0.0;0.0;0.0;0.0;0.0;0.0;0.0;0.0;0.0;0.0;0.0;0.0;0.0;0.0;0.0;0.0;0.0;0.0;0.0;0.0;0.0;0.0;888.0
Marco;MARCO;-3.12022222222;-40.14625;1982;10;4.6;0.0;0.0;0.0;0.0;0.0;0.0;0.0;0.0;0.0;0.0;0.0;0.0;0.0;0.0;0.0;0.0;0.0;2.2;0.0;0.0;0.0;0.0;0.0;0.0;0.0;0.0;2.4;0.0;0.0;0.0;0.0
Marco;MARCO;-3.12022222222;-40.14625;1982;11;0.0;0.0;0.0;0.0;0.0;0.0;0.0;0.0;0.0;0.0;0.0;0.0;0.0;0.0;0.0;0.0;0.0;0.0;0.0;0.0;0.0;0.0;0.0;0.0;0.0;0.0;0.0;0.0;0.0;0.0;0.0;888.0
Marco;MARCO;-3.12022222222;-40.14625;1982;12;0.0;0.0;0.0;0.0;0.0;0.0;0.0;0.0;0.0;0.0;0.0;0.0;0.0;0.0;0.0;0.0;0.0;0.0;0.0;0.0;0.0;0.0;0.0;0.0;0.0;0.0;0.0;0.0;0.0;0.0;0.0;0.0
Marco;MARCO;-3.12022222222;-40.14625;1983;1;4.0;0.0;0.0;0.0;0.0;0.0;0.0;0.0;0.0;0.0;0.0;0.0;0.0;0.0;0.0;0.0;0.0;0.0;0.0;0.0;0.0;0.0;0.0;0.0;0.0;0.0;0.0;0.0;0.0;0.0;4.0;0.0
Marco;MARCO;-3.12022222222;-40.14625;1983;2;100.4;0.0;0.0;0.0;4.4;0.0;0.0;0.0;32.0;0.0;0.0;0.0;0.0;5.0;55.0;0.0;0.0;0.0;0.0;4.0;0.0;0.0;0.0;0.0;0.0;0.0;0.0;0.0;0.0;888.0;888.0;888.0
Marco;MARCO;-3.12022222222;-40.14625;1983;3;107.2;0.0;0.0;0.0;0.0;0.0;20.0;3.6;0.0;0.0;16.4;2.6;6.0;0.0;0.0;0.0;0.0;5.0;0.0;0.0;0.0;0.0;0.0;0.0;0.0;4.4;21.2;23.0;0.0;5.0;0.0;0.0
Marco;MARCO;-3.12022222222;-40.14625;1983;4;103.0;0.0;0.0;0.0;0.0;0.0;8.2;6.4;23.6;0.0;0.0;0.0;9.0;0.0;0.0;17.2;0.0;0.0;6.0;0.0;0.0;13.6;19.0;0.0;0.0;0.0;0.0;0.0;0.0;0.0;0.0;888.0
Marco;MARCO;-3.12022222222;-40.14625;1983;5;6.2;0.0;0.0;0.0;0.0;0.0;0.0;0.0;0.0;0.0;6.2;0.0;0.0;0.0;0.0;0.0;0.0;0.0;0.0;0.0;0.0;0.0;0.0;0.0;0.0;0.0;0.0;0.0;0.0;0.0;0.0;0.0
Marco;MARCO;-3.12022222222;-40.14625;1983;6;8.0;0.0;0.0;0.0;0.0;0.0;0.0;0.0;0.0;0.0;0.0;0.0;0.0;0.0;8.0;0.0;0.0;0.0;0.0;0.0;0.0;0.0;0.0;0.0;0.0;0.0;0.0;0.0;0.0;0.0;0.0;888.0
Marco;MARCO;-3.12022222222;-40.14625;1983;7;0.0;0.0;0.0;0.0;0.0;0.0;0.0;0.0;0.0;0.0;0.0;0.0;0.0;0.0;0.0;0.0;0.0;0.0;0.0;0.0;0.0;0.0;0.0;0.0;0.0;0.0;0.0;0.0;0.0;0.0;0.0;0.0
Marco;MARCO;-3.12022222222;-40.14625;1983;8;0.0;0.0;0.0;0.0;0.0;0.0;0.0;0.0;0.0;0.0;0.0;0.0;0.0;0.0;0.0;0.0;0.0;0.0;0.0;0.0;0.0;0.0;0.0;0.0;0.0;0.0;0.0;0.0;0.0;0.0;0.0;0.0
Marco;MARCO;-3.12022222222;-40.14625;1983;9;0.0;0.0;0.0;0.0;0.0;0.0;0.0;0.0;0.0;0.0;0.0;0.0;0.0;0.0;0.0;0.0;0.0;0.0;0.0;0.0;0.0;0.0;0.0;0.0;0.0;0.0;0.0;0.0;0.0;0.0;0.0;888.0
Marco;MARCO;-3.12022222222;-40.14625;1983;10;0.0;0.0;0.0;0.0;0.0;0.0;0.0;0.0;0.0;0.0;0.0;0.0;0.0;0.0;0.0;0.0;0.0;0.0;0.0;0.0;0.0;0.0;0.0;0.0;0.0;0.0;0.0;0.0;0.0;0.0;0.0;0.0
Marco;MARCO;-3.12022222222;-40.14625;1983;11;0.0;0.0;0.0;0.0;0.0;0.0;0.0;0.0;0.0;0.0;0.0;0.0;0.0;0.0;0.0;0.0;0.0;0.0;0.0;0.0;0.0;0.0;0.0;0.0;0.0;0.0;0.0;0.0;0.0;0.0;0.0;888.0
Marco;MARCO;-3.12022222222;-40.14625;1983;12;0.0;0.0;0.0;0.0;0.0;0.0;0.0;0.0;0.0;0.0;0.0;0.0;0.0;0.0;0.0;0.0;0.0;0.0;0.0;0.0;0.0;0.0;0.0;0.0;0.0;0.0;0.0;0.0;0.0;0.0;0.0;0.0
Marco;MARCO;-3.12022222222;-40.14625;1984;1;81.4;0.0;0.0;0.0;0.0;0.0;0.0;0.0;0.0;0.0;0.0;0.0;0.0;0.0;0.0;0.0;14.0;0.0;0.0;0.0;10.0;0.0;0.0;0.0;14.0;0.0;0.0;0.0;43.4;0.0;0.0;0.0
Marco;MARCO;-3.12022222222;-40.14625;1984;2;98.4;2.4;0.0;0.0;2.2;2.8;3.6;0.0;0.0;0.0;2.6;0.0;5.2;0.0;10.0;4.0;11.0;0.0;0.0;12.4;5.0;0.0;0.0;19.2;3.0;0.0;0.0;0.0;0.0;15.0;888.0;888.0
Marco;MARCO;-3.12022222222;-40.14625;1984;3;456.4;0.0;29.0;5.0;15.2;14.0;12.0;6.4;3.4;5.2;5.6;8.0;8.0;0.0;53.0;73.0;8.0;3.2;71.0;6.4;24.2;8.0;23.4;0.0;0.0;0.0;26.2;9.0;14.2;0.0;17.0;8.0
Marco;MARCO;-3.12022222222;-40.14625;1984;4;358.7;15.4;6.0;4.4;18.2;36.0;0.0;7.2;50.4;0.0;19.9;0.0;1.6;5.6;23.4;7.0;15.0;4.0;0.0;20.0;12.4;16.2;8.4;0.0;18.2;0.0;9.0;0.0;24.0;14.0;22.4;888.0
Marco;MARCO;-3.12022222222;-40.14625;1984;5;263.8;0.0;0.0;20.2;0.0;0.0;37.0;0.0;0.0;78.0;0.0;30.0;0.0;11.6;25.6;0.0;0.0;0.0;0.0;17.0;11.2;0.0;0.0;18.0;0.0;0.0;3.0;12.2;0.0;0.0;0.0;0.0
Marco;MARCO;-3.12022222222;-40.14625;1984;6;46.0;0.0;0.0;0.0;0.0;10.2;2.6;2.0;3.0;0.0;0.0;0.0;20.2;0.0;0.0;0.0;0.0;0.0;0.0;8.0;0.0;0.0;0.0;0.0;0.0;0.0;0.0;0.0;0.0;0.0;0.0;888.0
Marco;MARCO;-3.12022222222;-40.14625;1984;7;22.9;0.0;0.0;5.6;0.0;0.0;0.0;0.0;0.0;0.0;0.0;0.0;2.5;0.0;0.0;0.0;2.6;0.0;0.0;7.0;0.0;0.0;0.0;0.0;0.0;0.0;0.0;0.0;0.0;0.0;0.0;5.2
Marco;MARCO;-3.12022222222;-40.14625;1984;8;0.0;0.0;0.0;0.0;0.0;0.0;0.0;0.0;0.0;0.0;0.0;0.0;0.0;0.0;0.0;0.0;0.0;0.0;0.0;0.0;0.0;0.0;0.0;0.0;0.0;0.0;0.0;0.0;0.0;0.0;0.0;0.0
Marco;MARCO;-3.12022222222;-40.14625;1984;9;0.0;0.0;0.0;0.0;0.0;0.0;0.0;0.0;0.0;0.0;0.0;0.0;0.0;0.0;0.0;0.0;0.0;0.0;0.0;0.0;0.0;0.0;0.0;0.0;0.0;0.0;0.0;0.0;0.0;0.0;0.0;888.0
Marco;MARCO;-3.12022222222;-40.14625;1984;10;0.0;0.0;0.0;0.0;0.0;0.0;0.0;0.0;0.0;0.0;0.0;0.0;0.0;0.0;0.0;0.0;0.0;0.0;0.0;0.0;0.0;0.0;0.0;0.0;0.0;0.0;0.0;0.0;0.0;0.0;0.0;0.0
Marco;MARCO;-3.12022222222;-40.14625;1984;11;6.0;0.0;0.0;0.0;0.0;0.0;0.0;0.0;0.0;0.0;0.0;0.0;0.0;0.0;0.0;0.0;0.0;6.0;0.0;0.0;0.0;0.0;0.0;0.0;0.0;0.0;0.0;0.0;0.0;0.0;0.0;888.0
Marco;MARCO;-3.12022222222;-40.14625;1984;12;0.0;0.0;0.0;0.0;0.0;0.0;0.0;0.0;0.0;0.0;0.0;0.0;0.0;0.0;0.0;0.0;0.0;0.0;0.0;0.0;0.0;0.0;0.0;0.0;0.0;0.0;0.0;0.0;0.0;0.0;0.0;0.0
Marco;MARCO;-3.12022222222;-40.14625;1985;1;202.4;0.0;6.0;0.0;4.4;0.0;0.0;0.0;10.0;11.2;16.0;0.0;8.0;0.0;0.0;0.0;0.0;3.0;0.0;38.6;4.6;7.0;5.6;11.0;1.0;13.2;4.0;2.0;45.0;10.2;0.0;1.6
Marco;MARCO;-3.12022222222;-40.14625;1985;2;484.2;25.4;8.2;80.2;2.2;2.0;0.0;23.6;0.0;0.0;0.0;43.4;4.4;0.0;31.2;0.0;39.4;10.4;12.2;10.2;5.6;6.0;20.4;12.6;4.4;96.0;3.0;12.0;31.4;888.0;888.0;888.0
Marco;MARCO;-3.12022222222;-40.14625;1985;3;526.4;0.0;31.4;8.4;28.0;0.0;25.2;9.2;7.0;0.0;9.2;7.4;7.2;0.0;8.6;25.2;0.0;88.2;6.6;19.2;0.0;0.0;8.0;7.2;40.4;0.0;0.0;73.0;54.2;33.0;17.8;12.0
Marco;MARCO;-3.12022222222;-40.14625;1985;4;429.4;0.0;27.0;44.0;0.0;0.0;17.6;0.0;12.2;5.4;29.8;65.6;38.0;0.0;0.0;20.0;0.0;0.0;19.6;7.2;5.4;0.0;0.0;34.0;0.0;28.2;0.0;5.2;34.0;36.2;0.0;888.0
Marco;MARCO;-3.12022222222;-40.14625;1985;5;179.8;0.0;0.0;0.0;0.0;9.2;0.0;0.0;33.0;0.0;6.0;0.0;0.0;75.4;0.0;0.0;4.4;10.4;0.0;4.2;6.4;0.0;8.2;0.0;0.0;0.0;0.0;0.0;0.0;17.4;0.0;5.2
Marco;MARCO;-3.12022222222;-40.14625;1985;6;112.8;0.0;0.0;0.0;17.2;9.8;0.0;0.0;0.0;0.0;0.0;0.0;17.2;5.4;26.2;22.4;0.0;0.0;0.0;0.0;0.0;0.0;10.2;4.4;0.0;0.0;0.0;0.0;0.0;0.0;0.0;888.0
Marco;MARCO;-3.12022222222;-40.14625;1985;7;37.4;16.4;0.0;0.0;0.0;0.0;8.0;0.0;0.0;0.0;0.0;0.0;0.0;0.0;0.0;3.4;8.2;0.0;0.0;1.4;0.0;0.0;0.0;0.0;0.0;0.0;0.0;0.0;0.0;0.0;0.0;0.0
Marco;MARCO;-3.12022222222;-40.14625;1985;8;0.0;0.0;0.0;0.0;0.0;0.0;0.0;0.0;0.0;0.0;0.0;0.0;0.0;0.0;0.0;0.0;0.0;0.0;0.0;0.0;0.0;0.0;0.0;0.0;0.0;0.0;0.0;0.0;0.0;0.0;0.0;0.0
Marco;MARCO;-3.12022222222;-40.14625;1985;9;0.0;0.0;0.0;0.0;0.0;0.0;0.0;0.0;0.0;0.0;0.0;0.0;0.0;0.0;0.0;0.0;0.0;0.0;0.0;0.0;0.0;0.0;0.0;0.0;0.0;0.0;0.0;0.0;0.0;0.0;0.0;888.0
Marco;MARCO;-3.12022222222;-40.14625;1985;10;0.0;0.0;0.0;0.0;0.0;0.0;0.0;0.0;0.0;0.0;0.0;0.0;0.0;0.0;0.0;0.0;0.0;0.0;0.0;0.0;0.0;0.0;0.0;0.0;0.0;0.0;0.0;0.0;0.0;0.0;0.0;0.0
Marco;MARCO;-3.12022222222;-40.14625;1985;11;0.0;0.0;0.0;0.0;0.0;0.0;0.0;0.0;0.0;0.0;0.0;0.0;0.0;0.0;0.0;0.0;0.0;0.0;0.0;0.0;0.0;0.0;0.0;0.0;0.0;0.0;0.0;0.0;0.0;0.0;0.0;888.0
Marco;MARCO;-3.12022222222;-40.14625;1985;12;117.6;0.0;0.0;0.0;0.0;0.0;0.0;0.0;0.0;0.0;0.0;0.0;0.0;0.0;0.0;0.0;0.0;5.4;0.0;0.0;0.0;0.0;0.0;1.0;0.0;0.0;7.8;36.0;49.2;0.0;6.0;12.2
Marco;MARCO;-3.12022222222;-40.14625;1986;1;66.4;7.6;2.0;0.0;0.0;2.5;5.5;0.0;0.0;0.0;5.6;1.5;0.0;0.0;0.0;0.0;0.0;0.0;0.0;0.0;0.0;0.0;0.0;3.0;0.0;0.0;0.0;0.0;0.5;14.5;5.5;18.2
Marco;MARCO;-3.12022222222;-40.14625;1986;2;259.2;68.2;22.2;0.0;3.0;0.0;5.6;18.4;2.6;12.2;0.0;0.0;0.0;0.0;1.6;3.0;22.0;18.0;11.2;13.0;1.6;0.0;19.0;0.0;0.0;0.0;2.0;0.0;35.6;888.0;888.0;888.0
Marco;MARCO;-3.12022222222;-40.14625;1986;3;451.9;0.0;0.0;36.4;14.2;54.2;2.0;0.0;4.0;10.2;33.4;5.2;0.0;11.6;34.0;0.0;23.4;2.6;11.2;0.0;8.3;0.0;0.0;30.2;20.0;4.4;45.6;26.6;0.0;4.0;15.2;55.2
Marco;MARCO;-3.12022222222;-40.14625;1986;4;259.7;10.4;3.2;7.4;0.0;0.0;0.0;6.5;4.2;10.3;2.0;6.6;22.0;11.8;32.2;11.4;4.5;0.0;0.0;0.0;0.0;11.1;4.6;17.4;3.6;14.5;0.0;0.0;3.0;10.0;63.0;888.0
Marco;MARCO;-3.12022222222;-40.14625;1986;5;117.6;0.0;14.6;12.0;2.6;0.0;0.0;0.0;0.0;20.0;0.0;0.0;0.0;0.0;0.0;0.0;0.0;0.0;10.0;5.5;0.0;0.0;0.0;10.3;6.4;3.2;12.4;7.4;3.2;0.0;10.0;0.0
Marco;MARCO;-3.12022222222;-40.14625;1986;6;75.2;7.2;13.5;5.4;0.0;2.2;11.2;0.0;0.0;0.0;0.0;2.2;0.0;1.6;8.2;0.0;0.0;0.0;7.5;5.7;0.0;0.0;0.0;0.0;0.0;0.0;9.0;0.0;0.0;0.0;1.5;888.0
Marco;MARCO;-3.12022222222;-40.14625;1986;7;34.0;0.0;7.4;12.0;0.0;0.0;0.0;12.6;0.0;0.0;0.0;0.0;0.0;0.0;2.0;0.0;0.0;0.0;0.0;0.0;0.0;0.0;0.0;0.0;0.0;0.0;0.0;0.0;0.0;0.0;0.0;0.0
Marco;MARCO;-3.12022222222;-40.14625;1986;8;0.0;0.0;0.0;0.0;0.0;0.0;0.0;0.0;0.0;0.0;0.0;0.0;0.0;0.0;0.0;0.0;0.0;0.0;0.0;0.0;0.0;0.0;0.0;0.0;0.0;0.0;0.0;0.0;0.0;0.0;0.0;0.0
Marco;MARCO;-3.12022222222;-40.14625;1986;9;0.0;0.0;0.0;0.0;0.0;0.0;0.0;0.0;0.0;0.0;0.0;0.0;0.0;0.0;0.0;0.0;0.0;0.0;0.0;0.0;0.0;0.0;0.0;0.0;0.0;0.0;0.0;0.0;0.0;0.0;0.0;888.0
Marco;MARCO;-3.12022222222;-40.14625;1986;10;0.0;0.0;0.0;0.0;0.0;0.0;0.0;0.0;0.0;0.0;0.0;0.0;0.0;0.0;0.0;0.0;0.0;0.0;0.0;0.0;0.0;0.0;0.0;0.0;0.0;0.0;0.0;0.0;0.0;0.0;0.0;0.0
Marco;MARCO;-3.12022222222;-40.14625;1986;11;0.0;0.0;0.0;0.0;0.0;0.0;0.0;0.0;0.0;0.0;0.0;0.0;0.0;0.0;0.0;0.0;0.0;0.0;0.0;0.0;0.0;0.0;0.0;0.0;0.0;0.0;0.0;0.0;0.0;0.0;0.0;888.0
Marco;MARCO;-3.12022222222;-40.14625;1986;12;59.0;0.0;0.0;0.0;0.0;0.0;9.0;0.0;0.0;45.0;0.0;0.0;0.0;0.0;0.0;5.0;0.0;0.0;0.0;0.0;0.0;0.0;0.0;0.0;0.0;0.0;0.0;0.0;0.0;0.0;0.0;0.0
Marco;MARCO;-3.12022222222;-40.14625;1987;1;58.2;0.0;0.0;0.0;25.2;0.0;0.0;4.2;0.0;0.0;0.0;0.0;0.0;0.0;0.0;0.0;14.6;0.0;0.0;0.0;3.0;0.0;11.2;0.0;0.0;0.0;0.0;0.0;0.0;0.0;0.0;0.0
Marco;MARCO;-3.12022222222;-40.14625;1987;2;87.5;0.0;0.0;0.0;0.0;0.0;0.0;0.0;0.0;0.0;0.0;0.0;0.0;15.2;24.2;4.0;1.5;6.2;5.4;13.4;0.0;0.0;0.0;14.2;0.0;3.4;0.0;0.0;0.0;888.0;888.0;888.0
Marco;MARCO;-3.12022222222;-40.14625;1987;3;294.0;0.0;0.0;0.0;0.0;13.2;8.6;0.0;17.2;4.6;47.0;0.0;0.0;72.2;3.5;0.0;23.4;0.0;12.0;0.0;9.2;0.0;0.0;0.0;12.3;0.0;13.4;5.3;13.5;7.2;0.0;31.4
Marco;MARCO;-3.12022222222;-40.14625;1987;4;90.6;0.0;16.4;0.0;0.0;0.0;16.8;0.0;3.7;8.2;3.0;0.0;0.0;0.0;0.0;4.5;0.0;14.0;0.0;0.0;0.0;0.0;0.0;0.0;0.0;19.2;2.2;0.0;0.0;0.0;2.6;888.0
Marco;MARCO;-3.12022222222;-40.14625;1987;5;35.4;0.0;0.0;0.0;0.0;7.6;2.0;0.0;0.0;0.0;0.0;0.0;0.0;0.0;0.0;0.0;0.0;0.0;0.0;0.0;0.0;0.0;0.0;0.0;0.0;0.0;0.0;16.2;0.0;9.6;0.0;0.0
Marco;MARCO;-3.12022222222;-40.14625;1987;6;49.1;7.2;0.0;0.0;0.0;0.0;0.0;0.0;6.4;0.0;0.0;6.2;2.5;7.0;0.0;2.2;0.0;0.0;0.0;0.0;14.0;0.0;0.0;0.0;0.0;0.0;0.0;0.0;0.0;3.6;0.0;888.0
Marco;MARCO;-3.12022222222;-40.14625;1987;7;11.2;0.0;0.0;0.0;0.0;0.0;0.0;0.0;0.0;11.2;0.0;0.0;0.0;0.0;0.0;0.0;0.0;0.0;0.0;0.0;0.0;0.0;0.0;0.0;0.0;0.0;0.0;0.0;0.0;0.0;0.0;0.0
Marco;MARCO;-3.12022222222;-40.14625;1987;8;0.0;0.0;0.0;0.0;0.0;0.0;0.0;0.0;0.0;0.0;0.0;0.0;0.0;0.0;0.0;0.0;0.0;0.0;0.0;0.0;0.0;0.0;0.0;0.0;0.0;0.0;0.0;0.0;0.0;0.0;0.0;0.0
Marco;MARCO;-3.12022222222;-40.14625;1987;9;0.0;0.0;0.0;0.0;0.0;0.0;0.0;0.0;0.0;0.0;0.0;0.0;0.0;0.0;0.0;0.0;0.0;0.0;0.0;0.0;0.0;0.0;0.0;0.0;0.0;0.0;0.0;0.0;0.0;0.0;0.0;888.0
Marco;MARCO;-3.12022222222;-40.14625;1987;10;0.0;0.0;0.0;0.0;0.0;0.0;0.0;0.0;0.0;0.0;0.0;0.0;0.0;0.0;0.0;0.0;0.0;0.0;0.0;0.0;0.0;0.0;0.0;0.0;0.0;0.0;0.0;0.0;0.0;0.0;0.0;0.0
Marco;MARCO;-3.12022222222;-40.14625;1987;11;0.0;0.0;0.0;0.0;0.0;0.0;0.0;0.0;0.0;0.0;0.0;0.0;0.0;0.0;0.0;0.0;0.0;0.0;0.0;0.0;0.0;0.0;0.0;0.0;0.0;0.0;0.0;0.0;0.0;0.0;0.0;888.0
Marco;MARCO;-3.12022222222;-40.14625;1987;12;0.0;0.0;0.0;0.0;0.0;0.0;0.0;0.0;0.0;0.0;0.0;0.0;0.0;0.0;0.0;0.0;0.0;0.0;0.0;0.0;0.0;0.0;0.0;0.0;0.0;0.0;0.0;0.0;0.0;0.0;0.0;0.0
Marco;MARCO;-3.12022222222;-40.14625;1988;1;136.9;0.0;0.0;14.2;0.0;0.0;0.0;0.0;0.0;0.0;2.0;0.0;0.0;0.0;7.0;0.0;14.2;0.0;1.5;0.0;3.0;5.2;0.0;13.4;0.0;10.5;10.0;29.0;14.2;6.6;6.1;0.0
Marco;MARCO;-3.12022222222;-40.14625;1988;2;111.5;0.0;0.0;0.0;0.0;0.0;1.4;4.8;0.0;0.0;0.0;5.1;0.0;2.8;0.0;0.0;15.2;0.0;28.0;10.0;2.4;0.0;0.0;0.0;14.2;0.0;15.2;5.4;0.0;7.0;888.0;888.0
Marco;MARCO;-3.12022222222;-40.14625;1988;3;376.2;97.2;0.0;7.0;0.0;0.0;0.0;0.0;0.0;0.0;16.0;19.0;16.0;0.0;12.2;0.0;0.0;7.0;0.0;21.4;75.8;0.0;5.2;10.4;7.8;14.2;3.6;0.0;28.2;0.0;3.8;31.4
Marco;MARCO;-3.12022222222;-40.14625;1988;4;493.6;7.4;9.2;45.4;17.6;0.0;0.0;7.4;30.2;19.2;0.0;28.4;16.2;0.0;16.4;50.2;12.4;0.0;66.2;3.6;10.2;14.2;0.0;9.0;17.2;30.4;30.2;12.0;18.6;17.0;5.0;888.0
Marco;MARCO;-3.12022222222;-40.14625;1988;5;121.6;0.0;21.2;0.0;9.2;0.0;3.0;0.0;0.0;0.0;0.0;0.0;14.4;0.0;0.0;0.0;20.2;1.8;0.0;0.0;0.0;0.0;11.3;13.2;19.5;0.0;0.0;5.2;0.0;0.0;0.0;2.6
Marco;MARCO;-3.12022222222;-40.14625;1988;6;38.6;0.0;2.6;0.0;0.0;0.0;0.0;0.0;0.0;0.0;7.2;0.0;0.0;0.0;0.0;0.0;7.2;5.4;0.0;0.0;0.0;0.0;0.0;7.2;3.4;0.0;0.0;5.6;0.0;0.0;0.0;888.0
Marco;MARCO;-3.12022222222;-40.14625;1988;7;44.3;0.0;0.0;0.0;0.0;0.0;0.0;0.0;0.0;7.4;14.3;0.0;0.0;0.0;0.0;1.2;0.0;0.0;0.0;0.0;0.0;0.0;0.0;0.0;0.0;0.0;21.4;0.0;0.0;0.0;0.0;0.0
Marco;MARCO;-3.12022222222;-40.14625;1988;8;0.0;0.0;0.0;0.0;0.0;0.0;0.0;0.0;0.0;0.0;0.0;0.0;0.0;0.0;0.0;0.0;0.0;0.0;0.0;0.0;0.0;0.0;0.0;0.0;0.0;0.0;0.0;0.0;0.0;0.0;0.0;0.0
Marco;MARCO;-3.12022222222;-40.14625;1988;9;0.0;0.0;0.0;0.0;0.0;0.0;0.0;0.0;0.0;0.0;0.0;0.0;0.0;0.0;0.0;0.0;0.0;0.0;0.0;0.0;0.0;0.0;0.0;0.0;0.0;0.0;0.0;0.0;0.0;0.0;0.0;888.0
Marco;MARCO;-3.12022222222;-40.14625;1988;10;0.0;0.0;0.0;0.0;0.0;0.0;0.0;0.0;0.0;0.0;0.0;0.0;0.0;0.0;0.0;0.0;0.0;0.0;0.0;0.0;0.0;0.0;0.0;0.0;0.0;0.0;0.0;0.0;0.0;0.0;0.0;0.0
Marco;MARCO;-3.12022222222;-40.14625;1988;11;8.2;0.0;0.0;0.0;0.0;0.0;0.0;8.2;0.0;0.0;0.0;0.0;0.0;0.0;0.0;0.0;0.0;0.0;0.0;0.0;0.0;0.0;0.0;0.0;0.0;0.0;0.0;0.0;0.0;0.0;0.0;888.0
Marco;MARCO;-3.12022222222;-40.14625;1988;12;0.0;0.0;0.0;0.0;0.0;0.0;0.0;0.0;0.0;0.0;0.0;0.0;0.0;0.0;0.0;0.0;0.0;0.0;0.0;0.0;0.0;0.0;0.0;0.0;0.0;0.0;0.0;0.0;0.0;0.0;0.0;0.0
Marco;MARCO;-3.12022222222;-40.14625;1989;1;32.7;0.0;2.4;0.0;0.0;0.0;0.0;0.0;0.0;0.0;0.0;0.0;2.2;0.0;0.0;5.4;0.0;0.0;0.0;0.0;0.0;0.0;0.0;0.0;2.5;0.0;15.2;0.0;0.0;5.0;0.0;0.0
Marco;MARCO;-3.12022222222;-40.14625;1989;2;40.8;0.0;0.0;0.0;0.0;0.0;0.0;0.0;0.0;0.0;0.0;0.0;0.0;0.0;0.0;0.0;0.0;0.0;0.0;0.0;5.6;13.2;11.4;0.0;0.0;0.0;6.1;4.5;0.0;888.0;888.0;888.0
Marco;MARCO;-3.12022222222;-40.14625;1989;3;286.3;22.2;5.0;20.2;14.0;0.0;0.0;0.0;0.0;0.0;27.5;0.0;0.0;15.0;0.0;5.2;14.2;38.6;21.2;0.0;36.2;2.4;7.2;5.2;0.0;41.2;5.6;5.4;0.0;0.0;0.0;0.0
Marco;MARCO;-3.12022222222;-40.14625;1989;4;291.2;67.2;0.0;0.0;8.4;16.0;0.0;8.0;8.2;7.0;0.0;16.4;32.2;0.0;0.0;7.0;0.0;4.0;0.0;0.0;0.0;0.0;5.2;0.0;8.4;17.4;1.2;18.4;52.2;0.0;14.0;888.0
Marco;MARCO;-3.12022222222;-40.14625;1989;5;245.7;0.0;5.2;6.5;16.0;8.0;0.0;0.0;0.0;9.6;0.0;11.2;0.0;46.4;14.2;23.2;28.4;5.2;0.0;0.0;0.0;8.4;0.0;5.2;26.0;0.0;25.2;2.4;0.0;4.6;0.0;0.0
Marco;MARCO;-3.12022222222;-40.14625;1989;6;46.6;0.0;0.0;0.0;0.0;0.0;2.0;1.0;0.0;0.0;0.0;7.2;0.0;0.0;3.4;0.0;0.0;0.0;0.0;0.0;0.0;0.0;0.0;0.0;7.6;0.0;0.0;25.4;0.0;0.0;0.0;888.0
Marco;MARCO;-3.12022222222;-40.14625;1989;7;33.0;0.0;0.0;0.0;0.0;0.0;7.2;0.0;0.0;15.4;5.2;0.0;0.0;0.0;0.0;0.0;0.0;0.0;0.0;0.0;0.0;0.0;0.0;0.0;0.0;0.0;5.2;0.0;0.0;0.0;0.0;0.0
Marco;MARCO;-3.12022222222;-40.14625;1989;8;0.0;0.0;0.0;0.0;0.0;0.0;0.0;0.0;0.0;0.0;0.0;0.0;0.0;0.0;0.0;0.0;0.0;0.0;0.0;0.0;0.0;0.0;0.0;0.0;0.0;0.0;0.0;0.0;0.0;0.0;0.0;0.0
Marco;MARCO;-3.12022222222;-40.14625;1989;9;0.0;0.0;0.0;0.0;0.0;0.0;0.0;0.0;0.0;0.0;0.0;0.0;0.0;0.0;0.0;0.0;0.0;0.0;0.0;0.0;0.0;0.0;0.0;0.0;0.0;0.0;0.0;0.0;0.0;0.0;0.0;888.0
Marco;MARCO;-3.12022222222;-40.14625;1989;10;0.0;0.0;0.0;0.0;0.0;0.0;0.0;0.0;0.0;0.0;0.0;0.0;0.0;0.0;0.0;0.0;0.0;0.0;0.0;0.0;0.0;0.0;0.0;0.0;0.0;0.0;0.0;0.0;0.0;0.0;0.0;0.0
Marco;MARCO;-3.12022222222;-40.14625;1989;11;0.0;0.0;0.0;0.0;0.0;0.0;0.0;0.0;0.0;0.0;0.0;0.0;0.0;0.0;0.0;0.0;0.0;0.0;0.0;0.0;0.0;0.0;0.0;0.0;0.0;0.0;0.0;0.0;0.0;0.0;0.0;888.0
Marco;MARCO;-3.12022222222;-40.14625;1989;12;0.0;0.0;0.0;0.0;0.0;0.0;0.0;0.0;0.0;0.0;0.0;0.0;0.0;0.0;0.0;0.0;0.0;0.0;0.0;0.0;0.0;0.0;0.0;0.0;0.0;0.0;0.0;0.0;0.0;0.0;0.0;0.0
Marco;MARCO;-3.12022222222;-40.14625;1990;1;23.0;0.0;0.0;0.0;0.0;0.0;0.0;0.0;0.0;3.2;0.0;0.0;0.0;0.0;0.0;0.0;0.0;0.0;0.0;0.0;0.0;0.0;0.0;12.3;7.5;0.0;0.0;0.0;0.0;0.0;0.0;0.0
Marco;MARCO;-3.12022222222;-40.14625;1990;2;203.3;0.0;0.0;0.0;0.0;0.0;0.0;0.0;0.0;0.0;1.3;0.0;15.0;0.0;0.0;0.0;0.0;13.7;0.0;0.0;1.5;9.5;0.0;94.1;34.3;28.3;0.0;2.5;3.1;888.0;888.0;888.0
Marco;MARCO;-3.12022222222;-40.14625;1990;3;189.3;56.2;0.0;7.4;4.0;0.0;3.2;4.1;0.0;0.0;0.0;0.0;0.0;0.0;31.5;8.1;0.0;0.0;0.0;10.2;0.0;2.0;0.0;0.0;17.0;18.2;21.2;0.0;0.0;0.0;6.2;0.0
Marco;MARCO;-3.12022222222;-40.14625;1990;4;99.2;0.0;0.0;2.4;21.4;5.5;7.0;0.0;0.0;0.0;6.0;0.0;0.0;0.0;0.0;0.0;0.0;0.0;0.0;18.2;0.0;2.1;0.0;0.0;0.0;0.0;0.0;0.0;5.2;31.4;0.0;888.0
Marco;MARCO;-3.12022222222;-40.14625;1990;5;97.4;28.4;21.0;0.0;20.2;6.2;0.0;0.0;0.0;0.0;0.0;0.0;0.0;0.0;0.0;14.1;6.5;0.0;0.0;0.0;0.0;0.0;0.0;0.0;0.0;0.0;0.0;0.0;0.0;1.0;0.0;0.0
Marco;MARCO;-3.12022222222;-40.14625;1990;6;14.6;0.0;0.0;4.2;10.4;0.0;0.0;0.0;0.0;0.0;0.0;0.0;0.0;0.0;0.0;0.0;0.0;0.0;0.0;0.0;0.0;0.0;0.0;0.0;0.0;0.0;0.0;0.0;0.0;0.0;0.0;888.0
Marco;MARCO;-3.12022222222;-40.14625;1990;7;3.4;0.0;0.0;0.0;0.0;0.0;0.0;0.0;0.0;0.0;0.0;0.0;0.0;0.0;0.0;0.0;0.0;0.0;0.0;0.0;0.0;0.0;0.0;0.0;0.0;0.0;3.4;0.0;0.0;0.0;0.0;0.0
Marco;MARCO;-3.12022222222;-40.14625;1990;8;0.0;0.0;0.0;0.0;0.0;0.0;0.0;0.0;0.0;0.0;0.0;0.0;0.0;0.0;0.0;0.0;0.0;0.0;0.0;0.0;0.0;0.0;0.0;0.0;0.0;0.0;0.0;0.0;0.0;0.0;0.0;0.0
Marco;MARCO;-3.12022222222;-40.14625;1990;9;0.0;0.0;0.0;0.0;0.0;0.0;0.0;0.0;0.0;0.0;0.0;0.0;0.0;0.0;0.0;0.0;0.0;0.0;0.0;0.0;0.0;0.0;0.0;0.0;0.0;0.0;0.0;0.0;0.0;0.0;0.0;888.0
Marco;MARCO;-3.12022222222;-40.14625;1990;10;0.0;0.0;0.0;0.0;0.0;0.0;0.0;0.0;0.0;0.0;0.0;0.0;0.0;0.0;0.0;0.0;0.0;0.0;0.0;0.0;0.0;0.0;0.0;0.0;0.0;0.0;0.0;0.0;0.0;0.0;0.0;0.0
Marco;MARCO;-3.12022222222;-40.14625;1990;11;4.2;0.0;0.0;0.0;0.0;0.0;0.0;0.0;0.0;0.0;0.0;0.0;0.0;0.0;0.0;0.0;0.0;0.0;4.2;0.0;0.0;0.0;0.0;0.0;0.0;0.0;0.0;0.0;0.0;0.0;0.0;888.0
Marco;MARCO;-3.12022222222;-40.14625;1990;12;0.0;0.0;0.0;0.0;0.0;0.0;0.0;0.0;0.0;0.0;0.0;0.0;0.0;0.0;0.0;0.0;0.0;0.0;0.0;0.0;0.0;0.0;0.0;0.0;0.0;0.0;0.0;0.0;0.0;0.0;0.0;0.0
Marco;MARCO;-3.12022222222;-40.14625;1991;1;55.3;0.0;0.0;0.0;0.0;0.0;0.0;0.0;0.0;0.0;0.0;0.0;0.0;0.0;0.0;0.0;0.0;0.0;0.0;55.3;0.0;0.0;0.0;0.0;0.0;0.0;0.0;0.0;0.0;0.0;0.0;0.0
Marco;MARCO;-3.12022222222;-40.14625;1991;2;155.4;24.4;27.0;0.0;0.0;9.4;28.0;0.0;2.0;0.0;0.0;0.0;0.0;0.0;0.0;0.0;17.4;0.0;0.0;11.0;4.2;0.0;0.0;0.0;0.0;4.0;28.0;0.0;0.0;888.0;888.0;888.0
Marco;MARCO;-3.12022222222;-40.14625;1991;3;207.2;0.0;0.0;0.0;0.0;0.0;0.0;0.0;24.0;18.2;6.0;0.0;2.0;21.0;0.0;0.0;28.0;11.0;3.0;0.0;18.0;0.0;0.0;2.0;9.0;13.0;0.0;0.0;0.0;17.0;21.0;14.0
Marco;MARCO;-3.12022222222;-40.14625;1991;4;241.0;0.0;0.0;31.0;0.0;0.0;0.0;0.0;0.0;0.0;21.0;0.0;15.4;39.8;21.0;0.0;0.0;43.4;0.0;0.0;0.0;0.0;22.8;0.0;5.0;4.0;0.0;4.6;0.0;0.0;33.0;888.0
Marco;MARCO;-3.12022222222;-40.14625;1991;5;133.0;0.0;20.0;0.0;0.0;18.0;0.0;0.0;5.2;0.0;12.0;0.0;0.0;0.0;0.0;0.0;0.0;0.0;0.0;7.8;0.0;0.0;0.0;30.0;40.0;0.0;0.0;0.0;0.0;0.0;0.0;0.0
Marco;MARCO;-3.12022222222;-40.14625;1991;6;12.0;0.0;0.0;0.0;0.0;0.0;0.0;0.0;0.0;0.0;0.0;0.0;0.0;0.0;0.0;0.0;0.0;0.0;0.0;0.0;0.0;0.0;0.0;0.0;0.0;0.0;0.0;12.0;0.0;0.0;0.0;888.0
Marco;MARCO;-3.12022222222;-40.14625;1991;7;0.0;0.0;0.0;0.0;0.0;0.0;0.0;0.0;0.0;0.0;0.0;0.0;0.0;0.0;0.0;0.0;0.0;0.0;0.0;0.0;0.0;0.0;0.0;0.0;0.0;0.0;0.0;0.0;0.0;0.0;0.0;0.0
Marco;MARCO;-3.12022222222;-40.14625;1991;8;0.0;0.0;0.0;0.0;0.0;0.0;0.0;0.0;0.0;0.0;0.0;0.0;0.0;0.0;0.0;0.0;0.0;0.0;0.0;0.0;0.0;0.0;0.0;0.0;0.0;0.0;0.0;0.0;0.0;0.0;0.0;0.0
Marco;MARCO;-3.12022222222;-40.14625;1991;9;0.0;0.0;0.0;0.0;0.0;0.0;0.0;0.0;0.0;0.0;0.0;0.0;0.0;0.0;0.0;0.0;0.0;0.0;0.0;0.0;0.0;0.0;0.0;0.0;0.0;0.0;0.0;0.0;0.0;0.0;0.0;888.0
Marco;MARCO;-3.12022222222;-40.14625;1991;10;0.0;0.0;0.0;0.0;0.0;0.0;0.0;0.0;0.0;0.0;0.0;0.0;0.0;0.0;0.0;0.0;0.0;0.0;0.0;0.0;0.0;0.0;0.0;0.0;0.0;0.0;0.0;0.0;0.0;0.0;0.0;0.0
Marco;MARCO;-3.12022222222;-40.14625;1991;11;0.0;0.0;0.0;0.0;0.0;0.0;0.0;0.0;0.0;0.0;0.0;0.0;0.0;0.0;0.0;0.0;0.0;0.0;0.0;0.0;0.0;0.0;0.0;0.0;0.0;0.0;0.0;0.0;0.0;0.0;0.0;888.0
Marco;MARCO;-3.12022222222;-40.14625;1991;12;0.0;0.0;0.0;0.0;0.0;0.0;0.0;0.0;0.0;0.0;0.0;0.0;0.0;0.0;0.0;0.0;0.0;0.0;0.0;0.0;0.0;0.0;0.0;0.0;0.0;0.0;0.0;0.0;0.0;0.0;0.0;0.0
Marco;MARCO;-3.12022222222;-40.14625;1992;1;138.9;0.0;0.0;0.0;0.0;0.0;0.0;0.0;0.0;0.0;0.0;0.0;0.0;0.0;0.0;0.0;0.0;0.0;0.0;0.0;0.0;0.0;0.0;0.0;0.0;39.5;1.5;16.4;52.8;15.0;5.0;8.7
Marco;MARCO;-3.12022222222;-40.14625;1992;2;205.4;0.0;0.0;0.0;0.0;0.0;0.0;1.5;0.0;0.0;0.0;5.2;8.6;12.4;0.0;0.0;69.6;0.0;8.0;19.5;2.6;55.6;0.0;8.0;9.5;0.0;1.4;0.0;0.0;3.5;888.0;888.0
Marco;MARCO;-3.12022222222;-40.14625;1992;3;141.1;0.0;2.2;2.5;0.5;4.0;1.2;0.0;3.5;10.4;2.8;0.0;0.3;0.0;0.0;0.0;9.8;1.0;2.0;0.0;0.0;0.0;6.5;0.0;0.0;9.6;1.5;0.0;19.5;49.2;5.1;9.5
Marco;MARCO;-3.12022222222;-40.14625;1992;4;195.5;13.8;0.0;5.5;55.0;23.0;11.0;50.2;4.0;0.0;0.0;0.0;5.2;0.0;0.0;0.0;12.2;0.0;0.0;13.0;1.0;0.0;0.0;0.0;0.0;0.0;0.0;0.0;0.0;0.0;1.6;888.0
Marco;MARCO;-3.12022222222;-40.14625;1992;5;0.0;0.0;0.0;0.0;0.0;0.0;0.0;0.0;0.0;0.0;0.0;0.0;0.0;0.0;0.0;0.0;0.0;0.0;0.0;0.0;0.0;0.0;0.0;0.0;0.0;0.0;0.0;0.0;0.0;0.0;0.0;0.0
Marco;MARCO;-3.12022222222;-40.14625;1992;6;15.2;0.0;3.5;1.2;0.0;1.3;0.0;0.0;0.0;9.2;0.0;0.0;0.0;0.0;0.0;0.0;0.0;0.0;0.0;0.0;0.0;0.0;0.0;0.0;0.0;0.0;0.0;0.0;0.0;0.0;0.0;888.0
Marco;MARCO;-3.12022222222;-40.14625;1992;7;0.0;0.0;0.0;0.0;0.0;0.0;0.0;0.0;0.0;0.0;0.0;0.0;0.0;0.0;0.0;0.0;0.0;0.0;0.0;0.0;0.0;0.0;0.0;0.0;0.0;0.0;0.0;0.0;0.0;0.0;0.0;0.0
Marco;MARCO;-3.12022222222;-40.14625;1992;8;0.0;0.0;0.0;0.0;0.0;0.0;0.0;0.0;0.0;0.0;0.0;0.0;0.0;0.0;0.0;0.0;0.0;0.0;0.0;0.0;0.0;0.0;0.0;0.0;0.0;0.0;0.0;0.0;0.0;0.0;0.0;0.0
Marco;MARCO;-3.12022222222;-40.14625;1992;9;0.0;0.0;0.0;0.0;0.0;0.0;0.0;0.0;0.0;0.0;0.0;0.0;0.0;0.0;0.0;0.0;0.0;0.0;0.0;0.0;0.0;0.0;0.0;0.0;0.0;0.0;0.0;0.0;0.0;0.0;0.0;888.0
Marco;MARCO;-3.12022222222;-40.14625;1992;10;0.0;0.0;0.0;0.0;0.0;0.0;0.0;0.0;0.0;0.0;0.0;0.0;0.0;0.0;0.0;0.0;0.0;0.0;0.0;0.0;0.0;0.0;0.0;0.0;0.0;0.0;0.0;0.0;0.0;0.0;0.0;0.0
Marco;MARCO;-3.12022222222;-40.14625;1992;11;0.0;0.0;0.0;0.0;0.0;0.0;0.0;0.0;0.0;0.0;0.0;0.0;0.0;0.0;0.0;0.0;0.0;0.0;0.0;0.0;0.0;0.0;0.0;0.0;0.0;0.0;0.0;0.0;0.0;0.0;0.0;888.0
Marco;MARCO;-3.12022222222;-40.14625;1992;12;0.0;0.0;0.0;0.0;0.0;0.0;0.0;0.0;0.0;0.0;0.0;0.0;0.0;0.0;0.0;0.0;0.0;0.0;0.0;0.0;0.0;0.0;0.0;0.0;0.0;0.0;0.0;0.0;0.0;0.0;0.0;0.0
Marco;MARCO;-3.12022222222;-40.14625;1993;1;5.5;0.0;0.0;0.0;5.5;0.0;0.0;0.0;0.0;0.0;0.0;0.0;0.0;0.0;0.0;0.0;0.0;0.0;0.0;0.0;0.0;0.0;0.0;0.0;0.0;0.0;0.0;0.0;0.0;0.0;0.0;0.0
Marco;MARCO;-3.12022222222;-40.14625;1993;2;148.6;0.0;0.0;0.0;0.0;0.0;0.0;0.0;0.0;0.0;0.0;0.0;13.0;20.0;20.0;7.6;29.0;0.0;0.0;27.0;0.0;0.0;0.0;2.0;23.0;7.0;0.0;0.0;0.0;888.0;888.0;888.0
Marco;MARCO;-3.12022222222;-40.14625;1993;3;195.1;0.0;30.0;0.0;7.1;0.0;0.0;0.0;0.0;0.0;3.0;0.0;0.0;0.0;0.0;0.0;0.0;19.0;4.0;0.0;19.0;0.0;1.0;1.0;0.0;3.0;0.0;31.0;6.0;71.0;0.0;0.0
Marco;MARCO;-3.12022222222;-40.14625;1993;4;126.4;11.8;6.3;0.0;0.0;6.4;10.8;0.0;14.7;0.0;0.0;0.0;5.0;0.0;0.0;0.0;4.8;3.5;0.0;12.0;10.0;14.1;2.0;0.0;0.0;5.0;3.6;15.0;1.4;0.0;0.0;888.0
Marco;MARCO;-3.12022222222;-40.14625;1993;5;0.0;0.0;0.0;0.0;0.0;0.0;0.0;0.0;0.0;0.0;0.0;0.0;0.0;0.0;0.0;0.0;0.0;0.0;0.0;0.0;0.0;0.0;0.0;0.0;0.0;0.0;0.0;0.0;0.0;0.0;0.0;0.0
Marco;MARCO;-3.12022222222;-40.14625;1993;6;0.0;0.0;0.0;0.0;0.0;0.0;0.0;0.0;0.0;0.0;0.0;0.0;0.0;0.0;0.0;0.0;0.0;0.0;0.0;0.0;0.0;0.0;0.0;0.0;0.0;0.0;0.0;0.0;0.0;0.0;0.0;888.0
Marco;MARCO;-3.12022222222;-40.14625;1993;7;36.0;0.0;0.0;0.0;0.0;0.0;0.0;0.0;0.0;0.0;0.0;36.0;0.0;0.0;0.0;0.0;0.0;0.0;0.0;0.0;0.0;0.0;0.0;0.0;0.0;0.0;0.0;0.0;0.0;0.0;0.0;0.0
Marco;MARCO;-3.12022222222;-40.14625;1993;8;0.0;0.0;0.0;0.0;0.0;0.0;0.0;0.0;0.0;0.0;0.0;0.0;0.0;0.0;0.0;0.0;0.0;0.0;0.0;0.0;0.0;0.0;0.0;0.0;0.0;0.0;0.0;0.0;0.0;0.0;0.0;0.0
Marco;MARCO;-3.12022222222;-40.14625;1993;9;0.0;0.0;0.0;0.0;0.0;0.0;0.0;0.0;0.0;0.0;0.0;0.0;0.0;0.0;0.0;0.0;0.0;0.0;0.0;0.0;0.0;0.0;0.0;0.0;0.0;0.0;0.0;0.0;0.0;0.0;0.0;888.0
Marco;MARCO;-3.12022222222;-40.14625;1993;10;0.0;0.0;0.0;0.0;0.0;0.0;0.0;0.0;0.0;0.0;0.0;0.0;0.0;0.0;0.0;0.0;0.0;0.0;0.0;0.0;0.0;0.0;0.0;0.0;0.0;0.0;0.0;0.0;0.0;0.0;0.0;0.0
Marco;MARCO;-3.12022222222;-40.14625;1993;11;0.0;0.0;0.0;0.0;0.0;0.0;0.0;0.0;0.0;0.0;0.0;0.0;0.0;0.0;0.0;0.0;0.0;0.0;0.0;0.0;0.0;0.0;0.0;0.0;0.0;0.0;0.0;0.0;0.0;0.0;0.0;888.0
Marco;MARCO;-3.12022222222;-40.14625;1993;12;4.0;0.0;0.0;0.0;0.0;0.0;0.0;0.0;0.0;0.0;0.0;0.0;0.0;0.0;0.0;0.0;0.0;0.0;0.0;0.0;0.0;0.0;0.0;0.0;0.0;0.0;0.0;0.0;0.0;4.0;0.0;0.0
Marco;MARCO;-3.12022222222;-40.14625;1994;1;108.5;0.0;23.0;4.0;11.0;13.0;0.0;0.0;0.0;0.0;0.0;5.5;0.0;0.0;0.0;0.0;5.5;0.0;0.0;28.0;0.0;0.0;1.0;0.0;12.5;0.0;0.0;0.0;0.0;0.0;5.0;0.0
Marco;MARCO;-3.12022222222;-40.14625;1994;2;186.0;3.0;0.0;0.0;0.0;0.0;8.0;0.0;6.0;0.0;5.0;3.0;2.0;17.0;6.0;13.0;8.0;7.0;2.0;4.0;14.0;12.0;0.0;0.0;0.0;0.0;0.0;22.0;54.0;888.0;888.0;888.0
Marco;MARCO;-3.12022222222;-40.14625;1994;3;214.0;0.0;3.0;0.0;9.0;24.0;0.5;12.0;0.0;0.0;0.0;4.5;8.5;0.0;0.0;18.5;25.0;12.5;0.0;7.0;6.0;1.5;10.5;15.5;0.0;0.0;4.5;13.5;2.5;12.0;17.0;6.5
Marco;MARCO;-3.12022222222;-40.14625;1994;4;143.8;4.0;4.0;1.1;0.0;11.0;25.4;35.0;1.0;0.0;0.0;0.0;0.0;7.0;0.0;4.0;9.1;0.0;0.0;5.2;0.0;0.0;0.0;0.0;0.0;0.0;0.0;11.0;26.0;0.0;0.0;888.0
Marco;MARCO;-3.12022222222;-40.14625;1994;5;179.1;22.0;0.0;0.0;0.0;0.0;0.0;0.0;0.0;0.0;0.0;5.0;14.0;5.0;35.0;0.0;84.0;0.0;0.0;0.0;8.0;1.1;4.0;1.0;0.0;0.0;0.0;0.0;0.0;0.0;0.0;0.0
Marco;MARCO;-3.12022222222;-40.14625;1994;6;119.4;0.0;0.0;0.0;0.0;0.0;0.0;0.0;0.0;0.0;0.0;0.0;0.0;0.0;47.0;0.0;0.0;0.0;0.0;0.0;0.0;24.0;0.0;0.0;11.2;0.0;0.0;19.0;0.0;6.0;12.2;888.0
Marco;MARCO;-3.12022222222;-40.14625;1994;7;0.0;0.0;0.0;0.0;0.0;0.0;0.0;0.0;0.0;0.0;0.0;0.0;0.0;0.0;0.0;0.0;0.0;0.0;0.0;0.0;0.0;0.0;0.0;0.0;0.0;0.0;0.0;0.0;0.0;0.0;0.0;0.0
Marco;MARCO;-3.12022222222;-40.14625;1994;8;0.0;0.0;0.0;0.0;0.0;0.0;0.0;0.0;0.0;0.0;0.0;0.0;0.0;0.0;0.0;0.0;0.0;0.0;0.0;0.0;0.0;0.0;0.0;0.0;0.0;0.0;0.0;0.0;0.0;0.0;0.0;0.0
Marco;MARCO;-3.12022222222;-40.14625;1994;9;0.0;0.0;0.0;0.0;0.0;0.0;0.0;0.0;0.0;0.0;0.0;0.0;0.0;0.0;0.0;0.0;0.0;0.0;0.0;0.0;0.0;0.0;0.0;0.0;0.0;0.0;0.0;0.0;0.0;0.0;0.0;888.0
Marco;MARCO;-3.12022222222;-40.14625;1994;10;0.0;0.0;0.0;0.0;0.0;0.0;0.0;0.0;0.0;0.0;0.0;0.0;0.0;0.0;0.0;0.0;0.0;0.0;0.0;0.0;0.0;0.0;0.0;0.0;0.0;0.0;0.0;0.0;0.0;0.0;0.0;0.0
Marco;MARCO;-3.12022222222;-40.14625;1994;11;0.0;0.0;0.0;0.0;0.0;0.0;0.0;0.0;0.0;0.0;0.0;0.0;0.0;0.0;0.0;0.0;0.0;0.0;0.0;0.0;0.0;0.0;0.0;0.0;0.0;0.0;0.0;0.0;0.0;0.0;0.0;888.0
Marco;MARCO;-3.12022222222;-40.14625;1994;12;0.0;0.0;0.0;0.0;0.0;0.0;0.0;0.0;0.0;0.0;0.0;0.0;0.0;0.0;0.0;0.0;0.0;0.0;0.0;0.0;0.0;0.0;0.0;0.0;0.0;0.0;0.0;0.0;0.0;0.0;0.0;0.0
Marco;MARCO;-3.12022222222;-40.14625;1995;1;46.8;0.0;0.0;0.0;2.4;3.0;0.0;0.0;0.0;0.0;0.0;9.4;0.0;0.0;6.5;0.0;0.0;0.0;0.0;4.0;0.0;0.0;0.0;2.5;0.0;0.0;6.0;0.0;0.0;13.0;0.0;0.0
Marco;MARCO;-3.12022222222;-40.14625;1995;2;158.0;0.0;0.0;0.0;32.0;0.0;10.0;0.0;22.0;0.0;0.0;0.0;12.0;0.0;11.0;0.0;9.0;0.0;0.0;11.0;16.0;8.0;0.0;0.0;0.0;9.0;0.0;18.0;0.0;888.0;888.0;888.0
Marco;MARCO;-3.12022222222;-40.14625;1995;3;186.0;0.0;0.0;10.0;0.0;0.0;0.0;43.0;0.0;0.0;0.0;0.0;0.0;0.0;0.0;45.0;0.0;0.0;6.0;0.0;0.0;9.0;5.0;0.0;6.0;11.0;41.0;0.0;0.0;0.0;10.0;0.0
Marco;MARCO;-3.12022222222;-40.14625;1995;4;325.5;0.0;0.0;0.0;0.0;45.0;31.0;25.0;0.0;19.0;0.0;3.5;15.3;5.0;7.8;0.0;0.0;5.4;9.0;0.0;88.0;10.2;27.8;0.0;0.0;2.0;0.0;6.3;0.0;21.2;4.0;888.0
Marco;MARCO;-3.12022222222;-40.14625;1995;5;216.9;21.6;7.4;0.0;10.0;0.0;0.0;27.5;0.0;15.8;6.7;0.0;0.0;8.0;0.0;0.0;4.2;0.0;32.8;0.0;5.6;0.0;0.0;14.3;11.0;0.0;28.0;0.0;9.0;0.0;15.0;0.0
Marco;MARCO;-3.12022222222;-40.14625;1995;6;16.0;0.0;0.0;0.0;0.0;0.0;0.0;0.0;0.0;0.0;0.0;0.0;0.0;0.0;0.0;0.0;0.0;0.0;0.0;0.0;10.2;3.8;0.0;0.0;0.0;0.0;0.0;2.0;0.0;0.0;0.0;888.0
Marco;MARCO;-3.12022222222;-40.14625;1995;7;4.0;0.0;0.0;0.0;0.0;0.0;0.0;0.0;0.0;0.0;1.8;0.0;0.0;0.0;0.0;0.0;0.0;0.0;0.0;0.0;0.0;1.0;0.0;0.0;0.0;0.0;1.2;0.0;0.0;0.0;0.0;0.0
Marco;MARCO;-3.12022222222;-40.14625;1995;8;0.0;0.0;0.0;0.0;0.0;0.0;0.0;0.0;0.0;0.0;0.0;0.0;0.0;0.0;0.0;0.0;0.0;0.0;0.0;0.0;0.0;0.0;0.0;0.0;0.0;0.0;0.0;0.0;0.0;0.0;0.0;0.0
Marco;MARCO;-3.12022222222;-40.14625;1995;9;0.0;0.0;0.0;0.0;0.0;0.0;0.0;0.0;0.0;0.0;0.0;0.0;0.0;0.0;0.0;0.0;0.0;0.0;0.0;0.0;0.0;0.0;0.0;0.0;0.0;0.0;0.0;0.0;0.0;0.0;0.0;888.0
Marco;MARCO;-3.12022222222;-40.14625;1995;10;0.0;0.0;0.0;0.0;0.0;0.0;0.0;0.0;0.0;0.0;0.0;0.0;0.0;0.0;0.0;0.0;0.0;0.0;0.0;0.0;0.0;0.0;0.0;0.0;0.0;0.0;0.0;0.0;0.0;0.0;0.0;0.0
Marco;MARCO;-3.12022222222;-40.14625;1995;11;0.0;0.0;0.0;0.0;0.0;0.0;0.0;0.0;0.0;0.0;0.0;0.0;0.0;0.0;0.0;0.0;0.0;0.0;0.0;0.0;0.0;0.0;0.0;0.0;0.0;0.0;0.0;0.0;0.0;0.0;0.0;888.0
Marco;MARCO;-3.12022222222;-40.14625;1995;12;0.0;0.0;0.0;0.0;0.0;0.0;0.0;0.0;0.0;0.0;0.0;0.0;0.0;0.0;0.0;0.0;0.0;0.0;0.0;0.0;0.0;0.0;0.0;0.0;0.0;0.0;0.0;0.0;0.0;0.0;0.0;0.0
Marco;MARCO;-3.12022222222;-40.14625;1996;1;121.5;0.0;0.0;0.0;0.0;0.0;4.0;0.0;0.0;0.0;0.0;0.0;0.0;0.0;13.0;0.0;0.0;21.0;0.5;2.0;0.0;0.0;57.0;0.0;6.0;0.0;10.0;0.0;0.0;0.0;0.0;8.0
Marco;MARCO;-3.12022222222;-40.14625;1996;2;120.0;6.0;15.0;0.0;0.0;0.0;0.0;0.0;0.0;0.0;0.0;0.0;0.0;0.0;0.0;0.0;0.0;0.0;2.0;0.0;53.0;0.0;0.0;0.0;0.0;43.0;0.0;1.0;0.0;0.0;888.0;888.0
Marco;MARCO;-3.12022222222;-40.14625;1996;3;356.4;2.0;0.0;6.5;1.5;12.0;3.0;9.0;24.0;0.0;6.0;101.0;25.0;4.5;2.2;3.1;0.0;28.0;9.0;0.0;0.0;27.0;0.0;0.0;25.0;0.0;0.0;13.3;19.0;3.3;32.0;0.0
Marco;MARCO;-3.12022222222;-40.14625;1996;4;355.8;0.0;20.2;0.0;0.0;0.0;29.0;0.0;0.0;4.7;7.0;7.2;0.0;0.0;44.2;55.0;0.0;0.0;0.0;47.0;28.2;9.2;0.0;50.0;19.0;0.0;0.0;30.3;0.0;0.0;4.8;888.0
Marco;MARCO;-3.12022222222;-40.14625;1996;5;137.5;29.8;4.0;3.0;0.0;0.0;3.3;2.2;0.0;6.0;18.2;19.0;0.0;0.0;0.0;0.0;0.0;11.0;0.0;16.0;0.0;0.0;0.0;0.0;0.0;0.0;0.0;0.0;15.0;10.0;0.0;0.0
Marco;MARCO;-3.12022222222;-40.14625;1996;6;0.0;0.0;0.0;0.0;0.0;0.0;0.0;0.0;0.0;0.0;0.0;0.0;0.0;0.0;0.0;0.0;0.0;0.0;0.0;0.0;0.0;0.0;0.0;0.0;0.0;0.0;0.0;0.0;0.0;0.0;0.0;888.0
Marco;MARCO;-3.12022222222;-40.14625;1996;7;0.0;0.0;0.0;0.0;0.0;0.0;0.0;0.0;0.0;0.0;0.0;0.0;0.0;0.0;0.0;0.0;0.0;0.0;0.0;0.0;0.0;0.0;0.0;0.0;0.0;0.0;0.0;0.0;0.0;0.0;0.0;0.0
Marco;MARCO;-3.12022222222;-40.14625;1996;8;0.0;0.0;0.0;0.0;0.0;0.0;0.0;0.0;0.0;0.0;0.0;0.0;0.0;0.0;0.0;0.0;0.0;0.0;0.0;0.0;0.0;0.0;0.0;0.0;0.0;0.0;0.0;0.0;0.0;0.0;0.0;0.0
Marco;MARCO;-3.12022222222;-40.14625;1996;9;0.0;0.0;0.0;0.0;0.0;0.0;0.0;0.0;0.0;0.0;0.0;0.0;0.0;0.0;0.0;0.0;0.0;0.0;0.0;0.0;0.0;0.0;0.0;0.0;0.0;0.0;0.0;0.0;0.0;0.0;0.0;888.0
Marco;MARCO;-3.12022222222;-40.14625;1996;10;0.0;0.0;0.0;0.0;0.0;0.0;0.0;0.0;0.0;0.0;0.0;0.0;0.0;0.0;0.0;0.0;0.0;0.0;0.0;0.0;0.0;0.0;0.0;0.0;0.0;0.0;0.0;0.0;0.0;0.0;0.0;0.0
Marco;MARCO;-3.12022222222;-40.14625;1996;11;0.0;0.0;0.0;0.0;0.0;0.0;0.0;0.0;0.0;0.0;0.0;0.0;0.0;0.0;0.0;0.0;0.0;0.0;0.0;0.0;0.0;0.0;0.0;0.0;0.0;0.0;0.0;0.0;0.0;0.0;0.0;888.0
Marco;MARCO;-3.12022222222;-40.14625;1996;12;0.0;0.0;0.0;0.0;0.0;0.0;0.0;0.0;0.0;0.0;0.0;0.0;0.0;0.0;0.0;0.0;0.0;0.0;0.0;0.0;0.0;0.0;0.0;0.0;0.0;0.0;0.0;0.0;0.0;0.0;0.0;0.0
Marco;MARCO;-3.12022222222;-40.14625;1997;1;16.0;0.0;0.0;0.0;0.0;0.0;0.0;0.0;0.0;0.0;0.0;0.0;0.0;0.0;0.0;0.0;0.0;0.0;0.0;0.0;0.0;0.0;0.0;0.0;0.0;16.0;0.0;0.0;0.0;0.0;0.0;0.0
Marco;MARCO;-3.12022222222;-40.14625;1997;2;4.9;0.0;0.0;0.0;0.0;0.0;0.0;0.0;0.0;0.0;3.4;0.0;0.0;0.0;0.0;0.0;0.0;0.0;0.0;0.0;1.5;0.0;0.0;0.0;0.0;0.0;0.0;0.0;0.0;888.0;888.0;888.0
Marco;MARCO;-3.12022222222;-40.14625;1997;3;166.0;0.0;0.0;4.0;0.0;0.0;0.0;0.0;0.0;0.0;0.0;0.0;0.0;0.0;0.0;0.0;0.0;0.0;0.0;0.0;0.0;0.0;0.0;50.0;0.0;19.0;4.0;4.0;45.0;40.0;0.0;0.0
Marco;MARCO;-3.12022222222;-40.14625;1997;4;21.0;0.0;0.0;0.0;0.0;0.0;0.0;0.0;0.0;0.0;0.0;0.0;0.0;0.0;0.0;0.0;0.0;0.0;0.0;0.0;0.0;0.0;0.0;0.0;0.0;0.0;0.0;0.0;0.0;1.0;20.0;888.0
Marco;MARCO;-3.12022222222;-40.14625;1997;5;77.1;1.5;0.0;0.0;30.0;3.0;0.0;29.6;0.0;0.0;0.0;13.0;0.0;0.0;0.0;0.0;0.0;0.0;0.0;0.0;0.0;0.0;0.0;0.0;0.0;0.0;0.0;0.0;0.0;0.0;0.0;0.0
Marco;MARCO;-3.12022222222;-40.14625;1997;6;0.0;0.0;0.0;0.0;0.0;0.0;0.0;0.0;0.0;0.0;0.0;0.0;0.0;0.0;0.0;0.0;0.0;0.0;0.0;0.0;0.0;0.0;0.0;0.0;0.0;0.0;0.0;0.0;0.0;0.0;0.0;888.0
Marco;MARCO;-3.12022222222;-40.14625;1997;7;0.0;0.0;0.0;0.0;0.0;0.0;0.0;0.0;0.0;0.0;0.0;0.0;0.0;0.0;0.0;0.0;0.0;0.0;0.0;0.0;0.0;0.0;0.0;0.0;0.0;0.0;0.0;0.0;0.0;0.0;0.0;0.0
Marco;MARCO;-3.12022222222;-40.14625;1997;8;0.0;0.0;0.0;0.0;0.0;0.0;0.0;0.0;0.0;0.0;0.0;0.0;0.0;0.0;0.0;0.0;0.0;0.0;0.0;0.0;0.0;0.0;0.0;0.0;0.0;0.0;0.0;0.0;0.0;0.0;0.0;0.0
Marco;MARCO;-3.12022222222;-40.14625;1997;9;0.0;0.0;0.0;0.0;0.0;0.0;0.0;0.0;0.0;0.0;0.0;0.0;0.0;0.0;0.0;0.0;0.0;0.0;0.0;0.0;0.0;0.0;0.0;0.0;0.0;0.0;0.0;0.0;0.0;0.0;0.0;888.0
Marco;MARCO;-3.12022222222;-40.14625;1997;10;0.0;0.0;0.0;0.0;0.0;0.0;0.0;0.0;0.0;0.0;0.0;0.0;0.0;0.0;0.0;0.0;0.0;0.0;0.0;0.0;0.0;0.0;0.0;0.0;0.0;0.0;0.0;0.0;0.0;0.0;0.0;0.0
Marco;MARCO;-3.12022222222;-40.14625;1997;11;0.0;0.0;0.0;0.0;0.0;0.0;0.0;0.0;0.0;0.0;0.0;0.0;0.0;0.0;0.0;0.0;0.0;0.0;0.0;0.0;0.0;0.0;0.0;0.0;0.0;0.0;0.0;0.0;0.0;0.0;0.0;888.0
Marco;MARCO;-3.12022222222;-40.14625;1997;12;0.0;0.0;0.0;0.0;0.0;0.0;0.0;0.0;0.0;0.0;0.0;0.0;0.0;0.0;0.0;0.0;0.0;0.0;0.0;0.0;0.0;0.0;0.0;0.0;0.0;0.0;0.0;0.0;0.0;0.0;0.0;0.0
Marco;MARCO;-3.12022222222;-40.14625;1998;1;107.0;0.0;0.0;0.0;0.0;0.0;0.0;0.0;0.0;0.0;0.0;0.0;55.0;0.0;0.0;4.0;0.0;0.0;0.0;0.0;0.0;0.0;13.0;3.0;0.0;2.0;2.0;10.0;0.0;11.0;5.0;2.0
Marco;MARCO;-3.12022222222;-40.14625;1998;2;72.0;0.0;0.0;0.0;0.0;0.0;0.0;0.0;0.0;0.0;0.0;0.0;0.0;0.0;0.0;0.0;0.0;0.0;0.0;53.0;3.0;0.0;0.0;16.0;0.0;0.0;0.0;0.0;0.0;888.0;888.0;888.0
Marco;MARCO;-3.12022222222;-40.14625;1998;3;141.2;16.0;0.0;0.0;22.0;0.0;0.0;0.0;0.0;0.0;0.0;12.0;0.0;0.0;2.0;0.0;12.0;0.0;7.0;4.0;11.0;0.0;11.0;12.2;12.0;0.0;20.0;0.0;0.0;0.0;0.0;0.0
Marco;MARCO;-3.12022222222;-40.14625;1998;4;63.0;21.0;0.0;15.0;0.0;0.0;0.0;0.0;12.0;0.0;0.0;0.0;0.0;0.0;0.0;0.0;0.0;0.0;0.0;0.0;0.0;0.0;0.0;0.0;0.0;0.0;0.0;15.0;0.0;0.0;0.0;888.0
Marco;MARCO;-3.12022222222;-40.14625;1998;5;9.0;0.0;0.0;0.0;0.0;0.0;0.0;0.0;9.0;0.0;0.0;0.0;0.0;0.0;0.0;0.0;0.0;0.0;0.0;0.0;0.0;0.0;0.0;0.0;0.0;0.0;0.0;0.0;0.0;0.0;0.0;0.0
Marco;MARCO;-3.12022222222;-40.14625;1998;6;0.0;0.0;0.0;0.0;0.0;0.0;0.0;0.0;0.0;0.0;0.0;0.0;0.0;0.0;0.0;0.0;0.0;0.0;0.0;0.0;0.0;0.0;0.0;0.0;0.0;0.0;0.0;0.0;0.0;0.0;0.0;888.0
Marco;MARCO;-3.12022222222;-40.14625;1998;7;0.0;0.0;0.0;0.0;0.0;0.0;0.0;0.0;0.0;0.0;0.0;0.0;0.0;0.0;0.0;0.0;0.0;0.0;0.0;0.0;0.0;0.0;0.0;0.0;0.0;0.0;0.0;0.0;0.0;0.0;0.0;0.0
Marco;MARCO;-3.12022222222;-40.14625;1998;8;0.0;0.0;0.0;0.0;0.0;0.0;0.0;0.0;0.0;0.0;0.0;0.0;0.0;0.0;0.0;0.0;0.0;0.0;0.0;0.0;0.0;0.0;0.0;0.0;0.0;0.0;0.0;0.0;0.0;0.0;0.0;0.0
Marco;MARCO;-3.12022222222;-40.14625;1998;9;0.0;0.0;0.0;0.0;0.0;0.0;0.0;0.0;0.0;0.0;0.0;0.0;0.0;0.0;0.0;0.0;0.0;0.0;0.0;0.0;0.0;0.0;0.0;0.0;0.0;0.0;0.0;0.0;0.0;0.0;0.0;888.0
Marco;MARCO;-3.12022222222;-40.14625;1998;10;0.0;0.0;0.0;0.0;0.0;0.0;0.0;0.0;0.0;0.0;0.0;0.0;0.0;0.0;0.0;0.0;0.0;0.0;0.0;0.0;0.0;0.0;0.0;0.0;0.0;0.0;0.0;0.0;0.0;0.0;0.0;0.0
Marco;MARCO;-3.12022222222;-40.14625;1998;11;0.0;0.0;0.0;0.0;0.0;0.0;0.0;0.0;0.0;0.0;0.0;0.0;0.0;0.0;0.0;0.0;0.0;0.0;0.0;0.0;0.0;0.0;0.0;0.0;0.0;0.0;0.0;0.0;0.0;0.0;0.0;888.0
Marco;MARCO;-3.12022222222;-40.14625;1998;12;0.0;0.0;0.0;0.0;0.0;0.0;0.0;0.0;0.0;0.0;0.0;0.0;0.0;0.0;0.0;0.0;0.0;0.0;0.0;0.0;0.0;0.0;0.0;0.0;0.0;0.0;0.0;0.0;0.0;0.0;0.0;0.0
Marco;MARCO;-3.12022222222;-40.14625;1999;1;18.0;0.0;0.0;0.0;0.0;0.0;0.0;0.0;0.0;0.0;0.0;0.0;0.0;0.0;0.0;0.0;0.0;0.0;0.0;0.0;0.0;0.0;14.0;0.0;0.0;0.0;0.0;0.0;0.0;4.0;0.0;0.0
Marco;MARCO;-3.12022222222;-40.14625;1999;2;143.0;0.0;0.0;0.0;4.0;13.0;2.0;0.0;3.0;0.0;0.0;0.0;1.0;0.0;0.0;0.0;0.0;0.0;13.0;4.0;0.0;0.0;12.0;5.0;17.0;17.0;8.0;17.0;27.0;888.0;888.0;888.0
Marco;MARCO;-3.12022222222;-40.14625;1999;3;394.7;5.0;19.0;3.2;26.0;4.0;26.0;0.0;16.0;6.5;0.0;0.0;8.0;32.0;0.0;20.0;0.0;4.0;2.0;6.0;1.0;6.0;0.0;70.0;11.0;22.0;33.0;12.0;30.0;0.0;28.0;4.0
Marco;MARCO;-3.12022222222;-40.14625;1999;4;138.0;0.0;0.0;2.0;12.0;10.0;3.0;0.0;0.0;0.0;0.0;0.0;0.0;18.0;24.0;0.0;10.0;8.0;0.0;0.0;5.0;0.0;3.0;0.0;0.0;1.0;4.0;0.0;0.0;12.0;26.0;888.0
Marco;MARCO;-3.12022222222;-40.14625;1999;5;197.1;7.2;48.0;11.8;8.0;0.0;5.0;0.0;0.0;2.1;0.0;0.0;12.0;0.0;8.0;8.3;0.0;9.7;30.0;0.0;0.0;0.0;3.0;4.0;1.0;0.0;0.0;0.0;30.0;0.0;0.0;9.0
Marco;MARCO;-3.12022222222;-40.14625;1999;6;83.1;0.0;0.0;0.0;0.0;83.1;0.0;0.0;0.0;0.0;0.0;0.0;0.0;0.0;0.0;0.0;0.0;0.0;0.0;0.0;0.0;0.0;0.0;0.0;0.0;0.0;0.0;0.0;0.0;0.0;0.0;888.0
Marco;MARCO;-3.12022222222;-40.14625;1999;7;21.0;0.0;0.0;0.0;0.0;0.0;0.0;0.0;0.0;0.0;0.0;0.0;0.0;0.0;0.0;0.0;0.0;0.0;0.0;21.0;0.0;0.0;0.0;0.0;0.0;0.0;0.0;0.0;0.0;0.0;0.0;0.0
Marco;MARCO;-3.12022222222;-40.14625;1999;8;0.0;0.0;0.0;0.0;0.0;0.0;0.0;0.0;0.0;0.0;0.0;0.0;0.0;0.0;0.0;0.0;0.0;0.0;0.0;0.0;0.0;0.0;0.0;0.0;0.0;0.0;0.0;0.0;0.0;0.0;0.0;0.0
Marco;MARCO;-3.12022222222;-40.14625;1999;9;0.0;0.0;0.0;0.0;0.0;0.0;0.0;0.0;0.0;0.0;0.0;0.0;0.0;0.0;0.0;0.0;0.0;0.0;0.0;0.0;0.0;0.0;0.0;0.0;0.0;0.0;0.0;0.0;0.0;0.0;0.0;888.0
Marco;MARCO;-3.12022222222;-40.14625;1999;10;0.0;0.0;0.0;0.0;0.0;0.0;0.0;0.0;0.0;0.0;0.0;0.0;0.0;0.0;0.0;0.0;0.0;0.0;0.0;0.0;0.0;0.0;0.0;0.0;0.0;0.0;0.0;0.0;0.0;0.0;0.0;0.0
Marco;MARCO;-3.12022222222;-40.14625;1999;11;0.0;0.0;0.0;0.0;0.0;0.0;0.0;0.0;0.0;0.0;0.0;0.0;0.0;0.0;0.0;0.0;0.0;0.0;0.0;0.0;0.0;0.0;0.0;0.0;0.0;0.0;0.0;0.0;0.0;0.0;0.0;888.0
Marco;MARCO;-3.12022222222;-40.14625;1999;12;8.6;0.0;0.0;0.0;0.0;0.0;0.0;0.0;0.0;0.0;0.0;0.0;0.0;0.0;0.0;0.0;0.0;0.0;0.0;0.0;0.0;0.0;0.0;0.0;0.0;0.0;0.0;0.0;8.6;0.0;0.0;0.0
Marco;MARCO;-3.12022222222;-40.14625;2000;1;235.0;0.0;0.0;0.0;15.0;25.0;12.0;14.0;12.0;9.0;15.0;0.0;0.0;0.0;0.0;0.0;10.0;50.0;35.0;0.0;0.0;10.0;19.6;8.4;0.0;0.0;0.0;0.0;0.0;0.0;0.0;0.0
Marco;MARCO;-3.12022222222;-40.14625;2000;2;257.8;10.0;0.0;0.0;0.0;0.0;0.0;0.0;56.0;9.0;0.0;0.0;15.6;13.4;0.0;40.0;20.3;0.0;0.0;8.2;15.2;0.0;0.0;15.0;18.9;4.9;3.3;23.2;4.8;0.0;888.0;888.0
Marco;MARCO;-3.12022222222;-40.14625;2000;3;164.8;0.0;32.9;9.0;9.3;0.0;0.0;0.0;0.0;6.7;0.0;10.3;0.0;0.0;0.0;0.0;0.0;0.0;0.0;0.0;0.0;0.0;0.0;8.5;8.2;13.3;0.0;0.0;36.3;30.3;0.0;0.0
Marco;MARCO;-3.12022222222;-40.14625;2000;4;269.4;21.3;5.2;0.0;0.0;3.1;4.5;2.8;0.0;28.6;9.8;0.0;0.0;25.8;67.3;0.0;0.0;5.0;3.7;0.0;16.1;21.2;0.0;0.0;9.8;14.2;4.0;0.0;9.9;8.6;8.5;888.0
Marco;MARCO;-3.12022222222;-40.14625;2000;5;14.0;0.0;0.0;0.0;0.0;0.0;0.0;0.0;0.0;0.0;0.0;0.0;0.0;10.0;0.0;0.0;0.0;0.0;0.0;4.0;0.0;0.0;0.0;0.0;0.0;0.0;0.0;0.0;0.0;0.0;0.0;0.0
Marco;MARCO;-3.12022222222;-40.14625;2000;6;35.0;35.0;0.0;0.0;0.0;0.0;0.0;0.0;0.0;0.0;0.0;0.0;0.0;0.0;0.0;0.0;0.0;0.0;0.0;0.0;0.0;0.0;0.0;0.0;0.0;0.0;0.0;0.0;0.0;0.0;0.0;888.0
Marco;MARCO;-3.12022222222;-40.14625;2000;7;53.5;0.0;0.0;0.0;0.0;0.0;0.0;0.0;0.0;0.0;0.0;0.0;0.0;53.5;0.0;0.0;0.0;0.0;0.0;0.0;0.0;0.0;0.0;0.0;0.0;0.0;0.0;0.0;0.0;0.0;0.0;0.0
Marco;MARCO;-3.12022222222;-40.14625;2000;8;0.0;0.0;0.0;0.0;0.0;0.0;0.0;0.0;0.0;0.0;0.0;0.0;0.0;0.0;0.0;0.0;0.0;0.0;0.0;0.0;0.0;0.0;0.0;0.0;0.0;0.0;0.0;0.0;0.0;0.0;0.0;0.0
Marco;MARCO;-3.12022222222;-40.14625;2000;9;0.0;0.0;0.0;0.0;0.0;0.0;0.0;0.0;0.0;0.0;0.0;0.0;0.0;0.0;0.0;0.0;0.0;0.0;0.0;0.0;0.0;0.0;0.0;0.0;0.0;0.0;0.0;0.0;0.0;0.0;0.0;888.0
Marco;MARCO;-3.12022222222;-40.14625;2000;10;0.0;0.0;0.0;0.0;0.0;0.0;0.0;0.0;0.0;0.0;0.0;0.0;0.0;0.0;0.0;0.0;0.0;0.0;0.0;0.0;0.0;0.0;0.0;0.0;0.0;0.0;0.0;0.0;0.0;0.0;0.0;0.0
Marco;MARCO;-3.12022222222;-40.14625;2000;11;0.0;0.0;0.0;0.0;0.0;0.0;0.0;0.0;0.0;0.0;0.0;0.0;0.0;0.0;0.0;0.0;0.0;0.0;0.0;0.0;0.0;0.0;0.0;0.0;0.0;0.0;0.0;0.0;0.0;0.0;0.0;888.0
Marco;MARCO;-3.12022222222;-40.14625;2000;12;5.0;0.0;0.0;0.0;0.0;0.0;0.0;0.0;0.0;0.0;0.0;0.0;0.0;0.0;0.0;5.0;0.0;0.0;0.0;0.0;0.0;0.0;0.0;0.0;0.0;0.0;0.0;0.0;0.0;0.0;0.0;0.0
Marco;MARCO;-3.12022222222;-40.14625;2001;1;99.2;0.0;0.0;0.0;0.0;25.0;0.0;0.0;1.0;0.0;0.0;0.0;0.0;1.5;25.0;5.0;0.0;0.0;0.0;0.0;0.0;1.0;20.2;8.5;0.0;0.0;0.0;12.0;0.0;0.0;0.0;0.0
Marco;MARCO;-3.12022222222;-40.14625;2001;2;44.0;0.0;2.0;12.0;1.8;0.0;0.0;0.0;0.0;0.0;16.0;8.0;2.0;2.2;0.0;0.0;0.0;0.0;0.0;0.0;0.0;0.0;0.0;0.0;0.0;0.0;0.0;0.0;0.0;888.0;888.0;888.0
Marco;MARCO;-3.12022222222;-40.14625;2001;3;79.5;0.0;0.0;0.0;0.0;0.0;6.2;0.0;6.0;0.0;0.0;0.0;1.0;1.5;0.0;23.0;0.0;0.0;0.0;0.0;0.0;0.0;0.0;7.8;0.0;0.0;0.0;0.0;0.0;0.0;14.0;20.0
Marco;MARCO;-3.12022222222;-40.14625;2001;4;269.3;0.0;0.0;8.0;36.5;0.0;0.0;25.0;0.0;0.0;9.0;3.0;0.0;0.0;8.0;0.0;0.0;22.6;6.0;28.0;0.0;15.0;22.0;0.0;0.0;34.2;0.0;0.0;11.0;33.0;8.0;888.0
Marco;MARCO;-3.12022222222;-40.14625;2001;5;33.0;0.0;0.0;0.0;0.0;0.0;2.0;17.8;6.0;0.0;0.8;0.0;1.6;0.0;0.0;0.0;0.0;0.0;0.0;0.0;0.0;0.0;0.0;0.0;0.0;1.8;2.0;0.0;0.0;0.0;1.0;0.0
Marco;MARCO;-3.12022222222;-40.14625;2001;6;46.8;6.0;3.0;0.0;0.0;8.0;0.8;0.0;29.0;0.0;0.0;0.0;0.0;0.0;0.0;0.0;0.0;0.0;0.0;0.0;0.0;0.0;0.0;0.0;0.0;0.0;0.0;0.0;0.0;0.0;0.0;888.0
Marco;MARCO;-3.12022222222;-40.14625;2001;7;0.0;0.0;0.0;0.0;0.0;0.0;0.0;0.0;0.0;0.0;0.0;0.0;0.0;0.0;0.0;0.0;0.0;0.0;0.0;0.0;0.0;0.0;0.0;0.0;0.0;0.0;0.0;0.0;0.0;0.0;0.0;0.0
Marco;MARCO;-3.12022222222;-40.14625;2001;8;0.0;0.0;0.0;0.0;0.0;0.0;0.0;0.0;0.0;0.0;0.0;0.0;0.0;0.0;0.0;0.0;0.0;0.0;0.0;0.0;0.0;0.0;0.0;0.0;0.0;0.0;0.0;0.0;0.0;0.0;0.0;0.0
Marco;MARCO;-3.12022222222;-40.14625;2001;9;0.0;0.0;0.0;0.0;0.0;0.0;0.0;0.0;0.0;0.0;0.0;0.0;0.0;0.0;0.0;0.0;0.0;0.0;0.0;0.0;0.0;0.0;0.0;0.0;0.0;0.0;0.0;0.0;0.0;0.0;0.0;888.0
Marco;MARCO;-3.12022222222;-40.14625;2001;10;0.0;0.0;0.0;0.0;0.0;0.0;0.0;0.0;0.0;0.0;0.0;0.0;0.0;0.0;0.0;0.0;0.0;0.0;0.0;0.0;0.0;0.0;0.0;0.0;0.0;0.0;0.0;0.0;0.0;0.0;0.0;0.0
Marco;MARCO;-3.12022222222;-40.14625;2001;11;0.0;0.0;0.0;0.0;0.0;0.0;0.0;0.0;0.0;0.0;0.0;0.0;0.0;0.0;0.0;0.0;0.0;0.0;0.0;0.0;0.0;0.0;0.0;0.0;0.0;0.0;0.0;0.0;0.0;0.0;0.0;888.0
Marco;MARCO;-3.12022222222;-40.14625;2001;12;1.0;0.0;0.0;0.0;0.0;0.0;0.0;0.0;0.0;0.0;0.0;0.0;0.0;0.0;0.0;0.0;0.0;0.0;0.0;0.0;0.0;1.0;0.0;0.0;0.0;0.0;0.0;0.0;0.0;0.0;0.0;0.0
Marco;MARCO;-3.12022222222;-40.14625;2002;1;250.4;0.0;0.0;0.0;0.0;0.0;0.0;0.0;13.5;36.5;0.5;0.0;0.0;4.0;3.0;20.6;18.5;35.8;70.0;0.0;37.0;1.0;10.0;0.0;0.0;0.0;0.0;0.0;0.0;0.0;0.0;0.0
Marco;MARCO;-3.12022222222;-40.14625;2002;2;70.4;18.8;8.2;15.6;0.0;0.0;0.0;0.5;0.0;0.0;5.0;4.5;0.0;17.8;0.0;0.0;0.0;0.0;0.0;0.0;0.0;0.0;0.0;0.0;0.0;0.0;0.0;0.0;0.0;888.0;888.0;888.0
Marco;MARCO;-3.12022222222;-40.14625;2002;3;157.8;0.0;0.0;0.0;43.0;1.5;2.0;0.0;0.0;56.0;2.0;0.0;0.0;0.0;0.0;0.0;3.0;2.0;9.0;8.8;10.0;0.0;0.0;0.0;12.1;7.2;1.2;0.0;0.0;0.0;0.0;0.0
Marco;MARCO;-3.12022222222;-40.14625;2002;4;145.8;15.0;0.0;1.5;6.0;4.0;0.0;0.0;10.0;0.0;24.2;0.0;0.0;0.0;0.0;22.0;0.0;0.0;0.0;0.0;6.0;0.0;0.0;0.0;11.0;8.6;17.2;0.0;19.8;0.5;0.0;888.0
Marco;MARCO;-3.12022222222;-40.14625;2002;5;110.7;13.0;2.0;0.0;4.0;0.0;0.0;7.0;0.0;3.5;0.0;0.0;5.0;0.0;0.0;0.0;0.0;0.0;0.0;0.0;0.0;0.0;0.0;7.0;6.0;3.0;0.0;60.2;0.0;0.0;0.0;0.0
Marco;MARCO;-3.12022222222;-40.14625;2002;6;5.5;0.0;0.0;0.0;0.0;0.0;1.5;0.0;1.5;0.0;0.0;0.0;0.0;0.5;0.0;0.0;0.0;0.0;0.0;0.0;0.0;2.0;0.0;0.0;0.0;0.0;0.0;0.0;0.0;0.0;0.0;888.0
Marco;MARCO;-3.12022222222;-40.14625;2002;7;14.5;0.0;10.5;0.0;0.0;0.0;0.0;0.0;0.0;0.0;0.0;4.0;0.0;0.0;0.0;0.0;0.0;0.0;0.0;0.0;0.0;0.0;0.0;0.0;0.0;0.0;0.0;0.0;0.0;0.0;0.0;0.0
Marco;MARCO;-3.12022222222;-40.14625;2002;8;0.0;0.0;0.0;0.0;0.0;0.0;0.0;0.0;0.0;0.0;0.0;0.0;0.0;0.0;0.0;0.0;0.0;0.0;0.0;0.0;0.0;0.0;0.0;0.0;0.0;0.0;0.0;0.0;0.0;0.0;0.0;0.0
Marco;MARCO;-3.12022222222;-40.14625;2002;9;0.0;0.0;0.0;0.0;0.0;0.0;0.0;0.0;0.0;0.0;0.0;0.0;0.0;0.0;0.0;0.0;0.0;0.0;0.0;0.0;0.0;0.0;0.0;0.0;0.0;0.0;0.0;0.0;0.0;0.0;0.0;888.0
Marco;MARCO;-3.12022222222;-40.14625;2002;10;0.0;0.0;0.0;0.0;0.0;0.0;0.0;0.0;0.0;0.0;0.0;0.0;0.0;0.0;0.0;0.0;0.0;0.0;0.0;0.0;0.0;0.0;0.0;0.0;0.0;0.0;0.0;0.0;0.0;0.0;0.0;0.0
Marco;MARCO;-3.12022222222;-40.14625;2002;11;0.0;0.0;0.0;0.0;0.0;0.0;0.0;0.0;0.0;0.0;0.0;0.0;0.0;0.0;0.0;0.0;0.0;0.0;0.0;0.0;0.0;0.0;0.0;0.0;0.0;0.0;0.0;0.0;0.0;0.0;0.0;888.0
Marco;MARCO;-3.12022222222;-40.14625;2002;12;1.0;0.0;0.0;0.0;0.0;0.0;0.0;0.0;0.0;0.0;0.0;0.0;0.0;0.0;0.0;0.0;0.0;0.0;0.0;0.0;0.0;0.0;0.0;0.0;0.0;1.0;0.0;0.0;0.0;0.0;0.0;0.0
Marco;MARCO;-3.12022222222;-40.14625;2003;1;79.4;0.0;0.0;0.0;0.0;0.0;0.0;0.0;0.0;0.0;0.0;0.0;0.0;0.0;0.0;0.0;0.0;0.0;0.0;7.5;1.5;17.2;0.0;32.0;11.0;0.0;0.0;8.2;0.8;0.0;0.0;1.2
Marco;MARCO;-3.12022222222;-40.14625;2003;2;412.3;0.0;0.0;55.5;18.4;6.5;13.0;4.0;0.0;0.0;16.2;0.5;17.0;0.0;0.0;0.0;0.0;9.5;16.2;32.0;1.0;21.0;0.5;2.0;27.5;69.8;84.5;0.0;17.2;888.0;888.0;888.0
Marco;MARCO;-3.12022222222;-40.14625;2003;3;478.3;21.8;0.0;0.0;17.2;23.2;16.1;13.0;19.8;2.6;5.4;23.6;22.8;15.2;48.5;15.6;13.0;0.0;41.8;0.0;0.0;14.6;17.5;5.6;87.8;0.0;6.8;0.0;2.2;5.2;31.8;7.2
Marco;MARCO;-3.12022222222;-40.14625;2003;4;213.9;1.0;8.3;34.0;3.2;5.3;0.0;0.0;14.0;2.2;0.0;0.0;0.0;3.8;0.0;7.6;20.0;9.6;0.5;0.0;24.0;0.0;13.0;4.4;2.6;3.0;14.2;0.0;17.8;6.4;19.0;888.0
Marco;MARCO;-3.12022222222;-40.14625;2003;5;49.6;20.6;17.8;0.0;0.0;1.0;1.0;0.0;0.0;0.0;0.0;0.0;5.2;0.0;0.0;0.0;0.0;0.0;0.0;0.0;0.0;0.0;0.5;0.0;0.0;0.0;1.2;0.0;0.0;0.0;0.0;2.3
Marco;MARCO;-3.12022222222;-40.14625;2003;6;0.0;0.0;0.0;0.0;0.0;0.0;0.0;0.0;0.0;0.0;0.0;0.0;0.0;0.0;0.0;0.0;0.0;0.0;0.0;0.0;0.0;0.0;0.0;0.0;0.0;0.0;0.0;0.0;0.0;0.0;0.0;888.0
Marco;MARCO;-3.12022222222;-40.14625;2003;7;0.0;0.0;0.0;0.0;0.0;0.0;0.0;0.0;0.0;0.0;0.0;0.0;0.0;0.0;0.0;0.0;0.0;0.0;0.0;0.0;0.0;0.0;0.0;0.0;0.0;0.0;0.0;0.0;0.0;0.0;0.0;0.0
Marco;MARCO;-3.12022222222;-40.14625;2003;8;0.0;0.0;0.0;0.0;0.0;0.0;0.0;0.0;0.0;0.0;0.0;0.0;0.0;0.0;0.0;0.0;0.0;0.0;0.0;0.0;0.0;0.0;0.0;0.0;0.0;0.0;0.0;0.0;0.0;0.0;0.0;0.0
Marco;MARCO;-3.12022222222;-40.14625;2003;9;0.0;0.0;0.0;0.0;0.0;0.0;0.0;0.0;0.0;0.0;0.0;0.0;0.0;0.0;0.0;0.0;0.0;0.0;0.0;0.0;0.0;0.0;0.0;0.0;0.0;0.0;0.0;0.0;0.0;0.0;0.0;888.0
Marco;MARCO;-3.12022222222;-40.14625;2003;10;0.0;0.0;0.0;0.0;0.0;0.0;0.0;0.0;0.0;0.0;0.0;0.0;0.0;0.0;0.0;0.0;0.0;0.0;0.0;0.0;0.0;0.0;0.0;0.0;0.0;0.0;0.0;0.0;0.0;0.0;0.0;0.0
Marco;MARCO;-3.12022222222;-40.14625;2003;11;0.0;0.0;0.0;0.0;0.0;0.0;0.0;0.0;0.0;0.0;0.0;0.0;0.0;0.0;0.0;0.0;0.0;0.0;0.0;0.0;0.0;0.0;0.0;0.0;0.0;0.0;0.0;0.0;0.0;0.0;0.0;888.0
Marco;MARCO;-3.12022222222;-40.14625;2003;12;0.0;0.0;0.0;0.0;0.0;0.0;0.0;0.0;0.0;0.0;0.0;0.0;0.0;0.0;0.0;0.0;0.0;0.0;0.0;0.0;0.0;0.0;0.0;0.0;0.0;0.0;0.0;0.0;0.0;0.0;0.0;0.0
Marco;MARCO;-3.12022222222;-40.14625;2004;1;596.0;0.0;0.0;0.0;0.0;0.0;0.0;0.0;0.0;0.0;0.0;0.0;22.4;8.5;5.0;8.2;0.0;0.0;48.0;1.0;0.0;61.0;1.6;22.0;161.0;71.0;10.8;6.0;14.0;112.5;9.0;34.0
Marco;MARCO;-3.12022222222;-40.14625;2004;2;168.3;0.0;0.0;3.5;3.2;4.0;3.0;0.0;5.0;57.0;6.0;0.0;3.0;0.0;0.0;0.0;18.0;24.0;8.0;0.0;0.0;2.0;4.0;0.0;2.8;4.0;8.8;7.0;2.0;3.0;888.0;888.0
Marco;MARCO;-3.12022222222;-40.14625;2004;3;135.0;31.5;0.0;1.0;0.5;2.0;8.0;4.0;5.5;4.5;21.0;0.0;0.0;10.5;0.5;1.5;21.0;10.0;0.0;0.0;0.0;0.0;1.5;0.0;0.0;0.0;10.0;0.0;0.0;2.0;0.0;0.0
Marco;MARCO;-3.12022222222;-40.14625;2004;4;43.5;9.0;1.0;0.0;0.0;1.0;0.5;0.0;0.0;16.5;0.0;0.0;0.0;0.0;0.0;0.0;0.0;0.0;0.0;0.0;0.0;8.5;0.0;0.0;1.0;0.0;0.0;0.0;3.0;0.0;3.0;888.0
Marco;MARCO;-3.12022222222;-40.14625;2004;5;30.2;0.0;0.0;0.0;0.0;21.2;0.0;0.0;0.0;1.0;0.0;0.0;0.0;0.0;0.0;0.0;0.0;0.0;0.0;0.0;1.0;0.0;0.0;7.0;0.0;0.0;0.0;0.0;0.0;0.0;0.0;0.0
Marco;MARCO;-3.12022222222;-40.14625;2004;6;58.5;0.0;6.0;0.0;0.0;0.0;15.0;0.0;12.0;0.0;3.0;0.0;0.0;0.0;0.0;0.0;0.0;0.0;0.0;0.0;0.0;3.5;10.0;0.0;0.0;0.0;0.0;0.0;9.0;0.0;0.0;888.0
Marco;MARCO;-3.12022222222;-40.14625;2004;7;12.0;0.0;0.0;12.0;0.0;0.0;0.0;0.0;0.0;0.0;0.0;0.0;0.0;0.0;0.0;0.0;0.0;0.0;0.0;0.0;0.0;0.0;0.0;0.0;0.0;0.0;0.0;0.0;0.0;0.0;0.0;0.0
Marco;MARCO;-3.12022222222;-40.14625;2004;8;0.0;0.0;0.0;0.0;0.0;0.0;0.0;0.0;0.0;0.0;0.0;0.0;0.0;0.0;0.0;0.0;0.0;0.0;0.0;0.0;0.0;0.0;0.0;0.0;0.0;0.0;0.0;0.0;0.0;0.0;0.0;0.0
Marco;MARCO;-3.12022222222;-40.14625;2004;9;13.0;0.0;0.0;0.0;0.0;0.0;0.0;0.0;0.0;0.0;0.0;0.0;0.0;0.0;0.0;0.0;0.0;0.0;0.0;0.0;0.0;0.0;0.0;13.0;0.0;0.0;0.0;0.0;0.0;0.0;0.0;888.0
Marco;MARCO;-3.12022222222;-40.14625;2004;10;0.0;0.0;0.0;0.0;0.0;0.0;0.0;0.0;0.0;0.0;0.0;0.0;0.0;0.0;0.0;0.0;0.0;0.0;0.0;0.0;0.0;0.0;0.0;0.0;0.0;0.0;0.0;0.0;0.0;0.0;0.0;0.0
Marco;MARCO;-3.12022222222;-40.14625;2004;11;0.0;0.0;0.0;0.0;0.0;0.0;0.0;0.0;0.0;0.0;0.0;0.0;0.0;0.0;0.0;0.0;0.0;0.0;0.0;0.0;0.0;0.0;0.0;0.0;0.0;0.0;0.0;0.0;0.0;0.0;0.0;888.0
Marco;MARCO;-3.12022222222;-40.14625;2004;12;0.0;0.0;0.0;0.0;0.0;0.0;0.0;0.0;0.0;0.0;0.0;0.0;0.0;0.0;0.0;0.0;0.0;0.0;0.0;0.0;0.0;0.0;0.0;0.0;0.0;0.0;0.0;0.0;0.0;0.0;0.0;0.0
Marco;MARCO;-3.12022222222;-40.14625;2005;1;50.0;0.0;0.0;0.0;0.0;0.0;0.0;0.0;0.0;0.0;0.0;0.0;0.0;0.0;0.0;0.0;0.0;2.0;1.0;0.0;0.0;0.0;0.0;0.0;0.0;43.0;0.0;4.0;0.0;0.0;0.0;0.0
Marco;MARCO;-3.12022222222;-40.14625;2005;2;16.5;0.0;0.0;0.0;0.0;0.0;0.0;0.0;0.0;0.0;0.0;0.0;0.0;0.0;0.0;0.0;3.0;1.0;2.5;0.0;0.0;0.0;0.0;0.0;0.0;0.0;4.0;6.0;0.0;888.0;888.0;888.0
Marco;MARCO;-3.12022222222;-40.14625;2005;3;179.3;0.0;0.0;0.0;6.5;0.0;0.0;0.0;0.0;0.0;4.5;0.0;0.0;0.0;11.0;1.5;0.0;0.0;2.0;7.0;11.0;32.0;15.0;14.5;22.5;18.0;11.0;3.0;7.0;0.0;12.8;0.0
Marco;MARCO;-3.12022222222;-40.14625;2005;4;168.6;3.5;6.5;7.6;0.0;6.0;7.5;2.0;0.0;4.0;9.0;3.0;0.0;4.0;1.5;0.0;10.0;15.0;0.0;3.0;19.0;0.0;0.0;0.0;0.0;0.0;0.0;0.0;0.0;2.0;65.0;888.0
Marco;MARCO;-3.12022222222;-40.14625;2005;5;77.0;0.0;0.0;0.0;0.0;4.0;0.0;0.0;0.0;0.0;0.0;0.0;11.0;8.0;7.0;4.0;0.0;3.0;4.0;0.0;0.0;0.0;0.0;0.0;34.0;0.0;2.0;0.0;0.0;0.0;0.0;0.0
Marco;MARCO;-3.12022222222;-40.14625;2005;6;34.2;5.5;0.0;0.0;0.0;0.0;0.0;2.0;8.0;0.0;0.0;0.0;0.0;0.0;0.0;15.0;0.0;0.0;0.0;0.0;0.0;0.0;0.0;0.0;0.0;0.0;0.0;1.2;2.5;0.0;0.0;888.0
Marco;MARCO;-3.12022222222;-40.14625;2005;7;8.0;0.0;0.0;0.0;0.0;0.0;0.0;0.0;0.0;8.0;0.0;0.0;0.0;0.0;0.0;0.0;0.0;0.0;0.0;0.0;0.0;0.0;0.0;0.0;0.0;0.0;0.0;0.0;0.0;0.0;0.0;0.0
Marco;MARCO;-3.12022222222;-40.14625;2005;8;0.0;0.0;0.0;0.0;0.0;0.0;0.0;0.0;0.0;0.0;0.0;0.0;0.0;0.0;0.0;0.0;0.0;0.0;0.0;0.0;0.0;0.0;0.0;0.0;0.0;0.0;0.0;0.0;0.0;0.0;0.0;0.0
Marco;MARCO;-3.12022222222;-40.14625;2005;9;0.0;0.0;0.0;0.0;0.0;0.0;0.0;0.0;0.0;0.0;0.0;0.0;0.0;0.0;0.0;0.0;0.0;0.0;0.0;0.0;0.0;0.0;0.0;0.0;0.0;0.0;0.0;0.0;0.0;0.0;0.0;888.0
Marco;MARCO;-3.12022222222;-40.14625;2005;10;0.0;0.0;0.0;0.0;0.0;0.0;0.0;0.0;0.0;0.0;0.0;0.0;0.0;0.0;0.0;0.0;0.0;0.0;0.0;0.0;0.0;0.0;0.0;0.0;0.0;0.0;0.0;0.0;0.0;0.0;0.0;0.0
Marco;MARCO;-3.12022222222;-40.14625;2005;11;0.0;0.0;0.0;0.0;0.0;0.0;0.0;0.0;0.0;0.0;0.0;0.0;0.0;0.0;0.0;0.0;0.0;0.0;0.0;0.0;0.0;0.0;0.0;0.0;0.0;0.0;0.0;0.0;0.0;0.0;0.0;888.0
Marco;MARCO;-3.12022222222;-40.14625;2005;12;0.0;0.0;0.0;0.0;0.0;0.0;0.0;0.0;0.0;0.0;0.0;0.0;0.0;0.0;0.0;0.0;0.0;0.0;0.0;0.0;0.0;0.0;0.0;0.0;0.0;0.0;0.0;0.0;0.0;0.0;0.0;0.0
Marco;MARCO;-3.12022222222;-40.14625;2006;1;5.0;0.0;0.0;0.0;0.0;0.0;0.0;0.0;0.0;0.0;0.0;0.0;0.0;0.0;0.0;0.0;0.0;0.0;0.0;0.0;5.0;0.0;0.0;0.0;0.0;0.0;0.0;0.0;0.0;0.0;0.0;0.0
Marco;MARCO;-3.12022222222;-40.14625;2006;2;143.0;0.0;0.0;0.0;0.0;0.0;0.0;19.0;0.0;0.0;0.0;0.0;2.0;7.0;52.0;0.0;0.0;38.0;0.0;0.0;8.0;0.0;0.0;0.0;6.0;1.0;3.0;5.0;2.0;888.0;888.0;888.0
Marco;MARCO;-3.12022222222;-40.14625;2006;3;241.0;1.0;35.0;9.5;8.0;31.0;13.0;0.0;0.0;0.0;0.0;0.0;0.0;13.0;42.0;12.0;2.0;0.0;0.0;1.0;2.0;2.5;12.5;8.5;30.0;0.0;17.0;0.0;0.0;1.0;0.0;0.0
Marco;MARCO;-3.12022222222;-40.14625;2006;4;251.7;0.0;0.0;0.0;0.0;58.0;1.0;0.0;6.0;0.0;3.0;6.0;0.0;0.0;2.0;18.0;5.5;13.0;1.0;20.0;0.0;0.0;22.0;0.0;12.4;22.8;0.0;0.0;10.0;32.6;18.4;888.0
Marco;MARCO;-3.12022222222;-40.14625;2006;5;54.0;0.0;6.0;3.5;0.0;12.0;0.0;1.0;0.0;0.0;9.0;0.0;11.0;0.0;2.0;3.0;0.0;0.0;0.0;0.0;2.0;3.5;0.0;0.0;0.0;0.0;0.0;0.0;1.0;0.0;0.0;0.0
Marco;MARCO;-3.12022222222;-40.14625;2006;6;64.0;0.0;0.0;0.0;0.0;13.0;0.0;0.0;0.0;0.0;0.0;0.0;51.0;0.0;0.0;0.0;0.0;0.0;0.0;0.0;0.0;0.0;0.0;0.0;0.0;0.0;0.0;0.0;0.0;0.0;0.0;888.0
Marco;MARCO;-3.12022222222;-40.14625;2006;7;0.0;0.0;0.0;0.0;0.0;0.0;0.0;0.0;0.0;0.0;0.0;0.0;0.0;0.0;0.0;0.0;0.0;0.0;0.0;0.0;0.0;0.0;0.0;0.0;0.0;0.0;0.0;0.0;0.0;0.0;0.0;0.0
Marco;MARCO;-3.12022222222;-40.14625;2006;8;0.0;0.0;0.0;0.0;0.0;0.0;0.0;0.0;0.0;0.0;0.0;0.0;0.0;0.0;0.0;0.0;0.0;0.0;0.0;0.0;0.0;0.0;0.0;0.0;0.0;0.0;0.0;0.0;0.0;0.0;0.0;0.0
Marco;MARCO;-3.12022222222;-40.14625;2006;9;0.0;0.0;0.0;0.0;0.0;0.0;0.0;0.0;0.0;0.0;0.0;0.0;0.0;0.0;0.0;0.0;0.0;0.0;0.0;0.0;0.0;0.0;0.0;0.0;0.0;0.0;0.0;0.0;0.0;0.0;0.0;888.0
Marco;MARCO;-3.12022222222;-40.14625;2006;10;0.0;0.0;0.0;0.0;0.0;0.0;0.0;0.0;0.0;0.0;0.0;0.0;0.0;0.0;0.0;0.0;0.0;0.0;0.0;0.0;0.0;0.0;0.0;0.0;0.0;0.0;0.0;0.0;0.0;0.0;0.0;0.0
Marco;MARCO;-3.12022222222;-40.14625;2006;11;0.0;0.0;0.0;0.0;0.0;0.0;0.0;0.0;0.0;0.0;0.0;0.0;0.0;0.0;0.0;0.0;0.0;0.0;0.0;0.0;0.0;0.0;0.0;0.0;0.0;0.0;0.0;0.0;0.0;0.0;0.0;888.0
Marco;MARCO;-3.12022222222;-40.14625;2006;12;0.0;0.0;999.0;999.0;999.0;999.0;999.0;999.0;999.0;999.0;999.0;999.0;999.0;999.0;999.0;999.0;999.0;999.0;999.0;999.0;999.0;999.0;999.0;999.0;999.0;999.0;999.0;999.0;999.0;999.0;999.0;999.0
Marco;MARCO;-3.12022222222;-40.14625;2007;1;0.0;0.0;0.0;0.0;0.0;0.0;0.0;0.0;0.0;0.0;0.0;0.0;0.0;0.0;0.0;0.0;0.0;0.0;0.0;0.0;0.0;0.0;0.0;0.0;0.0;0.0;0.0;0.0;0.0;0.0;0.0;0.0
Marco;MARCO;-3.12022222222;-40.14625;2007;2;351.0;0.0;2.0;41.0;20.0;46.0;7.0;0.0;0.0;0.0;0.0;0.0;0.0;2.0;45.0;6.0;19.0;3.0;46.0;19.0;59.0;0.0;4.0;25.0;1.0;0.0;1.0;3.0;2.0;888.0;888.0;888.0
Marco;MARCO;-3.12022222222;-40.14625;2007;3;133.5;1.5;0.0;13.0;1.0;0.0;4.0;3.0;15.0;0.0;4.0;1.0;13.5;0.0;1.5;5.0;16.5;2.5;6.5;4.0;2.5;0.0;15.0;7.0;0.0;6.5;2.0;0.5;7.5;0.0;0.5;0.0
Marco;MARCO;-3.12022222222;-40.14625;2007;4;130.5;0.0;0.0;0.0;1.5;0.0;2.0;2.5;0.5;0.0;5.0;6.0;0.0;0.0;0.0;0.0;0.0;1.5;26.0;1.0;0.0;7.5;7.0;0.5;1.5;57.0;2.0;7.0;0.0;2.0;0.0;888.0
Marco;MARCO;-3.12022222222;-40.14625;2007;5;36.0;2.0;0.0;1.0;0.0;0.0;0.0;0.0;0.0;0.0;0.0;0.0;0.0;0.0;0.0;0.0;0.0;0.0;0.0;0.0;0.0;2.0;0.0;0.0;31.0;0.0;0.0;0.0;0.0;0.0;0.0;0.0
Marco;MARCO;-3.12022222222;-40.14625;2007;6;15.7;3.7;0.0;0.0;2.5;0.0;0.0;0.0;7.0;0.0;0.0;0.0;0.0;1.5;0.0;0.0;0.0;0.0;1.0;0.0;0.0;0.0;0.0;0.0;0.0;0.0;0.0;0.0;0.0;0.0;0.0;888.0
Marco;MARCO;-3.12022222222;-40.14625;2007;7;9.0;0.0;0.0;0.0;0.0;0.0;0.0;0.0;0.0;0.0;0.0;0.0;0.0;9.0;0.0;0.0;0.0;0.0;0.0;0.0;0.0;0.0;0.0;0.0;0.0;0.0;0.0;0.0;0.0;0.0;0.0;0.0
Marco;MARCO;-3.12022222222;-40.14625;2007;8;0.0;0.0;0.0;0.0;0.0;0.0;0.0;0.0;0.0;0.0;0.0;0.0;0.0;0.0;0.0;0.0;0.0;0.0;0.0;0.0;0.0;0.0;0.0;0.0;0.0;0.0;0.0;0.0;0.0;0.0;0.0;0.0
Marco;MARCO;-3.12022222222;-40.14625;2007;9;0.0;0.0;0.0;0.0;0.0;0.0;0.0;0.0;0.0;0.0;0.0;0.0;0.0;0.0;0.0;0.0;0.0;0.0;0.0;0.0;0.0;0.0;0.0;0.0;0.0;0.0;0.0;0.0;0.0;0.0;0.0;888.0
Marco;MARCO;-3.12022222222;-40.14625;2007;10;0.0;0.0;0.0;0.0;0.0;0.0;0.0;0.0;0.0;0.0;0.0;0.0;0.0;0.0;0.0;0.0;0.0;0.0;0.0;0.0;0.0;0.0;0.0;0.0;0.0;0.0;0.0;0.0;0.0;0.0;0.0;0.0
Marco;MARCO;-3.12022222222;-40.14625;2007;11;0.0;0.0;0.0;0.0;0.0;0.0;0.0;0.0;0.0;0.0;0.0;0.0;0.0;0.0;0.0;0.0;0.0;0.0;0.0;0.0;0.0;0.0;0.0;0.0;0.0;0.0;0.0;0.0;0.0;0.0;0.0;888.0
Marco;MARCO;-3.12022222222;-40.14625;2007;12;24.0;0.0;0.0;0.0;0.0;0.0;0.0;0.0;0.0;0.0;0.0;0.0;0.0;0.0;0.0;0.0;15.0;0.0;0.0;0.0;0.0;0.0;0.0;0.0;0.0;0.0;0.0;9.0;0.0;0.0;0.0;0.0
Marco;MARCO;-3.12022222222;-40.14625;2008;1;93.0;3.0;0.0;0.0;0.0;0.0;0.0;0.0;5.0;0.0;0.0;0.0;0.0;0.0;20.5;0.0;0.0;0.0;5.5;13.5;8.5;0.0;0.0;18.0;0.0;0.0;0.0;0.0;11.0;8.0;0.0;0.0
Marco;MARCO;-3.12022222222;-40.14625;2008;2;37.5;1.0;0.0;0.0;0.0;0.0;0.0;0.0;0.0;0.0;0.0;0.0;0.0;4.0;0.0;0.0;0.0;0.0;1.5;0.0;20.0;4.0;4.0;0.0;0.0;0.0;0.0;0.0;0.0;3.0;888.0;888.0
Marco;MARCO;-3.12022222222;-40.14625;2008;3;370.9;24.0;4.0;0.0;3.5;1.8;0.0;0.0;24.0;15.0;0.0;10.0;0.0;58.0;1.0;56.5;7.5;0.0;2.5;20.2;20.8;24.0;3.0;0.0;42.0;5.0;9.0;9.5;3.6;1.0;21.0;4.0
Marco;MARCO;-3.12022222222;-40.14625;2008;4;402.2;134.0;4.0;20.3;0.0;20.7;12.0;1.0;91.0;5.0;1.0;0.0;11.0;0.0;9.5;0.0;0.0;4.0;0.0;0.0;0.0;30.0;0.0;1.5;10.0;19.0;0.0;7.2;5.8;10.2;5.0;888.0
Marco;MARCO;-3.12022222222;-40.14625;2008;5;197.5;26.0;0.0;12.0;1.8;0.0;9.0;10.2;0.5;33.4;11.6;1.2;5.8;1.0;0.0;20.5;0.0;35.0;1.5;0.0;0.0;0.0;21.0;0.0;0.0;0.0;0.0;6.0;0.0;0.0;1.0;0.0
Marco;MARCO;-3.12022222222;-40.14625;2008;6;62.7;0.0;6.0;0.0;0.0;0.0;0.0;6.2;0.0;3.5;0.0;0.0;0.0;0.0;47.0;0.0;0.0;0.0;0.0;0.0;0.0;0.0;0.0;0.0;0.0;0.0;0.0;0.0;0.0;0.0;0.0;888.0
Marco;MARCO;-3.12022222222;-40.14625;2008;7;0.0;0.0;0.0;0.0;0.0;0.0;0.0;0.0;0.0;0.0;0.0;0.0;0.0;0.0;0.0;0.0;0.0;0.0;0.0;0.0;0.0;0.0;0.0;0.0;0.0;0.0;0.0;0.0;0.0;0.0;0.0;0.0
Marco;MARCO;-3.12022222222;-40.14625;2008;8;0.0;0.0;0.0;0.0;0.0;0.0;0.0;0.0;0.0;0.0;0.0;0.0;0.0;0.0;0.0;0.0;0.0;0.0;0.0;0.0;0.0;0.0;0.0;0.0;0.0;0.0;0.0;0.0;0.0;0.0;0.0;0.0
Marco;MARCO;-3.12022222222;-40.14625;2008;9;0.0;0.0;0.0;0.0;0.0;0.0;0.0;0.0;0.0;0.0;0.0;0.0;0.0;0.0;0.0;0.0;0.0;0.0;0.0;0.0;0.0;0.0;0.0;0.0;0.0;0.0;0.0;0.0;0.0;0.0;0.0;888.0
Marco;MARCO;-3.12022222222;-40.14625;2008;10;0.0;0.0;0.0;0.0;0.0;0.0;0.0;0.0;0.0;0.0;0.0;0.0;0.0;0.0;0.0;0.0;0.0;0.0;0.0;0.0;0.0;0.0;0.0;0.0;0.0;0.0;0.0;0.0;0.0;0.0;0.0;0.0
Marco;MARCO;-3.12022222222;-40.14625;2008;11;0.0;0.0;0.0;0.0;0.0;0.0;0.0;0.0;0.0;0.0;0.0;0.0;0.0;0.0;0.0;0.0;0.0;0.0;0.0;0.0;0.0;0.0;0.0;0.0;0.0;0.0;0.0;0.0;0.0;0.0;0.0;888.0
Marco;MARCO;-3.12022222222;-40.14625;2008;12;0.0;0.0;0.0;0.0;0.0;0.0;0.0;0.0;0.0;0.0;0.0;0.0;0.0;0.0;0.0;0.0;0.0;0.0;0.0;0.0;0.0;0.0;0.0;0.0;0.0;0.0;0.0;0.0;0.0;0.0;0.0;0.0
Marco;MARCO;-3.12022222222;-40.14625;2009;1;115.3;0.0;0.0;0.0;0.0;0.0;0.0;0.0;0.0;0.0;0.0;0.0;0.0;1.0;0.0;0.0;0.0;0.0;1.0;9.0;5.0;8.5;41.0;0.0;0.0;0.0;43.0;0.0;0.0;1.8;0.0;5.0
Marco;MARCO;-3.12022222222;-40.14625;2009;2;402.0;29.0;80.4;0.0;14.0;8.0;0.0;0.0;0.0;0.0;0.0;0.0;3.5;10.0;5.0;0.0;9.8;7.8;0.0;15.0;0.0;3.2;16.0;87.6;37.0;0.0;1.5;5.0;69.2;888.0;888.0;888.0
Marco;MARCO;-3.12022222222;-40.14625;2009;3;337.6;70.0;5.0;26.0;4.0;8.0;14.0;0.0;30.6;4.0;6.0;0.0;9.2;0.0;0.0;5.0;8.0;5.4;0.0;0.0;0.0;3.0;12.0;18.0;22.0;0.0;0.0;19.0;26.2;28.0;3.0;11.2
Marco;MARCO;-3.12022222222;-40.14625;2009;4;343.1;10.0;9.0;13.0;5.0;0.0;4.0;30.3;6.2;13.0;14.0;2.0;0.0;22.2;2.0;0.0;1.6;17.5;7.0;0.0;17.5;36.6;19.6;23.5;30.6;21.0;0.0;0.0;24.0;0.0;13.5;888.0
Marco;MARCO;-3.12022222222;-40.14625;2009;5;153.6;0.0;0.0;0.0;0.0;7.5;0.0;2.0;0.0;12.8;0.0;0.0;4.0;0.0;4.0;2.0;0.0;24.0;10.8;0.0;4.0;43.0;7.0;0.0;3.5;3.0;10.8;0.0;11.2;4.0;0.0;0.0
Marco;MARCO;-3.12022222222;-40.14625;2009;6;86.3;11.0;15.0;1.5;0.0;2.8;6.0;0.0;0.0;0.0;0.0;0.0;0.0;0.0;0.0;0.0;0.0;0.0;0.0;0.0;0.0;0.0;0.0;0.0;0.0;50.0;0.0;0.0;0.0;0.0;0.0;888.0
Marco;MARCO;-3.12022222222;-40.14625;2009;7;22.5;0.0;0.0;0.0;0.0;0.0;2.0;3.0;11.0;0.0;0.0;2.5;0.0;0.0;0.0;0.0;0.0;0.0;0.0;0.0;0.0;0.0;0.0;4.0;0.0;0.0;0.0;0.0;0.0;0.0;0.0;0.0
Marco;MARCO;-3.12022222222;-40.14625;2009;8;12.0;0.0;0.0;0.0;0.0;0.0;0.0;0.0;0.0;0.0;0.0;0.0;0.0;0.0;0.0;0.0;0.0;0.0;0.0;0.0;0.0;0.0;0.0;0.0;0.0;0.0;0.0;12.0;0.0;0.0;0.0;0.0
Marco;MARCO;-3.12022222222;-40.14625;2009;9;0.0;0.0;0.0;0.0;0.0;0.0;0.0;0.0;0.0;0.0;0.0;0.0;0.0;0.0;0.0;0.0;0.0;0.0;0.0;0.0;0.0;0.0;0.0;0.0;0.0;0.0;0.0;0.0;0.0;0.0;0.0;888.0
Marco;MARCO;-3.12022222222;-40.14625;2009;10;0.0;0.0;0.0;0.0;0.0;0.0;0.0;0.0;0.0;0.0;0.0;0.0;0.0;0.0;0.0;0.0;999.0;0.0;0.0;0.0;0.0;0.0;0.0;0.0;0.0;0.0;0.0;0.0;0.0;0.0;0.0;0.0
Marco;MARCO;-3.12022222222;-40.14625;2009;11;0.0;0.0;0.0;0.0;0.0;0.0;0.0;0.0;0.0;0.0;0.0;0.0;0.0;0.0;0.0;0.0;0.0;0.0;0.0;0.0;0.0;0.0;0.0;0.0;0.0;0.0;0.0;0.0;0.0;0.0;0.0;888.0
Marco;MARCO;-3.12022222222;-40.14625;2009;12;2.0;0.0;0.0;0.0;0.0;0.0;0.0;0.0;0.0;0.0;0.0;0.0;0.0;0.0;0.0;0.0;0.0;0.0;0.0;0.0;0.0;0.0;0.0;0.0;0.0;0.0;0.0;0.0;0.0;0.0;2.0;0.0
Marco;MARCO;-3.12022222222;-40.14625;2010;1;52.0;0.0;0.0;4.0;32.0;0.0;0.0;0.0;0.0;0.0;0.0;0.0;0.0;0.0;0.0;0.0;0.0;0.0;0.0;0.0;0.0;13.0;0.0;0.0;0.0;0.0;0.0;3.0;0.0;0.0;0.0;0.0
Marco;MARCO;-3.12022222222;-40.14625;2010;2;2.0;0.0;0.0;0.0;0.0;0.0;0.0;0.0;0.0;0.0;0.0;1.0;0.0;0.0;0.0;0.0;0.0;1.0;0.0;0.0;0.0;0.0;0.0;0.0;0.0;0.0;0.0;0.0;0.0;888.0;888.0;888.0
Marco;MARCO;-3.12022222222;-40.14625;2010;3;126.8;0.0;0.0;0.0;0.0;0.0;0.0;0.0;0.0;0.0;0.0;0.0;0.0;0.0;9.0;0.0;0.0;0.0;0.0;5.0;15.0;2.0;2.0;0.0;2.0;16.0;56.0;1.0;2.0;9.0;0.0;7.8
Marco;MARCO;-3.12022222222;-40.14625;2010;4;157.9;16.0;4.8;5.6;19.0;1.5;0.0;0.0;12.0;6.0;24.0;1.5;4.5;6.0;0.0;0.0;1.0;42.5;4.0;0.0;0.0;0.0;6.0;3.5;0.0;0.0;0.0;0.0;0.0;0.0;0.0;888.0
Marco;MARCO;-3.12022222222;-40.14625;2010;5;79.1;36.0;0.0;19.0;7.0;0.0;0.0;3.0;2.0;0.0;0.0;0.0;0.0;0.0;3.5;2.6;0.0;0.0;0.0;0.0;0.0;0.0;0.0;0.0;0.0;0.0;0.0;6.0;0.0;0.0;0.0;0.0
Marco;MARCO;-3.12022222222;-40.14625;2010;6;8.0;6.0;0.0;0.0;1.0;1.0;0.0;0.0;0.0;0.0;0.0;0.0;0.0;0.0;0.0;0.0;0.0;0.0;0.0;0.0;0.0;0.0;0.0;0.0;0.0;0.0;0.0;0.0;0.0;0.0;0.0;888.0
Marco;MARCO;-3.12022222222;-40.14625;2010;7;0.0;0.0;0.0;0.0;0.0;0.0;0.0;0.0;0.0;0.0;0.0;0.0;0.0;0.0;0.0;0.0;0.0;0.0;0.0;0.0;0.0;0.0;0.0;0.0;0.0;0.0;0.0;0.0;0.0;0.0;0.0;0.0
Marco;MARCO;-3.12022222222;-40.14625;2010;8;0.0;0.0;0.0;0.0;0.0;0.0;0.0;0.0;0.0;0.0;0.0;0.0;0.0;0.0;0.0;0.0;0.0;0.0;0.0;0.0;0.0;0.0;0.0;0.0;0.0;0.0;0.0;0.0;0.0;0.0;0.0;0.0
Marco;MARCO;-3.12022222222;-40.14625;2010;9;0.0;0.0;0.0;0.0;0.0;0.0;0.0;0.0;0.0;0.0;0.0;0.0;0.0;0.0;0.0;0.0;0.0;0.0;0.0;0.0;0.0;0.0;0.0;0.0;0.0;0.0;0.0;0.0;0.0;0.0;0.0;888.0
Marco;MARCO;-3.12022222222;-40.14625;2010;10;0.0;0.0;0.0;0.0;0.0;0.0;0.0;0.0;0.0;0.0;0.0;0.0;0.0;0.0;0.0;0.0;0.0;0.0;0.0;0.0;0.0;0.0;0.0;0.0;0.0;0.0;0.0;0.0;0.0;0.0;0.0;0.0
Marco;MARCO;-3.12022222222;-40.14625;2010;11;13.5;0.0;0.0;0.0;0.0;0.0;0.0;0.0;0.0;0.0;0.0;0.0;0.0;0.0;0.0;0.0;9.2;0.0;0.0;0.0;0.0;0.0;0.0;0.0;0.0;0.0;0.0;0.0;0.0;4.3;0.0;888.0
Marco;MARCO;-3.12022222222;-40.14625;2010;12;5.5;0.0;0.0;0.0;0.0;0.0;0.0;0.0;0.0;0.0;0.0;0.0;0.0;0.0;1.5;4.0;0.0;0.0;0.0;0.0;0.0;0.0;0.0;0.0;0.0;0.0;0.0;0.0;0.0;0.0;0.0;0.0
Marco;MARCO;-3.12022222222;-40.14625;2011;1;251.8;0.0;0.0;0.0;1.0;5.0;0.0;0.0;0.0;0.0;31.0;24.4;0.0;0.0;0.0;0.0;0.0;0.0;5.0;33.0;17.6;0.0;45.5;1.0;28.8;9.0;22.0;0.0;3.0;14.5;0.0;11.0
Marco;MARCO;-3.12022222222;-40.14625;2011;2;204.3;11.4;10.4;0.0;8.5;0.0;0.0;0.0;0.0;0.0;10.0;0.0;0.0;21.0;24.0;1.6;5.0;18.0;1.0;5.0;1.5;15.0;1.0;4.0;1.5;29.5;2.0;1.5;32.4;888.0;888.0;888.0
Marco;MARCO;-3.12022222222;-40.14625;2011;3;221.1;2.5;4.0;5.0;6.0;15.0;4.5;0.0;0.0;30.0;0.0;3.8;5.0;8.0;14.0;0.5;0.0;0.0;0.0;14.0;0.0;33.0;16.5;0.0;3.0;1.5;0.0;0.0;16.4;16.4;11.0;11.0
Marco;MARCO;-3.12022222222;-40.14625;2011;4;361.6;5.5;0.0;3.0;11.0;0.0;13.6;1.5;0.0;17.6;26.0;6.0;11.2;52.0;2.0;46.0;4.0;11.0;11.5;0.0;26.0;0.0;0.0;0.0;11.0;90.0;7.0;0.0;1.5;4.2;0.0;888.0
Marco;MARCO;-3.12022222222;-40.14625;2011;5;108.5;1.5;4.0;2.0;1.0;46.0;8.0;0.0;0.0;4.0;0.0;0.0;0.0;0.0;0.0;0.0;0.0;0.0;0.0;0.0;10.0;32.0;0.0;0.0;0.0;0.0;0.0;0.0;0.0;0.0;0.0;0.0
Marco;MARCO;-3.12022222222;-40.14625;2011;6;85.5;0.0;0.0;0.0;29.2;0.0;0.0;9.0;0.0;0.0;0.0;0.0;0.0;4.0;0.0;0.0;0.0;0.0;0.0;0.0;9.2;0.0;0.0;0.0;15.0;4.0;0.0;0.0;0.0;0.0;15.1;888.0
Marco;MARCO;-3.12022222222;-40.14625;2011;7;22.5;0.0;0.0;0.0;0.0;5.0;5.0;0.0;0.0;12.5;0.0;0.0;0.0;0.0;0.0;0.0;0.0;0.0;0.0;0.0;0.0;0.0;0.0;0.0;0.0;0.0;0.0;0.0;0.0;0.0;0.0;0.0
Marco;MARCO;-3.12022222222;-40.14625;2011;8;0.0;0.0;0.0;0.0;0.0;0.0;0.0;0.0;0.0;0.0;0.0;0.0;0.0;0.0;0.0;0.0;0.0;0.0;0.0;0.0;0.0;0.0;0.0;0.0;0.0;0.0;0.0;0.0;0.0;0.0;0.0;0.0
Marco;MARCO;-3.12022222222;-40.14625;2011;9;0.0;0.0;0.0;0.0;0.0;0.0;0.0;0.0;0.0;0.0;0.0;0.0;0.0;0.0;0.0;0.0;0.0;0.0;0.0;0.0;0.0;0.0;0.0;0.0;0.0;0.0;0.0;0.0;0.0;0.0;0.0;888.0
Marco;MARCO;-3.12022222222;-40.14625;2011;10;18.0;0.0;0.0;0.0;0.0;0.0;0.0;0.0;0.0;0.0;0.0;0.0;0.0;0.0;0.0;0.0;0.0;0.0;0.0;0.0;0.0;8.0;10.0;0.0;0.0;0.0;0.0;0.0;0.0;0.0;0.0;0.0
Marco;MARCO;-3.12022222222;-40.14625;2011;11;0.0;0.0;0.0;0.0;0.0;0.0;0.0;0.0;0.0;0.0;0.0;0.0;0.0;0.0;0.0;0.0;0.0;0.0;0.0;0.0;0.0;0.0;0.0;0.0;0.0;0.0;0.0;0.0;0.0;0.0;0.0;888.0
Marco;MARCO;-3.12022222222;-40.14625;2011;12;0.0;0.0;0.0;0.0;0.0;0.0;0.0;0.0;0.0;0.0;0.0;0.0;0.0;0.0;0.0;0.0;0.0;0.0;0.0;0.0;0.0;0.0;0.0;0.0;0.0;0.0;0.0;0.0;0.0;0.0;0.0;0.0
Marco;MARCO;-3.12022222222;-40.14625;2012;1;34.0;0.0;0.0;0.0;0.0;0.0;0.0;0.0;0.0;0.0;0.0;0.0;0.0;0.0;0.0;0.0;0.0;0.0;0.0;0.0;26.0;0.0;0.0;0.0;8.0;0.0;0.0;0.0;0.0;0.0;0.0;0.0
Marco;MARCO;-3.12022222222;-40.14625;2012;2;79.7;0.0;0.0;0.0;0.0;0.0;0.0;0.0;0.0;0.0;0.0;1.5;0.0;0.0;0.0;0.0;17.5;3.0;0.0;8.2;0.0;29.0;3.0;0.0;0.0;0.0;0.0;0.0;0.0;17.5;888.0;888.0
Marco;MARCO;-3.12022222222;-40.14625;2012;3;123.6;2.0;0.0;0.0;0.0;8.5;2.5;3.0;0.0;17.2;14.0;0.0;2.0;9.0;0.0;3.5;0.0;0.0;0.0;0.0;0.0;6.0;0.0;0.0;0.0;33.0;0.0;2.5;2.5;5.5;0.0;12.4
Marco;MARCO;-3.12022222222;-40.14625;2012;4;161.8;0.0;7.8;0.0;0.0;1.5;0.0;0.0;1.0;51.0;0.0;0.0;0.0;0.0;0.0;0.0;5.0;0.0;44.0;0.0;10.5;21.0;9.5;0.0;8.5;0.0;1.0;1.0;0.0;0.0;0.0;888.0
Marco;MARCO;-3.12022222222;-40.14625;2012;5;32.2;0.0;0.0;0.0;0.0;0.0;0.0;0.0;0.0;0.0;0.0;8.2;14.0;0.0;0.0;0.0;0.0;0.0;0.0;0.0;0.0;2.0;0.0;0.0;8.0;0.0;0.0;0.0;0.0;0.0;0.0;0.0
Marco;MARCO;-3.12022222222;-40.14625;2012;6;15.1;0.0;0.0;0.0;5.0;1.6;1.5;0.0;0.0;0.0;0.0;0.0;0.0;0.0;0.0;0.0;0.0;0.0;0.0;0.0;0.0;0.0;0.0;0.0;7.0;0.0;0.0;0.0;0.0;0.0;0.0;888.0
Marco;MARCO;-3.12022222222;-40.14625;2012;7;2.5;0.0;0.0;0.0;0.0;0.0;0.0;0.0;0.0;0.0;0.0;0.0;0.0;0.0;0.0;2.5;0.0;0.0;0.0;0.0;0.0;0.0;0.0;0.0;0.0;0.0;0.0;0.0;0.0;0.0;0.0;0.0
Marco;MARCO;-3.12022222222;-40.14625;2012;8;0.0;0.0;0.0;0.0;0.0;0.0;0.0;0.0;0.0;0.0;0.0;0.0;0.0;0.0;0.0;0.0;0.0;0.0;0.0;0.0;0.0;0.0;0.0;0.0;0.0;0.0;0.0;0.0;0.0;0.0;0.0;0.0
Marco;MARCO;-3.12022222222;-40.14625;2012;9;0.0;0.0;0.0;0.0;0.0;0.0;0.0;0.0;0.0;0.0;0.0;0.0;0.0;0.0;0.0;0.0;0.0;0.0;0.0;0.0;0.0;0.0;0.0;0.0;0.0;0.0;0.0;0.0;0.0;0.0;0.0;888.0
Marco;MARCO;-3.12022222222;-40.14625;2012;10;0.0;0.0;0.0;0.0;0.0;0.0;0.0;0.0;0.0;0.0;0.0;0.0;0.0;0.0;0.0;0.0;0.0;0.0;0.0;0.0;0.0;0.0;0.0;0.0;0.0;0.0;0.0;0.0;0.0;0.0;0.0;0.0
Marco;MARCO;-3.12022222222;-40.14625;2012;11;0.0;0.0;0.0;0.0;0.0;0.0;0.0;0.0;0.0;0.0;0.0;0.0;0.0;0.0;0.0;0.0;0.0;0.0;0.0;0.0;0.0;0.0;0.0;0.0;0.0;0.0;0.0;0.0;0.0;0.0;0.0;888.0
Marco;MARCO;-3.12022222222;-40.14625;2012;12;2.0;0.0;0.0;0.0;0.0;0.0;0.0;0.0;0.0;0.0;0.0;0.0;0.0;0.0;0.0;0.0;0.0;2.0;0.0;0.0;0.0;0.0;0.0;0.0;0.0;0.0;0.0;0.0;0.0;0.0;0.0;0.0
Marco;MARCO;-3.12022222222;-40.14625;2013;1;24.3;0.0;0.0;0.0;13.8;2.0;1.5;0.0;0.0;0.0;0.0;0.0;0.0;0.0;0.0;0.0;0.0;0.0;0.0;0.0;5.0;2.0;0.0;0.0;0.0;0.0;0.0;0.0;0.0;0.0;0.0;0.0
Marco;MARCO;-3.12022222222;-40.14625;2013;2;57.0;0.0;0.0;0.0;0.0;0.0;2.5;3.0;4.5;0.0;6.0;0.0;0.0;0.0;9.0;5.5;1.0;7.0;1.0;9.0;6.0;0.0;0.0;0.0;0.0;0.0;0.0;0.0;2.5;888.0;888.0;888.0
Marco;MARCO;-3.12022222222;-40.14625;2013;3;83.5;0.0;0.0;0.0;0.0;0.0;0.0;0.0;0.0;0.0;5.0;2.5;0.0;0.0;0.0;0.0;0.0;0.0;4.5;22.5;10.0;0.0;0.0;0.0;0.0;18.2;0.0;4.0;9.2;0.0;6.0;1.6
Marco;MARCO;-3.12022222222;-40.14625;2013;4;329.3;63.2;0.0;0.0;0.0;18.0;98.0;15.0;0.0;4.0;2.0;22.5;0.0;0.0;0.0;0.0;9.5;1.0;0.0;4.0;5.5;12.6;0.0;8.0;7.0;0.0;13.0;0.0;30.0;16.0;0.0;888.0
Marco;MARCO;-3.12022222222;-40.14625;2013;5;136.0;21.0;9.0;0.0;0.0;0.0;0.0;1.5;0.0;16.0;1.0;0.0;0.0;0.0;0.0;5.0;1.0;0.0;0.0;37.0;27.0;0.0;0.0;12.5;0.0;5.0;0.0;0.0;0.0;0.0;0.0;0.0
Marco;MARCO;-3.12022222222;-40.14625;2013;6;29.0;0.0;0.0;0.0;2.0;1.0;3.5;0.0;0.0;0.0;0.0;9.0;0.0;0.0;0.0;0.0;0.0;0.0;1.5;0.0;0.0;6.0;0.0;6.0;0.0;0.0;0.0;0.0;0.0;0.0;0.0;888.0
Marco;MARCO;-3.12022222222;-40.14625;2013;7;15.9;2.5;0.0;0.0;0.0;0.0;0.0;0.0;0.0;0.0;12.5;0.0;0.0;0.0;0.0;0.9;0.0;0.0;0.0;0.0;0.0;0.0;0.0;0.0;0.0;0.0;0.0;0.0;0.0;0.0;0.0;0.0
Marco;MARCO;-3.12022222222;-40.14625;2013;8;0.0;0.0;0.0;999.0;999.0;999.0;999.0;999.0;999.0;999.0;999.0;999.0;999.0;999.0;999.0;999.0;999.0;999.0;999.0;999.0;999.0;999.0;999.0;999.0;999.0;999.0;999.0;999.0;999.0;999.0;999.0;999.0
Marco;MARCO;-3.12022222222;-40.14625;2013;11;1.5;0.0;0.0;0.0;1.5;0.0;0.0;0.0;0.0;0.0;0.0;0.0;0.0;0.0;0.0;0.0;0.0;0.0;0.0;0.0;0.0;0.0;0.0;0.0;0.0;0.0;0.0;0.0;0.0;0.0;0.0;888.0
Marco;MARCO;-3.12022222222;-40.14625;2013;12;10.5;0.0;0.0;0.0;0.0;0.0;0.0;0.0;0.0;0.0;0.0;0.0;0.0;0.0;0.0;0.0;0.0;0.0;0.0;0.0;0.0;10.5;0.0;0.0;0.0;0.0;0.0;0.0;0.0;0.0;0.0;0.0
Marco;MARCO;-3.12022222222;-40.14625;2014;1;9.0;0.0;0.0;0.0;5.5;0.0;0.0;3.5;0.0;0.0;0.0;0.0;0.0;0.0;0.0;0.0;0.0;0.0;0.0;0.0;0.0;0.0;0.0;0.0;0.0;0.0;0.0;0.0;0.0;0.0;0.0;0.0
Marco;MARCO;-3.12022222222;-40.14625;2014;2;109.8;7.5;0.0;0.0;0.0;0.0;0.0;0.0;9.0;35.0;0.0;0.0;0.0;0.0;0.0;3.5;6.0;21.0;3.2;9.6;5.0;8.8;0.0;1.2;0.0;0.0;0.0;0.0;0.0;888.0;888.0;888.0
Marco;MARCO;-3.12022222222;-40.14625;2014;3;72.9;0.0;0.0;0.0;0.0;5.0;0.0;0.0;0.0;0.0;18.4;18.0;0.0;1.0;7.0;0.0;2.0;0.0;3.0;0.0;0.0;0.0;0.0;0.0;0.0;0.0;0.0;0.0;0.0;1.0;1.5;16.0
Marco;MARCO;-3.12022222222;-40.14625;2014;4;156.4;2.0;6.0;3.5;41.0;1.0;0.0;0.0;3.0;15.0;0.0;1.0;8.0;1.4;0.0;0.0;0.0;0.0;1.5;0.0;0.0;11.5;0.0;16.0;9.5;0.0;6.0;6.0;5.8;17.0;1.2;888.0
Marco;MARCO;-3.12022222222;-40.14625;2014;5;142.9;11.0;1.0;0.0;0.0;11.6;10.5;0.0;8.0;0.0;7.5;0.0;9.0;15.6;0.0;6.0;0.0;0.0;17.8;3.5;2.0;0.0;11.0;2.0;12.6;0.0;0.0;0.0;0.0;13.8;0.0;0.0
Marco;MARCO;-3.12022222222;-40.14625;2014;6;10.0;0.0;0.0;0.0;0.0;0.0;0.0;5.0;0.0;0.0;0.0;0.0;0.0;0.0;0.0;0.0;0.0;0.0;0.0;0.0;0.0;5.0;0.0;0.0;0.0;0.0;0.0;0.0;0.0;0.0;0.0;888.0
Marco;MARCO;-3.12022222222;-40.14625;2014;7;0.0;0.0;0.0;0.0;0.0;0.0;0.0;0.0;0.0;0.0;0.0;0.0;0.0;0.0;0.0;0.0;0.0;0.0;0.0;0.0;0.0;0.0;0.0;0.0;0.0;0.0;0.0;0.0;0.0;0.0;0.0;0.0
Marco;MARCO;-3.12022222222;-40.14625;2014;8;0.0;0.0;0.0;0.0;0.0;0.0;0.0;0.0;0.0;0.0;0.0;0.0;0.0;0.0;0.0;0.0;0.0;0.0;0.0;0.0;0.0;0.0;0.0;0.0;0.0;0.0;0.0;0.0;0.0;0.0;0.0;0.0
Marco;MARCO;-3.12022222222;-40.14625;2014;11;17.0;0.0;0.0;0.0;0.0;0.0;0.0;0.0;0.0;0.0;0.0;0.0;0.0;0.0;0.0;0.0;0.0;17.0;0.0;0.0;0.0;0.0;0.0;0.0;0.0;0.0;0.0;0.0;0.0;0.0;0.0;888.0
Marco;MARCO;-3.12022222222;-40.14625;2014;12;2.0;0.0;0.0;0.0;0.0;0.0;0.0;0.0;0.0;0.0;0.0;0.0;0.0;0.0;0.0;0.0;0.0;2.0;0.0;0.0;0.0;0.0;0.0;0.0;0.0;0.0;0.0;0.0;0.0;0.0;0.0;0.0
Marco;MARCO;-3.12022222222;-40.14625;2015;1;8.8;0.0;0.0;0.0;0.0;4.0;0.0;0.0;0.0;0.0;0.0;0.0;0.0;0.0;0.0;0.0;0.0;0.0;0.0;4.8;0.0;0.0;0.0;0.0;0.0;0.0;0.0;0.0;0.0;0.0;0.0;0.0
Marco;MARCO;-3.12022222222;-40.14625;2015;2;153.2;0.0;0.0;1.0;2.5;2.5;0.0;0.0;0.0;0.0;0.0;0.0;0.0;0.0;0.0;0.0;0.0;7.0;0.0;0.0;71.0;5.0;18.6;0.0;7.0;5.4;9.3;18.5;5.4;888.0;888.0;888.0
Marco;MARCO;-3.12022222222;-40.14625;2015;3;384.5;72.0;15.0;12.0;0.0;5.0;32.0;14.0;9.6;1.5;11.8;0.0;5.4;9.0;0.0;0.0;1.0;1.5;0.0;1.5;0.0;2.0;85.0;4.8;5.1;0.0;12.0;7.0;1.0;8.0;9.0;59.3
Marco;MARCO;-3.12022222222;-40.14625;2015;4;340.3;26.0;0.0;12.2;42.0;53.0;2.0;0.0;14.0;44.5;19.2;9.2;19.0;13.0;9.0;10.2;3.4;0.0;13.6;5.5;1.8;0.0;4.4;14.5;6.0;5.8;6.0;0.0;0.0;5.0;1.0;888.0
Marco;MARCO;-3.12022222222;-40.14625;2015;5;62.8;2.0;3.0;1.2;3.0;1.0;0.9;11.2;14.0;4.0;8.0;0.0;0.0;0.0;0.0;0.0;0.0;0.0;0.0;0.0;0.0;0.0;0.0;0.0;0.0;0.0;0.0;0.0;5.5;9.0;0.0;0.0
Marco;MARCO;-3.12022222222;-40.14625;2015;6;14.0;0.0;0.0;0.0;0.0;12.0;0.0;0.0;0.0;2.0;0.0;0.0;0.0;0.0;0.0;0.0;0.0;0.0;0.0;0.0;0.0;0.0;0.0;0.0;0.0;0.0;0.0;0.0;0.0;0.0;0.0;888.0
Marco;MARCO;-3.12022222222;-40.14625;2015;7;45.0;0.0;0.0;12.0;8.5;12.0;10.0;0.0;0.0;0.0;0.0;0.0;0.0;0.0;0.0;0.0;0.0;2.5;0.0;0.0;0.0;0.0;0.0;0.0;0.0;0.0;0.0;0.0;0.0;0.0;0.0;0.0
Marco;MARCO;-3.12022222222;-40.14625;2015;8;0.0;0.0;0.0;0.0;0.0;0.0;0.0;0.0;0.0;0.0;0.0;0.0;0.0;0.0;0.0;0.0;0.0;0.0;0.0;0.0;0.0;0.0;0.0;0.0;0.0;0.0;0.0;0.0;0.0;0.0;0.0;0.0
Marco;MARCO;-3.12022222222;-40.14625;2015;9;0.0;0.0;0.0;0.0;0.0;0.0;0.0;0.0;0.0;0.0;0.0;0.0;0.0;0.0;0.0;0.0;0.0;0.0;0.0;0.0;0.0;0.0;0.0;0.0;0.0;0.0;0.0;0.0;0.0;0.0;0.0;888.0
Marco;MARCO;-3.12022222222;-40.14625;2015;10;0.0;0.0;0.0;0.0;0.0;0.0;0.0;0.0;0.0;0.0;0.0;0.0;0.0;0.0;0.0;0.0;0.0;0.0;0.0;0.0;0.0;0.0;0.0;0.0;0.0;0.0;0.0;0.0;0.0;0.0;0.0;0.0
Marco;MARCO;-3.12022222222;-40.14625;2015;11;0.0;0.0;0.0;0.0;0.0;0.0;0.0;0.0;0.0;0.0;0.0;0.0;0.0;0.0;0.0;0.0;0.0;0.0;0.0;0.0;0.0;0.0;0.0;0.0;0.0;0.0;0.0;0.0;0.0;0.0;0.0;888.0
Marco;MARCO;-3.12022222222;-40.14625;2015;12;17.0;0.0;0.0;0.0;0.0;0.0;0.0;0.0;0.0;0.0;0.0;0.0;0.0;0.0;0.0;0.0;0.0;8.0;0.0;0.0;0.0;0.0;0.0;0.0;0.0;4.5;0.5;0.0;4.0;0.0;0.0;0.0
Marco;MARCO;-3.12022222222;-40.14625;2016;1;204.0;0.0;0.0;0.0;0.0;0.0;5.0;6.0;16.0;30.5;0.0;11.0;0.0;0.0;0.0;0.0;0.0;0.0;0.0;12.0;6.0;33.8;15.0;0.0;14.0;15.2;13.5;0.0;16.0;10.0;0.0;0.0
Marco;MARCO;-3.12022222222;-40.14625;2016;2;76.0;3.0;7.0;15.5;0.0;0.0;0.0;0.0;0.0;16.5;0.0;0.0;0.0;0.0;0.0;0.0;0.0;0.0;0.0;10.0;0.0;4.0;0.0;0.0;4.0;2.0;14.0;0.0;0.0;0.0;888.0;888.0
Marco;MARCO;-3.12022222222;-40.14625;2016;3;97.5;0.0;0.0;0.0;8.0;0.0;0.0;0.0;0.0;2.5;0.0;2.0;0.0;0.0;0.0;0.0;2.5;4.0;18.0;0.0;0.0;0.0;12.4;0.0;0.0;5.5;0.0;0.0;13.6;0.0;29.0;0.0
Marco;MARCO;-3.12022222222;-40.14625;2016;4;273.0;14.5;21.0;31.0;17.0;14.8;8.0;58.0;6.0;2.0;14.8;0.0;48.5;0.0;0.0;0.0;0.0;0.0;0.0;5.8;0.0;0.0;0.0;30.8;0.0;0.0;0.0;0.8;0.0;0.0;0.0;888.0
Marco;MARCO;-3.12022222222;-40.14625;2016;5;23.0;0.0;0.0;2.0;0.0;0.0;0.0;0.0;0.0;0.0;0.0;0.0;14.0;1.5;0.0;0.0;0.0;0.0;0.0;0.0;0.0;0.0;0.0;0.0;0.0;0.0;0.0;0.0;0.0;0.0;0.0;5.5
Marco;MARCO;-3.12022222222;-40.14625;2016;6;10.5;1.5;0.0;0.0;0.0;0.0;0.0;9.0;0.0;0.0;0.0;999.0;999.0;999.0;999.0;999.0;999.0;999.0;999.0;999.0;999.0;999.0;999.0;999.0;999.0;999.0;999.0;999.0;999.0;999.0;999.0;888.0
Marco;MARCO;-3.12022222222;-40.14625;2016;7;2.5;0.0;0.0;0.0;0.0;0.0;0.0;2.5;0.0;0.0;0.0;0.0;0.0;0.0;0.0;0.0;0.0;0.0;0.0;0.0;0.0;0.0;0.0;0.0;0.0;0.0;0.0;0.0;0.0;0.0;0.0;0.0
Marco;MARCO;-3.12022222222;-40.14625;2016;8;0.0;0.0;0.0;0.0;0.0;0.0;0.0;0.0;0.0;0.0;0.0;0.0;0.0;0.0;0.0;0.0;0.0;0.0;0.0;0.0;0.0;0.0;0.0;0.0;0.0;0.0;0.0;0.0;0.0;0.0;0.0;0.0
Marco;MARCO;-3.12022222222;-40.14625;2016;9;0.0;0.0;0.0;0.0;0.0;0.0;0.0;0.0;0.0;0.0;0.0;0.0;0.0;0.0;0.0;0.0;0.0;0.0;0.0;0.0;0.0;0.0;0.0;0.0;0.0;0.0;0.0;0.0;0.0;0.0;0.0;888.0
Marco;MARCO;-3.12022222222;-40.14625;2016;10;1.0;0.0;0.0;0.0;0.0;0.0;0.0;0.0;0.0;0.0;0.0;0.0;0.0;0.0;0.0;0.0;0.0;0.0;0.0;0.0;1.0;0.0;0.0;0.0;0.0;0.0;0.0;0.0;0.0;0.0;0.0;0.0
Marco;MARCO;-3.12022222222;-40.14625;2016;11;0.0;0.0;0.0;0.0;0.0;0.0;0.0;0.0;0.0;0.0;0.0;0.0;0.0;0.0;0.0;0.0;0.0;0.0;0.0;0.0;0.0;0.0;0.0;0.0;0.0;0.0;0.0;0.0;0.0;0.0;0.0;888.0
Marco;MARCO;-3.12022222222;-40.14625;2016;12;20.0;0.0;0.0;0.0;0.0;0.0;0.0;0.0;0.0;0.0;0.0;0.0;0.0;0.0;0.0;0.0;5.0;0.0;0.0;10.0;0.0;0.0;0.0;4.0;0.0;0.0;0.0;0.0;0.0;0.0;0.0;1.0
Marco;MARCO;-3.12022222222;-40.14625;2017;1;57.0;0.0;4.5;0.5;8.0;0.0;0.0;3.5;0.0;0.0;0.0;5.0;3.5;0.0;0.0;0.0;0.0;0.0;0.0;20.0;7.0;0.0;0.0;0.0;2.0;0.0;0.0;0.0;1.0;0.0;0.0;2.0
Marco;MARCO;-3.12022222222;-40.14625;2017;2;131.0;5.0;0.0;0.0;0.0;0.0;0.0;1.0;0.0;16.0;23.0;25.0;0.0;0.0;4.0;0.0;0.0;0.0;7.0;9.0;17.5;0.0;3.4;0.0;9.0;8.5;0.0;1.0;1.6;888.0;888.0;888.0
Marco;MARCO;-3.12022222222;-40.14625;2017;3;199.5;4.0;22.5;26.5;6.5;0.0;1.0;0.5;1.0;11.6;0.0;8.0;0.0;21.0;0.9;3.0;0.0;15.2;2.2;0.0;3.5;11.8;17.3;12.0;6.4;0.0;7.8;1.8;5.0;1.8;0.0;8.2
Marco;MARCO;-3.12022222222;-40.14625;2017;4;238.7;15.2;55.0;0.0;25.0;24.0;0.0;0.0;0.0;0.0;3.0;19.0;36.0;8.0;9.8;19.0;3.5;0.0;0.0;0.0;0.0;0.0;0.0;1.4;2.2;0.0;0.0;4.0;0.0;2.0;11.6;888.0
Marco;MARCO;-3.12022222222;-40.14625;2017;5;165.7;1.5;0.0;0.0;0.0;7.0;0.0;0.0;3.5;54.0;0.0;0.0;0.0;0.0;0.0;0.0;0.0;0.0;1.5;21.2;0.0;0.0;0.0;0.0;0.0;0.0;0.0;0.0;10.4;60.2;6.4;0.0
Marco;MARCO;-3.12022222222;-40.14625;2017;6;23.0;0.0;0.0;0.0;0.0;0.0;0.0;0.0;0.0;0.0;0.0;0.0;23.0;0.0;0.0;0.0;0.0;0.0;0.0;0.0;0.0;0.0;0.0;0.0;0.0;0.0;0.0;0.0;0.0;0.0;0.0;888.0
Marco;MARCO;-3.12022222222;-40.14625;2017;7;0.0;0.0;0.0;0.0;0.0;0.0;0.0;0.0;0.0;0.0;0.0;0.0;0.0;0.0;0.0;0.0;0.0;0.0;0.0;0.0;0.0;0.0;0.0;0.0;0.0;0.0;0.0;0.0;0.0;0.0;0.0;0.0
Marco;MARCO;-3.12022222222;-40.14625;2017;8;0.0;0.0;0.0;0.0;0.0;0.0;0.0;0.0;0.0;0.0;0.0;0.0;0.0;0.0;0.0;0.0;0.0;0.0;0.0;0.0;0.0;0.0;0.0;0.0;0.0;0.0;0.0;0.0;0.0;0.0;0.0;0.0
Marco;MARCO;-3.12022222222;-40.14625;2017;9;0.0;0.0;0.0;0.0;0.0;0.0;0.0;0.0;0.0;0.0;0.0;0.0;0.0;0.0;0.0;0.0;0.0;0.0;0.0;0.0;0.0;0.0;0.0;0.0;0.0;0.0;0.0;0.0;0.0;0.0;0.0;888.0
Marco;MARCO;-3.12022222222;-40.14625;2017;10;0.0;0.0;0.0;0.0;0.0;0.0;0.0;0.0;0.0;0.0;0.0;0.0;0.0;0.0;0.0;0.0;0.0;0.0;0.0;0.0;0.0;0.0;0.0;0.0;0.0;0.0;0.0;0.0;0.0;0.0;0.0;0.0
Marco;MARCO;-3.12022222222;-40.14625;2017;11;0.0;0.0;0.0;0.0;0.0;0.0;0.0;0.0;0.0;0.0;0.0;0.0;0.0;0.0;0.0;0.0;0.0;0.0;0.0;0.0;0.0;0.0;0.0;0.0;0.0;0.0;0.0;0.0;0.0;0.0;0.0;888.0
Marco;MARCO;-3.12022222222;-40.14625;2017;12;34.6;0.0;0.0;0.0;0.0;0.0;0.0;0.0;0.0;0.0;0.0;0.0;0.0;0.0;0.0;0.0;0.0;0.0;0.0;0.0;0.0;0.0;2.0;27.0;5.6;0.0;0.0;0.0;0.0;0.0;0.0;0.0
Marco;MARCO;-3.12022222222;-40.14625;2018;1;86.5;0.0;0.0;0.0;0.0;0.0;0.0;0.0;0.0;0.0;0.0;15.0;0.0;0.0;0.0;1.0;0.0;0.0;0.0;1.5;0.0;0.0;0.0;2.5;0.0;4.0;3.0;0.0;58.0;1.5;0.0;0.0
Marco;MARCO;-3.12022222222;-40.14625;2018;2;300.0;0.0;0.0;23.5;1.0;0.0;2.4;5.2;25.0;1.0;0.0;3.0;9.8;75.0;74.6;8.0;2.5;3.5;1.0;9.0;8.0;0.0;36.0;5.5;2.5;0.0;3.5;0.0;0.0;888.0;888.0;888.0
Marco;MARCO;-3.12022222222;-40.14625;2018;3;133.6;1.0;11.4;0.0;0.0;6.0;2.5;0.0;1.5;0.0;0.6;21.0;0.0;0.0;11.0;5.0;7.0;0.0;0.0;3.0;0.0;1.0;2.5;15.0;0.0;0.0;15.6;9.0;1.0;17.0;2.5;0.0
Marco;MARCO;-3.12022222222;-40.14625;2018;4;284.0;5.0;21.5;0.0;0.4;5.5;0.0;9.0;0.0;17.4;0.0;16.4;70.5;27.0;46.8;4.0;1.5;34.0;6.5;0.0;3.0;0.0;4.5;0.0;3.0;1.0;0.0;7.0;0.0;0.0;0.0;888.0
Marco;MARCO;-3.12022222222;-40.14625;2018;5;133.9;5.0;3.0;0.0;1.0;5.0;0.0;0.0;39.0;3.2;21.3;1.0;0.0;1.0;10.0;0.0;0.0;0.0;5.6;0.0;0.0;0.8;16.0;3.0;0.0;3.0;16.0;0.0;0.0;0.0;0.0;0.0
Marco;MARCO;-3.12022222222;-40.14625;2018;6;24.0;2.0;0.0;0.0;0.0;0.0;0.0;0.0;2.0;0.0;0.0;0.0;0.0;0.0;0.0;0.0;0.0;0.0;0.0;16.5;3.5;0.0;0.0;0.0;0.0;0.0;0.0;0.0;0.0;0.0;0.0;888.0
Marco;MARCO;-3.12022222222;-40.14625;2018;7;34.0;0.0;0.0;0.0;0.0;0.0;0.0;8.0;26.0;0.0;0.0;0.0;0.0;0.0;0.0;0.0;0.0;0.0;0.0;0.0;0.0;0.0;0.0;0.0;0.0;0.0;0.0;0.0;0.0;0.0;0.0;0.0
Marco;MARCO;-3.12022222222;-40.14625;2018;8;3.0;0.0;3.0;0.0;0.0;0.0;0.0;0.0;0.0;0.0;0.0;0.0;0.0;0.0;0.0;0.0;0.0;0.0;0.0;0.0;0.0;0.0;0.0;0.0;0.0;0.0;0.0;0.0;0.0;0.0;0.0;0.0
Marco;MARCO;-3.12022222222;-40.14625;2018;9;0.0;0.0;0.0;0.0;0.0;0.0;0.0;0.0;0.0;0.0;0.0;0.0;0.0;0.0;999.0;999.0;999.0;999.0;999.0;999.0;999.0;999.0;999.0;999.0;999.0;999.0;999.0;999.0;999.0;999.0;999.0;888.0
