Municipios;Postos;Latitude;Longitude;Anos;Meses;Total;Dia1;Dia2;Dia3;Dia4;Dia5;Dia6;Dia7;Dia8;Dia9;Dia10;Dia11;Dia12;Dia13;Dia14;Dia15;Dia16;Dia17;Dia18;Dia19;Dia20;Dia21;Dia22;Dia23;Dia24;Dia25;Dia26;Dia27;Dia28;Dia29;Dia30;Dia31
Antonina do Norte;ANTONINA DO NORTE;-6.77425;-39.987638888889;1976;1;28.5;7.6;9.4;2.6;3.3;0.0;0.0;0.0;0.0;0.0;0.0;0.0;0.0;0.0;0.0;0.0;0.0;0.0;0.0;0.0;0.0;0.0;0.0;0.0;0.0;0.0;0.0;5.6;0.0;0.0;0.0;0.0
Antonina do Norte;ANTONINA DO NORTE;-6.77425;-39.987638888889;1976;2;215.4;0.0;0.0;3.6;0.0;0.0;0.0;4.6;0.0;0.0;36.6;10.2;1.8;16.2;6.6;15.2;30.4;12.5;0.0;12.6;0.0;30.4;6.2;8.8;2.3;5.4;1.8;10.2;0.0;0.0;888.0;888.0
Antonina do Norte;ANTONINA DO NORTE;-6.77425;-39.987638888889;1976;3;124.3;18.8;10.3;10.4;0.0;4.8;6.6;0.0;0.0;15.1;11.6;16.4;0.0;0.0;11.2;0.0;0.0;0.0;0.0;0.0;0.0;0.0;0.0;11.6;0.0;0.0;4.3;0.0;0.0;0.0;3.2;0.0
Antonina do Norte;ANTONINA DO NORTE;-6.77425;-39.987638888889;1976;4;57.8;2.3;6.8;0.0;11.8;17.4;0.0;0.0;16.7;2.8;0.0;0.0;0.0;0.0;0.0;0.0;0.0;0.0;0.0;0.0;0.0;0.0;0.0;0.0;0.0;0.0;0.0;0.0;0.0;0.0;0.0;888.0
Antonina do Norte;ANTONINA DO NORTE;-6.77425;-39.987638888889;1976;5;0.0;0.0;0.0;0.0;0.0;0.0;0.0;0.0;0.0;0.0;0.0;0.0;0.0;0.0;0.0;0.0;0.0;0.0;0.0;0.0;0.0;0.0;0.0;0.0;0.0;0.0;0.0;0.0;0.0;0.0;0.0;0.0
Antonina do Norte;ANTONINA DO NORTE;-6.77425;-39.987638888889;1976;6;0.0;0.0;0.0;0.0;0.0;0.0;0.0;0.0;0.0;0.0;0.0;0.0;0.0;0.0;0.0;0.0;0.0;0.0;0.0;0.0;0.0;0.0;0.0;0.0;0.0;0.0;0.0;0.0;0.0;0.0;0.0;888.0
Antonina do Norte;ANTONINA DO NORTE;-6.77425;-39.987638888889;1976;7;0.0;0.0;0.0;0.0;0.0;0.0;0.0;0.0;0.0;0.0;0.0;0.0;0.0;0.0;0.0;0.0;0.0;0.0;0.0;0.0;0.0;0.0;0.0;0.0;0.0;0.0;0.0;0.0;0.0;0.0;0.0;0.0
Antonina do Norte;ANTONINA DO NORTE;-6.77425;-39.987638888889;1976;8;0.0;0.0;0.0;0.0;0.0;0.0;0.0;0.0;0.0;0.0;0.0;0.0;0.0;0.0;0.0;0.0;0.0;0.0;0.0;0.0;0.0;0.0;0.0;0.0;0.0;0.0;0.0;0.0;0.0;0.0;0.0;0.0
Antonina do Norte;ANTONINA DO NORTE;-6.77425;-39.987638888889;1976;9;0.0;0.0;0.0;0.0;0.0;0.0;0.0;0.0;0.0;0.0;0.0;0.0;0.0;0.0;0.0;0.0;0.0;0.0;0.0;0.0;0.0;0.0;0.0;0.0;0.0;0.0;0.0;0.0;0.0;0.0;0.0;888.0
Antonina do Norte;ANTONINA DO NORTE;-6.77425;-39.987638888889;1976;10;0.0;0.0;0.0;0.0;0.0;0.0;0.0;0.0;0.0;0.0;0.0;0.0;0.0;0.0;0.0;0.0;0.0;0.0;0.0;0.0;0.0;0.0;0.0;0.0;0.0;0.0;0.0;0.0;0.0;0.0;0.0;0.0
Antonina do Norte;ANTONINA DO NORTE;-6.77425;-39.987638888889;1976;11;152.3;0.0;0.0;0.0;0.0;0.0;0.0;0.0;0.0;0.0;0.0;0.0;0.0;0.0;120.2;0.0;0.0;0.0;11.3;0.0;0.0;0.0;0.0;0.0;0.0;0.0;0.0;20.8;0.0;0.0;0.0;888.0
Antonina do Norte;ANTONINA DO NORTE;-6.77425;-39.987638888889;1976;12;0.0;0.0;0.0;0.0;0.0;0.0;0.0;0.0;0.0;0.0;0.0;0.0;0.0;0.0;0.0;0.0;0.0;0.0;0.0;0.0;0.0;0.0;0.0;0.0;0.0;0.0;0.0;0.0;0.0;0.0;0.0;0.0
Antonina do Norte;ANTONINA DO NORTE;-6.77425;-39.987638888889;1977;1;38.5;0.0;0.0;0.0;0.0;4.5;0.0;0.0;0.0;13.6;8.8;1.4;0.0;0.0;8.0;0.0;0.0;0.0;0.0;0.0;0.0;0.0;0.0;0.6;0.0;1.6;0.0;0.0;0.0;0.0;0.0;0.0
Antonina do Norte;ANTONINA DO NORTE;-6.77425;-39.987638888889;1977;2;145.4;0.0;0.0;8.4;1.3;8.4;15.2;0.0;0.0;10.8;0.0;5.2;3.5;0.0;0.0;0.0;30.8;0.0;0.0;8.8;0.0;0.0;9.6;0.0;13.3;14.6;0.0;10.2;5.3;888.0;888.0;888.0
Antonina do Norte;ANTONINA DO NORTE;-6.77425;-39.987638888889;1977;3;153.2;7.2;7.3;1.8;3.3;43.6;0.0;0.0;0.0;0.0;35.8;4.2;0.0;0.0;1.1;2.5;2.8;1.6;1.3;5.2;1.2;0.0;0.0;0.0;0.0;10.2;14.3;0.0;0.0;0.0;9.3;0.5
Antonina do Norte;ANTONINA DO NORTE;-6.77425;-39.987638888889;1977;4;421.6;22.8;0.0;0.0;1.1;2.2;15.6;0.0;8.3;0.6;0.0;46.1;18.3;104.6;0.0;16.4;0.0;0.0;0.0;8.7;0.0;0.0;0.0;0.0;0.0;46.2;0.0;130.7;0.0;0.0;0.0;888.0
Antonina do Norte;ANTONINA DO NORTE;-6.77425;-39.987638888889;1977;5;64.6;0.0;0.0;0.0;0.0;8.6;3.6;0.0;0.0;0.0;52.4;0.0;0.0;0.0;0.0;0.0;0.0;0.0;0.0;0.0;0.0;0.0;0.0;0.0;0.0;0.0;0.0;0.0;0.0;0.0;0.0;0.0
Antonina do Norte;ANTONINA DO NORTE;-6.77425;-39.987638888889;1977;6;89.4;0.0;0.0;0.0;0.0;8.6;0.0;10.6;0.0;0.0;52.4;0.0;0.0;0.0;0.0;0.0;0.0;0.0;0.0;0.0;0.0;5.2;0.0;0.0;0.0;0.0;12.6;0.0;0.0;0.0;0.0;888.0
Antonina do Norte;ANTONINA DO NORTE;-6.77425;-39.987638888889;1977;7;0.0;0.0;0.0;0.0;0.0;0.0;0.0;0.0;0.0;0.0;0.0;0.0;0.0;0.0;0.0;0.0;0.0;0.0;0.0;0.0;0.0;0.0;0.0;0.0;0.0;0.0;0.0;0.0;0.0;0.0;0.0;0.0
Antonina do Norte;ANTONINA DO NORTE;-6.77425;-39.987638888889;1977;8;0.0;0.0;0.0;0.0;0.0;0.0;0.0;0.0;0.0;0.0;0.0;0.0;0.0;0.0;0.0;0.0;0.0;0.0;0.0;0.0;0.0;0.0;0.0;0.0;0.0;0.0;0.0;0.0;0.0;0.0;0.0;0.0
Antonina do Norte;ANTONINA DO NORTE;-6.77425;-39.987638888889;1977;9;0.0;0.0;0.0;0.0;0.0;0.0;0.0;0.0;0.0;0.0;0.0;0.0;0.0;0.0;0.0;0.0;0.0;0.0;0.0;0.0;0.0;0.0;0.0;0.0;0.0;0.0;0.0;0.0;0.0;0.0;0.0;888.0
Antonina do Norte;ANTONINA DO NORTE;-6.77425;-39.987638888889;1977;10;48.6;0.0;40.2;0.0;0.0;0.0;0.0;0.0;0.0;8.4;0.0;0.0;0.0;0.0;0.0;0.0;0.0;0.0;0.0;0.0;0.0;0.0;0.0;0.0;0.0;0.0;0.0;0.0;0.0;0.0;0.0;0.0
Antonina do Norte;ANTONINA DO NORTE;-6.77425;-39.987638888889;1977;11;20.6;0.0;0.0;0.0;0.0;0.0;0.0;0.0;0.0;20.6;0.0;0.0;0.0;0.0;0.0;0.0;0.0;0.0;0.0;0.0;0.0;0.0;0.0;0.0;0.0;0.0;0.0;0.0;0.0;0.0;0.0;888.0
Antonina do Norte;ANTONINA DO NORTE;-6.77425;-39.987638888889;1977;12;162.8;0.0;0.0;0.0;0.0;10.6;0.0;0.0;0.0;0.0;0.0;20.2;0.0;0.0;0.0;66.4;0.0;0.0;0.0;0.0;0.0;0.0;0.0;0.0;0.0;0.0;0.0;0.0;0.0;0.0;0.0;65.6
Antonina do Norte;ANTONINA DO NORTE;-6.77425;-39.987638888889;1978;1;107.2;0.0;0.0;0.0;0.0;0.0;8.6;0.0;0.0;0.0;0.0;0.0;0.0;0.0;0.0;0.0;0.0;0.0;44.1;0.0;0.0;0.0;0.0;0.0;44.2;2.1;0.0;0.0;8.2;0.0;0.0;0.0
Antonina do Norte;ANTONINA DO NORTE;-6.77425;-39.987638888889;1978;2;85.5;0.0;0.0;0.0;0.0;0.0;0.0;0.0;8.6;0.0;0.0;0.0;0.0;0.0;1.6;0.0;0.0;0.0;0.0;0.0;0.0;0.0;0.0;0.0;0.0;38.4;26.3;4.2;6.4;888.0;888.0;888.0
Antonina do Norte;ANTONINA DO NORTE;-6.77425;-39.987638888889;1978;3;116.5;2.3;2.1;1.6;0.0;4.3;0.0;8.8;0.6;0.0;0.2;0.0;4.6;0.0;23.4;36.6;32.0;0.0;0.0;0.0;0.0;0.0;0.0;0.0;0.0;0.0;0.0;0.0;0.0;0.0;0.0;0.0
Antonina do Norte;ANTONINA DO NORTE;-6.77425;-39.987638888889;1978;4;146.6;0.0;0.0;0.0;0.0;32.0;0.0;0.0;0.0;0.0;0.0;0.0;0.0;0.0;0.0;0.0;0.0;0.0;0.0;0.0;0.0;0.0;34.2;24.8;0.0;8.8;0.0;46.8;0.0;0.0;0.0;888.0
Antonina do Norte;ANTONINA DO NORTE;-6.77425;-39.987638888889;1978;5;257.0;0.0;0.0;0.0;24.8;206.3;0.0;0.0;8.6;10.2;0.0;0.0;0.0;0.0;0.0;0.0;0.0;7.1;0.0;0.0;0.0;0.0;0.0;0.0;0.0;0.0;0.0;0.0;0.0;0.0;0.0;0.0
Antonina do Norte;ANTONINA DO NORTE;-6.77425;-39.987638888889;1978;6;0.0;0.0;0.0;0.0;0.0;0.0;0.0;0.0;0.0;0.0;0.0;0.0;0.0;0.0;0.0;0.0;0.0;0.0;0.0;0.0;0.0;0.0;0.0;0.0;0.0;0.0;0.0;0.0;0.0;0.0;0.0;888.0
Antonina do Norte;ANTONINA DO NORTE;-6.77425;-39.987638888889;1978;7;0.0;0.0;0.0;0.0;0.0;0.0;0.0;0.0;0.0;0.0;0.0;0.0;0.0;0.0;0.0;0.0;0.0;0.0;0.0;0.0;0.0;0.0;0.0;0.0;0.0;0.0;0.0;0.0;0.0;0.0;0.0;0.0
Antonina do Norte;ANTONINA DO NORTE;-6.77425;-39.987638888889;1978;8;0.0;0.0;0.0;0.0;0.0;0.0;0.0;0.0;0.0;0.0;0.0;0.0;0.0;0.0;0.0;0.0;0.0;0.0;0.0;0.0;0.0;0.0;0.0;0.0;0.0;0.0;0.0;0.0;0.0;0.0;0.0;0.0
Antonina do Norte;ANTONINA DO NORTE;-6.77425;-39.987638888889;1978;9;0.0;0.0;0.0;0.0;0.0;0.0;0.0;0.0;0.0;0.0;0.0;0.0;0.0;0.0;0.0;0.0;0.0;0.0;0.0;0.0;0.0;0.0;0.0;0.0;0.0;0.0;0.0;0.0;0.0;0.0;0.0;888.0
Antonina do Norte;ANTONINA DO NORTE;-6.77425;-39.987638888889;1978;10;0.0;0.0;0.0;0.0;0.0;0.0;0.0;0.0;0.0;0.0;0.0;0.0;0.0;0.0;0.0;0.0;0.0;0.0;0.0;0.0;0.0;0.0;0.0;0.0;0.0;0.0;0.0;0.0;0.0;0.0;0.0;0.0
Antonina do Norte;ANTONINA DO NORTE;-6.77425;-39.987638888889;1978;11;0.0;0.0;0.0;0.0;0.0;0.0;0.0;0.0;0.0;0.0;0.0;0.0;0.0;0.0;0.0;0.0;0.0;0.0;0.0;0.0;0.0;0.0;0.0;0.0;0.0;0.0;0.0;0.0;0.0;0.0;0.0;888.0
Antonina do Norte;ANTONINA DO NORTE;-6.77425;-39.987638888889;1978;12;0.0;0.0;0.0;0.0;0.0;0.0;0.0;0.0;0.0;0.0;0.0;0.0;0.0;0.0;0.0;0.0;0.0;0.0;0.0;0.0;0.0;0.0;0.0;0.0;0.0;0.0;0.0;0.0;0.0;0.0;0.0;0.0
Antonina do Norte;ANTONINA DO NORTE;-6.77425;-39.987638888889;1981;1;46.3;0.0;0.0;0.0;0.0;0.0;0.0;0.0;0.0;0.0;0.0;0.0;0.0;0.0;3.6;0.0;0.0;0.0;16.2;0.0;0.0;0.0;0.0;0.0;0.0;0.0;16.3;0.0;0.0;0.0;10.2;0.0
Antonina do Norte;ANTONINA DO NORTE;-6.77425;-39.987638888889;1981;2;0.0;0.0;0.0;0.0;0.0;0.0;0.0;0.0;0.0;0.0;0.0;0.0;0.0;0.0;0.0;0.0;0.0;0.0;0.0;0.0;0.0;0.0;0.0;0.0;0.0;0.0;0.0;0.0;0.0;888.0;888.0;888.0
Antonina do Norte;ANTONINA DO NORTE;-6.77425;-39.987638888889;1981;3;481.0;0.0;0.0;0.0;0.0;0.0;0.0;0.0;0.0;0.0;0.0;0.0;0.0;4.5;9.6;32.6;24.2;18.3;6.8;1.6;34.1;2.2;0.0;190.0;10.2;2.6;11.2;15.3;21.6;96.2;0.0;0.0
Antonina do Norte;ANTONINA DO NORTE;-6.77425;-39.987638888889;1981;4;125.0;44.2;21.3;9.6;21.6;23.1;0.0;0.0;0.0;0.0;5.2;0.0;0.0;0.0;0.0;0.0;0.0;0.0;0.0;0.0;0.0;0.0;0.0;0.0;0.0;0.0;0.0;0.0;0.0;0.0;0.0;888.0
Antonina do Norte;ANTONINA DO NORTE;-6.77425;-39.987638888889;1981;5;0.0;0.0;0.0;0.0;0.0;0.0;0.0;0.0;0.0;0.0;0.0;0.0;0.0;0.0;0.0;0.0;0.0;0.0;0.0;0.0;0.0;0.0;0.0;0.0;0.0;0.0;0.0;0.0;0.0;0.0;0.0;0.0
Antonina do Norte;ANTONINA DO NORTE;-6.77425;-39.987638888889;1981;6;12.6;0.0;0.0;0.0;0.0;0.0;0.0;0.0;0.0;0.0;12.6;0.0;0.0;0.0;0.0;0.0;0.0;0.0;0.0;0.0;0.0;0.0;0.0;0.0;0.0;0.0;0.0;0.0;0.0;0.0;0.0;888.0
Antonina do Norte;ANTONINA DO NORTE;-6.77425;-39.987638888889;1981;7;0.0;0.0;0.0;0.0;0.0;0.0;0.0;0.0;0.0;0.0;0.0;0.0;0.0;0.0;0.0;0.0;0.0;0.0;0.0;0.0;0.0;0.0;0.0;0.0;0.0;0.0;0.0;0.0;0.0;0.0;0.0;0.0
Antonina do Norte;ANTONINA DO NORTE;-6.77425;-39.987638888889;1981;8;0.0;0.0;0.0;0.0;0.0;0.0;0.0;0.0;0.0;0.0;0.0;0.0;0.0;0.0;0.0;0.0;0.0;0.0;0.0;0.0;0.0;0.0;0.0;0.0;0.0;0.0;0.0;0.0;0.0;0.0;0.0;0.0
Antonina do Norte;ANTONINA DO NORTE;-6.77425;-39.987638888889;1981;9;0.0;0.0;0.0;0.0;0.0;0.0;0.0;0.0;0.0;0.0;0.0;0.0;0.0;0.0;0.0;0.0;0.0;0.0;0.0;0.0;0.0;0.0;0.0;0.0;0.0;0.0;0.0;0.0;0.0;0.0;0.0;888.0
Antonina do Norte;ANTONINA DO NORTE;-6.77425;-39.987638888889;1981;10;0.0;0.0;0.0;0.0;0.0;0.0;0.0;0.0;0.0;0.0;0.0;0.0;0.0;0.0;0.0;0.0;0.0;0.0;0.0;0.0;0.0;0.0;0.0;0.0;0.0;0.0;0.0;0.0;0.0;0.0;0.0;0.0
Antonina do Norte;ANTONINA DO NORTE;-6.77425;-39.987638888889;1981;11;0.0;0.0;0.0;0.0;0.0;0.0;0.0;0.0;0.0;0.0;0.0;0.0;0.0;0.0;0.0;0.0;0.0;0.0;0.0;0.0;0.0;0.0;0.0;0.0;0.0;0.0;0.0;0.0;0.0;0.0;0.0;888.0
Antonina do Norte;ANTONINA DO NORTE;-6.77425;-39.987638888889;1981;12;53.1;0.0;0.0;0.0;0.0;0.0;0.0;0.0;0.0;0.0;0.0;0.0;0.0;0.0;0.0;0.0;0.0;0.0;0.0;0.0;0.0;11.6;0.7;4.6;11.6;24.6;0.0;0.0;0.0;0.0;0.0;0.0
Antonina do Norte;ANTONINA DO NORTE;-6.77425;-39.987638888889;1982;1;181.3;0.0;0.0;0.0;0.0;0.0;0.0;29.6;40.2;0.0;0.0;8.6;0.0;0.0;0.0;0.0;0.0;0.0;0.0;0.0;0.0;0.0;0.0;8.6;3.5;0.0;0.0;9.8;10.1;50.1;14.2;6.6
Antonina do Norte;ANTONINA DO NORTE;-6.77425;-39.987638888889;1982;2;145.5;9.2;8.2;0.0;0.0;0.0;0.0;0.0;0.0;0.0;0.0;0.0;0.0;0.0;0.0;0.0;0.0;3.4;78.2;0.0;0.0;2.2;0.0;4.1;0.0;5.5;11.8;10.6;12.3;888.0;888.0;888.0
Antonina do Norte;ANTONINA DO NORTE;-6.77425;-39.987638888889;1982;3;203.0;32.2;1.6;6.6;2.1;0.0;4.6;0.0;10.8;62.6;6.6;0.0;12.6;0.0;0.0;2.4;20.8;0.0;0.0;0.0;0.0;40.1;0.0;0.0;0.0;0.0;0.0;0.0;0.0;0.0;0.0;0.0
Antonina do Norte;ANTONINA DO NORTE;-6.77425;-39.987638888889;1982;4;151.1;0.0;0.0;0.0;0.0;0.0;0.0;0.0;0.0;0.0;0.0;0.0;0.0;0.0;0.0;63.0;0.0;27.0;11.1;50.0;0.0;0.0;0.0;0.0;0.0;0.0;0.0;0.0;0.0;0.0;0.0;888.0
Antonina do Norte;ANTONINA DO NORTE;-6.77425;-39.987638888889;1982;5;0.0;0.0;0.0;0.0;0.0;0.0;0.0;0.0;0.0;0.0;0.0;0.0;0.0;0.0;0.0;0.0;0.0;0.0;0.0;0.0;0.0;0.0;0.0;0.0;0.0;0.0;0.0;0.0;0.0;0.0;0.0;0.0
Antonina do Norte;ANTONINA DO NORTE;-6.77425;-39.987638888889;1982;6;0.0;0.0;0.0;0.0;0.0;0.0;0.0;0.0;0.0;0.0;0.0;0.0;0.0;0.0;0.0;0.0;0.0;0.0;0.0;0.0;0.0;0.0;0.0;0.0;0.0;0.0;0.0;0.0;0.0;0.0;0.0;888.0
Antonina do Norte;ANTONINA DO NORTE;-6.77425;-39.987638888889;1982;7;0.0;0.0;0.0;0.0;0.0;0.0;0.0;0.0;0.0;0.0;0.0;0.0;0.0;0.0;0.0;0.0;0.0;0.0;0.0;0.0;0.0;0.0;0.0;0.0;0.0;0.0;0.0;0.0;0.0;0.0;0.0;0.0
Antonina do Norte;ANTONINA DO NORTE;-6.77425;-39.987638888889;1982;8;0.0;0.0;0.0;0.0;0.0;0.0;0.0;0.0;0.0;0.0;0.0;0.0;0.0;0.0;0.0;0.0;0.0;0.0;0.0;0.0;0.0;0.0;0.0;0.0;0.0;0.0;0.0;0.0;0.0;0.0;0.0;0.0
Antonina do Norte;ANTONINA DO NORTE;-6.77425;-39.987638888889;1982;9;0.0;0.0;0.0;0.0;0.0;0.0;0.0;0.0;0.0;0.0;0.0;0.0;0.0;0.0;0.0;0.0;0.0;0.0;0.0;0.0;0.0;0.0;0.0;0.0;0.0;0.0;0.0;0.0;0.0;0.0;0.0;888.0
Antonina do Norte;ANTONINA DO NORTE;-6.77425;-39.987638888889;1982;10;0.0;0.0;0.0;0.0;0.0;0.0;0.0;0.0;0.0;0.0;0.0;0.0;0.0;0.0;0.0;0.0;0.0;0.0;0.0;0.0;0.0;0.0;0.0;0.0;0.0;0.0;0.0;0.0;0.0;0.0;0.0;0.0
Antonina do Norte;ANTONINA DO NORTE;-6.77425;-39.987638888889;1982;11;0.0;0.0;0.0;0.0;0.0;0.0;0.0;0.0;0.0;0.0;0.0;0.0;0.0;0.0;0.0;0.0;0.0;0.0;0.0;0.0;0.0;0.0;0.0;0.0;0.0;0.0;0.0;0.0;0.0;0.0;0.0;888.0
Antonina do Norte;ANTONINA DO NORTE;-6.77425;-39.987638888889;1982;12;13.2;0.0;0.0;0.0;0.0;0.0;0.0;0.0;0.0;0.0;0.0;0.0;0.0;0.0;0.0;0.0;0.0;0.0;0.0;0.0;0.0;0.0;0.0;0.0;0.0;0.0;0.0;13.2;0.0;0.0;0.0;0.0
Antonina do Norte;ANTONINA DO NORTE;-6.77425;-39.987638888889;1983;1;2.5;0.0;0.0;0.0;0.0;0.0;0.0;0.0;0.0;0.0;0.0;0.0;0.0;0.0;0.0;0.0;0.0;0.0;0.0;0.0;0.0;0.0;0.0;0.0;0.0;0.0;0.0;2.5;0.0;0.0;0.0;0.0
Antonina do Norte;ANTONINA DO NORTE;-6.77425;-39.987638888889;1983;2;243.7;0.0;0.0;0.0;40.2;20.6;2.6;0.0;29.7;26.1;14.6;58.2;14.2;0.0;0.0;37.5;0.0;0.0;0.0;0.0;0.0;0.0;0.0;0.0;0.0;0.0;0.0;0.0;0.0;888.0;888.0;888.0
Antonina do Norte;ANTONINA DO NORTE;-6.77425;-39.987638888889;1983;3;103.0;0.0;0.0;0.0;0.0;0.0;0.0;5.5;0.0;0.0;0.0;0.0;0.0;0.0;0.0;0.0;0.0;0.0;10.0;16.0;0.0;0.0;0.0;0.0;38.2;5.1;0.0;10.1;0.0;18.1;0.0;0.0
Antonina do Norte;ANTONINA DO NORTE;-6.77425;-39.987638888889;1983;4;21.4;0.0;0.0;0.0;7.9;10.0;0.0;3.5;0.0;0.0;0.0;0.0;0.0;0.0;0.0;0.0;0.0;0.0;0.0;0.0;0.0;0.0;0.0;0.0;0.0;0.0;0.0;0.0;0.0;0.0;0.0;888.0
Antonina do Norte;ANTONINA DO NORTE;-6.77425;-39.987638888889;1983;5;4.8;0.0;0.0;0.0;0.0;0.0;0.0;0.0;0.0;0.0;2.3;0.0;0.0;0.0;0.0;0.0;0.0;0.0;0.0;0.0;0.0;0.0;0.0;2.5;0.0;0.0;0.0;0.0;0.0;0.0;0.0;0.0
Antonina do Norte;ANTONINA DO NORTE;-6.77425;-39.987638888889;1983;6;15.3;0.0;0.0;3.0;12.3;0.0;0.0;0.0;0.0;0.0;0.0;0.0;0.0;0.0;0.0;0.0;0.0;0.0;0.0;0.0;0.0;0.0;0.0;0.0;0.0;0.0;0.0;0.0;0.0;0.0;0.0;888.0
Antonina do Norte;ANTONINA DO NORTE;-6.77425;-39.987638888889;1983;7;0.0;0.0;0.0;0.0;0.0;0.0;0.0;0.0;0.0;0.0;0.0;0.0;0.0;0.0;0.0;0.0;0.0;0.0;0.0;0.0;0.0;0.0;0.0;0.0;0.0;0.0;0.0;0.0;0.0;0.0;0.0;0.0
Antonina do Norte;ANTONINA DO NORTE;-6.77425;-39.987638888889;1983;8;0.0;0.0;0.0;0.0;0.0;0.0;0.0;0.0;0.0;0.0;0.0;0.0;0.0;0.0;0.0;0.0;0.0;0.0;0.0;0.0;0.0;0.0;0.0;0.0;0.0;0.0;0.0;0.0;0.0;0.0;0.0;0.0
Antonina do Norte;ANTONINA DO NORTE;-6.77425;-39.987638888889;1983;9;0.0;0.0;0.0;0.0;0.0;0.0;0.0;0.0;0.0;0.0;0.0;0.0;0.0;0.0;0.0;0.0;0.0;0.0;0.0;0.0;0.0;0.0;0.0;0.0;0.0;0.0;0.0;0.0;0.0;0.0;0.0;888.0
Antonina do Norte;ANTONINA DO NORTE;-6.77425;-39.987638888889;1983;10;0.0;0.0;0.0;0.0;0.0;0.0;0.0;0.0;0.0;0.0;0.0;0.0;0.0;0.0;0.0;0.0;0.0;0.0;0.0;0.0;0.0;0.0;0.0;0.0;0.0;0.0;0.0;0.0;0.0;0.0;0.0;0.0
Antonina do Norte;ANTONINA DO NORTE;-6.77425;-39.987638888889;1983;11;0.0;0.0;0.0;0.0;0.0;0.0;0.0;0.0;0.0;0.0;0.0;0.0;0.0;0.0;0.0;0.0;0.0;0.0;0.0;0.0;0.0;0.0;0.0;0.0;0.0;0.0;0.0;0.0;0.0;0.0;0.0;888.0
Antonina do Norte;ANTONINA DO NORTE;-6.77425;-39.987638888889;1983;12;37.2;0.0;9.0;0.0;0.0;0.0;0.0;0.0;0.0;0.0;0.0;0.0;0.0;0.0;0.0;13.2;0.0;0.0;0.0;0.0;0.0;0.0;0.0;0.0;0.0;0.0;0.0;15.0;0.0;0.0;0.0;0.0
Antonina do Norte;ANTONINA DO NORTE;-6.77425;-39.987638888889;1984;1;129.0;0.0;0.0;0.0;0.0;0.0;0.0;0.0;3.0;50.0;36.0;5.0;0.0;0.0;0.0;0.0;0.0;17.5;0.0;0.0;0.0;0.0;0.0;0.0;0.0;0.0;0.0;0.0;0.0;0.0;17.5;0.0
Antonina do Norte;ANTONINA DO NORTE;-6.77425;-39.987638888889;1984;2;50.9;3.0;0.0;0.0;12.5;0.0;0.0;5.0;0.0;0.0;0.0;0.0;0.0;2.6;12.4;1.0;0.0;0.0;0.0;0.0;0.0;0.0;0.0;0.0;0.0;0.0;0.0;0.0;0.0;14.4;888.0;888.0
Antonina do Norte;ANTONINA DO NORTE;-6.77425;-39.987638888889;1984;3;194.8;0.0;21.0;0.0;0.0;18.0;5.0;0.0;27.0;0.0;0.0;0.0;0.0;0.0;8.0;0.0;33.0;6.0;7.3;0.0;0.0;0.0;14.0;0.0;27.5;0.0;0.0;27.0;0.0;1.0;0.0;0.0
Antonina do Norte;ANTONINA DO NORTE;-6.77425;-39.987638888889;1984;4;287.2;0.0;0.0;30.0;27.2;36.5;1.5;15.0;0.0;31.0;0.0;4.0;0.0;0.0;0.0;0.0;56.5;33.5;5.5;0.0;5.5;8.0;0.0;11.0;13.0;2.5;6.5;0.0;0.0;0.0;0.0;888.0
Antonina do Norte;ANTONINA DO NORTE;-6.77425;-39.987638888889;1984;5;14.4;0.0;0.0;0.0;0.0;0.0;5.0;0.0;0.0;1.0;0.0;0.0;0.0;0.0;2.0;0.0;0.0;0.0;0.0;0.0;0.0;0.0;1.5;0.0;0.0;4.9;0.0;0.0;0.0;0.0;0.0;0.0
Antonina do Norte;ANTONINA DO NORTE;-6.77425;-39.987638888889;1984;6;0.0;0.0;0.0;0.0;0.0;0.0;0.0;0.0;0.0;0.0;0.0;0.0;0.0;0.0;0.0;0.0;0.0;0.0;0.0;0.0;0.0;0.0;0.0;0.0;0.0;0.0;0.0;0.0;0.0;0.0;0.0;888.0
Antonina do Norte;ANTONINA DO NORTE;-6.77425;-39.987638888889;1984;7;1.5;0.0;0.0;0.0;0.0;0.0;0.0;0.0;0.0;0.0;0.0;0.0;0.0;0.0;0.0;0.0;1.5;0.0;0.0;0.0;0.0;0.0;0.0;0.0;0.0;0.0;0.0;0.0;0.0;0.0;0.0;0.0
Antonina do Norte;ANTONINA DO NORTE;-6.77425;-39.987638888889;1984;8;18.3;0.0;0.0;0.0;0.0;0.0;0.0;0.0;0.0;0.0;0.0;0.0;0.0;0.0;1.5;0.0;0.0;0.0;0.0;0.0;0.0;0.0;0.0;1.8;0.0;0.0;15.0;0.0;0.0;0.0;0.0;0.0
Antonina do Norte;ANTONINA DO NORTE;-6.77425;-39.987638888889;1984;9;8.0;0.0;0.0;0.0;3.0;0.0;0.0;0.0;0.0;0.0;0.0;0.0;0.0;0.0;0.0;0.0;0.0;0.0;0.0;0.0;0.0;0.0;0.0;0.0;0.0;0.0;0.0;5.0;0.0;0.0;0.0;888.0
Antonina do Norte;ANTONINA DO NORTE;-6.77425;-39.987638888889;1984;10;53.0;0.0;0.0;0.0;0.0;24.0;0.0;0.0;0.0;0.0;0.0;18.0;0.0;0.0;0.0;0.0;0.0;0.0;0.0;0.0;0.0;0.0;0.0;0.0;0.0;0.0;0.0;0.0;0.0;11.0;0.0;0.0
Antonina do Norte;ANTONINA DO NORTE;-6.77425;-39.987638888889;1984;11;22.4;7.4;0.0;0.0;0.0;0.0;0.0;0.0;0.0;0.0;0.0;0.0;0.0;0.0;0.0;15.0;0.0;0.0;0.0;0.0;0.0;0.0;0.0;0.0;0.0;0.0;0.0;0.0;0.0;0.0;0.0;888.0
Antonina do Norte;ANTONINA DO NORTE;-6.77425;-39.987638888889;1984;12;11.0;0.0;0.0;0.0;0.0;0.0;0.0;0.0;0.0;0.0;0.0;0.0;0.0;0.0;0.0;0.0;0.0;0.0;0.0;0.0;0.0;0.0;0.0;0.0;0.0;0.0;0.0;0.0;0.0;0.0;0.0;11.0
Antonina do Norte;ANTONINA DO NORTE;-6.77425;-39.987638888889;1985;1;144.6;0.0;0.0;0.0;8.0;0.0;0.0;0.0;0.0;3.0;0.0;37.5;0.0;0.0;0.0;0.0;0.0;22.0;6.0;20.0;8.5;0.0;11.0;1.5;8.6;0.0;0.0;0.0;0.0;10.0;6.5;2.0
Antonina do Norte;ANTONINA DO NORTE;-6.77425;-39.987638888889;1985;2;263.1;11.0;0.0;18.0;10.0;50.0;0.0;1.5;0.0;0.0;0.0;18.0;0.0;30.0;3.0;7.0;0.0;15.3;29.3;6.1;31.3;7.2;20.3;0.0;0.0;0.0;0.0;0.0;5.1;888.0;888.0;888.0
Antonina do Norte;ANTONINA DO NORTE;-6.77425;-39.987638888889;1985;3;249.6;0.0;0.0;2.6;21.2;0.0;0.0;0.0;0.0;0.0;0.0;0.0;0.0;0.0;0.0;6.8;10.2;0.0;0.0;37.2;0.0;2.2;8.2;6.2;43.2;0.0;0.0;4.4;71.2;0.0;0.0;36.2
Antonina do Norte;ANTONINA DO NORTE;-6.77425;-39.987638888889;1985;4;251.3;4.6;0.0;2.8;1.1;5.4;0.0;4.1;62.2;3.3;0.0;10.2;1.2;10.6;0.0;0.0;0.0;36.2;18.1;0.0;0.0;0.0;0.0;0.0;0.0;6.6;2.2;7.1;12.2;27.2;36.2;888.0
Antonina do Norte;ANTONINA DO NORTE;-6.77425;-39.987638888889;1985;5;48.5;6.2;6.4;4.1;0.0;12.1;0.1;0.0;0.0;0.0;0.0;0.0;0.0;0.0;0.0;0.0;0.0;0.0;0.0;0.0;0.0;0.0;0.0;15.3;4.3;0.0;0.0;0.0;0.0;0.0;0.0;0.0
Antonina do Norte;ANTONINA DO NORTE;-6.77425;-39.987638888889;1985;6;25.8;0.0;0.0;0.0;0.0;2.1;2.6;0.0;0.0;0.0;0.0;0.0;21.1;0.0;0.0;0.0;0.0;0.0;0.0;0.0;0.0;0.0;0.0;0.0;0.0;0.0;0.0;0.0;0.0;0.0;0.0;888.0
Antonina do Norte;ANTONINA DO NORTE;-6.77425;-39.987638888889;1985;7;25.5;0.0;0.0;0.0;0.0;0.0;0.0;15.2;0.0;0.0;0.0;0.0;0.0;0.0;0.0;2.1;8.2;0.0;0.0;0.0;0.0;0.0;0.0;0.0;0.0;0.0;0.0;0.0;0.0;0.0;0.0;0.0
Antonina do Norte;ANTONINA DO NORTE;-6.77425;-39.987638888889;1985;8;15.2;0.0;0.0;0.0;0.0;0.0;0.0;0.0;0.0;0.0;0.0;0.0;0.0;0.0;0.0;0.0;0.0;0.0;0.0;0.0;0.0;0.0;0.0;0.0;0.0;15.2;0.0;0.0;0.0;0.0;0.0;0.0
Antonina do Norte;ANTONINA DO NORTE;-6.77425;-39.987638888889;1985;9;0.0;0.0;0.0;0.0;0.0;0.0;0.0;0.0;0.0;0.0;0.0;0.0;0.0;0.0;0.0;0.0;0.0;0.0;0.0;0.0;0.0;0.0;0.0;0.0;0.0;0.0;0.0;0.0;0.0;0.0;0.0;888.0
Antonina do Norte;ANTONINA DO NORTE;-6.77425;-39.987638888889;1985;10;0.0;0.0;0.0;0.0;0.0;0.0;0.0;0.0;0.0;0.0;0.0;0.0;0.0;0.0;0.0;0.0;0.0;0.0;0.0;0.0;0.0;0.0;0.0;0.0;0.0;0.0;0.0;0.0;0.0;0.0;0.0;0.0
Antonina do Norte;ANTONINA DO NORTE;-6.77425;-39.987638888889;1985;11;26.3;0.0;0.0;0.0;0.0;0.0;0.0;0.0;0.0;22.1;4.2;0.0;0.0;0.0;0.0;0.0;0.0;0.0;0.0;0.0;0.0;0.0;0.0;0.0;0.0;0.0;0.0;0.0;0.0;0.0;0.0;888.0
Antonina do Norte;ANTONINA DO NORTE;-6.77425;-39.987638888889;1985;12;44.3;0.0;0.0;1.2;0.0;0.0;0.0;0.0;0.0;0.0;0.0;3.6;0.0;0.0;1.2;6.2;2.1;0.0;0.0;22.2;0.0;0.0;0.0;0.0;5.2;2.6;0.0;0.0;0.0;0.0;0.0;0.0
Antonina do Norte;ANTONINA DO NORTE;-6.77425;-39.987638888889;1986;1;27.4;0.0;0.0;0.0;0.0;0.0;0.0;0.0;23.3;0.0;0.0;0.0;0.0;0.0;0.0;0.0;0.0;0.0;0.0;0.0;0.0;0.0;0.0;0.0;0.0;0.0;0.0;0.0;4.1;0.0;0.0;0.0
Antonina do Norte;ANTONINA DO NORTE;-6.77425;-39.987638888889;1986;2;157.1;28.4;3.2;0.0;0.0;4.1;20.2;0.0;0.0;0.0;2.3;0.0;0.0;0.0;0.0;0.0;0.0;0.0;0.0;0.0;0.0;0.0;36.6;0.0;0.0;0.0;62.3;0.0;0.0;888.0;888.0;888.0
Antonina do Norte;ANTONINA DO NORTE;-6.77425;-39.987638888889;1986;3;374.9;21.6;0.0;0.0;6.7;12.3;8.3;5.3;1.6;6.7;10.6;8.2;58.2;26.6;40.2;2.1;6.3;3.4;3.2;0.0;0.0;8.1;0.0;11.3;3.2;12.2;6.3;0.0;75.6;6.3;30.6;0.0
Antonina do Norte;ANTONINA DO NORTE;-6.77425;-39.987638888889;1986;4;201.3;0.0;0.0;0.0;0.0;0.0;0.0;11.3;25.2;4.1;10.3;0.0;0.0;8.6;0.0;21.1;20.2;8.2;0.0;0.0;0.0;4.1;0.0;0.0;10.2;1.2;12.2;3.1;0.0;1.3;60.2;888.0
Antonina do Norte;ANTONINA DO NORTE;-6.77425;-39.987638888889;1986;5;9.6;2.3;0.0;0.0;0.0;0.0;7.3;0.0;0.0;0.0;0.0;0.0;0.0;0.0;0.0;0.0;0.0;0.0;0.0;0.0;0.0;0.0;0.0;0.0;0.0;0.0;0.0;0.0;0.0;0.0;0.0;0.0
Antonina do Norte;ANTONINA DO NORTE;-6.77425;-39.987638888889;1986;6;104.8;21.4;77.2;6.1;0.1;0.0;0.0;0.0;0.0;0.0;0.0;0.0;0.0;0.0;0.0;0.0;0.0;0.0;0.0;0.0;0.0;0.0;0.0;0.0;0.0;0.0;0.0;0.0;0.0;0.0;0.0;888.0
Antonina do Norte;ANTONINA DO NORTE;-6.77425;-39.987638888889;1986;7;0.0;0.0;0.0;0.0;0.0;0.0;0.0;0.0;0.0;0.0;0.0;0.0;0.0;0.0;0.0;0.0;0.0;0.0;0.0;0.0;0.0;0.0;0.0;0.0;0.0;0.0;0.0;0.0;0.0;0.0;0.0;0.0
Antonina do Norte;ANTONINA DO NORTE;-6.77425;-39.987638888889;1986;8;0.0;0.0;0.0;0.0;0.0;0.0;0.0;0.0;0.0;0.0;0.0;0.0;0.0;0.0;0.0;0.0;0.0;0.0;0.0;0.0;0.0;0.0;0.0;0.0;0.0;0.0;0.0;0.0;0.0;0.0;0.0;0.0
Antonina do Norte;ANTONINA DO NORTE;-6.77425;-39.987638888889;1986;9;0.0;0.0;0.0;0.0;0.0;0.0;0.0;0.0;0.0;0.0;0.0;0.0;0.0;0.0;0.0;0.0;0.0;0.0;0.0;0.0;0.0;0.0;0.0;0.0;0.0;0.0;0.0;0.0;0.0;0.0;0.0;888.0
Antonina do Norte;ANTONINA DO NORTE;-6.77425;-39.987638888889;1986;10;0.0;0.0;0.0;0.0;0.0;0.0;0.0;0.0;0.0;0.0;0.0;0.0;0.0;0.0;0.0;0.0;0.0;0.0;0.0;0.0;0.0;0.0;0.0;0.0;0.0;0.0;0.0;0.0;0.0;0.0;0.0;0.0
Antonina do Norte;ANTONINA DO NORTE;-6.77425;-39.987638888889;1986;11;100.0;0.0;0.0;1.3;7.8;0.0;0.0;0.0;0.0;0.0;0.0;0.0;0.0;0.0;0.0;0.0;0.0;0.0;0.0;0.0;9.1;0.0;7.3;0.0;21.6;46.2;0.0;0.0;0.0;0.0;6.7;888.0
Antonina do Norte;ANTONINA DO NORTE;-6.77425;-39.987638888889;1986;12;5.3;0.0;0.0;0.0;5.3;0.0;0.0;0.0;0.0;0.0;0.0;0.0;0.0;0.0;0.0;0.0;0.0;0.0;0.0;0.0;0.0;0.0;0.0;0.0;0.0;0.0;0.0;0.0;0.0;0.0;0.0;0.0
Antonina do Norte;ANTONINA DO NORTE;-6.77425;-39.987638888889;1987;1;25.7;3.1;0.0;0.0;18.3;4.3;0.0;0.0;0.0;0.0;0.0;0.0;0.0;0.0;0.0;0.0;0.0;0.0;0.0;0.0;0.0;0.0;0.0;0.0;0.0;0.0;0.0;0.0;0.0;0.0;0.0;0.0
Antonina do Norte;ANTONINA DO NORTE;-6.77425;-39.987638888889;1987;2;36.1;0.0;0.0;0.0;0.0;0.0;0.0;0.0;0.0;6.3;0.0;0.0;26.2;3.6;0.0;0.0;0.0;0.0;0.0;0.0;0.0;0.0;0.0;0.0;0.0;0.0;0.0;0.0;0.0;888.0;888.0;888.0
Antonina do Norte;ANTONINA DO NORTE;-6.77425;-39.987638888889;1987;3;265.7;0.0;36.3;0.0;0.0;0.0;0.0;0.0;0.0;7.2;0.0;0.0;0.0;30.1;7.4;0.0;0.0;25.3;30.6;6.4;18.1;0.0;18.1;18.3;8.4;26.6;0.0;0.0;0.0;15.3;11.2;6.4
Antonina do Norte;ANTONINA DO NORTE;-6.77425;-39.987638888889;1987;4;106.8;32.3;5.2;3.3;0.0;0.0;0.0;0.0;0.0;0.0;0.0;2.2;17.4;0.0;0.0;0.0;0.0;0.0;0.0;0.0;0.0;0.0;0.0;0.0;0.0;0.0;0.0;43.2;0.0;0.0;3.2;888.0
Antonina do Norte;ANTONINA DO NORTE;-6.77425;-39.987638888889;1987;5;3.3;0.0;0.0;0.0;3.3;0.0;0.0;0.0;0.0;0.0;0.0;0.0;0.0;0.0;0.0;0.0;0.0;0.0;0.0;0.0;0.0;0.0;0.0;0.0;0.0;0.0;0.0;0.0;0.0;0.0;0.0;0.0
Antonina do Norte;ANTONINA DO NORTE;-6.77425;-39.987638888889;1987;6;38.7;5.1;5.3;0.0;0.0;0.0;0.0;28.3;0.0;0.0;0.0;0.0;0.0;0.0;0.0;0.0;0.0;0.0;0.0;0.0;0.0;0.0;0.0;0.0;0.0;0.0;0.0;0.0;0.0;0.0;0.0;888.0
Antonina do Norte;ANTONINA DO NORTE;-6.77425;-39.987638888889;1987;7;0.0;0.0;0.0;0.0;0.0;0.0;0.0;0.0;0.0;0.0;0.0;0.0;0.0;0.0;0.0;0.0;0.0;0.0;0.0;0.0;0.0;0.0;0.0;0.0;0.0;0.0;0.0;0.0;0.0;0.0;0.0;0.0
Antonina do Norte;ANTONINA DO NORTE;-6.77425;-39.987638888889;1987;8;0.0;0.0;0.0;0.0;0.0;0.0;0.0;0.0;0.0;0.0;0.0;0.0;0.0;0.0;0.0;0.0;0.0;0.0;0.0;0.0;0.0;0.0;0.0;0.0;0.0;0.0;0.0;0.0;0.0;0.0;0.0;0.0
Antonina do Norte;ANTONINA DO NORTE;-6.77425;-39.987638888889;1987;9;0.0;0.0;0.0;0.0;0.0;0.0;0.0;0.0;0.0;0.0;0.0;0.0;0.0;0.0;0.0;0.0;0.0;0.0;0.0;0.0;0.0;0.0;0.0;0.0;0.0;0.0;0.0;0.0;0.0;0.0;0.0;888.0
Antonina do Norte;ANTONINA DO NORTE;-6.77425;-39.987638888889;1987;10;0.0;0.0;0.0;0.0;0.0;0.0;0.0;0.0;0.0;0.0;0.0;0.0;0.0;0.0;0.0;0.0;0.0;0.0;0.0;0.0;0.0;0.0;0.0;0.0;0.0;0.0;0.0;0.0;0.0;0.0;0.0;0.0
Antonina do Norte;ANTONINA DO NORTE;-6.77425;-39.987638888889;1987;11;0.0;0.0;0.0;0.0;0.0;0.0;0.0;0.0;0.0;0.0;0.0;0.0;0.0;0.0;0.0;0.0;0.0;0.0;0.0;0.0;0.0;0.0;0.0;0.0;0.0;0.0;0.0;0.0;0.0;0.0;0.0;888.0
Antonina do Norte;ANTONINA DO NORTE;-6.77425;-39.987638888889;1987;12;0.0;0.0;0.0;0.0;0.0;0.0;0.0;0.0;0.0;0.0;0.0;0.0;0.0;0.0;0.0;0.0;0.0;0.0;0.0;0.0;0.0;0.0;0.0;0.0;0.0;0.0;0.0;0.0;0.0;0.0;0.0;0.0
Antonina do Norte;ANTONINA DO NORTE;-6.77425;-39.987638888889;1988;1;47.9;0.0;6.8;0.0;0.0;0.0;0.0;0.0;0.0;0.0;0.0;0.0;15.1;0.0;0.0;0.0;0.0;0.0;0.0;0.0;0.0;0.2;0.0;0.0;0.0;10.2;3.1;0.0;12.5;0.0;0.0;0.0
Antonina do Norte;ANTONINA DO NORTE;-6.77425;-39.987638888889;1988;2;14.7;0.0;0.0;0.0;0.0;0.0;0.0;0.0;0.0;0.0;0.0;0.0;0.0;0.0;0.0;0.0;0.0;0.0;0.0;10.7;0.0;0.0;0.0;0.0;0.0;0.0;0.0;4.0;0.0;0.0;888.0;888.0
Antonina do Norte;ANTONINA DO NORTE;-6.77425;-39.987638888889;1988;3;148.7;0.0;53.0;0.0;0.0;2.0;0.0;0.0;0.0;0.0;1.2;1.0;0.0;0.0;1.4;0.0;6.0;15.2;0.0;0.0;2.9;0.0;1.0;12.7;13.2;13.9;0.0;12.4;0.0;0.0;0.0;12.8
Antonina do Norte;ANTONINA DO NORTE;-6.77425;-39.987638888889;1988;4;239.1;19.5;29.0;1.5;0.0;3.2;0.0;0.8;0.0;0.0;0.0;6.1;0.0;0.0;0.0;2.2;0.0;0.0;70.7;7.0;0.0;29.0;12.3;25.7;0.0;4.8;5.0;22.3;0.0;0.0;0.0;888.0
Antonina do Norte;ANTONINA DO NORTE;-6.77425;-39.987638888889;1988;5;18.9;0.0;5.6;2.7;0.0;0.0;0.0;0.0;0.0;0.0;0.0;0.0;0.0;0.0;0.0;0.0;10.6;0.0;0.0;0.0;0.0;0.0;0.0;0.0;0.0;0.0;0.0;0.0;0.0;0.0;0.0;0.0
Antonina do Norte;ANTONINA DO NORTE;-6.77425;-39.987638888889;1988;6;28.3;0.0;0.0;0.0;0.0;0.0;0.0;0.0;0.0;0.0;0.0;0.0;0.0;0.0;0.0;0.0;0.0;0.0;0.0;0.0;0.0;0.0;0.0;10.0;0.0;0.0;0.0;0.0;2.2;16.1;0.0;888.0
Antonina do Norte;ANTONINA DO NORTE;-6.77425;-39.987638888889;1988;7;7.6;0.0;0.0;0.0;0.0;0.0;0.0;0.0;0.0;0.0;0.0;7.6;0.0;0.0;0.0;0.0;0.0;0.0;0.0;0.0;0.0;0.0;0.0;0.0;0.0;0.0;0.0;0.0;0.0;0.0;0.0;0.0
Antonina do Norte;ANTONINA DO NORTE;-6.77425;-39.987638888889;1988;8;0.0;0.0;0.0;0.0;0.0;0.0;0.0;0.0;0.0;0.0;0.0;0.0;0.0;0.0;0.0;0.0;0.0;0.0;0.0;0.0;0.0;0.0;0.0;0.0;0.0;0.0;0.0;0.0;0.0;0.0;0.0;0.0
Antonina do Norte;ANTONINA DO NORTE;-6.77425;-39.987638888889;1988;9;5.0;0.0;5.0;0.0;0.0;0.0;0.0;0.0;0.0;0.0;0.0;0.0;0.0;0.0;0.0;0.0;0.0;0.0;0.0;0.0;0.0;0.0;0.0;0.0;0.0;0.0;0.0;0.0;0.0;0.0;0.0;888.0
Antonina do Norte;ANTONINA DO NORTE;-6.77425;-39.987638888889;1988;10;19.6;0.0;0.0;0.0;0.0;0.0;0.0;0.0;0.0;0.0;0.0;0.0;0.0;0.0;0.0;0.0;0.0;19.6;0.0;0.0;0.0;0.0;0.0;0.0;0.0;0.0;0.0;0.0;0.0;0.0;0.0;0.0
Antonina do Norte;ANTONINA DO NORTE;-6.77425;-39.987638888889;1988;11;9.4;0.0;0.0;0.0;0.0;0.0;0.0;0.0;0.0;0.0;0.0;0.0;0.0;0.0;0.0;0.0;0.0;0.0;0.0;0.0;0.0;0.0;0.0;0.0;0.0;0.0;0.0;0.0;0.0;0.0;9.4;888.0
Antonina do Norte;ANTONINA DO NORTE;-6.77425;-39.987638888889;1988;12;82.0;0.0;0.0;0.0;0.0;0.0;0.0;0.0;28.0;0.0;0.0;0.0;0.0;0.0;0.0;0.0;0.0;0.0;0.0;14.0;0.0;0.0;0.0;21.0;0.0;0.0;0.0;0.0;0.0;0.0;0.0;19.0
Antonina do Norte;ANTONINA DO NORTE;-6.77425;-39.987638888889;1989;1;93.8;0.0;0.0;0.0;0.0;0.0;0.0;0.0;0.0;0.0;0.0;0.0;0.0;0.0;11.2;0.0;0.0;0.0;0.0;0.0;0.0;0.0;0.0;0.0;0.0;72.6;2.0;4.8;3.2;0.0;0.0;0.0
Antonina do Norte;ANTONINA DO NORTE;-6.77425;-39.987638888889;1989;2;11.0;0.0;0.0;0.0;0.0;0.0;0.0;0.0;0.0;8.0;0.0;0.0;0.0;0.0;0.0;0.0;0.0;0.0;0.0;0.0;0.0;0.0;0.0;0.0;0.0;0.0;0.0;3.0;0.0;888.0;888.0;888.0
Antonina do Norte;ANTONINA DO NORTE;-6.77425;-39.987638888889;1989;3;251.3;0.0;15.6;0.0;0.0;0.0;0.0;0.0;16.3;0.0;0.0;0.0;30.0;0.0;0.0;0.0;0.0;0.0;11.0;26.0;40.0;6.0;10.0;0.0;36.0;8.8;0.0;12.6;8.2;15.8;0.0;15.0
Antonina do Norte;ANTONINA DO NORTE;-6.77425;-39.987638888889;1989;4;387.0;34.0;0.0;7.2;10.6;33.0;7.0;11.2;31.4;13.3;0.0;17.0;48.0;17.2;19.4;4.8;0.0;0.0;0.0;0.0;0.0;0.0;0.0;8.5;14.0;10.0;0.0;0.0;29.0;14.4;57.0;888.0
Antonina do Norte;ANTONINA DO NORTE;-6.77425;-39.987638888889;1989;5;184.4;0.0;0.0;92.0;10.0;4.0;0.0;0.0;0.0;5.2;7.0;3.8;3.0;0.0;0.0;0.0;0.0;0.0;0.0;0.0;0.0;0.0;3.6;0.0;0.0;0.0;0.0;0.0;10.8;6.0;23.0;16.0
Antonina do Norte;ANTONINA DO NORTE;-6.77425;-39.987638888889;1989;6;22.0;0.0;5.0;0.0;0.0;0.0;0.0;0.0;0.0;0.0;0.0;0.0;0.0;17.0;0.0;0.0;0.0;0.0;0.0;0.0;0.0;0.0;0.0;0.0;0.0;0.0;0.0;0.0;0.0;0.0;0.0;888.0
Antonina do Norte;ANTONINA DO NORTE;-6.77425;-39.987638888889;1989;7;3.0;0.0;0.0;0.0;0.0;0.0;0.0;0.0;0.0;0.0;0.0;0.0;0.0;0.0;0.0;0.0;0.0;0.0;0.0;0.0;0.0;0.0;0.0;0.0;3.0;0.0;0.0;0.0;0.0;0.0;0.0;0.0
Antonina do Norte;ANTONINA DO NORTE;-6.77425;-39.987638888889;1989;8;0.0;0.0;0.0;0.0;0.0;0.0;0.0;0.0;0.0;0.0;0.0;0.0;0.0;0.0;0.0;0.0;0.0;0.0;0.0;0.0;0.0;0.0;0.0;0.0;0.0;0.0;0.0;0.0;0.0;0.0;0.0;0.0
Antonina do Norte;ANTONINA DO NORTE;-6.77425;-39.987638888889;1989;9;8.6;0.0;0.0;0.0;0.0;0.0;0.0;0.0;0.0;0.0;0.0;0.0;0.0;0.0;0.0;0.0;0.0;0.0;0.0;0.0;7.6;0.0;0.0;1.0;0.0;0.0;0.0;0.0;0.0;0.0;0.0;888.0
Antonina do Norte;ANTONINA DO NORTE;-6.77425;-39.987638888889;1989;10;6.8;0.0;0.0;0.0;0.0;0.0;0.0;0.0;0.0;0.0;0.0;0.0;0.0;0.0;0.0;0.0;0.0;0.0;0.0;0.0;0.0;0.0;0.0;0.0;0.0;0.0;0.0;0.0;0.0;0.0;0.0;6.8
Antonina do Norte;ANTONINA DO NORTE;-6.77425;-39.987638888889;1989;11;36.0;0.0;0.0;0.0;0.0;0.0;0.0;0.0;0.0;0.0;36.0;0.0;0.0;0.0;0.0;0.0;0.0;0.0;0.0;0.0;0.0;0.0;0.0;0.0;0.0;0.0;0.0;0.0;0.0;0.0;0.0;888.0
Antonina do Norte;ANTONINA DO NORTE;-6.77425;-39.987638888889;1989;12;223.4;0.0;0.0;0.0;0.0;0.0;0.0;0.0;6.0;9.8;0.0;0.0;0.0;13.6;0.0;0.0;0.4;7.0;0.0;6.2;1.2;50.0;0.0;2.0;17.8;87.0;11.4;8.6;0.2;0.0;0.0;2.2
Antonina do Norte;ANTONINA DO NORTE;-6.77425;-39.987638888889;1990;1;39.2;19.0;0.0;0.0;0.0;0.0;17.0;0.0;0.0;0.4;0.0;0.0;0.0;0.0;0.0;0.0;0.0;0.0;0.0;0.6;0.0;0.0;0.0;2.0;0.0;0.2;0.0;0.0;0.0;0.0;0.0;0.0
Antonina do Norte;ANTONINA DO NORTE;-6.77425;-39.987638888889;1990;2;56.0;0.0;0.0;0.0;0.6;0.0;0.0;0.0;10.8;11.2;0.2;0.0;0.0;1.4;0.0;0.0;0.0;0.8;0.0;15.6;3.2;0.0;0.0;0.0;2.0;2.8;0.0;7.4;0.0;888.0;888.0;888.0
Antonina do Norte;ANTONINA DO NORTE;-6.77425;-39.987638888889;1990;3;68.0;0.0;0.0;2.4;5.2;9.4;0.0;0.0;0.0;0.0;0.0;0.0;0.0;0.0;0.0;0.0;0.0;0.0;0.0;0.0;4.6;15.8;0.0;0.4;0.0;0.0;0.0;0.0;0.0;0.0;0.0;30.2
Antonina do Norte;ANTONINA DO NORTE;-6.77425;-39.987638888889;1990;4;124.4;6.0;1.0;2.0;4.4;21.4;2.2;17.2;14.8;4.2;0.0;0.0;0.0;0.0;0.0;0.0;0.0;0.0;0.0;6.2;0.0;2.4;0.0;0.0;5.2;0.0;0.0;2.0;7.0;22.4;6.0;888.0
Antonina do Norte;ANTONINA DO NORTE;-6.77425;-39.987638888889;1990;5;10.2;2.6;1.0;0.8;0.0;0.0;0.0;0.0;0.0;0.0;0.0;0.0;0.0;0.0;0.0;0.0;0.0;0.0;0.0;0.0;0.0;0.0;0.0;0.0;0.0;0.0;0.0;5.2;0.6;0.0;0.0;0.0
Antonina do Norte;ANTONINA DO NORTE;-6.77425;-39.987638888889;1990;6;14.4;0.0;1.2;0.0;0.0;0.0;0.0;0.0;0.0;0.0;0.0;0.0;0.0;0.0;0.0;0.0;0.0;0.0;0.0;0.0;0.0;0.0;0.0;0.0;0.0;0.0;13.2;0.0;0.0;0.0;0.0;888.0
Antonina do Norte;ANTONINA DO NORTE;-6.77425;-39.987638888889;1990;7;18.3;0.0;0.0;4.8;0.0;0.0;0.0;0.0;0.0;0.0;0.0;0.0;0.0;5.0;0.0;0.0;0.0;0.0;0.0;0.0;0.0;0.0;7.4;0.0;0.0;0.0;1.1;0.0;0.0;0.0;0.0;0.0
Antonina do Norte;ANTONINA DO NORTE;-6.77425;-39.987638888889;1990;8;21.2;0.0;0.0;0.0;0.0;0.0;0.0;0.0;0.0;0.0;21.2;0.0;0.0;0.0;0.0;0.0;0.0;0.0;0.0;0.0;0.0;0.0;0.0;0.0;0.0;0.0;0.0;0.0;0.0;0.0;0.0;0.0
Antonina do Norte;ANTONINA DO NORTE;-6.77425;-39.987638888889;1990;9;10.4;0.0;0.0;0.0;0.0;0.0;0.0;0.0;0.0;0.0;0.0;0.0;0.0;0.0;0.0;0.0;0.0;0.0;7.6;0.0;0.0;0.0;0.0;0.0;0.0;0.0;2.8;0.0;0.0;0.0;0.0;888.0
Antonina do Norte;ANTONINA DO NORTE;-6.77425;-39.987638888889;1990;10;5.6;0.0;0.0;0.0;0.0;0.0;0.0;0.0;0.0;0.0;0.0;0.0;0.0;0.0;0.0;0.0;0.0;0.0;0.0;1.6;0.0;0.0;0.0;0.0;0.0;0.0;0.0;0.0;4.0;0.0;0.0;0.0
Antonina do Norte;ANTONINA DO NORTE;-6.77425;-39.987638888889;1990;11;14.1;0.0;0.0;0.0;0.0;0.0;0.0;0.0;0.0;0.0;0.0;0.0;0.0;0.0;0.0;0.0;0.0;0.0;0.0;0.0;0.0;5.5;0.0;8.6;0.0;0.0;0.0;0.0;0.0;0.0;0.0;888.0
Antonina do Norte;ANTONINA DO NORTE;-6.77425;-39.987638888889;1990;12;33.4;0.0;0.0;0.0;0.0;0.0;0.0;0.0;0.0;0.0;0.0;0.0;0.0;0.0;0.0;0.0;0.0;0.0;0.0;0.0;0.0;0.0;0.0;0.0;0.0;0.0;0.0;0.0;0.0;0.0;0.0;33.4
Antonina do Norte;ANTONINA DO NORTE;-6.77425;-39.987638888889;1991;1;59.8;0.0;0.0;0.0;0.0;0.0;0.0;0.0;12.0;0.0;0.0;0.0;0.0;0.0;0.0;0.0;0.0;0.0;2.8;0.0;0.0;32.0;0.0;0.0;13.0;0.0;0.0;0.0;0.0;0.0;0.0;0.0
Antonina do Norte;ANTONINA DO NORTE;-6.77425;-39.987638888889;1991;2;39.8;0.0;0.0;0.0;10.2;14.0;0.0;0.0;0.0;0.0;0.0;0.0;0.0;0.0;0.0;3.4;12.2;0.0;0.0;0.0;0.0;0.0;0.0;0.0;0.0;0.0;0.0;0.0;0.0;888.0;888.0;888.0
Antonina do Norte;ANTONINA DO NORTE;-6.77425;-39.987638888889;1991;3;90.9;0.0;0.0;0.0;0.0;0.0;0.0;0.0;0.0;2.0;25.0;1.0;4.6;0.0;7.0;0.0;0.0;0.0;2.5;0.0;0.0;0.0;0.0;0.0;0.0;12.8;0.0;17.6;0.0;0.0;0.0;18.4
Antonina do Norte;ANTONINA DO NORTE;-6.77425;-39.987638888889;1991;4;102.2;0.0;0.0;2.8;0.0;0.0;0.0;8.2;0.0;0.0;0.0;0.0;0.0;0.0;0.0;0.0;0.0;8.2;1.6;0.0;25.0;23.0;0.0;0.0;0.0;1.4;32.0;0.0;0.0;0.0;0.0;888.0
Antonina do Norte;ANTONINA DO NORTE;-6.77425;-39.987638888889;1991;5;51.8;3.0;0.0;0.0;0.0;0.0;15.4;7.2;0.0;0.0;0.0;0.0;0.0;0.0;0.0;0.0;0.0;0.0;0.0;6.0;0.0;0.0;0.0;0.0;0.0;20.2;0.0;0.0;0.0;0.0;0.0;0.0
Antonina do Norte;ANTONINA DO NORTE;-6.77425;-39.987638888889;1991;6;6.4;0.0;0.0;0.0;0.0;0.0;0.0;0.0;6.4;0.0;0.0;0.0;0.0;0.0;0.0;0.0;0.0;0.0;0.0;0.0;0.0;0.0;0.0;0.0;0.0;0.0;0.0;0.0;0.0;0.0;0.0;888.0
Antonina do Norte;ANTONINA DO NORTE;-6.77425;-39.987638888889;1991;7;0.0;0.0;0.0;0.0;0.0;0.0;0.0;0.0;0.0;0.0;0.0;0.0;0.0;0.0;0.0;0.0;0.0;0.0;0.0;0.0;0.0;0.0;0.0;0.0;0.0;0.0;0.0;0.0;0.0;0.0;0.0;0.0
Antonina do Norte;ANTONINA DO NORTE;-6.77425;-39.987638888889;1991;8;0.0;0.0;0.0;0.0;0.0;0.0;0.0;0.0;0.0;0.0;0.0;0.0;0.0;0.0;0.0;0.0;0.0;0.0;0.0;0.0;0.0;0.0;0.0;0.0;0.0;0.0;0.0;0.0;0.0;0.0;0.0;0.0
Antonina do Norte;ANTONINA DO NORTE;-6.77425;-39.987638888889;1991;9;0.0;0.0;0.0;0.0;0.0;0.0;0.0;0.0;0.0;0.0;0.0;0.0;0.0;0.0;0.0;0.0;0.0;0.0;0.0;0.0;0.0;0.0;0.0;0.0;0.0;0.0;0.0;0.0;0.0;0.0;0.0;888.0
Antonina do Norte;ANTONINA DO NORTE;-6.77425;-39.987638888889;1991;10;0.0;0.0;0.0;0.0;0.0;0.0;0.0;0.0;0.0;0.0;0.0;0.0;0.0;0.0;0.0;0.0;0.0;0.0;0.0;0.0;0.0;0.0;0.0;0.0;0.0;0.0;0.0;0.0;0.0;0.0;0.0;0.0
Antonina do Norte;ANTONINA DO NORTE;-6.77425;-39.987638888889;1991;11;0.0;0.0;0.0;0.0;0.0;0.0;0.0;0.0;0.0;0.0;0.0;0.0;0.0;0.0;0.0;0.0;0.0;0.0;0.0;0.0;0.0;0.0;0.0;0.0;0.0;0.0;0.0;0.0;0.0;0.0;0.0;888.0
Antonina do Norte;ANTONINA DO NORTE;-6.77425;-39.987638888889;1991;12;0.0;0.0;0.0;0.0;0.0;0.0;0.0;0.0;0.0;0.0;0.0;0.0;0.0;0.0;0.0;0.0;0.0;0.0;0.0;0.0;0.0;0.0;0.0;0.0;0.0;0.0;0.0;0.0;0.0;0.0;0.0;0.0
Antonina do Norte;ANTONINA DO NORTE;-6.77425;-39.987638888889;1992;1;162.0;0.0;0.0;0.0;0.0;0.0;0.0;0.0;0.0;0.0;0.0;0.0;0.0;0.0;0.0;0.0;0.0;0.0;0.0;0.0;0.0;0.0;0.0;0.0;18.0;1.6;72.0;7.4;2.0;15.0;46.0;0.0
Antonina do Norte;ANTONINA DO NORTE;-6.77425;-39.987638888889;1992;2;199.8;0.0;71.0;0.0;0.8;2.0;0.0;2.0;0.0;6.4;0.4;3.7;19.0;3.5;0.0;4.6;17.6;1.2;1.0;10.6;0.0;54.0;0.0;0.0;0.4;0.0;1.3;0.3;0.0;0.0;888.0;888.0
Antonina do Norte;ANTONINA DO NORTE;-6.77425;-39.987638888889;1992;3;225.6;0.0;53.4;0.0;5.3;0.0;0.0;0.0;3.8;25.0;3.6;0.0;0.4;0.5;0.0;0.0;17.0;5.0;15.0;0.0;0.0;0.0;9.0;47.0;3.2;6.0;0.5;3.0;4.5;0.0;23.4;0.0
Antonina do Norte;ANTONINA DO NORTE;-6.77425;-39.987638888889;1992;4;105.0;7.5;9.0;62.0;0.0;0.0;2.2;0.0;0.0;9.0;2.6;0.0;0.0;0.0;0.0;12.7;0.0;0.0;0.0;0.0;0.0;0.0;0.0;0.0;0.0;0.0;0.0;0.0;0.0;0.0;0.0;888.0
Antonina do Norte;ANTONINA DO NORTE;-6.77425;-39.987638888889;1992;5;2.0;0.0;0.0;0.0;0.0;0.0;0.0;2.0;0.0;0.0;0.0;0.0;0.0;0.0;0.0;0.0;0.0;0.0;0.0;0.0;0.0;0.0;0.0;0.0;0.0;0.0;0.0;0.0;0.0;0.0;0.0;0.0
Antonina do Norte;ANTONINA DO NORTE;-6.77425;-39.987638888889;1992;6;3.4;0.0;0.0;0.0;0.0;0.0;0.0;0.0;0.2;0.0;0.0;0.0;0.0;0.0;0.0;0.0;0.0;0.0;0.0;0.0;0.0;0.0;0.0;0.0;0.0;0.0;0.0;0.0;0.0;3.2;0.0;888.0
Antonina do Norte;ANTONINA DO NORTE;-6.77425;-39.987638888889;1992;7;22.8;0.0;0.0;0.0;0.0;0.0;0.0;0.0;0.0;0.0;0.0;0.0;0.0;1.2;0.0;0.0;21.6;0.0;0.0;0.0;0.0;0.0;0.0;0.0;0.0;0.0;0.0;0.0;0.0;0.0;0.0;0.0
Antonina do Norte;ANTONINA DO NORTE;-6.77425;-39.987638888889;1992;8;0.0;0.0;0.0;0.0;0.0;0.0;0.0;0.0;0.0;0.0;0.0;0.0;0.0;0.0;0.0;0.0;0.0;0.0;0.0;0.0;0.0;0.0;0.0;0.0;0.0;0.0;0.0;0.0;0.0;0.0;0.0;0.0
Antonina do Norte;ANTONINA DO NORTE;-6.77425;-39.987638888889;1992;9;54.3;0.0;0.0;0.0;0.0;0.0;0.0;0.0;0.0;0.0;24.0;0.0;0.0;0.0;0.0;5.0;5.5;0.0;0.0;0.0;0.0;0.0;19.8;0.0;0.0;0.0;0.0;0.0;0.0;0.0;0.0;888.0
Antonina do Norte;ANTONINA DO NORTE;-6.77425;-39.987638888889;1992;10;0.0;0.0;0.0;0.0;0.0;0.0;0.0;0.0;0.0;0.0;0.0;0.0;0.0;0.0;0.0;0.0;0.0;0.0;0.0;0.0;0.0;0.0;0.0;0.0;0.0;0.0;0.0;0.0;0.0;0.0;0.0;0.0
Antonina do Norte;ANTONINA DO NORTE;-6.77425;-39.987638888889;1992;11;0.0;0.0;0.0;0.0;0.0;0.0;0.0;0.0;0.0;0.0;0.0;0.0;0.0;0.0;0.0;0.0;0.0;0.0;0.0;0.0;0.0;0.0;0.0;0.0;0.0;0.0;0.0;0.0;0.0;0.0;0.0;888.0
Antonina do Norte;ANTONINA DO NORTE;-6.77425;-39.987638888889;1992;12;0.0;0.0;0.0;0.0;0.0;0.0;0.0;0.0;0.0;0.0;0.0;0.0;0.0;0.0;0.0;0.0;0.0;0.0;0.0;0.0;0.0;0.0;0.0;0.0;0.0;0.0;0.0;0.0;0.0;0.0;0.0;0.0
Antonina do Norte;ANTONINA DO NORTE;-6.77425;-39.987638888889;1993;1;62.2;0.0;0.0;0.0;0.0;0.0;5.0;0.0;0.0;0.0;0.0;6.0;0.0;0.0;0.0;0.0;0.0;44.0;4.2;0.0;0.0;0.0;0.0;0.0;0.0;0.0;0.0;0.0;0.0;0.0;0.0;3.0
Antonina do Norte;ANTONINA DO NORTE;-6.77425;-39.987638888889;1993;2;58.5;0.0;0.0;0.0;0.0;0.6;0.0;0.0;0.0;0.0;0.0;0.0;0.0;0.0;16.0;0.0;4.4;0.0;0.0;0.0;0.0;0.0;0.0;0.0;10.5;0.0;22.2;3.8;1.0;888.0;888.0;888.0
Antonina do Norte;ANTONINA DO NORTE;-6.77425;-39.987638888889;1993;3;101.5;0.8;7.0;0.0;14.6;12.0;11.1;0.0;0.0;0.0;0.0;0.0;0.0;0.0;0.0;0.0;0.0;0.0;0.0;0.0;0.0;0.0;2.8;0.0;0.0;0.0;3.6;0.0;32.6;9.0;8.0;0.0
Antonina do Norte;ANTONINA DO NORTE;-6.77425;-39.987638888889;1993;4;114.4;4.4;0.0;0.0;0.0;0.0;0.0;0.0;13.6;0.0;0.0;0.0;0.0;0.0;0.0;0.0;0.0;0.0;0.0;0.0;0.0;0.0;0.0;18.2;0.0;0.0;0.0;0.0;62.0;16.2;0.0;888.0
Antonina do Norte;ANTONINA DO NORTE;-6.77425;-39.987638888889;1993;5;28.0;0.0;6.0;22.0;0.0;0.0;0.0;0.0;0.0;0.0;0.0;0.0;0.0;0.0;0.0;0.0;0.0;0.0;0.0;0.0;0.0;0.0;0.0;0.0;0.0;0.0;0.0;0.0;0.0;0.0;0.0;0.0
Antonina do Norte;ANTONINA DO NORTE;-6.77425;-39.987638888889;1993;6;0.0;0.0;0.0;0.0;0.0;0.0;0.0;0.0;0.0;0.0;0.0;0.0;0.0;0.0;0.0;0.0;0.0;0.0;0.0;0.0;0.0;0.0;0.0;0.0;0.0;0.0;0.0;0.0;0.0;0.0;0.0;888.0
Antonina do Norte;ANTONINA DO NORTE;-6.77425;-39.987638888889;1993;7;0.0;0.0;0.0;0.0;0.0;0.0;0.0;0.0;0.0;0.0;0.0;0.0;0.0;0.0;0.0;0.0;0.0;0.0;0.0;0.0;0.0;0.0;0.0;0.0;0.0;0.0;0.0;0.0;0.0;0.0;0.0;0.0
Antonina do Norte;ANTONINA DO NORTE;-6.77425;-39.987638888889;1993;8;0.0;0.0;0.0;0.0;0.0;0.0;0.0;0.0;0.0;0.0;0.0;0.0;0.0;0.0;0.0;0.0;0.0;0.0;0.0;0.0;0.0;0.0;0.0;0.0;0.0;0.0;0.0;0.0;0.0;0.0;0.0;0.0
Antonina do Norte;ANTONINA DO NORTE;-6.77425;-39.987638888889;1993;9;0.0;0.0;0.0;0.0;0.0;0.0;0.0;0.0;0.0;0.0;0.0;0.0;0.0;0.0;0.0;0.0;0.0;0.0;0.0;0.0;0.0;0.0;0.0;0.0;0.0;0.0;0.0;0.0;0.0;0.0;0.0;888.0
Antonina do Norte;ANTONINA DO NORTE;-6.77425;-39.987638888889;1993;10;0.0;0.0;0.0;0.0;0.0;0.0;0.0;0.0;0.0;0.0;0.0;0.0;0.0;0.0;0.0;0.0;0.0;0.0;0.0;0.0;0.0;0.0;0.0;0.0;0.0;0.0;0.0;0.0;0.0;0.0;0.0;0.0
Antonina do Norte;ANTONINA DO NORTE;-6.77425;-39.987638888889;1993;11;42.4;0.0;0.0;0.0;0.0;0.0;0.0;0.0;0.0;0.0;0.0;0.0;0.0;0.0;0.0;0.0;0.0;0.0;0.0;0.0;0.0;0.0;42.4;0.0;0.0;0.0;0.0;0.0;0.0;0.0;0.0;888.0
Antonina do Norte;ANTONINA DO NORTE;-6.77425;-39.987638888889;1993;12;10.0;0.0;0.0;7.0;0.0;0.0;3.0;0.0;0.0;0.0;0.0;0.0;0.0;0.0;0.0;0.0;0.0;0.0;0.0;0.0;0.0;0.0;0.0;0.0;0.0;0.0;0.0;0.0;0.0;0.0;0.0;0.0
Antonina do Norte;ANTONINA DO NORTE;-6.77425;-39.987638888889;1994;1;110.0;0.0;0.0;0.0;0.0;24.0;21.0;0.0;0.0;0.0;0.0;0.0;0.0;0.0;0.0;0.0;39.0;6.4;0.0;0.8;12.0;0.0;0.0;3.0;0.0;0.0;0.0;0.0;0.0;0.0;0.0;3.8
Antonina do Norte;ANTONINA DO NORTE;-6.77425;-39.987638888889;1994;2;106.6;0.0;0.0;0.0;0.0;4.2;14.2;0.0;0.0;32.8;0.0;0.0;2.4;6.0;5.0;0.0;0.8;0.0;18.8;0.0;6.4;0.0;0.0;0.0;0.0;0.0;0.0;16.0;0.0;888.0;888.0;888.0
Antonina do Norte;ANTONINA DO NORTE;-6.77425;-39.987638888889;1994;3;118.3;0.0;0.0;0.0;0.0;0.0;0.0;0.0;0.0;14.0;32.0;3.0;0.0;0.0;9.0;5.8;2.5;0.0;0.0;0.0;0.0;0.0;22.6;0.0;0.0;6.0;14.4;0.0;0.0;9.0;0.0;0.0
Antonina do Norte;ANTONINA DO NORTE;-6.77425;-39.987638888889;1994;4;141.1;18.0;3.0;0.0;0.0;0.0;12.0;6.0;0.0;8.5;9.2;3.0;0.0;0.0;0.0;0.0;0.0;21.0;0.0;3.4;16.0;29.0;0.0;0.0;0.0;0.0;0.0;0.0;0.0;12.0;0.0;888.0
Antonina do Norte;ANTONINA DO NORTE;-6.77425;-39.987638888889;1994;5;62.0;0.0;0.0;0.0;0.0;15.0;0.0;0.0;0.0;6.0;0.0;0.0;0.0;0.0;0.0;22.0;0.0;0.8;2.2;0.0;0.0;0.0;0.0;0.0;0.0;0.0;0.0;11.0;5.0;0.0;0.0;0.0
Antonina do Norte;ANTONINA DO NORTE;-6.77425;-39.987638888889;1994;6;62.5;9.0;0.0;0.0;0.0;0.0;29.0;0.0;0.0;0.0;0.0;0.0;0.0;0.0;0.0;0.0;0.0;0.6;0.0;0.0;0.7;0.0;0.0;0.0;0.0;0.0;0.0;0.0;0.0;0.0;23.2;888.0
Antonina do Norte;ANTONINA DO NORTE;-6.77425;-39.987638888889;1994;7;25.0;25.0;0.0;0.0;0.0;0.0;0.0;0.0;0.0;0.0;0.0;0.0;0.0;0.0;0.0;0.0;0.0;0.0;0.0;0.0;0.0;0.0;0.0;0.0;0.0;0.0;0.0;0.0;0.0;0.0;0.0;0.0
Antonina do Norte;ANTONINA DO NORTE;-6.77425;-39.987638888889;1994;8;0.0;0.0;0.0;0.0;0.0;0.0;0.0;0.0;0.0;0.0;0.0;0.0;0.0;0.0;0.0;0.0;0.0;0.0;0.0;0.0;0.0;0.0;0.0;0.0;0.0;0.0;0.0;0.0;0.0;0.0;0.0;0.0
Antonina do Norte;ANTONINA DO NORTE;-6.77425;-39.987638888889;1994;9;0.0;0.0;0.0;0.0;0.0;0.0;0.0;0.0;0.0;0.0;0.0;0.0;0.0;0.0;0.0;0.0;0.0;0.0;0.0;0.0;0.0;0.0;0.0;0.0;0.0;0.0;0.0;0.0;0.0;0.0;0.0;888.0
Antonina do Norte;ANTONINA DO NORTE;-6.77425;-39.987638888889;1994;10;6.8;0.0;0.0;0.0;0.0;0.0;0.0;0.0;0.0;0.0;0.0;0.0;0.0;0.0;0.0;0.0;0.0;0.0;6.8;0.0;0.0;0.0;0.0;0.0;0.0;0.0;0.0;0.0;0.0;0.0;0.0;0.0
Antonina do Norte;ANTONINA DO NORTE;-6.77425;-39.987638888889;1994;11;0.0;0.0;0.0;0.0;0.0;0.0;0.0;0.0;0.0;0.0;0.0;0.0;0.0;0.0;0.0;0.0;0.0;0.0;0.0;0.0;0.0;0.0;0.0;0.0;0.0;0.0;0.0;0.0;0.0;0.0;0.0;888.0
Antonina do Norte;ANTONINA DO NORTE;-6.77425;-39.987638888889;1994;12;70.8;0.0;0.0;0.0;0.0;0.0;0.0;0.0;0.0;0.0;0.0;0.0;0.0;0.0;0.0;0.0;0.0;0.0;0.0;0.0;0.0;0.0;0.0;0.0;0.0;0.0;11.0;0.0;0.0;14.8;45.0;0.0
Antonina do Norte;ANTONINA DO NORTE;-6.77425;-39.987638888889;1995;1;106.0;73.0;16.8;0.0;0.0;0.0;0.0;0.0;0.0;0.0;0.0;0.0;0.0;4.2;12.0;0.0;0.0;0.0;0.0;0.0;0.0;0.0;0.0;0.0;0.0;0.0;0.0;0.0;0.0;0.0;0.0;0.0
Antonina do Norte;ANTONINA DO NORTE;-6.77425;-39.987638888889;1995;2;182.5;0.0;0.0;0.0;0.0;40.0;0.0;0.0;0.0;0.0;0.0;12.0;0.0;0.0;0.0;0.0;3.0;1.8;0.0;24.3;19.4;0.0;8.0;8.8;0.0;22.0;4.2;39.0;0.0;888.0;888.0;888.0
Antonina do Norte;ANTONINA DO NORTE;-6.77425;-39.987638888889;1995;3;176.9;55.0;7.8;0.0;0.0;0.0;0.0;0.0;0.0;13.0;0.0;0.0;2.8;0.0;0.0;8.0;20.6;0.8;0.0;35.4;2.2;14.3;6.0;0.0;0.0;0.0;0.0;0.0;11.0;0.0;0.0;0.0
Antonina do Norte;ANTONINA DO NORTE;-6.77425;-39.987638888889;1995;4;178.4;0.0;21.0;0.0;0.0;2.1;30.0;10.0;0.0;0.0;38.8;50.0;0.0;0.0;12.2;11.8;0.0;0.0;0.0;1.6;0.9;0.0;0.0;0.0;0.0;0.0;0.0;0.0;0.0;0.0;0.0;888.0
Antonina do Norte;ANTONINA DO NORTE;-6.77425;-39.987638888889;1995;5;68.9;0.0;18.8;0.0;2.2;0.0;0.0;0.0;0.0;5.0;1.0;0.0;0.0;0.0;0.0;0.0;0.0;0.0;3.0;0.0;0.0;0.0;0.0;0.0;6.9;6.0;0.0;26.0;0.0;0.0;0.0;0.0
Antonina do Norte;ANTONINA DO NORTE;-6.77425;-39.987638888889;1995;6;12.0;0.0;0.0;0.0;0.0;0.0;0.0;0.0;0.0;0.0;0.0;0.0;0.0;0.0;0.0;0.0;0.0;0.0;0.0;0.0;0.0;0.0;0.0;0.0;0.0;0.0;12.0;0.0;0.0;0.0;0.0;888.0
Antonina do Norte;ANTONINA DO NORTE;-6.77425;-39.987638888889;1995;7;0.0;0.0;0.0;0.0;0.0;0.0;0.0;0.0;0.0;0.0;0.0;0.0;0.0;0.0;0.0;0.0;0.0;0.0;0.0;0.0;0.0;0.0;0.0;0.0;0.0;0.0;0.0;0.0;0.0;0.0;0.0;0.0
Antonina do Norte;ANTONINA DO NORTE;-6.77425;-39.987638888889;1995;8;0.0;0.0;0.0;0.0;0.0;0.0;0.0;0.0;0.0;0.0;0.0;0.0;0.0;0.0;0.0;0.0;0.0;0.0;0.0;0.0;0.0;0.0;0.0;0.0;0.0;0.0;0.0;0.0;0.0;0.0;0.0;0.0
Antonina do Norte;ANTONINA DO NORTE;-6.77425;-39.987638888889;1995;9;0.0;0.0;0.0;0.0;0.0;0.0;0.0;0.0;0.0;0.0;0.0;0.0;0.0;0.0;0.0;0.0;0.0;0.0;0.0;0.0;0.0;0.0;0.0;0.0;0.0;0.0;0.0;0.0;0.0;0.0;0.0;888.0
Antonina do Norte;ANTONINA DO NORTE;-6.77425;-39.987638888889;1995;10;0.0;0.0;0.0;0.0;0.0;0.0;0.0;0.0;0.0;0.0;0.0;0.0;0.0;0.0;0.0;0.0;0.0;0.0;0.0;0.0;0.0;0.0;0.0;0.0;0.0;0.0;0.0;0.0;0.0;0.0;0.0;0.0
Antonina do Norte;ANTONINA DO NORTE;-6.77425;-39.987638888889;1995;11;14.7;0.0;0.0;0.0;0.0;0.0;0.0;0.0;5.5;0.0;0.0;0.0;0.0;0.0;0.0;0.0;0.0;0.0;0.0;0.0;0.0;0.0;0.0;2.5;3.2;3.5;0.0;0.0;0.0;0.0;0.0;888.0
Antonina do Norte;ANTONINA DO NORTE;-6.77425;-39.987638888889;1995;12;3.0;0.0;0.0;0.0;0.0;0.0;0.0;0.0;0.0;0.0;0.0;0.0;0.0;0.0;0.0;0.0;0.0;0.0;0.0;0.0;0.0;0.0;0.0;0.0;0.0;0.0;0.0;0.0;3.0;0.0;0.0;0.0
Antonina do Norte;ANTONINA DO NORTE;-6.77425;-39.987638888889;1996;1;153.7;0.0;0.0;0.0;0.0;0.0;4.6;6.5;23.5;0.0;0.0;0.0;0.0;0.0;0.0;6.5;1.8;28.0;2.0;0.0;19.6;12.0;1.4;1.2;2.6;0.0;0.0;0.0;0.0;0.0;0.0;44.0
Antonina do Norte;ANTONINA DO NORTE;-6.77425;-39.987638888889;1996;2;164.7;0.0;0.0;0.0;0.0;1.5;15.5;1.0;0.0;0.0;0.0;0.0;0.0;0.0;0.0;18.6;7.8;13.5;9.6;0.0;3.0;0.0;0.0;45.0;0.0;0.0;12.0;1.2;5.6;30.4;888.0;888.0
Antonina do Norte;ANTONINA DO NORTE;-6.77425;-39.987638888889;1996;3;172.1;0.0;6.6;35.0;0.0;0.0;0.0;0.0;0.0;0.0;0.0;0.0;0.0;14.5;0.0;3.8;0.0;0.0;0.0;43.0;0.0;0.0;0.0;0.0;0.0;4.2;0.0;61.0;4.0;0.0;0.0;0.0
Antonina do Norte;ANTONINA DO NORTE;-6.77425;-39.987638888889;1996;4;175.5;0.0;0.0;0.0;0.0;0.0;25.0;0.0;0.0;0.0;5.5;17.4;0.0;0.0;18.0;26.0;7.6;0.0;0.0;0.0;5.8;6.0;0.0;0.0;0.0;29.0;0.0;0.0;0.0;0.0;35.2;888.0
Antonina do Norte;ANTONINA DO NORTE;-6.77425;-39.987638888889;1996;5;59.0;2.8;0.0;5.0;12.6;8.4;12.2;2.8;0.0;0.0;0.0;0.0;0.0;0.0;0.0;0.0;0.0;0.0;0.0;0.0;0.0;0.0;0.0;0.0;0.0;0.0;0.0;0.0;0.0;0.0;0.0;15.2
Antonina do Norte;ANTONINA DO NORTE;-6.77425;-39.987638888889;1996;6;2.4;0.0;0.0;0.0;0.0;2.4;0.0;0.0;0.0;0.0;0.0;0.0;0.0;0.0;0.0;0.0;0.0;0.0;0.0;0.0;0.0;0.0;0.0;0.0;0.0;0.0;0.0;0.0;0.0;0.0;0.0;888.0
Antonina do Norte;ANTONINA DO NORTE;-6.77425;-39.987638888889;1996;7;18.0;0.0;0.0;0.0;0.0;0.0;0.0;0.0;0.0;0.0;0.0;18.0;0.0;0.0;0.0;0.0;0.0;0.0;0.0;0.0;0.0;0.0;0.0;0.0;0.0;0.0;0.0;0.0;0.0;0.0;0.0;0.0
Antonina do Norte;ANTONINA DO NORTE;-6.77425;-39.987638888889;1996;8;0.0;0.0;0.0;0.0;0.0;0.0;0.0;0.0;0.0;0.0;0.0;0.0;0.0;0.0;0.0;0.0;0.0;0.0;0.0;0.0;0.0;0.0;0.0;0.0;0.0;0.0;0.0;0.0;0.0;0.0;0.0;0.0
Antonina do Norte;ANTONINA DO NORTE;-6.77425;-39.987638888889;1996;9;0.0;0.0;0.0;0.0;0.0;0.0;0.0;0.0;0.0;0.0;0.0;0.0;0.0;0.0;0.0;0.0;0.0;0.0;0.0;0.0;0.0;0.0;0.0;0.0;0.0;0.0;0.0;0.0;0.0;0.0;0.0;888.0
Antonina do Norte;ANTONINA DO NORTE;-6.77425;-39.987638888889;1996;10;5.0;0.0;0.0;0.0;0.0;0.0;0.0;0.0;0.0;5.0;0.0;0.0;0.0;0.0;0.0;0.0;0.0;0.0;0.0;0.0;0.0;0.0;0.0;0.0;0.0;0.0;0.0;0.0;0.0;0.0;0.0;0.0
Antonina do Norte;ANTONINA DO NORTE;-6.77425;-39.987638888889;1996;11;65.8;0.0;0.0;0.0;0.0;0.0;0.0;0.0;0.0;0.0;0.0;0.0;0.0;0.0;0.0;0.0;0.0;20.0;24.0;0.0;4.0;1.8;0.0;0.0;0.0;0.0;0.0;16.0;0.0;0.0;0.0;888.0
Antonina do Norte;ANTONINA DO NORTE;-6.77425;-39.987638888889;1996;12;10.5;10.5;0.0;0.0;0.0;0.0;0.0;0.0;0.0;0.0;0.0;0.0;0.0;0.0;0.0;0.0;0.0;0.0;0.0;0.0;0.0;0.0;0.0;0.0;0.0;0.0;0.0;0.0;0.0;0.0;0.0;0.0
Antonina do Norte;ANTONINA DO NORTE;-6.77425;-39.987638888889;1997;1;161.1;0.0;0.0;0.0;0.0;0.0;0.0;6.0;0.0;0.0;0.0;0.0;0.0;0.0;14.0;0.0;0.0;0.0;0.0;0.0;1.4;0.0;22.0;2.7;20.0;5.0;42.0;8.0;38.0;2.0;0.0;0.0
Antonina do Norte;ANTONINA DO NORTE;-6.77425;-39.987638888889;1997;2;121.2;0.0;0.0;12.0;3.2;0.0;0.0;28.0;2.0;0.0;8.0;9.0;12.0;34.0;0.0;0.0;11.0;0.0;0.0;0.0;0.0;0.0;0.0;2.0;0.0;0.0;0.0;0.0;0.0;888.0;888.0;888.0
Antonina do Norte;ANTONINA DO NORTE;-6.77425;-39.987638888889;1997;3;208.0;0.0;0.0;0.0;0.0;0.0;0.0;0.0;0.0;0.0;45.0;2.0;0.0;0.0;0.0;0.0;0.0;0.0;0.0;0.0;0.0;15.0;70.0;0.0;0.0;38.0;38.0;0.0;0.0;0.0;0.0;0.0
Antonina do Norte;ANTONINA DO NORTE;-6.77425;-39.987638888889;1997;4;161.5;10.0;11.0;0.0;0.0;0.0;0.0;0.0;0.0;0.0;0.0;0.0;0.0;0.0;18.5;52.0;34.0;0.0;4.0;0.0;0.0;0.0;0.0;0.0;21.0;0.0;0.0;0.0;11.0;0.0;0.0;888.0
Antonina do Norte;ANTONINA DO NORTE;-6.77425;-39.987638888889;1997;5;0.0;0.0;0.0;0.0;0.0;0.0;0.0;0.0;0.0;0.0;0.0;0.0;0.0;0.0;0.0;0.0;0.0;0.0;0.0;0.0;0.0;0.0;0.0;0.0;0.0;0.0;0.0;0.0;0.0;0.0;0.0;0.0
Antonina do Norte;ANTONINA DO NORTE;-6.77425;-39.987638888889;1997;6;0.0;0.0;0.0;0.0;0.0;0.0;0.0;0.0;0.0;0.0;0.0;0.0;0.0;0.0;0.0;0.0;0.0;0.0;0.0;0.0;0.0;0.0;0.0;0.0;0.0;0.0;0.0;0.0;0.0;0.0;0.0;888.0
Antonina do Norte;ANTONINA DO NORTE;-6.77425;-39.987638888889;1997;7;0.0;0.0;0.0;0.0;0.0;0.0;0.0;0.0;0.0;0.0;0.0;0.0;0.0;0.0;0.0;0.0;0.0;0.0;0.0;0.0;0.0;0.0;0.0;0.0;0.0;0.0;0.0;0.0;0.0;0.0;0.0;0.0
Antonina do Norte;ANTONINA DO NORTE;-6.77425;-39.987638888889;1997;8;0.0;0.0;0.0;0.0;0.0;0.0;0.0;0.0;0.0;0.0;0.0;0.0;0.0;0.0;0.0;0.0;0.0;0.0;0.0;0.0;0.0;0.0;0.0;0.0;0.0;0.0;0.0;0.0;0.0;0.0;0.0;0.0
Antonina do Norte;ANTONINA DO NORTE;-6.77425;-39.987638888889;1997;9;0.0;0.0;0.0;0.0;0.0;0.0;0.0;0.0;0.0;0.0;0.0;0.0;0.0;0.0;0.0;0.0;0.0;0.0;0.0;0.0;0.0;0.0;0.0;0.0;0.0;0.0;0.0;0.0;0.0;0.0;0.0;888.0
Antonina do Norte;ANTONINA DO NORTE;-6.77425;-39.987638888889;1997;10;0.0;0.0;0.0;0.0;0.0;0.0;0.0;0.0;0.0;0.0;0.0;0.0;0.0;0.0;0.0;0.0;0.0;0.0;0.0;0.0;0.0;0.0;0.0;0.0;0.0;0.0;0.0;0.0;0.0;0.0;0.0;0.0
Antonina do Norte;ANTONINA DO NORTE;-6.77425;-39.987638888889;1997;11;16.0;0.0;0.0;0.0;0.0;0.0;0.0;0.0;0.0;0.0;0.0;0.0;0.0;0.0;0.0;0.0;0.0;0.0;16.0;0.0;0.0;0.0;0.0;0.0;0.0;0.0;0.0;0.0;0.0;0.0;0.0;888.0
Antonina do Norte;ANTONINA DO NORTE;-6.77425;-39.987638888889;1997;12;82.0;0.0;0.0;0.0;0.0;0.0;0.0;0.0;0.0;0.0;0.0;0.0;0.0;0.0;0.0;0.0;0.0;0.0;0.0;0.0;0.0;0.0;82.0;0.0;0.0;0.0;0.0;0.0;0.0;0.0;0.0;0.0
Antonina do Norte;ANTONINA DO NORTE;-6.77425;-39.987638888889;1998;1;83.0;0.0;0.0;15.0;0.0;0.0;0.0;0.0;0.0;0.0;15.0;13.0;5.0;0.0;0.0;0.0;0.0;0.0;0.0;0.0;0.0;33.0;0.0;0.0;0.0;0.0;0.0;2.0;0.0;0.0;0.0;0.0
Antonina do Norte;ANTONINA DO NORTE;-6.77425;-39.987638888889;1998;2;11.0;0.0;0.0;0.0;0.0;0.0;0.0;0.0;0.0;0.0;0.0;0.0;0.0;0.0;10.0;0.0;0.0;0.0;0.0;1.0;0.0;0.0;0.0;0.0;0.0;0.0;0.0;0.0;0.0;888.0;888.0;888.0
Antonina do Norte;ANTONINA DO NORTE;-6.77425;-39.987638888889;1998;3;161.0;0.0;0.0;0.0;0.0;0.0;0.0;0.0;0.0;0.0;26.0;23.0;0.0;0.0;0.0;0.0;0.0;6.0;0.0;0.0;14.0;44.0;0.0;0.0;42.0;0.0;0.0;0.0;6.0;0.0;0.0;0.0
Antonina do Norte;ANTONINA DO NORTE;-6.77425;-39.987638888889;1998;4;85.0;20.0;11.0;0.0;0.0;0.0;0.0;0.0;0.0;0.0;0.0;0.0;0.0;36.0;5.0;13.0;0.0;0.0;0.0;0.0;0.0;0.0;0.0;0.0;0.0;0.0;0.0;0.0;0.0;0.0;0.0;888.0
Antonina do Norte;ANTONINA DO NORTE;-6.77425;-39.987638888889;1998;5;4.6;0.0;4.6;0.0;0.0;0.0;0.0;0.0;0.0;0.0;0.0;0.0;0.0;0.0;0.0;0.0;0.0;0.0;0.0;0.0;0.0;0.0;0.0;0.0;0.0;0.0;0.0;0.0;0.0;0.0;0.0;0.0
Antonina do Norte;ANTONINA DO NORTE;-6.77425;-39.987638888889;1998;6;0.0;0.0;0.0;0.0;0.0;0.0;0.0;0.0;0.0;0.0;0.0;0.0;0.0;0.0;0.0;0.0;0.0;0.0;0.0;0.0;0.0;0.0;0.0;0.0;0.0;0.0;0.0;0.0;0.0;0.0;0.0;888.0
Antonina do Norte;ANTONINA DO NORTE;-6.77425;-39.987638888889;1998;7;0.0;0.0;0.0;0.0;0.0;0.0;0.0;0.0;0.0;0.0;0.0;0.0;0.0;0.0;0.0;0.0;0.0;0.0;0.0;0.0;0.0;0.0;0.0;0.0;0.0;0.0;0.0;0.0;0.0;0.0;0.0;0.0
Antonina do Norte;ANTONINA DO NORTE;-6.77425;-39.987638888889;1998;8;0.0;0.0;0.0;0.0;0.0;0.0;0.0;0.0;0.0;0.0;0.0;0.0;0.0;0.0;0.0;0.0;0.0;0.0;0.0;0.0;0.0;0.0;0.0;0.0;0.0;0.0;0.0;0.0;0.0;0.0;0.0;0.0
Antonina do Norte;ANTONINA DO NORTE;-6.77425;-39.987638888889;1998;9;0.0;0.0;0.0;0.0;0.0;0.0;0.0;0.0;0.0;0.0;0.0;0.0;0.0;0.0;0.0;0.0;0.0;0.0;0.0;0.0;0.0;0.0;0.0;0.0;0.0;0.0;0.0;0.0;0.0;0.0;0.0;888.0
Antonina do Norte;ANTONINA DO NORTE;-6.77425;-39.987638888889;1998;10;0.0;0.0;0.0;0.0;0.0;0.0;0.0;0.0;0.0;0.0;0.0;0.0;0.0;0.0;0.0;0.0;0.0;0.0;0.0;0.0;0.0;0.0;0.0;0.0;0.0;0.0;0.0;0.0;0.0;0.0;0.0;0.0
Antonina do Norte;ANTONINA DO NORTE;-6.77425;-39.987638888889;1998;11;0.0;0.0;0.0;0.0;0.0;0.0;0.0;0.0;0.0;0.0;0.0;0.0;0.0;0.0;0.0;0.0;0.0;0.0;0.0;0.0;0.0;0.0;0.0;0.0;0.0;0.0;0.0;0.0;0.0;0.0;0.0;888.0
Antonina do Norte;ANTONINA DO NORTE;-6.77425;-39.987638888889;1998;12;0.0;0.0;0.0;0.0;0.0;0.0;0.0;0.0;0.0;0.0;0.0;0.0;0.0;0.0;0.0;0.0;0.0;0.0;0.0;0.0;0.0;0.0;0.0;0.0;0.0;0.0;0.0;0.0;0.0;0.0;0.0;0.0
Antonina do Norte;ANTONINA DO NORTE;-6.77425;-39.987638888889;1999;1;98.0;0.0;0.0;56.0;0.0;0.0;0.0;0.0;0.0;0.0;0.0;0.0;0.0;19.0;0.0;0.0;0.0;0.0;0.0;0.0;0.0;0.0;0.0;9.0;0.0;0.0;0.0;0.0;0.0;0.0;14.0;0.0
Antonina do Norte;ANTONINA DO NORTE;-6.77425;-39.987638888889;1999;2;70.2;0.0;0.0;0.0;0.0;0.0;0.0;0.0;0.0;0.0;0.0;0.0;0.0;0.0;0.0;0.0;20.1;18.1;0.0;4.0;0.0;0.0;28.0;0.0;0.0;0.0;0.0;0.0;0.0;888.0;888.0;888.0
Antonina do Norte;ANTONINA DO NORTE;-6.77425;-39.987638888889;1999;3;110.4;0.0;0.0;0.0;5.2;0.0;9.2;0.0;0.0;22.0;0.0;0.0;0.0;17.0;0.0;16.0;0.0;0.0;5.0;0.0;10.0;0.0;0.0;0.0;0.0;0.0;0.0;0.0;4.0;8.0;0.0;14.0
Antonina do Norte;ANTONINA DO NORTE;-6.77425;-39.987638888889;1999;4;110.3;0.0;0.0;0.0;0.0;0.0;0.0;0.0;0.0;0.0;0.0;0.0;19.1;69.2;3.0;6.0;0.0;0.0;0.0;0.0;0.0;0.0;0.0;7.0;2.0;0.0;0.0;0.0;0.0;0.0;4.0;888.0
Antonina do Norte;ANTONINA DO NORTE;-6.77425;-39.987638888889;1999;5;179.5;0.0;0.0;0.0;0.0;0.0;21.2;3.0;15.0;0.0;0.0;15.0;0.0;0.0;0.0;104.0;0.0;0.0;0.0;0.0;0.0;0.0;0.0;14.0;7.3;0.0;0.0;0.0;0.0;0.0;0.0;0.0
Antonina do Norte;ANTONINA DO NORTE;-6.77425;-39.987638888889;1999;6;0.0;0.0;0.0;0.0;0.0;0.0;0.0;0.0;0.0;0.0;0.0;0.0;0.0;0.0;0.0;0.0;0.0;0.0;0.0;0.0;0.0;0.0;0.0;0.0;0.0;0.0;0.0;0.0;0.0;0.0;0.0;888.0
Antonina do Norte;ANTONINA DO NORTE;-6.77425;-39.987638888889;1999;7;0.0;0.0;0.0;0.0;0.0;0.0;0.0;0.0;0.0;0.0;0.0;0.0;0.0;0.0;0.0;0.0;0.0;0.0;0.0;0.0;0.0;0.0;0.0;0.0;0.0;0.0;0.0;0.0;0.0;0.0;0.0;0.0
Antonina do Norte;ANTONINA DO NORTE;-6.77425;-39.987638888889;1999;8;0.0;0.0;0.0;0.0;0.0;0.0;0.0;0.0;0.0;0.0;0.0;0.0;0.0;0.0;0.0;0.0;0.0;0.0;0.0;0.0;0.0;0.0;0.0;0.0;0.0;0.0;0.0;0.0;0.0;0.0;0.0;0.0
Antonina do Norte;ANTONINA DO NORTE;-6.77425;-39.987638888889;1999;9;0.0;0.0;0.0;0.0;0.0;0.0;0.0;0.0;0.0;0.0;0.0;0.0;0.0;0.0;0.0;0.0;0.0;0.0;0.0;0.0;0.0;0.0;0.0;0.0;0.0;0.0;0.0;0.0;0.0;0.0;0.0;888.0
Antonina do Norte;ANTONINA DO NORTE;-6.77425;-39.987638888889;1999;10;0.0;0.0;0.0;0.0;0.0;0.0;0.0;0.0;0.0;0.0;0.0;0.0;0.0;0.0;0.0;0.0;0.0;0.0;0.0;0.0;0.0;0.0;0.0;0.0;0.0;0.0;0.0;0.0;0.0;0.0;0.0;0.0
Antonina do Norte;ANTONINA DO NORTE;-6.77425;-39.987638888889;1999;11;0.0;0.0;0.0;0.0;0.0;0.0;0.0;0.0;0.0;0.0;0.0;0.0;0.0;0.0;0.0;0.0;0.0;0.0;0.0;0.0;0.0;0.0;0.0;0.0;0.0;0.0;0.0;0.0;0.0;0.0;0.0;888.0
Antonina do Norte;ANTONINA DO NORTE;-6.77425;-39.987638888889;1999;12;63.0;0.0;0.0;0.0;0.0;0.0;0.0;0.0;0.0;0.0;0.0;0.0;0.0;0.0;0.0;0.0;0.0;0.0;0.0;0.0;0.0;0.0;0.0;34.0;0.0;0.0;0.0;29.0;0.0;0.0;0.0;0.0
Antonina do Norte;ANTONINA DO NORTE;-6.77425;-39.987638888889;2000;1;54.6;0.0;0.0;0.0;0.0;0.0;0.0;24.0;0.0;8.2;0.0;9.2;0.0;0.0;0.0;0.0;0.0;13.2;0.0;0.0;0.0;0.0;0.0;0.0;0.0;0.0;0.0;0.0;0.0;0.0;0.0;0.0
Antonina do Norte;ANTONINA DO NORTE;-6.77425;-39.987638888889;2000;2;224.3;0.0;0.0;0.0;0.0;0.0;0.0;0.0;14.0;17.0;0.0;0.0;0.0;0.0;25.0;0.0;1.1;54.0;6.3;22.3;0.0;0.0;0.0;63.0;8.2;2.1;0.0;0.0;11.3;0.0;888.0;888.0
Antonina do Norte;ANTONINA DO NORTE;-6.77425;-39.987638888889;2000;3;106.6;0.0;0.0;6.4;0.0;0.0;0.0;24.0;0.0;0.0;0.0;0.0;0.0;0.0;14.1;0.0;33.3;0.0;0.0;0.0;0.0;6.3;12.0;0.0;0.0;0.0;0.0;6.2;0.0;4.3;0.0;0.0
Antonina do Norte;ANTONINA DO NORTE;-6.77425;-39.987638888889;2000;4;217.0;0.0;0.0;0.0;0.0;0.0;0.0;20.0;0.0;26.0;42.0;27.0;10.0;8.0;38.0;26.0;0.0;0.0;0.0;0.0;5.0;15.0;0.0;0.0;0.0;0.0;0.0;0.0;0.0;0.0;0.0;888.0
Antonina do Norte;ANTONINA DO NORTE;-6.77425;-39.987638888889;2000;5;0.0;0.0;0.0;0.0;0.0;0.0;0.0;0.0;0.0;0.0;0.0;0.0;0.0;0.0;0.0;0.0;0.0;0.0;0.0;0.0;0.0;0.0;0.0;0.0;0.0;0.0;0.0;0.0;0.0;0.0;0.0;0.0
Antonina do Norte;ANTONINA DO NORTE;-6.77425;-39.987638888889;2000;6;14.3;0.0;0.0;0.0;0.0;0.0;0.0;0.0;0.0;0.0;0.0;0.0;0.0;0.0;0.0;0.0;0.0;0.0;0.0;0.0;0.0;0.0;0.0;0.0;0.0;0.0;0.0;14.3;0.0;0.0;0.0;888.0
Antonina do Norte;ANTONINA DO NORTE;-6.77425;-39.987638888889;2000;7;0.0;0.0;0.0;0.0;0.0;0.0;0.0;0.0;0.0;0.0;0.0;0.0;0.0;0.0;0.0;0.0;0.0;0.0;0.0;0.0;0.0;0.0;0.0;0.0;0.0;0.0;0.0;0.0;0.0;0.0;0.0;0.0
Antonina do Norte;ANTONINA DO NORTE;-6.77425;-39.987638888889;2000;8;0.0;0.0;0.0;0.0;0.0;0.0;0.0;0.0;0.0;0.0;0.0;0.0;0.0;0.0;0.0;0.0;0.0;0.0;0.0;0.0;0.0;0.0;0.0;0.0;0.0;0.0;0.0;0.0;0.0;0.0;0.0;0.0
Antonina do Norte;ANTONINA DO NORTE;-6.77425;-39.987638888889;2000;9;0.0;0.0;0.0;0.0;0.0;0.0;0.0;0.0;0.0;0.0;0.0;0.0;0.0;0.0;0.0;0.0;0.0;0.0;0.0;0.0;0.0;0.0;0.0;0.0;0.0;0.0;0.0;0.0;0.0;0.0;0.0;888.0
Antonina do Norte;ANTONINA DO NORTE;-6.77425;-39.987638888889;2000;10;0.0;0.0;0.0;0.0;0.0;0.0;0.0;0.0;0.0;0.0;0.0;0.0;0.0;0.0;0.0;0.0;0.0;0.0;0.0;0.0;0.0;0.0;0.0;0.0;0.0;0.0;0.0;0.0;0.0;0.0;0.0;0.0
Antonina do Norte;ANTONINA DO NORTE;-6.77425;-39.987638888889;2000;11;0.0;0.0;0.0;0.0;0.0;0.0;0.0;0.0;0.0;0.0;0.0;0.0;0.0;0.0;0.0;0.0;0.0;0.0;0.0;0.0;0.0;0.0;0.0;0.0;0.0;0.0;0.0;0.0;0.0;0.0;0.0;888.0
Antonina do Norte;ANTONINA DO NORTE;-6.77425;-39.987638888889;2000;12;43.0;0.0;0.0;0.0;0.0;0.0;0.0;0.0;0.0;0.0;0.0;0.0;0.0;0.0;26.0;17.0;0.0;0.0;0.0;0.0;0.0;0.0;0.0;0.0;0.0;0.0;0.0;0.0;0.0;0.0;0.0;0.0
Antonina do Norte;ANTONINA DO NORTE;-6.77425;-39.987638888889;2001;1;0.0;0.0;0.0;0.0;0.0;0.0;0.0;0.0;0.0;0.0;0.0;0.0;0.0;0.0;0.0;0.0;0.0;0.0;0.0;0.0;0.0;0.0;0.0;0.0;0.0;0.0;0.0;0.0;0.0;0.0;0.0;0.0
Antonina do Norte;ANTONINA DO NORTE;-6.77425;-39.987638888889;2001;2;45.0;4.0;0.0;0.0;8.0;0.0;0.0;0.0;0.0;18.0;0.0;0.0;0.0;0.0;10.0;0.0;0.0;0.0;0.0;0.0;0.0;5.0;0.0;0.0;0.0;0.0;0.0;0.0;0.0;888.0;888.0;888.0
Antonina do Norte;ANTONINA DO NORTE;-6.77425;-39.987638888889;2001;3;92.0;28.0;20.0;0.0;0.0;0.0;0.0;0.0;0.0;0.0;0.0;9.0;0.0;0.0;0.0;21.0;3.0;0.0;0.0;0.0;0.0;0.0;0.0;5.0;0.0;0.0;6.0;0.0;0.0;0.0;0.0;0.0
Antonina do Norte;ANTONINA DO NORTE;-6.77425;-39.987638888889;2001;4;7.0;0.0;0.0;7.0;0.0;0.0;0.0;0.0;0.0;0.0;0.0;0.0;0.0;0.0;0.0;0.0;0.0;0.0;0.0;0.0;0.0;0.0;0.0;0.0;0.0;0.0;0.0;0.0;0.0;0.0;0.0;888.0
Antonina do Norte;ANTONINA DO NORTE;-6.77425;-39.987638888889;2001;5;30.0;0.0;0.0;0.0;0.0;0.0;0.0;0.0;0.0;0.0;0.0;0.0;0.0;0.0;0.0;0.0;0.0;0.0;0.0;0.0;0.0;0.0;0.0;0.0;0.0;10.0;12.0;0.0;0.0;0.0;0.0;8.0
Antonina do Norte;ANTONINA DO NORTE;-6.77425;-39.987638888889;2001;6;9.5;0.0;9.5;0.0;0.0;0.0;0.0;0.0;0.0;0.0;0.0;0.0;0.0;0.0;0.0;0.0;0.0;0.0;0.0;0.0;0.0;0.0;0.0;0.0;0.0;0.0;0.0;0.0;0.0;0.0;0.0;888.0
Antonina do Norte;ANTONINA DO NORTE;-6.77425;-39.987638888889;2001;7;0.0;0.0;0.0;0.0;0.0;0.0;0.0;0.0;0.0;0.0;0.0;0.0;0.0;0.0;0.0;0.0;0.0;0.0;0.0;0.0;0.0;0.0;0.0;0.0;0.0;0.0;0.0;0.0;0.0;0.0;0.0;0.0
Antonina do Norte;ANTONINA DO NORTE;-6.77425;-39.987638888889;2001;8;0.0;0.0;0.0;0.0;0.0;0.0;0.0;0.0;0.0;0.0;0.0;0.0;0.0;0.0;0.0;0.0;0.0;0.0;0.0;0.0;0.0;0.0;0.0;0.0;0.0;0.0;0.0;0.0;0.0;0.0;0.0;0.0
Antonina do Norte;ANTONINA DO NORTE;-6.77425;-39.987638888889;2001;9;0.0;0.0;0.0;0.0;0.0;0.0;0.0;0.0;0.0;0.0;0.0;0.0;0.0;0.0;0.0;0.0;0.0;0.0;0.0;0.0;0.0;0.0;0.0;0.0;0.0;0.0;0.0;0.0;0.0;0.0;0.0;888.0
Antonina do Norte;ANTONINA DO NORTE;-6.77425;-39.987638888889;2001;10;0.0;0.0;0.0;0.0;0.0;0.0;0.0;0.0;0.0;0.0;0.0;0.0;0.0;0.0;0.0;0.0;0.0;0.0;0.0;0.0;0.0;0.0;0.0;0.0;0.0;0.0;0.0;0.0;0.0;0.0;0.0;0.0
Antonina do Norte;ANTONINA DO NORTE;-6.77425;-39.987638888889;2001;11;0.0;0.0;0.0;0.0;0.0;0.0;0.0;0.0;0.0;0.0;0.0;0.0;0.0;0.0;0.0;0.0;0.0;0.0;0.0;0.0;0.0;0.0;0.0;0.0;0.0;0.0;0.0;0.0;0.0;0.0;0.0;888.0
Antonina do Norte;ANTONINA DO NORTE;-6.77425;-39.987638888889;2001;12;0.0;0.0;0.0;0.0;0.0;0.0;0.0;0.0;0.0;0.0;0.0;0.0;0.0;0.0;0.0;0.0;0.0;0.0;0.0;0.0;0.0;0.0;0.0;0.0;0.0;0.0;0.0;0.0;0.0;0.0;0.0;0.0
Antonina do Norte;ANTONINA DO NORTE;-6.77425;-39.987638888889;2002;1;221.0;0.0;0.0;0.0;0.0;0.0;0.0;0.0;47.0;14.0;9.0;6.0;13.0;53.0;0.0;0.0;17.0;0.0;44.0;0.0;3.0;0.0;0.0;0.0;0.0;0.0;0.0;0.0;0.0;0.0;15.0;0.0
Antonina do Norte;ANTONINA DO NORTE;-6.77425;-39.987638888889;2002;2;27.3;0.0;0.0;0.0;0.0;27.3;0.0;0.0;0.0;0.0;0.0;0.0;0.0;0.0;0.0;0.0;0.0;0.0;0.0;0.0;0.0;0.0;0.0;0.0;0.0;0.0;0.0;0.0;0.0;888.0;888.0;888.0
Antonina do Norte;ANTONINA DO NORTE;-6.77425;-39.987638888889;2002;3;21.5;0.0;0.0;0.0;0.0;0.0;0.0;9.5;0.0;0.0;0.0;0.0;0.0;0.0;0.0;0.0;0.0;0.0;12.0;0.0;0.0;0.0;0.0;0.0;0.0;0.0;0.0;0.0;0.0;0.0;0.0;0.0
Antonina do Norte;ANTONINA DO NORTE;-6.77425;-39.987638888889;2002;4;49.0;0.0;0.0;0.0;0.0;0.0;0.0;0.0;13.2;0.0;2.1;7.3;18.3;2.9;0.0;5.2;0.0;0.0;0.0;0.0;0.0;0.0;0.0;0.0;0.0;0.0;0.0;0.0;0.0;0.0;0.0;888.0
Antonina do Norte;ANTONINA DO NORTE;-6.77425;-39.987638888889;2002;5;20.0;0.0;0.0;0.0;0.0;0.0;0.0;0.0;0.0;20.0;0.0;0.0;0.0;0.0;0.0;0.0;0.0;0.0;0.0;0.0;0.0;0.0;0.0;0.0;0.0;0.0;0.0;0.0;0.0;0.0;0.0;0.0
Antonina do Norte;ANTONINA DO NORTE;-6.77425;-39.987638888889;2002;6;5.5;0.0;0.0;0.0;0.0;0.0;0.0;0.0;0.0;0.0;0.0;0.0;0.0;0.0;0.0;0.0;0.0;0.0;5.5;0.0;0.0;0.0;0.0;0.0;0.0;0.0;0.0;0.0;0.0;0.0;0.0;888.0
Antonina do Norte;ANTONINA DO NORTE;-6.77425;-39.987638888889;2002;7;4.5;0.0;0.0;0.0;0.0;0.0;0.0;0.0;0.0;0.0;0.0;0.0;0.0;0.0;0.0;0.0;0.0;0.0;0.0;0.0;0.0;0.0;4.5;0.0;0.0;0.0;0.0;0.0;0.0;0.0;0.0;0.0
Antonina do Norte;ANTONINA DO NORTE;-6.77425;-39.987638888889;2002;8;0.0;0.0;0.0;0.0;0.0;0.0;0.0;0.0;0.0;0.0;0.0;0.0;0.0;0.0;0.0;0.0;0.0;0.0;0.0;0.0;0.0;0.0;0.0;0.0;0.0;0.0;0.0;0.0;0.0;0.0;0.0;0.0
Antonina do Norte;ANTONINA DO NORTE;-6.77425;-39.987638888889;2002;9;0.0;0.0;0.0;0.0;0.0;0.0;0.0;0.0;0.0;0.0;0.0;0.0;0.0;0.0;0.0;0.0;0.0;0.0;0.0;0.0;0.0;0.0;0.0;0.0;0.0;0.0;0.0;0.0;0.0;0.0;0.0;888.0
Antonina do Norte;ANTONINA DO NORTE;-6.77425;-39.987638888889;2002;10;0.0;0.0;0.0;0.0;0.0;0.0;0.0;0.0;0.0;0.0;0.0;0.0;0.0;0.0;0.0;0.0;0.0;0.0;0.0;0.0;0.0;0.0;0.0;0.0;0.0;0.0;0.0;0.0;0.0;0.0;0.0;0.0
Antonina do Norte;ANTONINA DO NORTE;-6.77425;-39.987638888889;2002;11;0.0;0.0;0.0;0.0;0.0;0.0;0.0;0.0;0.0;0.0;0.0;0.0;0.0;0.0;0.0;0.0;0.0;0.0;0.0;0.0;0.0;0.0;0.0;0.0;0.0;0.0;0.0;0.0;0.0;0.0;0.0;888.0
Antonina do Norte;ANTONINA DO NORTE;-6.77425;-39.987638888889;2002;12;0.0;0.0;0.0;0.0;0.0;0.0;0.0;0.0;0.0;0.0;0.0;0.0;0.0;0.0;0.0;0.0;0.0;0.0;0.0;0.0;0.0;0.0;0.0;0.0;0.0;0.0;0.0;0.0;0.0;0.0;0.0;0.0
Antonina do Norte;ANTONINA DO NORTE;-6.77425;-39.987638888889;2003;1;75.0;0.0;0.0;0.0;0.0;0.0;0.0;0.0;0.0;0.0;0.0;0.0;0.0;0.0;0.0;0.0;0.0;0.0;0.0;0.0;0.0;0.0;0.0;0.0;19.0;0.0;0.0;22.0;0.0;0.0;23.0;11.0
Antonina do Norte;ANTONINA DO NORTE;-6.77425;-39.987638888889;2003;2;124.0;0.0;0.0;2.0;0.0;0.0;0.0;8.0;0.0;0.0;0.0;0.0;36.0;0.0;11.0;0.0;0.0;0.0;0.0;0.0;16.0;0.0;0.0;33.0;7.0;0.0;11.0;0.0;0.0;888.0;888.0;888.0
Antonina do Norte;ANTONINA DO NORTE;-6.77425;-39.987638888889;2003;3;190.0;0.0;0.0;0.0;0.0;0.0;14.0;0.0;0.0;0.0;22.0;0.0;0.0;0.0;0.0;23.0;0.0;50.0;0.0;12.0;11.0;0.0;0.0;10.0;40.0;0.0;8.0;0.0;0.0;0.0;0.0;0.0
Antonina do Norte;ANTONINA DO NORTE;-6.77425;-39.987638888889;2003;4;58.0;31.0;0.0;0.0;0.0;0.0;0.0;0.0;0.0;0.0;0.0;0.0;0.0;0.0;0.0;0.0;0.0;0.0;0.0;0.0;0.0;0.0;0.0;0.0;0.0;0.0;10.0;17.0;0.0;0.0;0.0;888.0
Antonina do Norte;ANTONINA DO NORTE;-6.77425;-39.987638888889;2003;5;2.0;0.0;0.0;0.0;0.0;0.0;0.0;0.0;0.0;0.0;0.0;0.0;0.0;0.0;0.0;0.0;0.0;0.0;0.0;0.0;0.0;0.0;0.0;0.0;0.0;0.0;0.0;0.0;0.0;0.0;2.0;0.0
Antonina do Norte;ANTONINA DO NORTE;-6.77425;-39.987638888889;2003;6;0.0;0.0;0.0;0.0;0.0;0.0;0.0;0.0;0.0;0.0;0.0;0.0;0.0;0.0;0.0;0.0;0.0;0.0;0.0;0.0;0.0;0.0;0.0;0.0;0.0;0.0;0.0;0.0;0.0;0.0;0.0;888.0
Antonina do Norte;ANTONINA DO NORTE;-6.77425;-39.987638888889;2003;7;0.0;0.0;0.0;0.0;0.0;0.0;0.0;0.0;0.0;0.0;0.0;0.0;0.0;0.0;0.0;0.0;0.0;0.0;0.0;0.0;0.0;0.0;0.0;0.0;0.0;0.0;0.0;0.0;0.0;0.0;0.0;0.0
Antonina do Norte;ANTONINA DO NORTE;-6.77425;-39.987638888889;2003;8;0.0;0.0;0.0;0.0;0.0;0.0;0.0;0.0;0.0;0.0;0.0;0.0;0.0;0.0;0.0;0.0;0.0;0.0;0.0;0.0;0.0;0.0;0.0;0.0;0.0;0.0;0.0;0.0;0.0;0.0;0.0;0.0
Antonina do Norte;ANTONINA DO NORTE;-6.77425;-39.987638888889;2003;9;0.0;0.0;0.0;0.0;0.0;0.0;0.0;0.0;0.0;0.0;0.0;0.0;0.0;0.0;0.0;0.0;0.0;0.0;0.0;0.0;0.0;0.0;0.0;0.0;0.0;0.0;0.0;0.0;0.0;0.0;0.0;888.0
Antonina do Norte;ANTONINA DO NORTE;-6.77425;-39.987638888889;2003;10;0.0;0.0;0.0;0.0;0.0;0.0;0.0;0.0;0.0;0.0;0.0;0.0;0.0;0.0;0.0;0.0;0.0;0.0;0.0;0.0;0.0;0.0;0.0;0.0;0.0;0.0;0.0;0.0;0.0;0.0;0.0;0.0
Antonina do Norte;ANTONINA DO NORTE;-6.77425;-39.987638888889;2003;11;0.0;0.0;0.0;0.0;0.0;0.0;0.0;0.0;0.0;0.0;0.0;0.0;0.0;0.0;0.0;0.0;0.0;0.0;0.0;0.0;0.0;0.0;0.0;0.0;0.0;0.0;0.0;0.0;0.0;0.0;0.0;888.0
Antonina do Norte;ANTONINA DO NORTE;-6.77425;-39.987638888889;2003;12;0.0;0.0;0.0;0.0;0.0;0.0;0.0;0.0;0.0;0.0;0.0;0.0;0.0;0.0;0.0;0.0;0.0;0.0;0.0;0.0;0.0;0.0;0.0;0.0;0.0;0.0;0.0;0.0;0.0;0.0;0.0;0.0
Antonina do Norte;ANTONINA DO NORTE;-6.77425;-39.987638888889;2004;1;388.7;0.0;0.0;0.0;0.0;0.0;0.0;0.0;0.0;14.0;0.0;0.0;42.0;10.0;0.0;24.0;0.0;0.0;48.2;3.0;0.0;50.2;11.4;10.0;7.6;9.4;22.0;35.0;48.0;15.0;8.8;30.1
Antonina do Norte;ANTONINA DO NORTE;-6.77425;-39.987638888889;2004;2;260.6;38.0;0.0;0.0;25.2;12.8;0.0;0.0;15.2;0.0;0.0;0.0;0.0;0.0;0.0;0.0;72.4;0.0;0.0;0.0;0.0;0.0;10.6;0.0;0.0;0.0;0.0;55.6;30.8;0.0;888.0;888.0
Antonina do Norte;ANTONINA DO NORTE;-6.77425;-39.987638888889;2004;3;109.7;0.0;0.0;0.0;0.0;16.8;0.0;0.0;22.4;0.0;0.0;0.0;0.0;0.0;0.0;0.0;0.0;25.6;0.0;32.1;0.0;0.0;0.0;0.0;0.0;0.0;0.0;12.8;0.0;0.0;0.0;0.0
Antonina do Norte;ANTONINA DO NORTE;-6.77425;-39.987638888889;2004;4;31.6;0.0;0.0;1.0;3.2;0.0;3.8;5.2;10.2;0.0;0.0;0.0;0.0;0.0;0.0;0.0;0.0;0.0;0.0;0.0;0.0;0.0;0.0;0.0;0.0;0.0;8.2;0.0;0.0;0.0;0.0;888.0
Antonina do Norte;ANTONINA DO NORTE;-6.77425;-39.987638888889;2004;5;22.6;0.0;0.0;0.0;0.0;0.0;0.0;0.0;7.2;0.0;0.0;0.0;0.0;0.0;0.0;7.4;0.0;0.0;0.0;0.0;0.0;8.0;0.0;0.0;0.0;0.0;0.0;0.0;0.0;0.0;0.0;0.0
Antonina do Norte;ANTONINA DO NORTE;-6.77425;-39.987638888889;2004;6;0.0;0.0;0.0;0.0;0.0;0.0;0.0;0.0;0.0;0.0;0.0;0.0;0.0;0.0;0.0;0.0;0.0;0.0;0.0;0.0;0.0;0.0;0.0;0.0;0.0;0.0;0.0;0.0;0.0;0.0;0.0;888.0
Antonina do Norte;ANTONINA DO NORTE;-6.77425;-39.987638888889;2004;7;0.0;0.0;0.0;0.0;0.0;0.0;0.0;0.0;0.0;0.0;0.0;0.0;0.0;0.0;0.0;0.0;0.0;0.0;0.0;0.0;0.0;0.0;0.0;0.0;0.0;0.0;0.0;0.0;0.0;0.0;0.0;0.0
Antonina do Norte;ANTONINA DO NORTE;-6.77425;-39.987638888889;2004;8;0.0;0.0;0.0;0.0;0.0;0.0;0.0;0.0;0.0;0.0;0.0;0.0;0.0;0.0;0.0;0.0;0.0;0.0;0.0;0.0;0.0;0.0;0.0;0.0;0.0;0.0;0.0;0.0;0.0;0.0;0.0;0.0
Antonina do Norte;ANTONINA DO NORTE;-6.77425;-39.987638888889;2004;9;0.0;0.0;0.0;0.0;0.0;0.0;0.0;0.0;0.0;0.0;0.0;0.0;0.0;0.0;0.0;0.0;0.0;0.0;0.0;0.0;0.0;0.0;0.0;0.0;0.0;0.0;0.0;0.0;0.0;0.0;0.0;888.0
Antonina do Norte;ANTONINA DO NORTE;-6.77425;-39.987638888889;2004;10;0.0;0.0;0.0;0.0;0.0;0.0;0.0;0.0;0.0;0.0;0.0;0.0;0.0;0.0;0.0;0.0;0.0;0.0;0.0;0.0;0.0;0.0;0.0;0.0;0.0;0.0;0.0;0.0;0.0;0.0;0.0;0.0
Antonina do Norte;ANTONINA DO NORTE;-6.77425;-39.987638888889;2004;11;0.0;0.0;0.0;0.0;0.0;0.0;0.0;0.0;0.0;0.0;0.0;0.0;0.0;0.0;0.0;0.0;0.0;0.0;0.0;0.0;0.0;0.0;0.0;0.0;0.0;0.0;0.0;0.0;0.0;0.0;0.0;888.0
Antonina do Norte;ANTONINA DO NORTE;-6.77425;-39.987638888889;2004;12;0.0;0.0;0.0;0.0;0.0;0.0;0.0;0.0;0.0;0.0;0.0;0.0;0.0;0.0;0.0;0.0;0.0;0.0;0.0;0.0;0.0;0.0;0.0;0.0;0.0;0.0;0.0;0.0;0.0;0.0;0.0;0.0
Antonina do Norte;ANTONINA DO NORTE;-6.77425;-39.987638888889;2005;1;99.8;0.0;0.0;0.0;0.0;0.0;0.0;0.0;0.0;0.0;0.0;0.0;0.0;0.0;0.0;30.6;0.0;0.0;0.0;0.0;45.8;0.0;0.0;15.2;0.0;0.0;8.2;0.0;0.0;0.0;0.0;0.0
Antonina do Norte;ANTONINA DO NORTE;-6.77425;-39.987638888889;2005;2;33.5;0.0;0.0;0.0;0.0;0.0;0.0;0.0;0.0;0.0;0.0;0.0;0.0;0.0;0.0;18.5;3.5;11.5;0.0;0.0;0.0;0.0;0.0;0.0;0.0;0.0;0.0;0.0;0.0;888.0;888.0;888.0
Antonina do Norte;ANTONINA DO NORTE;-6.77425;-39.987638888889;2005;3;174.5;0.0;0.0;0.0;17.0;0.0;0.0;0.0;0.0;0.0;0.0;0.0;90.0;0.0;16.0;0.0;5.0;0.0;0.0;0.0;0.0;3.5;5.0;2.0;0.0;0.0;5.0;0.0;0.0;24.5;6.5;0.0
Antonina do Norte;ANTONINA DO NORTE;-6.77425;-39.987638888889;2005;4;50.0;7.0;0.0;0.0;0.0;0.0;0.0;0.0;0.0;0.0;0.0;0.0;0.0;0.0;0.0;0.0;17.0;4.0;0.0;0.0;22.0;0.0;0.0;0.0;0.0;0.0;0.0;0.0;0.0;0.0;0.0;888.0
Antonina do Norte;ANTONINA DO NORTE;-6.77425;-39.987638888889;2005;5;32.0;0.0;0.0;0.0;0.0;12.0;10.0;2.0;0.0;0.0;0.0;0.0;0.0;0.0;0.0;0.0;0.0;7.0;0.0;0.0;0.0;0.0;0.0;0.0;0.0;0.0;0.0;0.0;0.0;0.0;0.0;1.0
Antonina do Norte;ANTONINA DO NORTE;-6.77425;-39.987638888889;2005;6;0.0;0.0;0.0;0.0;0.0;0.0;0.0;0.0;0.0;0.0;0.0;0.0;0.0;0.0;0.0;0.0;0.0;0.0;0.0;0.0;0.0;0.0;0.0;0.0;0.0;0.0;0.0;0.0;0.0;0.0;0.0;888.0
Antonina do Norte;ANTONINA DO NORTE;-6.77425;-39.987638888889;2005;7;0.0;0.0;0.0;0.0;0.0;0.0;0.0;0.0;0.0;0.0;0.0;0.0;0.0;0.0;0.0;0.0;0.0;0.0;0.0;0.0;0.0;0.0;0.0;0.0;0.0;0.0;0.0;0.0;0.0;0.0;0.0;0.0
Antonina do Norte;ANTONINA DO NORTE;-6.77425;-39.987638888889;2005;8;0.0;0.0;0.0;0.0;0.0;0.0;0.0;0.0;0.0;0.0;0.0;0.0;0.0;0.0;0.0;0.0;0.0;0.0;0.0;0.0;0.0;0.0;0.0;0.0;0.0;0.0;0.0;0.0;0.0;0.0;0.0;0.0
Antonina do Norte;ANTONINA DO NORTE;-6.77425;-39.987638888889;2005;9;0.0;0.0;0.0;0.0;0.0;0.0;0.0;0.0;0.0;0.0;0.0;0.0;0.0;0.0;0.0;0.0;0.0;0.0;0.0;0.0;0.0;0.0;0.0;0.0;0.0;0.0;0.0;0.0;0.0;0.0;0.0;888.0
Antonina do Norte;ANTONINA DO NORTE;-6.77425;-39.987638888889;2005;10;0.0;0.0;0.0;0.0;0.0;0.0;0.0;0.0;0.0;0.0;0.0;0.0;0.0;0.0;0.0;0.0;0.0;0.0;0.0;0.0;0.0;0.0;0.0;0.0;0.0;0.0;0.0;0.0;0.0;0.0;0.0;0.0
Antonina do Norte;ANTONINA DO NORTE;-6.77425;-39.987638888889;2005;11;0.0;0.0;999.0;999.0;999.0;999.0;999.0;999.0;999.0;999.0;999.0;999.0;999.0;999.0;999.0;999.0;999.0;999.0;999.0;999.0;999.0;999.0;999.0;999.0;999.0;999.0;999.0;999.0;999.0;999.0;999.0;888.0
Antonina do Norte;ANTONINA DO NORTE;-6.77425;-39.987638888889;2005;12;56.0;0.0;0.0;0.0;0.0;39.0;0.0;17.0;0.0;0.0;0.0;0.0;0.0;0.0;0.0;0.0;0.0;0.0;0.0;0.0;0.0;0.0;0.0;0.0;0.0;0.0;0.0;0.0;0.0;0.0;0.0;0.0
Antonina do Norte;ANTONINA DO NORTE;-6.77425;-39.987638888889;2006;1;7.0;0.0;7.0;0.0;0.0;0.0;0.0;0.0;0.0;0.0;0.0;0.0;0.0;0.0;0.0;0.0;0.0;0.0;0.0;0.0;0.0;0.0;0.0;0.0;0.0;0.0;0.0;0.0;0.0;0.0;0.0;0.0
Antonina do Norte;ANTONINA DO NORTE;-6.77425;-39.987638888889;2006;2;172.0;32.0;3.0;0.0;0.0;5.5;13.5;2.0;0.0;0.0;0.0;0.0;0.0;3.5;1.5;0.0;33.0;56.0;6.5;2.0;13.5;0.0;0.0;0.0;0.0;0.0;0.0;0.0;0.0;888.0;888.0;888.0
Antonina do Norte;ANTONINA DO NORTE;-6.77425;-39.987638888889;2006;3;158.5;11.0;0.0;0.0;0.0;0.0;0.0;0.0;0.0;0.0;0.0;0.0;0.0;8.0;11.0;0.0;0.0;14.0;8.0;0.0;10.0;2.0;1.0;0.0;29.0;4.0;0.0;23.5;20.0;0.0;14.0;3.0
Antonina do Norte;ANTONINA DO NORTE;-6.77425;-39.987638888889;2006;4;169.5;0.0;0.0;2.0;14.0;0.0;0.0;23.0;21.0;3.0;0.0;14.0;0.0;0.0;0.0;0.0;5.5;0.0;0.0;3.0;0.0;35.5;19.5;8.0;3.0;11.0;0.0;0.0;0.0;7.0;0.0;888.0
Antonina do Norte;ANTONINA DO NORTE;-6.77425;-39.987638888889;2006;5;129.6;77.0;0.0;0.0;0.0;0.0;0.0;0.0;0.0;0.0;0.0;0.0;0.0;0.0;12.6;0.0;10.0;0.0;0.0;0.0;0.0;0.0;30.0;0.0;0.0;0.0;0.0;0.0;0.0;0.0;0.0;0.0
Antonina do Norte;ANTONINA DO NORTE;-6.77425;-39.987638888889;2006;6;0.0;0.0;0.0;0.0;0.0;0.0;0.0;0.0;0.0;0.0;0.0;0.0;0.0;0.0;0.0;0.0;0.0;0.0;0.0;0.0;0.0;0.0;0.0;0.0;0.0;0.0;0.0;0.0;0.0;0.0;0.0;888.0
Antonina do Norte;ANTONINA DO NORTE;-6.77425;-39.987638888889;2006;7;0.0;0.0;0.0;0.0;0.0;0.0;0.0;0.0;0.0;0.0;0.0;0.0;0.0;0.0;0.0;0.0;0.0;0.0;0.0;0.0;0.0;0.0;0.0;0.0;0.0;0.0;0.0;0.0;0.0;0.0;0.0;0.0
Antonina do Norte;ANTONINA DO NORTE;-6.77425;-39.987638888889;2006;8;0.0;0.0;0.0;0.0;0.0;0.0;0.0;0.0;0.0;0.0;0.0;0.0;0.0;0.0;0.0;0.0;0.0;0.0;0.0;0.0;0.0;0.0;0.0;0.0;0.0;0.0;0.0;0.0;0.0;0.0;0.0;0.0
Antonina do Norte;ANTONINA DO NORTE;-6.77425;-39.987638888889;2006;9;0.0;0.0;0.0;0.0;0.0;0.0;0.0;0.0;0.0;0.0;0.0;0.0;0.0;0.0;0.0;0.0;0.0;0.0;0.0;0.0;0.0;0.0;0.0;0.0;0.0;0.0;0.0;0.0;0.0;0.0;0.0;888.0
Antonina do Norte;ANTONINA DO NORTE;-6.77425;-39.987638888889;2006;10;17.0;0.0;0.0;0.0;0.0;0.0;0.0;0.0;0.0;0.0;0.0;0.0;0.0;0.0;0.0;0.0;0.0;0.0;0.0;0.0;0.0;0.0;0.0;17.0;0.0;0.0;0.0;0.0;0.0;0.0;0.0;0.0
Antonina do Norte;ANTONINA DO NORTE;-6.77425;-39.987638888889;2006;11;0.0;0.0;0.0;0.0;0.0;0.0;0.0;0.0;0.0;0.0;0.0;0.0;0.0;0.0;0.0;0.0;0.0;0.0;0.0;0.0;0.0;0.0;0.0;0.0;0.0;0.0;0.0;0.0;0.0;0.0;0.0;888.0
Antonina do Norte;ANTONINA DO NORTE;-6.77425;-39.987638888889;2006;12;0.0;0.0;0.0;0.0;0.0;0.0;0.0;0.0;0.0;0.0;0.0;0.0;0.0;0.0;0.0;0.0;0.0;0.0;0.0;0.0;0.0;0.0;0.0;0.0;0.0;0.0;0.0;0.0;0.0;0.0;0.0;0.0
Antonina do Norte;ANTONINA DO NORTE;-6.77425;-39.987638888889;2007;1;12.0;0.0;12.0;0.0;0.0;0.0;0.0;0.0;0.0;0.0;0.0;0.0;0.0;0.0;0.0;0.0;0.0;0.0;0.0;0.0;0.0;0.0;0.0;0.0;0.0;0.0;0.0;0.0;0.0;0.0;0.0;0.0
Antonina do Norte;ANTONINA DO NORTE;-6.77425;-39.987638888889;2007;2;200.5;22.5;0.0;0.0;15.0;1.0;8.5;2.0;0.0;3.0;2.0;0.0;0.0;0.0;30.0;2.0;0.0;3.0;20.0;0.0;36.0;0.0;15.0;16.0;3.0;0.0;5.5;0.0;16.0;888.0;888.0;888.0
Antonina do Norte;ANTONINA DO NORTE;-6.77425;-39.987638888889;2007;3;81.5;0.0;17.0;0.0;0.0;4.0;0.0;0.0;0.0;0.0;0.0;2.0;14.0;0.0;0.0;2.0;0.0;0.0;0.0;7.0;7.5;2.0;0.0;24.0;0.0;0.0;2.0;0.0;0.0;0.0;0.0;0.0
Antonina do Norte;ANTONINA DO NORTE;-6.77425;-39.987638888889;2007;4;230.5;0.0;0.0;0.0;0.0;0.0;0.0;0.0;0.0;0.0;0.0;0.0;4.0;0.0;0.0;0.0;0.0;8.5;0.0;8.0;31.0;0.0;75.0;0.0;2.0;66.0;1.0;2.0;2.0;31.0;0.0;888.0
Antonina do Norte;ANTONINA DO NORTE;-6.77425;-39.987638888889;2007;5;32.0;10.0;20.0;0.0;0.0;0.0;0.0;0.0;0.0;0.0;0.0;0.0;0.0;0.0;0.0;0.0;0.0;0.0;0.0;0.0;0.0;0.0;0.0;0.0;0.0;0.0;0.0;0.0;2.0;0.0;0.0;0.0
Antonina do Norte;ANTONINA DO NORTE;-6.77425;-39.987638888889;2007;6;3.0;0.0;0.0;0.0;0.0;0.0;0.0;0.0;0.0;0.0;0.0;0.0;0.0;3.0;0.0;0.0;0.0;0.0;0.0;0.0;0.0;0.0;0.0;0.0;0.0;0.0;0.0;0.0;0.0;0.0;0.0;888.0
Antonina do Norte;ANTONINA DO NORTE;-6.77425;-39.987638888889;2007;7;0.0;0.0;0.0;0.0;0.0;0.0;0.0;0.0;0.0;0.0;0.0;0.0;0.0;0.0;0.0;0.0;0.0;0.0;0.0;0.0;0.0;0.0;0.0;0.0;0.0;0.0;0.0;0.0;0.0;0.0;0.0;0.0
Antonina do Norte;ANTONINA DO NORTE;-6.77425;-39.987638888889;2007;8;0.0;0.0;0.0;0.0;0.0;0.0;0.0;0.0;0.0;0.0;0.0;0.0;0.0;0.0;0.0;0.0;0.0;0.0;0.0;0.0;0.0;0.0;0.0;0.0;0.0;0.0;0.0;0.0;0.0;0.0;0.0;0.0
Antonina do Norte;ANTONINA DO NORTE;-6.77425;-39.987638888889;2007;9;0.0;0.0;0.0;0.0;0.0;0.0;0.0;0.0;0.0;0.0;0.0;0.0;0.0;0.0;0.0;0.0;0.0;0.0;0.0;0.0;0.0;0.0;0.0;0.0;0.0;0.0;0.0;0.0;0.0;0.0;0.0;888.0
Antonina do Norte;ANTONINA DO NORTE;-6.77425;-39.987638888889;2007;10;0.0;0.0;0.0;0.0;0.0;0.0;0.0;0.0;0.0;0.0;0.0;0.0;0.0;0.0;0.0;0.0;0.0;0.0;0.0;0.0;0.0;0.0;0.0;0.0;0.0;0.0;0.0;0.0;0.0;0.0;0.0;0.0
Antonina do Norte;ANTONINA DO NORTE;-6.77425;-39.987638888889;2007;11;0.0;0.0;0.0;0.0;0.0;0.0;0.0;0.0;0.0;0.0;0.0;0.0;0.0;0.0;0.0;0.0;0.0;0.0;0.0;0.0;0.0;0.0;0.0;0.0;0.0;0.0;0.0;0.0;0.0;0.0;0.0;888.0
Antonina do Norte;ANTONINA DO NORTE;-6.77425;-39.987638888889;2007;12;31.0;0.0;0.0;0.0;0.0;0.0;0.0;0.0;0.0;0.0;0.0;0.0;0.0;0.0;0.0;11.5;0.0;0.0;0.0;0.0;0.0;0.0;0.0;0.0;0.0;0.0;0.0;6.0;0.0;5.5;0.0;8.0
Antonina do Norte;ANTONINA DO NORTE;-6.77425;-39.987638888889;2008;1;28.5;0.0;0.0;1.5;2.0;0.0;0.0;0.0;0.0;0.0;0.0;0.0;0.0;0.0;0.0;6.0;0.0;0.0;0.0;0.0;0.0;0.0;0.0;0.0;0.0;3.0;0.0;0.0;0.0;0.0;0.0;16.0
Antonina do Norte;ANTONINA DO NORTE;-6.77425;-39.987638888889;2008;2;68.0;8.0;0.0;0.0;0.0;0.0;0.0;0.0;8.0;0.0;0.0;0.0;11.0;0.0;0.0;0.0;0.0;0.0;0.0;0.0;0.0;0.0;0.0;1.0;0.0;0.0;1.0;39.0;0.0;0.0;888.0;888.0
Antonina do Norte;ANTONINA DO NORTE;-6.77425;-39.987638888889;2008;3;242.0;15.0;0.0;0.0;0.0;3.0;6.0;3.0;0.0;41.0;0.0;5.0;12.0;3.0;0.0;0.0;2.0;3.0;5.0;31.0;10.0;0.0;4.0;12.0;15.0;0.0;34.0;0.0;12.0;3.0;17.0;6.0
Antonina do Norte;ANTONINA DO NORTE;-6.77425;-39.987638888889;2008;4;127.0;39.0;6.0;0.0;0.0;0.0;0.0;9.0;17.0;0.0;2.0;0.0;0.0;29.0;8.0;6.0;10.0;0.0;0.0;0.0;0.0;0.0;0.0;1.0;0.0;0.0;0.0;0.0;0.0;0.0;0.0;888.0
Antonina do Norte;ANTONINA DO NORTE;-6.77425;-39.987638888889;2008;5;45.0;0.0;13.0;4.0;0.0;0.0;21.0;0.0;0.0;0.0;0.0;0.0;0.0;0.0;0.0;0.0;2.0;0.0;0.0;0.0;0.0;0.0;0.0;0.0;0.0;0.0;0.0;0.0;5.0;0.0;0.0;0.0
Antonina do Norte;ANTONINA DO NORTE;-6.77425;-39.987638888889;2008;6;0.0;0.0;0.0;0.0;0.0;0.0;0.0;0.0;0.0;0.0;0.0;0.0;0.0;0.0;0.0;0.0;0.0;0.0;0.0;0.0;0.0;0.0;0.0;0.0;0.0;0.0;0.0;0.0;0.0;0.0;0.0;888.0
Antonina do Norte;ANTONINA DO NORTE;-6.77425;-39.987638888889;2008;7;0.0;0.0;0.0;0.0;0.0;0.0;0.0;0.0;0.0;0.0;0.0;0.0;0.0;0.0;0.0;0.0;0.0;0.0;0.0;0.0;0.0;0.0;0.0;0.0;0.0;0.0;0.0;0.0;0.0;0.0;0.0;0.0
Antonina do Norte;ANTONINA DO NORTE;-6.77425;-39.987638888889;2008;8;0.0;0.0;0.0;0.0;0.0;0.0;0.0;0.0;0.0;0.0;0.0;0.0;0.0;0.0;0.0;0.0;0.0;0.0;0.0;0.0;0.0;0.0;0.0;0.0;0.0;0.0;0.0;0.0;0.0;0.0;0.0;0.0
Antonina do Norte;ANTONINA DO NORTE;-6.77425;-39.987638888889;2008;9;0.0;0.0;0.0;0.0;0.0;0.0;0.0;0.0;0.0;0.0;0.0;0.0;0.0;0.0;0.0;0.0;0.0;0.0;0.0;0.0;0.0;0.0;0.0;0.0;0.0;0.0;0.0;0.0;0.0;0.0;0.0;888.0
Antonina do Norte;ANTONINA DO NORTE;-6.77425;-39.987638888889;2008;10;0.0;0.0;0.0;0.0;0.0;0.0;0.0;0.0;0.0;0.0;0.0;0.0;0.0;0.0;0.0;0.0;0.0;0.0;0.0;0.0;0.0;0.0;0.0;0.0;0.0;0.0;0.0;0.0;0.0;0.0;0.0;0.0
Antonina do Norte;ANTONINA DO NORTE;-6.77425;-39.987638888889;2008;11;0.0;0.0;0.0;0.0;0.0;0.0;0.0;0.0;0.0;0.0;0.0;0.0;0.0;0.0;0.0;0.0;0.0;0.0;0.0;0.0;0.0;0.0;0.0;0.0;0.0;0.0;0.0;0.0;0.0;0.0;0.0;888.0
Antonina do Norte;ANTONINA DO NORTE;-6.77425;-39.987638888889;2008;12;9.5;0.0;0.0;0.0;0.0;0.0;0.0;0.0;5.0;0.0;4.5;0.0;0.0;0.0;0.0;0.0;0.0;0.0;0.0;0.0;0.0;0.0;0.0;0.0;0.0;0.0;0.0;0.0;0.0;0.0;0.0;0.0
Antonina do Norte;ANTONINA DO NORTE;-6.77425;-39.987638888889;2009;1;106.0;0.0;0.0;0.0;0.0;0.0;0.0;0.0;0.0;0.0;0.0;15.0;0.0;0.0;0.0;0.0;0.0;0.0;0.0;0.0;0.0;0.0;76.0;15.0;0.0;0.0;0.0;0.0;0.0;0.0;0.0;0.0
Antonina do Norte;ANTONINA DO NORTE;-6.77425;-39.987638888889;2009;2;96.0;7.0;0.0;0.0;3.0;23.0;4.0;0.0;0.0;0.0;0.0;0.0;8.0;0.0;0.0;0.0;4.0;0.0;3.0;0.0;7.0;9.0;8.0;0.0;2.0;18.0;0.0;0.0;0.0;888.0;888.0;888.0
Antonina do Norte;ANTONINA DO NORTE;-6.77425;-39.987638888889;2009;3;107.0;2.0;19.0;6.0;42.0;0.0;4.0;0.0;0.0;3.0;0.0;0.0;0.0;4.0;0.0;5.0;0.0;6.0;6.0;2.0;0.0;0.0;0.0;0.0;0.0;0.0;8.0;0.0;0.0;0.0;0.0;0.0
Antonina do Norte;ANTONINA DO NORTE;-6.77425;-39.987638888889;2009;4;338.0;0.0;6.0;37.0;20.0;20.0;2.0;0.0;0.0;0.0;32.0;0.0;2.0;27.0;26.0;4.0;14.0;0.0;2.0;0.0;25.0;15.0;0.0;62.0;5.0;2.0;7.0;12.0;8.0;10.0;0.0;888.0
Antonina do Norte;ANTONINA DO NORTE;-6.77425;-39.987638888889;2009;5;111.0;30.0;2.0;0.0;0.0;6.0;1.0;0.0;20.0;6.0;0.0;0.0;4.0;0.0;3.0;0.0;0.0;0.0;3.0;0.0;0.0;0.0;9.0;0.0;0.0;0.0;0.0;0.0;20.0;0.0;7.0;0.0
Antonina do Norte;ANTONINA DO NORTE;-6.77425;-39.987638888889;2009;6;22.0;0.0;5.0;0.0;6.0;8.0;0.0;0.0;3.0;0.0;0.0;0.0;0.0;0.0;0.0;0.0;0.0;0.0;0.0;0.0;0.0;0.0;0.0;0.0;0.0;0.0;0.0;0.0;0.0;0.0;0.0;888.0
Antonina do Norte;ANTONINA DO NORTE;-6.77425;-39.987638888889;2009;7;20.0;0.0;0.0;0.0;0.0;0.0;0.0;0.0;0.0;0.0;0.0;0.0;0.0;0.0;0.0;0.0;0.0;0.0;0.0;0.0;0.0;0.0;4.0;16.0;0.0;0.0;0.0;0.0;0.0;0.0;0.0;0.0
Antonina do Norte;ANTONINA DO NORTE;-6.77425;-39.987638888889;2009;8;7.0;0.0;0.0;0.0;0.0;0.0;0.0;0.0;0.0;0.0;0.0;0.0;0.0;0.0;0.0;0.0;0.0;0.0;0.0;0.0;0.0;0.0;0.0;0.0;0.0;0.0;7.0;0.0;0.0;0.0;0.0;0.0
Antonina do Norte;ANTONINA DO NORTE;-6.77425;-39.987638888889;2009;9;0.0;0.0;0.0;0.0;0.0;0.0;0.0;0.0;0.0;0.0;0.0;0.0;0.0;0.0;0.0;0.0;0.0;0.0;0.0;0.0;0.0;0.0;0.0;0.0;0.0;0.0;0.0;0.0;0.0;0.0;0.0;888.0
Antonina do Norte;ANTONINA DO NORTE;-6.77425;-39.987638888889;2009;10;0.0;0.0;0.0;0.0;0.0;0.0;0.0;0.0;0.0;0.0;0.0;0.0;0.0;0.0;0.0;0.0;0.0;0.0;0.0;0.0;0.0;0.0;0.0;0.0;0.0;0.0;0.0;0.0;0.0;0.0;0.0;0.0
Antonina do Norte;ANTONINA DO NORTE;-6.77425;-39.987638888889;2009;11;0.0;0.0;0.0;0.0;0.0;0.0;0.0;0.0;0.0;0.0;0.0;0.0;0.0;0.0;0.0;0.0;0.0;0.0;0.0;0.0;0.0;0.0;0.0;0.0;0.0;0.0;0.0;0.0;0.0;0.0;0.0;888.0
Antonina do Norte;ANTONINA DO NORTE;-6.77425;-39.987638888889;2009;12;0.0;0.0;0.0;0.0;0.0;0.0;0.0;0.0;0.0;0.0;0.0;0.0;0.0;0.0;0.0;0.0;0.0;0.0;0.0;0.0;0.0;0.0;0.0;0.0;0.0;0.0;0.0;0.0;0.0;0.0;0.0;0.0
Antonina do Norte;ANTONINA DO NORTE;-6.77425;-39.987638888889;2010;1;54.5;5.0;0.0;10.0;0.0;0.0;0.0;0.0;0.0;3.0;18.5;0.0;0.0;0.0;0.0;0.0;8.0;0.0;4.0;0.0;0.0;0.0;0.0;0.0;0.0;0.0;0.0;2.0;0.0;4.0;0.0;0.0
Antonina do Norte;ANTONINA DO NORTE;-6.77425;-39.987638888889;2010;2;0.0;0.0;0.0;0.0;0.0;0.0;0.0;0.0;0.0;0.0;0.0;0.0;0.0;0.0;0.0;0.0;0.0;0.0;0.0;0.0;0.0;0.0;0.0;0.0;0.0;0.0;0.0;0.0;0.0;888.0;888.0;888.0
Antonina do Norte;ANTONINA DO NORTE;-6.77425;-39.987638888889;2010;3;71.0;0.0;0.0;0.0;0.0;0.0;0.0;0.0;0.0;0.0;0.0;0.0;0.0;0.0;0.0;0.0;0.0;0.0;2.0;0.0;0.0;32.0;0.0;0.0;0.0;0.0;11.0;10.0;0.0;16.0;0.0;0.0
Antonina do Norte;ANTONINA DO NORTE;-6.77425;-39.987638888889;2010;4;115.0;0.0;21.0;0.0;15.0;0.0;7.0;0.0;0.0;15.0;2.0;50.0;0.0;5.0;0.0;0.0;0.0;0.0;0.0;0.0;0.0;0.0;0.0;0.0;0.0;0.0;0.0;0.0;0.0;0.0;0.0;888.0
Antonina do Norte;ANTONINA DO NORTE;-6.77425;-39.987638888889;2010;5;29.0;0.0;0.0;0.0;0.0;0.0;0.0;0.0;0.0;0.0;0.0;0.0;0.0;0.0;29.0;0.0;0.0;0.0;0.0;0.0;0.0;0.0;0.0;0.0;0.0;0.0;0.0;0.0;0.0;0.0;0.0;0.0
Antonina do Norte;ANTONINA DO NORTE;-6.77425;-39.987638888889;2010;6;0.0;0.0;0.0;0.0;0.0;0.0;0.0;0.0;0.0;0.0;0.0;0.0;0.0;0.0;0.0;0.0;0.0;0.0;0.0;0.0;0.0;0.0;0.0;0.0;0.0;0.0;0.0;0.0;0.0;0.0;0.0;888.0
Antonina do Norte;ANTONINA DO NORTE;-6.77425;-39.987638888889;2010;7;0.0;0.0;0.0;0.0;0.0;0.0;999.0;999.0;999.0;999.0;999.0;999.0;999.0;999.0;999.0;999.0;999.0;999.0;999.0;999.0;999.0;999.0;999.0;999.0;999.0;999.0;999.0;999.0;999.0;999.0;999.0;999.0
Antonina do Norte;ANTONINA DO NORTE;-6.77425;-39.987638888889;2011;1;33.0;0.0;0.0;0.0;0.0;0.0;0.0;0.0;0.0;0.0;33.0;0.0;0.0;0.0;999.0;999.0;999.0;999.0;999.0;999.0;999.0;999.0;999.0;999.0;999.0;999.0;999.0;999.0;999.0;999.0;999.0;999.0
Antonina do Norte;ANTONINA DO NORTE;-6.77425;-39.987638888889;2012;1;0.0;0.0;0.0;0.0;0.0;0.0;0.0;0.0;0.0;0.0;0.0;0.0;0.0;0.0;0.0;0.0;0.0;0.0;0.0;0.0;0.0;0.0;0.0;0.0;0.0;0.0;0.0;0.0;0.0;0.0;0.0;0.0
Antonina do Norte;ANTONINA DO NORTE;-6.77425;-39.987638888889;2012;2;0.0;0.0;0.0;0.0;0.0;0.0;0.0;0.0;0.0;0.0;0.0;0.0;0.0;0.0;0.0;0.0;0.0;0.0;0.0;0.0;0.0;0.0;0.0;0.0;0.0;0.0;0.0;0.0;0.0;0.0;888.0;888.0
Antonina do Norte;ANTONINA DO NORTE;-6.77425;-39.987638888889;2012;3;162.0;0.0;0.0;0.0;0.0;0.0;0.0;0.0;0.0;8.0;12.0;2.0;0.0;0.0;27.0;0.0;4.0;0.0;0.0;0.0;22.0;14.0;0.0;0.0;0.0;0.0;42.0;1.0;0.0;0.0;30.0;0.0
Antonina do Norte;ANTONINA DO NORTE;-6.77425;-39.987638888889;2012;4;5.0;0.0;0.0;3.0;0.0;0.0;0.0;0.0;0.0;0.0;0.0;0.0;0.0;0.0;0.0;0.0;0.0;2.0;0.0;0.0;0.0;0.0;0.0;0.0;0.0;0.0;0.0;0.0;0.0;0.0;0.0;888.0
Antonina do Norte;ANTONINA DO NORTE;-6.77425;-39.987638888889;2012;5;0.0;0.0;0.0;0.0;0.0;0.0;0.0;0.0;0.0;0.0;0.0;0.0;0.0;0.0;0.0;0.0;0.0;0.0;0.0;0.0;0.0;0.0;0.0;0.0;0.0;0.0;0.0;0.0;0.0;0.0;0.0;0.0
Antonina do Norte;ANTONINA DO NORTE;-6.77425;-39.987638888889;2012;6;0.0;0.0;0.0;0.0;0.0;0.0;0.0;0.0;0.0;0.0;0.0;0.0;0.0;0.0;0.0;0.0;0.0;0.0;0.0;0.0;0.0;0.0;0.0;0.0;0.0;0.0;0.0;0.0;0.0;0.0;0.0;888.0
Antonina do Norte;ANTONINA DO NORTE;-6.77425;-39.987638888889;2012;7;0.0;0.0;0.0;0.0;0.0;0.0;0.0;0.0;0.0;0.0;0.0;0.0;0.0;0.0;0.0;0.0;0.0;0.0;0.0;0.0;0.0;0.0;0.0;0.0;0.0;0.0;0.0;0.0;0.0;0.0;0.0;0.0
Antonina do Norte;ANTONINA DO NORTE;-6.77425;-39.987638888889;2012;8;0.0;0.0;0.0;0.0;0.0;0.0;0.0;0.0;0.0;0.0;0.0;0.0;0.0;0.0;0.0;0.0;0.0;0.0;0.0;0.0;0.0;0.0;0.0;0.0;0.0;0.0;0.0;0.0;0.0;0.0;0.0;0.0
Antonina do Norte;ANTONINA DO NORTE;-6.77425;-39.987638888889;2012;9;0.0;0.0;0.0;0.0;0.0;0.0;0.0;0.0;0.0;0.0;0.0;0.0;0.0;0.0;0.0;0.0;0.0;0.0;0.0;0.0;0.0;0.0;0.0;0.0;0.0;0.0;0.0;0.0;0.0;0.0;0.0;888.0
Antonina do Norte;ANTONINA DO NORTE;-6.77425;-39.987638888889;2012;10;0.0;0.0;0.0;0.0;0.0;0.0;0.0;0.0;0.0;0.0;0.0;0.0;0.0;0.0;0.0;0.0;0.0;0.0;0.0;0.0;0.0;0.0;0.0;0.0;0.0;0.0;0.0;0.0;0.0;0.0;0.0;0.0
Antonina do Norte;ANTONINA DO NORTE;-6.77425;-39.987638888889;2012;11;0.0;0.0;0.0;0.0;0.0;0.0;0.0;0.0;0.0;0.0;0.0;0.0;0.0;0.0;0.0;0.0;0.0;0.0;0.0;0.0;0.0;0.0;0.0;0.0;0.0;0.0;0.0;0.0;0.0;0.0;0.0;888.0
Antonina do Norte;ANTONINA DO NORTE;-6.77425;-39.987638888889;2012;12;0.0;0.0;0.0;0.0;0.0;0.0;0.0;0.0;0.0;0.0;0.0;0.0;0.0;0.0;0.0;0.0;0.0;0.0;0.0;0.0;0.0;0.0;0.0;0.0;0.0;0.0;0.0;0.0;0.0;0.0;0.0;0.0
Antonina do Norte;ANTONINA DO NORTE;-6.77425;-39.987638888889;2013;1;61.0;0.0;0.0;0.0;0.0;30.0;0.0;0.0;0.0;15.0;0.0;0.0;0.0;0.0;3.0;4.0;0.0;0.0;4.0;0.0;5.0;0.0;0.0;0.0;0.0;0.0;0.0;0.0;0.0;0.0;0.0;0.0
Antonina do Norte;ANTONINA DO NORTE;-6.77425;-39.987638888889;2013;2;44.0;0.0;0.0;0.0;0.0;0.0;0.0;0.0;0.0;0.0;0.0;0.0;0.0;0.0;0.0;14.0;0.0;30.0;0.0;0.0;0.0;0.0;0.0;0.0;0.0;0.0;0.0;0.0;0.0;888.0;888.0;888.0
Antonina do Norte;ANTONINA DO NORTE;-6.77425;-39.987638888889;2013;3;138.0;0.0;0.0;0.0;0.0;0.0;0.0;0.0;0.0;0.0;0.0;0.0;0.0;0.0;0.0;0.0;0.0;17.0;0.0;0.0;30.0;0.0;0.0;0.0;7.0;4.0;73.0;0.0;0.0;0.0;7.0;0.0
Antonina do Norte;ANTONINA DO NORTE;-6.77425;-39.987638888889;2013;4;63.0;0.0;0.0;9.0;37.0;0.0;0.0;0.0;0.0;0.0;0.0;0.0;0.0;0.0;0.0;0.0;9.0;0.0;0.0;8.0;0.0;0.0;0.0;0.0;0.0;0.0;0.0;0.0;0.0;0.0;0.0;888.0
Antonina do Norte;ANTONINA DO NORTE;-6.77425;-39.987638888889;2013;5;24.5;0.0;0.0;0.0;0.0;0.0;0.0;0.0;0.0;4.0;0.0;0.0;0.0;0.0;0.0;0.0;0.0;0.0;0.0;0.0;0.0;0.0;0.0;0.0;0.0;0.0;5.5;15.0;0.0;0.0;0.0;0.0
Antonina do Norte;ANTONINA DO NORTE;-6.77425;-39.987638888889;2013;6;38.5;0.0;0.0;0.0;0.0;11.5;0.0;0.0;0.0;0.0;0.0;0.0;0.0;0.0;0.0;0.0;0.0;0.0;0.0;0.0;0.0;0.0;0.0;27.0;0.0;0.0;0.0;0.0;0.0;0.0;0.0;888.0
Antonina do Norte;ANTONINA DO NORTE;-6.77425;-39.987638888889;2013;7;10.0;0.0;0.0;0.0;0.0;0.0;0.0;0.0;0.0;0.0;0.0;0.0;0.0;0.0;0.0;10.0;0.0;0.0;0.0;0.0;0.0;0.0;0.0;0.0;0.0;0.0;0.0;0.0;0.0;0.0;0.0;0.0
Antonina do Norte;ANTONINA DO NORTE;-6.77425;-39.987638888889;2013;8;0.0;0.0;0.0;0.0;0.0;0.0;0.0;0.0;0.0;0.0;0.0;0.0;0.0;0.0;0.0;0.0;0.0;0.0;0.0;0.0;0.0;0.0;0.0;0.0;0.0;0.0;0.0;0.0;0.0;0.0;0.0;0.0
Antonina do Norte;ANTONINA DO NORTE;-6.77425;-39.987638888889;2013;9;0.0;0.0;0.0;0.0;0.0;0.0;0.0;0.0;0.0;0.0;0.0;0.0;0.0;0.0;0.0;0.0;0.0;0.0;0.0;0.0;0.0;0.0;0.0;0.0;0.0;0.0;0.0;0.0;0.0;0.0;0.0;888.0
Antonina do Norte;ANTONINA DO NORTE;-6.77425;-39.987638888889;2013;10;8.0;0.0;0.0;0.0;0.0;0.0;0.0;0.0;0.0;0.0;0.0;0.0;0.0;0.0;0.0;0.0;0.0;0.0;0.0;0.0;0.0;0.0;0.0;0.0;0.0;0.0;0.0;8.0;0.0;0.0;0.0;0.0
Antonina do Norte;ANTONINA DO NORTE;-6.77425;-39.987638888889;2013;11;0.0;0.0;0.0;0.0;0.0;0.0;0.0;0.0;0.0;0.0;0.0;0.0;0.0;0.0;0.0;0.0;0.0;0.0;0.0;0.0;0.0;0.0;0.0;0.0;0.0;0.0;0.0;0.0;0.0;0.0;0.0;888.0
Antonina do Norte;ANTONINA DO NORTE;-6.77425;-39.987638888889;2013;12;72.0;0.0;0.0;0.0;0.0;0.0;0.0;0.0;0.0;0.0;0.0;0.0;0.0;0.0;0.0;0.0;0.0;0.0;0.0;26.0;0.0;0.0;0.0;38.0;0.0;0.0;8.0;0.0;0.0;0.0;0.0;0.0
Antonina do Norte;ANTONINA DO NORTE;-6.77425;-39.987638888889;2014;1;27.5;0.0;0.0;0.0;0.0;0.0;10.0;0.0;0.0;0.0;0.0;0.0;0.0;0.0;16.5;0.0;0.0;0.0;0.0;0.0;1.0;0.0;0.0;0.0;0.0;0.0;0.0;0.0;0.0;0.0;0.0;0.0
Antonina do Norte;ANTONINA DO NORTE;-6.77425;-39.987638888889;2014;2;192.5;0.0;0.0;24.0;40.0;0.0;7.0;0.0;0.0;40.0;14.5;38.0;21.0;0.0;1.0;0.0;0.0;7.0;0.0;0.0;0.0;0.0;0.0;0.0;0.0;0.0;0.0;0.0;0.0;888.0;888.0;888.0
Antonina do Norte;ANTONINA DO NORTE;-6.77425;-39.987638888889;2014;3;157.5;0.0;0.0;0.0;0.0;0.0;26.0;0.0;0.0;0.0;0.0;14.0;13.5;0.0;0.0;0.0;0.0;7.5;5.0;59.0;0.0;0.0;0.0;0.0;0.0;0.0;0.0;0.0;5.5;0.0;0.0;27.0
Antonina do Norte;ANTONINA DO NORTE;-6.77425;-39.987638888889;2014;4;52.0;0.0;30.0;0.0;0.0;0.0;0.0;0.0;0.0;0.0;0.0;2.0;0.0;0.0;0.0;0.0;0.0;0.0;0.0;0.0;0.0;0.0;0.0;10.0;10.0;0.0;0.0;0.0;0.0;0.0;0.0;888.0
Antonina do Norte;ANTONINA DO NORTE;-6.77425;-39.987638888889;2014;5;26.4;0.0;0.0;18.4;0.0;0.0;0.0;0.0;0.0;0.0;0.0;0.0;0.0;0.0;0.0;0.0;0.0;0.0;0.0;0.0;0.0;0.0;8.0;0.0;0.0;0.0;0.0;0.0;0.0;0.0;0.0;0.0
Antonina do Norte;ANTONINA DO NORTE;-6.77425;-39.987638888889;2014;6;0.0;0.0;0.0;0.0;0.0;0.0;0.0;0.0;0.0;0.0;0.0;0.0;0.0;0.0;0.0;0.0;0.0;0.0;0.0;0.0;0.0;0.0;0.0;0.0;0.0;0.0;0.0;0.0;0.0;0.0;0.0;888.0
Antonina do Norte;ANTONINA DO NORTE;-6.77425;-39.987638888889;2014;7;0.0;0.0;0.0;0.0;0.0;0.0;0.0;0.0;0.0;0.0;0.0;0.0;0.0;0.0;0.0;0.0;0.0;0.0;0.0;0.0;0.0;0.0;0.0;0.0;0.0;0.0;0.0;0.0;0.0;0.0;0.0;0.0
Antonina do Norte;ANTONINA DO NORTE;-6.77425;-39.987638888889;2014;8;0.0;0.0;0.0;0.0;0.0;0.0;0.0;0.0;0.0;0.0;0.0;0.0;0.0;0.0;0.0;0.0;0.0;0.0;0.0;0.0;0.0;0.0;0.0;0.0;0.0;0.0;0.0;0.0;0.0;0.0;0.0;0.0
Antonina do Norte;ANTONINA DO NORTE;-6.77425;-39.987638888889;2014;9;0.0;0.0;0.0;0.0;0.0;0.0;0.0;0.0;0.0;0.0;0.0;0.0;0.0;0.0;0.0;0.0;0.0;0.0;0.0;0.0;0.0;0.0;0.0;0.0;0.0;0.0;0.0;0.0;0.0;0.0;0.0;888.0
Antonina do Norte;ANTONINA DO NORTE;-6.77425;-39.987638888889;2014;10;0.0;0.0;0.0;0.0;0.0;0.0;0.0;0.0;0.0;0.0;0.0;0.0;0.0;0.0;0.0;0.0;0.0;0.0;0.0;0.0;0.0;0.0;0.0;0.0;0.0;0.0;0.0;0.0;0.0;0.0;0.0;0.0
Antonina do Norte;ANTONINA DO NORTE;-6.77425;-39.987638888889;2014;11;61.0;0.0;0.0;0.0;0.0;0.0;0.0;999.0;0.0;0.0;0.0;0.0;0.0;0.0;0.0;0.0;0.0;0.0;55.0;6.0;0.0;0.0;0.0;0.0;0.0;0.0;0.0;0.0;0.0;0.0;0.0;888.0
Antonina do Norte;ANTONINA DO NORTE;-6.77425;-39.987638888889;2014;12;0.0;0.0;0.0;0.0;0.0;0.0;0.0;0.0;0.0;0.0;0.0;0.0;0.0;0.0;0.0;0.0;0.0;0.0;0.0;0.0;0.0;0.0;0.0;0.0;0.0;0.0;0.0;0.0;0.0;0.0;0.0;0.0
Antonina do Norte;ANTONINA DO NORTE;-6.77425;-39.987638888889;2015;1;0.0;0.0;0.0;0.0;0.0;0.0;0.0;0.0;0.0;0.0;0.0;0.0;0.0;0.0;0.0;0.0;0.0;0.0;0.0;0.0;0.0;0.0;0.0;0.0;0.0;0.0;0.0;0.0;0.0;0.0;0.0;0.0
Antonina do Norte;ANTONINA DO NORTE;-6.77425;-39.987638888889;2015;2;30.0;0.0;0.0;0.0;0.0;0.0;0.0;0.0;0.0;0.0;0.0;0.0;0.0;0.0;0.0;0.0;0.0;0.0;0.0;0.0;0.0;0.0;0.0;21.0;0.0;9.0;0.0;0.0;0.0;888.0;888.0;888.0
Antonina do Norte;ANTONINA DO NORTE;-6.77425;-39.987638888889;2015;3;199.0;0.0;46.0;0.0;0.0;0.0;0.0;0.0;35.0;3.0;0.0;0.0;0.0;0.0;0.0;0.0;0.0;11.0;0.0;0.0;0.0;0.0;52.0;29.0;0.0;3.0;17.0;3.0;0.0;0.0;0.0;0.0
Antonina do Norte;ANTONINA DO NORTE;-6.77425;-39.987638888889;2015;4;70.0;0.0;0.0;22.0;0.0;0.0;0.0;0.0;0.0;17.0;0.0;0.0;16.0;0.0;0.0;11.0;0.0;0.0;1.0;0.0;0.0;0.0;0.0;3.0;0.0;0.0;0.0;0.0;0.0;0.0;0.0;888.0
Antonina do Norte;ANTONINA DO NORTE;-6.77425;-39.987638888889;2015;5;22.0;0.0;0.0;0.0;4.0;0.0;0.0;0.0;0.0;18.0;0.0;0.0;0.0;0.0;0.0;0.0;0.0;0.0;0.0;0.0;0.0;0.0;0.0;0.0;0.0;0.0;0.0;0.0;0.0;0.0;0.0;0.0
Antonina do Norte;ANTONINA DO NORTE;-6.77425;-39.987638888889;2015;6;6.5;0.0;0.0;0.0;0.0;0.0;0.0;6.5;0.0;0.0;0.0;0.0;0.0;0.0;0.0;0.0;0.0;0.0;0.0;0.0;0.0;0.0;0.0;0.0;0.0;0.0;0.0;0.0;0.0;0.0;0.0;888.0
Antonina do Norte;ANTONINA DO NORTE;-6.77425;-39.987638888889;2015;7;7.0;0.0;0.0;0.0;7.0;0.0;0.0;0.0;0.0;0.0;0.0;0.0;0.0;0.0;0.0;0.0;0.0;0.0;0.0;0.0;0.0;0.0;0.0;0.0;0.0;0.0;0.0;0.0;0.0;0.0;0.0;0.0
Antonina do Norte;ANTONINA DO NORTE;-6.77425;-39.987638888889;2015;8;0.0;0.0;0.0;0.0;0.0;0.0;0.0;0.0;0.0;0.0;0.0;0.0;0.0;0.0;0.0;0.0;0.0;0.0;0.0;0.0;0.0;0.0;0.0;0.0;0.0;0.0;0.0;0.0;0.0;0.0;0.0;0.0
Antonina do Norte;ANTONINA DO NORTE;-6.77425;-39.987638888889;2015;9;0.0;0.0;0.0;0.0;0.0;0.0;0.0;0.0;0.0;0.0;0.0;0.0;0.0;0.0;0.0;0.0;0.0;0.0;0.0;0.0;0.0;0.0;0.0;0.0;0.0;0.0;0.0;0.0;0.0;0.0;0.0;888.0
Antonina do Norte;ANTONINA DO NORTE;-6.77425;-39.987638888889;2015;10;0.0;0.0;0.0;0.0;0.0;0.0;0.0;0.0;0.0;0.0;0.0;0.0;0.0;0.0;0.0;0.0;0.0;0.0;0.0;0.0;0.0;0.0;0.0;0.0;0.0;0.0;0.0;0.0;0.0;0.0;0.0;0.0
Antonina do Norte;ANTONINA DO NORTE;-6.77425;-39.987638888889;2015;11;0.0;0.0;0.0;0.0;0.0;0.0;0.0;0.0;0.0;0.0;0.0;0.0;0.0;0.0;0.0;0.0;0.0;0.0;0.0;0.0;0.0;0.0;0.0;0.0;0.0;0.0;0.0;0.0;0.0;0.0;0.0;888.0
Antonina do Norte;ANTONINA DO NORTE;-6.77425;-39.987638888889;2015;12;0.0;0.0;0.0;0.0;0.0;0.0;0.0;0.0;999.0;999.0;999.0;999.0;999.0;999.0;999.0;999.0;999.0;999.0;999.0;999.0;999.0;999.0;999.0;999.0;999.0;999.0;999.0;999.0;999.0;999.0;999.0;999.0
Antonina do Norte;ANTONINA DO NORTE;-6.77425;-39.987638888889;2016;1;180.0;0.0;0.0;0.0;0.0;0.0;0.0;32.0;1.5;0.0;0.0;1.0;0.0;6.5;73.0;1.0;0.0;0.0;0.0;0.0;0.0;11.0;0.0;0.0;0.0;52.0;2.0;0.0;0.0;0.0;0.0;0.0
Antonina do Norte;ANTONINA DO NORTE;-6.77425;-39.987638888889;2016;2;1.0;0.0;0.0;0.0;0.0;0.0;0.0;0.0;0.0;0.0;0.0;0.0;0.0;0.0;1.0;0.0;0.0;0.0;0.0;0.0;0.0;0.0;0.0;0.0;0.0;0.0;0.0;0.0;0.0;0.0;888.0;888.0
Antonina do Norte;ANTONINA DO NORTE;-6.77425;-39.987638888889;2016;3;84.9;0.0;0.0;0.0;0.0;0.0;0.0;18.0;0.0;0.5;0.0;5.0;0.0;0.0;0.0;0.0;0.0;6.4;0.0;0.0;24.0;0.0;0.0;0.0;0.0;0.0;9.0;0.0;0.0;0.0;22.0;0.0
Antonina do Norte;ANTONINA DO NORTE;-6.77425;-39.987638888889;2016;4;4.0;0.0;0.0;0.0;0.0;2.0;0.0;0.0;2.0;0.0;0.0;0.0;0.0;0.0;0.0;0.0;0.0;0.0;0.0;0.0;0.0;0.0;0.0;0.0;0.0;0.0;0.0;0.0;0.0;0.0;0.0;888.0
Antonina do Norte;ANTONINA DO NORTE;-6.77425;-39.987638888889;2016;5;43.0;3.0;4.0;0.0;0.0;0.0;0.0;0.0;0.0;0.0;0.0;0.0;0.0;0.0;0.0;0.0;0.0;0.0;0.0;0.0;0.0;0.0;0.0;0.0;0.0;35.0;0.0;0.0;0.0;0.0;0.0;1.0
Antonina do Norte;ANTONINA DO NORTE;-6.77425;-39.987638888889;2016;6;0.0;0.0;0.0;0.0;0.0;0.0;0.0;0.0;0.0;0.0;0.0;0.0;0.0;0.0;0.0;0.0;0.0;0.0;0.0;0.0;0.0;0.0;0.0;0.0;0.0;0.0;0.0;0.0;0.0;0.0;0.0;888.0
Antonina do Norte;ANTONINA DO NORTE;-6.77425;-39.987638888889;2016;7;0.0;0.0;0.0;0.0;0.0;0.0;0.0;0.0;0.0;0.0;0.0;0.0;0.0;0.0;0.0;0.0;0.0;0.0;0.0;0.0;0.0;0.0;0.0;0.0;0.0;0.0;0.0;0.0;0.0;0.0;0.0;0.0
Antonina do Norte;ANTONINA DO NORTE;-6.77425;-39.987638888889;2016;8;0.0;0.0;0.0;0.0;0.0;0.0;0.0;0.0;0.0;0.0;0.0;0.0;0.0;0.0;0.0;0.0;0.0;0.0;0.0;0.0;0.0;0.0;0.0;0.0;0.0;0.0;0.0;0.0;0.0;0.0;0.0;0.0
Antonina do Norte;ANTONINA DO NORTE;-6.77425;-39.987638888889;2016;9;0.0;0.0;0.0;0.0;0.0;0.0;0.0;0.0;0.0;0.0;0.0;0.0;0.0;0.0;0.0;0.0;0.0;0.0;0.0;999.0;0.0;0.0;0.0;0.0;0.0;0.0;0.0;0.0;0.0;0.0;0.0;888.0
Antonina do Norte;ANTONINA DO NORTE;-6.77425;-39.987638888889;2016;10;0.0;0.0;0.0;0.0;0.0;0.0;0.0;0.0;0.0;0.0;0.0;0.0;0.0;0.0;0.0;0.0;0.0;0.0;0.0;0.0;0.0;0.0;0.0;0.0;0.0;0.0;0.0;0.0;0.0;0.0;0.0;0.0
Antonina do Norte;ANTONINA DO NORTE;-6.77425;-39.987638888889;2016;11;0.0;0.0;0.0;0.0;0.0;0.0;0.0;0.0;0.0;0.0;0.0;0.0;0.0;0.0;0.0;0.0;0.0;0.0;0.0;0.0;0.0;0.0;0.0;0.0;0.0;0.0;0.0;0.0;0.0;0.0;0.0;888.0
Antonina do Norte;ANTONINA DO NORTE;-6.77425;-39.987638888889;2016;12;15.5;0.0;0.0;0.0;0.0;0.0;0.0;0.0;0.0;0.0;0.0;0.0;0.0;0.0;8.0;0.0;3.0;0.0;0.0;0.0;4.5;0.0;0.0;0.0;0.0;0.0;0.0;0.0;0.0;0.0;0.0;0.0
Antonina do Norte;ANTONINA DO NORTE;-6.77425;-39.987638888889;2017;1;73.9;0.0;0.0;0.0;0.0;0.0;0.0;0.0;0.0;0.0;0.0;0.0;0.0;0.0;0.0;0.0;0.0;41.0;0.0;5.0;0.0;0.0;0.0;0.0;27.9;0.0;0.0;0.0;0.0;0.0;0.0;0.0
Antonina do Norte;ANTONINA DO NORTE;-6.77425;-39.987638888889;2017;2;247.0;40.0;0.0;0.0;0.0;0.0;0.0;0.0;0.0;0.0;0.0;133.0;0.0;0.0;0.0;0.0;0.0;0.0;0.0;0.0;26.0;0.0;0.0;0.0;0.0;48.0;0.0;0.0;0.0;888.0;888.0;888.0
Antonina do Norte;ANTONINA DO NORTE;-6.77425;-39.987638888889;2017;3;105.0;0.0;0.0;0.0;0.0;0.0;0.0;0.0;0.0;0.0;0.0;0.0;0.0;5.0;2.0;13.0;45.0;0.0;0.0;0.0;0.0;0.0;4.0;0.0;16.0;0.0;0.0;0.0;0.0;0.0;0.0;20.0
Antonina do Norte;ANTONINA DO NORTE;-6.77425;-39.987638888889;2017;4;65.0;0.0;0.0;21.0;0.0;7.0;0.0;0.0;0.0;0.0;25.0;0.0;0.0;0.0;0.0;0.0;0.0;12.0;0.0;0.0;0.0;0.0;0.0;0.0;0.0;0.0;0.0;0.0;0.0;0.0;0.0;888.0
Antonina do Norte;ANTONINA DO NORTE;-6.77425;-39.987638888889;2017;5;33.0;0.0;0.0;0.0;0.0;0.0;0.0;0.0;0.0;0.0;7.0;0.0;0.0;0.0;0.0;0.0;0.0;0.0;0.0;26.0;0.0;0.0;0.0;0.0;0.0;0.0;0.0;0.0;0.0;0.0;0.0;0.0
Antonina do Norte;ANTONINA DO NORTE;-6.77425;-39.987638888889;2017;6;14.0;14.0;0.0;0.0;0.0;0.0;0.0;0.0;0.0;0.0;0.0;0.0;0.0;0.0;0.0;0.0;0.0;0.0;0.0;0.0;0.0;0.0;0.0;0.0;0.0;0.0;0.0;0.0;0.0;0.0;0.0;888.0
Antonina do Norte;ANTONINA DO NORTE;-6.77425;-39.987638888889;2017;7;0.0;0.0;0.0;0.0;0.0;0.0;0.0;0.0;0.0;0.0;0.0;0.0;0.0;0.0;0.0;0.0;0.0;0.0;0.0;0.0;0.0;0.0;0.0;0.0;0.0;0.0;0.0;0.0;0.0;0.0;0.0;0.0
Antonina do Norte;ANTONINA DO NORTE;-6.77425;-39.987638888889;2017;8;0.0;0.0;0.0;0.0;0.0;0.0;0.0;0.0;0.0;0.0;0.0;0.0;0.0;0.0;0.0;0.0;0.0;0.0;0.0;0.0;0.0;0.0;0.0;0.0;0.0;0.0;0.0;0.0;0.0;0.0;0.0;0.0
Antonina do Norte;ANTONINA DO NORTE;-6.77425;-39.987638888889;2017;9;0.0;0.0;0.0;0.0;0.0;0.0;0.0;0.0;0.0;0.0;0.0;0.0;0.0;0.0;0.0;0.0;0.0;0.0;0.0;0.0;0.0;0.0;0.0;0.0;0.0;0.0;0.0;0.0;0.0;0.0;0.0;888.0
Antonina do Norte;ANTONINA DO NORTE;-6.77425;-39.987638888889;2017;10;0.0;0.0;0.0;0.0;0.0;0.0;0.0;0.0;0.0;0.0;0.0;0.0;0.0;0.0;0.0;0.0;0.0;0.0;0.0;0.0;0.0;0.0;0.0;0.0;0.0;0.0;0.0;0.0;0.0;0.0;0.0;0.0
Antonina do Norte;ANTONINA DO NORTE;-6.77425;-39.987638888889;2017;11;0.0;0.0;0.0;0.0;0.0;0.0;0.0;0.0;0.0;0.0;0.0;0.0;0.0;0.0;0.0;0.0;0.0;0.0;0.0;0.0;0.0;0.0;0.0;0.0;0.0;0.0;0.0;0.0;0.0;0.0;0.0;888.0
Antonina do Norte;ANTONINA DO NORTE;-6.77425;-39.987638888889;2017;12;0.0;0.0;0.0;0.0;0.0;999.0;999.0;999.0;999.0;999.0;999.0;999.0;999.0;999.0;999.0;999.0;999.0;999.0;999.0;999.0;999.0;999.0;999.0;999.0;999.0;999.0;999.0;999.0;999.0;999.0;999.0;999.0
Antonina do Norte;ANTONINA DO NORTE;-6.77425;-39.987638888889;2018;3;37.0;0.0;0.0;0.0;0.0;0.0;0.0;0.0;0.0;0.0;0.0;0.0;0.0;0.0;0.0;0.0;0.0;0.0;0.0;0.0;0.0;1.0;0.0;2.0;14.0;13.0;1.0;0.0;0.0;0.0;1.0;5.0
Antonina do Norte;ANTONINA DO NORTE;-6.77425;-39.987638888889;2018;4;95.0;21.0;14.0;7.0;0.0;10.0;0.0;14.0;16.0;7.0;4.0;0.0;0.0;0.0;0.0;0.0;2.0;0.0;0.0;0.0;0.0;0.0;0.0;0.0;0.0;0.0;0.0;0.0;0.0;0.0;0.0;888.0
Antonina do Norte;ANTONINA DO NORTE;-6.77425;-39.987638888889;2018;5;0.0;999.0;999.0;999.0;999.0;999.0;999.0;999.0;999.0;999.0;999.0;999.0;999.0;999.0;999.0;999.0;999.0;999.0;999.0;999.0;999.0;999.0;999.0;999.0;999.0;999.0;999.0;999.0;999.0;999.0;999.0;999.0
