Municipios;Postos;Latitude;Longitude;Anos;Meses;Total;Dia1;Dia2;Dia3;Dia4;Dia5;Dia6;Dia7;Dia8;Dia9;Dia10;Dia11;Dia12;Dia13;Dia14;Dia15;Dia16;Dia17;Dia18;Dia19;Dia20;Dia21;Dia22;Dia23;Dia24;Dia25;Dia26;Dia27;Dia28;Dia29;Dia30;Dia31
Apuiarés;APUIARES;-3.95;-39.433305555556;1982;1;29.0;0.0;0.0;0.0;0.0;0.0;0.0;0.0;0.0;0.0;0.0;0.0;0.0;0.0;4.0;0.0;0.0;0.0;0.0;0.0;0.0;3.0;0.0;0.0;0.0;0.0;0.0;6.5;0.0;5.0;7.0;3.5
Apuiarés;APUIARES;-3.95;-39.433305555556;1982;2;83.0;3.0;0.0;0.0;0.0;0.0;0.0;0.0;0.0;0.0;0.0;0.0;0.0;0.0;0.0;12.0;0.0;0.0;6.0;0.0;0.0;0.0;0.0;6.0;0.0;12.0;1.0;8.0;35.0;888.0;888.0;888.0
Apuiarés;APUIARES;-3.95;-39.433305555556;1982;3;209.0;12.0;0.0;5.0;0.0;0.0;0.0;0.0;55.0;7.0;15.0;0.0;0.0;0.0;0.0;0.0;0.0;0.0;14.0;0.0;0.0;3.0;0.0;3.0;0.0;0.0;0.0;57.0;0.0;38.0;0.0;0.0
Apuiarés;APUIARES;-3.95;-39.433305555556;1982;4;149.5;0.0;0.0;0.0;0.0;0.0;15.0;0.0;7.0;0.0;8.0;15.0;0.0;0.0;27.0;0.0;0.0;0.0;0.0;0.0;0.0;34.0;15.0;0.0;0.0;28.5;0.0;0.0;0.0;0.0;0.0;888.0
Apuiarés;APUIARES;-3.95;-39.433305555556;1982;5;0.0;0.0;0.0;0.0;0.0;0.0;0.0;0.0;0.0;0.0;0.0;0.0;0.0;0.0;0.0;0.0;0.0;0.0;0.0;0.0;0.0;0.0;0.0;0.0;0.0;0.0;0.0;0.0;0.0;0.0;0.0;0.0
Apuiarés;APUIARES;-3.95;-39.433305555556;1982;6;0.0;0.0;0.0;0.0;0.0;0.0;0.0;0.0;0.0;0.0;0.0;0.0;0.0;0.0;0.0;0.0;0.0;0.0;0.0;0.0;0.0;0.0;0.0;0.0;0.0;0.0;0.0;0.0;0.0;0.0;0.0;888.0
Apuiarés;APUIARES;-3.95;-39.433305555556;1982;7;0.0;0.0;0.0;0.0;0.0;0.0;0.0;0.0;0.0;0.0;0.0;0.0;0.0;0.0;0.0;0.0;0.0;0.0;0.0;0.0;0.0;0.0;0.0;0.0;0.0;0.0;0.0;0.0;0.0;0.0;0.0;0.0
Apuiarés;APUIARES;-3.95;-39.433305555556;1982;8;0.0;0.0;0.0;0.0;0.0;0.0;0.0;0.0;0.0;0.0;0.0;0.0;0.0;0.0;0.0;0.0;0.0;0.0;0.0;0.0;0.0;0.0;0.0;0.0;0.0;0.0;0.0;0.0;0.0;0.0;0.0;0.0
Apuiarés;APUIARES;-3.95;-39.433305555556;1982;9;0.0;0.0;0.0;0.0;0.0;0.0;0.0;0.0;0.0;0.0;0.0;0.0;0.0;0.0;0.0;0.0;0.0;0.0;0.0;0.0;0.0;0.0;0.0;0.0;0.0;0.0;0.0;0.0;0.0;0.0;0.0;888.0
Apuiarés;APUIARES;-3.95;-39.433305555556;1982;10;0.0;0.0;0.0;0.0;0.0;0.0;0.0;0.0;0.0;0.0;0.0;0.0;0.0;0.0;0.0;0.0;0.0;0.0;0.0;0.0;0.0;0.0;0.0;0.0;0.0;0.0;0.0;0.0;0.0;0.0;0.0;0.0
Apuiarés;APUIARES;-3.95;-39.433305555556;1982;11;0.0;0.0;0.0;0.0;0.0;0.0;0.0;0.0;0.0;0.0;0.0;0.0;0.0;0.0;0.0;0.0;0.0;0.0;0.0;0.0;0.0;0.0;0.0;0.0;0.0;0.0;0.0;0.0;0.0;0.0;0.0;888.0
Apuiarés;APUIARES;-3.95;-39.433305555556;1982;12;0.0;0.0;0.0;0.0;0.0;0.0;0.0;0.0;0.0;0.0;0.0;0.0;0.0;0.0;0.0;0.0;0.0;0.0;0.0;0.0;0.0;0.0;0.0;0.0;0.0;0.0;0.0;0.0;0.0;0.0;0.0;0.0
Apuiarés;APUIARES;-3.95;-39.433305555556;1983;1;0.0;0.0;0.0;0.0;0.0;0.0;0.0;0.0;0.0;0.0;0.0;0.0;0.0;0.0;0.0;0.0;0.0;0.0;0.0;0.0;0.0;0.0;0.0;0.0;0.0;0.0;0.0;0.0;0.0;0.0;0.0;0.0
Apuiarés;APUIARES;-3.95;-39.433305555556;1983;2;11.0;0.0;0.0;0.0;0.0;0.0;0.0;0.0;0.0;0.0;0.0;0.0;0.0;0.0;0.0;0.0;0.0;0.0;11.0;0.0;0.0;0.0;0.0;0.0;0.0;0.0;0.0;0.0;0.0;888.0;888.0;888.0
Apuiarés;APUIARES;-3.95;-39.433305555556;1983;3;103.5;0.0;0.0;0.0;0.0;3.5;0.0;0.0;7.0;0.0;20.5;0.0;0.0;0.0;0.0;0.0;0.0;0.0;57.5;0.0;0.0;0.0;0.0;0.0;0.0;0.0;0.0;15.0;0.0;0.0;0.0;0.0
Apuiarés;APUIARES;-3.95;-39.433305555556;1983;4;104.0;0.0;0.0;0.0;40.0;0.0;3.0;0.0;0.0;0.0;0.0;0.0;0.0;0.0;0.0;0.0;0.0;0.0;61.0;0.0;0.0;0.0;0.0;0.0;0.0;0.0;0.0;0.0;0.0;0.0;0.0;888.0
Apuiarés;APUIARES;-3.95;-39.433305555556;1983;5;8.5;0.0;0.0;0.0;0.0;0.0;0.0;0.0;0.0;8.5;0.0;0.0;0.0;0.0;0.0;0.0;0.0;0.0;0.0;0.0;0.0;0.0;0.0;0.0;0.0;0.0;0.0;0.0;0.0;0.0;0.0;0.0
Apuiarés;APUIARES;-3.95;-39.433305555556;1983;6;0.0;0.0;0.0;0.0;0.0;0.0;0.0;0.0;0.0;0.0;0.0;0.0;0.0;0.0;0.0;0.0;0.0;0.0;0.0;0.0;0.0;0.0;0.0;0.0;0.0;0.0;0.0;0.0;0.0;0.0;0.0;888.0
Apuiarés;APUIARES;-3.95;-39.433305555556;1983;7;0.0;0.0;0.0;0.0;0.0;0.0;0.0;0.0;0.0;0.0;0.0;0.0;0.0;0.0;0.0;0.0;0.0;0.0;0.0;0.0;0.0;0.0;0.0;0.0;0.0;0.0;0.0;0.0;0.0;0.0;0.0;0.0
Apuiarés;APUIARES;-3.95;-39.433305555556;1983;8;0.0;0.0;0.0;0.0;0.0;0.0;0.0;0.0;0.0;0.0;0.0;0.0;0.0;0.0;0.0;0.0;0.0;0.0;0.0;0.0;0.0;0.0;0.0;0.0;0.0;0.0;0.0;0.0;0.0;0.0;0.0;0.0
Apuiarés;APUIARES;-3.95;-39.433305555556;1983;9;0.0;0.0;0.0;0.0;0.0;0.0;0.0;0.0;0.0;0.0;0.0;0.0;0.0;0.0;0.0;0.0;0.0;0.0;0.0;0.0;0.0;0.0;0.0;0.0;0.0;0.0;0.0;0.0;0.0;0.0;0.0;888.0
Apuiarés;APUIARES;-3.95;-39.433305555556;1983;10;0.0;0.0;0.0;0.0;0.0;0.0;0.0;0.0;0.0;0.0;0.0;0.0;0.0;0.0;0.0;0.0;0.0;0.0;0.0;0.0;0.0;0.0;0.0;0.0;0.0;0.0;0.0;0.0;0.0;0.0;0.0;0.0
Apuiarés;APUIARES;-3.95;-39.433305555556;1983;11;0.0;0.0;0.0;0.0;0.0;0.0;0.0;0.0;0.0;0.0;0.0;0.0;0.0;0.0;0.0;0.0;0.0;0.0;0.0;0.0;0.0;0.0;0.0;0.0;0.0;0.0;0.0;0.0;0.0;0.0;0.0;888.0
Apuiarés;APUIARES;-3.95;-39.433305555556;1983;12;12.0;0.0;0.0;0.0;0.0;0.0;0.0;0.0;0.0;0.0;0.0;0.0;0.0;0.0;0.0;0.0;0.0;0.0;0.0;0.0;0.0;0.0;0.0;0.0;0.0;0.0;12.0;0.0;0.0;0.0;0.0;0.0
Apuiarés;APUIARES;-3.95;-39.433305555556;1984;1;10.5;0.0;0.0;0.0;0.0;0.0;0.0;0.0;0.0;0.0;0.0;0.0;0.0;0.0;0.0;0.0;0.0;0.0;0.0;0.0;0.0;0.0;0.0;0.0;0.0;0.0;10.5;0.0;0.0;0.0;0.0;0.0
Apuiarés;APUIARES;-3.95;-39.433305555556;1984;2;68.0;0.0;0.0;0.0;0.0;14.0;2.5;8.5;0.0;0.0;0.0;0.0;0.0;0.0;10.0;17.0;0.0;0.0;0.0;0.0;0.0;0.0;0.0;0.0;0.0;0.0;0.0;0.0;6.0;10.0;888.0;888.0
Apuiarés;APUIARES;-3.95;-39.433305555556;1984;3;295.0;25.0;35.0;18.0;0.0;17.0;0.0;37.0;0.0;0.0;0.0;2.0;0.0;6.5;40.0;0.0;0.0;0.0;0.0;4.0;0.0;10.5;0.0;0.0;9.0;2.0;12.0;32.0;0.0;13.0;22.0;10.0
Apuiarés;APUIARES;-3.95;-39.433305555556;1984;4;267.0;9.5;6.0;21.0;0.0;0.0;0.0;0.0;12.0;31.0;0.0;36.5;7.0;0.0;0.0;26.0;0.0;6.5;0.0;0.0;25.0;0.0;0.0;20.0;45.0;3.0;0.0;0.0;3.5;0.0;15.0;888.0
Apuiarés;APUIARES;-3.95;-39.433305555556;1984;5;278.0;0.0;3.0;19.0;112.0;0.0;0.0;0.0;0.0;23.0;0.0;0.0;0.0;0.0;5.0;7.0;0.0;0.0;32.0;50.0;15.0;0.0;0.0;0.0;0.0;12.0;0.0;0.0;0.0;0.0;0.0;0.0
Apuiarés;APUIARES;-3.95;-39.433305555556;1984;6;103.5;0.0;0.0;0.0;0.0;42.5;0.0;13.0;7.0;0.0;0.0;0.0;10.0;0.0;0.0;0.0;0.0;0.0;0.0;0.0;16.0;0.0;0.0;0.0;0.0;0.0;0.0;0.0;0.0;15.0;0.0;888.0
Apuiarés;APUIARES;-3.95;-39.433305555556;1984;7;0.0;0.0;0.0;0.0;0.0;0.0;0.0;0.0;0.0;0.0;0.0;0.0;0.0;0.0;0.0;0.0;0.0;0.0;0.0;0.0;0.0;0.0;0.0;0.0;0.0;0.0;0.0;0.0;0.0;0.0;0.0;0.0
Apuiarés;APUIARES;-3.95;-39.433305555556;1984;8;0.0;0.0;0.0;0.0;0.0;0.0;0.0;0.0;0.0;0.0;0.0;0.0;0.0;0.0;0.0;0.0;0.0;0.0;0.0;0.0;0.0;0.0;0.0;0.0;0.0;0.0;0.0;0.0;0.0;0.0;0.0;0.0
Apuiarés;APUIARES;-3.95;-39.433305555556;1984;9;0.0;0.0;0.0;0.0;0.0;0.0;0.0;0.0;0.0;0.0;0.0;0.0;0.0;0.0;0.0;0.0;0.0;0.0;0.0;0.0;0.0;0.0;0.0;0.0;0.0;0.0;0.0;0.0;0.0;0.0;0.0;888.0
Apuiarés;APUIARES;-3.95;-39.433305555556;1984;10;5.0;0.0;0.0;0.0;0.0;0.0;0.0;0.0;0.0;0.0;0.0;0.0;0.0;0.0;0.0;0.0;0.0;0.0;0.0;0.0;0.0;0.0;0.0;0.0;5.0;0.0;0.0;0.0;0.0;0.0;0.0;0.0
Apuiarés;APUIARES;-3.95;-39.433305555556;1984;11;0.0;0.0;0.0;0.0;0.0;0.0;0.0;0.0;0.0;0.0;0.0;0.0;0.0;0.0;0.0;0.0;0.0;0.0;0.0;0.0;0.0;0.0;0.0;0.0;0.0;0.0;0.0;0.0;0.0;0.0;0.0;888.0
Apuiarés;APUIARES;-3.95;-39.433305555556;1984;12;17.0;0.0;0.0;0.0;0.0;0.0;0.0;0.0;0.0;0.0;0.0;0.0;0.0;0.0;0.0;0.0;0.0;0.0;0.0;0.0;0.0;0.0;0.0;0.0;0.0;0.0;0.0;0.0;0.0;0.0;17.0;0.0
Apuiarés;APUIARES;-3.95;-39.433305555556;1985;1;259.5;13.0;0.0;0.0;0.0;0.0;0.0;23.0;0.0;5.0;7.0;20.0;4.0;0.0;0.0;0.0;23.0;12.0;5.5;8.0;0.0;0.0;8.0;1.5;5.0;0.0;6.0;17.0;15.0;11.5;0.0;75.0
Apuiarés;APUIARES;-3.95;-39.433305555556;1985;2;269.0;0.0;17.0;3.0;0.0;0.0;21.0;4.5;0.0;4.5;12.0;10.0;5.0;39.0;0.0;14.0;0.0;0.0;0.0;0.0;18.0;0.0;16.0;21.0;45.0;14.0;25.0;0.0;0.0;888.0;888.0;888.0
Apuiarés;APUIARES;-3.95;-39.433305555556;1985;3;418.0;0.0;49.0;0.0;0.0;38.0;8.0;0.0;0.0;0.0;9.0;15.0;0.0;0.0;10.0;0.0;12.0;7.0;90.0;28.0;0.0;0.0;30.0;78.0;14.0;0.0;0.0;0.0;9.0;6.0;0.0;15.0
Apuiarés;APUIARES;-3.95;-39.433305555556;1985;4;272.0;9.0;8.0;0.0;5.5;14.0;0.0;5.0;11.0;10.5;30.0;0.0;0.0;0.0;15.0;0.0;55.0;0.0;0.0;0.0;0.0;0.0;7.0;0.0;10.0;0.0;0.0;43.0;49.0;0.0;0.0;888.0
Apuiarés;APUIARES;-3.95;-39.433305555556;1985;5;166.5;0.0;29.0;10.0;16.0;0.0;5.0;3.0;9.0;20.0;0.0;0.0;10.0;0.0;0.0;8.0;9.0;0.0;0.0;0.0;0.0;17.0;20.0;10.5;0.0;0.0;0.0;0.0;0.0;0.0;0.0;0.0
Apuiarés;APUIARES;-3.95;-39.433305555556;1985;6;69.5;0.0;2.5;0.0;0.0;0.0;0.0;0.0;0.0;10.0;0.0;0.0;0.0;0.0;0.0;7.0;0.0;0.0;0.0;5.0;0.0;0.0;0.0;10.0;0.0;0.0;0.0;0.0;0.0;0.0;35.0;888.0
Apuiarés;APUIARES;-3.95;-39.433305555556;1985;7;45.0;0.0;0.0;0.0;0.0;0.0;0.0;45.0;0.0;0.0;0.0;0.0;0.0;0.0;0.0;0.0;0.0;0.0;0.0;0.0;0.0;0.0;0.0;0.0;0.0;0.0;0.0;0.0;0.0;0.0;0.0;0.0
Apuiarés;APUIARES;-3.95;-39.433305555556;1985;8;0.0;0.0;0.0;0.0;0.0;0.0;0.0;0.0;0.0;0.0;0.0;0.0;0.0;0.0;0.0;0.0;0.0;0.0;0.0;0.0;0.0;0.0;0.0;0.0;0.0;0.0;0.0;0.0;0.0;0.0;0.0;0.0
Apuiarés;APUIARES;-3.95;-39.433305555556;1985;9;0.0;0.0;0.0;0.0;0.0;0.0;0.0;0.0;0.0;0.0;0.0;0.0;0.0;0.0;0.0;0.0;0.0;0.0;0.0;0.0;0.0;0.0;0.0;0.0;0.0;0.0;0.0;0.0;0.0;0.0;0.0;888.0
Apuiarés;APUIARES;-3.95;-39.433305555556;1985;10;0.0;0.0;0.0;0.0;0.0;0.0;0.0;0.0;0.0;0.0;0.0;0.0;0.0;0.0;0.0;0.0;0.0;0.0;0.0;0.0;0.0;0.0;0.0;0.0;0.0;0.0;0.0;0.0;0.0;0.0;0.0;0.0
Apuiarés;APUIARES;-3.95;-39.433305555556;1985;11;0.0;0.0;0.0;0.0;0.0;0.0;0.0;0.0;0.0;0.0;0.0;0.0;0.0;0.0;0.0;0.0;0.0;0.0;0.0;0.0;0.0;0.0;0.0;0.0;0.0;0.0;0.0;0.0;0.0;0.0;0.0;888.0
Apuiarés;APUIARES;-3.95;-39.433305555556;1985;12;84.0;0.0;0.0;0.0;0.0;0.0;0.0;0.0;0.0;0.0;0.0;0.0;0.0;0.0;0.0;0.0;15.0;2.0;0.0;0.0;0.0;0.0;0.0;0.0;25.0;0.0;18.0;0.0;24.0;0.0;0.0;0.0
Apuiarés;APUIARES;-3.95;-39.433305555556;1986;1;80.0;0.0;0.0;0.0;0.0;0.0;35.0;0.0;0.0;0.0;0.0;0.0;0.0;0.0;0.0;0.0;0.0;0.0;0.0;0.0;0.0;0.0;0.0;0.0;0.0;0.0;0.0;0.0;0.0;10.0;27.0;8.0
Apuiarés;APUIARES;-3.95;-39.433305555556;1986;2;165.5;54.0;0.0;8.0;0.0;0.0;0.0;0.0;0.0;0.0;0.0;0.0;16.0;5.0;0.0;4.0;27.0;6.0;6.0;0.0;0.0;32.0;7.5;0.0;0.0;0.0;0.0;0.0;0.0;888.0;888.0;888.0
Apuiarés;APUIARES;-3.95;-39.433305555556;1986;3;439.0;47.0;0.0;11.0;5.0;46.0;0.0;0.0;11.0;22.0;15.0;0.0;5.0;19.0;0.0;0.0;1.0;7.0;63.0;13.0;27.0;12.0;20.0;30.0;0.0;18.0;0.0;11.0;22.0;8.0;20.0;6.0
Apuiarés;APUIARES;-3.95;-39.433305555556;1986;4;156.5;6.5;14.0;7.0;0.0;0.0;18.0;0.0;0.0;0.0;3.0;0.0;0.0;0.0;0.0;0.0;0.0;20.0;23.0;16.0;9.0;8.0;0.0;0.0;0.0;0.0;0.0;0.0;0.0;0.0;32.0;888.0
Apuiarés;APUIARES;-3.95;-39.433305555556;1986;5;115.5;30.0;0.0;0.0;0.0;0.0;0.0;0.0;10.0;0.0;0.0;0.0;0.0;0.0;0.0;0.0;0.0;0.0;0.0;0.0;0.0;0.0;0.0;0.0;0.0;20.0;16.0;8.0;0.0;0.0;22.0;9.5
Apuiarés;APUIARES;-3.95;-39.433305555556;1986;6;117.0;30.0;0.0;6.0;0.0;0.0;13.0;0.0;0.0;0.0;0.0;0.0;0.0;35.0;0.0;0.0;0.0;0.0;0.0;33.0;0.0;0.0;0.0;0.0;0.0;0.0;0.0;0.0;0.0;0.0;0.0;888.0
Apuiarés;APUIARES;-3.95;-39.433305555556;1986;7;53.5;0.0;0.0;0.0;0.0;0.0;0.0;0.0;10.0;0.0;0.0;0.0;0.0;0.0;0.0;0.0;0.0;0.0;0.0;0.0;0.0;25.5;0.0;0.0;0.0;0.0;0.0;0.0;18.0;0.0;0.0;0.0
Apuiarés;APUIARES;-3.95;-39.433305555556;1986;8;3.5;0.0;0.0;0.0;0.0;0.0;0.0;0.0;0.0;0.0;0.0;0.0;0.0;0.0;0.0;0.0;0.0;0.0;0.0;3.5;0.0;0.0;0.0;0.0;0.0;0.0;0.0;0.0;0.0;0.0;0.0;0.0
Apuiarés;APUIARES;-3.95;-39.433305555556;1986;9;0.0;0.0;0.0;0.0;0.0;0.0;0.0;0.0;0.0;0.0;0.0;0.0;0.0;0.0;0.0;0.0;0.0;0.0;0.0;0.0;0.0;0.0;0.0;0.0;0.0;0.0;0.0;0.0;0.0;0.0;0.0;888.0
Apuiarés;APUIARES;-3.95;-39.433305555556;1986;10;0.0;0.0;0.0;0.0;0.0;0.0;0.0;0.0;0.0;0.0;0.0;0.0;0.0;0.0;0.0;0.0;0.0;0.0;0.0;0.0;0.0;0.0;0.0;0.0;0.0;0.0;0.0;0.0;0.0;0.0;0.0;0.0
Apuiarés;APUIARES;-3.95;-39.433305555556;1986;11;0.0;0.0;0.0;0.0;0.0;0.0;0.0;0.0;0.0;0.0;0.0;0.0;0.0;0.0;0.0;0.0;0.0;0.0;0.0;0.0;0.0;0.0;0.0;0.0;0.0;0.0;0.0;0.0;0.0;0.0;0.0;888.0
Apuiarés;APUIARES;-3.95;-39.433305555556;1986;12;0.0;0.0;0.0;0.0;0.0;0.0;0.0;0.0;0.0;0.0;0.0;0.0;0.0;0.0;0.0;0.0;0.0;0.0;0.0;0.0;0.0;0.0;0.0;0.0;0.0;0.0;0.0;0.0;0.0;0.0;0.0;0.0
Apuiarés;APUIARES;-3.95;-39.433305555556;1987;1;19.0;0.0;0.0;0.0;0.0;0.0;0.0;0.0;0.0;0.0;0.0;0.0;0.0;0.0;0.0;0.0;0.0;0.0;0.0;0.0;0.0;0.0;0.0;0.0;0.0;0.0;0.0;0.0;0.0;0.0;0.0;19.0
Apuiarés;APUIARES;-3.95;-39.433305555556;1987;2;0.0;0.0;0.0;0.0;0.0;0.0;0.0;0.0;0.0;0.0;0.0;0.0;0.0;0.0;0.0;0.0;0.0;0.0;0.0;0.0;0.0;0.0;0.0;0.0;0.0;0.0;0.0;0.0;0.0;888.0;888.0;888.0
Apuiarés;APUIARES;-3.95;-39.433305555556;1987;3;268.0;0.0;0.0;0.0;60.0;0.0;0.0;15.0;7.0;27.0;4.0;0.0;18.0;0.0;0.0;0.0;0.0;0.0;15.0;7.0;0.0;0.0;0.0;26.0;4.0;10.0;25.0;22.0;8.0;20.0;0.0;0.0
Apuiarés;APUIARES;-3.95;-39.433305555556;1987;4;58.5;37.0;0.0;0.0;0.0;0.0;0.0;0.0;5.5;0.0;0.0;0.0;0.0;9.0;0.0;0.0;0.0;0.0;0.0;0.0;0.0;7.0;0.0;0.0;0.0;0.0;0.0;0.0;0.0;0.0;0.0;888.0
Apuiarés;APUIARES;-3.95;-39.433305555556;1987;5;90.0;0.0;0.0;0.0;60.0;30.0;0.0;0.0;0.0;0.0;0.0;0.0;0.0;0.0;0.0;0.0;0.0;0.0;0.0;0.0;0.0;0.0;0.0;0.0;0.0;0.0;0.0;0.0;0.0;0.0;0.0;0.0
Apuiarés;APUIARES;-3.95;-39.433305555556;1987;6;162.0;0.0;0.0;0.0;0.0;0.0;0.0;0.0;30.0;0.0;0.0;0.0;0.0;0.0;0.0;0.0;0.0;0.0;0.0;110.0;22.0;0.0;0.0;0.0;0.0;0.0;0.0;0.0;0.0;0.0;0.0;888.0
Apuiarés;APUIARES;-3.95;-39.433305555556;1987;7;0.0;0.0;0.0;0.0;0.0;0.0;0.0;0.0;0.0;0.0;0.0;0.0;0.0;0.0;0.0;0.0;0.0;0.0;0.0;0.0;0.0;0.0;0.0;0.0;0.0;0.0;0.0;0.0;0.0;0.0;0.0;0.0
Apuiarés;APUIARES;-3.95;-39.433305555556;1987;8;0.0;0.0;0.0;0.0;0.0;0.0;0.0;0.0;0.0;0.0;0.0;0.0;0.0;0.0;0.0;0.0;0.0;0.0;0.0;0.0;0.0;0.0;0.0;0.0;0.0;0.0;0.0;0.0;0.0;0.0;0.0;0.0
Apuiarés;APUIARES;-3.95;-39.433305555556;1987;9;0.0;0.0;0.0;0.0;0.0;0.0;0.0;0.0;0.0;0.0;0.0;0.0;0.0;0.0;0.0;0.0;0.0;0.0;0.0;0.0;0.0;0.0;0.0;0.0;0.0;0.0;0.0;0.0;0.0;0.0;0.0;888.0
Apuiarés;APUIARES;-3.95;-39.433305555556;1987;10;0.0;0.0;0.0;0.0;0.0;0.0;0.0;0.0;0.0;0.0;0.0;0.0;0.0;0.0;0.0;0.0;0.0;0.0;0.0;0.0;0.0;0.0;0.0;0.0;0.0;0.0;0.0;0.0;0.0;0.0;0.0;0.0
Apuiarés;APUIARES;-3.95;-39.433305555556;1987;11;0.0;0.0;0.0;0.0;0.0;0.0;0.0;0.0;0.0;0.0;0.0;0.0;0.0;0.0;0.0;0.0;0.0;0.0;0.0;0.0;0.0;0.0;0.0;0.0;0.0;0.0;0.0;0.0;0.0;0.0;0.0;888.0
Apuiarés;APUIARES;-3.95;-39.433305555556;1987;12;0.0;0.0;0.0;0.0;0.0;0.0;0.0;0.0;0.0;0.0;0.0;0.0;0.0;0.0;0.0;0.0;0.0;0.0;0.0;0.0;0.0;0.0;0.0;0.0;0.0;0.0;0.0;0.0;0.0;0.0;0.0;0.0
Apuiarés;APUIARES;-3.95;-39.433305555556;1988;1;61.0;0.0;0.0;0.0;0.0;0.0;0.0;5.0;0.0;6.0;0.0;0.0;0.0;0.0;0.0;0.0;0.0;0.0;0.0;0.0;0.0;0.0;0.0;0.0;28.0;20.0;2.0;0.0;0.0;0.0;0.0;0.0
Apuiarés;APUIARES;-3.95;-39.433305555556;1988;2;139.0;0.0;0.0;0.0;0.0;15.0;0.0;0.0;0.0;0.0;0.0;0.0;0.0;21.0;25.0;30.5;23.5;11.0;3.0;4.0;6.0;0.0;0.0;0.0;0.0;0.0;0.0;0.0;0.0;0.0;888.0;888.0
Apuiarés;APUIARES;-3.95;-39.433305555556;1988;3;177.0;0.0;38.0;0.0;0.0;3.0;0.0;10.0;1.5;3.5;13.0;4.0;0.0;0.0;0.0;15.0;0.0;0.0;0.0;0.0;40.0;0.0;0.0;7.0;0.0;15.0;1.0;0.0;17.0;0.0;0.0;9.0
Apuiarés;APUIARES;-3.95;-39.433305555556;1988;4;345.4;41.0;1.0;51.0;11.0;0.0;17.0;5.0;10.5;0.0;0.0;19.5;6.0;60.0;5.0;36.5;0.0;0.0;0.0;0.5;34.0;3.0;6.0;0.0;0.0;0.0;12.0;2.0;0.0;12.4;12.0;888.0
Apuiarés;APUIARES;-3.95;-39.433305555556;1988;5;178.0;0.0;0.0;0.0;11.5;72.0;3.0;0.0;0.0;0.0;30.0;0.0;0.0;0.0;0.0;9.5;0.0;0.0;0.0;0.0;0.0;6.0;13.0;23.5;9.5;0.0;0.0;0.0;0.0;0.0;0.0;0.0
Apuiarés;APUIARES;-3.95;-39.433305555556;1988;6;46.5;0.0;6.0;0.0;0.0;0.0;0.0;0.0;0.0;0.0;14.5;0.0;0.0;0.0;0.0;13.5;0.0;0.0;0.0;0.0;0.0;0.0;7.5;0.0;0.0;0.0;0.0;0.0;0.0;5.0;0.0;888.0
Apuiarés;APUIARES;-3.95;-39.433305555556;1988;7;6.5;0.0;0.0;0.0;0.0;0.0;0.0;0.0;0.0;0.0;0.0;0.0;0.0;0.0;0.0;0.0;0.0;0.0;0.0;0.0;0.0;0.0;0.0;0.0;0.0;6.5;0.0;0.0;0.0;0.0;0.0;0.0
Apuiarés;APUIARES;-3.95;-39.433305555556;1988;8;0.0;0.0;0.0;0.0;0.0;0.0;0.0;0.0;0.0;0.0;0.0;0.0;0.0;0.0;0.0;0.0;0.0;0.0;0.0;0.0;0.0;0.0;0.0;0.0;0.0;0.0;0.0;0.0;0.0;0.0;0.0;0.0
Apuiarés;APUIARES;-3.95;-39.433305555556;1988;9;0.0;0.0;0.0;0.0;0.0;0.0;0.0;0.0;0.0;0.0;0.0;0.0;0.0;0.0;0.0;0.0;0.0;0.0;0.0;0.0;0.0;0.0;0.0;0.0;0.0;0.0;0.0;0.0;0.0;0.0;0.0;888.0
Apuiarés;APUIARES;-3.95;-39.433305555556;1988;10;0.0;0.0;0.0;0.0;0.0;0.0;0.0;0.0;0.0;0.0;0.0;0.0;0.0;0.0;0.0;0.0;0.0;0.0;0.0;0.0;0.0;0.0;0.0;0.0;0.0;0.0;0.0;0.0;0.0;0.0;0.0;0.0
Apuiarés;APUIARES;-3.95;-39.433305555556;1988;11;0.0;0.0;0.0;0.0;0.0;0.0;0.0;0.0;0.0;0.0;0.0;0.0;0.0;0.0;0.0;0.0;0.0;0.0;0.0;0.0;0.0;0.0;0.0;0.0;0.0;0.0;0.0;0.0;0.0;0.0;0.0;888.0
Apuiarés;APUIARES;-3.95;-39.433305555556;1988;12;13.5;0.0;0.0;0.0;0.0;0.0;0.0;0.0;0.0;0.0;0.0;0.0;0.0;0.0;0.0;0.0;2.5;1.0;0.0;0.0;0.0;0.0;0.0;10.0;0.0;0.0;0.0;0.0;0.0;0.0;0.0;0.0
Apuiarés;APUIARES;-3.95;-39.433305555556;1989;1;17.5;6.0;9.0;0.0;0.0;0.0;0.0;0.0;0.0;0.0;0.0;2.5;0.0;0.0;0.0;0.0;0.0;0.0;0.0;0.0;0.0;0.0;0.0;0.0;0.0;0.0;0.0;0.0;0.0;0.0;0.0;0.0
Apuiarés;APUIARES;-3.95;-39.433305555556;1989;2;37.5;0.0;0.0;0.0;0.0;0.0;0.0;0.0;0.0;0.0;0.0;0.0;0.0;0.0;0.0;10.5;11.0;0.0;0.0;0.0;0.0;16.0;0.0;0.0;0.0;0.0;0.0;0.0;0.0;888.0;888.0;888.0
Apuiarés;APUIARES;-3.95;-39.433305555556;1989;3;282.0;5.0;0.0;7.5;0.0;0.0;0.0;0.0;0.0;0.0;0.0;0.0;4.5;6.0;7.0;0.0;0.0;18.0;40.0;15.0;0.0;9.0;10.0;0.0;0.0;38.0;20.0;0.0;9.0;0.0;9.0;84.0
Apuiarés;APUIARES;-3.95;-39.433305555556;1989;4;259.5;0.0;0.0;98.0;0.5;0.0;0.0;4.0;30.0;0.0;0.0;14.0;0.0;6.0;0.0;0.0;0.0;0.0;0.0;45.0;0.0;11.0;0.0;0.0;25.0;0.0;7.0;15.0;4.0;0.0;0.0;888.0
Apuiarés;APUIARES;-3.95;-39.433305555556;1989;5;187.0;0.0;24.0;0.0;23.0;7.0;0.0;0.0;0.0;0.0;0.0;15.0;23.0;0.0;0.0;17.0;16.0;4.0;0.0;0.0;20.0;25.0;0.0;0.0;4.0;0.0;0.0;0.0;0.0;0.0;0.0;9.0
Apuiarés;APUIARES;-3.95;-39.433305555556;1989;6;42.0;0.0;7.0;0.0;0.0;17.0;0.0;0.0;0.0;0.0;0.0;0.0;0.0;0.0;14.0;0.0;4.0;0.0;0.0;0.0;0.0;0.0;0.0;0.0;0.0;0.0;0.0;0.0;0.0;0.0;0.0;888.0
Apuiarés;APUIARES;-3.95;-39.433305555556;1989;7;124.0;0.0;0.0;0.0;0.0;0.0;70.0;0.0;0.0;0.0;14.0;0.0;0.0;0.0;0.0;0.0;0.0;0.0;0.0;0.0;0.0;0.0;0.0;0.0;30.0;10.0;0.0;0.0;0.0;0.0;0.0;0.0
Apuiarés;APUIARES;-3.95;-39.433305555556;1989;8;0.0;0.0;0.0;0.0;0.0;0.0;0.0;0.0;0.0;0.0;0.0;0.0;0.0;0.0;0.0;0.0;0.0;0.0;0.0;0.0;0.0;0.0;0.0;0.0;0.0;0.0;0.0;0.0;0.0;0.0;0.0;0.0
Apuiarés;APUIARES;-3.95;-39.433305555556;1989;9;0.0;0.0;0.0;0.0;0.0;0.0;0.0;0.0;0.0;0.0;0.0;0.0;0.0;0.0;0.0;0.0;0.0;0.0;0.0;0.0;0.0;0.0;0.0;0.0;0.0;0.0;0.0;0.0;0.0;0.0;0.0;888.0
Apuiarés;APUIARES;-3.95;-39.433305555556;1989;10;0.0;0.0;0.0;0.0;0.0;0.0;0.0;0.0;0.0;0.0;0.0;0.0;0.0;0.0;0.0;0.0;0.0;0.0;0.0;0.0;0.0;0.0;0.0;0.0;0.0;0.0;0.0;0.0;0.0;0.0;0.0;0.0
Apuiarés;APUIARES;-3.95;-39.433305555556;1989;11;0.0;0.0;0.0;0.0;0.0;0.0;0.0;0.0;0.0;0.0;0.0;0.0;0.0;0.0;0.0;0.0;0.0;0.0;0.0;0.0;0.0;0.0;0.0;0.0;0.0;0.0;0.0;0.0;0.0;0.0;0.0;888.0
Apuiarés;APUIARES;-3.95;-39.433305555556;1989;12;94.5;0.0;0.0;0.0;0.0;0.0;0.0;0.0;0.0;0.0;0.0;0.0;0.0;0.0;0.0;0.0;0.0;0.0;0.0;0.0;0.0;0.0;0.0;63.0;0.0;0.0;24.0;0.0;0.0;7.5;0.0;0.0
Apuiarés;APUIARES;-3.95;-39.433305555556;1990;1;0.0;0.0;0.0;0.0;0.0;0.0;0.0;0.0;0.0;0.0;0.0;0.0;0.0;0.0;0.0;0.0;0.0;0.0;0.0;0.0;0.0;0.0;0.0;0.0;0.0;0.0;0.0;0.0;0.0;0.0;0.0;0.0
Apuiarés;APUIARES;-3.95;-39.433305555556;1990;2;138.5;0.0;0.0;0.0;0.0;0.0;0.0;0.0;0.0;0.0;0.0;0.0;0.0;0.0;0.0;0.0;15.0;57.0;0.0;0.0;0.0;0.0;0.0;0.0;0.0;18.5;18.0;17.0;13.0;888.0;888.0;888.0
Apuiarés;APUIARES;-3.95;-39.433305555556;1990;3;53.0;0.0;6.0;0.0;0.0;0.0;0.0;0.0;0.0;0.0;0.0;0.0;0.0;0.0;0.0;0.0;0.0;0.0;0.0;0.0;0.0;0.0;0.0;0.0;0.0;5.0;0.0;0.0;38.0;0.0;3.0;1.0
Apuiarés;APUIARES;-3.95;-39.433305555556;1990;4;107.5;0.0;0.0;0.0;3.0;1.5;0.0;62.0;0.0;15.0;0.0;0.0;0.0;0.0;0.0;0.0;0.0;0.0;0.0;0.0;0.0;0.0;0.0;0.0;0.0;0.0;26.0;0.0;0.0;0.0;0.0;888.0
Apuiarés;APUIARES;-3.95;-39.433305555556;1990;5;64.0;0.0;38.0;5.0;0.5;0.0;0.0;0.0;0.0;0.0;0.0;0.0;0.0;0.0;0.0;10.0;0.0;0.0;0.0;0.0;0.0;0.0;0.0;0.0;1.5;0.0;0.0;0.0;0.0;0.0;0.0;9.0
Apuiarés;APUIARES;-3.95;-39.433305555556;1990;6;26.5;0.0;0.0;0.0;8.5;0.0;0.0;0.0;11.0;0.0;7.0;0.0;0.0;0.0;0.0;0.0;0.0;0.0;0.0;0.0;0.0;0.0;0.0;0.0;0.0;0.0;0.0;0.0;0.0;0.0;0.0;888.0
Apuiarés;APUIARES;-3.95;-39.433305555556;1990;7;15.0;0.0;0.0;0.0;0.0;0.0;0.0;0.0;0.0;0.0;0.0;0.0;0.0;0.0;0.0;0.0;0.0;0.0;0.0;0.0;0.0;15.0;0.0;0.0;0.0;0.0;0.0;0.0;0.0;0.0;0.0;0.0
Apuiarés;APUIARES;-3.95;-39.433305555556;1990;8;9.4;0.0;0.0;0.0;0.0;0.0;0.0;0.0;0.0;0.0;0.0;0.0;0.0;0.0;8.4;0.0;0.0;1.0;0.0;0.0;0.0;0.0;0.0;0.0;0.0;0.0;0.0;0.0;0.0;0.0;0.0;0.0
Apuiarés;APUIARES;-3.95;-39.433305555556;1990;9;0.0;0.0;0.0;0.0;0.0;0.0;0.0;0.0;0.0;0.0;0.0;0.0;0.0;0.0;0.0;0.0;0.0;0.0;0.0;0.0;0.0;0.0;0.0;0.0;0.0;0.0;0.0;0.0;0.0;0.0;0.0;888.0
Apuiarés;APUIARES;-3.95;-39.433305555556;1990;10;0.0;0.0;0.0;0.0;0.0;0.0;0.0;0.0;0.0;0.0;0.0;0.0;0.0;0.0;0.0;0.0;0.0;0.0;0.0;0.0;0.0;0.0;0.0;0.0;0.0;0.0;0.0;0.0;0.0;0.0;0.0;0.0
Apuiarés;APUIARES;-3.95;-39.433305555556;1990;11;0.0;0.0;0.0;0.0;0.0;0.0;0.0;0.0;0.0;0.0;0.0;0.0;0.0;0.0;0.0;0.0;0.0;0.0;0.0;0.0;0.0;0.0;0.0;0.0;0.0;0.0;0.0;0.0;0.0;0.0;0.0;888.0
Apuiarés;APUIARES;-3.95;-39.433305555556;1990;12;0.0;0.0;0.0;0.0;0.0;0.0;0.0;0.0;0.0;0.0;0.0;0.0;0.0;0.0;0.0;0.0;0.0;0.0;0.0;0.0;0.0;0.0;0.0;0.0;0.0;0.0;0.0;0.0;0.0;0.0;0.0;0.0
Apuiarés;APUIARES;-3.95;-39.433305555556;1991;1;69.0;0.0;0.0;27.0;0.0;0.0;0.0;0.0;0.0;0.0;0.0;0.0;0.0;0.0;0.0;0.0;7.0;0.0;11.0;0.0;0.0;0.0;5.0;2.0;5.0;0.0;0.0;0.0;0.0;0.0;0.0;12.0
Apuiarés;APUIARES;-3.95;-39.433305555556;1991;2;58.0;31.0;0.0;0.0;0.0;0.0;0.0;0.0;0.0;0.0;0.0;0.0;0.0;0.0;0.0;0.0;18.5;3.0;0.0;3.0;2.5;0.0;0.0;0.0;0.0;0.0;0.0;0.0;0.0;888.0;888.0;888.0
Apuiarés;APUIARES;-3.95;-39.433305555556;1991;3;307.5;0.0;52.0;0.0;0.0;6.5;0.0;0.0;0.0;71.0;0.0;0.0;5.0;0.0;0.0;28.0;7.0;0.0;0.0;0.0;0.0;0.0;0.0;6.0;8.5;12.0;3.0;0.0;36.0;36.5;0.0;36.0
Apuiarés;APUIARES;-3.95;-39.433305555556;1991;4;95.0;0.0;5.5;17.0;37.0;0.0;0.0;0.0;0.0;7.5;0.0;0.0;0.0;0.0;0.0;3.0;0.0;0.0;0.0;4.0;0.0;0.0;0.0;0.0;0.0;0.0;0.0;7.0;10.0;4.0;0.0;888.0
Apuiarés;APUIARES;-3.95;-39.433305555556;1991;5;184.0;47.5;34.0;0.0;10.5;0.0;32.0;0.0;0.0;0.0;0.0;0.0;0.0;0.0;0.0;0.0;0.0;0.0;10.0;8.0;0.0;0.0;15.0;0.0;0.0;27.0;0.0;0.0;0.0;0.0;0.0;0.0
Apuiarés;APUIARES;-3.95;-39.433305555556;1991;6;0.0;0.0;0.0;0.0;0.0;0.0;0.0;0.0;0.0;0.0;0.0;0.0;0.0;0.0;0.0;0.0;0.0;0.0;0.0;0.0;0.0;0.0;0.0;0.0;0.0;0.0;0.0;0.0;0.0;0.0;0.0;888.0
Apuiarés;APUIARES;-3.95;-39.433305555556;1991;7;5.0;0.0;0.0;0.0;0.0;0.0;0.0;0.0;0.0;0.0;0.0;0.0;0.0;0.0;5.0;0.0;0.0;0.0;0.0;0.0;0.0;0.0;0.0;0.0;0.0;0.0;0.0;0.0;0.0;0.0;0.0;0.0
Apuiarés;APUIARES;-3.95;-39.433305555556;1991;8;0.0;0.0;0.0;0.0;0.0;0.0;0.0;0.0;0.0;0.0;0.0;0.0;0.0;0.0;0.0;0.0;0.0;0.0;0.0;0.0;0.0;0.0;0.0;0.0;0.0;0.0;0.0;0.0;0.0;0.0;0.0;0.0
Apuiarés;APUIARES;-3.95;-39.433305555556;1991;9;0.0;0.0;0.0;0.0;0.0;0.0;0.0;0.0;0.0;0.0;0.0;0.0;0.0;0.0;0.0;0.0;0.0;0.0;0.0;0.0;0.0;0.0;0.0;0.0;0.0;0.0;0.0;0.0;0.0;0.0;0.0;888.0
Apuiarés;APUIARES;-3.95;-39.433305555556;1991;10;0.0;0.0;0.0;0.0;0.0;0.0;0.0;0.0;0.0;0.0;0.0;0.0;0.0;0.0;0.0;0.0;0.0;0.0;0.0;0.0;0.0;0.0;0.0;0.0;0.0;0.0;0.0;0.0;0.0;0.0;0.0;0.0
Apuiarés;APUIARES;-3.95;-39.433305555556;1991;11;0.0;0.0;0.0;0.0;0.0;0.0;0.0;0.0;0.0;0.0;0.0;0.0;0.0;0.0;0.0;0.0;0.0;0.0;0.0;0.0;0.0;0.0;0.0;0.0;0.0;0.0;0.0;0.0;0.0;0.0;0.0;888.0
Apuiarés;APUIARES;-3.95;-39.433305555556;1991;12;0.0;0.0;0.0;0.0;0.0;0.0;0.0;0.0;0.0;0.0;0.0;0.0;0.0;0.0;0.0;0.0;0.0;0.0;0.0;0.0;0.0;0.0;0.0;0.0;0.0;0.0;0.0;0.0;0.0;0.0;0.0;0.0
Apuiarés;APUIARES;-3.95;-39.433305555556;1992;1;99.0;0.0;0.0;0.0;0.0;0.0;0.0;0.0;0.0;0.0;0.0;0.0;0.0;0.0;0.0;0.0;0.0;0.0;0.0;0.0;0.0;0.0;0.0;0.0;35.0;38.0;0.0;0.0;0.0;10.0;0.0;16.0
Apuiarés;APUIARES;-3.95;-39.433305555556;1992;2;159.5;0.0;1.0;0.0;0.0;0.0;0.0;12.0;0.0;0.0;0.0;6.0;12.0;29.0;0.0;0.0;29.0;0.0;18.0;0.5;21.0;16.0;0.0;9.0;6.0;0.0;0.0;0.0;0.0;0.0;888.0;888.0
Apuiarés;APUIARES;-3.95;-39.433305555556;1992;3;152.8;5.0;0.0;0.0;0.0;0.0;0.0;0.0;0.0;6.0;0.0;0.0;0.0;18.6;0.0;0.0;0.0;0.0;0.0;0.0;0.0;0.0;0.0;0.0;16.0;22.0;1.5;0.0;0.0;13.5;18.0;52.2
Apuiarés;APUIARES;-3.95;-39.433305555556;1992;4;91.0;7.0;0.0;8.0;11.5;0.0;0.0;10.0;4.0;5.0;0.0;0.0;0.0;0.0;6.5;2.0;0.0;0.0;0.0;37.0;0.0;0.0;0.0;0.0;0.0;0.0;0.0;0.0;0.0;0.0;0.0;888.0
Apuiarés;APUIARES;-3.95;-39.433305555556;1992;5;23.5;9.5;0.0;0.0;0.0;0.0;12.0;2.0;0.0;0.0;0.0;0.0;0.0;0.0;0.0;0.0;0.0;0.0;0.0;0.0;0.0;0.0;0.0;0.0;0.0;0.0;0.0;0.0;0.0;0.0;0.0;0.0
Apuiarés;APUIARES;-3.95;-39.433305555556;1992;6;0.0;0.0;0.0;0.0;0.0;0.0;0.0;0.0;0.0;0.0;0.0;0.0;0.0;0.0;0.0;0.0;0.0;0.0;0.0;0.0;0.0;0.0;0.0;0.0;0.0;0.0;0.0;0.0;0.0;0.0;0.0;888.0
Apuiarés;APUIARES;-3.95;-39.433305555556;1992;7;0.0;0.0;0.0;0.0;0.0;0.0;0.0;0.0;0.0;0.0;0.0;0.0;0.0;0.0;0.0;0.0;0.0;0.0;0.0;0.0;0.0;0.0;0.0;0.0;0.0;0.0;0.0;0.0;0.0;0.0;0.0;0.0
Apuiarés;APUIARES;-3.95;-39.433305555556;1992;8;0.0;0.0;0.0;0.0;0.0;0.0;0.0;0.0;0.0;0.0;0.0;0.0;0.0;0.0;0.0;0.0;0.0;0.0;0.0;0.0;0.0;0.0;0.0;0.0;0.0;0.0;0.0;0.0;0.0;0.0;0.0;0.0
Apuiarés;APUIARES;-3.95;-39.433305555556;1992;9;2.0;0.0;0.0;0.0;0.0;0.0;0.0;0.0;0.0;0.0;0.0;0.0;0.0;2.0;0.0;0.0;0.0;0.0;0.0;0.0;0.0;0.0;0.0;0.0;0.0;0.0;0.0;0.0;0.0;0.0;0.0;888.0
Apuiarés;APUIARES;-3.95;-39.433305555556;1992;10;0.0;0.0;0.0;0.0;0.0;0.0;0.0;0.0;0.0;0.0;0.0;0.0;0.0;0.0;0.0;0.0;0.0;0.0;0.0;0.0;0.0;0.0;0.0;0.0;0.0;0.0;0.0;0.0;0.0;0.0;0.0;0.0
Apuiarés;APUIARES;-3.95;-39.433305555556;1992;11;0.0;0.0;0.0;0.0;0.0;0.0;0.0;0.0;0.0;0.0;0.0;0.0;0.0;0.0;0.0;0.0;0.0;0.0;0.0;0.0;0.0;0.0;0.0;0.0;0.0;0.0;0.0;0.0;0.0;0.0;0.0;888.0
Apuiarés;APUIARES;-3.95;-39.433305555556;1992;12;0.0;0.0;0.0;0.0;0.0;0.0;0.0;0.0;0.0;0.0;0.0;0.0;0.0;0.0;0.0;0.0;0.0;0.0;0.0;0.0;0.0;0.0;0.0;0.0;0.0;0.0;0.0;0.0;0.0;0.0;0.0;0.0
Apuiarés;APUIARES;-3.95;-39.433305555556;1993;1;27.0;0.0;0.0;0.0;0.0;0.0;0.0;0.0;0.0;0.0;0.0;0.0;0.0;0.0;0.0;0.0;0.0;14.5;0.0;12.5;0.0;0.0;0.0;0.0;0.0;0.0;0.0;0.0;0.0;0.0;0.0;0.0
Apuiarés;APUIARES;-3.95;-39.433305555556;1993;2;46.0;0.0;0.0;0.0;0.0;0.0;0.0;0.0;0.0;0.0;0.0;0.0;0.0;0.0;0.0;4.0;0.0;0.0;0.0;0.0;0.0;2.0;0.0;9.0;0.0;17.0;0.0;14.0;0.0;888.0;888.0;888.0
Apuiarés;APUIARES;-3.95;-39.433305555556;1993;3;96.0;0.0;8.0;3.0;0.0;8.0;0.0;0.0;0.0;0.0;0.0;0.0;0.0;0.0;0.0;0.0;0.0;4.0;0.0;0.0;0.0;0.0;0.0;0.0;0.0;0.0;0.0;6.0;63.0;4.0;0.0;0.0
Apuiarés;APUIARES;-3.95;-39.433305555556;1993;4;86.5;13.0;0.0;0.0;0.0;0.0;2.0;0.0;0.0;0.0;0.0;0.0;0.0;0.0;0.0;0.0;0.0;4.0;17.5;2.0;0.0;0.0;0.0;7.0;0.0;14.0;0.0;23.0;0.0;4.0;0.0;888.0
Apuiarés;APUIARES;-3.95;-39.433305555556;1993;5;3.0;0.0;3.0;0.0;0.0;0.0;0.0;0.0;0.0;0.0;0.0;0.0;0.0;0.0;0.0;0.0;0.0;0.0;0.0;0.0;0.0;0.0;0.0;0.0;0.0;0.0;0.0;0.0;0.0;0.0;0.0;0.0
Apuiarés;APUIARES;-3.95;-39.433305555556;1993;6;32.0;0.0;0.0;0.0;0.0;0.0;0.0;0.0;0.0;0.0;0.0;32.0;0.0;0.0;0.0;0.0;0.0;0.0;0.0;0.0;0.0;0.0;0.0;0.0;0.0;0.0;0.0;0.0;0.0;0.0;0.0;888.0
Apuiarés;APUIARES;-3.95;-39.433305555556;1993;7;21.0;0.0;0.0;0.0;0.0;0.0;0.0;0.0;0.0;0.0;12.0;8.0;0.0;0.0;0.0;0.0;0.0;0.0;0.0;0.0;1.0;0.0;0.0;0.0;0.0;0.0;0.0;0.0;0.0;0.0;0.0;0.0
Apuiarés;APUIARES;-3.95;-39.433305555556;1993;8;0.0;0.0;0.0;0.0;0.0;0.0;0.0;0.0;0.0;0.0;0.0;0.0;0.0;0.0;0.0;0.0;0.0;0.0;0.0;0.0;0.0;0.0;0.0;0.0;0.0;0.0;0.0;0.0;0.0;0.0;0.0;0.0
Apuiarés;APUIARES;-3.95;-39.433305555556;1993;9;0.0;0.0;0.0;0.0;0.0;0.0;0.0;0.0;0.0;0.0;0.0;0.0;0.0;0.0;0.0;0.0;0.0;0.0;0.0;0.0;0.0;0.0;0.0;0.0;0.0;0.0;0.0;0.0;0.0;0.0;0.0;888.0
Apuiarés;APUIARES;-3.95;-39.433305555556;1993;10;0.0;0.0;0.0;0.0;0.0;0.0;0.0;0.0;0.0;0.0;0.0;0.0;0.0;0.0;0.0;0.0;0.0;0.0;0.0;0.0;0.0;0.0;0.0;0.0;0.0;0.0;0.0;0.0;0.0;0.0;0.0;0.0
Apuiarés;APUIARES;-3.95;-39.433305555556;1993;11;0.0;0.0;0.0;0.0;0.0;0.0;0.0;0.0;0.0;0.0;0.0;0.0;0.0;0.0;0.0;0.0;0.0;0.0;0.0;0.0;0.0;0.0;0.0;0.0;0.0;0.0;0.0;0.0;0.0;0.0;0.0;888.0
Apuiarés;APUIARES;-3.95;-39.433305555556;1993;12;10.0;0.0;0.0;0.0;0.0;0.0;0.0;0.0;0.0;1.0;0.0;0.0;0.0;0.0;0.0;0.0;0.0;0.0;0.0;0.0;0.0;0.0;0.0;0.0;0.0;0.0;0.0;9.0;0.0;0.0;0.0;0.0
Apuiarés;APUIARES;-3.95;-39.433305555556;1994;1;91.5;0.0;0.0;0.0;14.0;0.0;5.0;0.0;0.0;0.0;0.0;0.0;0.0;0.0;0.0;21.0;30.0;0.0;0.0;0.0;0.0;0.0;0.0;0.0;0.0;0.0;6.0;0.0;15.5;0.0;0.0;0.0
Apuiarés;APUIARES;-3.95;-39.433305555556;1994;2;145.0;0.0;0.0;0.0;0.0;20.0;0.0;0.0;0.0;6.0;11.5;0.0;20.0;9.5;2.5;4.5;4.0;4.0;3.0;12.0;0.0;0.0;0.0;0.0;0.0;0.0;0.0;35.0;13.0;888.0;888.0;888.0
Apuiarés;APUIARES;-3.95;-39.433305555556;1994;3;177.0;0.0;13.0;1.5;33.0;0.0;11.0;0.0;0.0;0.0;0.0;0.0;0.0;0.0;0.0;10.0;0.0;8.0;0.0;0.0;36.0;5.0;19.0;7.0;5.5;0.0;0.0;0.0;0.0;0.0;28.0;0.0
Apuiarés;APUIARES;-3.95;-39.433305555556;1994;4;308.0;0.0;13.0;0.0;0.0;63.0;28.0;26.0;0.0;0.0;58.0;0.0;0.0;0.0;0.0;65.0;0.0;0.0;13.0;34.0;0.0;0.0;0.0;0.0;0.0;0.0;0.0;8.0;0.0;0.0;0.0;888.0
Apuiarés;APUIARES;-3.95;-39.433305555556;1994;5;237.5;0.0;0.0;0.0;0.0;6.0;0.0;35.0;0.0;0.0;0.0;30.0;0.0;0.0;50.0;0.0;0.0;0.0;0.0;10.0;0.0;33.0;0.0;9.0;0.0;0.0;0.0;64.5;0.0;0.0;0.0;0.0
Apuiarés;APUIARES;-3.95;-39.433305555556;1994;6;131.5;0.0;0.0;0.0;0.0;0.0;0.0;0.0;0.0;0.0;0.0;0.0;0.0;0.0;0.0;33.0;0.0;0.0;33.0;22.0;0.0;0.0;0.0;0.0;0.0;0.0;0.0;0.0;16.0;27.5;0.0;888.0
Apuiarés;APUIARES;-3.95;-39.433305555556;1994;7;132.0;0.0;0.0;0.0;0.0;0.0;0.0;0.0;0.0;0.0;0.0;0.0;0.0;0.0;0.0;33.5;0.0;0.0;33.0;22.0;0.0;0.0;0.0;0.0;0.0;0.0;0.0;0.0;16.0;27.5;0.0;0.0
Apuiarés;APUIARES;-3.95;-39.433305555556;1994;8;0.0;0.0;0.0;0.0;0.0;0.0;0.0;0.0;0.0;0.0;0.0;0.0;0.0;0.0;0.0;0.0;0.0;0.0;0.0;0.0;0.0;0.0;0.0;0.0;0.0;0.0;0.0;0.0;0.0;0.0;0.0;0.0
Apuiarés;APUIARES;-3.95;-39.433305555556;1994;9;0.0;0.0;0.0;0.0;0.0;0.0;0.0;0.0;0.0;0.0;0.0;0.0;0.0;0.0;0.0;0.0;0.0;0.0;0.0;0.0;0.0;0.0;0.0;0.0;0.0;0.0;0.0;0.0;0.0;0.0;0.0;888.0
Apuiarés;APUIARES;-3.95;-39.433305555556;1994;10;0.0;0.0;0.0;0.0;0.0;0.0;0.0;0.0;0.0;0.0;0.0;0.0;0.0;0.0;0.0;0.0;0.0;0.0;0.0;0.0;0.0;0.0;0.0;0.0;0.0;0.0;0.0;0.0;0.0;0.0;0.0;0.0
Apuiarés;APUIARES;-3.95;-39.433305555556;1994;11;21.0;0.0;0.0;0.0;0.0;0.0;0.0;0.0;0.0;0.0;0.0;0.0;21.0;0.0;0.0;0.0;0.0;0.0;0.0;0.0;0.0;0.0;0.0;0.0;0.0;0.0;0.0;0.0;0.0;0.0;0.0;888.0
Apuiarés;APUIARES;-3.95;-39.433305555556;1994;12;43.0;0.0;0.0;0.0;0.0;0.0;0.0;0.0;0.0;0.0;0.0;0.0;21.0;0.0;0.0;0.0;0.0;0.0;0.0;0.0;0.0;0.0;0.0;0.0;0.0;0.0;0.0;20.0;0.0;2.0;0.0;0.0
Apuiarés;APUIARES;-3.95;-39.433305555556;1995;1;10.0;0.0;0.0;0.0;0.0;0.0;0.0;0.0;0.0;0.0;0.0;0.0;0.0;0.0;0.0;0.0;0.0;0.0;0.0;0.0;0.0;0.0;0.0;0.0;0.0;0.0;0.0;0.0;6.0;0.0;4.0;0.0
Apuiarés;APUIARES;-3.95;-39.433305555556;1995;2;158.5;0.0;0.0;23.0;0.0;0.0;0.0;4.0;0.0;0.0;0.0;0.0;20.0;8.0;0.0;0.0;0.0;0.0;7.5;0.0;0.0;24.5;0.0;0.0;25.5;17.0;15.0;14.0;0.0;888.0;888.0;888.0
Apuiarés;APUIARES;-3.95;-39.433305555556;1995;3;242.0;0.0;12.0;0.0;0.0;0.0;0.0;0.0;0.0;0.0;0.0;0.0;0.0;0.0;0.0;33.0;0.0;0.0;0.0;41.0;0.0;22.0;9.0;0.0;0.0;31.0;52.0;0.0;42.0;0.0;0.0;0.0
Apuiarés;APUIARES;-3.95;-39.433305555556;1995;4;533.0;0.0;0.0;0.0;33.0;91.0;75.0;28.0;35.0;15.0;0.0;0.0;0.0;15.0;11.0;15.0;0.0;35.0;0.0;21.0;26.0;0.0;64.0;0.0;14.0;0.0;0.0;0.0;0.0;0.0;55.0;888.0
Apuiarés;APUIARES;-3.95;-39.433305555556;1995;5;287.0;30.0;20.0;0.0;0.0;0.0;16.0;0.0;17.0;0.0;0.0;0.0;0.0;34.0;0.0;10.0;0.0;5.0;0.0;44.0;5.0;25.0;10.0;14.0;0.0;0.0;0.0;0.0;0.0;0.0;22.0;35.0
Apuiarés;APUIARES;-3.95;-39.433305555556;1995;6;57.0;5.0;0.0;22.0;0.0;0.0;0.0;0.0;0.0;0.0;0.0;0.0;0.0;0.0;0.0;0.0;0.0;0.0;0.0;0.0;0.0;0.0;0.0;0.0;0.0;0.0;30.0;0.0;0.0;0.0;0.0;888.0
Apuiarés;APUIARES;-3.95;-39.433305555556;1995;7;5.0;0.0;0.0;0.0;5.0;0.0;0.0;0.0;0.0;0.0;0.0;0.0;0.0;0.0;0.0;0.0;0.0;0.0;0.0;0.0;0.0;0.0;0.0;0.0;0.0;0.0;0.0;0.0;0.0;0.0;0.0;0.0
Apuiarés;APUIARES;-3.95;-39.433305555556;1995;8;0.0;0.0;0.0;0.0;0.0;0.0;0.0;0.0;0.0;0.0;0.0;0.0;0.0;0.0;0.0;0.0;0.0;0.0;0.0;0.0;0.0;0.0;0.0;0.0;0.0;0.0;0.0;0.0;0.0;0.0;0.0;0.0
Apuiarés;APUIARES;-3.95;-39.433305555556;1995;9;0.0;0.0;0.0;0.0;0.0;0.0;0.0;0.0;0.0;0.0;0.0;0.0;0.0;0.0;0.0;0.0;0.0;0.0;0.0;0.0;0.0;0.0;0.0;0.0;0.0;0.0;0.0;0.0;0.0;0.0;0.0;888.0
Apuiarés;APUIARES;-3.95;-39.433305555556;1995;10;0.0;0.0;0.0;0.0;0.0;0.0;0.0;0.0;0.0;0.0;0.0;0.0;0.0;0.0;0.0;0.0;0.0;0.0;0.0;0.0;0.0;0.0;0.0;0.0;0.0;0.0;0.0;0.0;0.0;0.0;0.0;0.0
Apuiarés;APUIARES;-3.95;-39.433305555556;1995;11;0.0;0.0;0.0;0.0;0.0;0.0;0.0;0.0;0.0;0.0;0.0;0.0;0.0;0.0;0.0;0.0;0.0;0.0;0.0;0.0;0.0;0.0;0.0;0.0;0.0;0.0;0.0;0.0;0.0;0.0;0.0;888.0
Apuiarés;APUIARES;-3.95;-39.433305555556;1995;12;0.0;0.0;0.0;0.0;0.0;0.0;0.0;0.0;0.0;0.0;0.0;0.0;0.0;0.0;0.0;0.0;0.0;0.0;0.0;0.0;0.0;0.0;0.0;0.0;0.0;0.0;0.0;0.0;0.0;0.0;0.0;0.0
Apuiarés;APUIARES;-3.95;-39.433305555556;1996;1;59.0;0.0;0.0;0.0;0.0;0.0;10.0;11.0;0.0;0.0;0.0;0.0;5.0;10.0;0.0;12.0;0.0;5.0;0.0;0.0;0.0;0.0;6.0;0.0;0.0;0.0;0.0;0.0;0.0;0.0;0.0;0.0
Apuiarés;APUIARES;-3.95;-39.433305555556;1996;2;105.5;0.0;12.0;0.0;0.0;0.0;0.0;0.0;0.0;0.0;0.0;0.0;0.0;0.0;0.0;0.0;0.0;0.0;14.0;10.0;32.0;0.0;0.0;4.0;12.0;0.0;15.5;0.0;6.0;0.0;888.0;888.0
Apuiarés;APUIARES;-3.95;-39.433305555556;1996;3;341.5;0.0;41.0;26.0;0.0;0.0;41.0;0.0;0.0;10.0;11.0;0.0;0.0;0.0;0.0;0.0;25.0;13.0;8.0;0.0;0.0;0.0;0.0;0.0;76.5;0.0;4.0;20.0;30.0;0.0;36.0;0.0
Apuiarés;APUIARES;-3.95;-39.433305555556;1996;4;300.0;0.0;0.0;0.0;0.0;70.0;5.0;0.0;8.0;0.0;0.0;0.0;0.0;8.0;12.0;20.0;8.0;0.0;10.0;0.0;9.0;0.0;0.0;62.0;17.0;0.0;20.0;0.0;30.0;21.0;0.0;888.0
Apuiarés;APUIARES;-3.95;-39.433305555556;1996;5;169.0;0.0;24.0;0.0;32.0;0.0;0.0;0.0;0.0;0.0;8.0;0.0;0.0;0.0;0.0;0.0;0.0;0.0;0.0;0.0;0.0;0.0;0.0;0.0;0.0;0.0;0.0;0.0;0.0;0.0;105.0;0.0
Apuiarés;APUIARES;-3.95;-39.433305555556;1996;6;0.0;0.0;0.0;0.0;0.0;0.0;0.0;0.0;0.0;0.0;0.0;0.0;0.0;0.0;0.0;0.0;0.0;0.0;0.0;0.0;0.0;0.0;0.0;0.0;0.0;0.0;0.0;0.0;0.0;0.0;0.0;888.0
Apuiarés;APUIARES;-3.95;-39.433305555556;1996;7;0.0;0.0;0.0;0.0;0.0;0.0;0.0;0.0;0.0;0.0;0.0;0.0;0.0;0.0;0.0;0.0;0.0;0.0;0.0;0.0;0.0;0.0;0.0;0.0;0.0;0.0;0.0;0.0;0.0;0.0;0.0;0.0
Apuiarés;APUIARES;-3.95;-39.433305555556;1996;8;0.0;0.0;0.0;0.0;0.0;0.0;0.0;0.0;0.0;0.0;0.0;0.0;0.0;0.0;0.0;0.0;0.0;0.0;0.0;0.0;0.0;0.0;0.0;0.0;0.0;0.0;0.0;0.0;0.0;0.0;0.0;0.0
Apuiarés;APUIARES;-3.95;-39.433305555556;1996;9;0.0;0.0;0.0;0.0;0.0;0.0;0.0;0.0;0.0;0.0;0.0;0.0;0.0;0.0;0.0;0.0;0.0;0.0;0.0;0.0;0.0;0.0;0.0;0.0;0.0;0.0;0.0;0.0;0.0;0.0;0.0;888.0
Apuiarés;APUIARES;-3.95;-39.433305555556;1996;10;0.0;0.0;0.0;0.0;0.0;0.0;0.0;0.0;0.0;0.0;0.0;0.0;0.0;0.0;0.0;0.0;0.0;0.0;0.0;0.0;0.0;0.0;0.0;0.0;0.0;0.0;0.0;0.0;0.0;0.0;0.0;0.0
Apuiarés;APUIARES;-3.95;-39.433305555556;1996;11;17.0;0.0;0.0;0.0;0.0;0.0;0.0;0.0;0.0;0.0;0.0;0.0;0.0;0.0;0.0;0.0;0.0;12.0;0.0;0.0;0.0;0.0;0.0;0.0;0.0;5.0;0.0;0.0;0.0;0.0;0.0;888.0
Apuiarés;APUIARES;-3.95;-39.433305555556;1996;12;0.0;0.0;0.0;0.0;0.0;0.0;0.0;0.0;0.0;0.0;0.0;0.0;0.0;0.0;0.0;0.0;0.0;0.0;0.0;0.0;0.0;0.0;0.0;0.0;0.0;0.0;0.0;0.0;0.0;0.0;0.0;0.0
Apuiarés;APUIARES;-3.95;-39.433305555556;1997;1;0.0;0.0;0.0;0.0;0.0;0.0;0.0;0.0;0.0;0.0;0.0;0.0;0.0;0.0;0.0;0.0;0.0;0.0;0.0;0.0;0.0;0.0;0.0;0.0;0.0;0.0;0.0;0.0;0.0;0.0;0.0;0.0
Apuiarés;APUIARES;-3.95;-39.433305555556;1997;2;54.0;0.0;0.0;0.0;0.0;4.0;0.0;0.0;0.0;0.0;0.0;0.0;0.0;0.0;0.0;0.0;0.0;0.0;0.0;0.0;50.0;0.0;0.0;0.0;0.0;0.0;0.0;0.0;0.0;888.0;888.0;888.0
Apuiarés;APUIARES;-3.95;-39.433305555556;1997;3;320.0;0.0;0.0;15.0;0.0;0.0;0.0;0.0;0.0;0.0;0.0;0.0;0.0;0.0;0.0;0.0;0.0;0.0;0.0;0.0;0.0;2.0;25.0;17.0;81.0;68.0;28.0;31.0;18.0;0.0;18.0;17.0
Apuiarés;APUIARES;-3.95;-39.433305555556;1997;4;171.0;37.0;2.0;10.0;0.0;0.0;0.0;0.0;0.0;0.0;10.0;15.0;0.0;0.0;15.0;0.0;0.0;0.0;0.0;0.0;0.0;0.0;0.0;0.0;0.0;10.0;0.0;12.0;38.0;22.0;0.0;888.0
Apuiarés;APUIARES;-3.95;-39.433305555556;1997;5;62.5;5.0;0.0;6.0;4.0;0.0;0.0;0.0;17.0;6.0;6.5;0.0;0.0;0.0;0.0;0.0;0.0;0.0;0.0;18.0;0.0;0.0;0.0;0.0;0.0;0.0;0.0;0.0;0.0;0.0;0.0;0.0
Apuiarés;APUIARES;-3.95;-39.433305555556;1997;6;0.0;0.0;0.0;0.0;0.0;0.0;0.0;0.0;0.0;0.0;0.0;0.0;0.0;0.0;0.0;0.0;0.0;0.0;0.0;0.0;0.0;0.0;0.0;0.0;0.0;0.0;0.0;0.0;0.0;0.0;0.0;888.0
Apuiarés;APUIARES;-3.95;-39.433305555556;1997;7;0.0;0.0;0.0;0.0;0.0;0.0;0.0;0.0;0.0;0.0;0.0;0.0;0.0;0.0;0.0;0.0;0.0;0.0;0.0;0.0;0.0;0.0;0.0;0.0;0.0;0.0;0.0;0.0;0.0;0.0;0.0;0.0
Apuiarés;APUIARES;-3.95;-39.433305555556;1997;8;0.0;0.0;0.0;0.0;0.0;0.0;0.0;0.0;0.0;0.0;0.0;0.0;0.0;0.0;0.0;0.0;0.0;0.0;0.0;0.0;0.0;0.0;0.0;0.0;0.0;0.0;0.0;0.0;0.0;0.0;0.0;0.0
Apuiarés;APUIARES;-3.95;-39.433305555556;1997;9;0.0;0.0;0.0;0.0;0.0;0.0;0.0;0.0;0.0;0.0;0.0;0.0;0.0;0.0;0.0;0.0;0.0;0.0;0.0;0.0;0.0;0.0;0.0;0.0;0.0;0.0;0.0;0.0;0.0;0.0;0.0;888.0
Apuiarés;APUIARES;-3.95;-39.433305555556;1997;10;0.0;0.0;0.0;0.0;0.0;0.0;0.0;0.0;0.0;0.0;0.0;0.0;0.0;0.0;0.0;0.0;0.0;0.0;0.0;0.0;0.0;0.0;0.0;0.0;0.0;0.0;0.0;0.0;0.0;0.0;0.0;0.0
Apuiarés;APUIARES;-3.95;-39.433305555556;1997;11;0.0;0.0;0.0;0.0;0.0;0.0;0.0;0.0;0.0;0.0;0.0;0.0;0.0;0.0;0.0;0.0;0.0;0.0;0.0;0.0;0.0;0.0;0.0;0.0;0.0;0.0;0.0;0.0;0.0;0.0;0.0;888.0
Apuiarés;APUIARES;-3.95;-39.433305555556;1997;12;23.0;0.0;0.0;0.0;0.0;0.0;0.0;0.0;0.0;0.0;0.0;0.0;0.0;0.0;0.0;0.0;0.0;0.0;0.0;4.0;0.0;0.0;0.0;0.0;0.0;0.0;0.0;0.0;0.0;0.0;19.0;0.0
Apuiarés;APUIARES;-3.95;-39.433305555556;1998;1;330.6;0.0;0.0;19.0;0.0;0.0;0.0;3.0;14.0;0.0;0.0;52.0;43.0;0.0;13.0;0.0;0.0;0.0;0.0;12.0;100.0;0.6;50.0;0.0;0.0;0.0;0.0;0.0;0.0;0.0;12.0;12.0
Apuiarés;APUIARES;-3.95;-39.433305555556;1998;2;46.5;0.0;6.0;5.0;0.0;0.0;0.0;0.0;0.0;0.0;0.0;0.0;0.0;0.0;0.0;0.0;0.0;0.0;10.0;25.5;0.0;0.0;0.0;0.0;0.0;0.0;0.0;0.0;0.0;888.0;888.0;888.0
Apuiarés;APUIARES;-3.95;-39.433305555556;1998;3;126.6;0.0;0.0;0.0;0.0;10.0;0.0;0.0;0.0;0.0;37.0;7.0;0.0;0.0;0.0;0.0;0.0;0.0;0.0;0.0;0.0;0.0;0.0;10.6;3.0;48.0;1.0;0.0;8.0;2.0;0.0;0.0
Apuiarés;APUIARES;-3.95;-39.433305555556;1998;4;27.3;5.0;0.3;0.0;0.0;0.0;0.0;0.0;0.0;0.0;0.0;0.0;0.0;0.0;0.0;0.0;0.0;0.0;3.0;0.0;0.0;0.0;0.0;0.0;0.0;0.0;19.0;0.0;0.0;0.0;0.0;888.0
Apuiarés;APUIARES;-3.95;-39.433305555556;1998;5;0.0;0.0;0.0;0.0;0.0;0.0;0.0;0.0;0.0;0.0;0.0;0.0;0.0;0.0;0.0;0.0;0.0;0.0;0.0;0.0;0.0;0.0;0.0;0.0;0.0;0.0;0.0;0.0;0.0;0.0;0.0;0.0
Apuiarés;APUIARES;-3.95;-39.433305555556;1998;6;0.0;0.0;0.0;0.0;0.0;0.0;0.0;0.0;0.0;0.0;0.0;0.0;0.0;0.0;0.0;0.0;0.0;0.0;0.0;0.0;0.0;0.0;0.0;0.0;0.0;0.0;0.0;0.0;0.0;0.0;0.0;888.0
Apuiarés;APUIARES;-3.95;-39.433305555556;1998;7;0.0;0.0;0.0;0.0;0.0;0.0;0.0;0.0;0.0;0.0;0.0;0.0;0.0;0.0;0.0;0.0;0.0;0.0;0.0;0.0;0.0;0.0;0.0;0.0;0.0;0.0;0.0;0.0;0.0;0.0;0.0;0.0
Apuiarés;APUIARES;-3.95;-39.433305555556;1998;8;0.0;0.0;0.0;0.0;0.0;0.0;0.0;0.0;0.0;0.0;0.0;0.0;0.0;0.0;0.0;0.0;0.0;0.0;0.0;0.0;0.0;0.0;0.0;0.0;0.0;0.0;0.0;0.0;0.0;0.0;0.0;0.0
Apuiarés;APUIARES;-3.95;-39.433305555556;1998;9;0.0;0.0;0.0;0.0;0.0;0.0;0.0;0.0;0.0;0.0;0.0;0.0;0.0;0.0;0.0;0.0;0.0;0.0;0.0;0.0;0.0;0.0;0.0;0.0;0.0;0.0;0.0;0.0;0.0;0.0;0.0;888.0
Apuiarés;APUIARES;-3.95;-39.433305555556;1998;10;0.0;0.0;0.0;0.0;0.0;0.0;0.0;0.0;0.0;0.0;0.0;0.0;0.0;0.0;0.0;0.0;0.0;0.0;0.0;0.0;0.0;0.0;0.0;0.0;0.0;0.0;0.0;0.0;0.0;0.0;0.0;0.0
Apuiarés;APUIARES;-3.95;-39.433305555556;1998;11;0.0;0.0;0.0;0.0;0.0;0.0;0.0;0.0;0.0;0.0;0.0;0.0;0.0;0.0;0.0;0.0;0.0;0.0;0.0;0.0;0.0;0.0;0.0;0.0;0.0;0.0;0.0;0.0;0.0;0.0;0.0;888.0
Apuiarés;APUIARES;-3.95;-39.433305555556;1998;12;43.0;0.0;0.0;0.0;0.0;0.0;0.0;0.0;0.0;0.0;0.0;0.0;0.0;0.0;0.0;0.0;0.0;0.0;0.0;0.0;0.0;0.0;0.0;0.0;0.0;0.0;0.0;8.0;0.0;35.0;0.0;0.0
Apuiarés;APUIARES;-3.95;-39.433305555556;1999;1;25.0;0.0;0.0;0.0;0.0;0.0;0.0;0.0;0.0;0.0;0.0;0.0;0.0;0.0;0.0;0.0;0.0;0.0;0.0;0.0;0.0;25.0;0.0;0.0;0.0;0.0;0.0;0.0;0.0;0.0;0.0;0.0
Apuiarés;APUIARES;-3.95;-39.433305555556;1999;2;113.0;0.0;0.0;0.0;0.0;0.0;0.0;0.0;0.0;0.0;0.0;0.0;0.0;0.0;0.0;0.0;0.0;0.0;0.0;0.0;0.0;0.0;32.0;22.0;41.0;0.0;14.0;0.0;4.0;888.0;888.0;888.0
Apuiarés;APUIARES;-3.95;-39.433305555556;1999;3;303.0;0.0;11.0;22.0;42.0;0.0;7.0;0.0;0.0;5.0;0.0;0.0;0.0;0.0;36.0;4.0;0.0;16.0;16.0;37.0;0.0;11.0;0.0;11.0;0.0;13.0;6.5;4.0;53.5;8.0;0.0;0.0
Apuiarés;APUIARES;-3.95;-39.433305555556;1999;4;75.5;0.0;0.0;10.5;0.0;0.0;5.0;0.0;0.0;0.0;0.0;0.0;0.0;0.0;9.0;0.0;18.0;0.0;0.0;0.0;6.0;9.0;0.0;6.0;0.0;0.0;0.0;0.0;0.0;12.0;0.0;888.0
Apuiarés;APUIARES;-3.95;-39.433305555556;1999;5;259.5;11.5;7.0;0.0;3.5;0.0;18.0;7.0;5.5;0.0;20.0;3.0;21.0;1.5;0.0;0.0;23.0;75.0;3.0;24.5;0.0;0.0;0.0;30.0;2.0;0.0;0.0;4.0;0.0;0.0;0.0;0.0
Apuiarés;APUIARES;-3.95;-39.433305555556;1999;6;49.5;20.0;0.0;0.0;0.0;5.0;0.0;0.0;0.0;0.0;0.0;0.0;24.5;0.0;0.0;0.0;0.0;0.0;0.0;0.0;0.0;0.0;0.0;0.0;0.0;0.0;0.0;0.0;0.0;0.0;0.0;888.0
Apuiarés;APUIARES;-3.95;-39.433305555556;1999;7;0.0;0.0;0.0;0.0;0.0;0.0;0.0;0.0;0.0;0.0;0.0;0.0;0.0;0.0;0.0;0.0;0.0;0.0;0.0;0.0;0.0;0.0;0.0;0.0;0.0;0.0;0.0;0.0;0.0;0.0;0.0;0.0
Apuiarés;APUIARES;-3.95;-39.433305555556;1999;8;0.0;0.0;0.0;0.0;0.0;0.0;0.0;0.0;0.0;0.0;0.0;0.0;0.0;0.0;0.0;0.0;0.0;0.0;0.0;0.0;0.0;0.0;0.0;0.0;0.0;0.0;0.0;0.0;0.0;0.0;0.0;0.0
Apuiarés;APUIARES;-3.95;-39.433305555556;1999;9;0.0;0.0;0.0;0.0;0.0;0.0;0.0;0.0;0.0;0.0;0.0;0.0;0.0;0.0;0.0;0.0;0.0;0.0;0.0;0.0;0.0;0.0;0.0;0.0;0.0;0.0;0.0;0.0;0.0;0.0;0.0;888.0
Apuiarés;APUIARES;-3.95;-39.433305555556;1999;10;0.0;0.0;0.0;0.0;0.0;0.0;0.0;0.0;0.0;0.0;0.0;0.0;0.0;0.0;0.0;0.0;0.0;0.0;0.0;0.0;0.0;0.0;0.0;0.0;0.0;0.0;0.0;0.0;0.0;0.0;0.0;0.0
Apuiarés;APUIARES;-3.95;-39.433305555556;1999;11;25.0;0.0;0.0;0.0;0.0;0.0;0.0;0.0;0.0;0.0;0.0;0.0;0.0;0.0;0.0;0.0;0.0;0.0;0.0;0.0;0.0;0.0;0.0;0.0;0.0;25.0;0.0;0.0;0.0;0.0;0.0;888.0
Apuiarés;APUIARES;-3.95;-39.433305555556;1999;12;18.0;0.0;0.0;0.0;0.0;0.0;0.0;0.0;0.0;0.0;0.0;0.0;0.0;0.0;0.0;0.0;0.0;0.0;0.0;0.0;0.0;0.0;0.0;0.0;0.0;0.0;0.0;0.0;0.0;0.0;0.0;18.0
Apuiarés;APUIARES;-3.95;-39.433305555556;2000;1;169.0;0.0;0.0;0.0;0.0;62.0;0.0;16.0;0.0;0.0;25.4;0.0;0.0;0.0;13.4;0.0;4.2;0.0;0.0;0.0;0.0;42.0;0.0;0.0;6.0;0.0;0.0;0.0;0.0;0.0;0.0;0.0
Apuiarés;APUIARES;-3.95;-39.433305555556;2000;2;70.6;0.0;0.0;0.0;0.0;0.0;0.0;0.0;0.0;0.0;15.4;13.3;6.4;0.0;0.0;0.0;15.0;0.0;0.0;0.0;0.0;6.0;0.0;0.0;0.0;13.0;0.0;1.5;0.0;0.0;888.0;888.0
Apuiarés;APUIARES;-3.95;-39.433305555556;2000;3;302.6;37.3;3.3;24.3;11.0;0.0;0.0;0.0;0.0;9.0;4.0;9.4;27.0;0.0;3.4;11.2;0.0;0.0;0.0;17.2;92.3;0.0;0.0;0.0;16.0;3.2;16.0;3.0;0.0;13.0;2.0;0.0
Apuiarés;APUIARES;-3.95;-39.433305555556;2000;4;206.7;11.0;3.3;28.0;0.0;4.2;0.0;0.0;0.0;0.0;0.0;7.3;0.0;14.4;28.4;0.0;0.0;13.3;26.0;0.0;6.4;29.0;0.0;0.0;2.0;15.0;2.2;12.2;4.0;0.0;0.0;888.0
Apuiarés;APUIARES;-3.95;-39.433305555556;2000;5;49.9;4.0;0.0;0.0;0.0;0.0;0.0;12.9;0.0;0.0;0.0;0.0;0.0;0.0;0.0;4.0;0.0;0.0;24.0;0.0;0.0;0.0;0.0;0.0;0.0;0.0;0.0;0.0;0.0;0.0;0.0;5.0
Apuiarés;APUIARES;-3.95;-39.433305555556;2000;6;46.8;16.2;0.0;0.0;0.0;0.0;0.0;0.0;0.0;0.0;9.2;0.0;0.0;0.0;0.0;0.0;18.2;3.2;0.0;0.0;0.0;0.0;0.0;0.0;0.0;0.0;0.0;0.0;0.0;0.0;0.0;888.0
Apuiarés;APUIARES;-3.95;-39.433305555556;2000;7;54.6;1.2;0.0;0.0;0.0;0.0;0.0;0.0;0.0;0.0;0.0;6.1;0.0;37.2;0.0;0.0;0.0;0.0;7.1;0.0;0.0;0.0;0.0;0.0;0.0;0.0;0.0;0.0;3.0;0.0;0.0;0.0
Apuiarés;APUIARES;-3.95;-39.433305555556;2000;8;79.0;0.0;69.0;0.0;0.0;0.0;0.0;0.0;0.0;10.0;0.0;0.0;0.0;0.0;0.0;0.0;0.0;0.0;0.0;0.0;0.0;0.0;0.0;0.0;0.0;0.0;0.0;0.0;0.0;0.0;0.0;0.0
Apuiarés;APUIARES;-3.95;-39.433305555556;2000;9;3.4;0.0;0.0;0.0;0.0;0.0;0.0;2.2;0.0;1.2;0.0;0.0;0.0;0.0;0.0;0.0;0.0;0.0;0.0;0.0;0.0;0.0;0.0;0.0;0.0;0.0;0.0;0.0;0.0;0.0;0.0;888.0
Apuiarés;APUIARES;-3.95;-39.433305555556;2000;10;0.0;0.0;0.0;0.0;0.0;0.0;0.0;0.0;0.0;0.0;0.0;0.0;0.0;0.0;0.0;0.0;0.0;0.0;0.0;0.0;0.0;0.0;0.0;0.0;0.0;0.0;0.0;0.0;0.0;0.0;0.0;0.0
Apuiarés;APUIARES;-3.95;-39.433305555556;2000;11;0.0;0.0;0.0;0.0;0.0;0.0;0.0;0.0;0.0;0.0;0.0;0.0;0.0;0.0;0.0;0.0;0.0;0.0;0.0;0.0;0.0;0.0;0.0;0.0;0.0;0.0;0.0;0.0;0.0;0.0;0.0;888.0
Apuiarés;APUIARES;-3.95;-39.433305555556;2000;12;7.4;0.0;0.0;0.0;0.0;0.0;0.0;0.0;0.0;0.0;0.0;0.0;0.0;0.0;0.0;0.0;0.0;0.0;0.0;0.0;0.0;0.0;0.0;0.0;7.4;0.0;0.0;0.0;0.0;0.0;0.0;0.0
Apuiarés;APUIARES;-3.95;-39.433305555556;2001;1;60.7;0.0;0.0;0.0;0.0;0.0;0.0;0.0;19.2;0.0;0.0;0.0;0.0;8.0;32.3;0.0;0.0;0.0;0.0;0.0;0.0;0.0;0.0;0.0;0.0;0.0;0.0;0.0;0.0;0.0;0.0;1.2
Apuiarés;APUIARES;-3.95;-39.433305555556;2001;2;73.3;0.0;0.0;0.0;0.0;0.0;0.0;0.0;0.0;0.0;24.0;0.0;0.0;3.2;9.0;0.0;0.0;0.0;2.0;0.6;0.0;12.5;0.0;0.0;0.0;0.0;0.0;22.0;0.0;888.0;888.0;888.0
Apuiarés;APUIARES;-3.95;-39.433305555556;2001;3;96.9;2.2;0.0;0.0;0.0;0.0;0.0;0.0;0.0;0.0;37.0;3.0;6.0;24.0;0.0;4.0;0.0;0.0;0.0;0.0;0.0;0.0;0.0;5.3;0.0;0.0;0.0;2.4;0.0;13.0;0.0;0.0
Apuiarés;APUIARES;-3.95;-39.433305555556;2001;4;287.0;17.0;0.0;6.0;8.0;9.0;0.0;0.0;8.0;9.0;0.0;72.3;0.0;8.1;21.0;22.0;4.0;0.0;26.0;15.2;13.0;24.0;3.0;0.0;0.0;6.0;0.0;0.0;13.2;2.2;0.0;888.0
Apuiarés;APUIARES;-3.95;-39.433305555556;2001;5;28.2;0.0;0.0;0.0;0.0;0.0;0.0;16.2;0.0;0.0;3.0;9.0;0.0;0.0;0.0;0.0;0.0;0.0;0.0;0.0;0.0;0.0;0.0;0.0;0.0;0.0;0.0;0.0;0.0;0.0;0.0;0.0
Apuiarés;APUIARES;-3.95;-39.433305555556;2001;6;47.5;0.0;0.0;0.0;11.0;0.0;0.0;0.0;30.2;0.0;0.0;0.0;0.0;0.0;0.0;0.0;0.0;0.0;0.0;0.0;0.0;0.0;0.0;6.3;0.0;0.0;0.0;0.0;0.0;0.0;0.0;888.0
Apuiarés;APUIARES;-3.95;-39.433305555556;2001;7;0.0;0.0;0.0;0.0;0.0;0.0;0.0;0.0;0.0;0.0;0.0;0.0;0.0;0.0;0.0;0.0;0.0;0.0;0.0;0.0;0.0;0.0;0.0;0.0;0.0;0.0;0.0;0.0;0.0;0.0;0.0;0.0
Apuiarés;APUIARES;-3.95;-39.433305555556;2001;8;0.0;0.0;0.0;0.0;0.0;0.0;0.0;0.0;0.0;0.0;0.0;0.0;0.0;0.0;0.0;0.0;0.0;0.0;0.0;0.0;0.0;0.0;0.0;0.0;0.0;0.0;0.0;0.0;0.0;0.0;0.0;0.0
Apuiarés;APUIARES;-3.95;-39.433305555556;2001;9;0.0;0.0;0.0;0.0;0.0;0.0;0.0;0.0;0.0;0.0;0.0;0.0;0.0;0.0;0.0;0.0;0.0;0.0;0.0;0.0;0.0;0.0;0.0;0.0;0.0;0.0;0.0;0.0;0.0;0.0;0.0;888.0
Apuiarés;APUIARES;-3.95;-39.433305555556;2001;10;0.0;0.0;0.0;0.0;0.0;0.0;0.0;0.0;0.0;0.0;0.0;0.0;0.0;0.0;0.0;0.0;0.0;0.0;0.0;0.0;0.0;0.0;0.0;0.0;0.0;0.0;0.0;0.0;0.0;0.0;0.0;0.0
Apuiarés;APUIARES;-3.95;-39.433305555556;2001;11;0.0;0.0;0.0;0.0;0.0;0.0;0.0;0.0;0.0;0.0;0.0;0.0;0.0;0.0;0.0;0.0;0.0;0.0;0.0;0.0;0.0;0.0;0.0;0.0;0.0;0.0;0.0;0.0;0.0;0.0;0.0;888.0
Apuiarés;APUIARES;-3.95;-39.433305555556;2001;12;0.0;0.0;0.0;0.0;0.0;0.0;0.0;0.0;0.0;0.0;0.0;0.0;0.0;0.0;0.0;0.0;0.0;0.0;0.0;0.0;0.0;0.0;0.0;0.0;0.0;0.0;0.0;0.0;0.0;0.0;0.0;0.0
Apuiarés;APUIARES;-3.95;-39.433305555556;2002;1;199.9;0.0;0.0;0.0;0.0;0.0;0.0;0.0;0.0;0.0;7.0;10.0;25.0;0.0;0.0;41.0;3.3;10.2;52.4;0.0;0.0;19.0;4.0;0.0;0.0;0.0;10.0;18.0;0.0;0.0;0.0;0.0
Apuiarés;APUIARES;-3.95;-39.433305555556;2002;2;90.5;21.3;0.0;0.0;0.0;10.0;0.0;6.0;0.0;0.0;21.0;0.0;0.0;0.0;13.0;0.0;0.0;0.0;0.0;9.2;0.0;0.0;0.0;0.0;0.0;0.0;0.0;0.0;10.0;888.0;888.0;888.0
Apuiarés;APUIARES;-3.95;-39.433305555556;2002;3;259.8;0.0;0.0;0.0;20.4;0.0;0.0;14.0;12.0;20.0;0.0;7.0;5.0;0.0;0.0;0.0;0.0;83.0;0.0;12.0;35.0;0.0;0.0;0.0;17.4;0.0;0.0;0.0;34.0;0.0;0.0;0.0
Apuiarés;APUIARES;-3.95;-39.433305555556;2002;4;141.0;0.0;0.0;0.0;19.0;0.0;0.0;0.0;0.0;0.0;25.0;44.0;0.0;0.0;0.0;0.0;0.0;0.0;0.0;18.0;0.0;0.0;0.0;0.0;0.0;0.0;0.0;0.0;0.0;25.0;10.0;888.0
Apuiarés;APUIARES;-3.95;-39.433305555556;2002;5;110.2;0.0;6.0;17.0;0.0;0.0;0.0;0.0;0.0;8.0;0.0;19.0;0.0;0.0;0.0;0.0;0.0;0.0;0.0;0.0;0.0;0.0;0.0;17.2;0.0;0.0;43.0;0.0;0.0;0.0;0.0;0.0
Apuiarés;APUIARES;-3.95;-39.433305555556;2002;6;32.0;0.0;0.0;0.0;0.0;0.0;0.0;0.0;0.0;0.0;0.0;0.0;0.0;0.0;15.0;0.0;0.0;0.0;0.0;17.0;0.0;0.0;0.0;0.0;0.0;0.0;0.0;0.0;0.0;0.0;0.0;888.0
Apuiarés;APUIARES;-3.95;-39.433305555556;2002;7;29.3;12.0;0.0;0.0;11.0;0.0;0.0;0.0;0.0;0.0;0.0;0.0;0.0;0.0;0.0;0.0;0.0;0.0;0.0;0.0;0.0;0.0;0.0;0.0;6.3;0.0;0.0;0.0;0.0;0.0;0.0;0.0
Apuiarés;APUIARES;-3.95;-39.433305555556;2002;8;0.0;0.0;0.0;0.0;0.0;0.0;0.0;0.0;0.0;0.0;0.0;0.0;0.0;0.0;0.0;0.0;0.0;0.0;0.0;0.0;0.0;0.0;0.0;0.0;0.0;0.0;0.0;0.0;0.0;0.0;0.0;0.0
Apuiarés;APUIARES;-3.95;-39.433305555556;2002;9;0.0;0.0;0.0;0.0;0.0;0.0;0.0;0.0;0.0;0.0;0.0;0.0;0.0;0.0;0.0;0.0;0.0;0.0;0.0;0.0;0.0;0.0;0.0;0.0;0.0;0.0;0.0;0.0;0.0;0.0;0.0;888.0
Apuiarés;APUIARES;-3.95;-39.433305555556;2002;10;0.0;0.0;0.0;0.0;0.0;0.0;0.0;0.0;0.0;0.0;0.0;0.0;0.0;0.0;0.0;0.0;0.0;0.0;0.0;0.0;0.0;0.0;0.0;0.0;0.0;0.0;0.0;0.0;0.0;0.0;0.0;0.0
Apuiarés;APUIARES;-3.95;-39.433305555556;2002;11;0.0;0.0;0.0;0.0;0.0;0.0;0.0;0.0;0.0;0.0;0.0;0.0;0.0;0.0;0.0;0.0;0.0;0.0;0.0;0.0;0.0;0.0;0.0;0.0;0.0;0.0;0.0;0.0;0.0;0.0;0.0;888.0
Apuiarés;APUIARES;-3.95;-39.433305555556;2002;12;0.0;0.0;0.0;0.0;0.0;0.0;0.0;0.0;0.0;0.0;0.0;0.0;0.0;0.0;0.0;0.0;0.0;0.0;0.0;0.0;0.0;0.0;0.0;0.0;0.0;0.0;0.0;0.0;0.0;0.0;0.0;0.0
Apuiarés;APUIARES;-3.95;-39.433305555556;2003;1;79.6;0.0;0.0;0.0;0.0;0.0;0.0;0.0;0.0;0.0;0.0;0.0;0.0;0.0;0.0;0.0;0.0;0.0;0.0;11.0;11.0;13.0;4.0;0.0;0.0;0.0;24.4;6.2;1.0;5.0;2.0;2.0
Apuiarés;APUIARES;-3.95;-39.433305555556;2003;2;185.7;3.0;8.4;9.0;0.0;5.0;0.0;0.0;0.0;4.3;0.0;4.0;0.0;0.0;0.0;0.0;38.2;0.0;23.2;2.1;14.1;0.0;0.0;29.4;27.0;18.0;0.0;0.0;0.0;888.0;888.0;888.0
Apuiarés;APUIARES;-3.95;-39.433305555556;2003;3;295.6;0.0;0.0;0.0;13.3;3.4;0.0;0.0;1.0;0.0;0.0;45.0;0.0;3.3;47.0;16.0;11.4;5.1;19.2;0.0;21.4;0.0;33.4;44.0;0.0;0.0;2.0;0.0;30.1;0.0;0.0;0.0
Apuiarés;APUIARES;-3.95;-39.433305555556;2003;4;122.2;6.3;7.4;16.0;6.0;5.2;0.0;10.2;0.0;0.0;0.0;0.0;0.0;0.0;18.0;0.0;0.0;0.0;0.0;0.0;0.0;0.0;0.0;0.0;0.0;0.0;29.0;0.0;0.0;18.1;6.0;888.0
Apuiarés;APUIARES;-3.95;-39.433305555556;2003;5;70.0;11.4;0.0;0.0;0.0;12.4;0.0;0.0;0.0;0.0;0.0;0.0;0.0;0.0;0.0;31.0;5.2;0.0;0.0;10.0;0.0;0.0;0.0;0.0;0.0;0.0;0.0;0.0;0.0;0.0;0.0;0.0
Apuiarés;APUIARES;-3.95;-39.433305555556;2003;6;0.0;0.0;0.0;0.0;0.0;0.0;0.0;0.0;0.0;0.0;0.0;0.0;0.0;0.0;0.0;0.0;0.0;0.0;0.0;0.0;0.0;0.0;0.0;0.0;0.0;0.0;0.0;0.0;0.0;0.0;0.0;888.0
Apuiarés;APUIARES;-3.95;-39.433305555556;2003;7;0.0;0.0;0.0;0.0;0.0;0.0;0.0;0.0;0.0;0.0;0.0;0.0;0.0;0.0;0.0;0.0;0.0;0.0;0.0;0.0;0.0;0.0;0.0;0.0;0.0;0.0;0.0;0.0;0.0;0.0;0.0;0.0
Apuiarés;APUIARES;-3.95;-39.433305555556;2003;8;0.0;0.0;0.0;0.0;0.0;0.0;0.0;0.0;0.0;0.0;0.0;0.0;0.0;0.0;0.0;0.0;0.0;0.0;0.0;0.0;0.0;0.0;0.0;0.0;0.0;0.0;0.0;0.0;0.0;0.0;0.0;0.0
Apuiarés;APUIARES;-3.95;-39.433305555556;2003;9;0.0;0.0;0.0;0.0;0.0;0.0;0.0;0.0;0.0;0.0;0.0;0.0;0.0;0.0;0.0;0.0;0.0;0.0;0.0;0.0;0.0;0.0;0.0;0.0;0.0;0.0;0.0;0.0;0.0;0.0;0.0;888.0
Apuiarés;APUIARES;-3.95;-39.433305555556;2003;10;0.0;0.0;0.0;0.0;0.0;0.0;0.0;0.0;0.0;0.0;0.0;0.0;0.0;0.0;0.0;0.0;0.0;0.0;0.0;0.0;0.0;0.0;0.0;0.0;0.0;0.0;0.0;0.0;0.0;0.0;0.0;0.0
Apuiarés;APUIARES;-3.95;-39.433305555556;2003;11;0.0;0.0;0.0;0.0;0.0;0.0;0.0;0.0;0.0;0.0;0.0;0.0;0.0;0.0;0.0;0.0;0.0;0.0;0.0;0.0;0.0;0.0;0.0;0.0;0.0;0.0;0.0;0.0;0.0;0.0;0.0;888.0
Apuiarés;APUIARES;-3.95;-39.433305555556;2003;12;0.0;0.0;0.0;0.0;0.0;0.0;0.0;0.0;0.0;0.0;0.0;0.0;0.0;0.0;0.0;0.0;0.0;0.0;0.0;0.0;0.0;0.0;0.0;0.0;0.0;0.0;0.0;0.0;0.0;0.0;0.0;0.0
Apuiarés;APUIARES;-3.95;-39.433305555556;2004;1;362.0;0.0;0.0;0.0;0.0;0.0;0.0;0.0;0.0;0.0;0.0;0.0;0.0;22.0;10.0;25.0;0.0;0.0;0.0;0.0;25.0;45.0;0.0;16.0;85.0;17.0;18.0;35.0;32.0;0.0;32.0;0.0
Apuiarés;APUIARES;-3.95;-39.433305555556;2004;2;139.0;0.0;0.0;0.0;0.0;0.0;0.0;0.0;0.0;48.0;0.0;0.0;0.0;0.0;0.0;0.0;48.0;16.0;0.0;0.0;0.0;12.0;0.0;0.0;0.0;0.0;0.0;15.0;0.0;0.0;888.0;888.0
Apuiarés;APUIARES;-3.95;-39.433305555556;2004;3;61.0;0.0;0.0;0.0;0.0;0.0;17.0;9.0;25.0;0.0;0.0;10.0;0.0;0.0;0.0;0.0;0.0;0.0;0.0;0.0;0.0;0.0;0.0;0.0;0.0;0.0;0.0;0.0;0.0;0.0;0.0;0.0
Apuiarés;APUIARES;-3.95;-39.433305555556;2004;4;20.0;0.0;0.0;0.0;0.0;0.0;0.0;0.0;0.0;0.0;0.0;0.0;8.0;0.0;0.0;0.0;5.0;0.0;0.0;0.0;0.0;0.0;0.0;0.0;7.0;0.0;0.0;0.0;0.0;0.0;0.0;888.0
Apuiarés;APUIARES;-3.95;-39.433305555556;2004;5;50.0;0.0;0.0;0.0;0.0;0.0;0.0;0.0;0.0;0.0;0.0;0.0;0.0;0.0;0.0;0.0;0.0;0.0;0.0;0.0;0.0;0.0;0.0;0.0;0.0;13.0;37.0;0.0;0.0;0.0;0.0;0.0
Apuiarés;APUIARES;-3.95;-39.433305555556;2004;6;11.0;0.0;0.0;0.0;0.0;0.0;0.0;0.0;11.0;0.0;0.0;0.0;0.0;0.0;0.0;0.0;0.0;0.0;0.0;0.0;0.0;0.0;0.0;0.0;0.0;0.0;0.0;0.0;0.0;0.0;0.0;888.0
Apuiarés;APUIARES;-3.95;-39.433305555556;2004;7;0.0;0.0;0.0;0.0;0.0;0.0;0.0;0.0;0.0;0.0;0.0;0.0;0.0;0.0;0.0;0.0;0.0;0.0;0.0;0.0;0.0;0.0;0.0;0.0;0.0;0.0;0.0;0.0;0.0;0.0;0.0;0.0
Apuiarés;APUIARES;-3.95;-39.433305555556;2004;8;0.0;0.0;0.0;0.0;0.0;0.0;0.0;0.0;0.0;0.0;0.0;0.0;0.0;0.0;0.0;0.0;0.0;0.0;0.0;0.0;0.0;0.0;0.0;0.0;0.0;0.0;0.0;0.0;0.0;0.0;0.0;0.0
Apuiarés;APUIARES;-3.95;-39.433305555556;2004;9;0.0;0.0;0.0;0.0;0.0;0.0;0.0;0.0;0.0;0.0;0.0;0.0;0.0;0.0;0.0;0.0;0.0;0.0;0.0;0.0;0.0;0.0;0.0;0.0;0.0;0.0;0.0;0.0;0.0;0.0;0.0;888.0
Apuiarés;APUIARES;-3.95;-39.433305555556;2004;10;0.0;0.0;0.0;0.0;0.0;0.0;0.0;0.0;0.0;0.0;0.0;0.0;0.0;0.0;0.0;0.0;0.0;0.0;0.0;0.0;0.0;0.0;0.0;0.0;0.0;0.0;0.0;0.0;0.0;0.0;0.0;0.0
Apuiarés;APUIARES;-3.95;-39.433305555556;2004;11;0.0;0.0;0.0;0.0;0.0;0.0;0.0;0.0;0.0;0.0;0.0;0.0;0.0;0.0;0.0;0.0;0.0;0.0;0.0;0.0;0.0;0.0;0.0;0.0;0.0;0.0;0.0;0.0;0.0;0.0;0.0;888.0
Apuiarés;APUIARES;-3.95;-39.433305555556;2004;12;0.0;0.0;0.0;0.0;0.0;0.0;0.0;0.0;0.0;0.0;0.0;0.0;0.0;0.0;0.0;0.0;0.0;0.0;0.0;0.0;0.0;0.0;0.0;0.0;0.0;0.0;0.0;0.0;0.0;0.0;0.0;0.0
Apuiarés;APUIARES;-3.95;-39.433305555556;2005;1;31.0;0.0;0.0;0.0;0.0;0.0;0.0;0.0;0.0;0.0;0.0;0.0;0.0;0.0;0.0;0.0;0.0;13.2;0.0;0.0;0.0;0.0;0.0;0.0;0.0;0.0;17.8;0.0;0.0;0.0;0.0;0.0
Apuiarés;APUIARES;-3.95;-39.433305555556;2005;2;53.0;0.0;0.0;0.0;0.0;0.0;0.0;0.0;0.0;0.0;0.0;0.0;0.0;0.0;0.0;10.0;0.0;0.0;0.0;0.0;0.0;0.0;0.0;15.0;0.0;20.0;8.0;0.0;0.0;888.0;888.0;888.0
Apuiarés;APUIARES;-3.95;-39.433305555556;2005;3;111.9;0.0;0.0;0.0;0.0;0.0;0.0;0.0;0.0;0.0;0.0;4.0;1.0;0.0;0.0;0.0;0.0;0.0;8.0;7.3;19.3;0.0;17.5;6.5;7.4;0.0;3.1;0.0;32.0;0.3;4.2;1.3
Apuiarés;APUIARES;-3.95;-39.433305555556;2005;4;155.4;36.6;17.0;0.0;0.0;0.0;0.0;0.0;1.8;0.0;0.0;20.4;8.3;46.6;0.0;0.0;0.0;0.0;2.0;0.0;2.6;0.0;0.0;0.0;0.0;0.0;0.0;0.0;0.0;0.0;20.1;888.0
Apuiarés;APUIARES;-3.95;-39.433305555556;2005;5;76.9;0.0;0.0;0.0;0.0;0.0;0.0;0.0;0.0;0.0;10.0;0.0;25.0;8.1;0.0;0.0;0.0;1.2;0.0;0.0;0.0;0.0;0.0;19.6;0.0;0.0;0.0;0.0;0.0;1.0;12.0;0.0
Apuiarés;APUIARES;-3.95;-39.433305555556;2005;6;63.1;6.6;5.6;0.0;0.0;0.0;0.4;0.0;0.0;36.0;3.5;0.0;0.0;0.0;2.2;0.0;0.0;0.0;0.0;1.4;0.0;0.0;0.0;0.0;0.0;0.0;0.0;7.4;0.0;0.0;0.0;888.0
Apuiarés;APUIARES;-3.95;-39.433305555556;2005;7;1.5;0.0;1.5;0.0;0.0;0.0;0.0;0.0;0.0;0.0;0.0;0.0;0.0;0.0;0.0;0.0;0.0;0.0;0.0;0.0;0.0;0.0;0.0;0.0;0.0;0.0;0.0;0.0;0.0;0.0;0.0;0.0
Apuiarés;APUIARES;-3.95;-39.433305555556;2005;8;0.0;0.0;0.0;0.0;0.0;0.0;0.0;0.0;0.0;0.0;0.0;0.0;0.0;0.0;0.0;0.0;0.0;0.0;0.0;0.0;0.0;0.0;0.0;0.0;0.0;0.0;0.0;0.0;0.0;0.0;0.0;0.0
Apuiarés;APUIARES;-3.95;-39.433305555556;2005;9;0.0;0.0;0.0;0.0;0.0;0.0;0.0;0.0;0.0;0.0;0.0;0.0;0.0;0.0;0.0;0.0;0.0;0.0;0.0;0.0;0.0;0.0;0.0;0.0;0.0;0.0;0.0;0.0;0.0;0.0;0.0;888.0
Apuiarés;APUIARES;-3.95;-39.433305555556;2005;10;0.0;0.0;0.0;0.0;0.0;0.0;0.0;0.0;0.0;0.0;0.0;0.0;0.0;0.0;0.0;0.0;0.0;0.0;0.0;0.0;0.0;0.0;0.0;0.0;0.0;0.0;0.0;0.0;0.0;0.0;0.0;0.0
Apuiarés;APUIARES;-3.95;-39.433305555556;2005;11;0.0;0.0;0.0;0.0;0.0;0.0;0.0;0.0;0.0;0.0;0.0;0.0;0.0;0.0;0.0;0.0;0.0;0.0;0.0;0.0;0.0;0.0;0.0;0.0;0.0;0.0;0.0;0.0;0.0;0.0;0.0;888.0
Apuiarés;APUIARES;-3.95;-39.433305555556;2005;12;3.2;0.0;0.0;0.0;0.0;0.0;0.0;0.0;0.0;0.0;0.0;0.0;0.0;0.0;0.0;0.0;0.0;0.0;0.0;0.0;0.0;0.0;0.0;0.0;0.0;0.0;0.0;0.0;3.2;0.0;0.0;0.0
Apuiarés;APUIARES;-3.95;-39.433305555556;2006;1;8.0;0.0;0.0;0.0;0.0;0.0;0.0;0.0;0.0;0.0;0.0;0.0;0.0;0.0;0.0;0.0;0.0;0.0;0.0;0.0;8.0;0.0;0.0;0.0;0.0;0.0;0.0;0.0;0.0;0.0;0.0;0.0
Apuiarés;APUIARES;-3.95;-39.433305555556;2006;2;80.0;0.3;0.0;0.0;4.1;0.0;0.0;0.0;0.0;0.0;0.0;33.4;0.0;0.0;9.2;2.2;0.0;0.0;10.2;0.0;3.4;0.0;0.0;2.3;3.1;1.3;5.4;0.0;5.1;888.0;888.0;888.0
Apuiarés;APUIARES;-3.95;-39.433305555556;2006;3;165.4;22.4;0.6;2.2;8.1;0.0;0.0;0.0;0.0;0.0;0.0;0.0;39.0;5.1;0.0;26.0;0.0;0.0;2.1;1.1;0.0;12.1;0.4;37.2;0.0;0.0;6.2;0.0;0.0;0.1;2.1;0.7
Apuiarés;APUIARES;-3.95;-39.433305555556;2006;4;289.5;0.0;31.0;0.0;13.4;42.1;0.0;4.0;1.2;0.0;0.0;17.0;9.4;11.0;5.0;2.1;0.0;12.1;26.4;26.4;3.1;2.2;25.0;2.0;0.0;17.1;0.0;22.0;0.0;0.0;17.0;888.0
Apuiarés;APUIARES;-3.95;-39.433305555556;2006;5;145.5;35.2;0.0;0.0;0.0;0.0;4.3;0.0;5.1;5.4;0.0;13.1;48.0;1.3;0.0;6.1;26.0;0.0;0.0;0.0;0.0;0.0;0.0;0.0;0.0;0.0;1.0;0.0;0.0;0.0;0.0;0.0
Apuiarés;APUIARES;-3.95;-39.433305555556;2006;6;54.3;0.0;0.0;0.0;0.0;0.0;0.0;0.0;0.0;0.0;0.0;0.0;11.0;0.0;11.4;0.0;1.3;3.0;0.0;5.1;0.0;0.0;1.0;0.0;1.1;0.0;0.0;0.0;1.4;19.0;0.0;888.0
Apuiarés;APUIARES;-3.95;-39.433305555556;2006;7;5.4;0.0;0.0;0.0;0.0;0.0;0.0;5.4;0.0;0.0;0.0;0.0;0.0;0.0;0.0;0.0;0.0;0.0;0.0;0.0;0.0;0.0;0.0;0.0;0.0;0.0;0.0;0.0;0.0;0.0;0.0;0.0
Apuiarés;APUIARES;-3.95;-39.433305555556;2006;8;0.0;0.0;0.0;0.0;0.0;0.0;0.0;0.0;0.0;0.0;0.0;0.0;0.0;0.0;0.0;0.0;0.0;0.0;0.0;0.0;0.0;0.0;0.0;0.0;0.0;0.0;0.0;0.0;0.0;0.0;0.0;0.0
Apuiarés;APUIARES;-3.95;-39.433305555556;2006;9;0.0;0.0;0.0;0.0;0.0;0.0;0.0;0.0;0.0;0.0;0.0;0.0;0.0;0.0;0.0;0.0;0.0;0.0;0.0;0.0;0.0;0.0;0.0;0.0;0.0;0.0;0.0;0.0;0.0;0.0;0.0;888.0
Apuiarés;APUIARES;-3.95;-39.433305555556;2006;10;0.0;0.0;0.0;0.0;0.0;0.0;0.0;0.0;0.0;0.0;0.0;0.0;0.0;0.0;0.0;0.0;0.0;0.0;0.0;0.0;0.0;0.0;0.0;0.0;0.0;0.0;0.0;0.0;0.0;0.0;0.0;0.0
Apuiarés;APUIARES;-3.95;-39.433305555556;2006;11;0.0;0.0;0.0;0.0;0.0;0.0;0.0;0.0;0.0;0.0;0.0;0.0;0.0;0.0;0.0;0.0;0.0;0.0;0.0;0.0;0.0;0.0;0.0;0.0;0.0;0.0;0.0;0.0;0.0;0.0;0.0;888.0
Apuiarés;APUIARES;-3.95;-39.433305555556;2006;12;0.0;0.0;0.0;0.0;0.0;0.0;0.0;0.0;0.0;0.0;0.0;0.0;0.0;0.0;0.0;0.0;0.0;0.0;0.0;0.0;0.0;0.0;0.0;0.0;0.0;0.0;0.0;0.0;0.0;0.0;0.0;0.0
Apuiarés;APUIARES;-3.95;-39.433305555556;2007;1;3.6;0.0;0.0;0.0;0.0;0.0;0.0;1.3;0.0;0.0;0.0;0.0;0.0;0.0;0.0;0.0;0.0;0.0;0.0;0.0;0.0;0.0;0.0;0.0;0.0;0.0;0.0;0.0;0.0;0.0;0.0;2.3
Apuiarés;APUIARES;-3.95;-39.433305555556;2007;2;203.1;0.0;0.0;26.0;0.0;0.0;9.3;0.0;44.2;0.0;0.0;0.0;0.0;12.4;8.4;7.4;7.4;15.0;0.5;6.1;13.4;3.3;3.1;31.0;4.4;0.0;11.2;0.0;0.0;888.0;888.0;888.0
Apuiarés;APUIARES;-3.95;-39.433305555556;2007;3;68.3;0.0;3.4;14.3;1.4;0.2;3.3;0.0;10.4;0.0;0.0;2.0;14.1;0.0;0.0;0.0;0.0;0.0;0.0;5.1;12.0;0.0;0.0;0.0;0.0;0.0;0.0;0.0;0.0;2.1;0.0;0.0
Apuiarés;APUIARES;-3.95;-39.433305555556;2007;4;235.1;0.0;18.4;0.0;35.4;1.0;0.0;0.0;0.0;0.0;10.2;0.0;7.1;0.0;1.0;0.0;0.0;0.0;31.1;3.2;25.0;40.3;15.0;0.0;0.0;14.3;14.2;5.2;4.0;6.3;3.4;888.0
Apuiarés;APUIARES;-3.95;-39.433305555556;2007;5;29.3;0.0;0.0;10.4;0.0;4.0;0.0;0.0;8.1;0.0;0.0;0.0;0.0;0.0;4.4;0.0;0.0;0.0;0.0;0.0;0.0;0.0;0.0;1.0;0.0;1.4;0.0;0.0;0.0;0.0;0.0;0.0
Apuiarés;APUIARES;-3.95;-39.433305555556;2007;6;34.4;7.0;0.0;0.0;0.0;0.0;0.0;0.0;0.0;14.1;0.0;0.0;0.0;0.0;13.3;0.0;0.0;0.0;0.0;0.0;0.0;0.0;0.0;0.0;0.0;0.0;0.0;0.0;0.0;0.0;0.0;888.0
Apuiarés;APUIARES;-3.95;-39.433305555556;2007;7;19.3;0.0;0.0;0.0;0.0;0.0;0.0;0.0;0.0;3.3;0.0;0.0;0.0;0.0;13.9;0.0;0.0;0.0;0.0;0.0;0.0;0.0;0.0;0.0;2.1;0.0;0.0;0.0;0.0;0.0;0.0;0.0
Apuiarés;APUIARES;-3.95;-39.433305555556;2007;8;0.0;0.0;0.0;0.0;0.0;0.0;0.0;0.0;0.0;0.0;0.0;0.0;0.0;0.0;0.0;0.0;0.0;0.0;0.0;0.0;0.0;0.0;0.0;0.0;0.0;0.0;0.0;0.0;0.0;0.0;0.0;0.0
Apuiarés;APUIARES;-3.95;-39.433305555556;2007;9;0.0;0.0;0.0;0.0;0.0;0.0;0.0;0.0;0.0;0.0;0.0;0.0;0.0;0.0;0.0;0.0;0.0;0.0;0.0;0.0;0.0;0.0;0.0;0.0;0.0;0.0;0.0;0.0;0.0;0.0;0.0;888.0
Apuiarés;APUIARES;-3.95;-39.433305555556;2007;10;0.0;0.0;0.0;0.0;0.0;0.0;0.0;0.0;0.0;0.0;0.0;0.0;0.0;0.0;0.0;0.0;0.0;0.0;0.0;0.0;0.0;0.0;0.0;0.0;0.0;0.0;0.0;0.0;0.0;0.0;0.0;0.0
Apuiarés;APUIARES;-3.95;-39.433305555556;2007;11;0.0;0.0;0.0;0.0;0.0;0.0;0.0;0.0;0.0;0.0;0.0;0.0;0.0;0.0;0.0;999.0;999.0;999.0;999.0;999.0;999.0;999.0;999.0;999.0;999.0;999.0;999.0;999.0;999.0;999.0;999.0;888.0
Apuiarés;APUIARES;-3.95;-39.433305555556;2007;12;62.4;0.0;0.0;0.0;0.0;0.0;0.0;0.0;0.0;0.0;0.0;0.0;0.0;0.0;0.0;0.0;0.0;44.0;0.0;0.0;0.0;0.0;0.0;0.0;0.0;0.0;0.0;16.4;2.0;0.0;0.0;0.0
Apuiarés;APUIARES;-3.95;-39.433305555556;2008;1;90.2;0.0;0.0;0.0;0.0;0.0;0.0;0.0;0.0;0.0;0.0;0.0;6.2;0.0;7.1;0.0;0.0;15.2;3.3;0.0;0.0;0.0;8.3;15.2;3.0;1.4;0.0;0.0;0.0;0.0;20.3;10.2
Apuiarés;APUIARES;-3.95;-39.433305555556;2008;2;61.1;1.0;10.1;0.0;0.0;0.0;0.0;0.0;0.0;0.0;0.0;5.3;2.2;0.0;0.0;0.0;0.0;0.0;0.0;0.0;0.0;0.0;14.3;28.2;0.0;0.0;0.0;0.0;0.0;0.0;888.0;888.0
Apuiarés;APUIARES;-3.95;-39.433305555556;2008;3;367.5;10.1;4.1;0.0;15.2;9.3;2.0;16.1;26.3;35.4;2.0;0.0;10.0;9.1;0.0;0.0;28.3;0.0;2.1;0.0;3.2;4.3;0.0;0.0;2.0;61.0;0.0;8.4;106.0;0.0;7.3;5.3
Apuiarés;APUIARES;-3.95;-39.433305555556;2008;4;250.8;49.1;18.2;18.4;0.0;68.0;0.0;0.0;2.3;27.2;7.0;0.0;0.0;0.0;13.1;0.0;0.0;0.0;1.2;0.0;0.0;14.3;7.2;0.0;6.0;0.0;0.0;0.0;0.0;5.5;13.3;888.0
Apuiarés;APUIARES;-3.95;-39.433305555556;2008;5;168.5;15.4;35.2;13.3;0.0;1.0;3.4;0.0;2.0;0.0;9.2;0.0;6.0;47.2;0.0;3.1;0.0;0.0;11.2;1.0;0.0;0.0;0.0;5.1;0.0;15.4;0.0;0.0;0.0;0.0;0.0;0.0
Apuiarés;APUIARES;-3.95;-39.433305555556;2008;6;10.6;0.0;0.0;1.3;0.0;0.0;0.0;0.0;0.0;3.0;0.0;0.0;0.0;0.0;0.0;0.0;0.0;4.3;0.0;0.0;0.0;0.0;0.0;0.0;2.0;0.0;0.0;0.0;0.0;0.0;0.0;888.0
Apuiarés;APUIARES;-3.95;-39.433305555556;2008;7;4.3;0.0;2.3;0.0;0.0;0.0;0.0;0.0;0.0;0.0;0.0;0.0;0.0;0.0;0.0;0.0;0.0;0.0;0.0;0.0;0.0;0.0;0.0;0.0;0.0;0.0;0.0;2.0;0.0;0.0;0.0;0.0
Apuiarés;APUIARES;-3.95;-39.433305555556;2008;8;36.5;0.0;0.0;0.0;0.0;0.0;0.0;0.0;0.0;33.4;0.0;0.0;0.0;3.1;0.0;0.0;0.0;0.0;0.0;0.0;0.0;0.0;0.0;0.0;0.0;0.0;0.0;0.0;0.0;0.0;0.0;0.0
Apuiarés;APUIARES;-3.95;-39.433305555556;2008;9;0.0;0.0;0.0;0.0;0.0;0.0;0.0;0.0;0.0;0.0;0.0;0.0;0.0;0.0;0.0;0.0;0.0;0.0;0.0;0.0;0.0;0.0;0.0;0.0;0.0;0.0;0.0;0.0;0.0;0.0;0.0;888.0
Apuiarés;APUIARES;-3.95;-39.433305555556;2008;10;0.0;0.0;0.0;0.0;0.0;0.0;0.0;0.0;0.0;0.0;0.0;0.0;0.0;0.0;0.0;0.0;0.0;0.0;0.0;0.0;0.0;0.0;0.0;0.0;0.0;0.0;0.0;0.0;0.0;0.0;0.0;0.0
Apuiarés;APUIARES;-3.95;-39.433305555556;2008;11;0.0;0.0;0.0;0.0;0.0;0.0;0.0;0.0;0.0;0.0;0.0;0.0;0.0;0.0;0.0;0.0;0.0;0.0;0.0;0.0;0.0;0.0;0.0;0.0;0.0;0.0;0.0;0.0;0.0;0.0;0.0;888.0
Apuiarés;APUIARES;-3.95;-39.433305555556;2008;12;5.0;0.0;0.0;0.0;0.0;0.0;0.0;0.0;0.0;0.0;0.0;0.0;0.0;0.0;0.0;0.0;0.0;0.0;0.0;0.0;5.0;0.0;0.0;0.0;0.0;0.0;0.0;0.0;0.0;0.0;0.0;0.0
Apuiarés;APUIARES;-3.95;-39.433305555556;2009;1;111.0;0.0;0.0;0.0;0.0;0.0;0.0;0.0;22.2;0.0;0.0;0.0;0.0;0.0;0.0;0.0;2.0;6.3;0.0;0.0;2.0;0.0;15.2;0.0;0.0;0.0;47.0;0.0;0.0;0.0;0.0;16.3
Apuiarés;APUIARES;-3.95;-39.433305555556;2009;2;161.6;17.2;1.0;3.0;5.1;0.0;1.0;0.0;0.0;0.0;6.0;0.0;40.0;27.0;0.0;0.0;0.0;0.0;6.4;0.0;0.0;11.0;8.0;24.4;1.1;7.2;0.0;0.0;3.2;888.0;888.0;888.0
Apuiarés;APUIARES;-3.95;-39.433305555556;2009;3;274.8;13.3;15.1;3.0;7.2;5.0;5.3;0.0;0.0;20.4;0.0;0.0;17.2;3.3;5.3;5.0;25.0;3.2;14.3;26.2;0.0;0.0;3.3;1.1;9.0;14.2;5.0;43.0;0.0;0.0;0.0;30.4
Apuiarés;APUIARES;-3.95;-39.433305555556;2009;4;363.0;6.4;15.3;0.0;6.0;6.4;0.0;0.0;0.0;0.0;29.0;47.3;64.0;17.0;0.0;8.3;0.0;0.0;18.0;0.0;33.4;32.2;35.0;0.0;0.0;5.4;0.0;0.0;4.3;0.0;35.0;888.0
Apuiarés;APUIARES;-3.95;-39.433305555556;2009;5;395.2;6.2;6.1;8.0;6.0;99.0;12.2;0.0;11.0;38.0;8.0;10.0;2.3;0.0;13.2;0.0;0.0;0.0;12.3;1.0;0.0;35.4;10.2;0.0;0.0;40.3;6.4;56.4;11.2;2.0;0.0;0.0
Apuiarés;APUIARES;-3.95;-39.433305555556;2009;6;187.7;14.1;4.0;44.0;19.4;0.0;5.0;34.0;0.0;0.0;0.0;7.0;0.0;4.0;0.0;0.0;0.0;0.0;0.0;0.0;0.0;0.0;0.0;31.0;0.0;25.2;0.0;0.0;0.0;0.0;0.0;888.0
Apuiarés;APUIARES;-3.95;-39.433305555556;2009;7;72.0;0.0;0.0;15.0;0.0;0.0;0.0;5.0;1.0;0.0;0.0;2.4;3.2;5.0;0.0;0.0;0.0;10.3;0.0;0.0;0.0;0.0;7.0;14.1;9.0;0.0;0.0;0.0;0.0;0.0;0.0;0.0
Apuiarés;APUIARES;-3.95;-39.433305555556;2009;8;0.0;0.0;0.0;0.0;0.0;0.0;0.0;0.0;0.0;0.0;0.0;0.0;0.0;0.0;0.0;0.0;0.0;0.0;0.0;0.0;0.0;0.0;0.0;0.0;0.0;0.0;0.0;0.0;0.0;0.0;0.0;0.0
Apuiarés;APUIARES;-3.95;-39.433305555556;2009;9;0.0;0.0;0.0;0.0;0.0;0.0;0.0;0.0;0.0;0.0;0.0;0.0;0.0;0.0;0.0;0.0;0.0;0.0;0.0;0.0;0.0;0.0;0.0;0.0;0.0;0.0;0.0;0.0;0.0;0.0;0.0;888.0
Apuiarés;APUIARES;-3.95;-39.433305555556;2009;10;0.0;0.0;0.0;0.0;0.0;0.0;0.0;0.0;0.0;0.0;0.0;0.0;0.0;0.0;0.0;0.0;0.0;0.0;0.0;0.0;0.0;0.0;0.0;0.0;0.0;0.0;0.0;0.0;0.0;0.0;0.0;0.0
Apuiarés;APUIARES;-3.95;-39.433305555556;2009;11;0.0;0.0;0.0;0.0;0.0;0.0;0.0;0.0;0.0;0.0;0.0;0.0;0.0;0.0;0.0;0.0;0.0;0.0;0.0;0.0;0.0;0.0;0.0;0.0;0.0;0.0;0.0;0.0;0.0;0.0;0.0;888.0
Apuiarés;APUIARES;-3.95;-39.433305555556;2009;12;0.0;0.0;0.0;0.0;0.0;0.0;0.0;0.0;0.0;0.0;0.0;0.0;0.0;0.0;0.0;0.0;0.0;0.0;0.0;0.0;0.0;0.0;0.0;0.0;0.0;0.0;0.0;0.0;0.0;0.0;0.0;0.0
Apuiarés;APUIARES;-3.95;-39.433305555556;2010;1;44.8;0.0;0.0;3.3;5.5;0.0;0.0;0.0;0.0;0.0;0.0;0.0;0.0;0.0;0.0;0.0;0.0;0.0;0.0;0.0;1.0;0.0;0.0;0.0;0.0;0.0;0.0;35.0;0.0;0.0;0.0;0.0
Apuiarés;APUIARES;-3.95;-39.433305555556;2010;2;21.3;0.0;0.0;0.0;0.0;0.0;0.0;0.0;0.0;0.0;9.0;10.3;0.0;0.0;0.0;0.0;0.0;0.0;0.0;0.0;0.0;0.0;0.0;0.0;0.0;0.0;2.0;0.0;0.0;888.0;888.0;888.0
Apuiarés;APUIARES;-3.95;-39.433305555556;2010;3;140.6;0.0;0.0;0.0;0.0;0.0;0.0;0.0;0.0;0.0;0.0;0.0;0.0;5.0;0.0;5.0;0.0;0.0;0.0;34.4;0.0;45.0;27.0;0.0;0.0;7.0;17.2;0.0;0.0;0.0;0.0;0.0
Apuiarés;APUIARES;-3.95;-39.433305555556;2010;4;153.3;20.1;0.0;0.0;23.0;0.0;0.0;0.0;13.3;0.0;0.0;16.1;0.0;26.2;0.0;0.0;0.0;20.0;0.0;0.0;17.1;0.0;2.3;15.2;0.0;0.0;0.0;0.0;0.0;0.0;0.0;888.0
Apuiarés;APUIARES;-3.95;-39.433305555556;2010;5;18.1;18.1;0.0;0.0;0.0;0.0;0.0;0.0;0.0;0.0;0.0;0.0;0.0;0.0;0.0;0.0;0.0;0.0;0.0;0.0;0.0;0.0;0.0;0.0;0.0;0.0;0.0;0.0;0.0;0.0;0.0;0.0
Apuiarés;APUIARES;-3.95;-39.433305555556;2010;6;12.5;0.0;0.0;0.0;5.1;7.4;0.0;0.0;0.0;0.0;0.0;0.0;0.0;0.0;0.0;0.0;0.0;0.0;0.0;0.0;0.0;0.0;0.0;0.0;0.0;0.0;0.0;0.0;0.0;0.0;0.0;888.0
Apuiarés;APUIARES;-3.95;-39.433305555556;2010;7;0.0;0.0;0.0;0.0;0.0;0.0;0.0;0.0;0.0;0.0;0.0;0.0;0.0;0.0;0.0;0.0;0.0;0.0;0.0;0.0;0.0;0.0;0.0;0.0;0.0;0.0;0.0;0.0;0.0;0.0;0.0;0.0
Apuiarés;APUIARES;-3.95;-39.433305555556;2010;8;0.0;0.0;0.0;0.0;0.0;0.0;0.0;0.0;0.0;0.0;0.0;0.0;0.0;0.0;0.0;0.0;0.0;0.0;0.0;0.0;0.0;0.0;0.0;0.0;0.0;0.0;0.0;0.0;0.0;0.0;0.0;0.0
Apuiarés;APUIARES;-3.95;-39.433305555556;2010;9;0.0;0.0;0.0;0.0;0.0;0.0;0.0;0.0;0.0;0.0;0.0;0.0;0.0;0.0;0.0;0.0;0.0;0.0;0.0;0.0;0.0;0.0;0.0;0.0;0.0;0.0;0.0;0.0;0.0;0.0;0.0;888.0
Apuiarés;APUIARES;-3.95;-39.433305555556;2010;10;0.0;0.0;0.0;0.0;0.0;0.0;0.0;0.0;0.0;0.0;0.0;0.0;0.0;0.0;0.0;0.0;0.0;0.0;0.0;0.0;0.0;0.0;0.0;0.0;0.0;0.0;0.0;0.0;0.0;0.0;0.0;0.0
Apuiarés;APUIARES;-3.95;-39.433305555556;2010;11;0.0;0.0;0.0;0.0;0.0;0.0;0.0;0.0;0.0;0.0;0.0;0.0;0.0;0.0;0.0;0.0;0.0;0.0;0.0;0.0;0.0;0.0;0.0;0.0;0.0;0.0;0.0;0.0;0.0;0.0;0.0;888.0
Apuiarés;APUIARES;-3.95;-39.433305555556;2010;12;7.3;0.0;0.0;0.0;0.0;0.0;0.0;0.0;0.0;0.0;0.0;1.3;0.0;0.0;6.0;0.0;999.0;999.0;999.0;999.0;999.0;999.0;999.0;999.0;999.0;999.0;999.0;999.0;999.0;999.0;999.0;999.0
Apuiarés;APUIARES;-3.95;-39.433305555556;2011;1;242.0;0.0;0.0;54.0;0.0;0.0;0.0;0.0;0.0;0.0;35.0;5.2;0.0;0.0;0.0;0.0;0.0;0.0;0.0;2.3;14.0;0.0;10.0;0.0;75.2;0.0;13.0;0.0;12.0;21.3;0.0;0.0
Apuiarés;APUIARES;-3.95;-39.433305555556;2011;2;145.3;0.0;0.0;7.3;0.0;0.0;0.0;0.0;0.0;0.0;0.0;0.0;0.0;0.0;30.0;0.0;3.4;0.0;0.0;2.1;23.1;6.0;28.2;0.0;0.0;3.0;4.0;0.0;38.2;888.0;888.0;888.0
Apuiarés;APUIARES;-3.95;-39.433305555556;2011;3;158.1;0.0;0.0;0.0;0.0;0.0;0.0;0.0;60.2;4.2;7.0;5.3;0.0;4.2;0.0;21.1;0.0;2.3;0.0;4.3;0.0;0.0;22.0;14.0;0.0;0.0;0.0;10.0;0.0;3.5;0.0;0.0
Apuiarés;APUIARES;-3.95;-39.433305555556;2011;4;214.1;0.0;63.0;20.2;0.0;0.0;21.4;0.0;5.2;0.0;0.0;5.1;21.4;2.2;0.0;34.2;5.2;0.0;0.0;0.0;0.0;0.0;0.0;0.0;0.0;0.0;0.0;0.0;0.0;0.0;36.2;888.0
Apuiarés;APUIARES;-3.95;-39.433305555556;2011;5;102.6;31.0;0.0;0.0;0.0;3.2;0.0;3.4;0.0;0.0;0.0;40.0;4.0;0.0;0.0;0.0;4.0;0.0;9.0;1.3;0.0;0.0;0.0;0.0;0.0;6.7;0.0;0.0;0.0;0.0;0.0;0.0
Apuiarés;APUIARES;-3.95;-39.433305555556;2011;6;41.9;0.0;0.0;0.0;16.0;0.0;0.0;0.0;0.0;0.0;0.0;0.0;7.4;0.0;0.0;0.0;0.0;0.0;0.0;0.0;0.0;0.0;4.3;0.0;9.2;5.0;0.0;0.0;0.0;0.0;0.0;888.0
Apuiarés;APUIARES;-3.95;-39.433305555556;2011;7;86.6;0.0;0.0;0.0;0.0;0.0;0.0;0.0;0.0;43.0;13.0;0.0;14.0;4.4;0.0;0.0;0.0;12.2;0.0;0.0;0.0;0.0;0.0;0.0;0.0;0.0;0.0;0.0;0.0;0.0;0.0;0.0
Apuiarés;APUIARES;-3.95;-39.433305555556;2011;8;0.0;0.0;0.0;0.0;0.0;0.0;0.0;0.0;0.0;0.0;0.0;0.0;0.0;0.0;0.0;0.0;0.0;0.0;0.0;0.0;0.0;0.0;0.0;0.0;0.0;0.0;0.0;0.0;0.0;0.0;0.0;0.0
Apuiarés;APUIARES;-3.95;-39.433305555556;2011;9;0.0;0.0;0.0;0.0;0.0;0.0;0.0;0.0;0.0;0.0;0.0;0.0;0.0;0.0;0.0;0.0;0.0;0.0;0.0;0.0;0.0;0.0;0.0;0.0;0.0;0.0;0.0;0.0;0.0;0.0;0.0;888.0
Apuiarés;APUIARES;-3.95;-39.433305555556;2011;10;0.0;0.0;0.0;0.0;0.0;0.0;0.0;0.0;0.0;0.0;0.0;0.0;0.0;0.0;0.0;0.0;0.0;0.0;0.0;0.0;0.0;0.0;0.0;0.0;0.0;0.0;0.0;0.0;0.0;0.0;0.0;0.0
Apuiarés;APUIARES;-3.95;-39.433305555556;2011;11;0.0;0.0;0.0;0.0;0.0;0.0;0.0;0.0;0.0;0.0;0.0;0.0;0.0;0.0;0.0;0.0;0.0;0.0;0.0;0.0;0.0;0.0;0.0;0.0;0.0;0.0;0.0;0.0;0.0;0.0;0.0;888.0
Apuiarés;APUIARES;-3.95;-39.433305555556;2011;12;0.0;0.0;0.0;0.0;0.0;0.0;0.0;0.0;0.0;0.0;0.0;0.0;0.0;0.0;0.0;0.0;0.0;0.0;0.0;0.0;0.0;0.0;0.0;0.0;0.0;0.0;0.0;0.0;0.0;0.0;0.0;0.0
Apuiarés;APUIARES;-3.95;-39.433305555556;2012;1;25.5;0.0;0.0;0.0;0.0;0.0;0.0;0.0;0.0;0.0;0.0;0.0;0.0;0.0;0.0;0.0;0.0;0.0;0.0;0.0;0.0;6.2;0.0;0.0;19.3;0.0;0.0;0.0;0.0;0.0;0.0;0.0
Apuiarés;APUIARES;-3.95;-39.433305555556;2012;2;145.0;0.0;0.0;0.0;0.0;0.0;0.0;0.0;0.0;0.0;0.0;0.0;0.0;0.0;0.0;0.0;0.0;0.0;0.0;35.0;0.0;18.1;0.0;0.0;0.0;13.1;48.4;23.4;7.0;0.0;888.0;888.0
Apuiarés;APUIARES;-3.95;-39.433305555556;2012;3;75.3;0.0;0.0;0.0;0.0;0.0;0.0;0.0;0.0;0.0;5.3;10.1;0.0;0.0;0.0;0.0;0.0;31.0;0.0;0.0;7.0;0.0;0.0;0.0;0.0;0.0;0.0;7.0;7.1;7.8;0.0;0.0
Apuiarés;APUIARES;-3.95;-39.433305555556;2012;4;108.7;0.0;0.0;13.3;0.0;0.0;0.0;0.0;6.0;0.0;0.0;0.0;0.0;0.0;0.0;0.0;8.1;1.2;0.0;27.2;1.2;7.2;44.5;0.0;0.0;0.0;0.0;0.0;0.0;0.0;0.0;888.0
Apuiarés;APUIARES;-3.95;-39.433305555556;2012;5;12.3;0.0;0.0;0.0;0.0;0.0;0.0;0.0;0.0;0.0;0.0;0.0;0.0;0.0;2.3;0.0;0.0;0.0;0.0;0.0;0.0;0.0;0.0;0.0;10.0;0.0;0.0;0.0;0.0;0.0;0.0;0.0
Apuiarés;APUIARES;-3.95;-39.433305555556;2012;6;11.1;0.0;3.1;0.0;0.0;0.0;0.0;0.0;0.0;0.0;0.0;0.0;0.0;0.0;0.0;0.0;0.0;0.0;0.0;8.0;0.0;0.0;0.0;0.0;0.0;0.0;0.0;0.0;0.0;0.0;0.0;888.0
Apuiarés;APUIARES;-3.95;-39.433305555556;2012;7;0.0;0.0;0.0;0.0;0.0;0.0;0.0;0.0;0.0;0.0;0.0;0.0;0.0;0.0;0.0;0.0;0.0;0.0;0.0;0.0;0.0;0.0;0.0;0.0;0.0;0.0;0.0;0.0;0.0;0.0;0.0;0.0
Apuiarés;APUIARES;-3.95;-39.433305555556;2012;8;0.0;0.0;0.0;0.0;0.0;0.0;0.0;0.0;0.0;0.0;0.0;0.0;0.0;0.0;0.0;0.0;0.0;0.0;0.0;0.0;0.0;0.0;0.0;0.0;0.0;0.0;0.0;0.0;0.0;0.0;0.0;0.0
Apuiarés;APUIARES;-3.95;-39.433305555556;2012;9;0.0;0.0;0.0;0.0;0.0;0.0;0.0;0.0;0.0;0.0;0.0;0.0;0.0;0.0;0.0;0.0;0.0;0.0;0.0;0.0;0.0;0.0;0.0;0.0;0.0;0.0;0.0;0.0;0.0;0.0;0.0;888.0
Apuiarés;APUIARES;-3.95;-39.433305555556;2012;10;0.0;0.0;0.0;0.0;0.0;0.0;0.0;0.0;0.0;0.0;0.0;0.0;0.0;0.0;0.0;0.0;0.0;0.0;0.0;0.0;0.0;0.0;0.0;0.0;0.0;0.0;0.0;0.0;0.0;0.0;0.0;0.0
Apuiarés;APUIARES;-3.95;-39.433305555556;2012;11;0.0;0.0;0.0;0.0;0.0;0.0;0.0;0.0;0.0;0.0;0.0;0.0;0.0;0.0;0.0;0.0;0.0;0.0;0.0;0.0;0.0;0.0;0.0;0.0;0.0;0.0;0.0;0.0;0.0;0.0;0.0;888.0
Apuiarés;APUIARES;-3.95;-39.433305555556;2012;12;0.0;0.0;0.0;0.0;0.0;0.0;0.0;0.0;0.0;0.0;0.0;0.0;0.0;0.0;0.0;0.0;0.0;0.0;0.0;0.0;0.0;0.0;0.0;0.0;0.0;0.0;0.0;0.0;0.0;0.0;0.0;0.0
Apuiarés;APUIARES;-3.95;-39.433305555556;2013;1;0.0;0.0;0.0;0.0;0.0;0.0;0.0;0.0;0.0;0.0;0.0;0.0;0.0;0.0;0.0;0.0;0.0;0.0;0.0;0.0;0.0;0.0;0.0;0.0;0.0;0.0;0.0;0.0;0.0;0.0;0.0;0.0
Apuiarés;APUIARES;-3.95;-39.433305555556;2013;2;117.8;0.0;0.0;0.0;0.0;0.0;0.0;5.2;0.0;0.0;0.0;0.0;0.0;4.1;0.0;10.3;35.0;7.0;48.3;7.9;0.0;0.0;0.0;0.0;0.0;0.0;0.0;0.0;0.0;888.0;888.0;888.0
Apuiarés;APUIARES;-3.95;-39.433305555556;2013;3;78.2;0.0;0.0;0.0;0.0;0.0;0.0;0.0;0.0;0.0;8.0;0.0;0.0;0.0;0.0;0.0;0.0;0.0;4.4;0.0;0.0;0.0;0.0;19.0;0.0;5.3;0.0;19.3;5.2;0.0;0.0;17.0
Apuiarés;APUIARES;-3.95;-39.433305555556;2013;4;123.7;16.0;0.0;1.4;16.4;10.1;5.1;0.0;0.0;0.0;0.0;0.0;0.0;0.0;0.0;0.0;0.0;0.0;0.0;0.0;43.0;0.0;5.3;8.4;11.2;1.2;0.0;0.0;0.0;5.3;0.3;888.0
Apuiarés;APUIARES;-3.95;-39.433305555556;2013;5;106.6;0.0;2.2;0.0;0.0;0.0;0.0;0.0;0.0;0.0;0.0;0.0;0.0;0.0;0.0;23.3;10.0;0.0;0.0;71.1;0.0;0.0;0.0;0.0;0.0;0.0;0.0;0.0;0.0;0.0;0.0;0.0
Apuiarés;APUIARES;-3.95;-39.433305555556;2013;6;21.5;0.0;0.0;0.0;0.0;0.0;3.3;0.0;0.0;0.0;0.0;0.0;0.0;0.0;6.0;0.0;0.0;0.0;0.0;0.0;0.0;0.0;0.0;0.0;0.0;0.0;0.0;0.0;0.0;12.2;0.0;888.0
Apuiarés;APUIARES;-3.95;-39.433305555556;2013;7;10.1;0.0;0.0;0.0;0.0;10.1;0.0;0.0;0.0;0.0;0.0;0.0;0.0;0.0;0.0;0.0;0.0;0.0;0.0;0.0;0.0;0.0;0.0;0.0;0.0;0.0;0.0;0.0;0.0;0.0;0.0;0.0
Apuiarés;APUIARES;-3.95;-39.433305555556;2013;8;0.0;0.0;0.0;0.0;0.0;0.0;0.0;0.0;0.0;0.0;0.0;0.0;0.0;0.0;0.0;0.0;0.0;0.0;0.0;0.0;0.0;0.0;0.0;0.0;0.0;0.0;0.0;0.0;0.0;0.0;0.0;0.0
Apuiarés;APUIARES;-3.95;-39.433305555556;2013;9;0.0;0.0;0.0;0.0;0.0;0.0;0.0;0.0;0.0;0.0;0.0;0.0;0.0;0.0;0.0;0.0;0.0;0.0;0.0;0.0;0.0;0.0;0.0;0.0;0.0;0.0;0.0;0.0;0.0;0.0;0.0;888.0
Apuiarés;APUIARES;-3.95;-39.433305555556;2013;10;0.0;0.0;0.0;0.0;0.0;0.0;0.0;0.0;0.0;0.0;0.0;0.0;0.0;0.0;0.0;0.0;0.0;0.0;0.0;0.0;0.0;0.0;0.0;0.0;0.0;0.0;0.0;0.0;0.0;0.0;0.0;0.0
Apuiarés;APUIARES;-3.95;-39.433305555556;2013;11;0.0;0.0;0.0;0.0;0.0;0.0;0.0;0.0;0.0;0.0;0.0;0.0;0.0;0.0;0.0;0.0;0.0;0.0;0.0;0.0;0.0;0.0;0.0;0.0;0.0;0.0;0.0;0.0;0.0;0.0;0.0;888.0
Apuiarés;APUIARES;-3.95;-39.433305555556;2013;12;12.0;0.0;0.0;0.0;0.0;0.0;0.0;0.0;0.0;0.0;0.0;0.0;0.0;0.0;0.0;0.0;0.0;0.0;0.0;0.0;0.0;12.0;0.0;0.0;0.0;0.0;0.0;0.0;0.0;0.0;0.0;0.0
Apuiarés;APUIARES;-3.95;-39.433305555556;2014;1;64.6;0.0;0.0;0.0;10.0;0.0;0.0;0.0;0.0;0.0;0.0;0.0;0.0;20.1;8.5;0.0;0.0;0.0;3.2;0.0;0.0;0.0;0.0;0.0;0.0;0.0;0.0;0.0;0.0;0.0;13.4;9.4
Apuiarés;APUIARES;-3.95;-39.433305555556;2014;2;70.0;0.0;0.0;0.0;0.0;0.0;0.0;0.0;0.0;0.0;11.3;0.0;0.0;0.0;35.4;0.0;0.0;8.1;0.0;0.0;1.0;11.0;0.0;0.0;0.0;1.3;0.0;1.9;0.0;888.0;888.0;888.0
Apuiarés;APUIARES;-3.95;-39.433305555556;2014;3;162.6;1.3;0.0;0.0;0.0;5.2;1.2;31.3;0.0;0.0;0.0;21.0;0.0;3.4;26.2;0.0;0.0;8.3;0.0;13.0;0.0;0.0;0.0;0.0;0.0;0.0;2.0;0.0;0.0;7.1;6.3;36.3
Apuiarés;APUIARES;-3.95;-39.433305555556;2014;4;64.6;6.1;1.0;0.0;10.1;0.0;8.9;5.2;0.0;5.4;1.0;1.3;0.0;0.0;0.0;0.0;0.0;0.0;0.0;0.0;0.0;0.0;0.0;12.3;0.0;0.0;0.0;0.0;6.3;7.0;0.0;888.0
Apuiarés;APUIARES;-3.95;-39.433305555556;2014;5;36.9;0.0;0.0;0.0;0.0;0.0;0.0;0.0;0.0;0.0;0.0;0.0;8.3;0.0;0.0;4.0;0.0;1.4;0.0;0.0;0.0;0.0;0.0;20.0;0.0;0.0;0.0;0.0;0.0;3.2;0.0;0.0
Apuiarés;APUIARES;-3.95;-39.433305555556;2014;6;4.4;0.0;0.0;0.0;0.0;0.0;0.0;0.0;0.0;0.0;0.0;4.4;0.0;0.0;0.0;0.0;0.0;0.0;0.0;0.0;0.0;0.0;0.0;0.0;0.0;0.0;0.0;0.0;0.0;0.0;0.0;888.0
Apuiarés;APUIARES;-3.95;-39.433305555556;2014;7;8.0;0.0;0.0;0.0;0.0;0.0;0.0;0.0;0.0;0.0;0.0;0.0;0.0;0.0;0.0;0.0;0.0;0.0;0.0;0.0;0.0;0.0;8.0;0.0;0.0;0.0;0.0;0.0;0.0;0.0;0.0;0.0
Apuiarés;APUIARES;-3.95;-39.433305555556;2014;8;0.0;0.0;0.0;0.0;0.0;0.0;0.0;0.0;0.0;0.0;0.0;0.0;0.0;0.0;0.0;0.0;0.0;0.0;0.0;0.0;0.0;0.0;0.0;0.0;0.0;0.0;0.0;0.0;0.0;0.0;0.0;0.0
Apuiarés;APUIARES;-3.95;-39.433305555556;2014;9;0.0;0.0;0.0;0.0;0.0;0.0;0.0;0.0;0.0;0.0;0.0;0.0;0.0;0.0;0.0;0.0;0.0;0.0;0.0;0.0;0.0;0.0;0.0;0.0;0.0;0.0;0.0;0.0;0.0;0.0;0.0;888.0
Apuiarés;APUIARES;-3.95;-39.433305555556;2014;10;0.0;0.0;0.0;0.0;0.0;0.0;0.0;0.0;0.0;0.0;0.0;0.0;0.0;0.0;0.0;0.0;0.0;0.0;0.0;0.0;0.0;0.0;0.0;0.0;0.0;0.0;0.0;0.0;0.0;0.0;0.0;0.0
Apuiarés;APUIARES;-3.95;-39.433305555556;2014;11;0.0;0.0;0.0;0.0;0.0;0.0;0.0;0.0;0.0;0.0;0.0;0.0;0.0;0.0;0.0;0.0;0.0;0.0;0.0;0.0;0.0;0.0;0.0;0.0;0.0;0.0;0.0;0.0;0.0;0.0;0.0;888.0
Apuiarés;APUIARES;-3.95;-39.433305555556;2014;12;0.0;0.0;0.0;0.0;0.0;0.0;0.0;0.0;0.0;0.0;0.0;0.0;0.0;0.0;0.0;0.0;0.0;0.0;0.0;0.0;0.0;0.0;0.0;0.0;0.0;0.0;0.0;0.0;0.0;0.0;0.0;0.0
Apuiarés;APUIARES;-3.95;-39.433305555556;2015;1;12.0;0.0;0.0;0.0;0.0;12.0;0.0;0.0;0.0;0.0;0.0;0.0;0.0;0.0;0.0;0.0;0.0;0.0;0.0;0.0;0.0;0.0;0.0;0.0;0.0;0.0;0.0;0.0;0.0;0.0;0.0;0.0
Apuiarés;APUIARES;-3.95;-39.433305555556;2015;2;68.1;0.0;0.0;2.0;10.1;3.4;0.0;0.0;0.0;0.0;0.0;0.0;0.0;0.0;0.0;0.0;0.0;0.0;0.0;4.2;20.4;0.0;0.0;7.0;2.0;0.0;19.0;0.0;0.0;888.0;888.0;888.0
Apuiarés;APUIARES;-3.95;-39.433305555556;2015;3;228.1;0.0;3.2;28.3;0.0;0.0;8.2;41.0;0.0;5.3;1.9;0.2;0.0;0.0;0.0;0.0;6.1;2.1;0.0;0.0;0.0;13.4;12.0;12.0;0.0;0.0;0.0;43.3;15.3;0.0;18.4;17.4
Apuiarés;APUIARES;-3.95;-39.433305555556;2015;4;164.8;23.4;16.4;0.0;0.0;50.0;0.0;0.0;6.2;0.0;12.0;0.0;0.0;12.4;16.4;3.0;0.0;0.0;0.0;0.0;0.0;0.0;0.0;0.0;0.0;0.0;0.0;0.0;0.0;0.0;25.0;888.0
Apuiarés;APUIARES;-3.95;-39.433305555556;2015;5;0.0;0.0;0.0;0.0;0.0;0.0;0.0;0.0;0.0;0.0;0.0;0.0;0.0;0.0;0.0;0.0;0.0;0.0;0.0;0.0;0.0;0.0;0.0;0.0;0.0;0.0;0.0;0.0;0.0;0.0;0.0;0.0
Apuiarés;APUIARES;-3.95;-39.433305555556;2015;6;45.0;0.0;0.0;0.0;6.0;0.0;0.0;0.0;39.0;0.0;0.0;0.0;0.0;0.0;0.0;0.0;0.0;0.0;0.0;0.0;0.0;0.0;0.0;0.0;0.0;0.0;0.0;0.0;0.0;0.0;0.0;888.0
Apuiarés;APUIARES;-3.95;-39.433305555556;2015;7;13.1;0.0;0.0;13.1;0.0;0.0;0.0;0.0;0.0;0.0;0.0;0.0;0.0;0.0;0.0;0.0;0.0;0.0;0.0;0.0;0.0;0.0;0.0;0.0;0.0;0.0;0.0;0.0;0.0;0.0;0.0;0.0
Apuiarés;APUIARES;-3.95;-39.433305555556;2015;8;0.0;0.0;0.0;0.0;0.0;0.0;0.0;0.0;0.0;0.0;0.0;0.0;0.0;0.0;0.0;0.0;0.0;0.0;0.0;0.0;0.0;0.0;0.0;0.0;0.0;0.0;0.0;0.0;0.0;0.0;0.0;0.0
Apuiarés;APUIARES;-3.95;-39.433305555556;2015;9;0.0;0.0;0.0;0.0;0.0;0.0;0.0;0.0;0.0;0.0;0.0;0.0;0.0;0.0;0.0;0.0;0.0;0.0;0.0;0.0;0.0;0.0;0.0;0.0;0.0;0.0;0.0;0.0;0.0;0.0;0.0;888.0
Apuiarés;APUIARES;-3.95;-39.433305555556;2015;10;0.0;0.0;0.0;0.0;0.0;0.0;0.0;0.0;0.0;0.0;0.0;0.0;0.0;0.0;0.0;0.0;0.0;0.0;0.0;0.0;0.0;0.0;0.0;0.0;0.0;0.0;0.0;0.0;0.0;0.0;0.0;0.0
Apuiarés;APUIARES;-3.95;-39.433305555556;2015;11;0.0;0.0;0.0;0.0;0.0;0.0;0.0;0.0;0.0;0.0;0.0;0.0;0.0;0.0;0.0;0.0;0.0;0.0;0.0;0.0;0.0;0.0;0.0;0.0;0.0;0.0;0.0;0.0;0.0;0.0;0.0;888.0
Apuiarés;APUIARES;-3.95;-39.433305555556;2015;12;5.9;0.0;0.0;0.0;0.0;0.0;0.0;0.0;5.9;0.0;0.0;0.0;0.0;0.0;0.0;0.0;0.0;0.0;0.0;0.0;0.0;0.0;0.0;0.0;0.0;0.0;0.0;0.0;0.0;0.0;0.0;0.0
Apuiarés;APUIARES;-3.95;-39.433305555556;2016;1;163.0;0.0;0.0;0.0;0.0;0.0;0.0;0.0;5.9;51.8;0.4;16.0;0.0;0.0;0.0;0.0;0.0;0.0;2.4;37.8;0.0;6.8;23.1;0.0;10.0;1.2;3.5;0.0;0.0;0.0;0.0;4.1
Apuiarés;APUIARES;-3.95;-39.433305555556;2016;2;94.6;0.0;37.0;3.0;1.8;0.0;0.0;0.0;0.0;0.0;0.0;0.0;0.0;0.0;0.0;0.0;0.0;0.0;0.0;34.0;5.4;0.0;0.0;0.0;0.0;13.4;0.0;0.0;0.0;0.0;888.0;888.0
Apuiarés;APUIARES;-3.95;-39.433305555556;2016;3;240.2;0.0;0.0;0.0;24.0;0.0;0.0;0.0;0.0;19.0;6.4;27.4;0.0;6.0;0.0;0.0;17.0;0.0;12.0;0.0;0.0;0.0;0.0;5.6;0.0;0.0;0.0;4.8;83.8;0.0;20.6;13.6
Apuiarés;APUIARES;-3.95;-39.433305555556;2016;4;78.8;5.8;0.0;8.0;6.0;0.0;1.2;7.4;5.0;0.0;0.0;12.2;33.2;0.0;0.0;0.0;0.0;0.0;0.0;0.0;0.0;0.0;0.0;0.0;0.0;0.0;0.0;0.0;0.0;0.0;0.0;888.0
Apuiarés;APUIARES;-3.95;-39.433305555556;2016;5;39.2;0.0;0.0;12.0;0.0;0.0;0.0;0.0;0.0;0.0;6.4;0.0;8.6;0.0;0.0;0.0;0.0;0.0;0.0;0.0;0.0;0.0;0.0;0.0;0.0;0.0;0.0;0.0;0.0;0.0;0.0;12.2
Apuiarés;APUIARES;-3.95;-39.433305555556;2016;6;23.0;0.0;0.0;0.0;1.2;0.0;7.8;14.0;0.0;0.0;0.0;0.0;0.0;0.0;0.0;0.0;0.0;0.0;0.0;0.0;0.0;0.0;0.0;0.0;0.0;0.0;0.0;0.0;0.0;0.0;0.0;888.0
Apuiarés;APUIARES;-3.95;-39.433305555556;2016;7;0.0;0.0;0.0;0.0;0.0;0.0;0.0;0.0;0.0;0.0;0.0;0.0;0.0;0.0;0.0;0.0;0.0;0.0;0.0;0.0;0.0;0.0;0.0;0.0;0.0;0.0;0.0;0.0;0.0;0.0;0.0;0.0
Apuiarés;APUIARES;-3.95;-39.433305555556;2016;8;0.0;0.0;0.0;0.0;0.0;0.0;0.0;0.0;0.0;0.0;0.0;0.0;0.0;0.0;0.0;0.0;0.0;0.0;0.0;0.0;0.0;0.0;0.0;0.0;0.0;0.0;0.0;0.0;0.0;0.0;0.0;0.0
Apuiarés;APUIARES;-3.95;-39.433305555556;2016;9;0.0;0.0;0.0;0.0;0.0;0.0;0.0;0.0;0.0;0.0;0.0;0.0;0.0;0.0;0.0;0.0;0.0;0.0;0.0;999.0;0.0;0.0;0.0;0.0;0.0;0.0;0.0;0.0;0.0;0.0;0.0;888.0
Apuiarés;APUIARES;-3.95;-39.433305555556;2016;10;0.0;0.0;0.0;0.0;0.0;0.0;0.0;0.0;0.0;0.0;0.0;0.0;0.0;0.0;0.0;0.0;0.0;0.0;0.0;0.0;0.0;0.0;0.0;0.0;0.0;0.0;0.0;0.0;0.0;0.0;0.0;0.0
Apuiarés;APUIARES;-3.95;-39.433305555556;2016;11;0.0;0.0;0.0;0.0;0.0;0.0;0.0;0.0;0.0;0.0;0.0;0.0;0.0;0.0;0.0;0.0;0.0;0.0;0.0;0.0;0.0;0.0;999.0;0.0;0.0;0.0;0.0;0.0;0.0;0.0;0.0;888.0
Apuiarés;APUIARES;-3.95;-39.433305555556;2016;12;16.3;0.0;0.0;0.0;0.0;0.0;0.0;0.0;0.0;0.0;0.0;0.0;0.0;0.0;0.0;0.0;0.0;0.0;0.0;0.0;0.0;0.0;0.0;0.0;0.0;0.0;0.0;0.0;0.0;0.0;0.0;16.3
Apuiarés;APUIARES;-3.95;-39.433305555556;2017;1;32.9;0.0;0.0;0.0;0.0;0.0;0.0;0.0;0.0;0.0;0.0;3.0;0.0;0.0;0.0;0.0;0.0;0.0;0.0;10.6;6.0;0.0;0.0;4.5;0.0;0.0;0.0;0.0;0.0;8.8;0.0;0.0
Apuiarés;APUIARES;-3.95;-39.433305555556;2017;2;170.0;0.0;3.0;0.0;0.0;0.0;0.0;0.0;0.0;0.0;0.0;55.0;2.0;6.0;0.0;0.0;0.0;0.0;0.0;0.0;9.6;1.8;0.0;0.0;0.0;0.0;0.0;21.4;71.2;888.0;888.0;888.0
Apuiarés;APUIARES;-3.95;-39.433305555556;2017;3;228.5;0.0;7.0;37.0;0.0;34.0;10.0;0.0;0.0;20.0;0.0;0.0;4.5;0.0;0.0;0.0;0.0;25.4;0.0;12.2;0.0;0.0;27.0;0.0;0.0;0.0;0.0;10.0;23.0;0.0;0.0;18.4
Apuiarés;APUIARES;-3.95;-39.433305555556;2017;4;132.4;8.2;0.0;0.0;0.0;0.0;12.0;0.0;0.0;0.0;0.0;26.0;5.0;1.6;19.0;0.0;0.0;0.0;0.0;0.0;0.0;8.0;0.0;7.6;25.0;0.0;0.0;0.0;0.0;20.0;0.0;888.0
Apuiarés;APUIARES;-3.95;-39.433305555556;2017;5;125.4;0.0;0.0;0.0;18.8;0.0;0.0;0.0;3.2;18.4;0.0;0.0;0.0;0.0;0.0;0.0;0.0;0.0;0.0;0.0;0.0;0.0;0.0;0.0;0.0;0.0;0.0;0.0;0.0;43.0;19.0;23.0
Apuiarés;APUIARES;-3.95;-39.433305555556;2017;6;16.4;0.0;0.0;0.0;0.0;0.0;0.0;0.0;0.0;0.0;0.0;0.0;12.0;0.0;0.0;0.0;0.0;0.0;0.0;4.4;0.0;0.0;0.0;0.0;0.0;0.0;0.0;0.0;0.0;0.0;0.0;888.0
Apuiarés;APUIARES;-3.95;-39.433305555556;2017;7;28.7;0.0;17.0;0.0;0.0;0.0;0.0;0.0;0.0;0.0;0.0;0.0;0.0;0.0;0.0;0.0;0.0;0.0;0.0;0.0;0.0;0.0;7.2;4.5;0.0;0.0;0.0;0.0;0.0;0.0;0.0;0.0
Apuiarés;APUIARES;-3.95;-39.433305555556;2017;8;0.0;0.0;0.0;0.0;0.0;0.0;0.0;0.0;0.0;0.0;0.0;0.0;0.0;0.0;0.0;0.0;0.0;0.0;0.0;0.0;0.0;0.0;0.0;0.0;0.0;0.0;0.0;0.0;0.0;0.0;0.0;0.0
Apuiarés;APUIARES;-3.95;-39.433305555556;2017;9;0.0;0.0;0.0;0.0;0.0;0.0;0.0;0.0;0.0;0.0;0.0;0.0;0.0;0.0;0.0;0.0;0.0;0.0;0.0;0.0;0.0;0.0;0.0;0.0;0.0;0.0;0.0;0.0;0.0;0.0;0.0;888.0
Apuiarés;APUIARES;-3.95;-39.433305555556;2017;10;0.0;0.0;0.0;0.0;0.0;0.0;0.0;0.0;0.0;0.0;0.0;0.0;0.0;0.0;0.0;0.0;0.0;0.0;0.0;0.0;0.0;0.0;0.0;0.0;0.0;0.0;0.0;0.0;0.0;0.0;0.0;0.0
Apuiarés;APUIARES;-3.95;-39.433305555556;2017;11;0.0;0.0;0.0;0.0;0.0;0.0;0.0;0.0;0.0;0.0;0.0;0.0;0.0;0.0;0.0;0.0;0.0;0.0;0.0;0.0;0.0;0.0;0.0;0.0;0.0;0.0;0.0;0.0;0.0;0.0;0.0;888.0
Apuiarés;APUIARES;-3.95;-39.433305555556;2017;12;0.0;0.0;0.0;0.0;0.0;0.0;0.0;0.0;0.0;0.0;0.0;0.0;0.0;0.0;0.0;0.0;0.0;0.0;0.0;0.0;0.0;0.0;0.0;0.0;0.0;0.0;0.0;0.0;0.0;0.0;0.0;0.0
Apuiarés;APUIARES;-3.95;-39.433305555556;2018;1;25.5;0.0;0.0;0.0;0.0;0.0;0.0;0.0;0.0;0.0;0.0;0.0;0.0;0.0;0.0;0.0;0.0;0.0;0.0;0.0;0.0;10.1;0.0;0.0;0.0;0.0;0.0;15.4;0.0;0.0;0.0;0.0
Apuiarés;APUIARES;-3.95;-39.433305555556;2018;2;100.0;0.0;0.0;0.0;0.0;11.1;5.8;8.8;10.2;0.0;0.0;0.0;0.0;12.0;8.6;25.0;0.0;0.0;0.0;7.2;5.3;6.0;0.0;0.0;0.0;0.0;0.0;0.0;0.0;888.0;888.0;888.0
Apuiarés;APUIARES;-3.95;-39.433305555556;2018;3;117.5;0.0;7.5;0.0;0.0;7.0;0.0;0.0;0.0;8.2;0.0;5.5;0.0;0.0;5.0;0.0;0.0;0.0;0.0;4.2;0.0;0.0;0.0;23.7;0.0;0.0;0.0;48.6;1.3;6.5;0.0;0.0
Apuiarés;APUIARES;-3.95;-39.433305555556;2018;4;214.9;0.0;0.0;0.0;0.0;31.2;0.0;13.0;2.5;0.0;23.6;5.0;12.6;5.8;0.0;0.0;40.0;49.2;0.0;0.0;5.4;4.1;0.0;0.0;0.0;0.0;0.0;0.0;5.3;7.2;10.0;888.0
Apuiarés;APUIARES;-3.95;-39.433305555556;2018;5;74.2;4.6;1.5;0.0;0.0;0.0;0.0;0.0;0.0;0.0;44.1;0.0;5.3;0.0;4.0;0.0;0.0;0.0;14.7;0.0;0.0;0.0;0.0;0.0;0.0;0.0;0.0;0.0;0.0;0.0;0.0;0.0
Apuiarés;APUIARES;-3.95;-39.433305555556;2018;6;0.0;0.0;0.0;0.0;0.0;0.0;0.0;0.0;0.0;0.0;0.0;0.0;0.0;0.0;0.0;0.0;0.0;0.0;0.0;0.0;0.0;0.0;0.0;0.0;0.0;0.0;0.0;0.0;0.0;0.0;0.0;888.0
Apuiarés;APUIARES;-3.95;-39.433305555556;2018;7;24.6;0.0;0.0;0.0;0.0;0.0;0.0;0.0;14.0;0.0;10.6;0.0;0.0;0.0;0.0;0.0;0.0;0.0;0.0;0.0;0.0;0.0;0.0;0.0;0.0;0.0;0.0;0.0;0.0;0.0;0.0;0.0
Apuiarés;APUIARES;-3.95;-39.433305555556;2018;8;0.0;0.0;0.0;0.0;0.0;0.0;0.0;0.0;0.0;0.0;0.0;0.0;0.0;0.0;0.0;0.0;0.0;0.0;0.0;0.0;0.0;0.0;0.0;0.0;0.0;0.0;0.0;0.0;0.0;0.0;0.0;0.0
Apuiarés;APUIARES;-3.95;-39.433305555556;2018;9;0.0;0.0;0.0;0.0;0.0;0.0;0.0;0.0;0.0;0.0;0.0;0.0;0.0;0.0;0.0;0.0;0.0;0.0;0.0;999.0;999.0;999.0;999.0;999.0;999.0;999.0;999.0;999.0;999.0;999.0;999.0;888.0
