Municipios;Postos;Latitude;Longitude;Anos;Meses;Total;Dia1;Dia2;Dia3;Dia4;Dia5;Dia6;Dia7;Dia8;Dia9;Dia10;Dia11;Dia12;Dia13;Dia14;Dia15;Dia16;Dia17;Dia18;Dia19;Dia20;Dia21;Dia22;Dia23;Dia24;Dia25;Dia26;Dia27;Dia28;Dia29;Dia30;Dia31
Paracuru;PARACURU;-3.4301666666667;-39.035972222222;1977;1;175.7;5.3;8.0;0.0;1.0;0.0;0.0;1.2;0.0;0.0;16.0;0.0;0.0;0.0;14.3;0.0;0.0;3.2;0.0;12.0;0.0;0.0;75.2;0.0;0.0;0.0;32.3;0.0;0.0;0.0;0.0;7.2
Paracuru;PARACURU;-3.4301666666667;-39.035972222222;1977;2;83.6;0.0;3.1;0.0;0.0;2.2;4.1;0.0;12.1;0.0;3.3;4.0;12.2;0.0;0.0;0.0;0.0;0.0;1.0;0.0;2.0;0.0;15.1;0.0;5.2;18.3;1.0;0.0;0.0;888.0;888.0;888.0
Paracuru;PARACURU;-3.4301666666667;-39.035972222222;1977;3;253.2;0.0;0.0;0.0;3.2;11.1;3.2;11.3;0.0;9.4;0.0;18.2;6.0;0.0;21.0;14.2;10.0;0.0;15.3;4.2;28.3;5.2;3.5;1.3;0.0;0.0;0.0;15.2;6.3;25.1;35.2;6.0
Paracuru;PARACURU;-3.4301666666667;-39.035972222222;1977;4;329.4;19.1;0.0;0.0;42.1;28.3;0.0;82.2;0.0;23.2;0.0;6.3;2.1;0.0;2.0;5.3;4.2;11.1;1.2;0.0;0.0;17.3;0.0;1.2;24.2;3.1;50.2;0.0;2.1;4.2;0.0;888.0
Paracuru;PARACURU;-3.4301666666667;-39.035972222222;1977;5;197.4;1.2;0.0;38.4;0.0;0.0;5.2;0.0;2.1;0.0;0.0;0.0;2.3;8.0;37.2;29.1;1.0;3.2;0.0;8.2;0.0;2.0;50.2;6.3;0.0;0.0;2.0;0.0;0.0;1.0;0.0;0.0
Paracuru;PARACURU;-3.4301666666667;-39.035972222222;1977;6;241.6;44.2;29.3;17.2;10.2;17.3;3.2;0.0;15.2;0.0;17.3;0.0;0.0;0.0;0.0;2.0;0.0;7.3;0.0;3.1;21.3;35.2;0.0;7.3;8.2;1.2;0.0;0.0;0.0;2.1;0.0;888.0
Paracuru;PARACURU;-3.4301666666667;-39.035972222222;1977;7;97.6;0.0;0.0;0.0;0.0;31.2;0.0;2.3;3.1;0.0;5.3;10.2;0.0;0.0;0.0;0.0;0.0;35.2;0.0;0.0;0.0;0.0;0.0;0.0;0.0;10.3;0.0;0.0;0.0;0.0;0.0;0.0
Paracuru;PARACURU;-3.4301666666667;-39.035972222222;1977;8;0.0;0.0;0.0;0.0;0.0;0.0;0.0;0.0;0.0;0.0;0.0;0.0;0.0;0.0;0.0;0.0;0.0;0.0;0.0;0.0;0.0;0.0;0.0;0.0;0.0;0.0;0.0;0.0;0.0;0.0;0.0;0.0
Paracuru;PARACURU;-3.4301666666667;-39.035972222222;1977;9;3.2;0.0;0.0;0.0;0.0;0.0;0.0;0.0;0.0;0.0;0.0;0.0;0.0;0.0;0.0;0.0;0.0;0.0;0.0;0.0;0.0;0.0;3.2;0.0;0.0;0.0;0.0;0.0;0.0;0.0;0.0;888.0
Paracuru;PARACURU;-3.4301666666667;-39.035972222222;1977;10;1.2;0.0;0.0;0.0;0.0;0.0;0.0;0.0;0.0;0.0;1.2;0.0;0.0;0.0;0.0;0.0;0.0;0.0;0.0;0.0;0.0;0.0;0.0;0.0;0.0;0.0;0.0;0.0;0.0;0.0;0.0;0.0
Paracuru;PARACURU;-3.4301666666667;-39.035972222222;1977;11;0.0;0.0;0.0;0.0;0.0;0.0;0.0;0.0;0.0;0.0;0.0;0.0;0.0;0.0;0.0;0.0;0.0;0.0;0.0;0.0;0.0;0.0;0.0;0.0;0.0;0.0;0.0;0.0;0.0;0.0;0.0;888.0
Paracuru;PARACURU;-3.4301666666667;-39.035972222222;1977;12;0.0;0.0;0.0;0.0;0.0;0.0;0.0;0.0;0.0;0.0;0.0;0.0;0.0;0.0;0.0;0.0;0.0;0.0;0.0;0.0;0.0;0.0;0.0;0.0;0.0;0.0;0.0;0.0;0.0;0.0;0.0;0.0
Paracuru;PARACURU;-3.4301666666667;-39.035972222222;1978;1;3.0;0.0;0.0;0.0;0.0;0.0;1.0;2.0;0.0;0.0;0.0;0.0;0.0;0.0;0.0;0.0;0.0;0.0;0.0;0.0;0.0;0.0;0.0;0.0;0.0;0.0;0.0;0.0;0.0;0.0;0.0;0.0
Paracuru;PARACURU;-3.4301666666667;-39.035972222222;1978;2;150.0;0.0;0.0;0.0;0.0;0.0;0.0;0.0;0.0;0.0;2.3;62.2;75.3;0.0;0.0;10.2;0.0;0.0;0.0;0.0;0.0;0.0;0.0;0.0;0.0;0.0;0.0;0.0;0.0;888.0;888.0;888.0
Paracuru;PARACURU;-3.4301666666667;-39.035972222222;1978;3;72.0;5.4;3.2;0.0;2.1;0.0;0.0;0.0;0.0;0.0;14.2;0.0;0.0;15.3;20.1;0.0;0.0;0.0;0.0;0.0;0.0;1.2;2.3;0.0;0.0;0.0;0.0;0.0;0.0;0.0;0.0;8.2
Paracuru;PARACURU;-3.4301666666667;-39.035972222222;1978;4;88.9;3.4;20.3;0.0;0.0;0.0;0.0;0.0;0.0;10.3;38.0;0.0;3.1;0.0;2.3;0.0;0.0;0.0;1.2;10.3;0.0;0.0;0.0;0.0;0.0;0.0;0.0;0.0;0.0;0.0;0.0;888.0
Paracuru;PARACURU;-3.4301666666667;-39.035972222222;1978;5;214.7;4.2;0.0;0.0;0.0;0.0;0.0;0.0;0.0;4.2;0.0;28.1;1.2;65.2;5.3;3.2;0.0;0.0;0.0;0.0;33.2;28.3;25.1;4.2;0.0;0.0;0.0;5.2;3.1;0.0;0.0;4.2
Paracuru;PARACURU;-3.4301666666667;-39.035972222222;1978;6;104.5;0.0;2.1;0.0;0.0;0.0;4.2;0.0;0.0;2.0;0.0;0.0;20.3;0.0;0.0;3.2;7.1;0.0;0.0;46.3;0.0;1.0;0.0;0.0;0.0;0.0;8.2;0.0;10.1;0.0;0.0;888.0
Paracuru;PARACURU;-3.4301666666667;-39.035972222222;1978;7;141.8;25.3;0.0;0.0;0.0;0.0;18.3;0.0;4.2;0.0;0.0;16.1;3.2;25.3;0.0;8.2;0.0;41.2;0.0;0.0;0.0;0.0;0.0;0.0;0.0;0.0;0.0;0.0;0.0;0.0;0.0;0.0
Paracuru;PARACURU;-3.4301666666667;-39.035972222222;1978;8;0.0;0.0;0.0;0.0;0.0;0.0;0.0;0.0;0.0;0.0;0.0;0.0;0.0;0.0;0.0;0.0;0.0;0.0;0.0;0.0;0.0;0.0;0.0;0.0;0.0;0.0;0.0;0.0;0.0;0.0;0.0;0.0
Paracuru;PARACURU;-3.4301666666667;-39.035972222222;1978;9;8.2;0.0;0.0;0.0;0.0;0.0;8.2;0.0;0.0;0.0;0.0;0.0;0.0;0.0;0.0;0.0;0.0;0.0;0.0;0.0;0.0;0.0;0.0;0.0;0.0;0.0;0.0;0.0;0.0;0.0;0.0;888.0
Paracuru;PARACURU;-3.4301666666667;-39.035972222222;1978;10;0.0;0.0;0.0;0.0;0.0;0.0;0.0;0.0;0.0;0.0;0.0;0.0;0.0;0.0;0.0;0.0;0.0;0.0;0.0;0.0;0.0;0.0;0.0;0.0;0.0;0.0;0.0;0.0;0.0;0.0;0.0;0.0
Paracuru;PARACURU;-3.4301666666667;-39.035972222222;1978;11;0.0;0.0;0.0;0.0;0.0;0.0;0.0;0.0;0.0;0.0;0.0;0.0;0.0;0.0;0.0;0.0;0.0;0.0;0.0;0.0;0.0;0.0;0.0;0.0;0.0;0.0;0.0;0.0;0.0;0.0;0.0;888.0
Paracuru;PARACURU;-3.4301666666667;-39.035972222222;1978;12;0.0;0.0;0.0;0.0;0.0;0.0;0.0;0.0;0.0;0.0;0.0;0.0;0.0;0.0;0.0;0.0;0.0;0.0;0.0;0.0;0.0;0.0;0.0;0.0;0.0;0.0;0.0;0.0;0.0;0.0;0.0;0.0
Paracuru;PARACURU;-3.4301666666667;-39.035972222222;1979;1;6.2;0.0;0.0;0.0;0.0;0.0;0.0;0.0;0.0;0.0;0.0;0.0;0.0;0.0;0.0;0.0;0.0;0.0;0.0;0.0;2.1;0.0;0.0;4.1;0.0;0.0;0.0;0.0;0.0;0.0;0.0;0.0
Paracuru;PARACURU;-3.4301666666667;-39.035972222222;1979;2;61.6;0.0;0.0;0.0;0.0;0.0;0.0;0.0;0.0;0.0;0.0;0.0;0.0;0.0;0.0;0.0;0.0;0.0;0.0;0.0;0.0;0.0;2.1;10.3;0.0;12.0;0.0;0.0;37.2;888.0;888.0;888.0
Paracuru;PARACURU;-3.4301666666667;-39.035972222222;1979;3;150.4;15.2;0.0;0.0;0.0;31.2;0.0;0.0;0.0;0.0;2.1;0.0;11.2;20.3;0.0;7.2;6.3;0.0;0.0;0.0;0.0;3.1;3.2;0.0;15.3;0.0;0.0;0.0;20.2;15.1;0.0;0.0
Paracuru;PARACURU;-3.4301666666667;-39.035972222222;1979;4;178.8;12.2;0.0;0.0;0.0;0.0;0.0;0.0;0.0;0.0;0.0;0.0;5.4;0.0;0.0;0.0;0.0;0.0;0.0;47.3;12.3;49.2;13.2;0.0;5.0;0.0;0.0;34.2;0.0;0.0;0.0;888.0
Paracuru;PARACURU;-3.4301666666667;-39.035972222222;1979;5;279.8;12.3;0.0;0.0;0.0;0.0;0.0;0.0;21.3;0.0;28.2;48.3;25.2;0.0;19.3;40.2;0.0;32.1;10.2;0.0;10.1;1.2;0.0;0.0;25.2;0.0;0.0;0.0;0.0;0.0;6.2;0.0
Paracuru;PARACURU;-3.4301666666667;-39.035972222222;1979;6;51.5;0.0;0.0;0.0;0.0;0.0;0.0;0.0;0.0;0.0;10.2;0.0;0.0;0.0;0.0;39.2;0.0;0.0;0.0;0.0;2.1;0.0;0.0;0.0;0.0;0.0;0.0;0.0;0.0;0.0;0.0;888.0
Paracuru;PARACURU;-3.4301666666667;-39.035972222222;1979;7;3.2;0.0;0.0;0.0;0.0;0.0;0.0;0.0;0.0;0.0;0.0;0.0;0.0;0.0;0.0;0.0;0.0;0.0;0.0;0.0;3.2;0.0;0.0;0.0;0.0;0.0;0.0;0.0;0.0;0.0;0.0;0.0
Paracuru;PARACURU;-3.4301666666667;-39.035972222222;1979;8;2.3;0.0;0.0;0.0;0.0;0.0;0.0;0.0;0.0;0.0;0.0;0.0;0.0;0.0;0.0;0.0;0.0;0.0;0.0;0.0;0.0;0.0;0.0;2.3;0.0;0.0;0.0;0.0;0.0;0.0;0.0;0.0
Paracuru;PARACURU;-3.4301666666667;-39.035972222222;1979;9;3.5;0.0;0.0;0.0;0.0;0.0;2.4;0.0;0.0;0.0;1.1;0.0;0.0;0.0;0.0;0.0;0.0;0.0;0.0;0.0;0.0;0.0;0.0;0.0;0.0;0.0;0.0;0.0;0.0;0.0;0.0;888.0
Paracuru;PARACURU;-3.4301666666667;-39.035972222222;1979;10;4.5;0.0;0.0;0.0;0.0;0.0;0.0;0.0;0.0;0.0;0.0;0.0;0.0;0.0;0.0;0.0;0.0;0.0;0.0;0.0;0.0;0.0;2.3;0.0;2.2;0.0;0.0;0.0;0.0;0.0;0.0;0.0
Paracuru;PARACURU;-3.4301666666667;-39.035972222222;1979;11;3.2;0.0;0.0;0.0;0.0;0.0;0.0;0.0;0.0;0.0;0.0;0.0;0.0;0.0;0.0;0.0;0.0;0.0;0.0;3.2;0.0;0.0;0.0;0.0;0.0;0.0;0.0;0.0;0.0;0.0;0.0;888.0
Paracuru;PARACURU;-3.4301666666667;-39.035972222222;1979;12;3.1;0.0;0.0;0.0;3.1;0.0;0.0;0.0;0.0;0.0;0.0;0.0;0.0;0.0;0.0;0.0;0.0;0.0;0.0;0.0;0.0;0.0;0.0;0.0;0.0;0.0;0.0;0.0;0.0;0.0;0.0;0.0
Paracuru;PARACURU;-3.4301666666667;-39.035972222222;1980;1;239.0;0.0;0.0;0.0;0.0;0.0;2.6;0.0;3.1;0.0;1.2;0.0;0.0;0.0;38.3;2.1;115.3;0.0;0.0;73.2;0.0;0.0;0.0;3.2;0.0;0.0;0.0;0.0;0.0;0.0;0.0;0.0
Paracuru;PARACURU;-3.4301666666667;-39.035972222222;1980;2;373.5;0.0;0.0;0.0;0.0;0.0;0.0;0.0;0.0;3.1;25.2;6.2;0.0;0.0;2.1;5.2;25.3;0.0;0.0;28.2;75.3;4.2;28.3;76.2;5.5;0.0;28.2;25.3;0.0;35.2;888.0;888.0
Paracuru;PARACURU;-3.4301666666667;-39.035972222222;1980;3;160.0;0.0;0.0;0.0;0.0;5.2;19.3;45.2;0.0;0.0;0.0;0.0;4.3;5.2;3.2;0.0;0.0;41.2;0.0;0.0;0.0;1.2;0.0;0.0;35.2;0.0;0.0;0.0;0.0;0.0;0.0;0.0
Paracuru;PARACURU;-3.4301666666667;-39.035972222222;1980;4;27.1;0.0;0.0;0.0;0.0;0.0;0.0;0.0;0.0;0.0;0.0;0.0;0.0;0.0;0.0;0.0;5.3;4.3;0.0;0.0;0.0;12.3;0.0;0.0;0.0;0.0;0.0;0.0;0.0;0.0;5.2;888.0
Paracuru;PARACURU;-3.4301666666667;-39.035972222222;1980;5;43.0;10.2;0.0;0.0;3.4;0.0;0.0;0.0;0.0;0.0;0.0;0.0;2.1;0.0;0.0;0.0;0.0;0.0;0.0;0.0;0.0;0.0;0.0;0.0;0.0;25.2;2.1;0.0;0.0;0.0;0.0;0.0
Paracuru;PARACURU;-3.4301666666667;-39.035972222222;1980;6;32.8;0.0;0.0;0.0;0.0;0.0;15.2;10.3;0.0;0.0;5.2;2.1;0.0;0.0;0.0;0.0;0.0;0.0;0.0;0.0;0.0;0.0;0.0;0.0;0.0;0.0;0.0;0.0;0.0;0.0;0.0;888.0
Paracuru;PARACURU;-3.4301666666667;-39.035972222222;1980;7;37.7;16.2;0.0;11.3;0.0;0.0;0.0;0.0;0.0;0.0;0.0;10.2;0.0;0.0;0.0;0.0;0.0;0.0;0.0;0.0;0.0;0.0;0.0;0.0;0.0;0.0;0.0;0.0;0.0;0.0;0.0;0.0
Paracuru;PARACURU;-3.4301666666667;-39.035972222222;1980;8;0.0;0.0;0.0;0.0;0.0;0.0;0.0;0.0;0.0;0.0;0.0;0.0;0.0;0.0;0.0;0.0;0.0;0.0;0.0;0.0;0.0;0.0;0.0;0.0;0.0;0.0;0.0;0.0;0.0;0.0;0.0;0.0
Paracuru;PARACURU;-3.4301666666667;-39.035972222222;1980;9;8.5;2.1;0.0;3.2;0.0;0.0;0.0;0.0;0.0;0.0;0.0;3.2;0.0;0.0;0.0;0.0;0.0;0.0;0.0;0.0;0.0;0.0;0.0;0.0;0.0;0.0;0.0;0.0;0.0;0.0;0.0;888.0
Paracuru;PARACURU;-3.4301666666667;-39.035972222222;1980;10;0.0;0.0;0.0;0.0;0.0;0.0;0.0;0.0;0.0;0.0;0.0;0.0;0.0;0.0;0.0;0.0;0.0;0.0;0.0;0.0;0.0;0.0;0.0;0.0;0.0;0.0;0.0;0.0;0.0;0.0;0.0;0.0
Paracuru;PARACURU;-3.4301666666667;-39.035972222222;1980;11;0.0;0.0;0.0;0.0;0.0;0.0;0.0;0.0;0.0;0.0;0.0;0.0;0.0;0.0;0.0;0.0;0.0;0.0;0.0;0.0;0.0;0.0;0.0;0.0;0.0;0.0;0.0;0.0;0.0;0.0;0.0;888.0
Paracuru;PARACURU;-3.4301666666667;-39.035972222222;1980;12;5.5;0.0;0.0;0.0;0.0;0.0;0.0;0.0;0.0;0.0;0.0;0.0;0.0;0.0;0.0;0.0;0.0;0.0;0.0;0.0;0.0;3.2;0.0;0.0;0.0;0.0;2.3;0.0;0.0;0.0;0.0;0.0
Paracuru;PARACURU;-3.4301666666667;-39.035972222222;1981;1;28.0;0.0;0.0;0.0;0.0;0.0;0.0;0.0;0.0;0.0;5.2;2.1;0.0;0.0;0.0;0.0;0.0;0.0;0.0;0.0;0.0;0.0;3.2;0.0;0.0;0.0;4.2;13.3;0.0;0.0;0.0;0.0
Paracuru;PARACURU;-3.4301666666667;-39.035972222222;1981;2;90.4;0.0;0.0;0.0;0.0;0.0;53.2;5.3;0.0;0.0;0.0;0.0;0.0;0.0;5.2;0.0;6.2;1.2;19.3;0.0;0.0;0.0;0.0;0.0;0.0;0.0;0.0;0.0;0.0;888.0;888.0;888.0
Paracuru;PARACURU;-3.4301666666667;-39.035972222222;1981;3;359.6;0.0;0.0;0.0;0.0;0.0;0.0;0.0;0.0;0.0;0.0;0.0;0.0;3.2;5.2;6.3;31.2;0.0;20.2;12.2;0.0;0.0;65.2;0.0;68.3;75.2;0.0;0.0;20.3;0.0;52.3;0.0
Paracuru;PARACURU;-3.4301666666667;-39.035972222222;1981;4;163.4;5.2;0.0;25.2;0.0;0.0;114.2;0.0;0.0;0.0;0.0;0.0;0.0;5.2;0.0;0.0;0.0;0.0;0.0;0.0;0.0;0.0;2.1;4.2;0.0;0.0;0.0;2.1;5.2;0.0;0.0;888.0
Paracuru;PARACURU;-3.4301666666667;-39.035972222222;1981;5;231.8;1.2;0.0;0.0;5.2;0.0;0.0;0.0;60.3;41.2;0.0;10.2;0.0;0.0;0.0;0.0;0.0;0.0;3.2;0.0;50.3;60.2;0.0;0.0;0.0;0.0;0.0;0.0;0.0;0.0;0.0;0.0
Paracuru;PARACURU;-3.4301666666667;-39.035972222222;1981;6;20.4;0.0;0.0;0.0;0.0;0.0;0.0;0.0;6.1;0.0;0.0;0.0;0.0;0.0;0.0;0.0;14.3;0.0;0.0;0.0;0.0;0.0;0.0;0.0;0.0;0.0;0.0;0.0;0.0;0.0;0.0;888.0
Paracuru;PARACURU;-3.4301666666667;-39.035972222222;1981;7;4.2;0.0;0.0;0.0;0.0;0.0;0.0;0.0;0.0;0.0;4.2;0.0;0.0;0.0;0.0;0.0;0.0;0.0;0.0;0.0;0.0;0.0;0.0;0.0;0.0;0.0;0.0;0.0;0.0;0.0;0.0;0.0
Paracuru;PARACURU;-3.4301666666667;-39.035972222222;1981;8;0.0;0.0;0.0;0.0;0.0;0.0;0.0;0.0;0.0;0.0;0.0;0.0;0.0;0.0;0.0;0.0;0.0;0.0;0.0;0.0;0.0;0.0;0.0;0.0;0.0;0.0;0.0;0.0;0.0;0.0;0.0;0.0
Paracuru;PARACURU;-3.4301666666667;-39.035972222222;1981;9;0.0;0.0;0.0;0.0;0.0;0.0;0.0;0.0;0.0;0.0;0.0;0.0;0.0;0.0;0.0;0.0;0.0;0.0;0.0;0.0;0.0;0.0;0.0;0.0;0.0;0.0;0.0;0.0;0.0;0.0;0.0;888.0
Paracuru;PARACURU;-3.4301666666667;-39.035972222222;1981;10;0.0;0.0;0.0;0.0;0.0;0.0;0.0;0.0;0.0;0.0;0.0;0.0;0.0;0.0;0.0;0.0;0.0;0.0;0.0;0.0;0.0;0.0;0.0;0.0;0.0;0.0;0.0;0.0;0.0;0.0;0.0;0.0
Paracuru;PARACURU;-3.4301666666667;-39.035972222222;1981;11;0.0;0.0;0.0;0.0;0.0;0.0;0.0;0.0;0.0;0.0;0.0;0.0;0.0;0.0;0.0;0.0;0.0;0.0;0.0;0.0;0.0;0.0;0.0;0.0;0.0;0.0;0.0;0.0;0.0;0.0;0.0;888.0
Paracuru;PARACURU;-3.4301666666667;-39.035972222222;1981;12;27.7;0.0;0.0;0.0;0.0;0.0;0.0;0.0;0.0;0.0;0.0;0.0;0.0;0.0;0.0;0.0;0.0;0.0;0.0;13.2;0.0;0.0;3.2;0.0;0.0;11.3;0.0;0.0;0.0;0.0;0.0;0.0
Paracuru;PARACURU;-3.4301666666667;-39.035972222222;1982;1;103.5;0.0;0.0;0.0;0.0;0.0;0.0;0.0;0.0;0.0;0.0;0.0;0.0;0.0;0.0;0.0;0.0;0.0;0.0;0.0;0.0;0.0;0.0;8.3;12.2;17.3;0.0;5.2;16.3;44.2;0.0;0.0
Paracuru;PARACURU;-3.4301666666667;-39.035972222222;1982;2;138.3;13.2;6.3;0.0;0.0;0.0;0.0;0.0;0.0;0.0;2.1;0.0;0.0;3.2;0.0;35.3;0.0;0.0;0.0;25.2;0.0;0.0;6.3;0.0;10.3;0.0;6.2;30.2;0.0;888.0;888.0;888.0
Paracuru;PARACURU;-3.4301666666667;-39.035972222222;1982;3;336.9;0.0;0.0;0.0;3.2;0.0;0.0;0.0;18.3;0.0;78.2;0.0;19.3;16.2;0.0;0.0;0.0;0.0;0.0;4.2;0.0;0.0;25.3;5.2;7.3;0.0;3.2;0.0;77.3;79.2;0.0;0.0
Paracuru;PARACURU;-3.4301666666667;-39.035972222222;1982;4;257.0;3.2;0.0;50.1;0.0;0.0;0.0;0.0;0.0;0.0;3.2;28.3;0.0;68.2;44.3;0.0;0.0;4.2;0.0;0.0;0.0;0.0;3.2;0.0;0.0;0.0;0.0;0.0;50.2;0.0;2.1;888.0
Paracuru;PARACURU;-3.4301666666667;-39.035972222222;1982;5;67.1;2.1;0.0;0.0;3.2;0.0;0.0;0.0;0.0;0.0;21.1;0.0;0.0;6.2;0.0;0.0;0.0;0.0;0.0;0.0;14.2;0.0;0.0;0.0;3.1;0.0;0.0;0.0;0.0;0.0;0.0;17.2
Paracuru;PARACURU;-3.4301666666667;-39.035972222222;1982;6;92.3;13.2;0.0;4.1;0.0;0.0;0.0;0.0;25.3;0.0;0.0;0.0;0.0;0.0;0.0;0.0;0.0;0.0;19.2;0.0;0.0;0.0;0.0;0.0;0.0;0.0;25.2;0.0;5.3;0.0;0.0;888.0
Paracuru;PARACURU;-3.4301666666667;-39.035972222222;1982;7;28.4;0.0;0.0;0.0;0.0;0.0;0.0;0.0;0.0;0.0;0.0;0.0;0.0;0.0;0.0;0.0;25.2;0.0;0.0;0.0;3.2;0.0;0.0;0.0;0.0;0.0;0.0;0.0;0.0;0.0;0.0;0.0
Paracuru;PARACURU;-3.4301666666667;-39.035972222222;1982;8;0.0;0.0;0.0;0.0;0.0;0.0;0.0;0.0;0.0;0.0;0.0;0.0;0.0;0.0;0.0;0.0;0.0;0.0;0.0;0.0;0.0;0.0;0.0;0.0;0.0;0.0;0.0;0.0;0.0;0.0;0.0;0.0
Paracuru;PARACURU;-3.4301666666667;-39.035972222222;1982;9;18.6;5.3;0.0;0.0;0.0;0.0;0.0;0.0;0.0;2.1;0.0;0.0;0.0;0.0;0.0;11.2;0.0;0.0;0.0;0.0;0.0;0.0;0.0;0.0;0.0;0.0;0.0;0.0;0.0;0.0;0.0;888.0
Paracuru;PARACURU;-3.4301666666667;-39.035972222222;1982;10;2.1;0.0;0.0;0.0;0.0;0.0;0.0;0.0;0.0;0.0;0.0;0.0;0.0;0.0;0.0;0.0;0.0;0.0;0.0;0.0;0.0;2.1;0.0;0.0;0.0;0.0;0.0;0.0;0.0;0.0;0.0;0.0
Paracuru;PARACURU;-3.4301666666667;-39.035972222222;1982;11;0.0;0.0;0.0;0.0;0.0;0.0;0.0;0.0;0.0;0.0;0.0;0.0;0.0;0.0;0.0;0.0;0.0;0.0;0.0;0.0;0.0;0.0;0.0;0.0;0.0;0.0;0.0;0.0;0.0;0.0;0.0;888.0
Paracuru;PARACURU;-3.4301666666667;-39.035972222222;1982;12;0.0;0.0;0.0;0.0;0.0;0.0;0.0;0.0;0.0;0.0;0.0;0.0;0.0;0.0;0.0;0.0;0.0;0.0;0.0;0.0;0.0;0.0;0.0;0.0;0.0;0.0;0.0;0.0;0.0;0.0;0.0;0.0
Paracuru;PARACURU;-3.4301666666667;-39.035972222222;1983;1;39.5;0.0;0.0;0.0;0.0;0.0;0.0;0.0;0.0;0.0;0.0;0.0;0.0;0.0;0.0;0.0;0.0;0.0;0.0;0.0;0.0;0.0;0.0;0.0;0.0;0.0;0.0;0.0;8.2;0.0;31.3;0.0
Paracuru;PARACURU;-3.4301666666667;-39.035972222222;1983;2;121.1;0.0;0.0;0.0;0.0;36.2;0.0;8.3;0.0;0.0;9.2;0.0;0.0;0.0;63.2;0.0;0.0;0.0;0.0;0.0;4.2;0.0;0.0;0.0;0.0;0.0;0.0;0.0;0.0;888.0;888.0;888.0
Paracuru;PARACURU;-3.4301666666667;-39.035972222222;1983;3;182.5;10.2;0.0;0.0;0.0;0.0;39.2;9.1;0.0;56.2;0.0;17.3;0.0;0.0;0.0;0.0;0.0;0.0;0.0;0.0;1.2;0.0;0.0;0.0;0.0;14.1;0.0;0.0;15.0;20.2;0.0;0.0
Paracuru;PARACURU;-3.4301666666667;-39.035972222222;1983;4;106.8;0.0;0.0;0.0;55.8;0.0;0.0;0.0;0.0;0.0;0.0;0.0;0.0;0.0;0.0;0.0;0.0;0.0;10.0;0.0;0.0;30.2;0.0;0.0;10.8;0.0;0.0;0.0;0.0;0.0;0.0;888.0
Paracuru;PARACURU;-3.4301666666667;-39.035972222222;1983;5;45.8;3.2;0.0;0.0;0.0;0.0;0.0;8.3;0.0;0.0;25.2;0.0;0.0;0.0;0.0;0.0;0.0;0.0;0.0;0.0;0.0;0.0;0.0;0.0;0.0;0.0;0.0;0.0;0.0;0.0;9.1;0.0
Paracuru;PARACURU;-3.4301666666667;-39.035972222222;1983;6;66.9;0.0;0.0;0.0;0.0;0.0;0.0;0.0;0.0;0.0;3.4;0.0;28.2;0.0;33.2;0.0;0.0;0.0;0.0;0.0;2.1;0.0;0.0;0.0;0.0;0.0;0.0;0.0;0.0;0.0;0.0;888.0
Paracuru;PARACURU;-3.4301666666667;-39.035972222222;1983;7;8.3;0.0;0.0;0.0;0.0;0.0;0.0;0.0;0.0;0.0;6.2;0.0;0.0;0.0;0.0;2.1;0.0;0.0;0.0;0.0;0.0;0.0;0.0;0.0;0.0;0.0;0.0;0.0;0.0;0.0;0.0;0.0
Paracuru;PARACURU;-3.4301666666667;-39.035972222222;1983;8;0.0;0.0;0.0;0.0;0.0;0.0;0.0;0.0;0.0;0.0;0.0;0.0;0.0;0.0;0.0;0.0;0.0;0.0;0.0;0.0;0.0;0.0;0.0;0.0;0.0;0.0;0.0;0.0;0.0;0.0;0.0;0.0
Paracuru;PARACURU;-3.4301666666667;-39.035972222222;1983;9;0.0;0.0;0.0;0.0;0.0;0.0;0.0;0.0;0.0;0.0;0.0;0.0;0.0;0.0;0.0;0.0;0.0;0.0;0.0;0.0;0.0;0.0;0.0;0.0;0.0;0.0;0.0;0.0;0.0;0.0;0.0;888.0
Paracuru;PARACURU;-3.4301666666667;-39.035972222222;1983;10;0.0;0.0;0.0;0.0;0.0;0.0;0.0;0.0;0.0;0.0;0.0;0.0;0.0;0.0;0.0;0.0;0.0;0.0;0.0;0.0;0.0;0.0;0.0;0.0;0.0;0.0;0.0;0.0;0.0;0.0;0.0;0.0
Paracuru;PARACURU;-3.4301666666667;-39.035972222222;1983;11;0.0;0.0;0.0;0.0;0.0;0.0;0.0;0.0;0.0;0.0;0.0;0.0;0.0;0.0;0.0;0.0;0.0;0.0;0.0;0.0;0.0;0.0;0.0;0.0;0.0;0.0;0.0;0.0;0.0;0.0;0.0;888.0
Paracuru;PARACURU;-3.4301666666667;-39.035972222222;1983;12;0.0;0.0;0.0;0.0;0.0;0.0;0.0;0.0;0.0;0.0;0.0;0.0;0.0;0.0;0.0;0.0;0.0;0.0;0.0;0.0;0.0;0.0;0.0;0.0;0.0;0.0;0.0;0.0;0.0;0.0;0.0;0.0
Paracuru;PARACURU;-3.4301666666667;-39.035972222222;1984;1;10.6;6.2;0.0;0.0;0.0;0.0;0.0;0.0;0.0;0.0;2.1;0.0;0.0;0.0;0.0;0.0;0.0;2.3;0.0;0.0;0.0;0.0;0.0;0.0;0.0;0.0;0.0;0.0;0.0;0.0;0.0;0.0
Paracuru;PARACURU;-3.4301666666667;-39.035972222222;1984;2;131.7;1.2;0.0;0.0;0.0;31.2;24.3;45.1;0.0;2.2;0.0;0.0;0.0;0.0;0.0;16.2;0.0;5.2;0.0;0.0;0.0;6.3;0.0;0.0;0.0;0.0;0.0;0.0;0.0;0.0;888.0;888.0
Paracuru;PARACURU;-3.4301666666667;-39.035972222222;1984;3;363.2;31.2;0.0;42.3;0.0;0.0;31.2;0.0;39.2;0.0;0.0;0.0;0.0;0.0;0.0;9.2;0.0;0.0;44.3;0.0;0.0;11.4;18.2;0.0;0.0;0.0;22.3;25.4;67.2;0.0;0.0;21.3
Paracuru;PARACURU;-3.4301666666667;-39.035972222222;1984;4;324.9;28.2;35.1;0.0;0.0;0.0;0.0;14.2;0.0;25.3;23.2;6.2;0.0;0.0;32.2;0.0;6.3;0.0;63.2;0.0;10.3;24.2;0.0;25.3;0.0;0.0;0.0;0.0;0.0;0.0;31.2;888.0
Paracuru;PARACURU;-3.4301666666667;-39.035972222222;1984;5;275.5;7.2;0.0;0.0;58.4;0.0;0.0;0.0;0.0;70.3;6.2;0.0;0.0;0.0;47.2;0.0;6.3;0.0;0.0;0.0;40.3;0.0;2.1;0.0;0.0;0.0;29.2;0.0;8.3;0.0;0.0;0.0
Paracuru;PARACURU;-3.4301666666667;-39.035972222222;1984;6;187.1;8.3;0.0;0.0;0.0;53.2;0.0;0.0;33.2;0.0;0.0;0.0;0.0;0.0;0.0;0.0;0.0;0.0;47.2;0.0;0.0;45.2;0.0;0.0;0.0;0.0;0.0;0.0;0.0;0.0;0.0;888.0
Paracuru;PARACURU;-3.4301666666667;-39.035972222222;1984;7;152.1;36.2;0.0;0.0;0.0;0.0;14.2;0.0;0.0;1.2;0.0;0.0;0.0;0.0;0.0;0.0;0.0;0.0;25.2;0.0;0.0;0.0;0.0;0.0;0.0;0.0;0.0;0.0;0.0;0.0;75.3;0.0
Paracuru;PARACURU;-3.4301666666667;-39.035972222222;1984;8;2.5;0.0;0.0;0.0;0.0;0.0;0.0;0.0;0.0;0.0;1.2;0.0;0.0;0.0;0.0;0.0;0.0;0.0;0.0;0.0;1.3;0.0;0.0;0.0;0.0;0.0;0.0;0.0;0.0;0.0;0.0;0.0
Paracuru;PARACURU;-3.4301666666667;-39.035972222222;1984;9;1.2;1.2;0.0;0.0;0.0;0.0;0.0;0.0;0.0;0.0;0.0;0.0;0.0;0.0;0.0;0.0;0.0;0.0;0.0;0.0;0.0;0.0;0.0;0.0;0.0;0.0;0.0;0.0;0.0;0.0;0.0;888.0
Paracuru;PARACURU;-3.4301666666667;-39.035972222222;1984;10;15.3;0.0;0.0;0.0;0.0;0.0;0.0;0.0;0.0;0.0;12.2;0.0;0.0;0.0;0.0;0.0;0.0;0.0;0.0;0.0;3.1;0.0;0.0;0.0;0.0;0.0;0.0;0.0;0.0;0.0;0.0;0.0
Paracuru;PARACURU;-3.4301666666667;-39.035972222222;1984;11;0.0;0.0;0.0;0.0;0.0;0.0;0.0;0.0;0.0;0.0;0.0;0.0;0.0;0.0;0.0;0.0;0.0;0.0;0.0;0.0;0.0;0.0;0.0;0.0;0.0;0.0;0.0;0.0;0.0;0.0;0.0;888.0
Paracuru;PARACURU;-3.4301666666667;-39.035972222222;1984;12;0.0;0.0;0.0;0.0;0.0;0.0;0.0;0.0;0.0;0.0;0.0;0.0;0.0;0.0;0.0;0.0;0.0;0.0;0.0;0.0;0.0;0.0;0.0;0.0;0.0;0.0;0.0;0.0;0.0;0.0;0.0;0.0
Paracuru;PARACURU;-3.4301666666667;-39.035972222222;1985;1;271.7;2.1;0.0;0.0;0.0;0.0;0.0;5.2;0.0;6.3;8.2;0.0;0.0;0.0;0.0;0.0;0.0;0.0;0.0;46.2;28.3;0.0;7.2;0.0;0.0;56.2;5.4;0.0;0.0;31.3;0.0;75.3
Paracuru;PARACURU;-3.4301666666667;-39.035972222222;1985;2;537.9;35.2;0.0;0.0;38.2;0.0;0.0;91.2;0.0;0.0;45.3;28.2;26.3;25.2;0.0;0.0;47.2;0.0;0.0;0.0;0.0;78.2;50.3;0.0;43.2;20.2;9.2;0.0;0.0;888.0;888.0;888.0
Paracuru;PARACURU;-3.4301666666667;-39.035972222222;1985;3;471.8;4.2;80.3;50.1;0.0;46.2;22.3;0.0;0.0;10.2;0.0;0.0;0.0;0.0;0.0;50.2;0.0;9.2;0.0;75.2;15.2;0.0;0.0;35.3;0.0;28.2;0.0;0.0;45.2;0.0;0.0;0.0
Paracuru;PARACURU;-3.4301666666667;-39.035972222222;1985;4;516.7;32.2;0.0;83.2;0.0;0.0;0.0;0.0;62.3;0.0;17.4;85.2;0.0;0.0;0.0;104.2;0.0;0.0;27.2;0.0;0.0;0.0;13.3;21.2;0.0;0.0;0.0;31.2;0.0;39.3;0.0;888.0
Paracuru;PARACURU;-3.4301666666667;-39.035972222222;1985;5;195.1;0.0;0.0;0.0;0.0;6.2;0.0;0.0;31.2;0.0;0.0;8.3;0.0;7.2;6.3;0.0;0.0;0.0;31.2;0.0;3.2;0.0;26.3;0.0;0.0;0.0;0.0;75.2;0.0;0.0;0.0;0.0
Paracuru;PARACURU;-3.4301666666667;-39.035972222222;1985;6;119.7;5.2;0.0;0.0;0.0;42.3;0.0;0.0;0.0;0.0;2.3;0.0;0.0;10.2;0.0;0.0;0.0;0.0;41.2;0.0;8.2;0.0;0.0;0.0;10.3;0.0;0.0;0.0;0.0;0.0;0.0;888.0
Paracuru;PARACURU;-3.4301666666667;-39.035972222222;1985;7;150.4;44.2;0.0;0.0;0.0;0.0;27.2;0.0;0.0;0.0;0.0;0.0;0.0;42.3;0.0;0.0;25.2;0.0;0.0;4.3;7.2;0.0;0.0;0.0;0.0;0.0;0.0;0.0;0.0;0.0;0.0;0.0
Paracuru;PARACURU;-3.4301666666667;-39.035972222222;1985;8;5.2;0.0;0.0;0.0;0.0;0.0;0.0;0.0;0.0;0.0;0.0;0.0;0.0;0.0;0.0;0.0;0.0;0.0;0.0;0.0;0.0;0.0;0.0;0.0;0.0;0.0;0.0;0.0;5.2;0.0;0.0;0.0
Paracuru;PARACURU;-3.4301666666667;-39.035972222222;1985;9;0.0;0.0;0.0;0.0;0.0;0.0;0.0;0.0;0.0;0.0;0.0;0.0;0.0;0.0;0.0;0.0;0.0;0.0;0.0;0.0;0.0;0.0;0.0;0.0;0.0;0.0;0.0;0.0;0.0;0.0;0.0;888.0
Paracuru;PARACURU;-3.4301666666667;-39.035972222222;1985;10;0.0;0.0;0.0;0.0;0.0;0.0;0.0;0.0;0.0;0.0;0.0;0.0;0.0;0.0;0.0;0.0;0.0;0.0;0.0;0.0;0.0;0.0;0.0;0.0;0.0;0.0;0.0;0.0;0.0;0.0;0.0;0.0
Paracuru;PARACURU;-3.4301666666667;-39.035972222222;1985;11;0.0;0.0;0.0;0.0;0.0;0.0;0.0;0.0;0.0;0.0;0.0;0.0;0.0;0.0;0.0;0.0;0.0;0.0;0.0;0.0;0.0;0.0;0.0;0.0;0.0;0.0;0.0;0.0;0.0;0.0;0.0;888.0
Paracuru;PARACURU;-3.4301666666667;-39.035972222222;1985;12;88.7;0.0;0.0;0.0;0.0;0.0;0.0;0.0;0.0;0.0;0.0;0.0;0.0;0.0;4.2;0.0;0.0;2.3;0.0;0.0;27.2;0.0;0.0;0.0;0.0;2.3;0.0;17.2;0.0;30.2;0.0;5.3
Paracuru;PARACURU;-3.4301666666667;-39.035972222222;1986;1;61.8;0.0;0.0;0.0;0.0;0.0;0.0;0.0;0.0;0.0;0.0;0.0;0.0;0.0;0.0;0.0;0.0;0.0;0.0;3.2;0.0;0.0;0.0;0.0;0.0;2.1;0.0;0.0;0.0;23.3;0.0;33.2
Paracuru;PARACURU;-3.4301666666667;-39.035972222222;1986;2;193.1;92.2;0.0;11.3;0.0;3.2;0.0;0.0;0.0;0.0;12.2;8.3;0.0;0.0;0.0;0.0;0.0;19.2;0.0;3.2;0.0;0.0;0.0;35.3;0.0;0.0;8.2;0.0;0.0;888.0;888.0;888.0
Paracuru;PARACURU;-3.4301666666667;-39.035972222222;1986;3;584.5;57.2;0.0;18.3;29.2;0.0;0.0;0.0;0.0;0.0;69.2;0.0;0.0;25.3;0.0;0.0;0.0;26.2;0.0;37.2;0.0;0.0;0.0;0.0;25.2;120.2;0.0;0.0;42.2;0.0;25.1;109.2
Paracuru;PARACURU;-3.4301666666667;-39.035972222222;1986;4;405.6;19.2;0.0;75.2;0.0;0.0;0.0;50.3;70.2;0.0;16.2;0.0;0.0;0.0;0.0;60.3;0.0;24.2;0.0;31.2;19.3;0.0;0.0;0.0;0.0;25.3;0.0;0.0;0.0;14.2;0.0;888.0
Paracuru;PARACURU;-3.4301666666667;-39.035972222222;1986;5;223.7;27.2;0.0;0.0;0.0;32.3;0.0;0.0;0.0;0.0;70.2;0.0;0.0;0.0;0.0;0.0;0.0;0.0;0.0;27.3;0.0;0.0;0.0;19.2;0.0;27.3;0.0;0.0;0.0;20.2;0.0;0.0
Paracuru;PARACURU;-3.4301666666667;-39.035972222222;1986;6;269.8;16.2;0.0;0.0;0.0;0.0;0.0;28.3;0.0;0.0;15.3;0.0;0.0;0.0;18.2;0.0;0.0;0.0;32.2;2.1;0.0;0.0;0.0;0.0;0.0;0.0;0.0;0.0;0.0;116.2;41.3;888.0
Paracuru;PARACURU;-3.4301666666667;-39.035972222222;1986;7;20.5;10.2;0.0;0.0;0.0;0.0;0.0;0.0;0.0;0.0;0.0;0.0;0.0;0.0;0.0;0.0;0.0;0.0;0.0;0.0;0.0;0.0;0.0;0.0;0.0;10.3;0.0;0.0;0.0;0.0;0.0;0.0
Paracuru;PARACURU;-3.4301666666667;-39.035972222222;1986;8;7.5;0.0;0.0;0.0;0.0;0.0;0.0;0.0;0.0;0.0;3.2;0.0;0.0;0.0;0.0;0.0;0.0;0.0;0.0;4.3;0.0;0.0;0.0;0.0;0.0;0.0;0.0;0.0;0.0;0.0;0.0;0.0
Paracuru;PARACURU;-3.4301666666667;-39.035972222222;1986;9;3.2;0.0;0.0;0.0;0.0;0.0;0.0;0.0;0.0;0.0;0.0;3.2;0.0;0.0;0.0;0.0;0.0;0.0;0.0;0.0;0.0;0.0;0.0;0.0;0.0;0.0;0.0;0.0;0.0;0.0;0.0;888.0
Paracuru;PARACURU;-3.4301666666667;-39.035972222222;1986;10;1.2;0.0;0.0;0.0;0.0;0.0;0.0;0.0;0.0;0.0;1.2;0.0;0.0;0.0;0.0;0.0;0.0;0.0;0.0;0.0;0.0;0.0;0.0;0.0;0.0;0.0;0.0;0.0;0.0;0.0;0.0;0.0
Paracuru;PARACURU;-3.4301666666667;-39.035972222222;1986;11;2.5;0.0;0.0;0.0;0.0;0.0;0.0;0.0;0.0;0.0;1.3;0.0;0.0;0.0;0.0;0.0;0.0;0.0;0.0;1.2;0.0;0.0;0.0;0.0;0.0;0.0;0.0;0.0;0.0;0.0;0.0;888.0
Paracuru;PARACURU;-3.4301666666667;-39.035972222222;1986;12;19.0;10.2;0.0;0.0;0.0;0.0;0.0;0.0;0.0;0.0;2.3;0.0;0.0;0.0;0.0;0.0;0.0;0.0;0.0;3.2;0.0;0.0;0.0;0.0;0.0;3.3;0.0;0.0;0.0;0.0;0.0;0.0
Paracuru;PARACURU;-3.4301666666667;-39.035972222222;1987;1;99.0;18.2;0.0;0.0;0.0;0.0;0.0;22.3;0.0;0.0;0.0;0.0;0.0;0.0;0.0;0.0;0.0;0.0;0.0;0.0;8.3;0.0;0.0;50.2;0.0;0.0;0.0;0.0;0.0;0.0;0.0;0.0
Paracuru;PARACURU;-3.4301666666667;-39.035972222222;1987;2;132.2;0.0;0.0;0.0;0.0;0.0;0.0;0.0;0.0;0.0;15.2;0.0;40.3;0.0;0.0;50.2;0.0;16.3;0.0;0.0;10.2;0.0;0.0;0.0;0.0;0.0;0.0;0.0;0.0;888.0;888.0;888.0
Paracuru;PARACURU;-3.4301666666667;-39.035972222222;1987;3;568.4;0.0;0.0;0.0;0.0;0.0;0.0;35.2;19.3;30.2;40.2;21.3;0.0;0.0;0.0;32.2;0.0;0.0;120.3;35.2;10.3;0.0;0.0;21.3;0.0;10.3;52.1;50.2;0.0;0.0;90.3;0.0
Paracuru;PARACURU;-3.4301666666667;-39.035972222222;1987;4;139.4;17.2;0.0;0.0;0.0;10.3;0.0;0.0;0.0;28.2;0.0;52.2;0.0;0.0;0.0;0.0;0.0;8.2;0.0;0.0;2.1;0.0;0.0;0.0;0.0;0.0;0.0;0.0;21.2;0.0;0.0;888.0
Paracuru;PARACURU;-3.4301666666667;-39.035972222222;1987;5;12.0;2.3;0.0;0.0;0.0;0.0;0.0;0.0;0.0;0.0;5.2;0.0;0.0;0.0;0.0;0.0;0.0;0.0;0.0;0.0;1.3;0.0;0.0;0.0;0.0;0.0;0.0;0.0;3.2;0.0;0.0;0.0
Paracuru;PARACURU;-3.4301666666667;-39.035972222222;1987;6;165.6;11.2;0.0;0.0;0.0;0.0;0.0;0.0;25.2;0.0;0.0;13.2;0.0;19.3;0.0;0.0;0.0;0.0;0.0;46.2;35.3;0.0;0.0;0.0;0.0;0.0;0.0;0.0;0.0;15.2;0.0;888.0
Paracuru;PARACURU;-3.4301666666667;-39.035972222222;1987;7;38.7;3.2;0.0;0.0;0.0;0.0;0.0;0.0;15.3;0.0;0.0;20.2;0.0;0.0;0.0;0.0;0.0;0.0;0.0;0.0;0.0;0.0;0.0;0.0;0.0;0.0;0.0;0.0;0.0;0.0;0.0;0.0
Paracuru;PARACURU;-3.4301666666667;-39.035972222222;1987;8;3.2;0.0;0.0;0.0;0.0;0.0;0.0;0.0;0.0;0.0;3.2;0.0;0.0;0.0;0.0;0.0;0.0;0.0;0.0;0.0;0.0;0.0;0.0;0.0;0.0;0.0;0.0;0.0;0.0;0.0;0.0;0.0
Paracuru;PARACURU;-3.4301666666667;-39.035972222222;1987;9;2.3;0.0;0.0;0.0;0.0;0.0;0.0;0.0;0.0;0.0;2.3;0.0;0.0;0.0;0.0;0.0;0.0;0.0;0.0;0.0;0.0;0.0;0.0;0.0;0.0;0.0;0.0;0.0;0.0;0.0;0.0;888.0
Paracuru;PARACURU;-3.4301666666667;-39.035972222222;1987;10;0.0;0.0;0.0;0.0;0.0;0.0;0.0;0.0;0.0;0.0;0.0;0.0;0.0;0.0;0.0;0.0;0.0;0.0;0.0;0.0;0.0;0.0;0.0;0.0;0.0;0.0;0.0;0.0;0.0;0.0;0.0;0.0
Paracuru;PARACURU;-3.4301666666667;-39.035972222222;1987;11;0.0;0.0;0.0;0.0;0.0;0.0;0.0;0.0;0.0;0.0;0.0;0.0;0.0;0.0;0.0;0.0;0.0;0.0;0.0;0.0;0.0;0.0;0.0;0.0;0.0;0.0;0.0;0.0;0.0;0.0;0.0;888.0
Paracuru;PARACURU;-3.4301666666667;-39.035972222222;1987;12;0.0;0.0;0.0;0.0;0.0;0.0;0.0;0.0;0.0;0.0;0.0;0.0;0.0;0.0;0.0;0.0;0.0;0.0;0.0;0.0;0.0;0.0;0.0;0.0;0.0;0.0;0.0;0.0;0.0;0.0;0.0;0.0
Paracuru;PARACURU;-3.4301666666667;-39.035972222222;1988;1;92.2;0.0;0.0;0.0;0.0;0.0;0.0;0.0;0.0;0.0;0.0;0.0;0.0;15.2;0.0;0.0;0.0;0.0;12.3;0.0;0.0;0.0;0.0;0.0;0.0;13.2;20.3;31.2;0.0;0.0;0.0;0.0
Paracuru;PARACURU;-3.4301666666667;-39.035972222222;1988;2;244.6;6.3;0.0;12.2;0.0;0.0;0.0;0.0;0.0;0.0;5.3;0.0;0.0;0.0;91.2;0.0;25.1;0.0;97.2;0.0;7.3;0.0;0.0;0.0;0.0;0.0;0.0;0.0;0.0;0.0;888.0;888.0
Paracuru;PARACURU;-3.4301666666667;-39.035972222222;1988;3;185.8;50.1;0.0;0.0;0.0;0.0;0.0;5.2;0.0;0.0;2.1;0.0;0.0;0.0;0.0;5.3;0.0;0.0;0.0;0.0;4.3;0.0;0.0;0.0;29.3;39.2;0.0;0.0;0.0;50.3;0.0;0.0
Paracuru;PARACURU;-3.4301666666667;-39.035972222222;1988;4;429.7;68.2;0.0;0.0;5.3;0.0;0.0;0.0;87.2;0.0;0.0;72.3;0.0;0.0;10.2;0.0;85.3;0.0;13.2;0.0;2.1;0.0;0.0;41.2;0.0;0.0;0.0;14.3;18.2;12.2;0.0;888.0
Paracuru;PARACURU;-3.4301666666667;-39.035972222222;1988;5;312.0;35.2;0.0;0.0;27.3;0.0;0.0;0.0;0.0;0.0;104.2;0.0;0.0;0.0;0.0;3.2;33.2;0.0;0.0;0.0;3.1;0.0;0.0;0.0;28.3;0.0;0.0;0.0;0.0;75.2;0.0;2.3
Paracuru;PARACURU;-3.4301666666667;-39.035972222222;1988;6;94.2;0.0;0.0;0.0;0.0;0.0;0.0;0.0;3.2;0.0;34.3;0.0;0.0;0.0;0.0;0.0;0.0;5.2;0.0;0.0;1.3;0.0;0.0;0.0;0.0;0.0;50.2;0.0;0.0;0.0;0.0;888.0
Paracuru;PARACURU;-3.4301666666667;-39.035972222222;1988;7;56.6;0.0;0.0;0.0;0.0;0.0;0.0;0.0;0.0;0.0;10.2;0.0;0.0;0.0;0.0;21.3;0.0;0.0;0.0;25.1;0.0;0.0;0.0;0.0;0.0;0.0;0.0;0.0;0.0;0.0;0.0;0.0
Paracuru;PARACURU;-3.4301666666667;-39.035972222222;1988;8;0.0;0.0;0.0;0.0;0.0;0.0;0.0;0.0;0.0;0.0;0.0;0.0;0.0;0.0;0.0;0.0;0.0;0.0;0.0;0.0;0.0;0.0;0.0;0.0;0.0;0.0;0.0;0.0;0.0;0.0;0.0;0.0
Paracuru;PARACURU;-3.4301666666667;-39.035972222222;1988;9;0.0;0.0;0.0;0.0;0.0;0.0;0.0;0.0;0.0;0.0;0.0;0.0;0.0;0.0;0.0;0.0;0.0;0.0;0.0;0.0;0.0;0.0;0.0;0.0;0.0;0.0;0.0;0.0;0.0;0.0;0.0;888.0
Paracuru;PARACURU;-3.4301666666667;-39.035972222222;1988;10;0.0;0.0;0.0;0.0;0.0;0.0;0.0;0.0;0.0;0.0;0.0;0.0;0.0;0.0;0.0;0.0;0.0;0.0;0.0;0.0;0.0;0.0;0.0;0.0;0.0;0.0;0.0;0.0;0.0;0.0;0.0;0.0
Paracuru;PARACURU;-3.4301666666667;-39.035972222222;1988;11;5.5;3.2;0.0;0.0;0.0;0.0;0.0;0.0;0.0;0.0;2.3;0.0;0.0;0.0;0.0;0.0;0.0;0.0;0.0;0.0;0.0;0.0;0.0;0.0;0.0;0.0;0.0;0.0;0.0;0.0;0.0;888.0
Paracuru;PARACURU;-3.4301666666667;-39.035972222222;1988;12;96.8;0.0;0.0;0.0;0.0;0.0;0.0;0.0;0.0;0.0;0.0;0.0;0.0;0.0;0.0;0.0;0.0;0.0;5.2;0.0;3.1;0.0;0.0;75.2;13.3;0.0;0.0;0.0;0.0;0.0;0.0;0.0
Paracuru;PARACURU;-3.4301666666667;-39.035972222222;1989;1;239.3;2.2;0.0;0.0;0.0;0.0;0.0;0.0;0.0;0.0;1.3;0.0;4.2;3.2;0.0;29.3;0.0;0.0;0.0;0.0;1.2;28.3;0.0;0.0;50.2;91.2;0.0;0.0;28.2;0.0;0.0;0.0
Paracuru;PARACURU;-3.4301666666667;-39.035972222222;1989;2;29.1;3.2;0.0;0.0;0.0;0.0;0.0;0.0;0.0;0.0;0.0;0.0;0.0;0.0;0.0;0.0;5.2;0.0;0.0;0.0;10.3;0.0;7.2;0.0;0.0;0.0;0.0;3.2;0.0;888.0;888.0;888.0
Paracuru;PARACURU;-3.4301666666667;-39.035972222222;1989;3;346.7;27.3;29.2;25.1;50.2;0.0;0.0;0.0;0.0;0.0;0.0;0.0;15.0;0.0;29.0;0.0;0.0;43.0;0.0;44.9;0.0;1.8;2.2;0.0;35.0;0.0;0.0;9.0;35.0;0.0;0.0;0.0
Paracuru;PARACURU;-3.4301666666667;-39.035972222222;1989;4;592.9;37.5;20.0;0.0;0.0;5.1;0.0;64.0;65.0;0.0;30.0;0.0;15.2;4.8;34.8;0.0;3.0;15.2;0.0;46.8;5.0;0.0;65.0;0.0;7.5;0.0;72.5;51.7;0.0;19.8;30.0;888.0
Paracuru;PARACURU;-3.4301666666667;-39.035972222222;1989;5;225.9;0.0;5.0;15.8;0.0;47.5;3.8;0.0;0.0;0.0;2.8;27.0;6.0;0.0;4.0;0.0;0.0;0.0;0.0;7.0;0.0;13.0;0.0;4.2;40.0;32.0;1.6;13.4;0.0;2.8;0.0;0.0
Paracuru;PARACURU;-3.4301666666667;-39.035972222222;1989;6;175.6;0.0;1.0;44.2;0.0;4.0;0.0;31.0;0.0;3.6;0.0;0.0;0.0;0.0;7.4;21.6;8.8;18.8;0.0;0.0;20.6;0.0;3.8;0.0;0.0;0.0;0.0;10.8;0.0;0.0;0.0;888.0
Paracuru;PARACURU;-3.4301666666667;-39.035972222222;1989;7;230.8;0.0;0.0;0.0;0.0;6.0;110.0;12.0;16.0;1.0;0.0;0.0;0.0;0.0;0.0;0.0;0.0;0.0;0.0;0.0;28.4;15.0;0.0;24.0;8.8;9.6;0.0;0.0;0.0;0.0;0.0;0.0
Paracuru;PARACURU;-3.4301666666667;-39.035972222222;1989;8;22.6;0.0;0.0;0.0;0.6;0.7;0.0;0.3;0.0;0.0;0.0;0.0;0.0;0.0;0.0;21.0;0.0;0.0;0.0;0.0;0.0;0.0;0.0;0.0;0.0;0.0;0.0;0.0;0.0;0.0;0.0;0.0
Paracuru;PARACURU;-3.4301666666667;-39.035972222222;1989;9;4.6;0.0;0.0;0.0;0.0;0.0;0.0;0.0;0.0;0.0;0.0;0.0;0.0;0.0;0.0;0.0;0.0;0.0;0.0;1.0;3.6;0.0;0.0;0.0;0.0;0.0;0.0;0.0;0.0;0.0;0.0;888.0
Paracuru;PARACURU;-3.4301666666667;-39.035972222222;1989;10;0.0;0.0;0.0;0.0;0.0;0.0;0.0;0.0;0.0;0.0;0.0;0.0;0.0;0.0;0.0;0.0;0.0;0.0;0.0;0.0;0.0;0.0;0.0;0.0;0.0;0.0;0.0;0.0;0.0;0.0;0.0;0.0
Paracuru;PARACURU;-3.4301666666667;-39.035972222222;1989;11;0.0;0.0;0.0;0.0;0.0;0.0;0.0;0.0;0.0;0.0;0.0;0.0;0.0;0.0;0.0;0.0;0.0;0.0;0.0;0.0;0.0;0.0;0.0;0.0;0.0;0.0;0.0;0.0;0.0;0.0;0.0;888.0
Paracuru;PARACURU;-3.4301666666667;-39.035972222222;1989;12;90.2;0.0;0.0;0.0;0.0;0.0;0.0;0.0;0.0;0.0;0.0;0.0;0.0;0.0;0.0;0.0;0.0;0.0;0.0;0.0;0.0;0.0;0.0;0.0;0.0;0.0;0.0;55.3;6.1;28.8;0.0;0.0
Paracuru;PARACURU;-3.4301666666667;-39.035972222222;1990;1;17.2;0.0;0.8;0.0;0.0;0.0;0.0;0.0;3.4;0.0;0.0;0.2;0.0;0.0;0.0;0.0;2.2;0.0;0.0;0.0;0.0;0.0;0.6;0.0;0.0;7.4;0.0;0.0;0.0;0.0;0.0;2.6
Paracuru;PARACURU;-3.4301666666667;-39.035972222222;1990;2;93.1;2.8;0.0;0.0;2.8;0.0;0.0;13.0;0.0;0.0;0.0;9.5;0.0;0.0;0.0;0.0;0.0;0.0;1.8;0.0;0.0;0.0;0.0;11.0;0.0;30.2;12.0;0.0;10.0;888.0;888.0;888.0
Paracuru;PARACURU;-3.4301666666667;-39.035972222222;1990;3;54.0;0.0;0.8;0.0;0.0;1.0;0.0;0.0;0.0;0.0;0.0;0.0;7.0;0.0;0.2;0.0;0.0;0.0;0.0;0.0;0.0;0.0;0.2;7.6;0.0;13.6;15.0;0.0;4.6;0.0;1.6;2.4
Paracuru;PARACURU;-3.4301666666667;-39.035972222222;1990;4;189.4;0.0;0.0;0.0;0.0;37.8;0.0;0.0;0.0;0.2;1.8;0.0;5.6;0.0;0.0;0.0;0.0;0.0;7.0;18.0;0.0;22.0;0.0;0.0;0.2;3.4;0.2;1.4;0.0;22.8;69.0;888.0
Paracuru;PARACURU;-3.4301666666667;-39.035972222222;1990;5;219.2;56.0;62.0;0.0;0.0;3.0;0.0;0.0;0.0;0.0;0.0;0.0;9.3;0.0;0.0;0.0;40.4;0.0;0.0;0.0;0.0;14.0;0.7;0.0;0.0;0.0;0.0;0.0;0.0;0.0;27.0;6.8
Paracuru;PARACURU;-3.4301666666667;-39.035972222222;1990;6;83.0;31.0;13.0;8.2;12.4;0.0;0.0;13.4;0.0;0.0;4.2;0.0;0.0;0.0;0.0;0.0;0.0;0.0;0.0;0.0;0.0;0.0;0.0;0.0;0.0;0.8;0.0;0.0;0.0;0.0;0.0;888.0
Paracuru;PARACURU;-3.4301666666667;-39.035972222222;1990;7;19.8;0.0;0.0;2.4;0.4;0.0;0.0;0.0;17.0;0.0;0.0;0.0;0.0;0.0;0.0;0.0;0.0;0.0;0.0;0.0;0.0;0.0;0.0;0.0;0.0;0.0;0.0;0.0;0.0;0.0;0.0;0.0
Paracuru;PARACURU;-3.4301666666667;-39.035972222222;1990;8;0.0;0.0;0.0;0.0;0.0;0.0;0.0;0.0;0.0;0.0;0.0;0.0;0.0;0.0;0.0;0.0;0.0;0.0;0.0;0.0;0.0;0.0;0.0;0.0;0.0;0.0;0.0;0.0;0.0;0.0;0.0;0.0
Paracuru;PARACURU;-3.4301666666667;-39.035972222222;1990;9;0.0;0.0;0.0;0.0;0.0;0.0;0.0;0.0;0.0;0.0;0.0;0.0;0.0;0.0;0.0;0.0;0.0;0.0;0.0;0.0;0.0;0.0;0.0;0.0;0.0;0.0;0.0;0.0;0.0;0.0;0.0;888.0
Paracuru;PARACURU;-3.4301666666667;-39.035972222222;1990;10;0.0;0.0;0.0;0.0;0.0;0.0;0.0;0.0;0.0;0.0;0.0;0.0;0.0;0.0;0.0;0.0;0.0;0.0;0.0;0.0;0.0;0.0;0.0;0.0;0.0;0.0;0.0;0.0;0.0;0.0;0.0;0.0
Paracuru;PARACURU;-3.4301666666667;-39.035972222222;1990;11;10.0;0.0;0.0;0.0;0.0;0.0;0.0;0.0;0.0;0.0;0.0;0.0;0.0;0.0;0.0;0.0;1.0;9.0;0.0;0.0;0.0;0.0;0.0;0.0;0.0;0.0;0.0;0.0;0.0;0.0;0.0;888.0
Paracuru;PARACURU;-3.4301666666667;-39.035972222222;1990;12;0.0;0.0;0.0;0.0;0.0;0.0;0.0;0.0;0.0;0.0;0.0;0.0;0.0;0.0;0.0;0.0;0.0;0.0;0.0;0.0;0.0;0.0;0.0;0.0;0.0;0.0;0.0;0.0;0.0;0.0;0.0;0.0
Paracuru;PARACURU;-3.4301666666667;-39.035972222222;1991;1;26.6;0.0;0.0;0.0;0.0;0.0;0.0;0.0;0.0;0.0;0.0;0.0;0.0;0.0;0.0;0.0;0.0;0.0;0.0;11.0;0.0;0.0;0.0;0.0;0.0;0.0;0.0;0.0;0.0;0.0;0.0;15.6
Paracuru;PARACURU;-3.4301666666667;-39.035972222222;1991;2;160.6;8.2;16.4;4.2;13.4;0.0;22.0;3.2;27.0;0.0;0.0;0.0;0.0;0.0;0.0;7.0;31.0;14.2;1.0;9.0;0.0;0.0;0.0;0.0;0.0;3.0;1.0;0.0;0.0;888.0;888.0;888.0
Paracuru;PARACURU;-3.4301666666667;-39.035972222222;1991;3;287.0;0.0;0.0;0.0;0.0;2.1;0.0;0.0;0.0;26.6;24.1;0.0;0.0;10.0;12.0;28.0;0.0;0.0;19.8;8.6;0.0;0.0;0.0;32.0;5.8;70.0;0.0;25.0;7.2;13.8;2.0;0.0
Paracuru;PARACURU;-3.4301666666667;-39.035972222222;1991;4;284.8;2.2;1.0;0.0;6.0;55.0;1.0;4.0;0.0;30.4;0.0;1.0;1.0;1.6;49.4;8.0;4.2;6.0;2.0;6.2;7.0;24.0;16.0;3.4;0.0;19.0;19.0;5.4;6.4;5.6;0.0;888.0
Paracuru;PARACURU;-3.4301666666667;-39.035972222222;1991;5;158.0;7.7;1.8;2.4;30.0;19.0;0.0;0.0;0.0;0.0;0.0;0.0;3.2;0.3;0.0;14.8;0.0;0.0;0.0;0.0;47.0;4.6;12.2;0.0;0.0;0.0;7.0;3.0;0.0;0.0;0.0;5.0
Paracuru;PARACURU;-3.4301666666667;-39.035972222222;1991;6;31.3;0.0;0.0;0.0;1.0;0.0;0.0;11.2;7.0;0.0;0.0;0.2;0.0;0.0;0.0;0.0;0.0;0.0;0.0;0.0;2.2;0.7;0.0;0.0;0.0;0.0;0.0;7.5;1.5;0.0;0.0;888.0
Paracuru;PARACURU;-3.4301666666667;-39.035972222222;1991;7;42.0;0.0;1.0;0.0;0.0;0.0;0.0;0.0;0.0;0.0;0.0;0.0;0.0;3.0;31.0;7.0;0.0;0.0;0.0;0.0;0.0;0.0;0.0;0.0;0.0;0.0;0.0;0.0;0.0;0.0;0.0;0.0
Paracuru;PARACURU;-3.4301666666667;-39.035972222222;1991;8;0.0;0.0;0.0;0.0;0.0;0.0;0.0;0.0;0.0;0.0;0.0;0.0;0.0;0.0;0.0;0.0;0.0;0.0;0.0;0.0;0.0;0.0;0.0;0.0;0.0;0.0;0.0;0.0;0.0;0.0;0.0;0.0
Paracuru;PARACURU;-3.4301666666667;-39.035972222222;1991;9;0.0;0.0;0.0;0.0;0.0;0.0;0.0;0.0;0.0;0.0;0.0;0.0;0.0;0.0;0.0;0.0;0.0;0.0;0.0;0.0;0.0;0.0;0.0;0.0;0.0;0.0;0.0;0.0;0.0;0.0;0.0;888.0
Paracuru;PARACURU;-3.4301666666667;-39.035972222222;1991;10;22.0;0.0;0.0;0.0;0.0;0.0;0.0;0.0;0.0;0.0;0.0;0.0;0.0;0.0;0.0;0.0;0.0;0.0;0.0;0.0;0.0;0.0;4.0;18.0;0.0;0.0;0.0;0.0;0.0;0.0;0.0;0.0
Paracuru;PARACURU;-3.4301666666667;-39.035972222222;1991;11;0.5;0.0;0.0;0.0;0.0;0.0;0.0;0.0;0.0;0.0;0.0;0.0;0.0;0.0;0.0;0.0;0.0;0.0;0.0;0.5;0.0;0.0;0.0;0.0;0.0;0.0;0.0;0.0;0.0;0.0;0.0;888.0
Paracuru;PARACURU;-3.4301666666667;-39.035972222222;1991;12;0.0;0.0;0.0;0.0;0.0;0.0;0.0;0.0;0.0;0.0;0.0;0.0;0.0;0.0;0.0;0.0;0.0;0.0;0.0;0.0;0.0;0.0;0.0;0.0;0.0;0.0;0.0;0.0;0.0;0.0;0.0;0.0
Paracuru;PARACURU;-3.4301666666667;-39.035972222222;1992;1;23.1;0.0;0.0;0.0;0.0;0.0;0.0;0.0;0.0;0.0;0.0;0.0;0.0;0.0;0.0;0.0;0.0;0.0;0.0;0.0;0.0;0.0;0.0;0.0;0.0;0.0;0.0;23.1;0.0;0.0;0.0;0.0
Paracuru;PARACURU;-3.4301666666667;-39.035972222222;1992;2;283.4;0.0;0.0;0.0;0.0;0.0;0.0;1.1;0.0;0.0;5.1;3.2;37.0;55.8;0.0;0.0;0.0;43.4;5.4;45.4;7.0;14.6;1.0;0.0;40.0;0.0;15.2;6.2;3.0;0.0;888.0;888.0
Paracuru;PARACURU;-3.4301666666667;-39.035972222222;1992;3;244.9;0.0;0.0;0.0;0.0;36.0;0.0;0.0;0.0;3.2;2.3;0.0;20.6;0.0;0.0;0.0;34.2;11.0;0.0;0.0;9.0;0.0;0.0;0.0;6.6;47.0;26.4;3.8;0.0;0.0;43.0;1.8
Paracuru;PARACURU;-3.4301666666667;-39.035972222222;1992;4;138.0;11.8;1.6;9.2;0.0;0.0;19.4;29.0;32.6;0.0;0.0;0.0;0.0;0.0;0.0;4.8;4.0;0.0;0.0;0.0;0.0;0.0;22.4;0.0;0.0;0.0;0.0;0.0;0.0;0.0;3.2;888.0
Paracuru;PARACURU;-3.4301666666667;-39.035972222222;1992;5;117.6;0.0;0.0;0.0;60.2;21.4;0.0;0.0;2.2;0.0;0.0;0.0;0.0;1.6;2.4;12.8;0.0;0.0;2.0;0.0;0.0;0.0;1.0;0.0;0.0;14.0;0.0;0.0;0.0;0.0;0.0;0.0
Paracuru;PARACURU;-3.4301666666667;-39.035972222222;1992;6;111.0;0.0;7.8;8.8;0.0;0.0;0.0;0.0;5.0;8.4;58.6;22.4;0.0;0.0;0.0;0.0;0.0;0.0;0.0;0.0;0.0;0.0;0.0;0.0;0.0;0.0;0.0;0.0;0.0;0.0;0.0;888.0
Paracuru;PARACURU;-3.4301666666667;-39.035972222222;1992;7;5.6;0.0;0.0;0.0;0.0;0.0;5.6;0.0;0.0;0.0;0.0;0.0;0.0;0.0;0.0;0.0;0.0;0.0;0.0;0.0;0.0;0.0;0.0;0.0;0.0;0.0;0.0;0.0;0.0;0.0;0.0;0.0
Paracuru;PARACURU;-3.4301666666667;-39.035972222222;1992;8;15.8;0.0;0.0;0.0;0.0;0.0;0.0;0.0;0.0;4.0;1.6;5.8;0.0;0.0;0.0;0.0;0.0;0.0;4.4;0.0;0.0;0.0;0.0;0.0;0.0;0.0;0.0;0.0;0.0;0.0;0.0;0.0
Paracuru;PARACURU;-3.4301666666667;-39.035972222222;1992;9;6.8;0.0;6.8;0.0;0.0;0.0;0.0;0.0;0.0;0.0;0.0;0.0;0.0;0.0;0.0;0.0;0.0;0.0;0.0;0.0;0.0;0.0;0.0;0.0;0.0;0.0;0.0;0.0;0.0;0.0;0.0;888.0
Paracuru;PARACURU;-3.4301666666667;-39.035972222222;1992;10;0.0;0.0;0.0;0.0;0.0;0.0;0.0;0.0;0.0;0.0;0.0;0.0;0.0;0.0;0.0;0.0;0.0;0.0;0.0;0.0;0.0;0.0;0.0;0.0;0.0;0.0;0.0;0.0;0.0;0.0;0.0;0.0
Paracuru;PARACURU;-3.4301666666667;-39.035972222222;1992;11;1.0;0.0;0.0;0.0;0.0;0.0;0.0;0.0;0.0;0.0;0.0;1.0;0.0;0.0;0.0;0.0;0.0;0.0;0.0;0.0;0.0;0.0;0.0;0.0;0.0;0.0;0.0;0.0;0.0;0.0;0.0;888.0
Paracuru;PARACURU;-3.4301666666667;-39.035972222222;1992;12;0.0;0.0;0.0;0.0;0.0;0.0;0.0;0.0;0.0;0.0;0.0;0.0;0.0;0.0;0.0;0.0;0.0;0.0;0.0;0.0;0.0;0.0;0.0;0.0;0.0;0.0;0.0;0.0;0.0;0.0;0.0;0.0
Paracuru;PARACURU;-3.4301666666667;-39.035972222222;1993;1;27.2;0.0;0.0;0.0;0.0;14.2;0.0;0.0;0.0;0.0;0.0;0.0;0.0;0.0;0.0;0.0;0.0;0.0;0.0;11.0;0.0;0.0;0.0;0.0;0.0;0.0;0.0;0.0;0.0;2.0;0.0;0.0
Paracuru;PARACURU;-3.4301666666667;-39.035972222222;1993;2;11.1;0.0;0.0;0.0;0.0;0.0;0.0;0.0;0.0;0.0;0.0;0.0;0.0;0.0;0.7;0.0;0.0;0.0;0.0;0.0;0.0;0.0;0.0;0.0;0.0;10.4;0.0;0.0;0.0;888.0;888.0;888.0
Paracuru;PARACURU;-3.4301666666667;-39.035972222222;1993;3;124.8;0.0;0.0;0.0;0.0;0.0;0.0;0.0;0.0;0.0;0.0;0.0;0.0;0.0;0.0;0.0;0.0;0.0;4.0;0.0;0.0;0.0;1.8;0.0;0.0;0.0;28.0;0.0;0.0;78.0;13.0;0.0
Paracuru;PARACURU;-3.4301666666667;-39.035972222222;1993;4;78.4;1.4;0.0;0.0;0.0;0.0;14.8;0.0;0.0;0.0;0.0;0.0;9.8;0.0;0.0;0.0;11.8;0.0;0.0;1.2;0.0;0.0;0.0;11.4;0.0;0.0;0.0;23.0;0.0;0.0;5.0;888.0
Paracuru;PARACURU;-3.4301666666667;-39.035972222222;1993;5;31.1;0.0;17.2;2.0;0.0;0.0;0.0;0.0;0.0;0.0;0.0;0.0;0.0;0.0;0.0;0.0;0.0;4.1;0.0;0.0;0.0;1.8;0.0;0.0;6.0;0.0;0.0;0.0;0.0;0.0;0.0;0.0
Paracuru;PARACURU;-3.4301666666667;-39.035972222222;1993;6;39.8;0.0;0.0;0.0;0.0;0.0;0.0;0.0;0.0;3.8;0.0;13.2;0.0;0.0;8.8;0.0;0.0;0.0;5.0;0.0;0.0;0.0;0.0;0.0;0.0;0.0;0.0;0.0;9.0;0.0;0.0;888.0
Paracuru;PARACURU;-3.4301666666667;-39.035972222222;1993;7;160.0;0.0;0.0;0.0;0.0;0.0;0.0;0.0;0.0;0.0;0.0;14.0;130.0;1.0;0.0;0.0;0.0;0.0;0.0;0.0;0.0;0.0;0.0;0.0;0.0;0.0;0.0;0.0;0.0;15.0;0.0;0.0
Paracuru;PARACURU;-3.4301666666667;-39.035972222222;1993;8;0.0;0.0;0.0;0.0;0.0;0.0;0.0;0.0;0.0;0.0;0.0;0.0;0.0;0.0;0.0;0.0;0.0;0.0;0.0;0.0;0.0;0.0;0.0;0.0;0.0;0.0;0.0;0.0;0.0;0.0;0.0;0.0
Paracuru;PARACURU;-3.4301666666667;-39.035972222222;1993;9;0.0;0.0;0.0;0.0;0.0;0.0;0.0;0.0;0.0;0.0;0.0;0.0;0.0;0.0;0.0;0.0;0.0;0.0;0.0;0.0;0.0;0.0;0.0;0.0;0.0;0.0;0.0;0.0;0.0;0.0;0.0;888.0
Paracuru;PARACURU;-3.4301666666667;-39.035972222222;1993;10;0.0;0.0;0.0;0.0;0.0;0.0;0.0;0.0;0.0;0.0;0.0;0.0;0.0;0.0;0.0;0.0;0.0;0.0;0.0;0.0;0.0;0.0;0.0;0.0;0.0;0.0;0.0;0.0;0.0;0.0;0.0;0.0
Paracuru;PARACURU;-3.4301666666667;-39.035972222222;1993;11;0.0;0.0;0.0;0.0;0.0;0.0;0.0;0.0;0.0;0.0;0.0;0.0;0.0;0.0;0.0;0.0;0.0;0.0;0.0;0.0;0.0;0.0;0.0;0.0;0.0;0.0;0.0;0.0;0.0;0.0;0.0;888.0
Paracuru;PARACURU;-3.4301666666667;-39.035972222222;1993;12;0.0;0.0;0.0;0.0;0.0;0.0;0.0;0.0;0.0;0.0;0.0;0.0;0.0;0.0;0.0;0.0;0.0;0.0;0.0;0.0;0.0;0.0;0.0;0.0;0.0;0.0;0.0;0.0;0.0;0.0;0.0;0.0
Paracuru;PARACURU;-3.4301666666667;-39.035972222222;1994;1;151.7;0.0;0.0;47.0;0.0;0.0;0.0;10.6;0.0;0.0;0.0;0.0;0.0;0.0;2.0;0.0;0.0;7.2;0.0;0.0;0.0;0.0;0.0;0.0;8.3;0.0;0.0;2.4;19.0;0.0;0.0;55.2
Paracuru;PARACURU;-3.4301666666667;-39.035972222222;1994;2;314.7;0.0;0.0;0.0;52.7;0.0;0.0;38.0;2.2;0.0;0.0;26.6;10.1;32.0;27.3;0.0;0.0;30.6;28.4;0.0;0.0;6.8;1.8;0.0;0.0;14.8;0.0;0.0;43.4;888.0;888.0;888.0
Paracuru;PARACURU;-3.4301666666667;-39.035972222222;1994;3;435.4;25.4;0.0;3.0;3.0;0.0;0.0;4.0;0.0;8.6;19.6;0.0;0.0;0.0;78.0;0.0;39.4;0.0;0.0;0.0;66.0;0.0;33.9;3.0;15.5;34.0;0.0;0.0;40.0;40.0;22.0;0.0
Paracuru;PARACURU;-3.4301666666667;-39.035972222222;1994;4;311.4;0.0;0.0;0.0;91.0;0.0;12.0;5.0;19.0;0.0;0.0;15.0;0.0;8.0;10.0;18.0;0.0;0.0;3.8;15.8;4.6;0.0;22.2;0.0;0.0;14.0;0.0;18.6;46.4;8.0;0.0;888.0
Paracuru;PARACURU;-3.4301666666667;-39.035972222222;1994;5;394.3;0.0;0.0;13.6;6.8;0.0;0.0;0.0;0.0;55.0;46.4;6.8;11.8;29.0;0.0;0.0;142.0;6.4;0.0;5.0;9.0;0.0;0.0;29.8;14.4;0.0;0.0;0.0;0.0;0.0;15.0;3.3
Paracuru;PARACURU;-3.4301666666667;-39.035972222222;1994;6;424.1;0.0;0.0;0.0;0.0;0.0;32.0;7.0;0.0;21.0;18.0;0.0;0.0;74.0;16.0;0.0;12.0;17.8;0.0;0.0;20.4;0.0;15.2;31.2;5.1;0.0;111.0;14.0;14.0;0.0;15.4;888.0
Paracuru;PARACURU;-3.4301666666667;-39.035972222222;1994;7;125.5;0.0;0.0;0.0;0.0;0.0;0.0;0.0;2.3;0.0;0.0;0.0;3.0;0.0;6.0;35.0;0.0;0.0;32.2;7.0;21.0;0.0;0.0;0.0;0.0;9.0;10.0;0.0;0.0;0.0;0.0;0.0
Paracuru;PARACURU;-3.4301666666667;-39.035972222222;1994;8;32.0;0.0;0.0;0.0;0.0;0.0;0.0;0.0;0.0;0.0;0.0;0.0;0.0;0.0;0.0;0.0;0.0;0.0;0.0;32.0;0.0;0.0;0.0;0.0;0.0;0.0;0.0;0.0;0.0;0.0;0.0;0.0
Paracuru;PARACURU;-3.4301666666667;-39.035972222222;1994;9;19.4;0.0;0.0;0.0;0.0;0.0;0.0;0.0;0.0;0.0;0.0;0.0;0.0;0.0;0.0;0.0;19.4;0.0;0.0;0.0;0.0;0.0;0.0;0.0;0.0;0.0;0.0;0.0;0.0;0.0;0.0;888.0
Paracuru;PARACURU;-3.4301666666667;-39.035972222222;1994;10;0.0;0.0;0.0;0.0;0.0;0.0;0.0;0.0;0.0;0.0;0.0;0.0;0.0;0.0;0.0;0.0;0.0;0.0;0.0;0.0;0.0;0.0;0.0;0.0;0.0;0.0;0.0;0.0;0.0;0.0;0.0;0.0
Paracuru;PARACURU;-3.4301666666667;-39.035972222222;1994;11;0.0;0.0;0.0;0.0;0.0;0.0;0.0;0.0;0.0;0.0;0.0;0.0;0.0;0.0;0.0;0.0;0.0;0.0;0.0;0.0;0.0;0.0;0.0;0.0;0.0;0.0;0.0;0.0;0.0;0.0;0.0;888.0
Paracuru;PARACURU;-3.4301666666667;-39.035972222222;1994;12;16.0;0.0;0.0;0.0;0.0;0.0;0.0;0.0;0.0;0.0;0.0;0.0;0.0;0.0;0.0;0.0;0.0;0.0;0.0;0.0;0.0;0.0;0.0;0.0;0.0;0.0;0.0;0.0;14.0;2.0;0.0;0.0
Paracuru;PARACURU;-3.4301666666667;-39.035972222222;1995;1;84.0;0.0;0.0;0.0;0.0;0.0;0.0;0.0;0.0;84.0;0.0;0.0;0.0;0.0;0.0;0.0;0.0;0.0;0.0;0.0;0.0;0.0;0.0;0.0;0.0;0.0;0.0;0.0;0.0;0.0;0.0;0.0
Paracuru;PARACURU;-3.4301666666667;-39.035972222222;1995;2;223.7;0.0;0.0;0.0;30.0;27.0;0.0;0.0;9.0;9.6;0.0;0.0;0.0;0.0;6.0;0.0;10.4;0.0;0.0;0.0;35.2;28.1;0.0;0.0;0.0;0.0;48.3;0.0;20.1;888.0;888.0;888.0
Paracuru;PARACURU;-3.4301666666667;-39.035972222222;1995;3;440.7;0.0;18.1;0.0;18.0;0.0;18.0;51.4;0.0;2.8;0.0;0.0;0.0;0.0;8.4;5.0;21.0;0.0;0.0;0.0;39.0;0.0;3.0;0.0;5.6;95.4;0.0;0.0;19.0;5.0;128.0;3.0
Paracuru;PARACURU;-3.4301666666667;-39.035972222222;1995;4;705.7;0.0;55.0;33.0;0.0;0.0;133.0;0.0;8.1;0.0;96.4;0.0;5.4;20.8;0.0;0.0;0.0;100.0;0.0;17.8;19.4;0.0;0.0;0.0;82.6;18.0;17.0;35.0;64.2;0.0;0.0;888.0
Paracuru;PARACURU;-3.4301666666667;-39.035972222222;1995;5;435.8;0.0;95.0;9.2;0.0;6.8;0.0;0.0;71.0;0.0;0.0;0.0;0.0;0.0;0.0;15.4;0.0;30.4;20.4;0.0;0.0;0.0;83.4;0.0;0.0;0.0;0.0;0.0;0.0;53.6;12.8;37.8
Paracuru;PARACURU;-3.4301666666667;-39.035972222222;1995;6;88.6;0.0;0.0;0.0;0.0;0.0;0.0;33.4;0.0;0.0;0.0;0.0;3.4;0.0;0.0;0.0;21.0;0.0;0.0;7.8;0.0;0.0;23.0;0.0;0.0;0.0;0.0;0.0;0.0;0.0;0.0;888.0
Paracuru;PARACURU;-3.4301666666667;-39.035972222222;1995;7;97.3;0.0;0.0;59.0;22.0;10.3;0.0;0.0;0.0;0.0;0.0;0.0;0.0;0.0;0.0;0.0;0.0;0.0;0.0;0.0;0.0;0.0;0.0;0.0;6.0;0.0;0.0;0.0;0.0;0.0;0.0;0.0
Paracuru;PARACURU;-3.4301666666667;-39.035972222222;1995;8;0.0;0.0;0.0;0.0;0.0;0.0;0.0;0.0;0.0;0.0;0.0;0.0;0.0;0.0;0.0;0.0;0.0;0.0;0.0;0.0;0.0;0.0;0.0;0.0;0.0;0.0;0.0;0.0;0.0;0.0;0.0;0.0
Paracuru;PARACURU;-3.4301666666667;-39.035972222222;1995;9;0.0;0.0;0.0;0.0;0.0;0.0;0.0;0.0;0.0;0.0;0.0;0.0;0.0;0.0;0.0;0.0;0.0;0.0;0.0;0.0;0.0;0.0;0.0;0.0;0.0;0.0;0.0;0.0;0.0;0.0;0.0;888.0
Paracuru;PARACURU;-3.4301666666667;-39.035972222222;1995;10;0.0;0.0;0.0;0.0;0.0;0.0;0.0;0.0;0.0;0.0;0.0;0.0;0.0;0.0;0.0;0.0;0.0;0.0;0.0;0.0;0.0;0.0;0.0;0.0;0.0;0.0;0.0;0.0;0.0;0.0;0.0;0.0
Paracuru;PARACURU;-3.4301666666667;-39.035972222222;1995;11;0.0;0.0;0.0;0.0;0.0;0.0;0.0;0.0;0.0;0.0;0.0;0.0;0.0;0.0;0.0;0.0;0.0;0.0;0.0;0.0;0.0;0.0;0.0;0.0;0.0;0.0;0.0;0.0;0.0;0.0;0.0;888.0
Paracuru;PARACURU;-3.4301666666667;-39.035972222222;1995;12;0.0;0.0;0.0;0.0;0.0;0.0;0.0;0.0;0.0;0.0;0.0;0.0;0.0;0.0;0.0;0.0;0.0;0.0;0.0;0.0;0.0;0.0;0.0;0.0;0.0;0.0;0.0;0.0;0.0;0.0;0.0;0.0
Paracuru;PARACURU;-3.4301666666667;-39.035972222222;1996;1;236.6;0.0;0.0;0.0;0.0;58.0;0.0;0.0;0.0;0.0;0.0;0.0;0.0;0.0;0.0;23.4;0.0;49.0;12.0;0.0;0.0;0.0;79.0;0.0;0.0;0.0;0.0;0.0;0.0;0.0;15.2;0.0
Paracuru;PARACURU;-3.4301666666667;-39.035972222222;1996;2;85.2;0.0;13.8;0.0;0.0;0.0;0.0;0.0;1.2;0.0;0.0;0.0;0.0;0.0;0.0;0.0;0.0;0.0;0.0;0.0;34.0;0.0;0.0;0.0;0.0;0.0;28.4;0.0;7.8;0.0;888.0;888.0
Paracuru;PARACURU;-3.4301666666667;-39.035972222222;1996;3;404.3;0.0;0.0;0.0;19.8;13.1;0.0;0.0;4.4;0.0;0.0;23.0;17.8;0.0;0.0;0.0;0.0;0.0;106.0;0.0;17.0;0.0;0.0;0.0;0.0;0.0;0.0;94.2;109.0;0.0;0.0;0.0
Paracuru;PARACURU;-3.4301666666667;-39.035972222222;1996;4;373.5;48.5;0.0;9.9;4.5;0.0;0.0;0.0;34.0;0.0;23.0;14.0;0.0;0.0;0.0;157.0;4.8;9.8;3.0;0.0;0.0;0.0;0.0;0.0;0.0;0.0;0.0;0.0;0.0;65.0;0.0;888.0
Paracuru;PARACURU;-3.4301666666667;-39.035972222222;1996;5;203.9;0.0;13.3;0.0;0.0;0.0;24.6;7.4;0.0;0.0;0.0;0.0;0.0;0.0;0.0;13.4;0.0;0.0;0.0;0.0;50.4;0.0;3.2;0.0;0.0;0.0;0.0;4.2;0.0;0.0;87.4;0.0
Paracuru;PARACURU;-3.4301666666667;-39.035972222222;1996;6;0.0;0.0;0.0;0.0;0.0;0.0;0.0;0.0;0.0;0.0;0.0;0.0;0.0;0.0;0.0;0.0;0.0;0.0;0.0;0.0;0.0;0.0;0.0;0.0;0.0;0.0;0.0;0.0;0.0;0.0;0.0;888.0
Paracuru;PARACURU;-3.4301666666667;-39.035972222222;1996;7;3.0;0.0;0.0;0.0;0.0;0.0;0.0;0.0;0.0;0.0;0.0;0.0;0.0;0.0;0.0;0.0;0.0;0.0;3.0;0.0;0.0;0.0;0.0;0.0;0.0;0.0;0.0;0.0;0.0;0.0;0.0;0.0
Paracuru;PARACURU;-3.4301666666667;-39.035972222222;1996;8;6.0;0.0;6.0;0.0;0.0;0.0;0.0;0.0;0.0;0.0;0.0;0.0;0.0;0.0;0.0;0.0;0.0;0.0;0.0;0.0;0.0;0.0;0.0;0.0;0.0;0.0;0.0;0.0;0.0;0.0;0.0;0.0
Paracuru;PARACURU;-3.4301666666667;-39.035972222222;1996;9;0.0;0.0;0.0;0.0;0.0;0.0;0.0;0.0;0.0;0.0;0.0;0.0;0.0;0.0;0.0;0.0;0.0;0.0;0.0;0.0;0.0;0.0;0.0;0.0;0.0;0.0;0.0;0.0;0.0;0.0;0.0;888.0
Paracuru;PARACURU;-3.4301666666667;-39.035972222222;1996;10;0.0;0.0;0.0;0.0;0.0;0.0;0.0;0.0;0.0;0.0;0.0;0.0;0.0;0.0;0.0;0.0;0.0;0.0;0.0;0.0;0.0;0.0;0.0;0.0;0.0;0.0;0.0;0.0;0.0;0.0;0.0;0.0
Paracuru;PARACURU;-3.4301666666667;-39.035972222222;1996;11;0.0;0.0;0.0;0.0;0.0;0.0;0.0;0.0;0.0;0.0;0.0;0.0;0.0;0.0;0.0;0.0;0.0;0.0;0.0;0.0;0.0;0.0;0.0;0.0;0.0;0.0;0.0;0.0;0.0;0.0;0.0;888.0
Paracuru;PARACURU;-3.4301666666667;-39.035972222222;1996;12;0.0;0.0;0.0;0.0;0.0;0.0;0.0;0.0;0.0;0.0;0.0;0.0;0.0;0.0;0.0;0.0;0.0;0.0;0.0;0.0;0.0;0.0;0.0;0.0;0.0;0.0;0.0;0.0;0.0;0.0;0.0;0.0
Paracuru;PARACURU;-3.4301666666667;-39.035972222222;1997;1;5.0;0.0;0.0;0.0;0.0;0.0;0.0;0.0;0.0;0.0;0.0;0.0;0.0;0.0;0.0;0.0;0.0;0.0;0.0;0.0;0.0;0.0;0.0;0.0;0.0;0.0;0.0;0.0;0.0;0.0;5.0;0.0
Paracuru;PARACURU;-3.4301666666667;-39.035972222222;1997;2;16.0;0.0;0.0;0.0;1.0;0.0;0.0;0.0;0.0;9.0;0.0;0.0;0.0;0.0;0.0;0.0;0.0;0.0;4.6;0.0;0.0;0.0;0.0;0.0;1.4;0.0;0.0;0.0;0.0;888.0;888.0;888.0
Paracuru;PARACURU;-3.4301666666667;-39.035972222222;1997;3;260.6;0.0;0.0;0.0;17.0;3.0;1.0;0.0;0.0;0.0;0.0;0.0;2.0;0.0;0.0;0.0;0.0;0.0;0.0;0.0;0.0;0.0;17.0;5.2;112.6;19.2;19.8;0.0;0.0;62.8;0.0;1.0
Paracuru;PARACURU;-3.4301666666667;-39.035972222222;1997;4;299.6;0.0;6.8;19.0;0.0;2.2;9.0;27.0;2.0;3.2;4.0;18.2;29.0;24.0;0.0;0.0;0.0;0.0;0.0;0.0;0.0;3.0;2.2;20.0;45.0;10.0;23.0;52.0;0.0;0.0;0.0;888.0
Paracuru;PARACURU;-3.4301666666667;-39.035972222222;1997;5;251.6;29.0;3.2;5.2;68.0;3.8;14.8;6.8;3.6;0.0;8.0;0.0;3.6;0.0;0.0;2.8;32.2;0.0;25.0;26.0;0.0;1.0;0.0;3.4;0.0;0.0;10.2;0.0;0.0;5.0;0.0;0.0
Paracuru;PARACURU;-3.4301666666667;-39.035972222222;1997;6;38.8;0.0;0.0;33.0;0.0;0.0;0.0;0.0;0.0;0.0;0.0;0.0;0.0;0.0;0.0;0.0;0.0;4.8;0.0;0.0;1.0;0.0;0.0;0.0;0.0;0.0;0.0;0.0;0.0;0.0;0.0;888.0
Paracuru;PARACURU;-3.4301666666667;-39.035972222222;1997;7;27.0;0.0;0.0;0.0;3.5;0.0;0.0;4.0;0.0;0.0;5.0;11.0;0.0;2.5;0.0;0.0;0.0;0.0;0.0;0.0;0.0;0.0;0.0;0.0;0.0;0.0;0.0;0.0;0.0;0.0;0.0;1.0
Paracuru;PARACURU;-3.4301666666667;-39.035972222222;1997;8;0.0;0.0;0.0;0.0;0.0;0.0;0.0;0.0;0.0;0.0;0.0;0.0;0.0;0.0;0.0;0.0;0.0;0.0;0.0;0.0;0.0;0.0;0.0;0.0;0.0;0.0;0.0;0.0;0.0;0.0;0.0;0.0
Paracuru;PARACURU;-3.4301666666667;-39.035972222222;1997;9;0.0;0.0;0.0;0.0;0.0;0.0;0.0;0.0;0.0;0.0;0.0;0.0;0.0;0.0;0.0;0.0;0.0;0.0;0.0;0.0;0.0;0.0;0.0;0.0;0.0;0.0;0.0;0.0;0.0;0.0;0.0;888.0
Paracuru;PARACURU;-3.4301666666667;-39.035972222222;1997;10;0.0;0.0;0.0;0.0;0.0;0.0;0.0;0.0;0.0;0.0;0.0;0.0;0.0;0.0;0.0;0.0;0.0;0.0;0.0;0.0;0.0;0.0;0.0;0.0;0.0;0.0;0.0;0.0;0.0;0.0;0.0;0.0
Paracuru;PARACURU;-3.4301666666667;-39.035972222222;1997;11;0.0;0.0;0.0;0.0;0.0;0.0;0.0;0.0;0.0;0.0;0.0;0.0;0.0;0.0;0.0;0.0;0.0;0.0;0.0;0.0;0.0;0.0;0.0;0.0;0.0;0.0;0.0;0.0;0.0;0.0;0.0;888.0
Paracuru;PARACURU;-3.4301666666667;-39.035972222222;1997;12;17.8;0.0;0.0;0.0;0.0;0.0;0.0;0.0;0.0;0.0;0.0;0.0;0.0;0.0;0.0;0.0;0.0;0.0;0.0;0.0;0.0;17.8;0.0;0.0;0.0;0.0;0.0;0.0;0.0;0.0;0.0;0.0
Paracuru;PARACURU;-3.4301666666667;-39.035972222222;1998;1;165.0;0.0;0.0;1.0;0.0;0.0;0.0;0.0;0.0;14.0;1.0;4.0;2.0;0.0;0.0;1.2;0.0;4.2;0.0;1.0;2.0;13.2;0.0;10.0;2.0;25.0;11.0;2.2;6.0;47.0;18.2;0.0
Paracuru;PARACURU;-3.4301666666667;-39.035972222222;1998;2;35.0;2.0;5.0;11.0;11.6;1.4;0.0;0.0;0.0;0.0;0.0;0.0;0.0;0.0;0.0;0.0;0.0;0.0;0.0;3.0;0.0;0.0;0.0;0.0;0.0;0.0;0.0;0.0;1.0;888.0;888.0;888.0
Paracuru;PARACURU;-3.4301666666667;-39.035972222222;1998;3;228.1;1.2;4.0;0.0;4.2;0.0;0.0;0.0;0.0;2.0;50.0;4.0;5.0;4.2;1.0;2.5;2.8;6.0;5.0;10.0;16.0;3.0;36.0;23.2;16.8;1.0;0.0;0.0;20.0;8.0;1.0;1.2
Paracuru;PARACURU;-3.4301666666667;-39.035972222222;1998;4;159.7;15.0;45.0;0.0;2.5;0.0;0.0;0.0;0.0;7.0;0.0;0.0;15.0;11.0;3.0;5.0;0.0;0.0;8.0;7.8;1.0;0.0;2.0;0.0;0.0;11.0;1.0;19.2;6.2;0.0;0.0;888.0
Paracuru;PARACURU;-3.4301666666667;-39.035972222222;1998;5;205.0;0.0;0.0;0.0;0.0;0.0;0.0;0.0;136.0;15.0;21.0;6.0;0.0;0.0;0.0;0.0;0.0;0.0;0.0;0.0;1.0;0.0;0.0;0.0;0.0;15.0;11.0;0.0;0.0;0.0;0.0;0.0
Paracuru;PARACURU;-3.4301666666667;-39.035972222222;1998;6;92.0;0.0;0.0;0.0;12.4;0.0;0.0;0.0;0.0;0.0;0.0;0.0;14.0;8.0;0.0;0.0;43.0;0.0;14.6;0.0;0.0;0.0;0.0;0.0;0.0;0.0;0.0;0.0;0.0;0.0;0.0;888.0
Paracuru;PARACURU;-3.4301666666667;-39.035972222222;1998;7;8.0;0.0;0.0;0.0;0.0;0.0;0.0;0.0;0.0;8.0;0.0;0.0;0.0;0.0;0.0;0.0;0.0;0.0;0.0;0.0;0.0;0.0;0.0;0.0;0.0;0.0;0.0;0.0;0.0;0.0;0.0;0.0
Paracuru;PARACURU;-3.4301666666667;-39.035972222222;1998;8;10.0;0.0;0.0;0.0;0.0;0.0;0.0;0.0;0.0;0.0;0.0;10.0;0.0;0.0;0.0;0.0;0.0;0.0;0.0;0.0;0.0;0.0;0.0;0.0;0.0;0.0;0.0;0.0;0.0;0.0;0.0;0.0
Paracuru;PARACURU;-3.4301666666667;-39.035972222222;1998;9;0.0;0.0;0.0;0.0;0.0;0.0;0.0;0.0;0.0;0.0;0.0;0.0;0.0;0.0;0.0;0.0;0.0;0.0;0.0;0.0;0.0;0.0;0.0;0.0;0.0;0.0;0.0;0.0;0.0;0.0;0.0;888.0
Paracuru;PARACURU;-3.4301666666667;-39.035972222222;1998;10;8.0;0.0;0.0;0.0;0.0;1.0;0.0;0.0;0.0;0.0;0.0;0.0;0.0;0.0;0.0;0.0;0.0;0.0;0.0;0.0;0.0;0.0;0.0;0.0;0.0;0.0;0.0;7.0;0.0;0.0;0.0;0.0
Paracuru;PARACURU;-3.4301666666667;-39.035972222222;1998;11;0.0;0.0;0.0;0.0;0.0;0.0;0.0;0.0;0.0;0.0;0.0;0.0;0.0;0.0;0.0;0.0;0.0;0.0;0.0;0.0;0.0;0.0;0.0;0.0;0.0;0.0;0.0;0.0;0.0;0.0;0.0;888.0
Paracuru;PARACURU;-3.4301666666667;-39.035972222222;1998;12;4.0;0.0;0.0;0.0;0.0;0.0;0.0;0.0;0.0;0.0;0.0;0.0;0.0;0.0;0.0;0.0;0.0;0.0;0.0;0.0;0.0;0.0;0.0;0.0;0.0;0.0;0.0;0.0;0.0;4.0;0.0;0.0
Paracuru;PARACURU;-3.4301666666667;-39.035972222222;1999;1;37.7;0.0;0.0;0.0;0.0;0.0;0.0;0.0;0.0;5.7;0.0;2.0;0.0;4.0;0.0;0.0;0.0;0.0;3.0;0.0;0.0;0.0;8.6;0.0;10.0;0.0;3.2;0.0;0.0;0.0;1.2;0.0
Paracuru;PARACURU;-3.4301666666667;-39.035972222222;1999;2;154.7;0.0;0.0;0.0;7.0;3.8;3.2;0.0;0.0;1.0;0.0;0.0;0.0;0.0;0.0;0.0;0.0;0.0;0.0;0.0;0.0;0.0;17.0;19.8;33.0;35.0;0.1;27.8;7.0;888.0;888.0;888.0
Paracuru;PARACURU;-3.4301666666667;-39.035972222222;1999;3;490.9;5.0;71.0;7.0;15.2;31.0;0.0;0.0;22.0;6.4;0.0;0.0;4.2;20.8;25.0;13.0;11.0;48.4;0.0;39.0;0.0;0.0;4.0;93.0;36.4;1.6;25.0;4.5;2.2;0.0;4.0;1.2
Paracuru;PARACURU;-3.4301666666667;-39.035972222222;1999;4;399.8;0.0;0.0;69.0;75.0;52.3;22.4;0.0;0.0;1.0;0.0;0.0;3.7;24.2;27.0;3.7;3.0;0.0;0.0;0.0;0.7;11.6;4.0;12.6;8.2;11.2;40.0;1.2;7.2;11.6;10.2;888.0
Paracuru;PARACURU;-3.4301666666667;-39.035972222222;1999;5;299.6;44.8;1.2;0.0;2.8;7.2;22.0;20.0;0.0;33.7;15.0;18.2;21.0;0.0;0.0;8.8;10.0;15.0;3.8;0.0;3.0;0.0;0.0;0.0;60.0;0.0;0.7;2.6;3.0;6.6;0.2;0.0
Paracuru;PARACURU;-3.4301666666667;-39.035972222222;1999;6;33.1;0.0;0.0;0.0;6.2;6.0;0.0;0.0;0.0;0.0;3.6;6.2;3.8;0.0;0.0;0.0;0.0;0.0;0.0;0.0;2.0;1.0;0.0;3.0;0.0;0.0;0.0;0.0;1.3;0.0;0.0;888.0
Paracuru;PARACURU;-3.4301666666667;-39.035972222222;1999;7;7.5;0.0;0.0;0.0;0.0;0.0;3.3;4.2;0.0;0.0;0.0;0.0;0.0;0.0;0.0;0.0;0.0;0.0;0.0;0.0;0.0;0.0;0.0;0.0;0.0;0.0;0.0;0.0;0.0;0.0;0.0;0.0
Paracuru;PARACURU;-3.4301666666667;-39.035972222222;1999;8;0.0;0.0;0.0;0.0;0.0;0.0;0.0;0.0;0.0;0.0;0.0;0.0;0.0;0.0;0.0;0.0;0.0;0.0;0.0;0.0;0.0;0.0;0.0;0.0;0.0;0.0;0.0;0.0;0.0;0.0;0.0;0.0
Paracuru;PARACURU;-3.4301666666667;-39.035972222222;1999;9;24.0;0.0;0.0;0.0;0.0;0.0;0.0;0.0;0.0;0.0;0.0;0.0;0.0;10.0;2.0;0.0;0.0;0.0;0.0;0.0;0.0;0.0;0.0;0.0;0.0;0.0;0.0;0.0;0.0;0.0;12.0;888.0
Paracuru;PARACURU;-3.4301666666667;-39.035972222222;1999;10;3.0;0.0;0.0;0.0;0.0;0.0;0.0;0.0;0.0;0.0;0.0;0.0;0.0;0.0;0.0;0.0;0.0;0.0;0.0;2.0;0.0;0.0;0.0;0.0;0.0;1.0;0.0;0.0;0.0;0.0;0.0;0.0
Paracuru;PARACURU;-3.4301666666667;-39.035972222222;1999;11;2.0;0.0;0.0;0.0;0.0;0.0;0.0;0.0;0.0;0.0;0.0;0.0;0.0;0.0;0.0;0.0;0.0;0.0;0.0;0.0;0.0;0.0;0.0;0.0;0.0;0.0;0.0;0.0;2.0;0.0;0.0;888.0
Paracuru;PARACURU;-3.4301666666667;-39.035972222222;1999;12;23.3;0.0;0.0;0.0;0.0;0.0;0.0;0.0;0.0;0.0;0.0;0.0;0.0;0.2;0.0;0.0;0.0;0.0;0.0;0.0;0.0;0.0;1.0;22.1;0.0;0.0;0.0;0.0;0.0;0.0;0.0;0.0
Paracuru;PARACURU;-3.4301666666667;-39.035972222222;2000;1;176.9;0.0;0.0;8.2;0.0;8.4;52.0;37.0;0.0;31.0;10.0;3.2;0.0;0.0;0.0;0.0;0.0;8.2;15.8;0.0;0.0;1.8;1.3;0.0;0.0;0.0;0.0;0.0;0.0;0.0;0.0;0.0
Paracuru;PARACURU;-3.4301666666667;-39.035972222222;2000;2;115.2;0.0;0.0;0.0;0.0;0.0;0.0;0.0;0.8;0.0;1.0;3.0;1.2;11.0;0.0;7.7;0.8;0.0;36.0;0.0;1.2;0.5;0.0;1.8;10.6;28.2;1.0;6.8;3.6;0.0;888.0;888.0
Paracuru;PARACURU;-3.4301666666667;-39.035972222222;2000;3;280.3;0.0;0.5;18.0;0.0;0.0;0.0;0.0;0.2;28.2;18.3;40.0;6.4;0.0;3.0;2.9;0.0;0.0;21.4;5.0;7.2;1.2;0.0;5.0;11.4;16.2;2.4;19.4;15.0;29.0;9.6;20.0
Paracuru;PARACURU;-3.4301666666667;-39.035972222222;2000;4;301.3;35.4;1.4;0.0;2.0;4.8;9.0;2.2;45.0;4.5;11.4;15.0;4.8;7.2;23.0;6.8;1.6;0.4;0.0;28.8;10.2;13.0;0.0;0.0;3.8;8.4;3.0;0.0;10.0;31.0;18.6;888.0
Paracuru;PARACURU;-3.4301666666667;-39.035972222222;2000;5;236.2;13.8;12.0;28.0;2.2;38.0;2.3;0.0;0.0;7.0;10.2;0.0;0.0;1.4;8.6;2.2;2.4;3.0;1.2;0.0;17.0;0.0;13.0;0.0;8.9;14.0;0.0;0.0;0.0;0.0;49.0;2.0
Paracuru;PARACURU;-3.4301666666667;-39.035972222222;2000;6;157.6;8.0;0.0;0.0;0.0;0.0;0.0;7.0;4.0;0.0;1.4;0.0;0.0;0.0;82.0;9.2;2.4;8.2;10.2;0.0;25.0;0.0;0.2;0.0;0.0;0.0;0.0;0.0;0.0;0.0;0.0;888.0
Paracuru;PARACURU;-3.4301666666667;-39.035972222222;2000;7;160.1;5.0;0.3;0.0;0.0;0.0;0.0;0.0;0.0;0.0;0.0;22.0;0.6;77.0;0.0;0.0;0.0;0.0;0.0;0.0;0.0;0.0;4.9;28.3;0.0;0.0;0.0;9.0;12.0;0.0;0.0;1.0
Paracuru;PARACURU;-3.4301666666667;-39.035972222222;2000;8;47.0;3.0;25.0;0.0;0.0;0.0;0.0;3.0;2.0;7.0;0.0;0.0;0.0;0.0;0.0;0.0;0.0;0.0;0.0;0.0;0.0;0.0;0.0;0.0;0.0;7.0;0.0;0.0;0.0;0.0;0.0;0.0
Paracuru;PARACURU;-3.4301666666667;-39.035972222222;2000;9;93.5;0.0;0.0;0.0;0.0;0.0;0.0;10.0;0.0;0.0;9.0;36.0;6.0;5.0;0.3;0.0;27.0;0.0;0.0;0.0;0.0;0.0;0.0;0.0;0.2;0.0;0.0;0.0;0.0;0.0;0.0;888.0
Paracuru;PARACURU;-3.4301666666667;-39.035972222222;2000;10;4.8;0.0;0.0;0.0;0.0;0.0;0.0;0.5;0.0;0.0;0.0;0.0;0.3;0.0;0.0;0.0;0.0;1.0;0.0;0.0;3.0;0.0;0.0;0.0;0.0;0.0;0.0;0.0;0.0;0.0;0.0;0.0
Paracuru;PARACURU;-3.4301666666667;-39.035972222222;2000;11;0.0;0.0;0.0;0.0;0.0;0.0;0.0;0.0;0.0;0.0;0.0;0.0;0.0;0.0;0.0;0.0;0.0;0.0;0.0;0.0;0.0;0.0;0.0;0.0;0.0;0.0;0.0;0.0;0.0;0.0;0.0;888.0
Paracuru;PARACURU;-3.4301666666667;-39.035972222222;2000;12;0.5;0.0;0.0;0.0;0.0;0.0;0.0;0.0;0.0;0.0;0.0;0.0;0.0;0.0;0.0;0.0;0.3;0.2;0.0;0.0;0.0;0.0;0.0;0.0;0.0;0.0;0.0;0.0;0.0;0.0;0.0;0.0
Paracuru;PARACURU;-3.4301666666667;-39.035972222222;2001;1;0.0;0.0;0.0;0.0;0.0;0.0;0.0;0.0;0.0;0.0;0.0;0.0;0.0;0.0;0.0;0.0;0.0;0.0;0.0;0.0;0.0;0.0;0.0;0.0;0.0;0.0;0.0;0.0;0.0;0.0;0.0;0.0
Paracuru;PARACURU;-3.4301666666667;-39.035972222222;2001;2;28.7;0.0;0.3;0.0;0.0;0.0;0.0;0.0;0.0;5.8;17.5;0.0;0.0;0.0;0.0;0.0;0.0;0.0;0.0;0.0;0.0;1.0;2.3;0.5;0.0;0.0;0.0;1.3;0.0;888.0;888.0;888.0
Paracuru;PARACURU;-3.4301666666667;-39.035972222222;2001;3;167.2;6.0;11.0;0.0;0.0;0.0;0.0;4.0;0.0;0.0;13.6;3.0;25.0;0.0;3.6;7.0;12.6;0.0;0.0;0.0;0.0;0.0;0.0;0.0;0.0;0.0;4.4;0.0;0.0;62.0;15.0;0.0
Paracuru;PARACURU;-3.4301666666667;-39.035972222222;2001;4;838.2;131.0;6.0;13.0;27.0;16.0;14.0;30.0;12.0;117.8;24.7;143.0;0.0;0.0;15.0;30.0;13.0;9.0;0.0;37.4;18.2;47.0;6.4;0.0;0.0;16.0;0.0;36.4;56.5;11.0;7.8;888.0
Paracuru;PARACURU;-3.4301666666667;-39.035972222222;2001;5;17.2;0.0;2.2;0.0;0.0;0.0;0.0;0.0;0.0;0.0;0.0;0.0;0.0;0.0;0.0;0.0;0.0;0.0;0.0;0.0;0.0;0.0;0.0;0.0;0.0;15.0;0.0;0.0;0.0;0.0;0.0;0.0
Paracuru;PARACURU;-3.4301666666667;-39.035972222222;2001;6;71.0;0.0;7.0;0.0;0.0;23.0;0.0;0.0;25.0;0.0;0.0;0.0;0.0;0.0;5.0;0.0;0.0;0.0;0.0;0.0;0.0;0.0;0.0;8.0;0.0;0.0;0.0;0.0;0.0;3.0;0.0;888.0
Paracuru;PARACURU;-3.4301666666667;-39.035972222222;2001;7;21.0;5.0;0.0;0.0;0.0;0.0;0.0;0.0;1.0;0.0;0.0;0.0;0.0;0.0;0.0;0.0;0.0;0.0;0.0;0.0;1.0;0.0;14.0;0.0;0.0;0.0;0.0;0.0;0.0;0.0;0.0;0.0
Paracuru;PARACURU;-3.4301666666667;-39.035972222222;2001;8;0.0;0.0;0.0;0.0;0.0;0.0;0.0;0.0;0.0;0.0;0.0;0.0;0.0;0.0;0.0;0.0;0.0;0.0;0.0;0.0;0.0;0.0;0.0;0.0;0.0;0.0;0.0;0.0;0.0;0.0;0.0;0.0
Paracuru;PARACURU;-3.4301666666667;-39.035972222222;2001;9;0.0;0.0;0.0;0.0;0.0;0.0;0.0;0.0;0.0;0.0;0.0;0.0;0.0;0.0;0.0;0.0;0.0;0.0;0.0;0.0;0.0;0.0;0.0;0.0;0.0;0.0;0.0;0.0;0.0;0.0;0.0;888.0
Paracuru;PARACURU;-3.4301666666667;-39.035972222222;2001;10;0.0;0.0;0.0;0.0;0.0;0.0;0.0;0.0;0.0;0.0;0.0;0.0;0.0;0.0;0.0;0.0;0.0;0.0;0.0;0.0;0.0;0.0;0.0;0.0;0.0;0.0;0.0;0.0;0.0;0.0;0.0;0.0
Paracuru;PARACURU;-3.4301666666667;-39.035972222222;2001;11;0.0;0.0;0.0;0.0;0.0;0.0;0.0;0.0;0.0;0.0;0.0;0.0;0.0;0.0;0.0;0.0;0.0;0.0;0.0;0.0;0.0;0.0;0.0;0.0;0.0;0.0;0.0;0.0;0.0;0.0;0.0;888.0
Paracuru;PARACURU;-3.4301666666667;-39.035972222222;2001;12;10.4;0.0;0.0;0.0;0.0;0.0;0.0;0.0;0.0;0.0;0.0;10.4;0.0;0.0;0.0;0.0;0.0;0.0;0.0;0.0;0.0;0.0;0.0;0.0;0.0;0.0;0.0;0.0;0.0;0.0;0.0;0.0
Paracuru;PARACURU;-3.4301666666667;-39.035972222222;2002;1;329.8;0.0;0.0;0.0;0.0;0.0;0.0;0.0;17.0;0.0;55.0;0.0;0.0;3.2;13.0;4.0;0.0;14.0;165.0;0.0;0.0;0.0;31.0;0.0;0.0;0.0;0.0;2.6;9.0;15.0;1.0;0.0
Paracuru;PARACURU;-3.4301666666667;-39.035972222222;2002;2;64.0;4.0;0.0;1.0;1.0;0.0;0.0;0.0;0.0;0.0;6.0;0.0;0.0;0.0;3.0;45.0;4.0;0.0;0.0;0.0;0.0;0.0;0.0;0.0;0.0;0.0;0.0;0.0;0.0;888.0;888.0;888.0
Paracuru;PARACURU;-3.4301666666667;-39.035972222222;2002;3;347.3;0.0;1.8;100.0;10.0;26.0;7.0;0.0;0.0;5.0;23.0;0.0;0.0;0.0;0.0;0.0;18.0;0.0;0.0;3.0;18.0;0.0;0.0;51.0;45.0;8.0;8.5;0.0;10.0;0.0;0.0;13.0
Paracuru;PARACURU;-3.4301666666667;-39.035972222222;2002;4;440.0;0.0;0.0;10.0;65.0;25.0;10.0;13.0;5.0;0.0;55.0;52.0;0.0;9.2;0.0;59.0;0.0;0.0;0.0;0.0;26.0;28.0;6.0;12.0;13.6;0.0;18.0;15.0;0.0;10.0;8.2;888.0
Paracuru;PARACURU;-3.4301666666667;-39.035972222222;2002;5;227.7;0.0;36.0;18.0;0.0;0.0;9.0;0.0;9.3;0.0;44.3;18.0;0.0;6.2;0.0;0.0;0.0;0.0;0.0;0.0;0.0;0.0;4.9;5.0;0.0;22.8;15.0;21.5;0.0;3.2;7.5;7.0
Paracuru;PARACURU;-3.4301666666667;-39.035972222222;2002;6;211.5;5.0;0.0;0.0;0.0;0.0;9.0;5.0;8.8;13.7;0.0;8.0;5.0;33.0;8.0;0.0;49.0;20.0;2.0;0.0;8.0;0.0;0.0;0.0;10.0;5.0;4.0;0.0;13.0;3.0;2.0;888.0
Paracuru;PARACURU;-3.4301666666667;-39.035972222222;2002;7;36.0;18.0;10.0;0.0;3.0;0.0;0.0;0.0;0.0;0.0;4.0;0.0;0.0;0.0;0.0;0.0;0.0;0.0;0.0;0.0;0.0;0.0;0.0;0.0;0.0;0.0;0.0;1.0;0.0;0.0;0.0;0.0
Paracuru;PARACURU;-3.4301666666667;-39.035972222222;2002;8;1.0;0.0;0.0;0.0;0.0;0.0;0.0;0.0;0.0;0.0;0.0;0.0;0.0;0.0;0.0;0.0;1.0;0.0;0.0;0.0;0.0;0.0;0.0;0.0;0.0;0.0;0.0;0.0;0.0;0.0;0.0;0.0
Paracuru;PARACURU;-3.4301666666667;-39.035972222222;2002;9;1.5;0.0;0.0;0.0;0.0;0.0;0.0;0.0;0.0;0.0;0.0;1.5;0.0;0.0;0.0;0.0;0.0;0.0;0.0;0.0;0.0;0.0;0.0;0.0;0.0;0.0;0.0;0.0;0.0;0.0;0.0;888.0
Paracuru;PARACURU;-3.4301666666667;-39.035972222222;2002;10;0.0;0.0;0.0;0.0;0.0;0.0;0.0;0.0;0.0;0.0;0.0;0.0;0.0;0.0;0.0;0.0;0.0;0.0;0.0;0.0;0.0;0.0;0.0;0.0;0.0;0.0;0.0;0.0;0.0;0.0;0.0;0.0
Paracuru;PARACURU;-3.4301666666667;-39.035972222222;2002;11;0.0;0.0;0.0;0.0;0.0;0.0;0.0;0.0;0.0;0.0;0.0;0.0;0.0;0.0;0.0;0.0;0.0;0.0;0.0;0.0;0.0;0.0;0.0;0.0;0.0;0.0;0.0;0.0;0.0;0.0;0.0;888.0
Paracuru;PARACURU;-3.4301666666667;-39.035972222222;2002;12;6.7;0.0;0.0;4.2;0.0;0.0;0.0;0.0;0.0;2.5;0.0;0.0;0.0;0.0;0.0;0.0;0.0;0.0;0.0;0.0;0.0;0.0;0.0;0.0;0.0;0.0;0.0;0.0;0.0;0.0;0.0;0.0
Paracuru;PARACURU;-3.4301666666667;-39.035972222222;2003;1;176.8;0.0;0.0;0.0;0.0;0.0;0.0;0.0;0.0;0.0;0.0;0.0;0.0;0.0;0.0;0.0;0.0;0.0;0.0;0.0;66.0;12.0;0.0;15.0;12.0;9.0;0.0;12.4;22.2;3.2;17.0;8.0
Paracuru;PARACURU;-3.4301666666667;-39.035972222222;2003;2;221.0;0.0;0.0;64.0;12.0;2.2;8.0;0.0;0.0;0.0;0.0;0.0;15.0;0.0;0.0;0.0;0.0;15.5;0.0;0.0;9.0;14.0;5.2;0.0;4.3;18.0;4.9;2.9;46.0;888.0;888.0;888.0
Paracuru;PARACURU;-3.4301666666667;-39.035972222222;2003;3;505.1;34.0;12.4;0.0;20.0;0.0;0.0;2.4;0.0;0.0;1.8;14.0;27.0;0.0;48.0;29.0;82.0;3.0;20.0;26.0;0.0;2.0;0.0;5.2;79.2;5.0;8.5;15.0;1.6;0.0;66.0;3.0
Paracuru;PARACURU;-3.4301666666667;-39.035972222222;2003;4;415.2;13.0;26.0;1.0;5.3;12.0;58.0;0.0;44.6;0.0;28.0;44.0;3.4;0.0;0.0;0.0;3.0;0.0;0.0;4.0;36.0;5.0;15.0;28.0;20.9;0.0;0.0;20.0;22.0;13.4;12.6;888.0
Paracuru;PARACURU;-3.4301666666667;-39.035972222222;2003;5;284.4;72.0;33.2;0.0;0.0;21.9;23.0;0.0;0.0;0.0;5.0;12.0;0.0;18.0;6.0;0.0;5.0;18.0;5.0;27.3;0.0;0.0;0.0;0.0;0.0;0.0;0.0;10.0;0.0;1.0;10.0;17.0
Paracuru;PARACURU;-3.4301666666667;-39.035972222222;2003;6;182.2;5.0;22.0;0.0;33.5;31.0;24.0;0.0;0.0;0.0;0.0;2.5;1.0;0.0;26.0;2.0;21.0;5.0;0.0;1.0;0.0;0.0;0.0;0.0;0.0;0.0;0.0;8.2;0.0;0.0;0.0;888.0
Paracuru;PARACURU;-3.4301666666667;-39.035972222222;2003;7;1.0;1.0;0.0;0.0;0.0;0.0;0.0;0.0;0.0;0.0;0.0;0.0;0.0;0.0;0.0;0.0;0.0;0.0;0.0;0.0;0.0;0.0;0.0;0.0;0.0;0.0;0.0;0.0;0.0;0.0;0.0;0.0
Paracuru;PARACURU;-3.4301666666667;-39.035972222222;2003;8;0.0;0.0;0.0;0.0;0.0;0.0;0.0;0.0;0.0;0.0;0.0;0.0;0.0;0.0;0.0;0.0;0.0;0.0;0.0;0.0;0.0;0.0;0.0;0.0;0.0;0.0;0.0;0.0;0.0;0.0;0.0;0.0
Paracuru;PARACURU;-3.4301666666667;-39.035972222222;2003;9;0.0;0.0;0.0;0.0;0.0;0.0;0.0;0.0;0.0;0.0;0.0;0.0;0.0;0.0;0.0;0.0;0.0;0.0;0.0;0.0;0.0;0.0;0.0;0.0;0.0;0.0;0.0;0.0;0.0;0.0;0.0;888.0
Paracuru;PARACURU;-3.4301666666667;-39.035972222222;2003;10;0.0;0.0;0.0;0.0;0.0;0.0;0.0;0.0;0.0;0.0;0.0;0.0;0.0;0.0;0.0;0.0;0.0;0.0;0.0;0.0;0.0;0.0;0.0;0.0;0.0;0.0;0.0;0.0;0.0;0.0;0.0;0.0
Paracuru;PARACURU;-3.4301666666667;-39.035972222222;2003;11;0.0;0.0;0.0;0.0;0.0;0.0;0.0;0.0;0.0;0.0;0.0;0.0;0.0;0.0;0.0;0.0;0.0;0.0;0.0;0.0;0.0;0.0;0.0;0.0;0.0;0.0;0.0;0.0;0.0;0.0;0.0;888.0
Paracuru;PARACURU;-3.4301666666667;-39.035972222222;2003;12;1.0;0.0;0.0;0.0;0.0;0.0;0.0;0.0;0.0;0.0;0.0;0.0;0.0;0.0;0.0;0.0;0.0;0.0;0.0;0.0;0.0;0.0;0.0;0.0;0.0;0.0;0.0;0.0;1.0;0.0;0.0;0.0
Paracuru;PARACURU;-3.4301666666667;-39.035972222222;2004;1;403.9;0.0;0.0;0.0;0.0;0.0;0.0;0.0;0.0;0.0;0.0;0.0;2.0;1.0;0.0;7.8;0.0;6.2;1.2;0.0;0.0;6.4;1.8;8.4;13.6;6.4;20.0;150.3;38.6;126.8;13.4;0.0
Paracuru;PARACURU;-3.4301666666667;-39.035972222222;2004;2;213.8;0.0;0.0;0.0;17.0;34.4;28.8;4.0;8.6;37.4;0.0;8.4;0.0;4.4;0.0;6.0;33.6;6.8;0.0;0.0;0.0;0.0;0.0;0.0;0.0;0.0;5.0;8.0;5.2;6.2;888.0;888.0
Paracuru;PARACURU;-3.4301666666667;-39.035972222222;2004;3;356.4;28.8;0.0;0.0;0.0;0.0;0.0;69.2;72.2;0.0;54.4;1.2;0.0;0.0;0.0;10.0;18.4;29.8;0.0;0.0;0.0;0.0;0.0;20.0;7.4;19.6;3.6;9.4;12.4;0.0;0.0;0.0
Paracuru;PARACURU;-3.4301666666667;-39.035972222222;2004;4;194.8;0.0;0.0;0.0;0.0;8.2;1.6;0.0;0.0;8.8;0.0;0.0;0.0;0.0;0.0;0.0;4.8;3.6;12.2;14.2;0.0;0.0;5.4;22.0;0.0;55.0;49.4;9.6;0.0;0.0;0.0;888.0
Paracuru;PARACURU;-3.4301666666667;-39.035972222222;2004;5;83.4;4.4;0.0;0.0;0.0;17.0;0.0;0.0;0.0;0.0;0.0;0.0;0.0;0.0;0.0;0.0;0.0;0.0;0.0;0.0;3.2;28.0;0.0;0.0;0.0;0.0;0.0;2.8;0.0;28.0;0.0;0.0
Paracuru;PARACURU;-3.4301666666667;-39.035972222222;2004;6;343.8;15.0;0.0;0.0;0.0;4.8;22.4;1.8;29.0;0.0;7.8;0.0;0.0;0.0;0.0;54.6;0.0;7.8;7.2;5.4;37.2;0.0;65.6;6.2;0.0;0.0;10.4;4.4;60.2;0.0;4.0;888.0
Paracuru;PARACURU;-3.4301666666667;-39.035972222222;2004;7;173.4;0.0;0.0;27.0;1.0;0.0;0.0;3.0;20.6;13.4;0.0;0.0;9.6;2.6;19.2;0.0;0.0;61.6;11.0;0.0;0.0;0.0;4.4;0.0;0.0;0.0;0.0;0.0;0.0;0.0;0.0;0.0
Paracuru;PARACURU;-3.4301666666667;-39.035972222222;2004;8;0.0;0.0;0.0;0.0;0.0;0.0;0.0;0.0;0.0;0.0;0.0;0.0;0.0;0.0;0.0;0.0;0.0;0.0;0.0;0.0;0.0;0.0;0.0;0.0;0.0;0.0;0.0;0.0;0.0;0.0;0.0;0.0
Paracuru;PARACURU;-3.4301666666667;-39.035972222222;2004;9;0.0;0.0;0.0;0.0;0.0;0.0;0.0;0.0;0.0;0.0;0.0;0.0;0.0;0.0;0.0;0.0;0.0;0.0;0.0;0.0;0.0;0.0;0.0;0.0;0.0;0.0;0.0;0.0;0.0;0.0;0.0;888.0
Paracuru;PARACURU;-3.4301666666667;-39.035972222222;2004;10;0.0;0.0;0.0;0.0;0.0;0.0;0.0;0.0;0.0;0.0;0.0;0.0;0.0;0.0;0.0;0.0;0.0;0.0;0.0;0.0;0.0;0.0;0.0;0.0;0.0;0.0;0.0;0.0;0.0;0.0;0.0;0.0
Paracuru;PARACURU;-3.4301666666667;-39.035972222222;2004;11;0.0;0.0;0.0;0.0;0.0;0.0;0.0;0.0;0.0;0.0;0.0;0.0;0.0;0.0;0.0;0.0;0.0;0.0;0.0;0.0;0.0;0.0;0.0;0.0;0.0;0.0;0.0;0.0;0.0;0.0;0.0;888.0
Paracuru;PARACURU;-3.4301666666667;-39.035972222222;2004;12;0.0;0.0;0.0;0.0;0.0;0.0;0.0;0.0;0.0;0.0;0.0;0.0;0.0;0.0;0.0;0.0;0.0;0.0;0.0;0.0;0.0;0.0;0.0;0.0;0.0;0.0;0.0;0.0;0.0;0.0;0.0;0.0
Paracuru;PARACURU;-3.4301666666667;-39.035972222222;2005;1;17.8;0.0;0.0;0.0;0.0;0.0;0.0;0.0;0.0;0.0;0.0;0.0;0.0;0.0;0.0;0.0;0.0;0.0;0.0;0.0;0.0;0.0;0.0;0.0;1.4;11.0;5.4;0.0;0.0;0.0;0.0;0.0
Paracuru;PARACURU;-3.4301666666667;-39.035972222222;2005;2;92.8;0.0;13.0;0.0;0.0;0.0;0.0;0.0;0.0;9.0;0.0;0.0;0.0;0.0;0.0;0.0;53.4;6.0;0.0;0.0;3.2;0.0;0.0;0.0;0.0;5.0;0.0;3.2;0.0;888.0;888.0;888.0
Paracuru;PARACURU;-3.4301666666667;-39.035972222222;2005;3;195.6;0.0;0.0;0.0;0.0;0.0;0.0;0.0;0.0;3.0;10.2;0.0;0.0;0.0;12.0;0.0;0.0;0.0;0.0;22.0;3.4;0.0;17.0;51.2;20.4;4.4;8.4;0.0;22.6;0.0;5.0;16.0
Paracuru;PARACURU;-3.4301666666667;-39.035972222222;2005;4;111.2;2.6;5.0;0.0;0.0;2.0;0.0;0.0;0.0;10.0;4.2;8.0;7.8;6.0;18.6;0.0;5.2;0.0;0.0;8.6;4.2;0.0;4.6;0.0;0.0;0.0;0.0;0.0;0.0;8.0;16.4;888.0
Paracuru;PARACURU;-3.4301666666667;-39.035972222222;2005;5;288.4;0.0;0.0;0.0;0.0;22.6;2.2;22.0;0.0;3.6;0.0;0.0;13.0;25.4;10.0;0.0;0.0;11.4;30.6;29.4;7.4;4.2;0.0;45.4;33.0;8.4;0.0;10.0;0.0;0.0;4.6;5.2
Paracuru;PARACURU;-3.4301666666667;-39.035972222222;2005;6;218.0;7.6;9.2;18.4;5.6;0.0;3.0;0.0;78.0;0.0;0.0;0.0;0.0;2.0;0.0;3.6;2.0;0.0;2.6;16.2;2.4;0.0;0.0;3.6;44.0;0.0;0.0;15.0;4.8;0.0;0.0;888.0
Paracuru;PARACURU;-3.4301666666667;-39.035972222222;2005;7;42.6;5.4;0.0;16.4;3.6;0.0;0.0;0.0;5.4;3.8;0.0;0.0;8.0;0.0;0.0;0.0;0.0;0.0;0.0;0.0;0.0;0.0;0.0;0.0;0.0;0.0;0.0;0.0;0.0;0.0;0.0;0.0
Paracuru;PARACURU;-3.4301666666667;-39.035972222222;2005;8;7.0;0.0;0.0;0.0;0.0;0.0;0.0;0.0;0.0;0.0;0.0;0.0;0.0;0.0;0.0;0.0;0.0;0.0;0.0;0.0;0.0;0.0;4.0;0.0;0.0;3.0;0.0;0.0;0.0;0.0;0.0;0.0
Paracuru;PARACURU;-3.4301666666667;-39.035972222222;2005;9;0.0;0.0;0.0;0.0;0.0;0.0;0.0;0.0;0.0;0.0;0.0;0.0;0.0;0.0;0.0;0.0;0.0;0.0;0.0;0.0;0.0;0.0;0.0;0.0;0.0;0.0;0.0;0.0;0.0;0.0;0.0;888.0
Paracuru;PARACURU;-3.4301666666667;-39.035972222222;2005;10;0.0;0.0;0.0;0.0;0.0;0.0;0.0;0.0;0.0;0.0;0.0;0.0;0.0;0.0;0.0;0.0;0.0;0.0;0.0;0.0;0.0;0.0;0.0;0.0;0.0;0.0;0.0;0.0;0.0;0.0;0.0;0.0
Paracuru;PARACURU;-3.4301666666667;-39.035972222222;2005;11;0.0;0.0;0.0;0.0;0.0;0.0;0.0;0.0;0.0;0.0;0.0;0.0;0.0;0.0;0.0;0.0;0.0;0.0;0.0;0.0;0.0;0.0;0.0;0.0;0.0;0.0;0.0;0.0;0.0;0.0;0.0;888.0
Paracuru;PARACURU;-3.4301666666667;-39.035972222222;2005;12;0.0;0.0;0.0;0.0;0.0;0.0;0.0;0.0;0.0;0.0;0.0;0.0;0.0;0.0;0.0;0.0;0.0;0.0;0.0;0.0;0.0;0.0;0.0;0.0;0.0;0.0;0.0;0.0;0.0;0.0;0.0;0.0
Paracuru;PARACURU;-3.4301666666667;-39.035972222222;2006;1;7.6;0.0;0.0;0.0;0.0;0.0;0.0;0.0;0.0;0.0;0.0;2.2;0.0;0.0;0.0;0.0;0.0;5.4;0.0;0.0;0.0;0.0;0.0;0.0;0.0;0.0;0.0;0.0;0.0;0.0;0.0;0.0
Paracuru;PARACURU;-3.4301666666667;-39.035972222222;2006;2;85.4;0.0;0.0;0.0;0.0;0.0;0.0;0.0;0.0;0.0;0.0;0.0;0.0;8.0;25.2;8.0;0.0;21.2;0.0;0.0;0.0;0.0;0.0;0.0;0.0;13.6;9.4;0.0;0.0;888.0;888.0;888.0
Paracuru;PARACURU;-3.4301666666667;-39.035972222222;2006;3;196.6;4.8;0.0;16.0;13.6;0.0;0.0;0.0;0.0;0.0;0.0;0.0;13.0;3.0;25.0;20.0;24.0;0.0;0.0;3.0;0.0;0.0;6.0;45.6;15.4;0.0;3.0;0.0;0.0;4.2;0.0;0.0
Paracuru;PARACURU;-3.4301666666667;-39.035972222222;2006;4;266.6;0.0;0.0;8.0;0.0;47.0;14.6;9.2;29.2;3.0;0.0;15.6;0.0;0.0;0.0;4.0;15.8;44.6;7.6;0.0;0.0;14.0;7.2;0.0;0.0;23.0;0.0;0.0;0.0;0.0;23.8;888.0
Paracuru;PARACURU;-3.4301666666667;-39.035972222222;2006;5;296.2;79.6;0.0;0.0;0.0;24.2;11.0;0.0;7.6;72.6;9.8;17.6;5.0;0.0;0.0;0.0;0.0;0.0;21.0;0.0;0.0;13.0;0.0;1.0;2.6;3.0;4.0;22.0;0.0;0.0;2.2;0.0
Paracuru;PARACURU;-3.4301666666667;-39.035972222222;2006;6;142.0;0.0;2.0;0.0;0.0;26.0;8.2;0.0;6.0;0.0;0.0;3.0;0.0;2.2;6.4;0.0;38.0;24.2;2.4;13.8;0.0;0.0;0.0;0.0;0.0;0.0;5.0;0.0;0.0;4.8;0.0;888.0
Paracuru;PARACURU;-3.4301666666667;-39.035972222222;2006;7;31.4;0.0;0.0;0.0;0.0;0.0;5.4;0.0;0.0;0.0;0.0;2.4;6.6;0.0;17.0;0.0;0.0;0.0;0.0;0.0;0.0;0.0;0.0;0.0;0.0;0.0;0.0;0.0;0.0;0.0;0.0;0.0
Paracuru;PARACURU;-3.4301666666667;-39.035972222222;2006;8;22.8;0.0;0.0;0.0;0.0;0.0;0.0;0.0;0.0;3.4;11.2;0.0;0.0;4.2;0.0;0.0;0.0;0.0;0.0;0.0;0.0;0.0;0.0;0.0;0.0;4.0;0.0;0.0;0.0;0.0;0.0;0.0
Paracuru;PARACURU;-3.4301666666667;-39.035972222222;2006;9;25.8;0.0;0.0;0.0;0.0;0.0;0.0;0.0;0.0;0.0;0.0;0.0;0.0;0.0;0.0;0.0;0.0;0.0;0.0;0.0;0.0;0.0;0.0;0.0;0.0;0.0;0.0;25.8;0.0;0.0;0.0;888.0
Paracuru;PARACURU;-3.4301666666667;-39.035972222222;2006;10;0.0;0.0;0.0;0.0;0.0;0.0;0.0;0.0;0.0;0.0;0.0;0.0;0.0;0.0;0.0;0.0;0.0;0.0;0.0;0.0;0.0;0.0;0.0;0.0;0.0;0.0;0.0;0.0;0.0;0.0;0.0;0.0
Paracuru;PARACURU;-3.4301666666667;-39.035972222222;2006;11;0.0;0.0;0.0;0.0;0.0;0.0;0.0;0.0;0.0;0.0;0.0;0.0;0.0;0.0;0.0;0.0;0.0;0.0;0.0;0.0;0.0;0.0;0.0;0.0;0.0;0.0;0.0;0.0;0.0;0.0;0.0;888.0
Paracuru;PARACURU;-3.4301666666667;-39.035972222222;2006;12;18.0;0.0;0.0;0.0;0.0;0.0;0.0;0.0;0.0;0.0;0.0;0.0;0.0;0.0;0.0;0.0;0.0;0.0;0.0;0.0;0.0;0.0;0.0;0.0;18.0;0.0;0.0;0.0;0.0;0.0;0.0;0.0
Paracuru;PARACURU;-3.4301666666667;-39.035972222222;2007;1;15.4;0.0;0.0;0.0;0.0;0.0;2.4;6.2;0.0;0.0;3.2;0.0;0.0;0.0;2.0;0.0;0.0;0.0;1.6;0.0;0.0;0.0;0.0;0.0;0.0;0.0;0.0;0.0;0.0;0.0;0.0;0.0
Paracuru;PARACURU;-3.4301666666667;-39.035972222222;2007;2;346.4;5.6;0.0;11.6;0.0;8.0;0.0;0.0;0.0;1.6;0.0;0.0;0.0;0.0;10.6;24.2;11.6;32.2;30.6;30.4;52.0;0.0;27.0;49.2;41.8;0.0;0.0;5.0;5.0;888.0;888.0;888.0
Paracuru;PARACURU;-3.4301666666667;-39.035972222222;2007;3;281.2;24.2;30.4;4.0;17.0;0.0;0.0;5.6;0.0;7.2;0.0;28.4;34.4;37.2;5.2;22.0;5.8;2.0;16.0;0.0;6.0;4.2;0.0;0.0;2.0;0.0;2.0;0.0;22.6;2.6;2.4;0.0
Paracuru;PARACURU;-3.4301666666667;-39.035972222222;2007;4;273.6;0.0;0.0;4.0;0.0;0.0;17.0;0.0;0.0;2.8;37.6;22.4;0.0;7.0;2.4;0.0;3.2;0.0;67.2;0.0;2.0;5.8;29.0;0.0;28.2;0.0;2.6;4.4;4.0;7.0;27.0;888.0
Paracuru;PARACURU;-3.4301666666667;-39.035972222222;2007;5;364.8;6.0;24.0;26.0;6.0;4.8;51.0;0.0;0.0;28.6;0.0;8.0;0.0;52.0;83.6;9.6;0.0;0.0;0.0;0.0;0.0;4.0;10.8;20.0;0.0;0.0;0.0;0.0;0.0;0.0;0.0;30.4
Paracuru;PARACURU;-3.4301666666667;-39.035972222222;2007;6;62.0;0.0;0.0;0.0;0.0;0.0;3.6;5.0;5.4;2.4;10.4;8.6;0.0;5.2;6.2;0.0;0.0;0.0;12.0;0.0;0.0;0.0;0.0;0.0;0.0;0.0;0.0;0.0;3.2;0.0;0.0;888.0
Paracuru;PARACURU;-3.4301666666667;-39.035972222222;2007;7;3.0;3.0;0.0;0.0;0.0;0.0;0.0;0.0;0.0;0.0;0.0;0.0;0.0;0.0;0.0;0.0;0.0;0.0;0.0;0.0;0.0;0.0;0.0;0.0;0.0;0.0;0.0;0.0;0.0;0.0;0.0;0.0
Paracuru;PARACURU;-3.4301666666667;-39.035972222222;2007;8;3.0;3.0;0.0;0.0;0.0;0.0;0.0;0.0;0.0;0.0;0.0;0.0;0.0;0.0;0.0;0.0;0.0;0.0;0.0;0.0;0.0;0.0;0.0;0.0;0.0;0.0;0.0;0.0;0.0;0.0;0.0;0.0
Paracuru;PARACURU;-3.4301666666667;-39.035972222222;2007;9;0.0;0.0;0.0;0.0;0.0;0.0;0.0;0.0;0.0;0.0;0.0;0.0;0.0;0.0;0.0;0.0;0.0;0.0;0.0;0.0;0.0;0.0;0.0;0.0;0.0;0.0;0.0;0.0;0.0;0.0;0.0;888.0
Paracuru;PARACURU;-3.4301666666667;-39.035972222222;2007;10;0.0;0.0;0.0;0.0;0.0;0.0;0.0;0.0;0.0;0.0;0.0;0.0;0.0;0.0;0.0;0.0;0.0;0.0;0.0;0.0;0.0;0.0;0.0;0.0;0.0;0.0;0.0;0.0;0.0;0.0;0.0;0.0
Paracuru;PARACURU;-3.4301666666667;-39.035972222222;2007;11;0.0;0.0;0.0;0.0;0.0;0.0;0.0;0.0;0.0;0.0;0.0;0.0;0.0;0.0;0.0;0.0;0.0;0.0;0.0;0.0;0.0;0.0;0.0;0.0;0.0;0.0;0.0;0.0;0.0;0.0;0.0;888.0
Paracuru;PARACURU;-3.4301666666667;-39.035972222222;2007;12;22.0;0.0;0.0;0.0;0.0;0.0;0.0;0.0;0.0;0.0;0.0;0.0;0.0;0.0;0.0;0.0;0.0;0.0;0.0;0.0;0.0;0.0;0.0;0.0;0.0;0.0;0.0;12.0;10.0;0.0;0.0;0.0
Paracuru;PARACURU;-3.4301666666667;-39.035972222222;2008;1;245.4;13.0;0.0;3.0;28.0;14.0;0.0;0.0;0.0;0.0;0.0;0.0;10.2;20.8;57.0;27.4;9.0;8.2;10.0;0.0;14.2;0.0;0.0;16.0;13.6;0.0;0.0;0.0;0.0;0.0;1.0;0.0
Paracuru;PARACURU;-3.4301666666667;-39.035972222222;2008;2;31.8;9.0;0.0;0.0;0.0;0.0;0.0;0.0;0.0;0.0;0.0;0.0;0.0;0.0;0.0;0.0;0.0;0.0;0.0;7.6;12.0;0.0;1.4;0.0;0.0;0.0;0.0;0.0;0.0;1.8;888.0;888.0
Paracuru;PARACURU;-3.4301666666667;-39.035972222222;2008;3;374.0;8.0;14.6;0.0;0.0;10.0;18.0;0.0;38.2;22.0;4.0;0.0;0.0;58.0;2.6;0.0;1.0;0.0;0.0;7.0;5.2;15.4;0.0;0.0;18.2;9.0;81.0;8.6;35.0;0.0;9.2;9.0
Paracuru;PARACURU;-3.4301666666667;-39.035972222222;2008;4;423.3;16.0;19.4;0.0;0.0;4.0;27.0;0.0;40.2;45.0;0.0;12.0;80.0;32.5;2.6;13.2;0.0;22.0;5.0;0.0;0.0;10.8;14.4;11.8;12.2;0.0;5.4;0.0;0.0;39.8;10.0;888.0
Paracuru;PARACURU;-3.4301666666667;-39.035972222222;2008;5;187.8;0.0;0.0;13.0;91.0;7.2;3.6;0.0;0.0;6.6;17.0;7.0;7.2;10.8;0.0;17.0;0.0;0.0;0.0;0.0;0.0;0.0;0.0;0.0;0.0;0.0;0.0;0.0;7.4;0.0;0.0;0.0
Paracuru;PARACURU;-3.4301666666667;-39.035972222222;2008;6;36.2;0.0;0.0;0.0;0.0;0.0;7.4;3.6;4.2;21.0;0.0;0.0;0.0;0.0;0.0;0.0;0.0;0.0;0.0;0.0;0.0;0.0;0.0;0.0;0.0;0.0;0.0;0.0;0.0;0.0;0.0;888.0
Paracuru;PARACURU;-3.4301666666667;-39.035972222222;2008;7;13.4;7.8;0.0;0.0;0.0;0.0;0.0;0.0;0.0;0.0;0.0;0.0;0.0;0.0;0.0;0.0;0.0;5.6;0.0;0.0;0.0;0.0;0.0;0.0;0.0;0.0;0.0;0.0;0.0;0.0;0.0;0.0
Paracuru;PARACURU;-3.4301666666667;-39.035972222222;2008;8;27.0;0.0;0.0;0.0;0.0;0.0;0.0;0.0;0.0;27.0;0.0;0.0;0.0;0.0;0.0;0.0;0.0;0.0;0.0;0.0;0.0;0.0;0.0;0.0;0.0;0.0;0.0;0.0;0.0;0.0;0.0;0.0
Paracuru;PARACURU;-3.4301666666667;-39.035972222222;2008;9;0.0;0.0;0.0;0.0;0.0;0.0;0.0;0.0;0.0;0.0;0.0;0.0;0.0;0.0;0.0;0.0;0.0;0.0;0.0;0.0;0.0;0.0;0.0;0.0;0.0;0.0;0.0;0.0;0.0;0.0;0.0;888.0
Paracuru;PARACURU;-3.4301666666667;-39.035972222222;2008;10;0.0;0.0;0.0;0.0;0.0;0.0;0.0;0.0;0.0;0.0;0.0;0.0;0.0;0.0;0.0;0.0;0.0;0.0;0.0;0.0;0.0;0.0;0.0;0.0;0.0;0.0;0.0;0.0;0.0;0.0;0.0;0.0
Paracuru;PARACURU;-3.4301666666667;-39.035972222222;2008;11;0.0;0.0;0.0;0.0;0.0;0.0;0.0;0.0;0.0;0.0;0.0;0.0;0.0;0.0;0.0;0.0;0.0;0.0;0.0;0.0;0.0;0.0;0.0;0.0;0.0;0.0;0.0;0.0;0.0;0.0;0.0;888.0
Paracuru;PARACURU;-3.4301666666667;-39.035972222222;2008;12;0.0;0.0;0.0;0.0;0.0;0.0;0.0;0.0;0.0;0.0;0.0;0.0;0.0;0.0;0.0;0.0;0.0;0.0;0.0;0.0;0.0;0.0;0.0;0.0;0.0;0.0;0.0;0.0;0.0;0.0;0.0;0.0
Paracuru;PARACURU;-3.4301666666667;-39.035972222222;2009;1;114.6;0.0;0.0;0.0;0.0;0.0;0.0;0.0;0.0;0.0;0.0;0.0;0.0;0.0;0.0;0.0;0.0;13.2;3.8;0.0;0.0;2.0;37.0;0.0;0.0;23.0;0.0;0.0;0.0;0.0;23.2;12.4
Paracuru;PARACURU;-3.4301666666667;-39.035972222222;2009;2;230.6;15.6;5.0;16.8;13.0;0.0;0.0;0.0;0.0;0.0;0.0;0.0;18.2;0.0;4.0;6.0;0.0;0.0;2.6;13.2;0.0;0.0;6.0;37.8;36.4;20.2;12.6;9.2;14.0;888.0;888.0;888.0
Paracuru;PARACURU;-3.4301666666667;-39.035972222222;2009;3;437.2;12.0;10.4;36.2;11.6;21.0;30.0;8.0;11.8;10.0;0.0;0.0;22.0;11.8;0.0;10.6;45.6;20.8;0.0;0.0;0.0;20.4;21.0;30.2;8.8;9.6;15.0;0.0;3.6;9.4;20.2;37.2
Paracuru;PARACURU;-3.4301666666667;-39.035972222222;2009;4;590.6;34.0;0.0;8.6;13.4;10.8;3.0;14.0;3.0;60.0;12.0;0.0;4.6;81.0;16.6;9.8;14.6;18.4;38.6;11.8;24.2;0.0;45.2;0.0;27.0;66.0;34.2;4.4;11.0;0.0;24.4;888.0
Paracuru;PARACURU;-3.4301666666667;-39.035972222222;2009;5;301.0;3.2;25.0;34.0;16.0;0.0;2.2;0.0;0.0;0.0;0.0;26.2;2.6;9.6;0.0;0.0;0.0;0.0;3.0;24.0;0.0;70.0;2.4;24.2;32.2;20.0;5.4;1.0;0.0;0.0;0.0;0.0
Paracuru;PARACURU;-3.4301666666667;-39.035972222222;2009;6;237.4;0.0;0.0;0.0;0.0;0.0;24.0;0.0;0.0;0.0;6.2;8.0;0.0;0.0;0.0;40.4;0.0;0.0;0.0;35.0;2.0;8.0;5.6;43.0;11.0;54.2;0.0;0.0;0.0;0.0;0.0;888.0
Paracuru;PARACURU;-3.4301666666667;-39.035972222222;2009;7;165.8;0.0;0.0;0.0;3.0;2.0;15.0;3.4;5.0;0.0;0.0;19.6;10.6;5.8;9.0;0.0;0.0;15.0;4.4;22.0;0.0;7.6;8.4;17.0;18.0;0.0;0.0;0.0;0.0;999.0;999.0;999.0
Paracuru;PARACURU;-3.4301666666667;-39.035972222222;2009;8;0.0;0.0;0.0;0.0;0.0;0.0;0.0;0.0;0.0;0.0;0.0;0.0;0.0;0.0;0.0;0.0;0.0;0.0;0.0;0.0;0.0;0.0;0.0;0.0;0.0;0.0;0.0;0.0;0.0;0.0;0.0;0.0
Paracuru;PARACURU;-3.4301666666667;-39.035972222222;2009;9;0.0;0.0;0.0;0.0;0.0;0.0;0.0;0.0;0.0;0.0;0.0;0.0;0.0;0.0;0.0;0.0;0.0;0.0;0.0;0.0;0.0;0.0;0.0;0.0;0.0;0.0;0.0;0.0;0.0;0.0;0.0;888.0
Paracuru;PARACURU;-3.4301666666667;-39.035972222222;2009;10;0.0;0.0;0.0;0.0;0.0;0.0;0.0;0.0;0.0;0.0;0.0;0.0;0.0;0.0;0.0;0.0;0.0;0.0;0.0;0.0;0.0;0.0;0.0;0.0;0.0;0.0;0.0;0.0;0.0;0.0;0.0;0.0
Paracuru;PARACURU;-3.4301666666667;-39.035972222222;2009;11;0.0;0.0;0.0;0.0;0.0;0.0;0.0;0.0;0.0;0.0;0.0;0.0;0.0;0.0;0.0;0.0;0.0;0.0;0.0;0.0;0.0;0.0;0.0;0.0;0.0;0.0;0.0;0.0;0.0;0.0;0.0;888.0
Paracuru;PARACURU;-3.4301666666667;-39.035972222222;2009;12;0.0;0.0;0.0;0.0;0.0;0.0;0.0;0.0;0.0;0.0;0.0;0.0;0.0;0.0;0.0;0.0;0.0;0.0;0.0;0.0;0.0;0.0;0.0;0.0;0.0;0.0;0.0;0.0;0.0;0.0;0.0;0.0
Paracuru;PARACURU;-3.4301666666667;-39.035972222222;2010;1;61.0;0.0;0.0;2.4;4.0;0.0;0.0;0.0;0.0;0.0;0.0;0.0;0.0;0.0;0.0;0.0;0.0;0.0;0.0;0.0;0.0;0.0;0.0;0.0;0.0;0.0;0.0;0.0;6.0;46.0;0.0;2.6
Paracuru;PARACURU;-3.4301666666667;-39.035972222222;2010;2;69.6;13.8;0.0;0.0;0.0;0.0;0.0;0.0;0.0;0.0;14.2;15.8;11.6;0.0;0.0;6.2;0.0;1.0;0.0;0.0;2.2;4.8;0.0;0.0;0.0;0.0;0.0;0.0;0.0;888.0;888.0;888.0
Paracuru;PARACURU;-3.4301666666667;-39.035972222222;2010;3;154.0;0.0;0.0;0.0;0.0;0.0;0.0;0.0;0.0;0.0;0.0;0.0;2.6;11.0;4.6;0.0;6.6;0.0;0.0;8.6;6.2;10.0;7.0;38.0;3.4;3.0;32.6;0.0;8.6;0.0;0.0;11.8
Paracuru;PARACURU;-3.4301666666667;-39.035972222222;2010;4;271.8;12.0;21.4;16.0;40.6;2.4;0.0;0.0;0.0;0.0;5.6;28.0;0.0;22.4;0.0;0.0;0.0;12.4;28.4;2.0;23.0;8.0;14.6;22.0;0.0;0.0;0.0;0.0;13.0;0.0;0.0;888.0
Paracuru;PARACURU;-3.4301666666667;-39.035972222222;2010;5;153.0;51.0;0.0;10.0;3.4;8.2;30.4;0.0;0.0;0.0;0.0;0.0;0.0;0.0;0.0;0.0;0.0;0.0;0.0;0.0;0.0;0.0;0.0;0.0;0.0;0.0;9.8;25.6;0.0;0.0;0.0;14.6
Paracuru;PARACURU;-3.4301666666667;-39.035972222222;2010;6;82.8;31.4;0.0;3.0;0.0;0.0;0.0;0.0;8.0;0.0;0.0;0.0;0.0;4.4;0.0;0.0;0.0;0.0;27.0;0.0;4.2;0.0;0.0;0.0;0.0;0.0;0.0;0.0;0.0;4.8;0.0;888.0
Paracuru;PARACURU;-3.4301666666667;-39.035972222222;2010;7;60.0;0.0;8.4;0.0;7.0;0.0;0.0;0.0;0.0;0.0;0.0;0.0;0.0;0.0;0.0;0.0;12.0;26.0;0.0;2.0;0.0;0.0;0.0;0.0;0.0;0.0;4.6;0.0;0.0;0.0;0.0;0.0
Paracuru;PARACURU;-3.4301666666667;-39.035972222222;2010;8;0.0;0.0;0.0;0.0;0.0;0.0;0.0;0.0;0.0;0.0;0.0;0.0;0.0;0.0;0.0;0.0;0.0;0.0;0.0;0.0;0.0;0.0;0.0;0.0;0.0;0.0;0.0;0.0;0.0;0.0;0.0;0.0
Paracuru;PARACURU;-3.4301666666667;-39.035972222222;2010;9;0.0;0.0;0.0;0.0;0.0;0.0;0.0;0.0;0.0;0.0;0.0;0.0;0.0;0.0;0.0;0.0;0.0;0.0;0.0;0.0;0.0;0.0;0.0;0.0;0.0;0.0;0.0;0.0;0.0;0.0;0.0;888.0
Paracuru;PARACURU;-3.4301666666667;-39.035972222222;2010;10;0.0;0.0;0.0;0.0;0.0;0.0;0.0;0.0;0.0;0.0;0.0;0.0;0.0;0.0;0.0;0.0;0.0;0.0;0.0;0.0;0.0;0.0;0.0;0.0;0.0;0.0;0.0;0.0;0.0;0.0;0.0;0.0
Paracuru;PARACURU;-3.4301666666667;-39.035972222222;2010;11;0.0;0.0;0.0;0.0;0.0;0.0;0.0;0.0;0.0;0.0;0.0;0.0;0.0;0.0;0.0;0.0;0.0;0.0;0.0;0.0;0.0;0.0;0.0;0.0;0.0;0.0;0.0;0.0;0.0;0.0;0.0;888.0
Paracuru;PARACURU;-3.4301666666667;-39.035972222222;2010;12;74.0;0.0;0.0;0.0;0.0;0.0;0.0;0.0;0.0;0.0;0.0;0.0;0.0;0.0;5.0;0.0;4.0;3.0;0.0;11.0;0.0;0.0;0.0;0.0;51.0;0.0;0.0;0.0;0.0;0.0;0.0;0.0
Paracuru;PARACURU;-3.4301666666667;-39.035972222222;2011;1;433.6;0.0;0.0;0.0;0.0;0.0;4.6;0.0;25.0;34.0;84.0;34.0;0.0;3.0;12.4;0.0;0.0;2.0;12.6;0.0;22.0;4.4;25.0;0.0;42.0;80.0;2.0;0.0;13.0;16.4;17.2;0.0
Paracuru;PARACURU;-3.4301666666667;-39.035972222222;2011;2;192.8;0.0;0.0;0.0;0.0;0.0;0.0;0.0;0.0;0.0;16.0;23.8;11.0;53.0;0.0;9.0;22.2;0.0;0.0;0.0;0.0;18.6;0.0;0.0;0.0;4.2;35.0;0.0;0.0;888.0;888.0;888.0
Paracuru;PARACURU;-3.4301666666667;-39.035972222222;2011;3;186.6;0.0;3.6;0.0;0.0;0.0;0.0;3.0;4.0;21.6;19.4;16.0;47.0;0.0;14.0;0.0;17.0;0.0;0.0;0.0;0.0;0.0;0.0;0.0;0.0;8.0;0.0;15.0;7.0;9.0;0.0;2.0
Paracuru;PARACURU;-3.4301666666667;-39.035972222222;2011;4;194.4;0.0;0.0;0.0;11.0;6.4;16.0;0.0;17.0;28.0;47.0;2.4;5.2;0.0;7.0;6.0;24.8;0.0;9.2;5.2;0.0;0.0;0.0;0.0;0.0;3.0;0.0;0.0;0.0;6.2;0.0;888.0
Paracuru;PARACURU;-3.4301666666667;-39.035972222222;2011;5;224.6;0.0;11.4;6.0;45.0;6.0;20.4;0.0;0.0;11.0;0.0;80.4;0.0;0.0;6.4;0.0;0.0;0.0;0.0;0.0;17.0;5.4;0.0;0.0;0.0;4.6;0.0;0.0;0.0;0.0;11.0;0.0
Paracuru;PARACURU;-3.4301666666667;-39.035972222222;2011;6;61.6;0.0;0.0;0.0;11.2;0.0;0.0;0.0;0.0;0.0;0.0;0.0;0.0;0.0;0.0;0.0;0.0;0.0;0.0;22.4;0.0;0.0;0.0;0.0;16.0;7.4;0.0;0.0;4.6;0.0;0.0;888.0
Paracuru;PARACURU;-3.4301666666667;-39.035972222222;2011;7;54.8;0.0;0.0;0.0;0.0;10.8;3.0;0.0;0.0;29.0;0.0;0.0;2.0;0.0;0.0;0.0;10.0;0.0;0.0;0.0;0.0;0.0;0.0;0.0;0.0;0.0;0.0;0.0;0.0;0.0;0.0;0.0
Paracuru;PARACURU;-3.4301666666667;-39.035972222222;2011;8;16.8;16.8;0.0;0.0;0.0;0.0;0.0;0.0;0.0;0.0;0.0;0.0;0.0;0.0;0.0;0.0;0.0;0.0;0.0;0.0;0.0;0.0;0.0;0.0;0.0;0.0;0.0;0.0;0.0;0.0;0.0;0.0
Paracuru;PARACURU;-3.4301666666667;-39.035972222222;2011;9;0.0;0.0;0.0;0.0;0.0;0.0;0.0;0.0;0.0;0.0;0.0;0.0;0.0;0.0;0.0;0.0;0.0;0.0;0.0;0.0;0.0;0.0;0.0;0.0;0.0;0.0;0.0;0.0;0.0;0.0;0.0;888.0
Paracuru;PARACURU;-3.4301666666667;-39.035972222222;2011;10;0.0;0.0;0.0;0.0;0.0;0.0;999.0;0.0;0.0;0.0;0.0;0.0;0.0;0.0;0.0;0.0;0.0;0.0;0.0;0.0;0.0;0.0;0.0;0.0;0.0;0.0;0.0;0.0;0.0;0.0;0.0;0.0
Paracuru;PARACURU;-3.4301666666667;-39.035972222222;2011;11;0.0;0.0;0.0;0.0;0.0;0.0;0.0;0.0;0.0;0.0;0.0;0.0;0.0;0.0;0.0;0.0;0.0;0.0;0.0;0.0;0.0;0.0;0.0;0.0;0.0;0.0;0.0;0.0;0.0;0.0;0.0;888.0
Paracuru;PARACURU;-3.4301666666667;-39.035972222222;2011;12;0.0;0.0;0.0;0.0;0.0;0.0;0.0;0.0;0.0;0.0;0.0;0.0;0.0;0.0;0.0;0.0;0.0;0.0;0.0;0.0;0.0;0.0;0.0;0.0;0.0;0.0;0.0;0.0;0.0;0.0;0.0;0.0
Paracuru;PARACURU;-3.4301666666667;-39.035972222222;2012;1;23.2;0.0;0.0;0.0;0.0;0.0;0.0;0.0;0.0;5.0;0.0;0.0;0.0;0.0;0.0;0.0;0.0;0.0;0.0;0.0;7.4;3.6;0.0;0.0;0.0;0.0;0.0;0.0;0.0;7.2;0.0;0.0
Paracuru;PARACURU;-3.4301666666667;-39.035972222222;2012;2;181.4;0.0;0.0;0.0;0.0;0.0;0.0;0.0;0.0;0.0;0.0;17.0;3.6;0.0;0.0;7.0;8.0;3.0;17.0;0.0;0.0;9.0;4.0;3.0;13.4;0.0;6.0;0.0;15.4;75.0;888.0;888.0
Paracuru;PARACURU;-3.4301666666667;-39.035972222222;2012;3;220.6;0.0;0.0;0.0;0.0;0.0;0.0;0.0;0.0;12.0;62.2;0.0;0.0;9.0;5.4;4.6;8.0;0.0;0.0;0.0;3.0;23.0;0.0;0.0;5.0;0.0;6.4;45.0;34.0;0.0;0.0;3.0
Paracuru;PARACURU;-3.4301666666667;-39.035972222222;2012;4;134.0;0.0;0.0;28.0;0.0;0.0;0.0;0.0;0.0;0.0;0.0;0.0;0.0;0.0;0.0;0.0;20.0;8.6;5.0;0.0;6.0;34.4;24.4;0.0;0.0;7.6;0.0;0.0;0.0;0.0;0.0;888.0
Paracuru;PARACURU;-3.4301666666667;-39.035972222222;2012;5;57.4;0.0;0.0;3.0;0.0;0.0;0.0;0.0;0.0;0.0;0.0;0.0;0.0;0.0;0.0;0.0;0.0;0.0;0.0;0.0;9.0;0.0;0.0;12.4;33.0;0.0;0.0;0.0;0.0;0.0;0.0;0.0
Paracuru;PARACURU;-3.4301666666667;-39.035972222222;2012;6;29.0;0.0;0.0;0.0;0.0;0.0;0.0;0.0;0.0;0.0;0.0;0.0;4.0;0.0;0.0;0.0;0.0;0.0;0.0;0.0;12.0;0.0;0.0;13.0;0.0;0.0;0.0;0.0;0.0;0.0;0.0;888.0
Paracuru;PARACURU;-3.4301666666667;-39.035972222222;2012;7;0.0;0.0;0.0;0.0;0.0;0.0;0.0;0.0;0.0;0.0;0.0;0.0;0.0;0.0;0.0;0.0;0.0;0.0;0.0;0.0;0.0;0.0;0.0;0.0;0.0;0.0;0.0;0.0;0.0;0.0;0.0;0.0
Paracuru;PARACURU;-3.4301666666667;-39.035972222222;2012;8;0.0;0.0;0.0;0.0;0.0;0.0;0.0;0.0;0.0;0.0;0.0;0.0;0.0;0.0;0.0;0.0;0.0;0.0;0.0;0.0;0.0;0.0;0.0;0.0;0.0;0.0;0.0;0.0;0.0;0.0;0.0;0.0
Paracuru;PARACURU;-3.4301666666667;-39.035972222222;2012;9;0.0;0.0;0.0;0.0;0.0;0.0;0.0;0.0;0.0;0.0;0.0;0.0;0.0;0.0;0.0;0.0;0.0;0.0;0.0;0.0;0.0;0.0;0.0;0.0;0.0;0.0;0.0;0.0;0.0;0.0;0.0;888.0
Paracuru;PARACURU;-3.4301666666667;-39.035972222222;2012;10;0.0;0.0;0.0;0.0;0.0;0.0;0.0;0.0;0.0;0.0;0.0;0.0;0.0;0.0;0.0;0.0;0.0;0.0;0.0;0.0;0.0;0.0;0.0;0.0;0.0;0.0;0.0;0.0;0.0;0.0;0.0;0.0
Paracuru;PARACURU;-3.4301666666667;-39.035972222222;2012;11;0.0;0.0;0.0;0.0;0.0;0.0;0.0;0.0;0.0;0.0;0.0;0.0;0.0;0.0;0.0;0.0;0.0;0.0;0.0;0.0;0.0;0.0;0.0;0.0;0.0;0.0;0.0;0.0;0.0;0.0;0.0;888.0
Paracuru;PARACURU;-3.4301666666667;-39.035972222222;2012;12;0.0;0.0;0.0;0.0;0.0;0.0;0.0;0.0;0.0;0.0;0.0;0.0;0.0;0.0;0.0;0.0;0.0;0.0;0.0;0.0;0.0;0.0;0.0;0.0;0.0;0.0;0.0;0.0;0.0;0.0;0.0;0.0
Paracuru;PARACURU;-3.4301666666667;-39.035972222222;2013;1;52.6;0.0;0.0;0.0;21.0;10.0;0.0;0.0;0.0;0.0;0.0;0.0;0.0;0.0;0.0;0.0;5.6;0.0;0.0;0.0;16.0;0.0;0.0;0.0;0.0;0.0;0.0;0.0;0.0;0.0;0.0;0.0
Paracuru;PARACURU;-3.4301666666667;-39.035972222222;2013;2;99.0;0.0;0.0;0.0;0.0;0.0;0.0;0.0;0.0;0.0;0.0;0.0;0.0;3.0;0.0;18.0;13.0;4.0;14.4;4.6;35.0;7.0;0.0;0.0;0.0;0.0;0.0;0.0;0.0;888.0;888.0;888.0
Paracuru;PARACURU;-3.4301666666667;-39.035972222222;2013;3;40.4;0.0;0.0;0.0;0.0;0.0;0.0;0.0;0.0;0.0;0.0;0.0;0.0;0.0;0.0;0.0;8.4;0.0;0.0;0.0;0.0;0.0;0.0;0.0;5.0;9.0;0.0;18.0;0.0;0.0;0.0;0.0
Paracuru;PARACURU;-3.4301666666667;-39.035972222222;2013;4;230.2;0.0;0.0;0.0;0.0;29.2;10.0;0.0;0.0;0.0;0.0;0.0;0.0;0.0;0.0;6.0;5.0;11.0;0.0;34.0;30.0;0.0;0.0;40.0;6.0;0.0;0.0;0.0;49.0;0.0;10.0;888.0
Paracuru;PARACURU;-3.4301666666667;-39.035972222222;2013;5;260.0;13.0;18.0;0.0;0.0;0.0;0.0;0.0;0.0;0.0;0.0;8.0;4.0;0.0;27.4;98.0;0.0;0.0;0.0;69.0;4.0;3.0;0.0;15.6;0.0;0.0;0.0;0.0;0.0;0.0;0.0;0.0
Paracuru;PARACURU;-3.4301666666667;-39.035972222222;2013;6;121.4;0.0;0.0;0.0;0.0;5.0;0.0;12.0;0.0;0.0;0.0;9.4;10.0;0.0;0.0;6.0;0.0;0.0;0.0;3.0;0.0;8.0;19.6;0.0;11.0;0.0;0.0;5.0;6.4;26.0;0.0;888.0
Paracuru;PARACURU;-3.4301666666667;-39.035972222222;2013;7;120.2;0.0;0.0;5.0;8.4;0.0;6.0;14.0;0.0;0.0;0.0;0.0;29.0;0.0;0.0;2.2;0.0;0.0;0.0;29.0;0.0;0.0;0.0;0.0;0.0;0.0;5.4;21.2;0.0;0.0;0.0;0.0
Paracuru;PARACURU;-3.4301666666667;-39.035972222222;2013;8;0.0;0.0;0.0;0.0;0.0;0.0;0.0;0.0;0.0;0.0;0.0;0.0;0.0;0.0;0.0;0.0;0.0;0.0;0.0;0.0;0.0;0.0;0.0;0.0;0.0;0.0;0.0;0.0;0.0;0.0;0.0;0.0
Paracuru;PARACURU;-3.4301666666667;-39.035972222222;2013;9;0.0;0.0;0.0;0.0;0.0;0.0;0.0;0.0;0.0;0.0;0.0;0.0;0.0;0.0;0.0;0.0;0.0;0.0;0.0;0.0;0.0;0.0;0.0;0.0;0.0;0.0;0.0;0.0;0.0;0.0;0.0;888.0
Paracuru;PARACURU;-3.4301666666667;-39.035972222222;2013;10;0.0;0.0;0.0;0.0;0.0;0.0;0.0;0.0;0.0;0.0;0.0;0.0;0.0;0.0;0.0;0.0;0.0;0.0;0.0;0.0;0.0;0.0;0.0;0.0;0.0;0.0;0.0;0.0;0.0;0.0;0.0;0.0
Paracuru;PARACURU;-3.4301666666667;-39.035972222222;2013;11;0.0;0.0;0.0;0.0;0.0;0.0;0.0;0.0;0.0;0.0;0.0;0.0;0.0;0.0;0.0;0.0;0.0;0.0;0.0;0.0;0.0;0.0;0.0;0.0;0.0;0.0;0.0;0.0;0.0;0.0;0.0;888.0
Paracuru;PARACURU;-3.4301666666667;-39.035972222222;2013;12;7.0;0.0;0.0;0.0;0.0;0.0;0.0;0.0;0.0;0.0;0.0;0.0;0.0;0.0;0.0;0.0;0.0;0.0;0.0;0.0;0.0;7.0;0.0;0.0;0.0;0.0;0.0;0.0;0.0;0.0;0.0;0.0
Paracuru;PARACURU;-3.4301666666667;-39.035972222222;2014;1;48.0;0.0;0.0;0.0;0.0;0.0;3.0;0.0;20.0;0.0;0.0;0.0;0.0;0.0;0.0;0.0;0.0;0.0;0.0;0.0;0.0;0.0;0.0;7.0;0.0;0.0;0.0;3.0;0.0;0.0;0.0;15.0
Paracuru;PARACURU;-3.4301666666667;-39.035972222222;2014;2;60.4;0.0;0.0;4.0;42.0;0.0;0.0;0.0;0.0;0.0;0.0;0.0;0.0;0.0;0.0;0.0;0.0;5.4;0.0;9.0;0.0;0.0;0.0;0.0;0.0;0.0;0.0;0.0;0.0;888.0;888.0;888.0
Paracuru;PARACURU;-3.4301666666667;-39.035972222222;2014;3;156.0;0.0;0.0;0.0;0.0;0.0;0.0;0.0;0.0;0.0;0.0;0.0;0.0;38.0;25.0;0.0;0.0;26.0;0.0;24.0;0.0;0.0;0.0;0.0;0.0;0.0;6.0;0.0;0.0;0.0;23.0;14.0
Paracuru;PARACURU;-3.4301666666667;-39.035972222222;2014;4;302.4;7.0;27.2;39.4;7.5;0.0;2.0;7.0;33.0;37.0;67.8;0.0;0.0;0.0;0.0;17.6;1.0;10.5;23.2;3.5;6.7;11.0;0.0;0.0;0.0;0.0;0.0;0.0;1.0;0.0;0.0;888.0
Paracuru;PARACURU;-3.4301666666667;-39.035972222222;2014;5;153.3;0.0;0.0;0.0;0.0;7.4;0.0;0.0;0.0;19.2;0.0;0.0;6.0;10.0;6.0;30.7;14.0;0.0;0.0;0.0;1.0;8.0;4.0;12.0;7.0;0.0;0.0;0.0;0.0;28.0;0.0;0.0
Paracuru;PARACURU;-3.4301666666667;-39.035972222222;2014;6;31.0;0.0;0.0;0.0;0.0;0.0;0.0;12.0;0.0;0.0;0.0;0.0;0.0;3.0;0.0;0.0;0.0;4.0;0.0;0.0;7.0;0.0;0.0;0.0;5.0;0.0;0.0;0.0;0.0;0.0;0.0;888.0
Paracuru;PARACURU;-3.4301666666667;-39.035972222222;2014;7;3.0;0.0;0.0;0.0;0.0;0.0;0.0;0.0;0.0;0.0;0.0;0.0;0.0;0.0;0.0;0.0;0.0;0.0;0.0;0.0;0.0;0.0;0.0;3.0;0.0;0.0;0.0;0.0;0.0;0.0;0.0;0.0
Paracuru;PARACURU;-3.4301666666667;-39.035972222222;2014;8;0.0;0.0;0.0;0.0;0.0;0.0;0.0;0.0;0.0;0.0;0.0;0.0;0.0;0.0;0.0;0.0;0.0;0.0;0.0;0.0;0.0;0.0;0.0;0.0;0.0;0.0;0.0;0.0;0.0;0.0;0.0;0.0
Paracuru;PARACURU;-3.4301666666667;-39.035972222222;2014;9;0.0;0.0;0.0;0.0;0.0;0.0;0.0;0.0;0.0;0.0;0.0;0.0;0.0;0.0;0.0;0.0;0.0;0.0;0.0;0.0;0.0;0.0;0.0;0.0;0.0;0.0;0.0;0.0;0.0;0.0;0.0;888.0
Paracuru;PARACURU;-3.4301666666667;-39.035972222222;2014;10;0.0;0.0;0.0;0.0;0.0;0.0;0.0;0.0;0.0;0.0;0.0;0.0;0.0;0.0;0.0;0.0;0.0;0.0;0.0;0.0;0.0;0.0;0.0;0.0;0.0;0.0;0.0;0.0;0.0;0.0;0.0;0.0
Paracuru;PARACURU;-3.4301666666667;-39.035972222222;2014;11;0.0;0.0;0.0;0.0;0.0;0.0;0.0;0.0;0.0;0.0;0.0;0.0;0.0;0.0;0.0;0.0;0.0;0.0;0.0;0.0;0.0;0.0;0.0;0.0;0.0;0.0;0.0;0.0;0.0;0.0;0.0;888.0
Paracuru;PARACURU;-3.4301666666667;-39.035972222222;2014;12;0.0;0.0;0.0;0.0;0.0;0.0;0.0;0.0;0.0;0.0;0.0;0.0;0.0;0.0;0.0;0.0;0.0;0.0;0.0;0.0;0.0;0.0;0.0;0.0;0.0;0.0;0.0;0.0;0.0;0.0;0.0;0.0
Paracuru;PARACURU;-3.4301666666667;-39.035972222222;2015;1;52.2;0.0;0.0;27.0;5.0;11.0;0.0;0.0;9.2;0.0;0.0;0.0;0.0;0.0;0.0;0.0;0.0;0.0;0.0;0.0;0.0;0.0;0.0;0.0;0.0;0.0;0.0;0.0;0.0;0.0;0.0;0.0
Paracuru;PARACURU;-3.4301666666667;-39.035972222222;2015;2;196.7;0.0;0.0;0.0;0.0;0.0;0.0;0.0;0.0;0.0;0.0;0.0;0.0;0.0;0.0;0.0;0.0;0.0;0.0;5.7;3.0;20.0;10.0;6.0;79.0;53.0;20.0;0.0;0.0;888.0;888.0;888.0
Paracuru;PARACURU;-3.4301666666667;-39.035972222222;2015;3;292.3;0.0;75.0;9.0;0.0;0.0;15.9;26.8;13.0;13.8;8.0;14.8;0.0;0.8;0.0;0.0;0.0;0.0;0.0;0.0;8.5;0.0;25.5;33.4;15.2;0.0;4.4;14.2;0.0;4.6;2.4;7.0
Paracuru;PARACURU;-3.4301666666667;-39.035972222222;2015;4;310.8;1.6;2.0;13.0;26.0;14.8;0.0;0.0;0.0;19.8;44.4;0.8;14.4;3.2;70.0;49.4;1.2;0.0;0.0;8.0;0.0;0.0;3.0;15.0;11.0;7.0;0.0;0.0;0.0;6.2;0.0;888.0
Paracuru;PARACURU;-3.4301666666667;-39.035972222222;2015;5;71.8;0.0;0.0;0.0;8.2;0.0;0.0;6.4;0.0;0.0;0.0;0.0;0.0;0.0;7.6;1.6;0.0;0.0;0.0;0.0;0.0;0.0;1.0;5.2;0.0;1.2;0.0;20.6;0.0;20.0;0.0;0.0
Paracuru;PARACURU;-3.4301666666667;-39.035972222222;2015;6;81.2;0.0;0.0;0.0;22.2;40.0;0.0;0.0;2.0;0.0;0.0;0.0;0.0;0.0;0.0;0.0;0.0;0.0;0.0;0.0;0.0;0.0;0.0;0.0;0.0;0.0;0.0;0.0;0.0;17.0;0.0;888.0
Paracuru;PARACURU;-3.4301666666667;-39.035972222222;2015;7;11.4;6.7;0.0;4.7;0.0;0.0;0.0;0.0;0.0;0.0;0.0;0.0;0.0;0.0;0.0;0.0;0.0;0.0;0.0;0.0;0.0;0.0;0.0;0.0;0.0;0.0;0.0;0.0;0.0;0.0;0.0;0.0
Paracuru;PARACURU;-3.4301666666667;-39.035972222222;2015;8;0.0;0.0;0.0;0.0;0.0;0.0;0.0;0.0;0.0;0.0;0.0;0.0;0.0;0.0;0.0;0.0;0.0;0.0;0.0;0.0;0.0;0.0;0.0;0.0;0.0;0.0;0.0;0.0;0.0;0.0;0.0;0.0
Paracuru;PARACURU;-3.4301666666667;-39.035972222222;2015;9;0.0;0.0;0.0;0.0;0.0;0.0;0.0;0.0;0.0;0.0;0.0;0.0;0.0;0.0;0.0;0.0;0.0;0.0;0.0;0.0;0.0;0.0;0.0;0.0;0.0;0.0;0.0;0.0;0.0;0.0;0.0;888.0
Paracuru;PARACURU;-3.4301666666667;-39.035972222222;2015;10;0.0;0.0;0.0;0.0;0.0;0.0;0.0;0.0;0.0;0.0;0.0;0.0;0.0;0.0;0.0;0.0;0.0;0.0;0.0;0.0;0.0;0.0;0.0;0.0;0.0;0.0;0.0;0.0;0.0;0.0;0.0;0.0
Paracuru;PARACURU;-3.4301666666667;-39.035972222222;2015;11;0.0;0.0;0.0;0.0;0.0;0.0;0.0;0.0;0.0;0.0;0.0;0.0;0.0;0.0;0.0;0.0;0.0;0.0;0.0;0.0;0.0;0.0;0.0;0.0;0.0;0.0;0.0;0.0;0.0;0.0;0.0;888.0
Paracuru;PARACURU;-3.4301666666667;-39.035972222222;2015;12;11.0;0.0;0.0;0.0;0.0;0.0;0.0;0.0;0.0;0.0;0.0;0.0;0.0;0.0;0.0;0.0;0.0;11.0;0.0;0.0;0.0;0.0;0.0;0.0;0.0;0.0;0.0;0.0;0.0;0.0;0.0;0.0
Paracuru;PARACURU;-3.4301666666667;-39.035972222222;2016;1;371.3;0.0;0.0;0.0;0.0;0.0;0.0;26.0;0.0;0.0;30.0;21.0;0.0;0.0;0.0;0.0;0.0;9.5;0.8;122.0;0.0;76.0;15.0;0.0;8.0;43.0;0.0;12.0;8.0;0.0;0.0;0.0
Paracuru;PARACURU;-3.4301666666667;-39.035972222222;2016;2;255.7;0.0;49.0;22.0;6.0;0.0;0.0;0.0;12.0;0.0;0.0;0.0;0.0;0.0;0.0;0.0;0.0;0.0;0.0;17.5;36.0;40.4;0.0;7.2;36.0;0.0;0.0;0.0;0.0;29.6;888.0;888.0
Paracuru;PARACURU;-3.4301666666667;-39.035972222222;2016;3;258.4;0.0;0.0;0.0;0.0;0.0;0.0;0.0;0.0;4.4;0.0;0.0;6.4;0.0;26.6;26.1;23.0;3.4;25.4;0.0;0.0;0.0;19.2;0.0;10.4;0.0;26.0;46.0;15.0;3.0;7.4;16.1
Paracuru;PARACURU;-3.4301666666667;-39.035972222222;2016;4;658.7;36.2;89.0;89.9;11.6;6.5;13.8;150.0;72.2;7.1;15.2;7.2;17.2;0.0;0.0;0.0;16.2;0.0;0.0;0.0;0.0;0.0;74.0;52.6;0.0;0.0;0.0;0.0;0.0;0.0;0.0;888.0
Paracuru;PARACURU;-3.4301666666667;-39.035972222222;2016;5;114.6;0.0;0.0;34.6;0.0;0.0;0.0;0.0;10.0;50.6;0.0;0.0;0.0;0.0;0.0;0.0;0.3;0.0;0.0;0.0;0.0;0.7;0.0;0.0;0.8;0.0;0.0;17.6;0.0;0.0;0.0;0.0
Paracuru;PARACURU;-3.4301666666667;-39.035972222222;2016;6;0.0;0.0;0.0;0.0;0.0;0.0;0.0;0.0;0.0;0.0;0.0;0.0;0.0;0.0;0.0;0.0;0.0;0.0;0.0;0.0;0.0;0.0;0.0;0.0;0.0;0.0;0.0;0.0;0.0;0.0;0.0;888.0
Paracuru;PARACURU;-3.4301666666667;-39.035972222222;2016;7;0.0;0.0;0.0;0.0;0.0;0.0;0.0;0.0;0.0;0.0;0.0;0.0;0.0;0.0;0.0;0.0;0.0;0.0;0.0;0.0;0.0;0.0;0.0;0.0;0.0;0.0;0.0;0.0;0.0;0.0;0.0;0.0
Paracuru;PARACURU;-3.4301666666667;-39.035972222222;2016;8;0.0;0.0;0.0;0.0;0.0;0.0;0.0;0.0;0.0;0.0;0.0;0.0;0.0;0.0;0.0;0.0;0.0;0.0;0.0;0.0;0.0;0.0;0.0;0.0;0.0;0.0;0.0;0.0;0.0;0.0;0.0;0.0
Paracuru;PARACURU;-3.4301666666667;-39.035972222222;2016;9;0.0;0.0;0.0;0.0;0.0;0.0;0.0;0.0;0.0;0.0;0.0;0.0;0.0;0.0;0.0;0.0;0.0;0.0;0.0;0.0;0.0;0.0;0.0;0.0;0.0;0.0;0.0;0.0;0.0;0.0;0.0;888.0
Paracuru;PARACURU;-3.4301666666667;-39.035972222222;2016;10;0.0;0.0;0.0;0.0;0.0;0.0;0.0;0.0;0.0;0.0;0.0;0.0;0.0;0.0;0.0;0.0;0.0;0.0;0.0;0.0;0.0;0.0;0.0;0.0;0.0;0.0;0.0;0.0;0.0;0.0;0.0;0.0
Paracuru;PARACURU;-3.4301666666667;-39.035972222222;2016;11;0.0;0.0;0.0;0.0;0.0;0.0;0.0;0.0;0.0;0.0;0.0;0.0;0.0;0.0;0.0;0.0;0.0;0.0;0.0;0.0;0.0;0.0;0.0;0.0;0.0;0.0;0.0;0.0;0.0;0.0;0.0;888.0
Paracuru;PARACURU;-3.4301666666667;-39.035972222222;2016;12;0.0;0.0;0.0;0.0;0.0;0.0;0.0;0.0;0.0;0.0;0.0;0.0;0.0;0.0;0.0;0.0;0.0;0.0;0.0;0.0;0.0;0.0;0.0;0.0;0.0;0.0;0.0;0.0;0.0;0.0;0.0;0.0
Paracuru;PARACURU;-3.4301666666667;-39.035972222222;2017;1;0.0;0.0;0.0;0.0;0.0;999.0;999.0;999.0;999.0;999.0;999.0;999.0;999.0;999.0;999.0;999.0;999.0;999.0;999.0;999.0;999.0;999.0;999.0;999.0;999.0;999.0;999.0;999.0;999.0;999.0;999.0;999.0
Paracuru;PARACURU;-3.4301666666667;-39.035972222222;2017;2;90.8;40.0;0.0;0.0;0.0;0.0;0.0;0.0;0.0;0.0;0.0;50.0;0.0;0.0;0.0;0.0;0.0;0.0;0.0;0.8;0.0;0.0;0.0;0.0;0.0;0.0;0.0;0.0;0.0;888.0;888.0;888.0
Paracuru;PARACURU;-3.4301666666667;-39.035972222222;2017;3;337.0;0.0;21.0;0.0;0.0;0.0;0.0;9.0;18.0;17.0;0.0;0.0;0.0;45.0;40.0;0.0;0.0;0.0;0.0;0.0;0.0;9.0;8.0;35.0;57.0;17.0;27.0;0.0;21.0;0.0;13.0;0.0
Paracuru;PARACURU;-3.4301666666667;-39.035972222222;2017;4;109.0;0.0;0.0;0.0;0.0;0.0;0.0;0.0;0.0;0.0;0.0;109.0;0.0;0.0;0.0;0.0;0.0;0.0;0.0;0.0;0.0;0.0;0.0;0.0;0.0;0.0;0.0;0.0;0.0;0.0;0.0;888.0
Paracuru;PARACURU;-3.4301666666667;-39.035972222222;2017;5;8.0;0.0;0.0;0.0;0.0;0.0;0.0;0.0;0.0;0.0;0.0;0.0;0.0;0.0;0.0;0.0;0.0;0.0;0.0;0.0;0.0;0.0;0.0;0.0;0.0;0.0;0.0;0.0;0.0;0.0;0.0;8.0
Paracuru;PARACURU;-3.4301666666667;-39.035972222222;2017;6;112.2;0.0;0.0;0.2;1.2;2.0;0.0;0.0;0.0;0.0;0.0;0.0;1.9;0.0;7.1;2.9;6.2;0.0;0.0;78.8;3.0;0.0;0.0;0.0;0.0;0.0;0.0;0.0;1.2;1.2;6.5;888.0
Paracuru;PARACURU;-3.4301666666667;-39.035972222222;2017;7;62.3;0.0;0.0;0.4;0.0;0.0;38.4;1.8;0.0;0.0;0.0;0.0;0.0;0.0;0.0;0.0;0.0;0.0;0.0;0.0;5.2;14.3;0.0;2.2;0.0;0.0;0.0;0.0;0.0;0.0;0.0;0.0
Paracuru;PARACURU;-3.4301666666667;-39.035972222222;2017;8;1.4;1.4;0.0;0.0;0.0;0.0;0.0;0.0;0.0;0.0;0.0;0.0;0.0;0.0;0.0;0.0;0.0;0.0;0.0;0.0;0.0;0.0;0.0;0.0;0.0;0.0;0.0;0.0;0.0;0.0;0.0;0.0
Paracuru;PARACURU;-3.4301666666667;-39.035972222222;2017;9;0.0;0.0;0.0;0.0;0.0;0.0;0.0;0.0;0.0;0.0;0.0;0.0;0.0;0.0;0.0;0.0;0.0;0.0;0.0;0.0;0.0;0.0;0.0;0.0;0.0;0.0;0.0;0.0;0.0;0.0;0.0;888.0
Paracuru;PARACURU;-3.4301666666667;-39.035972222222;2017;10;3.0;0.0;0.0;0.0;0.0;0.0;0.0;0.0;0.0;0.0;0.0;0.0;0.0;0.0;0.0;0.0;0.0;3.0;0.0;0.0;0.0;0.0;0.0;0.0;0.0;0.0;0.0;0.0;0.0;0.0;0.0;0.0
Paracuru;PARACURU;-3.4301666666667;-39.035972222222;2017;11;0.0;0.0;0.0;0.0;0.0;0.0;0.0;0.0;0.0;0.0;0.0;0.0;0.0;0.0;0.0;0.0;0.0;0.0;0.0;0.0;0.0;0.0;0.0;0.0;0.0;0.0;0.0;0.0;0.0;0.0;0.0;888.0
Paracuru;PARACURU;-3.4301666666667;-39.035972222222;2017;12;0.0;0.0;0.0;0.0;0.0;0.0;0.0;0.0;0.0;0.0;0.0;0.0;0.0;0.0;0.0;0.0;0.0;0.0;0.0;0.0;0.0;0.0;0.0;0.0;0.0;0.0;0.0;0.0;0.0;0.0;0.0;0.0
Paracuru;PARACURU;-3.4301666666667;-39.035972222222;2018;1;91.9;0.0;0.0;0.0;0.0;0.0;0.0;9.2;0.0;0.0;0.0;0.0;0.0;0.0;0.0;1.8;0.0;0.0;3.8;10.2;0.0;0.0;0.0;0.0;2.9;0.0;0.0;0.0;39.2;0.0;0.0;24.8
Paracuru;PARACURU;-3.4301666666667;-39.035972222222;2018;2;167.4;0.0;5.4;7.2;7.6;0.0;5.8;1.2;5.9;0.0;0.0;0.0;1.6;47.6;0.0;44.0;0.0;11.4;3.7;3.7;4.0;0.0;0.0;2.3;0.0;0.0;10.8;0.0;5.2;888.0;888.0;888.0
Paracuru;PARACURU;-3.4301666666667;-39.035972222222;2018;3;113.9;5.8;1.0;0.0;2.4;1.7;2.8;4.0;21.6;0.0;8.4;1.2;0.0;1.9;2.0;0.0;0.0;0.0;0.0;6.7;0.0;0.0;0.0;0.0;9.8;1.7;0.6;1.8;15.0;9.6;15.9;0.0
Paracuru;PARACURU;-3.4301666666667;-39.035972222222;2018;4;268.4;6.0;7.7;14.0;1.6;10.6;3.0;2.1;4.0;0.0;5.3;4.6;11.4;1.3;0.1;0.0;86.2;29.8;16.6;0.0;0.0;0.0;13.5;0.0;11.6;0.0;4.2;0.0;1.6;0.0;33.2;888.0
Paracuru;PARACURU;-3.4301666666667;-39.035972222222;2018;5;197.0;7.9;31.2;0.0;0.0;3.0;46.0;12.6;4.6;3.8;52.6;6.6;0.0;0.0;0.7;2.4;0.2;2.4;7.6;0.0;0.0;0.0;0.0;0.0;0.0;12.2;3.2;0.0;0.0;0.0;0.0;0.0
Paracuru;PARACURU;-3.4301666666667;-39.035972222222;2018;6;121.9;6.8;0.0;0.0;0.0;0.0;0.0;8.8;33.0;1.0;0.0;0.0;0.0;0.0;0.0;0.0;0.0;1.6;14.3;46.8;2.6;0.0;0.0;0.0;0.0;7.0;0.0;0.0;0.0;0.0;0.0;888.0
Paracuru;PARACURU;-3.4301666666667;-39.035972222222;2018;7;161.3;0.0;0.0;0.0;0.0;0.0;0.0;60.8;43.8;11.2;7.8;33.2;1.3;0.0;0.0;0.0;0.0;0.0;0.0;0.0;0.0;2.6;0.0;0.0;0.0;0.0;0.0;0.0;0.0;0.0;0.6;0.0
Paracuru;PARACURU;-3.4301666666667;-39.035972222222;2018;8;11.0;0.0;5.8;0.0;0.0;0.0;0.0;1.2;0.0;0.0;0.0;4.0;0.0;0.0;0.0;0.0;0.0;0.0;0.0;0.0;0.0;0.0;0.0;0.0;0.0;0.0;0.0;0.0;0.0;0.0;0.0;0.0
Paracuru;PARACURU;-3.4301666666667;-39.035972222222;2018;9;0.0;0.0;0.0;0.0;0.0;0.0;0.0;0.0;0.0;0.0;0.0;0.0;999.0;999.0;999.0;999.0;999.0;999.0;999.0;999.0;999.0;999.0;999.0;999.0;999.0;999.0;999.0;999.0;999.0;999.0;999.0;888.0
