Municipios;Postos;Latitude;Longitude;Anos;Meses;Total;Dia1;Dia2;Dia3;Dia4;Dia5;Dia6;Dia7;Dia8;Dia9;Dia10;Dia11;Dia12;Dia13;Dia14;Dia15;Dia16;Dia17;Dia18;Dia19;Dia20;Dia21;Dia22;Dia23;Dia24;Dia25;Dia26;Dia27;Dia28;Dia29;Dia30;Dia31
Paraipaba;PARAIPABA;-3.4379444444444;-39.144805555556;1989;1;138.2;2.5;12.5;0.0;0.0;0.0;0.0;0.0;0.0;0.0;0.0;0.0;0.0;21.5;15.5;0.0;0.0;0.0;0.0;0.0;3.5;0.0;0.0;7.4;49.0;8.3;0.0;18.0;0.0;0.0;0.0;0.0
Paraipaba;PARAIPABA;-3.4379444444444;-39.144805555556;1989;2;102.1;0.0;0.0;0.0;0.0;0.0;0.0;0.0;10.0;0.0;0.0;0.0;0.0;0.0;3.2;17.4;10.0;0.0;0.0;0.0;0.0;41.4;4.2;0.0;0.0;9.5;0.0;3.8;2.6;888.0;888.0;888.0
Paraipaba;PARAIPABA;-3.4379444444444;-39.144805555556;1989;3;360.2;0.0;0.0;27.5;0.0;17.0;10.0;0.0;18.5;0.0;0.0;6.2;0.0;30.5;31.8;0.0;0.0;52.8;44.6;0.0;13.7;0.0;10.8;0.0;0.0;15.8;0.0;32.8;3.7;0.0;0.0;44.5
Paraipaba;PARAIPABA;-3.4379444444444;-39.144805555556;1989;4;309.3;0.0;0.0;15.7;0.0;0.0;10.0;16.2;0.0;0.0;27.8;18.7;3.8;30.4;29.6;8.5;0.0;0.0;4.5;11.8;0.0;22.2;0.0;0.0;10.0;35.6;18.0;16.3;5.0;25.2;0.0;888.0
Paraipaba;PARAIPABA;-3.4379444444444;-39.144805555556;1989;5;254.7;41.2;0.0;4.7;31.0;0.0;24.8;0.0;16.0;1.3;0.0;12.7;9.6;9.7;0.0;29.2;0.0;0.0;0.0;18.2;0.0;0.0;0.0;0.0;26.2;14.2;0.0;0.0;0.0;9.4;6.5;0.0
Paraipaba;PARAIPABA;-3.4379444444444;-39.144805555556;1989;6;203.8;0.0;2.8;41.5;0.0;0.9;0.0;0.0;0.0;0.0;2.5;0.0;3.2;6.4;11.0;20.7;12.5;4.7;0.0;0.0;40.0;0.0;0.0;0.4;0.0;0.0;0.0;24.0;33.2;0.0;0.0;888.0
Paraipaba;PARAIPABA;-3.4379444444444;-39.144805555556;1989;7;17.8;0.0;0.0;0.0;0.0;0.0;0.0;0.0;0.0;0.0;0.0;0.0;0.0;0.0;0.0;0.0;0.0;0.0;0.0;0.0;0.0;0.0;0.0;0.0;7.5;0.0;6.5;3.8;0.0;0.0;0.0;0.0
Paraipaba;PARAIPABA;-3.4379444444444;-39.144805555556;1989;8;16.7;0.0;0.0;0.0;15.3;0.0;0.0;0.0;0.0;0.0;0.0;0.0;0.0;0.0;0.0;0.0;1.4;0.0;0.0;0.0;0.0;0.0;0.0;0.0;0.0;0.0;0.0;0.0;0.0;0.0;0.0;0.0
Paraipaba;PARAIPABA;-3.4379444444444;-39.144805555556;1989;9;2.3;0.0;0.0;0.0;0.0;0.0;0.0;2.3;0.0;0.0;0.0;0.0;0.0;0.0;0.0;0.0;0.0;0.0;0.0;0.0;0.0;0.0;0.0;0.0;0.0;0.0;0.0;0.0;0.0;0.0;0.0;888.0
Paraipaba;PARAIPABA;-3.4379444444444;-39.144805555556;1989;10;0.0;0.0;0.0;0.0;0.0;0.0;0.0;0.0;0.0;0.0;0.0;0.0;0.0;0.0;0.0;0.0;0.0;0.0;0.0;0.0;0.0;0.0;0.0;0.0;0.0;0.0;0.0;0.0;0.0;0.0;0.0;0.0
Paraipaba;PARAIPABA;-3.4379444444444;-39.144805555556;1989;11;10.0;0.0;0.0;0.0;0.0;0.0;0.0;0.0;0.0;0.0;0.0;0.0;0.0;0.0;0.0;0.0;0.0;0.0;0.0;0.0;0.0;0.0;10.0;0.0;0.0;0.0;0.0;0.0;0.0;0.0;0.0;888.0
Paraipaba;PARAIPABA;-3.4379444444444;-39.144805555556;1989;12;34.5;0.0;0.0;0.0;0.0;0.0;0.0;0.0;0.0;0.0;0.0;0.0;0.0;0.0;0.0;0.0;0.0;0.0;0.0;0.0;0.0;0.0;0.0;0.0;0.0;0.0;3.5;9.8;21.2;0.0;0.0;0.0
Paraipaba;PARAIPABA;-3.4379444444444;-39.144805555556;1990;1;30.5;0.0;0.0;0.0;0.0;0.0;0.0;0.0;24.5;0.0;0.0;0.0;0.0;0.0;0.0;0.0;0.0;0.0;0.0;0.0;0.0;0.0;0.0;0.0;0.0;3.0;0.0;0.0;0.0;0.0;0.0;3.0
Paraipaba;PARAIPABA;-3.4379444444444;-39.144805555556;1990;2;33.4;0.0;0.0;0.0;0.0;0.0;10.2;0.0;0.0;0.0;0.0;0.0;0.0;0.0;0.0;0.0;0.0;0.0;0.0;4.0;0.0;0.0;0.0;3.8;0.0;0.0;15.4;0.0;0.0;888.0;888.0;888.0
Paraipaba;PARAIPABA;-3.4379444444444;-39.144805555556;1990;3;94.7;0.0;0.0;7.2;0.0;0.0;2.5;0.0;0.0;0.0;3.0;0.0;8.2;0.0;0.0;0.0;0.0;0.0;0.0;0.0;0.0;4.3;9.5;0.0;9.8;0.0;32.0;18.2;0.0;0.0;0.0;0.0
Paraipaba;PARAIPABA;-3.4379444444444;-39.144805555556;1990;4;211.0;13.3;0.0;0.0;10.6;48.8;11.5;6.5;0.0;0.0;0.0;0.0;2.0;0.0;0.0;0.0;0.0;0.0;25.8;6.8;13.2;0.0;0.0;16.2;5.2;2.5;6.7;21.2;4.6;0.0;16.1;888.0
Paraipaba;PARAIPABA;-3.4379444444444;-39.144805555556;1990;5;191.2;17.7;98.0;0.0;9.8;0.0;0.0;0.0;0.0;0.0;0.0;0.0;0.0;0.0;14.0;14.2;0.0;0.0;2.2;0.0;0.0;13.5;1.3;0.0;0.0;0.0;0.0;0.0;0.0;0.0;0.0;20.5
Paraipaba;PARAIPABA;-3.4379444444444;-39.144805555556;1990;6;33.3;3.6;3.5;0.0;13.2;0.0;0.0;13.0;0.0;0.0;0.0;0.0;0.0;0.0;0.0;0.0;0.0;0.0;0.0;0.0;0.0;0.0;0.0;0.0;0.0;0.0;0.0;0.0;0.0;0.0;0.0;888.0
Paraipaba;PARAIPABA;-3.4379444444444;-39.144805555556;1990;7;43.5;0.0;0.0;8.5;3.0;0.0;0.0;0.0;5.7;0.0;0.0;0.0;0.0;0.0;0.0;0.0;0.0;0.0;10.0;0.0;5.0;0.0;0.0;0.0;0.0;0.0;7.3;0.0;0.0;0.0;4.0;0.0
Paraipaba;PARAIPABA;-3.4379444444444;-39.144805555556;1990;8;6.8;0.0;0.0;0.0;0.0;0.0;0.0;0.0;0.0;0.0;0.0;0.0;0.0;0.0;6.8;0.0;0.0;0.0;0.0;0.0;0.0;0.0;0.0;0.0;0.0;0.0;0.0;0.0;0.0;0.0;0.0;0.0
Paraipaba;PARAIPABA;-3.4379444444444;-39.144805555556;1990;9;0.0;0.0;0.0;0.0;0.0;0.0;0.0;0.0;0.0;0.0;0.0;0.0;0.0;0.0;0.0;0.0;0.0;0.0;0.0;0.0;0.0;0.0;0.0;0.0;0.0;0.0;0.0;0.0;0.0;0.0;0.0;888.0
Paraipaba;PARAIPABA;-3.4379444444444;-39.144805555556;1990;10;0.0;0.0;0.0;0.0;0.0;0.0;0.0;0.0;0.0;0.0;0.0;0.0;0.0;0.0;0.0;0.0;0.0;0.0;0.0;0.0;0.0;0.0;0.0;0.0;0.0;0.0;0.0;0.0;0.0;0.0;0.0;0.0
Paraipaba;PARAIPABA;-3.4379444444444;-39.144805555556;1990;11;0.0;0.0;0.0;0.0;0.0;0.0;0.0;0.0;0.0;0.0;0.0;0.0;0.0;0.0;0.0;0.0;0.0;0.0;0.0;0.0;0.0;0.0;0.0;0.0;0.0;0.0;0.0;0.0;0.0;0.0;0.0;888.0
Paraipaba;PARAIPABA;-3.4379444444444;-39.144805555556;1990;12;0.0;0.0;0.0;0.0;0.0;0.0;0.0;0.0;0.0;0.0;0.0;0.0;0.0;0.0;0.0;0.0;0.0;0.0;0.0;0.0;0.0;0.0;0.0;0.0;0.0;0.0;0.0;0.0;0.0;0.0;0.0;0.0
Paraipaba;PARAIPABA;-3.4379444444444;-39.144805555556;1991;1;68.9;0.0;0.0;0.0;0.0;0.0;0.0;0.0;0.0;0.0;0.0;0.0;0.0;0.0;0.0;0.0;0.0;0.0;4.5;31.0;0.0;0.0;0.0;6.8;15.8;3.8;0.0;0.0;0.0;0.0;0.0;7.0
Paraipaba;PARAIPABA;-3.4379444444444;-39.144805555556;1991;2;159.6;2.0;29.0;0.0;10.0;0.0;23.0;0.0;6.5;0.0;0.0;0.0;0.0;0.0;0.0;22.5;42.3;0.0;9.5;4.5;0.0;3.6;0.2;0.0;0.0;2.1;4.0;0.0;0.4;888.0;888.0;888.0
Paraipaba;PARAIPABA;-3.4379444444444;-39.144805555556;1991;3;304.6;0.0;0.0;0.0;0.0;9.1;4.3;0.0;0.0;5.5;0.0;39.0;2.0;4.5;7.5;34.8;41.2;0.0;29.5;0.0;0.0;0.0;3.8;11.3;0.0;37.8;2.4;44.4;15.5;0.0;12.0;0.0
Paraipaba;PARAIPABA;-3.4379444444444;-39.144805555556;1991;4;509.7;6.3;21.0;31.0;28.5;47.5;0.0;0.0;0.0;0.0;0.0;0.0;0.0;0.0;0.0;28.3;7.6;0.0;19.4;20.5;3.0;0.0;172.5;4.0;0.0;21.0;25.3;26.0;0.0;47.8;0.0;888.0
Paraipaba;PARAIPABA;-3.4379444444444;-39.144805555556;1991;5;162.9;0.0;27.4;0.0;36.7;0.0;18.5;0.0;0.0;0.0;0.0;0.0;0.0;34.5;0.0;4.0;0.0;0.0;0.0;0.0;12.0;3.7;0.0;0.0;0.0;14.8;0.0;11.3;0.0;0.0;0.0;0.0
Paraipaba;PARAIPABA;-3.4379444444444;-39.144805555556;1991;6;29.5;0.0;0.0;0.0;0.0;14.5;0.0;9.6;5.4;0.0;0.0;0.0;0.0;0.0;0.0;0.0;0.0;0.0;0.0;0.0;0.0;0.0;0.0;0.0;0.0;0.0;0.0;0.0;0.0;0.0;0.0;888.0
Paraipaba;PARAIPABA;-3.4379444444444;-39.144805555556;1991;7;0.0;0.0;0.0;0.0;0.0;0.0;0.0;0.0;0.0;0.0;0.0;0.0;0.0;0.0;0.0;0.0;0.0;0.0;0.0;0.0;0.0;0.0;0.0;0.0;0.0;0.0;0.0;0.0;0.0;0.0;0.0;0.0
Paraipaba;PARAIPABA;-3.4379444444444;-39.144805555556;1991;8;0.0;0.0;0.0;0.0;0.0;0.0;0.0;0.0;0.0;0.0;0.0;0.0;0.0;0.0;0.0;0.0;0.0;0.0;0.0;0.0;0.0;0.0;0.0;0.0;0.0;0.0;0.0;0.0;0.0;0.0;0.0;0.0
Paraipaba;PARAIPABA;-3.4379444444444;-39.144805555556;1991;9;0.0;0.0;0.0;0.0;0.0;0.0;0.0;0.0;0.0;0.0;0.0;0.0;0.0;0.0;0.0;0.0;0.0;0.0;0.0;0.0;0.0;0.0;0.0;0.0;0.0;0.0;0.0;0.0;0.0;0.0;0.0;888.0
Paraipaba;PARAIPABA;-3.4379444444444;-39.144805555556;1991;10;0.0;0.0;0.0;0.0;0.0;0.0;0.0;0.0;0.0;0.0;0.0;0.0;0.0;0.0;0.0;0.0;0.0;0.0;0.0;0.0;0.0;0.0;0.0;0.0;0.0;0.0;0.0;0.0;0.0;0.0;0.0;0.0
Paraipaba;PARAIPABA;-3.4379444444444;-39.144805555556;1991;11;0.0;0.0;0.0;0.0;0.0;0.0;0.0;0.0;0.0;0.0;0.0;0.0;0.0;0.0;0.0;0.0;0.0;0.0;0.0;0.0;0.0;0.0;0.0;0.0;0.0;0.0;0.0;0.0;0.0;0.0;0.0;888.0
Paraipaba;PARAIPABA;-3.4379444444444;-39.144805555556;1991;12;0.0;0.0;0.0;0.0;0.0;0.0;0.0;0.0;0.0;0.0;0.0;0.0;0.0;0.0;0.0;0.0;0.0;0.0;0.0;0.0;0.0;0.0;0.0;0.0;0.0;0.0;0.0;0.0;0.0;0.0;0.0;0.0
Paraipaba;PARAIPABA;-3.4379444444444;-39.144805555556;1992;1;67.2;0.0;0.0;0.0;0.0;0.0;0.0;0.0;0.0;0.0;0.0;0.0;0.0;0.0;0.0;0.0;0.0;0.0;0.0;0.0;0.0;0.0;0.0;2.5;0.0;47.2;0.0;15.0;0.0;0.0;2.5;0.0
Paraipaba;PARAIPABA;-3.4379444444444;-39.144805555556;1992;2;343.8;0.0;0.0;2.5;0.0;0.0;0.0;20.2;0.0;0.0;4.3;16.0;35.2;50.0;0.0;0.0;0.0;28.0;13.2;41.8;8.8;29.0;0.0;46.2;0.0;0.0;39.2;1.5;5.6;2.3;888.0;888.0
Paraipaba;PARAIPABA;-3.4379444444444;-39.144805555556;1992;3;162.4;0.0;0.0;0.0;6.0;13.2;1.4;0.4;0.0;7.0;4.0;0.0;6.5;2.2;0.0;0.0;5.3;14.5;0.0;0.0;0.0;0.0;0.0;1.2;4.8;24.7;17.5;6.0;0.0;0.0;47.7;0.0
Paraipaba;PARAIPABA;-3.4379444444444;-39.144805555556;1992;4;134.2;26.6;0.0;10.5;12.0;0.0;20.0;27.5;31.2;2.0;0.0;0.0;0.0;1.0;0.0;0.0;0.0;0.0;0.0;0.0;0.0;3.4;0.0;0.0;0.0;0.0;0.0;0.0;0.0;0.0;0.0;888.0
Paraipaba;PARAIPABA;-3.4379444444444;-39.144805555556;1992;5;56.3;0.0;0.0;0.0;13.4;22.0;0.0;0.0;0.0;0.0;0.0;0.0;0.0;0.0;9.0;10.2;0.0;0.0;1.7;0.0;0.0;0.0;0.0;0.0;0.0;0.0;0.0;0.0;0.0;0.0;0.0;0.0
Paraipaba;PARAIPABA;-3.4379444444444;-39.144805555556;1992;6;96.6;18.6;18.5;2.7;0.0;0.0;0.0;0.0;10.4;0.0;20.2;19.7;0.0;0.0;0.0;0.0;0.0;0.0;0.0;0.0;0.0;0.0;0.0;0.0;0.0;0.0;6.5;0.0;0.0;0.0;0.0;888.0
Paraipaba;PARAIPABA;-3.4379444444444;-39.144805555556;1992;7;1.8;0.0;0.0;0.0;0.0;0.0;0.0;0.0;0.0;0.0;0.0;0.0;0.0;1.8;0.0;0.0;0.0;0.0;0.0;0.0;0.0;0.0;0.0;0.0;0.0;0.0;0.0;0.0;0.0;0.0;0.0;0.0
Paraipaba;PARAIPABA;-3.4379444444444;-39.144805555556;1992;8;0.0;0.0;0.0;0.0;0.0;0.0;0.0;0.0;0.0;0.0;0.0;0.0;0.0;0.0;0.0;0.0;0.0;0.0;0.0;0.0;0.0;0.0;0.0;0.0;0.0;0.0;0.0;0.0;0.0;0.0;0.0;0.0
Paraipaba;PARAIPABA;-3.4379444444444;-39.144805555556;1992;9;0.0;0.0;0.0;0.0;0.0;0.0;0.0;0.0;0.0;0.0;0.0;0.0;0.0;0.0;0.0;0.0;0.0;0.0;0.0;0.0;0.0;0.0;0.0;0.0;0.0;0.0;0.0;0.0;0.0;0.0;0.0;888.0
Paraipaba;PARAIPABA;-3.4379444444444;-39.144805555556;1992;10;0.0;0.0;0.0;0.0;0.0;0.0;0.0;0.0;0.0;0.0;0.0;0.0;0.0;0.0;0.0;0.0;0.0;0.0;0.0;0.0;0.0;0.0;0.0;0.0;0.0;0.0;0.0;0.0;0.0;0.0;0.0;0.0
Paraipaba;PARAIPABA;-3.4379444444444;-39.144805555556;1992;11;1.4;0.0;0.0;0.0;0.0;0.0;0.0;0.0;0.0;0.0;0.0;1.4;0.0;0.0;0.0;0.0;0.0;0.0;0.0;0.0;0.0;0.0;0.0;0.0;0.0;0.0;0.0;0.0;0.0;0.0;0.0;888.0
Paraipaba;PARAIPABA;-3.4379444444444;-39.144805555556;1992;12;0.0;0.0;0.0;0.0;0.0;0.0;0.0;0.0;0.0;0.0;0.0;0.0;0.0;0.0;0.0;0.0;0.0;0.0;0.0;0.0;0.0;0.0;0.0;0.0;0.0;0.0;0.0;0.0;0.0;0.0;0.0;0.0
Paraipaba;PARAIPABA;-3.4379444444444;-39.144805555556;1993;1;20.4;0.0;0.0;0.0;0.0;0.0;0.0;0.0;0.0;0.0;0.0;16.8;0.0;0.0;0.0;0.0;0.0;0.0;1.2;2.4;0.0;0.0;0.0;0.0;0.0;0.0;0.0;0.0;0.0;0.0;0.0;0.0
Paraipaba;PARAIPABA;-3.4379444444444;-39.144805555556;1993;2;63.9;0.0;0.0;0.0;0.0;0.0;0.0;0.0;0.0;0.0;0.0;0.0;0.0;0.0;1.2;0.0;0.0;0.0;0.0;0.0;0.0;0.0;0.0;62.7;0.0;0.0;0.0;0.0;0.0;888.0;888.0;888.0
Paraipaba;PARAIPABA;-3.4379444444444;-39.144805555556;1993;3;132.9;1.0;2.8;0.0;0.0;0.0;0.0;0.0;0.0;0.0;0.0;0.0;0.0;0.0;0.0;6.5;0.0;2.4;0.6;0.0;0.0;0.0;0.0;3.2;0.0;0.0;42.0;17.2;9.8;36.0;11.4;0.0
Paraipaba;PARAIPABA;-3.4379444444444;-39.144805555556;1993;4;98.8;0.0;0.0;0.0;0.0;10.0;0.0;0.0;0.0;0.0;2.0;0.0;0.0;0.0;0.0;5.0;9.0;0.0;0.0;15.0;0.0;0.0;0.0;9.8;0.0;32.0;0.0;16.0;0.0;0.0;0.0;888.0
Paraipaba;PARAIPABA;-3.4379444444444;-39.144805555556;1993;5;25.0;0.0;0.0;0.0;0.0;0.0;0.0;0.0;0.0;0.0;0.0;0.0;0.0;0.0;0.0;0.0;0.0;0.0;0.0;0.0;0.0;0.0;0.0;20.0;5.0;0.0;0.0;0.0;0.0;0.0;0.0;0.0
Paraipaba;PARAIPABA;-3.4379444444444;-39.144805555556;1993;6;33.0;0.0;0.0;0.0;0.0;0.0;0.0;0.0;0.0;0.0;0.0;18.2;0.0;0.0;0.0;0.0;0.0;0.0;0.0;0.0;0.0;0.0;0.0;0.0;0.0;0.0;0.0;0.0;14.8;0.0;0.0;888.0
Paraipaba;PARAIPABA;-3.4379444444444;-39.144805555556;1993;7;82.0;0.0;0.0;0.0;0.0;0.0;0.0;0.0;0.0;0.0;82.0;0.0;0.0;0.0;0.0;0.0;0.0;0.0;0.0;0.0;0.0;0.0;0.0;0.0;0.0;0.0;0.0;0.0;0.0;0.0;0.0;0.0
Paraipaba;PARAIPABA;-3.4379444444444;-39.144805555556;1993;8;0.0;0.0;0.0;0.0;0.0;0.0;0.0;0.0;0.0;0.0;0.0;0.0;0.0;0.0;0.0;0.0;0.0;0.0;0.0;0.0;0.0;0.0;0.0;0.0;0.0;0.0;0.0;0.0;0.0;0.0;0.0;0.0
Paraipaba;PARAIPABA;-3.4379444444444;-39.144805555556;1993;9;0.0;0.0;0.0;0.0;0.0;0.0;0.0;0.0;0.0;0.0;0.0;0.0;0.0;0.0;0.0;0.0;0.0;0.0;0.0;0.0;0.0;0.0;0.0;0.0;0.0;0.0;0.0;0.0;0.0;0.0;0.0;888.0
Paraipaba;PARAIPABA;-3.4379444444444;-39.144805555556;1993;10;0.0;0.0;0.0;0.0;0.0;0.0;0.0;0.0;0.0;0.0;0.0;0.0;0.0;0.0;0.0;0.0;0.0;0.0;0.0;0.0;0.0;0.0;0.0;0.0;0.0;0.0;0.0;0.0;0.0;0.0;0.0;0.0
Paraipaba;PARAIPABA;-3.4379444444444;-39.144805555556;1993;11;0.0;0.0;0.0;0.0;0.0;0.0;0.0;0.0;0.0;0.0;0.0;0.0;0.0;0.0;0.0;0.0;0.0;0.0;0.0;0.0;0.0;0.0;0.0;0.0;0.0;0.0;0.0;0.0;0.0;0.0;0.0;888.0
Paraipaba;PARAIPABA;-3.4379444444444;-39.144805555556;1993;12;0.0;0.0;0.0;0.0;0.0;0.0;0.0;0.0;0.0;0.0;0.0;0.0;0.0;0.0;0.0;0.0;0.0;0.0;0.0;0.0;0.0;0.0;0.0;0.0;0.0;0.0;0.0;0.0;0.0;0.0;0.0;0.0
Paraipaba;PARAIPABA;-3.4379444444444;-39.144805555556;1994;1;192.3;3.0;18.0;3.0;11.0;3.2;0.0;0.0;0.0;0.0;0.0;0.0;1.2;0.0;1.6;5.0;0.0;0.0;2.6;0.0;8.4;23.5;6.6;0.0;0.0;0.0;0.0;0.0;55.0;15.0;0.0;35.2
Paraipaba;PARAIPABA;-3.4379444444444;-39.144805555556;1994;2;340.5;0.0;0.0;0.0;0.0;0.0;20.0;38.0;20.4;5.6;9.2;19.0;32.0;25.0;38.0;25.0;35.0;11.0;0.0;0.0;0.0;16.3;0.0;0.0;0.0;0.0;8.0;11.0;27.0;888.0;888.0;888.0
Paraipaba;PARAIPABA;-3.4379444444444;-39.144805555556;1994;3;471.1;26.6;7.0;0.0;0.0;0.0;20.2;0.0;0.0;40.0;8.4;7.0;50.0;8.2;51.2;0.0;33.2;0.0;0.0;57.0;7.4;10.0;24.3;3.0;0.0;36.0;13.3;17.1;0.0;32.2;14.0;5.0
Paraipaba;PARAIPABA;-3.4379444444444;-39.144805555556;1994;4;274.0;4.3;45.0;0.0;0.0;1.2;7.1;14.3;2.0;0.0;0.0;3.2;0.4;5.0;0.0;30.0;0.0;0.0;24.0;35.3;14.4;11.0;2.2;0.0;0.0;13.0;0.0;3.0;54.4;4.2;0.0;888.0
Paraipaba;PARAIPABA;-3.4379444444444;-39.144805555556;1994;5;282.6;0.0;12.0;2.2;0.0;2.0;0.0;0.0;0.0;13.0;32.2;2.0;7.4;8.2;30.0;45.0;65.0;4.0;0.0;1.4;0.0;42.0;0.0;4.2;2.2;0.2;2.0;0.0;0.0;0.0;3.2;4.4
Paraipaba;PARAIPABA;-3.4379444444444;-39.144805555556;1994;6;230.0;0.0;0.0;2.2;0.0;24.2;0.0;5.0;0.0;0.0;0.0;0.0;2.0;1.2;16.0;0.0;2.4;27.0;8.4;0.0;17.4;1.0;11.0;28.2;0.0;4.4;24.2;18.4;24.0;13.0;0.0;888.0
Paraipaba;PARAIPABA;-3.4379444444444;-39.144805555556;1994;7;62.0;0.0;0.0;0.0;0.0;0.0;0.0;0.0;7.0;4.0;0.0;0.0;0.0;5.0;0.0;0.0;0.0;0.0;0.0;5.4;37.4;0.0;0.0;0.0;0.0;0.0;3.2;0.0;0.0;0.0;0.0;0.0
Paraipaba;PARAIPABA;-3.4379444444444;-39.144805555556;1994;8;0.0;0.0;0.0;0.0;0.0;0.0;0.0;0.0;0.0;0.0;0.0;0.0;0.0;0.0;0.0;0.0;0.0;0.0;0.0;0.0;0.0;0.0;0.0;0.0;0.0;0.0;0.0;0.0;0.0;0.0;0.0;0.0
Paraipaba;PARAIPABA;-3.4379444444444;-39.144805555556;1994;9;0.0;0.0;0.0;0.0;0.0;0.0;0.0;0.0;0.0;0.0;0.0;0.0;0.0;0.0;0.0;0.0;0.0;0.0;0.0;0.0;0.0;0.0;0.0;0.0;0.0;0.0;0.0;0.0;0.0;0.0;0.0;888.0
Paraipaba;PARAIPABA;-3.4379444444444;-39.144805555556;1994;10;0.0;0.0;0.0;0.0;0.0;0.0;0.0;0.0;0.0;0.0;0.0;0.0;0.0;0.0;0.0;0.0;0.0;0.0;0.0;0.0;0.0;0.0;0.0;0.0;0.0;0.0;0.0;0.0;0.0;0.0;0.0;0.0
Paraipaba;PARAIPABA;-3.4379444444444;-39.144805555556;1994;11;0.0;0.0;0.0;0.0;0.0;0.0;0.0;0.0;0.0;0.0;0.0;0.0;0.0;0.0;0.0;0.0;0.0;0.0;0.0;0.0;0.0;0.0;0.0;0.0;0.0;0.0;0.0;0.0;0.0;0.0;0.0;888.0
Paraipaba;PARAIPABA;-3.4379444444444;-39.144805555556;1994;12;15.0;0.0;0.0;0.0;0.0;0.0;0.0;0.0;0.0;0.0;0.0;0.0;0.0;0.0;0.0;0.0;0.0;0.0;0.0;0.0;0.0;0.0;0.0;0.0;15.0;0.0;0.0;0.0;0.0;0.0;0.0;0.0
Paraipaba;PARAIPABA;-3.4379444444444;-39.144805555556;1995;1;91.3;0.0;0.0;0.0;0.0;0.0;0.0;0.0;24.2;55.0;0.0;0.0;4.8;0.0;1.5;0.0;0.0;0.0;1.8;2.0;0.0;0.0;0.0;0.0;0.0;0.0;0.0;0.0;0.0;2.0;0.0;0.0
Paraipaba;PARAIPABA;-3.4379444444444;-39.144805555556;1995;2;253.6;0.0;0.0;0.6;53.0;14.8;0.0;0.0;0.8;9.0;27.8;14.4;4.8;8.8;0.0;0.0;7.8;0.0;10.4;16.4;2.8;27.4;0.0;0.0;0.0;19.4;0.0;33.0;2.4;888.0;888.0;888.0
Paraipaba;PARAIPABA;-3.4379444444444;-39.144805555556;1995;3;307.8;0.0;7.4;3.6;11.8;0.0;0.0;44.0;0.0;0.0;0.0;0.0;0.0;4.5;6.2;9.6;18.2;0.0;0.0;0.0;16.2;8.1;8.2;0.0;5.8;54.4;0.0;7.8;32.4;7.0;59.8;2.8
Paraipaba;PARAIPABA;-3.4379444444444;-39.144805555556;1995;4;507.4;9.3;50.4;0.0;1.8;12.6;88.0;13.8;48.2;0.0;12.8;18.2;8.0;9.2;8.0;0.0;33.6;10.0;0.0;39.1;19.8;7.0;2.6;18.4;0.0;4.1;0.0;27.2;46.8;8.5;10.0;888.0
Paraipaba;PARAIPABA;-3.4379444444444;-39.144805555556;1995;5;357.8;32.0;0.0;0.0;0.0;0.0;4.2;5.0;70.8;0.0;0.0;0.0;6.8;0.0;6.6;0.0;23.2;18.6;27.2;0.0;0.0;55.8;87.6;0.0;0.0;0.0;0.0;0.0;6.0;3.0;4.6;6.4
Paraipaba;PARAIPABA;-3.4379444444444;-39.144805555556;1995;6;94.4;0.0;0.0;0.0;0.0;3.8;0.0;9.2;0.0;0.0;0.0;0.0;0.0;0.0;0.0;0.0;24.6;0.0;0.0;0.0;0.0;16.8;34.0;0.0;0.0;0.0;6.0;0.0;0.0;0.0;0.0;888.0
Paraipaba;PARAIPABA;-3.4379444444444;-39.144805555556;1995;7;42.4;0.0;17.8;12.0;2.2;0.0;0.0;0.0;0.0;0.0;0.0;0.0;0.0;0.0;0.0;0.0;0.0;0.0;0.0;0.0;0.0;0.0;0.0;0.0;0.0;10.4;0.0;0.0;0.0;0.0;0.0;0.0
Paraipaba;PARAIPABA;-3.4379444444444;-39.144805555556;1995;8;0.0;0.0;0.0;0.0;0.0;0.0;0.0;0.0;0.0;0.0;0.0;0.0;0.0;0.0;0.0;0.0;0.0;0.0;0.0;0.0;0.0;0.0;0.0;0.0;0.0;0.0;0.0;0.0;0.0;0.0;0.0;0.0
Paraipaba;PARAIPABA;-3.4379444444444;-39.144805555556;1995;9;0.0;0.0;0.0;0.0;0.0;0.0;0.0;0.0;0.0;0.0;0.0;0.0;0.0;0.0;0.0;0.0;0.0;0.0;0.0;0.0;0.0;0.0;0.0;0.0;0.0;0.0;0.0;0.0;0.0;0.0;0.0;888.0
Paraipaba;PARAIPABA;-3.4379444444444;-39.144805555556;1995;10;4.8;0.0;0.0;0.0;0.0;0.0;0.0;0.0;0.0;0.0;0.0;0.0;0.0;0.0;4.8;0.0;0.0;0.0;0.0;0.0;0.0;0.0;0.0;0.0;0.0;0.0;0.0;0.0;0.0;0.0;0.0;0.0
Paraipaba;PARAIPABA;-3.4379444444444;-39.144805555556;1995;11;11.3;0.0;0.0;0.0;0.0;0.0;0.0;2.8;0.0;0.0;0.0;2.4;1.5;2.0;0.0;0.0;0.0;0.0;0.0;0.0;0.0;0.0;0.0;2.6;0.0;0.0;0.0;0.0;0.0;0.0;0.0;888.0
Paraipaba;PARAIPABA;-3.4379444444444;-39.144805555556;1995;12;0.0;0.0;0.0;0.0;0.0;0.0;0.0;0.0;0.0;0.0;0.0;0.0;0.0;0.0;0.0;0.0;0.0;0.0;0.0;0.0;0.0;0.0;0.0;0.0;0.0;0.0;0.0;0.0;0.0;0.0;0.0;0.0
Paraipaba;PARAIPABA;-3.4379444444444;-39.144805555556;1996;1;180.9;0.0;0.0;0.0;0.0;2.0;9.0;45.4;0.0;0.0;0.0;0.0;1.0;1.6;2.0;12.4;0.0;34.2;19.0;7.2;0.0;0.0;39.0;0.0;0.0;0.0;0.0;4.3;0.0;0.0;0.0;3.8
Paraipaba;PARAIPABA;-3.4379444444444;-39.144805555556;1996;2;111.0;0.0;9.0;0.0;0.0;0.0;0.0;20.2;0.0;0.0;0.0;0.0;0.0;5.8;0.0;2.0;0.0;4.6;3.0;7.0;36.0;0.0;0.0;4.0;8.0;4.8;2.6;4.0;0.0;0.0;888.0;888.0
Paraipaba;PARAIPABA;-3.4379444444444;-39.144805555556;1996;3;579.6;6.0;2.4;0.0;4.2;15.2;1.6;2.0;5.0;3.8;3.4;36.0;127.4;2.5;2.8;1.2;3.0;52.0;98.0;3.0;4.0;0.0;0.0;4.8;0.0;1.0;12.2;64.6;102.0;12.0;4.0;5.5
Paraipaba;PARAIPABA;-3.4379444444444;-39.144805555556;1996;4;366.8;11.0;1.8;6.0;10.2;3.0;0.0;2.8;11.0;2.0;15.4;19.2;0.0;29.0;20.2;77.0;0.0;2.0;14.2;2.0;20.0;3.0;0.0;2.4;3.8;0.0;27.0;51.0;0.0;11.8;21.0;888.0
Paraipaba;PARAIPABA;-3.4379444444444;-39.144805555556;1996;5;215.6;6.2;11.8;3.0;2.0;12.4;5.0;6.6;2.0;0.0;2.8;0.0;0.0;1.2;0.0;3.0;0.0;2.8;30.0;49.0;2.0;0.0;6.0;5.6;2.2;0.0;5.0;2.0;0.0;0.0;52.0;3.0
Paraipaba;PARAIPABA;-3.4379444444444;-39.144805555556;1996;6;30.0;5.6;8.8;0.0;0.0;0.0;0.0;0.0;0.0;0.0;0.0;0.0;0.0;0.0;0.0;0.0;3.0;0.0;0.0;0.0;0.0;0.0;0.0;0.0;0.0;6.0;0.0;1.4;5.2;0.0;0.0;888.0
Paraipaba;PARAIPABA;-3.4379444444444;-39.144805555556;1996;7;30.0;0.0;0.0;0.0;0.0;0.0;0.0;0.0;0.0;0.0;0.0;0.0;0.0;0.0;0.0;22.0;0.0;0.0;8.0;0.0;0.0;0.0;0.0;0.0;0.0;0.0;0.0;0.0;0.0;0.0;0.0;0.0
Paraipaba;PARAIPABA;-3.4379444444444;-39.144805555556;1996;8;6.0;0.0;0.0;6.0;0.0;0.0;0.0;0.0;0.0;0.0;0.0;0.0;0.0;0.0;0.0;0.0;0.0;0.0;0.0;0.0;0.0;0.0;0.0;0.0;0.0;0.0;0.0;0.0;0.0;0.0;0.0;0.0
Paraipaba;PARAIPABA;-3.4379444444444;-39.144805555556;1996;9;0.0;0.0;0.0;0.0;0.0;0.0;0.0;0.0;0.0;0.0;0.0;0.0;0.0;0.0;0.0;0.0;0.0;0.0;0.0;0.0;0.0;0.0;0.0;0.0;0.0;0.0;0.0;0.0;0.0;0.0;0.0;888.0
Paraipaba;PARAIPABA;-3.4379444444444;-39.144805555556;1996;10;16.0;0.0;0.0;0.0;0.0;0.0;0.0;0.0;0.0;3.0;0.0;0.0;4.0;2.0;0.0;0.0;0.0;0.0;0.0;3.0;0.0;0.0;0.0;0.0;0.0;0.0;4.0;0.0;0.0;0.0;0.0;0.0
Paraipaba;PARAIPABA;-3.4379444444444;-39.144805555556;1996;11;19.0;0.0;0.0;0.0;0.0;0.0;0.0;0.0;0.0;0.0;12.0;0.0;0.0;0.0;0.0;0.0;4.0;2.0;1.0;0.0;0.0;0.0;0.0;0.0;0.0;0.0;0.0;0.0;0.0;0.0;0.0;888.0
Paraipaba;PARAIPABA;-3.4379444444444;-39.144805555556;1996;12;13.0;0.0;0.0;0.0;0.0;0.0;0.0;0.0;0.0;0.0;0.0;0.0;0.0;0.0;6.0;0.0;0.0;0.0;0.0;0.0;0.0;0.0;0.0;0.0;0.0;4.0;0.0;0.0;3.0;0.0;0.0;0.0
Paraipaba;PARAIPABA;-3.4379444444444;-39.144805555556;1997;1;11.1;0.0;0.0;0.0;0.0;0.0;0.0;0.0;0.0;0.0;0.0;0.0;2.0;0.0;2.5;0.6;0.0;0.0;0.0;0.0;0.0;0.0;0.0;0.0;2.5;0.0;0.0;2.0;0.0;1.5;0.0;0.0
Paraipaba;PARAIPABA;-3.4379444444444;-39.144805555556;1997;2;19.8;0.0;0.0;0.0;1.8;0.0;0.0;2.2;0.0;4.6;1.4;0.0;0.0;0.0;0.0;3.0;0.0;0.0;0.0;0.0;4.4;0.6;0.8;0.0;1.0;0.0;0.0;0.0;0.0;888.0;888.0;888.0
Paraipaba;PARAIPABA;-3.4379444444444;-39.144805555556;1997;3;182.4;0.0;0.0;0.0;27.2;1.2;0.4;0.0;0.0;0.0;0.6;0.0;0.0;0.0;0.0;0.0;0.0;0.0;1.8;0.0;0.0;0.0;22.0;15.6;32.0;1.4;24.2;3.8;1.2;49.0;2.0;0.0
Paraipaba;PARAIPABA;-3.4379444444444;-39.144805555556;1997;4;234.0;0.0;2.6;4.0;13.0;2.4;1.2;8.8;0.6;0.0;1.4;15.0;3.8;29.0;55.0;16.0;1.0;0.8;0.0;0.0;0.0;0.0;0.0;10.0;12.2;19.0;2.2;35.0;0.0;0.0;1.0;888.0
Paraipaba;PARAIPABA;-3.4379444444444;-39.144805555556;1997;5;223.4;3.0;2.2;9.8;39.2;6.8;22.0;0.0;3.6;0.0;9.8;0.0;4.4;2.0;0.0;8.0;48.6;0.0;19.0;21.2;4.0;0.0;2.2;1.0;4.2;5.6;6.8;0.0;0.0;0.0;0.0;0.0
Paraipaba;PARAIPABA;-3.4379444444444;-39.144805555556;1997;6;48.0;0.0;9.2;0.0;0.0;26.4;0.0;0.0;0.0;0.0;0.0;0.0;0.0;0.0;0.0;0.0;0.0;0.0;0.0;0.0;0.0;0.0;5.0;3.0;0.0;0.0;0.0;0.0;0.0;0.0;4.4;888.0
Paraipaba;PARAIPABA;-3.4379444444444;-39.144805555556;1997;7;19.0;0.0;0.0;0.0;2.0;0.0;0.0;0.0;0.0;0.0;0.0;1.2;0.0;0.0;0.0;0.0;0.0;0.0;0.0;0.0;0.0;0.0;0.0;0.0;0.0;0.0;0.0;0.0;0.0;0.0;0.0;15.8
Paraipaba;PARAIPABA;-3.4379444444444;-39.144805555556;1997;8;23.2;18.0;0.0;0.0;0.0;0.0;0.0;0.0;0.0;0.0;0.0;0.0;1.8;1.4;0.0;0.0;0.0;2.0;0.0;0.0;0.0;0.0;0.0;0.0;0.0;0.0;0.0;0.0;0.0;0.0;0.0;0.0
Paraipaba;PARAIPABA;-3.4379444444444;-39.144805555556;1997;9;0.0;0.0;0.0;0.0;0.0;0.0;0.0;0.0;0.0;0.0;0.0;0.0;0.0;0.0;0.0;0.0;0.0;0.0;0.0;0.0;0.0;0.0;0.0;0.0;0.0;0.0;0.0;0.0;0.0;0.0;0.0;888.0
Paraipaba;PARAIPABA;-3.4379444444444;-39.144805555556;1997;10;3.0;0.0;0.0;0.0;0.0;0.0;3.0;0.0;0.0;0.0;0.0;0.0;0.0;0.0;0.0;0.0;0.0;0.0;0.0;0.0;0.0;0.0;0.0;0.0;0.0;0.0;0.0;0.0;0.0;0.0;0.0;0.0
Paraipaba;PARAIPABA;-3.4379444444444;-39.144805555556;1997;11;8.4;1.2;0.0;0.0;0.0;0.0;0.0;0.0;0.0;0.0;0.0;0.0;0.0;0.0;0.0;0.0;0.0;2.0;1.4;0.0;1.2;2.6;0.0;0.0;0.0;0.0;0.0;0.0;0.0;0.0;0.0;888.0
Paraipaba;PARAIPABA;-3.4379444444444;-39.144805555556;1997;12;16.2;0.0;0.0;0.0;0.0;0.0;0.0;0.0;0.0;0.0;0.0;0.0;0.0;0.0;0.0;0.0;0.0;0.0;0.0;0.0;0.0;10.2;3.2;0.0;0.0;0.0;2.8;0.0;0.0;0.0;0.0;0.0
Paraipaba;PARAIPABA;-3.4379444444444;-39.144805555556;1998;1;148.0;0.0;0.0;0.0;0.0;0.0;0.0;0.0;0.0;0.0;0.0;22.4;2.4;0.0;0.0;0.0;0.0;3.4;0.0;6.4;10.0;14.0;16.4;6.2;0.0;28.2;0.0;0.0;2.4;4.0;30.2;2.0
Paraipaba;PARAIPABA;-3.4379444444444;-39.144805555556;1998;2;40.0;4.0;8.8;6.6;12.0;0.0;0.0;0.0;0.0;0.0;0.0;0.0;0.0;0.0;0.0;0.0;0.0;0.0;2.8;2.2;0.0;0.0;0.0;0.0;0.0;0.0;0.0;0.0;3.6;888.0;888.0;888.0
Paraipaba;PARAIPABA;-3.4379444444444;-39.144805555556;1998;3;252.6;3.4;13.0;4.0;0.0;7.0;3.0;0.0;0.0;0.0;27.0;8.6;10.8;4.2;12.0;0.0;4.4;5.2;6.0;2.2;11.0;10.8;27.4;29.2;18.0;4.2;0.0;0.0;35.4;3.6;0.0;2.2
Paraipaba;PARAIPABA;-3.4379444444444;-39.144805555556;1998;4;212.1;13.2;31.0;0.0;4.4;0.0;0.0;0.0;0.0;13.0;0.0;0.0;44.4;6.2;14.6;16.6;1.0;22.2;8.5;10.0;0.0;0.0;0.0;0.0;0.0;6.0;1.5;0.0;18.0;1.5;0.0;888.0
Paraipaba;PARAIPABA;-3.4379444444444;-39.144805555556;1998;5;133.0;0.0;0.0;0.0;0.0;0.0;0.0;0.0;49.0;0.0;34.0;4.0;0.0;0.0;0.0;0.0;0.0;0.0;0.0;0.0;0.0;0.0;0.0;0.0;0.0;0.0;0.0;0.0;26.0;20.0;0.0;0.0
Paraipaba;PARAIPABA;-3.4379444444444;-39.144805555556;1998;6;82.0;0.0;0.0;0.0;0.0;0.0;0.0;0.0;0.0;0.0;0.0;0.0;0.0;15.0;2.0;0.0;34.0;0.0;0.0;0.0;27.0;0.0;0.0;0.0;0.0;0.0;0.0;0.0;0.0;4.0;0.0;888.0
Paraipaba;PARAIPABA;-3.4379444444444;-39.144805555556;1998;7;0.0;0.0;0.0;0.0;0.0;0.0;0.0;0.0;0.0;0.0;0.0;0.0;0.0;0.0;0.0;0.0;0.0;0.0;0.0;0.0;0.0;0.0;0.0;0.0;0.0;0.0;0.0;0.0;0.0;0.0;0.0;0.0
Paraipaba;PARAIPABA;-3.4379444444444;-39.144805555556;1998;8;9.3;0.0;0.0;0.0;0.0;0.0;0.0;0.0;0.0;0.0;0.0;0.0;0.0;0.0;5.3;0.0;0.0;0.0;0.0;0.0;0.0;0.0;0.0;0.0;0.0;4.0;0.0;0.0;0.0;0.0;0.0;0.0
Paraipaba;PARAIPABA;-3.4379444444444;-39.144805555556;1998;9;0.0;0.0;0.0;0.0;0.0;0.0;0.0;0.0;0.0;0.0;0.0;0.0;0.0;0.0;0.0;0.0;0.0;0.0;0.0;0.0;0.0;0.0;0.0;0.0;0.0;0.0;0.0;0.0;0.0;0.0;0.0;888.0
Paraipaba;PARAIPABA;-3.4379444444444;-39.144805555556;1998;10;0.0;0.0;0.0;0.0;0.0;0.0;0.0;0.0;0.0;0.0;0.0;0.0;0.0;0.0;0.0;0.0;0.0;0.0;0.0;0.0;0.0;0.0;0.0;0.0;0.0;0.0;0.0;0.0;0.0;0.0;0.0;0.0
Paraipaba;PARAIPABA;-3.4379444444444;-39.144805555556;1998;11;0.0;0.0;0.0;0.0;0.0;0.0;0.0;0.0;0.0;0.0;0.0;0.0;0.0;0.0;0.0;0.0;0.0;0.0;0.0;0.0;0.0;0.0;0.0;0.0;0.0;0.0;0.0;0.0;0.0;0.0;0.0;888.0
Paraipaba;PARAIPABA;-3.4379444444444;-39.144805555556;1998;12;5.5;0.0;0.0;0.0;0.0;0.0;0.0;0.0;0.0;0.0;0.0;0.0;0.0;0.0;0.0;0.0;0.0;0.0;0.0;0.0;0.0;0.0;0.0;0.0;0.0;0.0;0.0;0.0;0.0;0.0;5.5;0.0
Paraipaba;PARAIPABA;-3.4379444444444;-39.144805555556;1999;1;93.5;0.0;0.0;0.0;0.0;0.0;0.0;0.0;0.0;0.0;0.0;3.0;0.0;0.0;0.0;0.0;0.0;0.0;6.5;0.0;0.0;13.0;5.0;44.0;0.0;0.0;0.0;0.0;19.0;0.0;0.0;3.0
Paraipaba;PARAIPABA;-3.4379444444444;-39.144805555556;1999;2;207.5;0.0;0.0;0.0;0.0;20.0;0.0;0.0;6.0;3.5;0.0;0.0;0.0;0.0;0.0;0.0;0.0;0.0;0.0;0.0;0.0;0.0;42.5;27.0;52.5;22.0;2.0;20.0;12.0;888.0;888.0;888.0
Paraipaba;PARAIPABA;-3.4379444444444;-39.144805555556;1999;3;527.5;5.0;112.0;13.0;18.0;11.0;0.0;0.0;8.0;8.5;2.5;0.0;0.0;69.0;0.0;3.0;37.0;29.0;3.0;36.0;0.0;0.0;6.0;87.0;46.0;1.5;0.0;0.0;0.0;19.0;0.0;13.0
Paraipaba;PARAIPABA;-3.4379444444444;-39.144805555556;1999;4;352.8;0.0;0.0;105.0;102.0;11.2;12.0;0.0;0.0;0.0;0.0;0.0;0.0;16.8;22.0;6.0;0.0;0.0;0.0;0.0;5.2;20.0;15.0;3.8;0.0;0.0;0.0;2.6;19.2;4.0;8.0;888.0
Paraipaba;PARAIPABA;-3.4379444444444;-39.144805555556;1999;5;232.9;52.0;2.0;2.2;11.4;6.0;22.0;7.0;0.0;0.0;6.7;13.2;12.4;0.0;0.0;28.0;20.0;22.0;15.0;0.0;0.0;0.0;13.0;0.0;0.0;0.0;0.0;0.0;0.0;0.0;0.0;0.0
Paraipaba;PARAIPABA;-3.4379444444444;-39.144805555556;1999;6;45.0;0.0;0.0;0.0;10.0;7.0;0.0;0.0;0.0;0.0;12.0;7.5;0.0;0.0;0.0;0.0;0.0;0.0;0.0;0.0;0.0;3.0;0.0;0.0;0.0;0.0;0.0;5.5;0.0;0.0;0.0;888.0
Paraipaba;PARAIPABA;-3.4379444444444;-39.144805555556;1999;7;0.0;0.0;0.0;0.0;0.0;0.0;0.0;0.0;0.0;0.0;0.0;0.0;0.0;0.0;0.0;0.0;0.0;0.0;0.0;0.0;0.0;0.0;0.0;0.0;0.0;0.0;0.0;0.0;0.0;0.0;0.0;0.0
Paraipaba;PARAIPABA;-3.4379444444444;-39.144805555556;1999;8;0.0;0.0;0.0;0.0;0.0;0.0;0.0;0.0;0.0;0.0;0.0;0.0;0.0;0.0;0.0;0.0;0.0;0.0;0.0;0.0;0.0;0.0;0.0;0.0;0.0;0.0;0.0;0.0;0.0;0.0;0.0;0.0
Paraipaba;PARAIPABA;-3.4379444444444;-39.144805555556;1999;9;0.0;0.0;0.0;0.0;0.0;0.0;0.0;0.0;0.0;0.0;0.0;0.0;0.0;0.0;0.0;0.0;0.0;0.0;0.0;0.0;0.0;0.0;0.0;0.0;0.0;0.0;0.0;0.0;0.0;0.0;0.0;888.0
Paraipaba;PARAIPABA;-3.4379444444444;-39.144805555556;1999;10;0.0;0.0;0.0;0.0;0.0;0.0;0.0;0.0;0.0;0.0;0.0;0.0;0.0;0.0;0.0;0.0;0.0;0.0;0.0;0.0;0.0;0.0;0.0;0.0;0.0;0.0;0.0;0.0;0.0;0.0;0.0;0.0
Paraipaba;PARAIPABA;-3.4379444444444;-39.144805555556;1999;11;0.0;0.0;0.0;0.0;0.0;0.0;0.0;0.0;0.0;0.0;0.0;0.0;0.0;0.0;0.0;0.0;0.0;0.0;0.0;0.0;0.0;0.0;0.0;0.0;0.0;0.0;0.0;0.0;0.0;0.0;0.0;888.0
Paraipaba;PARAIPABA;-3.4379444444444;-39.144805555556;1999;12;33.5;0.0;0.0;0.0;0.0;0.0;0.0;0.0;0.0;0.0;0.0;3.0;0.0;0.0;0.0;0.0;0.0;0.0;6.5;0.0;0.0;13.0;5.0;0.0;0.0;6.0;0.0;0.0;0.0;0.0;0.0;0.0
Paraipaba;PARAIPABA;-3.4379444444444;-39.144805555556;2000;1;136.5;3.0;0.0;0.0;0.0;10.0;22.0;11.0;0.0;0.0;18.0;4.0;0.0;0.0;0.0;0.0;0.0;0.0;25.5;0.0;0.0;0.0;43.0;0.0;0.0;0.0;0.0;0.0;0.0;0.0;0.0;0.0
Paraipaba;PARAIPABA;-3.4379444444444;-39.144805555556;2000;2;121.7;0.0;0.0;0.0;0.0;0.0;0.0;0.0;0.0;0.0;0.0;0.0;15.0;31.0;0.0;9.8;16.0;2.0;19.0;0.0;9.0;0.0;0.0;4.2;1.8;8.5;0.0;0.0;4.4;1.0;888.0;888.0
Paraipaba;PARAIPABA;-3.4379444444444;-39.144805555556;2000;3;310.2;0.0;32.8;17.5;0.0;0.0;0.0;0.0;0.0;36.2;11.5;47.0;0.0;0.0;3.5;3.0;0.0;0.0;0.0;0.0;0.0;14.0;0.0;22.4;23.5;27.8;0.0;8.2;10.8;29.2;8.6;14.2
Paraipaba;PARAIPABA;-3.4379444444444;-39.144805555556;2000;4;229.8;6.0;0.0;1.6;0.0;18.4;8.4;6.0;25.5;14.5;7.0;6.2;0.0;0.0;21.8;0.0;0.0;13.6;1.6;12.2;4.5;20.5;0.0;0.0;0.0;30.2;0.0;4.8;0.0;21.0;6.0;888.0
Paraipaba;PARAIPABA;-3.4379444444444;-39.144805555556;2000;5;175.0;7.0;8.2;15.8;9.2;32.4;0.0;0.0;0.0;5.0;0.0;0.0;0.0;5.0;21.0;1.8;3.8;1.2;2.6;0.0;0.0;0.0;0.0;0.0;0.0;10.0;0.0;0.0;0.0;0.0;23.8;28.2
Paraipaba;PARAIPABA;-3.4379444444444;-39.144805555556;2000;6;92.4;4.4;0.0;0.0;0.0;0.0;0.0;6.2;0.0;0.0;0.0;0.0;0.0;0.0;17.5;6.5;17.6;0.0;0.0;0.0;40.0;0.0;0.2;0.0;0.0;0.0;0.0;0.0;0.0;0.0;0.0;888.0
Paraipaba;PARAIPABA;-3.4379444444444;-39.144805555556;2000;7;107.0;0.0;0.0;0.0;0.0;0.0;0.0;0.0;0.0;0.0;0.0;12.5;0.0;79.0;2.0;0.0;0.0;0.0;0.0;0.0;0.0;6.5;0.0;0.0;0.0;0.0;0.0;0.0;7.0;0.0;0.0;0.0
Paraipaba;PARAIPABA;-3.4379444444444;-39.144805555556;2000;8;12.3;0.0;0.0;4.5;0.0;0.0;0.0;0.0;0.0;0.0;0.0;0.0;0.0;0.0;0.0;0.0;0.0;0.0;0.0;0.0;0.0;0.0;0.0;0.0;0.0;7.8;0.0;0.0;0.0;0.0;0.0;0.0
Paraipaba;PARAIPABA;-3.4379444444444;-39.144805555556;2000;9;45.1;0.0;0.0;0.0;0.0;0.0;0.0;0.0;0.0;8.0;25.0;0.0;0.0;0.0;0.0;0.0;0.0;0.0;0.0;0.0;0.0;0.0;0.0;0.0;5.0;5.0;2.1;0.0;0.0;0.0;0.0;888.0
Paraipaba;PARAIPABA;-3.4379444444444;-39.144805555556;2000;10;0.0;0.0;0.0;0.0;0.0;0.0;0.0;0.0;0.0;0.0;0.0;0.0;0.0;0.0;0.0;0.0;0.0;0.0;0.0;0.0;0.0;0.0;0.0;0.0;0.0;0.0;0.0;0.0;0.0;0.0;0.0;0.0
Paraipaba;PARAIPABA;-3.4379444444444;-39.144805555556;2000;11;0.0;0.0;0.0;0.0;0.0;0.0;0.0;0.0;0.0;0.0;0.0;0.0;0.0;0.0;0.0;0.0;0.0;0.0;0.0;0.0;0.0;0.0;0.0;0.0;0.0;0.0;0.0;0.0;0.0;0.0;0.0;888.0
Paraipaba;PARAIPABA;-3.4379444444444;-39.144805555556;2000;12;0.0;0.0;0.0;0.0;0.0;0.0;0.0;0.0;0.0;0.0;0.0;0.0;0.0;0.0;0.0;0.0;0.0;0.0;0.0;0.0;0.0;0.0;0.0;0.0;0.0;0.0;0.0;0.0;0.0;0.0;0.0;0.0
Paraipaba;PARAIPABA;-3.4379444444444;-39.144805555556;2001;1;70.3;0.0;0.0;0.0;4.0;0.0;0.0;0.0;6.0;0.0;0.0;0.0;4.5;0.0;0.0;0.0;48.0;0.0;0.0;0.0;0.0;0.0;5.0;2.8;0.0;0.0;0.0;0.0;0.0;0.0;0.0;0.0
Paraipaba;PARAIPABA;-3.4379444444444;-39.144805555556;2001;2;58.1;0.0;15.0;0.0;0.0;0.0;0.0;0.0;0.0;4.0;30.1;0.0;0.0;0.0;5.0;0.0;0.0;0.0;0.0;0.0;0.0;4.0;0.0;0.0;0.0;0.0;0.0;0.0;0.0;888.0;888.0;888.0
Paraipaba;PARAIPABA;-3.4379444444444;-39.144805555556;2001;3;160.5;0.0;0.0;0.0;0.0;0.0;0.0;2.2;0.0;0.0;25.0;0.0;24.0;3.4;0.0;12.0;3.5;0.0;0.0;0.0;0.0;0.0;2.0;0.0;0.0;0.0;0.0;0.0;1.2;81.8;5.4;0.0
Paraipaba;PARAIPABA;-3.4379444444444;-39.144805555556;2001;4;458.8;78.8;3.0;6.0;13.0;17.2;0.0;34.0;18.4;25.6;20.0;44.0;0.0;0.0;0.0;0.0;41.0;6.0;14.0;9.8;2.0;26.5;4.5;0.0;0.0;10.0;0.0;11.0;64.5;5.0;4.5;888.0
Paraipaba;PARAIPABA;-3.4379444444444;-39.144805555556;2001;5;33.0;0.0;0.0;0.0;0.0;0.0;0.0;0.0;0.0;0.0;0.0;0.0;0.0;0.0;0.0;0.0;0.0;0.0;0.0;0.0;0.0;0.0;0.0;0.0;5.2;4.8;23.0;0.0;0.0;0.0;0.0;0.0
Paraipaba;PARAIPABA;-3.4379444444444;-39.144805555556;2001;6;116.5;14.0;8.5;7.0;10.0;31.0;0.0;0.0;37.0;0.0;0.0;0.0;0.0;0.0;0.0;0.0;0.0;0.0;0.0;0.0;0.0;0.0;0.0;0.0;0.0;0.0;0.0;0.0;9.0;0.0;0.0;888.0
Paraipaba;PARAIPABA;-3.4379444444444;-39.144805555556;2001;7;25.0;0.0;0.0;0.0;25.0;0.0;0.0;0.0;0.0;0.0;0.0;0.0;0.0;0.0;0.0;0.0;0.0;0.0;0.0;0.0;0.0;0.0;0.0;0.0;0.0;0.0;0.0;0.0;0.0;0.0;0.0;0.0
Paraipaba;PARAIPABA;-3.4379444444444;-39.144805555556;2001;8;0.0;0.0;0.0;0.0;0.0;0.0;0.0;0.0;0.0;0.0;0.0;0.0;0.0;0.0;0.0;0.0;0.0;0.0;0.0;0.0;0.0;0.0;0.0;0.0;0.0;0.0;0.0;0.0;0.0;0.0;0.0;0.0
Paraipaba;PARAIPABA;-3.4379444444444;-39.144805555556;2001;9;0.0;0.0;0.0;0.0;0.0;0.0;0.0;0.0;0.0;0.0;0.0;0.0;0.0;0.0;0.0;0.0;0.0;0.0;0.0;0.0;0.0;0.0;0.0;0.0;0.0;0.0;0.0;0.0;0.0;0.0;0.0;888.0
Paraipaba;PARAIPABA;-3.4379444444444;-39.144805555556;2001;10;0.0;0.0;0.0;0.0;0.0;0.0;0.0;0.0;0.0;0.0;0.0;0.0;0.0;0.0;0.0;0.0;0.0;0.0;0.0;0.0;0.0;0.0;0.0;0.0;0.0;0.0;0.0;0.0;0.0;0.0;0.0;0.0
Paraipaba;PARAIPABA;-3.4379444444444;-39.144805555556;2001;11;0.0;0.0;0.0;0.0;0.0;0.0;0.0;0.0;0.0;0.0;0.0;0.0;0.0;0.0;0.0;0.0;0.0;0.0;0.0;0.0;0.0;0.0;0.0;0.0;0.0;0.0;0.0;0.0;0.0;0.0;0.0;888.0
Paraipaba;PARAIPABA;-3.4379444444444;-39.144805555556;2001;12;2.5;0.0;0.0;0.0;0.0;0.0;0.0;0.0;0.0;0.0;0.0;2.5;0.0;0.0;0.0;0.0;0.0;0.0;0.0;0.0;0.0;0.0;0.0;0.0;0.0;0.0;0.0;0.0;0.0;0.0;0.0;0.0
Paraipaba;PARAIPABA;-3.4379444444444;-39.144805555556;2002;1;335.2;0.0;0.0;0.0;0.0;0.0;0.0;0.0;27.8;18.0;14.0;6.2;0.0;0.0;6.8;0.0;0.0;20.0;125.0;0.0;0.0;2.8;60.2;0.0;0.0;0.0;0.0;0.0;0.0;51.0;2.2;1.2
Paraipaba;PARAIPABA;-3.4379444444444;-39.144805555556;2002;2;76.4;22.4;0.0;0.0;13.0;0.0;0.0;0.0;0.0;0.0;0.0;0.0;0.0;0.0;4.4;22.0;0.0;0.0;0.0;14.6;0.0;0.0;0.0;0.0;0.0;0.0;0.0;0.0;0.0;888.0;888.0;888.0
Paraipaba;PARAIPABA;-3.4379444444444;-39.144805555556;2002;3;354.4;0.0;0.0;0.0;91.0;8.5;0.0;2.4;13.0;0.0;0.0;56.0;0.0;0.0;0.0;0.0;0.0;0.0;23.0;0.0;31.0;0.0;0.0;0.0;0.0;77.0;23.0;0.0;18.0;0.0;0.0;11.5
Paraipaba;PARAIPABA;-3.4379444444444;-39.144805555556;2002;4;343.6;0.0;0.0;18.0;35.0;12.8;20.0;5.0;0.0;0.0;91.6;31.0;0.0;0.0;0.0;33.0;0.0;0.0;0.0;0.0;0.0;30.0;0.0;5.4;0.0;4.8;20.0;0.0;17.0;18.0;2.0;888.0
Paraipaba;PARAIPABA;-3.4379444444444;-39.144805555556;2002;5;154.5;0.0;31.0;5.0;0.0;0.0;7.0;0.0;9.0;0.0;14.8;19.0;0.0;2.5;0.0;0.0;0.0;0.0;0.0;0.0;0.0;0.0;6.2;3.0;16.0;24.0;0.0;0.0;0.0;0.0;0.0;17.0
Paraipaba;PARAIPABA;-3.4379444444444;-39.144805555556;2002;6;165.0;0.0;0.0;14.0;0.0;0.0;21.2;1.4;26.0;0.0;0.0;0.0;0.0;28.0;16.0;0.0;0.0;35.0;0.0;0.0;3.4;0.0;0.0;0.0;0.0;19.0;0.0;0.0;1.0;0.0;0.0;888.0
Paraipaba;PARAIPABA;-3.4379444444444;-39.144805555556;2002;7;42.0;17.0;0.0;0.0;0.0;0.0;0.0;0.0;0.0;0.0;9.0;16.0;0.0;0.0;0.0;0.0;0.0;0.0;0.0;0.0;0.0;0.0;0.0;0.0;0.0;0.0;0.0;0.0;0.0;0.0;0.0;0.0
Paraipaba;PARAIPABA;-3.4379444444444;-39.144805555556;2002;8;0.0;0.0;0.0;0.0;0.0;0.0;0.0;0.0;0.0;0.0;0.0;0.0;0.0;0.0;0.0;0.0;0.0;0.0;0.0;0.0;0.0;0.0;0.0;0.0;0.0;0.0;0.0;0.0;0.0;0.0;0.0;0.0
Paraipaba;PARAIPABA;-3.4379444444444;-39.144805555556;2002;9;0.0;0.0;0.0;0.0;0.0;0.0;0.0;0.0;0.0;0.0;0.0;0.0;0.0;0.0;0.0;0.0;0.0;0.0;0.0;0.0;0.0;0.0;0.0;0.0;0.0;0.0;0.0;0.0;0.0;0.0;0.0;888.0
Paraipaba;PARAIPABA;-3.4379444444444;-39.144805555556;2002;10;0.0;0.0;0.0;0.0;0.0;0.0;0.0;0.0;0.0;0.0;0.0;0.0;0.0;0.0;0.0;0.0;0.0;0.0;0.0;0.0;0.0;0.0;0.0;0.0;0.0;0.0;0.0;0.0;0.0;0.0;0.0;0.0
Paraipaba;PARAIPABA;-3.4379444444444;-39.144805555556;2002;11;0.0;0.0;0.0;0.0;0.0;0.0;0.0;0.0;0.0;0.0;0.0;0.0;0.0;0.0;0.0;0.0;0.0;0.0;0.0;0.0;0.0;0.0;0.0;0.0;0.0;0.0;0.0;0.0;0.0;0.0;0.0;888.0
Paraipaba;PARAIPABA;-3.4379444444444;-39.144805555556;2002;12;0.0;0.0;0.0;0.0;0.0;0.0;0.0;0.0;0.0;0.0;0.0;0.0;0.0;0.0;0.0;0.0;0.0;0.0;0.0;0.0;0.0;0.0;0.0;0.0;0.0;0.0;0.0;0.0;0.0;0.0;0.0;0.0
Paraipaba;PARAIPABA;-3.4379444444444;-39.144805555556;2003;1;101.2;0.0;0.0;0.0;0.0;0.0;0.0;0.0;0.0;0.0;0.0;0.0;0.0;0.0;0.0;0.0;0.0;0.0;0.0;0.0;2.0;7.0;8.2;1.8;7.0;15.0;0.0;10.0;25.0;0.0;24.0;1.2
Paraipaba;PARAIPABA;-3.4379444444444;-39.144805555556;2003;2;364.7;0.0;0.0;80.0;12.0;0.0;16.0;0.0;0.0;0.0;0.0;0.0;57.0;0.0;0.0;0.0;0.0;0.0;28.7;0.0;4.0;54.6;0.0;0.0;9.4;29.0;7.0;5.0;62.0;888.0;888.0;888.0
Paraipaba;PARAIPABA;-3.4379444444444;-39.144805555556;2003;3;567.3;0.0;0.0;21.0;19.0;18.0;0.0;9.0;0.0;0.0;0.0;32.5;19.0;2.0;55.0;25.0;17.0;0.0;26.0;28.4;7.0;2.0;3.0;5.0;82.4;15.0;17.0;28.0;27.0;25.0;76.0;8.0
Paraipaba;PARAIPABA;-3.4379444444444;-39.144805555556;2003;4;369.4;17.6;15.0;0.0;1.8;0.0;0.0;34.0;57.0;0.0;35.0;14.0;0.0;0.0;3.0;3.0;0.0;0.0;0.0;0.0;0.0;0.0;28.0;46.0;25.0;0.0;33.0;0.0;5.0;30.0;22.0;888.0
Paraipaba;PARAIPABA;-3.4379444444444;-39.144805555556;2003;5;291.6;65.0;80.0;0.0;0.0;15.4;0.0;0.0;0.0;0.0;0.0;0.0;29.0;8.2;16.0;14.8;4.4;0.0;0.0;13.6;0.0;0.0;0.0;0.0;0.0;0.0;0.0;0.0;0.0;0.0;5.2;40.0
Paraipaba;PARAIPABA;-3.4379444444444;-39.144805555556;2003;6;93.6;14.0;0.0;0.0;6.8;18.4;17.6;0.0;0.0;0.0;0.0;9.8;5.0;0.0;0.0;0.0;22.0;0.0;0.0;0.0;0.0;0.0;0.0;0.0;0.0;0.0;0.0;0.0;0.0;0.0;0.0;888.0
Paraipaba;PARAIPABA;-3.4379444444444;-39.144805555556;2003;7;0.0;0.0;0.0;0.0;0.0;0.0;0.0;0.0;0.0;0.0;0.0;0.0;0.0;0.0;0.0;0.0;0.0;0.0;0.0;0.0;0.0;0.0;0.0;0.0;0.0;0.0;0.0;0.0;0.0;0.0;0.0;0.0
Paraipaba;PARAIPABA;-3.4379444444444;-39.144805555556;2003;8;0.0;0.0;0.0;0.0;0.0;0.0;0.0;0.0;0.0;0.0;0.0;0.0;0.0;0.0;0.0;0.0;0.0;0.0;0.0;0.0;0.0;0.0;0.0;0.0;0.0;0.0;0.0;0.0;0.0;0.0;0.0;0.0
Paraipaba;PARAIPABA;-3.4379444444444;-39.144805555556;2003;9;0.0;0.0;0.0;0.0;0.0;0.0;0.0;0.0;0.0;0.0;0.0;0.0;0.0;0.0;0.0;0.0;0.0;0.0;0.0;0.0;0.0;0.0;0.0;0.0;0.0;0.0;0.0;0.0;0.0;0.0;0.0;888.0
Paraipaba;PARAIPABA;-3.4379444444444;-39.144805555556;2003;10;0.0;0.0;0.0;0.0;0.0;0.0;0.0;0.0;0.0;0.0;0.0;0.0;0.0;0.0;0.0;0.0;0.0;0.0;0.0;0.0;0.0;0.0;0.0;0.0;0.0;0.0;0.0;0.0;0.0;0.0;0.0;0.0
Paraipaba;PARAIPABA;-3.4379444444444;-39.144805555556;2003;11;0.0;0.0;0.0;0.0;0.0;0.0;0.0;0.0;0.0;0.0;0.0;0.0;0.0;0.0;0.0;0.0;0.0;0.0;0.0;0.0;0.0;0.0;0.0;0.0;0.0;0.0;0.0;0.0;0.0;0.0;0.0;888.0
Paraipaba;PARAIPABA;-3.4379444444444;-39.144805555556;2003;12;0.0;0.0;0.0;0.0;0.0;0.0;0.0;0.0;0.0;0.0;0.0;0.0;0.0;0.0;0.0;0.0;0.0;0.0;0.0;0.0;0.0;0.0;0.0;0.0;0.0;0.0;0.0;0.0;0.0;0.0;0.0;0.0
Paraipaba;PARAIPABA;-3.4379444444444;-39.144805555556;2004;1;369.0;0.0;0.0;0.0;0.0;0.0;0.0;0.0;0.0;0.0;0.0;0.0;13.0;15.0;14.0;15.0;0.0;0.0;6.0;3.0;0.0;30.0;7.0;5.0;30.0;31.0;1.0;46.0;43.0;69.0;41.0;0.0
Paraipaba;PARAIPABA;-3.4379444444444;-39.144805555556;2004;2;231.0;0.0;29.0;0.0;16.0;13.0;8.0;0.0;30.0;74.0;0.0;0.0;6.0;0.0;0.0;0.0;20.0;6.0;1.0;0.0;0.0;0.0;0.0;0.0;0.0;0.0;18.0;4.0;0.0;6.0;888.0;888.0
Paraipaba;PARAIPABA;-3.4379444444444;-39.144805555556;2004;3;273.0;30.0;0.0;0.0;20.0;1.0;0.0;29.0;50.0;15.0;30.0;1.0;0.0;0.0;0.0;9.0;0.0;25.0;0.0;0.0;0.0;0.0;0.0;16.0;10.0;5.0;9.0;22.0;0.0;0.0;0.0;1.0
Paraipaba;PARAIPABA;-3.4379444444444;-39.144805555556;2004;4;137.0;0.0;0.0;0.0;0.0;10.0;4.0;0.0;0.0;0.0;0.0;0.0;9.0;0.0;0.0;1.0;0.0;0.0;13.0;25.0;0.0;2.0;0.0;5.0;0.0;30.0;35.0;0.0;3.0;0.0;0.0;888.0
Paraipaba;PARAIPABA;-3.4379444444444;-39.144805555556;2004;5;57.0;0.0;0.0;0.0;0.0;15.0;0.0;0.0;0.0;0.0;0.0;0.0;0.0;0.0;0.0;0.0;0.0;0.0;0.0;0.0;2.0;7.0;0.0;0.0;0.0;0.0;0.0;0.0;10.0;23.0;0.0;0.0
Paraipaba;PARAIPABA;-3.4379444444444;-39.144805555556;2004;6;284.0;13.0;0.0;0.0;0.0;0.0;25.0;0.0;32.0;0.0;0.0;0.0;0.0;0.0;0.0;24.6;4.0;0.0;8.0;0.0;0.0;64.4;47.0;0.0;0.0;0.0;0.0;0.0;64.0;0.0;2.0;888.0
Paraipaba;PARAIPABA;-3.4379444444444;-39.144805555556;2004;7;81.0;0.0;0.0;0.0;7.0;0.0;0.0;6.0;4.0;6.0;0.0;28.0;0.0;0.0;4.0;0.0;0.0;23.0;3.0;0.0;0.0;0.0;0.0;0.0;0.0;0.0;0.0;0.0;0.0;0.0;0.0;0.0
Paraipaba;PARAIPABA;-3.4379444444444;-39.144805555556;2004;8;0.0;0.0;0.0;0.0;0.0;0.0;0.0;0.0;0.0;0.0;0.0;0.0;0.0;0.0;0.0;0.0;0.0;0.0;0.0;0.0;0.0;0.0;0.0;0.0;0.0;0.0;0.0;0.0;0.0;0.0;0.0;0.0
Paraipaba;PARAIPABA;-3.4379444444444;-39.144805555556;2004;9;0.0;0.0;0.0;0.0;0.0;0.0;0.0;0.0;0.0;0.0;0.0;0.0;0.0;0.0;0.0;0.0;0.0;0.0;0.0;0.0;0.0;0.0;0.0;0.0;0.0;0.0;0.0;0.0;0.0;0.0;0.0;888.0
Paraipaba;PARAIPABA;-3.4379444444444;-39.144805555556;2004;10;0.0;0.0;0.0;0.0;0.0;0.0;0.0;0.0;0.0;0.0;0.0;0.0;0.0;0.0;0.0;0.0;0.0;0.0;0.0;0.0;0.0;0.0;0.0;0.0;0.0;0.0;0.0;0.0;0.0;0.0;0.0;0.0
Paraipaba;PARAIPABA;-3.4379444444444;-39.144805555556;2004;11;0.0;0.0;0.0;0.0;0.0;0.0;0.0;0.0;0.0;0.0;0.0;0.0;0.0;0.0;0.0;0.0;0.0;0.0;0.0;0.0;0.0;0.0;0.0;0.0;0.0;0.0;0.0;0.0;0.0;0.0;0.0;888.0
Paraipaba;PARAIPABA;-3.4379444444444;-39.144805555556;2004;12;0.0;0.0;0.0;0.0;0.0;0.0;0.0;0.0;0.0;0.0;0.0;0.0;0.0;0.0;0.0;0.0;0.0;0.0;0.0;0.0;0.0;0.0;0.0;0.0;0.0;0.0;0.0;0.0;0.0;0.0;0.0;0.0
Paraipaba;PARAIPABA;-3.4379444444444;-39.144805555556;2005;1;10.0;0.0;0.0;0.0;0.0;0.0;0.0;0.0;0.0;0.0;0.0;0.0;0.0;0.0;0.0;0.0;0.0;0.0;0.0;0.0;0.0;0.0;0.0;0.0;0.0;2.0;8.0;0.0;0.0;0.0;0.0;0.0
Paraipaba;PARAIPABA;-3.4379444444444;-39.144805555556;2005;2;75.0;0.0;2.0;0.0;0.0;0.0;0.0;0.0;8.0;0.0;0.0;0.0;0.0;0.0;0.0;0.0;28.0;9.0;0.0;0.0;1.0;0.0;0.0;0.0;1.0;1.0;6.0;14.0;5.0;888.0;888.0;888.0
Paraipaba;PARAIPABA;-3.4379444444444;-39.144805555556;2005;3;243.4;0.0;0.0;2.4;0.0;0.0;0.0;0.0;0.0;1.0;4.5;0.0;0.0;0.0;6.0;0.0;0.0;0.0;2.0;46.0;10.5;0.0;9.0;16.0;3.0;0.0;5.0;8.0;64.0;1.0;12.0;53.0
Paraipaba;PARAIPABA;-3.4379444444444;-39.144805555556;2005;4;241.7;7.5;0.0;0.0;0.0;11.0;0.0;0.0;11.0;0.0;5.0;25.0;2.0;1.2;32.0;6.0;17.0;0.0;0.0;79.0;3.0;0.0;0.0;0.0;0.0;4.0;0.0;0.0;0.0;8.0;30.0;888.0
Paraipaba;PARAIPABA;-3.4379444444444;-39.144805555556;2005;5;319.0;0.0;1.5;0.0;0.0;7.0;0.0;0.0;0.0;2.0;0.0;0.0;43.0;30.0;0.0;0.0;0.0;0.0;35.0;6.0;0.0;15.0;25.0;57.5;54.0;9.0;0.0;6.5;10.0;8.5;0.0;9.0
Paraipaba;PARAIPABA;-3.4379444444444;-39.144805555556;2005;6;133.7;2.3;2.0;2.0;1.5;0.0;5.0;0.0;46.0;0.0;3.0;0.0;0.0;3.2;1.0;6.2;1.0;12.0;16.0;0.0;2.5;0.0;0.0;0.0;13.0;0.0;0.0;17.0;0.0;0.0;0.0;888.0
Paraipaba;PARAIPABA;-3.4379444444444;-39.144805555556;2005;7;24.0;2.0;0.0;0.0;9.0;0.0;0.0;2.0;0.0;8.0;0.0;0.0;0.0;0.0;0.0;0.0;0.0;0.0;0.0;0.0;1.0;2.0;0.0;0.0;0.0;0.0;0.0;0.0;0.0;0.0;0.0;0.0
Paraipaba;PARAIPABA;-3.4379444444444;-39.144805555556;2005;8;0.0;0.0;0.0;0.0;0.0;0.0;0.0;0.0;0.0;0.0;0.0;0.0;0.0;0.0;0.0;0.0;0.0;0.0;0.0;0.0;0.0;0.0;0.0;0.0;0.0;0.0;0.0;0.0;0.0;0.0;0.0;0.0
Paraipaba;PARAIPABA;-3.4379444444444;-39.144805555556;2005;9;0.0;0.0;0.0;0.0;0.0;0.0;0.0;0.0;0.0;0.0;0.0;0.0;0.0;0.0;0.0;0.0;0.0;0.0;0.0;0.0;0.0;0.0;0.0;0.0;0.0;0.0;0.0;0.0;0.0;0.0;0.0;888.0
Paraipaba;PARAIPABA;-3.4379444444444;-39.144805555556;2005;10;0.0;0.0;0.0;0.0;0.0;0.0;0.0;0.0;0.0;0.0;0.0;0.0;0.0;0.0;0.0;0.0;0.0;0.0;0.0;0.0;0.0;0.0;0.0;0.0;0.0;0.0;0.0;0.0;0.0;0.0;0.0;0.0
Paraipaba;PARAIPABA;-3.4379444444444;-39.144805555556;2005;11;0.0;0.0;0.0;0.0;0.0;0.0;0.0;0.0;0.0;0.0;0.0;0.0;0.0;0.0;0.0;0.0;0.0;0.0;0.0;0.0;0.0;0.0;0.0;0.0;0.0;0.0;0.0;0.0;0.0;0.0;0.0;888.0
Paraipaba;PARAIPABA;-3.4379444444444;-39.144805555556;2005;12;0.0;0.0;0.0;0.0;0.0;0.0;0.0;0.0;0.0;0.0;0.0;0.0;0.0;0.0;0.0;0.0;0.0;0.0;0.0;0.0;0.0;0.0;0.0;0.0;0.0;0.0;0.0;0.0;0.0;0.0;0.0;0.0
Paraipaba;PARAIPABA;-3.4379444444444;-39.144805555556;2006;1;17.5;0.0;0.0;5.5;0.0;0.0;0.0;0.0;0.0;1.0;4.0;7.0;0.0;0.0;0.0;0.0;0.0;0.0;0.0;0.0;0.0;0.0;0.0;0.0;0.0;0.0;0.0;0.0;0.0;0.0;0.0;0.0
Paraipaba;PARAIPABA;-3.4379444444444;-39.144805555556;2006;2;102.0;0.0;0.0;0.0;0.0;0.0;0.0;0.0;0.0;0.0;0.0;25.0;0.0;0.0;9.0;17.0;1.0;5.0;26.0;0.0;0.0;0.0;1.0;0.0;0.0;0.0;14.0;4.0;0.0;888.0;888.0;888.0
Paraipaba;PARAIPABA;-3.4379444444444;-39.144805555556;2006;3;154.4;0.0;0.0;3.0;5.0;9.0;0.0;2.0;0.0;0.0;0.0;0.0;2.0;7.0;40.0;3.4;12.0;1.5;0.0;0.0;0.0;2.0;19.0;14.0;13.0;0.0;0.0;15.0;0.0;1.5;3.0;2.0
Paraipaba;PARAIPABA;-3.4379444444444;-39.144805555556;2006;4;362.0;0.0;0.0;0.0;0.0;55.0;3.0;5.0;0.0;0.0;24.0;0.0;0.0;6.0;7.0;10.0;15.0;30.0;3.0;44.5;14.0;10.0;15.0;25.0;41.0;5.0;0.0;11.0;8.5;10.0;20.0;888.0
Paraipaba;PARAIPABA;-3.4379444444444;-39.144805555556;2006;5;209.5;40.0;13.0;0.0;0.0;13.0;18.0;5.5;3.0;42.0;4.0;23.0;0.0;0.0;11.0;0.0;3.0;0.0;0.0;0.0;21.0;0.0;0.0;0.0;2.0;0.0;9.0;0.0;0.0;0.0;2.0;0.0
Paraipaba;PARAIPABA;-3.4379444444444;-39.144805555556;2006;6;98.0;0.0;0.0;0.0;0.0;14.0;2.0;0.0;0.0;0.0;2.0;0.0;4.0;0.0;0.0;0.0;43.0;3.0;0.0;6.0;0.0;0.0;0.0;0.0;0.0;0.0;0.0;19.0;5.0;0.0;0.0;888.0
Paraipaba;PARAIPABA;-3.4379444444444;-39.144805555556;2006;7;16.0;0.0;0.0;0.0;0.0;0.0;0.0;6.5;0.0;0.0;0.0;6.0;3.5;0.0;0.0;0.0;0.0;0.0;0.0;0.0;0.0;0.0;0.0;0.0;0.0;0.0;0.0;0.0;0.0;0.0;0.0;0.0
Paraipaba;PARAIPABA;-3.4379444444444;-39.144805555556;2006;8;12.0;0.0;0.0;0.0;0.0;0.0;0.0;0.0;0.0;4.0;6.0;0.0;0.0;0.0;0.0;0.0;0.0;2.0;0.0;0.0;0.0;0.0;0.0;0.0;0.0;0.0;0.0;0.0;0.0;0.0;0.0;0.0
Paraipaba;PARAIPABA;-3.4379444444444;-39.144805555556;2006;9;0.0;0.0;0.0;0.0;0.0;0.0;0.0;0.0;0.0;0.0;0.0;0.0;0.0;0.0;0.0;0.0;0.0;0.0;0.0;0.0;0.0;0.0;0.0;0.0;0.0;0.0;0.0;0.0;0.0;0.0;0.0;888.0
Paraipaba;PARAIPABA;-3.4379444444444;-39.144805555556;2006;10;0.0;0.0;0.0;0.0;0.0;0.0;0.0;0.0;0.0;0.0;0.0;0.0;0.0;0.0;0.0;0.0;0.0;0.0;0.0;0.0;0.0;0.0;0.0;0.0;0.0;0.0;0.0;0.0;0.0;0.0;0.0;0.0
Paraipaba;PARAIPABA;-3.4379444444444;-39.144805555556;2006;11;0.0;0.0;0.0;0.0;0.0;0.0;0.0;0.0;0.0;0.0;0.0;0.0;0.0;0.0;0.0;0.0;0.0;0.0;0.0;0.0;0.0;0.0;0.0;0.0;0.0;0.0;0.0;0.0;0.0;0.0;0.0;888.0
Paraipaba;PARAIPABA;-3.4379444444444;-39.144805555556;2006;12;22.0;0.0;0.0;0.0;0.0;0.0;0.0;0.0;0.0;0.0;0.0;0.0;0.0;0.0;0.0;0.0;0.0;0.0;0.0;0.0;0.0;0.0;0.0;0.0;0.0;12.0;10.0;0.0;0.0;0.0;0.0;0.0
Paraipaba;PARAIPABA;-3.4379444444444;-39.144805555556;2007;1;10.7;0.0;0.0;2.0;1.5;0.0;0.0;0.0;5.2;0.0;2.0;0.0;0.0;0.0;0.0;0.0;0.0;0.0;0.0;0.0;0.0;0.0;0.0;0.0;0.0;0.0;0.0;0.0;0.0;0.0;0.0;0.0
Paraipaba;PARAIPABA;-3.4379444444444;-39.144805555556;2007;2;323.4;4.0;0.0;0.0;0.0;20.0;7.0;0.0;0.0;0.0;0.0;0.0;4.0;0.0;5.2;41.0;24.0;0.0;35.0;65.0;0.0;6.0;10.0;77.0;13.0;0.0;0.0;0.0;12.2;888.0;888.0;888.0
Paraipaba;PARAIPABA;-3.4379444444444;-39.144805555556;2007;3;246.6;7.3;16.0;15.0;0.0;9.0;0.0;0.0;8.0;0.0;0.0;21.5;20.0;31.0;0.0;13.3;0.0;65.3;0.0;0.0;0.0;0.0;13.2;0.0;4.0;2.0;3.0;0.0;18.0;0.0;0.0;0.0
Paraipaba;PARAIPABA;-3.4379444444444;-39.144805555556;2007;4;237.2;0.0;0.0;7.2;2.0;0.0;0.0;0.0;0.0;0.0;33.2;9.2;0.0;3.0;0.0;3.0;0.0;4.0;69.0;0.0;1.3;20.0;9.2;0.0;26.1;10.0;0.0;0.0;20.0;10.0;10.0;888.0
Paraipaba;PARAIPABA;-3.4379444444444;-39.144805555556;2007;5;120.3;15.0;12.0;1.2;0.0;0.0;15.4;0.0;0.0;0.0;0.0;0.0;0.0;22.3;0.0;2.2;0.0;0.0;0.0;0.0;0.0;0.0;38.0;0.0;0.0;0.0;0.0;0.0;0.0;0.0;0.0;14.2
Paraipaba;PARAIPABA;-3.4379444444444;-39.144805555556;2007;6;29.6;0.0;0.0;0.0;0.0;0.0;0.0;0.0;0.0;15.0;0.0;10.0;0.0;1.3;0.0;0.0;0.0;0.0;3.3;0.0;0.0;0.0;0.0;0.0;0.0;0.0;0.0;0.0;0.0;0.0;0.0;888.0
Paraipaba;PARAIPABA;-3.4379444444444;-39.144805555556;2007;7;20.0;0.0;0.0;0.0;0.0;0.0;0.0;0.0;0.0;0.0;0.0;0.0;0.0;0.0;10.0;0.0;0.0;0.0;0.0;0.0;0.0;0.0;0.0;2.0;0.0;0.0;0.0;0.0;8.0;0.0;0.0;0.0
Paraipaba;PARAIPABA;-3.4379444444444;-39.144805555556;2007;8;0.0;0.0;0.0;0.0;0.0;0.0;0.0;0.0;0.0;0.0;0.0;0.0;0.0;0.0;0.0;0.0;0.0;0.0;0.0;0.0;0.0;0.0;0.0;0.0;0.0;0.0;0.0;0.0;0.0;0.0;0.0;0.0
Paraipaba;PARAIPABA;-3.4379444444444;-39.144805555556;2007;9;0.0;0.0;0.0;0.0;0.0;0.0;0.0;0.0;0.0;0.0;0.0;0.0;0.0;0.0;0.0;0.0;0.0;0.0;0.0;0.0;0.0;0.0;0.0;0.0;0.0;0.0;0.0;0.0;0.0;0.0;0.0;888.0
Paraipaba;PARAIPABA;-3.4379444444444;-39.144805555556;2007;10;0.0;0.0;0.0;0.0;0.0;0.0;0.0;0.0;0.0;0.0;0.0;0.0;0.0;0.0;0.0;0.0;0.0;0.0;0.0;0.0;0.0;0.0;0.0;0.0;0.0;0.0;0.0;0.0;0.0;0.0;0.0;0.0
Paraipaba;PARAIPABA;-3.4379444444444;-39.144805555556;2007;11;0.0;0.0;0.0;0.0;0.0;0.0;0.0;0.0;0.0;0.0;0.0;0.0;0.0;0.0;0.0;0.0;0.0;0.0;0.0;0.0;0.0;0.0;0.0;0.0;0.0;0.0;0.0;0.0;0.0;0.0;0.0;888.0
Paraipaba;PARAIPABA;-3.4379444444444;-39.144805555556;2007;12;32.0;0.0;0.0;0.0;0.0;0.0;0.0;0.0;0.0;0.0;0.0;0.0;0.0;0.0;0.0;0.0;0.0;0.0;0.0;0.0;0.0;0.0;0.0;0.0;0.0;0.0;0.0;0.0;7.0;25.0;0.0;0.0
Paraipaba;PARAIPABA;-3.4379444444444;-39.144805555556;2008;1;240.1;30.0;0.0;5.5;23.0;0.0;0.0;0.0;0.0;0.0;0.0;0.0;0.0;36.3;30.0;16.0;18.3;5.0;20.3;0.0;9.3;0.0;0.0;19.3;2.0;0.0;0.0;0.0;5.1;7.4;11.2;1.4
Paraipaba;PARAIPABA;-3.4379444444444;-39.144805555556;2008;2;40.9;0.0;0.0;0.0;0.0;0.0;0.0;0.0;1.0;0.0;0.0;0.0;0.0;10.3;0.0;0.0;4.0;0.0;0.0;12.5;5.0;3.5;0.0;0.0;0.0;0.0;0.0;0.0;0.0;4.6;888.0;888.0
Paraipaba;PARAIPABA;-3.4379444444444;-39.144805555556;2008;3;313.5;10.0;18.0;0.0;0.0;18.0;0.0;9.5;20.0;18.0;0.0;0.0;0.0;72.0;0.0;6.0;0.0;0.0;0.0;0.0;15.0;10.0;7.0;0.0;30.0;0.0;29.0;0.0;19.0;14.0;18.0;0.0
Paraipaba;PARAIPABA;-3.4379444444444;-39.144805555556;2008;4;361.5;60.0;15.0;6.0;0.0;21.0;0.0;0.0;15.0;19.3;0.0;8.0;46.0;8.0;0.0;30.0;0.0;40.0;4.0;0.0;15.0;0.0;13.0;14.0;2.2;0.0;0.0;0.0;0.0;40.0;5.0;888.0
Paraipaba;PARAIPABA;-3.4379444444444;-39.144805555556;2008;5;220.5;0.0;0.0;70.0;7.0;0.0;0.0;0.0;14.3;4.0;30.0;0.0;13.0;6.0;0.0;11.0;0.0;0.0;33.2;0.0;0.0;0.0;22.0;0.0;0.0;0.0;0.0;0.0;5.0;0.0;0.0;5.0
Paraipaba;PARAIPABA;-3.4379444444444;-39.144805555556;2008;6;36.0;0.0;0.0;0.0;0.0;0.0;5.0;0.0;0.0;28.0;0.0;3.0;0.0;0.0;0.0;0.0;0.0;0.0;0.0;0.0;0.0;0.0;0.0;0.0;0.0;0.0;0.0;0.0;0.0;0.0;0.0;888.0
Paraipaba;PARAIPABA;-3.4379444444444;-39.144805555556;2008;7;8.3;3.3;0.0;0.0;0.0;0.0;0.0;0.0;0.0;0.0;0.0;0.0;0.0;0.0;0.0;0.0;0.0;0.0;0.0;0.0;0.0;0.0;0.0;0.0;0.0;0.0;0.0;0.0;0.0;0.0;5.0;0.0
Paraipaba;PARAIPABA;-3.4379444444444;-39.144805555556;2008;8;20.5;0.0;0.0;0.0;0.0;0.0;0.0;1.0;0.0;19.5;0.0;0.0;0.0;0.0;0.0;0.0;0.0;0.0;0.0;0.0;0.0;0.0;0.0;0.0;0.0;0.0;0.0;0.0;0.0;0.0;0.0;0.0
Paraipaba;PARAIPABA;-3.4379444444444;-39.144805555556;2008;9;0.0;0.0;0.0;0.0;0.0;0.0;0.0;0.0;0.0;0.0;0.0;0.0;0.0;0.0;0.0;0.0;0.0;0.0;0.0;0.0;0.0;0.0;0.0;0.0;0.0;0.0;0.0;0.0;0.0;0.0;0.0;888.0
Paraipaba;PARAIPABA;-3.4379444444444;-39.144805555556;2008;10;0.0;0.0;0.0;0.0;0.0;0.0;0.0;0.0;0.0;0.0;0.0;0.0;0.0;0.0;0.0;0.0;0.0;0.0;0.0;0.0;0.0;0.0;0.0;0.0;0.0;0.0;0.0;0.0;0.0;0.0;0.0;0.0
Paraipaba;PARAIPABA;-3.4379444444444;-39.144805555556;2008;11;0.0;0.0;0.0;0.0;0.0;0.0;0.0;0.0;0.0;0.0;0.0;0.0;0.0;0.0;0.0;0.0;0.0;0.0;0.0;0.0;0.0;0.0;0.0;0.0;0.0;0.0;0.0;0.0;0.0;0.0;0.0;888.0
Paraipaba;PARAIPABA;-3.4379444444444;-39.144805555556;2008;12;0.0;0.0;0.0;0.0;0.0;0.0;0.0;0.0;0.0;0.0;0.0;0.0;0.0;0.0;0.0;0.0;0.0;0.0;0.0;0.0;0.0;0.0;0.0;0.0;0.0;0.0;0.0;0.0;0.0;0.0;0.0;0.0
Paraipaba;PARAIPABA;-3.4379444444444;-39.144805555556;2009;1;132.5;0.0;0.0;0.0;0.0;0.0;0.0;0.0;0.0;0.0;0.0;0.0;0.0;0.0;3.0;0.0;0.0;0.0;6.0;0.0;1.5;6.0;77.0;1.0;10.0;10.0;0.0;0.0;0.0;0.0;18.0;0.0
Paraipaba;PARAIPABA;-3.4379444444444;-39.144805555556;2009;2;243.2;27.0;5.0;5.0;21.2;0.0;0.0;0.0;0.0;0.0;0.0;6.0;11.0;0.0;0.0;0.0;5.0;0.0;15.0;6.0;1.0;20.0;20.0;55.0;0.0;10.0;15.0;1.0;20.0;888.0;888.0;888.0
Paraipaba;PARAIPABA;-3.4379444444444;-39.144805555556;2009;3;523.0;10.0;0.0;31.0;4.0;28.0;46.0;8.0;10.0;5.0;0.0;8.0;39.0;4.0;30.0;9.0;100.0;12.0;10.0;17.0;0.0;4.0;20.0;40.0;12.0;1.0;0.0;10.0;20.0;13.0;10.0;22.0
Paraipaba;PARAIPABA;-3.4379444444444;-39.144805555556;2009;4;643.0;26.0;0.0;4.0;0.0;0.0;11.0;59.0;3.0;17.0;20.0;90.0;20.0;50.0;0.0;19.0;4.5;29.0;26.0;0.0;20.0;20.0;60.0;0.0;5.0;121.0;0.0;2.5;15.0;0.0;21.0;888.0
Paraipaba;PARAIPABA;-3.4379444444444;-39.144805555556;2009;5;252.8;0.0;25.0;10.0;0.0;8.0;6.0;0.0;0.0;0.0;0.0;51.0;1.0;3.0;0.0;4.0;0.0;0.0;3.0;13.0;1.8;70.0;0.0;20.0;8.0;25.0;4.0;0.0;0.0;0.0;0.0;0.0
Paraipaba;PARAIPABA;-3.4379444444444;-39.144805555556;2009;6;154.8;0.0;0.0;7.0;2.0;0.0;0.0;0.0;0.0;0.0;18.6;0.0;0.0;0.0;0.0;10.8;0.0;0.0;0.0;1.4;0.0;0.0;0.0;37.0;0.0;78.0;0.0;0.0;0.0;0.0;0.0;888.0
Paraipaba;PARAIPABA;-3.4379444444444;-39.144805555556;2009;7;65.0;0.0;0.0;0.0;0.0;0.0;8.0;1.0;5.0;0.0;0.0;0.0;12.0;0.0;0.0;0.0;0.0;5.0;0.0;0.0;0.0;0.0;8.0;12.0;14.0;0.0;0.0;0.0;0.0;0.0;0.0;0.0
Paraipaba;PARAIPABA;-3.4379444444444;-39.144805555556;2009;8;35.0;0.0;0.0;0.0;0.0;2.0;0.0;0.0;0.0;0.0;0.0;0.0;0.0;0.0;0.0;0.0;0.0;0.0;0.0;0.0;0.0;14.0;0.0;14.0;5.0;0.0;0.0;0.0;0.0;0.0;0.0;0.0
Paraipaba;PARAIPABA;-3.4379444444444;-39.144805555556;2009;9;2.0;0.0;0.0;0.0;0.0;0.0;0.0;0.0;0.0;0.0;0.0;0.0;0.0;0.0;0.0;0.0;0.0;0.0;0.0;0.0;0.0;0.0;2.0;0.0;0.0;0.0;0.0;0.0;0.0;0.0;0.0;888.0
Paraipaba;PARAIPABA;-3.4379444444444;-39.144805555556;2009;10;0.0;0.0;0.0;0.0;0.0;0.0;0.0;0.0;0.0;0.0;0.0;0.0;0.0;0.0;0.0;0.0;0.0;0.0;0.0;0.0;0.0;0.0;0.0;0.0;0.0;0.0;0.0;0.0;0.0;0.0;0.0;0.0
Paraipaba;PARAIPABA;-3.4379444444444;-39.144805555556;2009;11;0.0;0.0;0.0;0.0;0.0;0.0;0.0;0.0;0.0;0.0;0.0;0.0;0.0;0.0;0.0;0.0;0.0;0.0;0.0;0.0;0.0;0.0;0.0;0.0;0.0;0.0;0.0;0.0;0.0;0.0;0.0;888.0
Paraipaba;PARAIPABA;-3.4379444444444;-39.144805555556;2009;12;0.0;0.0;0.0;0.0;0.0;0.0;0.0;0.0;0.0;0.0;0.0;0.0;0.0;0.0;0.0;0.0;0.0;0.0;0.0;0.0;0.0;0.0;0.0;0.0;0.0;0.0;0.0;0.0;0.0;0.0;0.0;0.0
Paraipaba;PARAIPABA;-3.4379444444444;-39.144805555556;2010;1;76.0;0.0;0.0;53.0;0.0;1.0;0.0;0.0;0.0;0.0;0.0;2.0;0.0;0.0;0.0;0.0;0.0;0.0;0.0;0.0;0.0;0.0;0.0;0.0;0.0;0.0;0.0;0.0;6.0;14.0;0.0;0.0
Paraipaba;PARAIPABA;-3.4379444444444;-39.144805555556;2010;2;22.0;5.0;0.0;0.0;0.0;0.0;0.0;0.0;0.0;0.0;0.0;7.0;0.0;0.0;0.0;10.0;0.0;0.0;0.0;0.0;0.0;0.0;0.0;0.0;0.0;0.0;0.0;0.0;0.0;888.0;888.0;888.0
Paraipaba;PARAIPABA;-3.4379444444444;-39.144805555556;2010;3;141.2;0.0;0.0;0.0;0.0;0.0;0.0;0.0;0.0;0.0;0.0;0.0;8.0;0.0;0.0;0.0;2.0;0.0;0.0;20.0;15.0;30.0;11.0;6.2;0.0;4.0;26.0;6.0;5.0;0.0;4.0;4.0
Paraipaba;PARAIPABA;-3.4379444444444;-39.144805555556;2010;4;245.0;0.0;10.0;10.0;40.0;2.0;0.0;1.0;0.0;4.0;30.0;20.0;0.0;41.0;0.0;0.0;5.0;23.0;30.0;0.0;10.0;0.0;5.0;11.0;1.0;0.0;0.0;0.0;1.0;1.0;0.0;888.0
Paraipaba;PARAIPABA;-3.4379444444444;-39.144805555556;2010;5;136.8;0.0;0.0;5.0;7.0;8.0;7.0;0.0;0.0;0.0;0.0;0.0;0.0;41.8;0.0;0.0;0.0;0.0;0.0;0.0;0.0;0.0;0.0;0.0;0.0;0.0;12.0;35.0;3.0;0.0;0.0;18.0
Paraipaba;PARAIPABA;-3.4379444444444;-39.144805555556;2010;6;47.0;26.0;0.0;0.0;5.0;0.0;0.0;0.0;0.0;0.0;0.0;0.0;0.0;0.0;0.0;0.0;0.0;0.0;16.0;0.0;0.0;0.0;0.0;0.0;0.0;0.0;0.0;0.0;0.0;0.0;0.0;888.0
Paraipaba;PARAIPABA;-3.4379444444444;-39.144805555556;2010;7;31.0;0.0;7.0;0.0;0.0;0.0;0.0;0.0;0.0;0.0;0.0;0.0;0.0;0.0;0.0;0.0;17.0;0.0;0.0;5.0;0.0;0.0;0.0;0.0;0.0;0.0;2.0;999.0;999.0;999.0;999.0;999.0
Paraipaba;PARAIPABA;-3.4379444444444;-39.144805555556;2010;9;0.0;0.0;0.0;0.0;0.0;0.0;0.0;0.0;0.0;0.0;0.0;0.0;0.0;0.0;0.0;0.0;0.0;0.0;0.0;0.0;0.0;0.0;0.0;0.0;0.0;0.0;0.0;0.0;0.0;0.0;0.0;888.0
Paraipaba;PARAIPABA;-3.4379444444444;-39.144805555556;2010;10;0.0;0.0;0.0;0.0;0.0;0.0;0.0;0.0;0.0;0.0;0.0;0.0;0.0;0.0;0.0;0.0;0.0;0.0;0.0;0.0;0.0;0.0;0.0;0.0;0.0;0.0;0.0;0.0;0.0;0.0;0.0;0.0
Paraipaba;PARAIPABA;-3.4379444444444;-39.144805555556;2010;11;0.0;0.0;0.0;0.0;0.0;0.0;0.0;0.0;0.0;0.0;0.0;0.0;0.0;0.0;0.0;0.0;0.0;0.0;0.0;0.0;0.0;0.0;0.0;0.0;0.0;0.0;0.0;0.0;0.0;0.0;0.0;888.0
Paraipaba;PARAIPABA;-3.4379444444444;-39.144805555556;2010;12;46.0;0.0;0.0;0.0;0.0;0.0;0.0;0.0;0.0;0.0;0.0;0.0;0.0;5.0;5.0;0.0;6.0;2.0;13.0;13.0;1.0;1.0;0.0;0.0;0.0;0.0;0.0;0.0;0.0;0.0;0.0;0.0
Paraipaba;PARAIPABA;-3.4379444444444;-39.144805555556;2011;1;355.0;0.0;0.0;0.0;0.0;4.0;4.0;20.0;34.0;30.0;60.0;34.0;0.0;3.0;3.0;0.0;0.0;0.0;4.0;2.0;24.0;8.0;28.0;2.0;4.0;50.0;5.0;0.0;8.0;8.0;20.0;0.0
Paraipaba;PARAIPABA;-3.4379444444444;-39.144805555556;2011;2;181.0;0.0;0.0;0.0;0.0;0.0;0.0;0.0;0.0;8.0;10.0;2.0;40.0;20.0;29.0;7.0;11.0;0.0;0.0;0.0;0.0;7.0;0.0;0.0;4.0;12.0;25.0;6.0;0.0;888.0;888.0;888.0
Paraipaba;PARAIPABA;-3.4379444444444;-39.144805555556;2011;3;243.0;5.0;0.0;2.0;0.0;7.0;4.0;6.0;10.0;25.0;5.0;42.0;50.0;14.0;0.0;12.0;0.0;0.0;0.0;0.0;3.0;0.0;0.0;0.0;0.0;21.0;10.0;5.0;3.0;8.0;0.0;11.0
Paraipaba;PARAIPABA;-3.4379444444444;-39.144805555556;2011;4;253.0;0.0;0.0;15.0;4.0;15.0;10.0;0.0;11.0;29.0;35.0;15.0;11.0;17.0;14.0;3.0;10.0;10.0;3.0;3.0;4.0;3.0;4.0;0.0;3.0;7.0;0.0;0.0;17.0;7.0;3.0;888.0
Paraipaba;PARAIPABA;-3.4379444444444;-39.144805555556;2011;5;145.0;0.0;4.0;7.0;4.0;26.0;16.0;0.0;0.0;4.0;0.0;48.0;3.0;0.0;0.0;0.0;0.0;0.0;0.0;0.0;14.0;0.0;0.0;0.0;0.0;9.0;0.0;0.0;0.0;0.0;10.0;0.0
Paraipaba;PARAIPABA;-3.4379444444444;-39.144805555556;2011;6;68.0;0.0;0.0;0.0;1.0;0.0;0.0;0.0;0.0;10.0;0.0;0.0;0.0;0.0;0.0;0.0;0.0;0.0;0.0;8.0;25.0;0.0;0.0;0.0;0.0;0.0;0.0;0.0;23.0;0.0;1.0;888.0
Paraipaba;PARAIPABA;-3.4379444444444;-39.144805555556;2011;7;50.0;0.0;0.0;0.0;0.0;13.0;7.0;1.0;1.0;5.0;5.0;5.0;2.0;2.0;1.0;0.0;8.0;0.0;0.0;0.0;0.0;0.0;0.0;0.0;0.0;0.0;0.0;0.0;0.0;0.0;0.0;0.0
Paraipaba;PARAIPABA;-3.4379444444444;-39.144805555556;2011;8;17.0;5.0;0.0;0.0;0.0;0.0;0.0;0.0;0.0;0.0;0.0;0.0;0.0;0.0;0.0;0.0;0.0;0.0;0.0;0.0;0.0;0.0;0.0;0.0;0.0;0.0;12.0;0.0;0.0;0.0;0.0;0.0
Paraipaba;PARAIPABA;-3.4379444444444;-39.144805555556;2011;9;0.0;0.0;0.0;0.0;0.0;0.0;0.0;0.0;0.0;0.0;0.0;0.0;0.0;0.0;0.0;0.0;0.0;0.0;0.0;0.0;0.0;0.0;0.0;0.0;0.0;0.0;0.0;0.0;0.0;0.0;0.0;888.0
Paraipaba;PARAIPABA;-3.4379444444444;-39.144805555556;2011;10;14.0;0.0;0.0;0.0;0.0;0.0;0.0;0.0;0.0;0.0;0.0;0.0;0.0;0.0;0.0;0.0;0.0;0.0;0.0;0.0;0.0;14.0;0.0;0.0;0.0;0.0;0.0;0.0;0.0;0.0;0.0;0.0
Paraipaba;PARAIPABA;-3.4379444444444;-39.144805555556;2011;11;0.0;0.0;0.0;0.0;0.0;0.0;0.0;0.0;0.0;0.0;0.0;0.0;0.0;0.0;0.0;0.0;0.0;0.0;0.0;0.0;0.0;0.0;0.0;0.0;0.0;0.0;0.0;0.0;0.0;0.0;0.0;888.0
Paraipaba;PARAIPABA;-3.4379444444444;-39.144805555556;2011;12;6.0;0.0;0.0;0.0;0.0;0.0;0.0;0.0;0.0;0.0;0.0;0.0;0.0;0.0;0.0;0.0;0.0;0.0;0.0;0.0;0.0;0.0;0.0;0.0;0.0;0.0;0.0;6.0;0.0;0.0;0.0;0.0
Paraipaba;PARAIPABA;-3.4379444444444;-39.144805555556;2012;1;24.0;0.0;0.0;1.0;0.0;0.0;2.0;7.0;0.0;7.0;0.0;0.0;0.0;0.0;0.0;0.0;0.0;0.0;0.0;0.0;5.0;2.0;0.0;0.0;0.0;0.0;0.0;0.0;0.0;0.0;0.0;0.0
Paraipaba;PARAIPABA;-3.4379444444444;-39.144805555556;2012;2;195.0;0.0;0.0;0.0;0.0;0.0;0.0;0.0;0.0;0.0;0.0;10.0;0.0;0.0;0.0;9.0;27.0;2.0;0.0;8.0;10.0;5.0;5.0;0.0;15.0;10.0;8.0;2.0;25.0;59.0;888.0;888.0
Paraipaba;PARAIPABA;-3.4379444444444;-39.144805555556;2012;3;237.0;0.0;0.0;0.0;0.0;0.0;0.0;0.0;4.0;38.0;42.0;0.0;0.0;12.0;7.0;4.0;5.0;0.0;0.0;0.0;1.0;2.0;0.0;0.0;25.0;0.0;4.0;59.0;12.0;0.0;0.0;22.0
Paraipaba;PARAIPABA;-3.4379444444444;-39.144805555556;2012;4;167.0;0.0;7.0;4.0;1.0;0.0;0.0;5.0;0.0;4.0;0.0;0.0;0.0;0.0;0.0;0.0;10.0;3.0;15.0;0.0;28.0;40.0;20.0;9.0;2.0;7.0;0.0;12.0;0.0;0.0;0.0;888.0
Paraipaba;PARAIPABA;-3.4379444444444;-39.144805555556;2012;5;86.0;0.0;0.0;0.0;0.0;0.0;0.0;0.0;0.0;0.0;0.0;0.0;0.0;8.0;0.0;0.0;0.0;0.0;0.0;4.0;3.0;0.0;0.0;63.0;6.0;0.0;0.0;2.0;0.0;0.0;0.0;0.0
Paraipaba;PARAIPABA;-3.4379444444444;-39.144805555556;2012;6;14.0;0.0;0.0;0.0;0.0;0.0;0.0;0.0;0.0;0.0;0.0;0.0;7.0;0.0;0.0;0.0;0.0;2.0;0.0;1.0;0.0;0.0;0.0;4.0;0.0;0.0;0.0;0.0;0.0;0.0;0.0;888.0
Paraipaba;PARAIPABA;-3.4379444444444;-39.144805555556;2012;7;0.0;0.0;0.0;0.0;0.0;0.0;0.0;0.0;0.0;0.0;0.0;0.0;0.0;0.0;0.0;0.0;0.0;0.0;0.0;0.0;0.0;0.0;0.0;0.0;0.0;0.0;0.0;0.0;0.0;0.0;0.0;0.0
Paraipaba;PARAIPABA;-3.4379444444444;-39.144805555556;2012;8;0.0;0.0;0.0;0.0;0.0;0.0;0.0;0.0;0.0;0.0;0.0;0.0;0.0;0.0;0.0;0.0;0.0;0.0;0.0;0.0;0.0;0.0;0.0;0.0;0.0;0.0;0.0;0.0;0.0;0.0;0.0;0.0
Paraipaba;PARAIPABA;-3.4379444444444;-39.144805555556;2012;9;0.0;0.0;0.0;0.0;0.0;0.0;0.0;0.0;0.0;0.0;0.0;0.0;0.0;0.0;0.0;0.0;0.0;0.0;0.0;0.0;0.0;0.0;0.0;0.0;0.0;0.0;0.0;0.0;0.0;0.0;0.0;888.0
Paraipaba;PARAIPABA;-3.4379444444444;-39.144805555556;2012;10;0.0;0.0;0.0;0.0;0.0;0.0;0.0;0.0;0.0;0.0;0.0;0.0;0.0;0.0;0.0;0.0;0.0;0.0;0.0;0.0;0.0;0.0;0.0;0.0;0.0;0.0;0.0;0.0;0.0;0.0;0.0;0.0
Paraipaba;PARAIPABA;-3.4379444444444;-39.144805555556;2012;11;0.0;0.0;0.0;0.0;0.0;0.0;0.0;0.0;0.0;0.0;0.0;0.0;0.0;0.0;0.0;0.0;0.0;0.0;0.0;0.0;0.0;0.0;0.0;0.0;0.0;0.0;0.0;0.0;0.0;0.0;0.0;888.0
Paraipaba;PARAIPABA;-3.4379444444444;-39.144805555556;2012;12;0.0;0.0;0.0;0.0;0.0;0.0;0.0;0.0;0.0;0.0;0.0;0.0;0.0;0.0;0.0;0.0;0.0;0.0;0.0;0.0;0.0;0.0;0.0;0.0;0.0;0.0;0.0;0.0;0.0;0.0;0.0;0.0
Paraipaba;PARAIPABA;-3.4379444444444;-39.144805555556;2013;1;55.5;0.0;0.0;0.0;25.0;6.0;0.0;0.0;0.0;0.0;0.0;0.0;0.0;0.0;0.0;0.0;0.0;0.0;0.0;0.0;24.5;0.0;0.0;0.0;0.0;0.0;0.0;0.0;0.0;0.0;0.0;0.0
Paraipaba;PARAIPABA;-3.4379444444444;-39.144805555556;2013;2;67.0;0.0;0.0;0.0;0.0;0.0;0.0;0.0;0.0;0.0;0.0;0.0;0.0;0.0;2.0;0.0;12.0;25.0;0.0;17.0;11.0;0.0;0.0;0.0;0.0;0.0;0.0;0.0;0.0;888.0;888.0;888.0
Paraipaba;PARAIPABA;-3.4379444444444;-39.144805555556;2013;3;43.0;0.0;0.0;0.0;0.0;0.0;0.0;0.0;0.0;0.0;0.0;0.0;0.0;0.0;0.0;0.0;14.0;0.0;0.0;0.0;0.0;0.0;0.0;0.0;14.0;0.0;0.0;15.0;0.0;0.0;0.0;0.0
Paraipaba;PARAIPABA;-3.4379444444444;-39.144805555556;2013;4;158.5;20.0;0.0;2.0;0.0;22.0;0.0;0.0;3.0;0.0;4.0;0.0;0.0;0.0;0.0;0.0;0.0;0.0;0.0;64.0;0.0;0.0;0.0;19.5;4.0;0.0;0.0;17.0;0.0;0.0;3.0;888.0
Paraipaba;PARAIPABA;-3.4379444444444;-39.144805555556;2013;5;317.0;5.0;10.0;0.0;0.0;0.0;2.0;0.0;24.0;0.0;3.0;0.0;0.0;0.0;25.0;48.0;0.0;2.0;0.0;125.0;26.0;19.0;7.0;13.0;4.0;4.0;0.0;0.0;0.0;0.0;0.0;0.0
Paraipaba;PARAIPABA;-3.4379444444444;-39.144805555556;2013;6;105.0;0.0;0.0;0.0;0.0;20.6;0.0;6.4;0.0;0.0;0.0;0.0;2.0;12.0;0.0;9.0;0.0;0.0;0.0;0.0;1.0;7.0;16.0;0.0;0.0;0.0;0.0;2.0;16.0;8.0;5.0;888.0
Paraipaba;PARAIPABA;-3.4379444444444;-39.144805555556;2013;7;41.0;0.0;0.0;0.0;2.0;0.0;0.0;0.0;0.0;0.0;0.0;0.0;10.0;0.0;0.0;3.0;0.0;0.0;0.0;7.0;0.0;0.0;0.0;0.0;1.0;0.0;0.0;18.0;0.0;0.0;0.0;0.0
Paraipaba;PARAIPABA;-3.4379444444444;-39.144805555556;2013;8;15.6;0.0;0.0;0.0;0.0;0.0;0.0;2.0;0.0;0.0;0.0;0.0;0.0;0.0;0.0;0.0;0.0;0.0;0.0;0.0;0.0;0.0;0.0;0.0;0.0;0.0;0.0;0.0;0.0;4.0;9.6;0.0
Paraipaba;PARAIPABA;-3.4379444444444;-39.144805555556;2013;9;0.0;0.0;0.0;0.0;0.0;0.0;0.0;0.0;0.0;0.0;0.0;0.0;0.0;0.0;0.0;0.0;0.0;0.0;0.0;0.0;0.0;0.0;0.0;0.0;0.0;0.0;0.0;0.0;0.0;0.0;0.0;888.0
Paraipaba;PARAIPABA;-3.4379444444444;-39.144805555556;2013;10;0.0;0.0;0.0;0.0;0.0;0.0;0.0;0.0;0.0;0.0;0.0;0.0;0.0;0.0;0.0;0.0;0.0;0.0;0.0;0.0;0.0;0.0;0.0;0.0;0.0;0.0;0.0;0.0;0.0;0.0;0.0;0.0
Paraipaba;PARAIPABA;-3.4379444444444;-39.144805555556;2013;11;65.0;0.0;0.0;0.0;65.0;0.0;0.0;0.0;0.0;0.0;0.0;0.0;0.0;0.0;0.0;0.0;0.0;0.0;0.0;0.0;0.0;0.0;0.0;0.0;0.0;0.0;0.0;0.0;0.0;0.0;0.0;888.0
Paraipaba;PARAIPABA;-3.4379444444444;-39.144805555556;2013;12;1.0;0.0;0.0;0.0;0.0;0.0;0.0;0.0;0.0;0.0;0.0;0.0;0.0;0.0;0.0;0.0;0.0;0.0;0.0;0.0;1.0;0.0;0.0;0.0;0.0;0.0;0.0;0.0;0.0;0.0;0.0;0.0
Paraipaba;PARAIPABA;-3.4379444444444;-39.144805555556;2014;1;84.0;0.0;0.0;0.0;0.0;0.0;0.0;31.0;11.0;0.0;1.0;0.0;18.0;0.0;0.0;2.0;0.0;0.0;0.0;0.0;0.0;0.0;0.0;0.0;0.0;0.0;0.0;1.0;0.0;0.0;0.0;20.0
Paraipaba;PARAIPABA;-3.4379444444444;-39.144805555556;2014;2;76.0;1.0;0.0;0.0;0.0;11.0;0.0;0.0;0.0;50.0;0.0;0.0;0.0;2.0;1.0;0.0;0.0;3.0;0.0;1.0;7.0;0.0;0.0;0.0;0.0;0.0;0.0;0.0;0.0;888.0;888.0;888.0
Paraipaba;PARAIPABA;-3.4379444444444;-39.144805555556;2014;3;156.0;0.0;0.0;0.0;0.0;5.0;0.0;0.0;0.0;0.0;0.0;17.0;0.0;33.0;2.0;2.0;0.0;5.0;0.0;31.0;0.0;0.0;0.0;0.0;0.0;0.0;0.0;0.0;0.0;10.0;0.0;51.0
Paraipaba;PARAIPABA;-3.4379444444444;-39.144805555556;2014;4;343.0;3.0;34.0;85.0;46.0;0.0;0.0;0.0;39.0;15.0;22.0;0.0;4.0;0.0;0.0;14.0;1.0;0.0;10.0;11.0;30.0;0.0;0.0;6.0;9.0;0.0;3.0;0.0;0.0;1.0;10.0;888.0
Paraipaba;PARAIPABA;-3.4379444444444;-39.144805555556;2014;5;84.0;0.0;8.0;0.0;6.0;0.0;5.0;0.0;1.0;0.0;0.0;0.0;13.0;1.0;2.0;17.0;11.0;0.0;0.0;0.0;0.0;0.0;2.0;2.0;5.0;0.0;0.0;0.0;0.0;11.0;0.0;0.0
Paraipaba;PARAIPABA;-3.4379444444444;-39.144805555556;2014;6;19.0;0.0;0.0;0.0;0.0;0.0;0.0;2.0;0.0;0.0;0.0;9.0;0.0;0.0;0.0;0.0;0.0;0.0;0.0;0.0;0.0;0.0;0.0;0.0;0.0;0.0;0.0;8.0;0.0;0.0;0.0;888.0
Paraipaba;PARAIPABA;-3.4379444444444;-39.144805555556;2014;7;12.0;0.0;0.0;0.0;0.0;0.0;0.0;0.0;0.0;0.0;0.0;0.0;0.0;10.0;0.0;0.0;0.0;0.0;0.0;0.0;0.0;0.0;0.0;2.0;0.0;0.0;0.0;0.0;0.0;0.0;0.0;0.0
Paraipaba;PARAIPABA;-3.4379444444444;-39.144805555556;2014;8;3.0;0.0;0.0;0.0;0.0;3.0;0.0;0.0;0.0;0.0;0.0;0.0;0.0;0.0;0.0;0.0;0.0;0.0;0.0;0.0;0.0;0.0;0.0;0.0;0.0;0.0;0.0;0.0;0.0;0.0;0.0;0.0
Paraipaba;PARAIPABA;-3.4379444444444;-39.144805555556;2014;9;2.0;0.0;0.0;0.0;0.0;0.0;0.0;2.0;0.0;0.0;0.0;0.0;0.0;0.0;0.0;0.0;0.0;0.0;0.0;0.0;0.0;0.0;0.0;0.0;0.0;0.0;0.0;0.0;0.0;0.0;0.0;888.0
Paraipaba;PARAIPABA;-3.4379444444444;-39.144805555556;2014;10;0.0;0.0;0.0;0.0;0.0;0.0;0.0;0.0;0.0;0.0;0.0;0.0;0.0;0.0;0.0;0.0;0.0;0.0;0.0;0.0;0.0;0.0;0.0;0.0;0.0;0.0;0.0;0.0;0.0;0.0;0.0;0.0
Paraipaba;PARAIPABA;-3.4379444444444;-39.144805555556;2014;11;0.0;0.0;0.0;0.0;0.0;0.0;0.0;0.0;0.0;0.0;0.0;0.0;0.0;0.0;0.0;0.0;0.0;0.0;0.0;0.0;0.0;0.0;0.0;0.0;0.0;0.0;0.0;0.0;0.0;0.0;0.0;888.0
Paraipaba;PARAIPABA;-3.4379444444444;-39.144805555556;2014;12;8.0;0.0;0.0;0.0;0.0;0.0;0.0;0.0;0.0;0.0;0.0;3.0;2.0;0.0;0.0;0.0;3.0;0.0;0.0;0.0;0.0;0.0;0.0;0.0;0.0;0.0;0.0;0.0;0.0;0.0;0.0;0.0
Paraipaba;PARAIPABA;-3.4379444444444;-39.144805555556;2015;1;43.6;0.0;0.0;0.0;0.0;0.0;0.0;1.0;42.0;0.0;0.5;0.0;0.0;0.0;0.0;0.1;0.0;0.0;0.0;0.0;0.0;0.0;0.0;0.0;0.0;0.0;0.0;0.0;0.0;0.0;0.0;0.0
Paraipaba;PARAIPABA;-3.4379444444444;-39.144805555556;2015;2;231.0;0.0;0.0;0.0;0.0;0.0;0.0;0.0;0.0;0.0;0.0;0.0;0.0;0.0;0.0;0.0;0.0;0.0;0.0;0.0;99.0;0.0;6.0;16.0;43.0;32.0;15.0;0.0;20.0;888.0;888.0;888.0
Paraipaba;PARAIPABA;-3.4379444444444;-39.144805555556;2015;3;284.4;0.0;58.0;24.0;3.2;0.0;10.0;8.6;11.0;14.0;6.0;14.2;0.0;0.0;0.0;0.0;0.0;6.2;0.0;8.0;7.0;12.0;30.0;17.0;13.2;0.0;0.0;24.0;2.0;8.0;5.0;3.0
Paraipaba;PARAIPABA;-3.4379444444444;-39.144805555556;2015;4;245.6;14.0;2.0;0.0;41.0;0.0;0.0;0.0;4.8;9.4;21.4;11.0;19.0;10.0;28.6;42.2;7.4;0.0;0.0;0.0;0.0;0.0;0.0;10.4;6.2;8.0;0.0;0.0;0.0;4.0;6.2;888.0
Paraipaba;PARAIPABA;-3.4379444444444;-39.144805555556;2015;5;96.8;0.0;0.0;10.0;0.0;0.0;0.0;3.6;3.0;23.0;0.0;0.0;0.0;0.0;0.0;5.0;0.0;0.0;0.0;0.0;0.0;0.0;0.0;20.0;0.0;0.0;5.0;8.0;13.2;0.0;0.0;6.0
Paraipaba;PARAIPABA;-3.4379444444444;-39.144805555556;2015;6;133.6;0.0;0.0;0.0;68.0;17.0;0.0;0.0;6.0;0.0;5.6;0.0;0.0;0.0;6.0;0.0;0.0;0.0;0.0;0.0;0.0;17.0;0.0;0.0;0.0;0.0;2.0;0.0;0.0;9.0;3.0;888.0
Paraipaba;PARAIPABA;-3.4379444444444;-39.144805555556;2015;7;0.0;0.0;0.0;0.0;0.0;0.0;0.0;0.0;0.0;0.0;0.0;0.0;0.0;0.0;0.0;0.0;0.0;0.0;0.0;0.0;0.0;0.0;0.0;0.0;0.0;0.0;0.0;0.0;0.0;0.0;0.0;0.0
Paraipaba;PARAIPABA;-3.4379444444444;-39.144805555556;2015;8;0.0;0.0;0.0;0.0;0.0;0.0;0.0;0.0;0.0;0.0;0.0;0.0;0.0;0.0;0.0;0.0;0.0;0.0;0.0;0.0;0.0;0.0;0.0;0.0;0.0;0.0;0.0;0.0;0.0;0.0;0.0;0.0
Paraipaba;PARAIPABA;-3.4379444444444;-39.144805555556;2015;9;0.0;0.0;0.0;0.0;0.0;0.0;0.0;0.0;0.0;0.0;0.0;0.0;0.0;0.0;0.0;0.0;0.0;0.0;0.0;0.0;0.0;0.0;0.0;0.0;0.0;0.0;0.0;0.0;0.0;0.0;0.0;888.0
Paraipaba;PARAIPABA;-3.4379444444444;-39.144805555556;2015;10;0.0;0.0;0.0;0.0;0.0;0.0;0.0;0.0;0.0;0.0;0.0;0.0;0.0;0.0;0.0;0.0;0.0;0.0;0.0;0.0;0.0;0.0;0.0;0.0;0.0;0.0;0.0;0.0;0.0;0.0;0.0;0.0
Paraipaba;PARAIPABA;-3.4379444444444;-39.144805555556;2015;11;0.0;0.0;0.0;0.0;0.0;0.0;0.0;0.0;0.0;0.0;0.0;0.0;0.0;0.0;0.0;0.0;0.0;0.0;0.0;0.0;0.0;0.0;0.0;0.0;0.0;0.0;0.0;0.0;0.0;0.0;0.0;888.0
Paraipaba;PARAIPABA;-3.4379444444444;-39.144805555556;2015;12;37.0;0.0;0.0;0.0;0.0;0.0;0.0;0.0;0.0;0.0;0.0;0.0;0.0;0.0;0.0;0.0;0.0;18.0;0.0;0.0;4.0;0.0;0.0;0.0;0.0;0.0;0.0;0.0;15.0;0.0;0.0;0.0
Paraipaba;PARAIPABA;-3.4379444444444;-39.144805555556;2016;1;251.0;0.0;0.0;0.0;0.0;2.0;1.0;27.0;12.0;20.0;14.0;0.0;0.0;0.0;0.0;0.0;0.0;0.0;0.0;78.0;4.0;29.0;30.0;0.0;0.0;16.0;18.0;0.0;0.0;0.0;0.0;0.0
Paraipaba;PARAIPABA;-3.4379444444444;-39.144805555556;2016;2;177.0;0.0;27.0;13.0;0.0;0.0;0.0;0.0;0.0;4.0;0.0;0.0;0.0;0.0;0.0;0.0;0.0;2.0;0.0;35.0;15.0;30.0;0.0;5.0;14.0;0.0;0.0;0.0;10.0;22.0;888.0;888.0
Paraipaba;PARAIPABA;-3.4379444444444;-39.144805555556;2016;3;263.0;0.0;0.0;14.0;0.0;0.0;0.0;0.0;0.0;0.0;7.0;3.0;0.0;0.0;4.0;15.0;20.0;4.0;30.0;0.0;0.0;5.0;28.0;0.0;0.0;29.0;8.0;48.0;17.0;0.0;20.2;10.8
Paraipaba;PARAIPABA;-3.4379444444444;-39.144805555556;2016;4;542.0;26.0;30.8;45.0;10.0;0.0;11.0;233.0;48.2;10.0;0.0;5.8;15.2;0.0;6.0;0.0;0.0;0.0;0.0;0.0;10.0;0.0;28.0;57.0;0.0;0.0;0.0;0.0;0.0;6.0;0.0;888.0
Paraipaba;PARAIPABA;-3.4379444444444;-39.144805555556;2016;5;73.8;4.0;0.0;11.0;0.0;0.0;0.0;0.0;0.0;9.0;18.0;0.0;7.0;10.8;0.0;0.0;0.0;0.0;3.0;0.0;0.0;0.0;0.0;0.0;0.0;0.0;0.0;9.0;0.0;0.0;0.0;2.0
Paraipaba;PARAIPABA;-3.4379444444444;-39.144805555556;2016;6;12.0;6.0;0.0;0.0;0.0;0.0;0.0;0.0;0.0;0.0;0.0;6.0;0.0;0.0;0.0;0.0;0.0;0.0;0.0;0.0;0.0;0.0;0.0;0.0;0.0;0.0;0.0;0.0;0.0;0.0;0.0;888.0
Paraipaba;PARAIPABA;-3.4379444444444;-39.144805555556;2016;7;6.0;0.0;0.0;0.0;0.0;0.0;6.0;0.0;0.0;0.0;0.0;0.0;0.0;0.0;0.0;0.0;0.0;0.0;0.0;0.0;0.0;0.0;0.0;0.0;0.0;0.0;0.0;0.0;0.0;0.0;0.0;0.0
Paraipaba;PARAIPABA;-3.4379444444444;-39.144805555556;2016;8;0.0;0.0;0.0;0.0;0.0;0.0;0.0;0.0;0.0;0.0;0.0;0.0;0.0;0.0;0.0;0.0;0.0;0.0;0.0;0.0;0.0;0.0;0.0;0.0;0.0;0.0;0.0;0.0;0.0;0.0;0.0;0.0
Paraipaba;PARAIPABA;-3.4379444444444;-39.144805555556;2016;9;0.0;0.0;0.0;0.0;0.0;0.0;0.0;0.0;0.0;0.0;0.0;0.0;0.0;0.0;0.0;0.0;0.0;0.0;0.0;0.0;0.0;0.0;0.0;0.0;0.0;0.0;0.0;0.0;0.0;0.0;0.0;888.0
Paraipaba;PARAIPABA;-3.4379444444444;-39.144805555556;2016;10;0.0;0.0;0.0;0.0;0.0;0.0;0.0;0.0;0.0;0.0;0.0;0.0;0.0;0.0;0.0;0.0;0.0;0.0;0.0;0.0;0.0;0.0;0.0;0.0;0.0;0.0;0.0;0.0;0.0;0.0;0.0;0.0
Paraipaba;PARAIPABA;-3.4379444444444;-39.144805555556;2016;11;0.0;0.0;0.0;0.0;0.0;0.0;0.0;0.0;0.0;0.0;0.0;0.0;0.0;0.0;0.0;0.0;0.0;0.0;0.0;0.0;0.0;0.0;0.0;0.0;0.0;0.0;0.0;0.0;0.0;0.0;0.0;888.0
Paraipaba;PARAIPABA;-3.4379444444444;-39.144805555556;2016;12;0.0;0.0;0.0;0.0;0.0;0.0;0.0;0.0;0.0;0.0;0.0;0.0;0.0;0.0;0.0;0.0;0.0;0.0;0.0;0.0;0.0;0.0;0.0;0.0;0.0;0.0;0.0;0.0;0.0;0.0;0.0;0.0
Paraipaba;PARAIPABA;-3.4379444444444;-39.144805555556;2017;1;153.2;0.0;0.0;0.0;0.0;0.0;0.0;0.0;0.0;56.0;0.0;0.0;49.2;0.0;0.0;0.0;0.0;0.0;8.0;7.0;11.0;0.0;3.0;5.0;0.0;0.0;0.0;0.0;11.0;0.0;0.0;3.0
Paraipaba;PARAIPABA;-3.4379444444444;-39.144805555556;2017;2;188.4;11.2;0.0;0.0;0.0;0.0;0.0;5.4;0.0;0.0;4.0;72.2;10.0;0.0;0.0;9.0;0.0;0.0;9.0;3.0;17.0;0.0;12.2;0.0;0.0;0.0;25.0;4.4;6.0;888.0;888.0;888.0
Paraipaba;PARAIPABA;-3.4379444444444;-39.144805555556;2017;3;387.6;8.2;16.0;6.0;0.0;0.0;13.0;5.0;5.4;23.0;6.0;32.0;21.0;0.0;22.0;11.0;0.0;11.4;6.0;17.0;23.4;0.0;15.0;76.2;31.0;0.0;7.0;0.0;14.0;6.0;9.0;3.0
Paraipaba;PARAIPABA;-3.4379444444444;-39.144805555556;2017;4;519.0;59.0;39.0;5.8;23.0;80.4;30.0;0.0;0.0;0.0;13.2;83.0;32.0;8.0;7.0;36.4;0.0;0.0;0.0;0.0;5.0;6.0;4.0;0.0;34.0;14.2;0.0;0.0;9.0;2.0;28.0;888.0
Paraipaba;PARAIPABA;-3.4379444444444;-39.144805555556;2017;5;231.5;0.0;28.0;0.0;16.4;0.0;0.0;0.0;20.0;68.0;13.0;0.0;0.0;0.0;0.0;0.0;0.0;0.0;2.0;0.0;8.0;0.0;0.0;0.0;0.0;0.0;0.0;7.1;0.0;64.0;5.0;0.0
Paraipaba;PARAIPABA;-3.4379444444444;-39.144805555556;2017;6;75.0;0.0;0.0;0.0;0.0;8.0;0.0;0.0;0.0;0.0;0.0;0.0;20.0;0.0;0.0;0.0;0.0;0.0;0.0;43.0;0.0;0.0;0.0;0.0;0.0;0.0;0.0;0.0;0.0;0.0;4.0;888.0
Paraipaba;PARAIPABA;-3.4379444444444;-39.144805555556;2017;7;16.0;0.0;0.0;0.0;0.0;0.0;8.0;0.0;0.0;0.0;0.0;0.0;0.0;0.0;0.0;0.0;0.0;0.0;0.0;0.0;0.0;8.0;0.0;0.0;0.0;0.0;0.0;0.0;0.0;0.0;0.0;0.0
Paraipaba;PARAIPABA;-3.4379444444444;-39.144805555556;2017;8;0.0;0.0;0.0;0.0;0.0;0.0;0.0;0.0;0.0;0.0;0.0;0.0;0.0;0.0;0.0;0.0;0.0;0.0;0.0;0.0;0.0;0.0;0.0;0.0;0.0;0.0;0.0;0.0;0.0;0.0;0.0;0.0
Paraipaba;PARAIPABA;-3.4379444444444;-39.144805555556;2017;9;0.0;0.0;0.0;0.0;0.0;0.0;0.0;0.0;0.0;0.0;0.0;0.0;0.0;0.0;0.0;0.0;0.0;0.0;0.0;0.0;0.0;0.0;0.0;0.0;0.0;0.0;0.0;0.0;0.0;0.0;0.0;888.0
Paraipaba;PARAIPABA;-3.4379444444444;-39.144805555556;2017;10;0.0;0.0;0.0;0.0;0.0;0.0;0.0;0.0;0.0;0.0;0.0;0.0;0.0;0.0;0.0;0.0;0.0;0.0;0.0;0.0;0.0;0.0;0.0;0.0;0.0;0.0;0.0;0.0;0.0;0.0;0.0;0.0
Paraipaba;PARAIPABA;-3.4379444444444;-39.144805555556;2017;11;0.0;0.0;0.0;0.0;0.0;0.0;0.0;0.0;0.0;0.0;0.0;0.0;0.0;0.0;0.0;0.0;0.0;0.0;0.0;0.0;0.0;0.0;0.0;0.0;0.0;0.0;0.0;0.0;0.0;0.0;0.0;888.0
Paraipaba;PARAIPABA;-3.4379444444444;-39.144805555556;2017;12;10.4;0.0;0.0;0.0;0.0;0.0;0.0;0.0;0.0;0.0;0.0;0.0;0.0;0.0;0.0;0.0;0.0;0.0;0.0;0.0;1.8;0.0;2.6;0.0;0.0;0.0;0.0;0.0;6.0;0.0;0.0;0.0
Paraipaba;PARAIPABA;-3.4379444444444;-39.144805555556;2018;1;96.0;0.0;0.0;0.0;0.0;0.0;0.0;12.0;0.0;0.0;0.0;0.0;0.0;2.0;0.0;0.0;4.0;0.0;6.0;10.0;0.0;0.0;0.0;0.0;0.0;4.0;0.0;0.0;58.0;0.0;0.0;0.0
Paraipaba;PARAIPABA;-3.4379444444444;-39.144805555556;2018;2;175.8;0.0;7.2;6.0;0.0;4.0;0.0;5.0;15.0;0.0;0.0;0.0;6.0;7.0;15.0;40.6;0.0;25.0;11.0;7.0;0.0;0.0;5.0;7.4;11.0;0.0;0.0;0.0;3.6;888.0;888.0;888.0
Paraipaba;PARAIPABA;-3.4379444444444;-39.144805555556;2018;3;176.2;12.0;0.0;0.0;0.0;0.0;0.0;10.2;35.0;0.0;20.0;11.6;0.0;20.2;0.0;0.0;0.0;0.0;20.0;0.0;0.0;0.0;0.0;0.0;7.0;0.0;0.0;10.2;12.0;7.0;11.0;0.0
Paraipaba;PARAIPABA;-3.4379444444444;-39.144805555556;2018;4;333.4;0.0;12.0;8.0;0.0;2.0;0.0;0.0;0.0;0.0;5.0;0.0;85.6;0.0;0.0;0.0;62.0;32.0;12.2;5.0;0.0;12.0;10.0;10.0;9.0;0.0;10.6;0.0;0.0;42.0;16.0;888.0
Paraipaba;PARAIPABA;-3.4379444444444;-39.144805555556;2018;5;134.4;12.0;0.0;0.0;0.0;0.0;17.2;6.4;0.0;4.6;22.0;0.0;14.0;0.0;11.6;0.0;0.0;0.0;23.0;0.0;0.0;0.0;4.8;0.0;5.6;3.4;9.8;0.0;0.0;0.0;0.0;0.0
Paraipaba;PARAIPABA;-3.4379444444444;-39.144805555556;2018;6;77.8;0.0;0.0;0.0;0.0;0.0;0.0;6.8;22.0;0.0;0.0;0.0;0.0;0.0;0.0;0.0;0.0;0.0;19.0;30.0;0.0;0.0;0.0;0.0;0.0;0.0;0.0;0.0;0.0;0.0;0.0;888.0
Paraipaba;PARAIPABA;-3.4379444444444;-39.144805555556;2018;7;144.0;0.0;0.0;0.0;0.0;0.0;0.0;80.0;26.0;30.0;8.0;0.0;0.0;0.0;0.0;0.0;0.0;0.0;0.0;0.0;0.0;0.0;0.0;0.0;0.0;0.0;0.0;0.0;0.0;0.0;0.0;0.0
Paraipaba;PARAIPABA;-3.4379444444444;-39.144805555556;2018;8;10.0;0.0;10.0;0.0;0.0;0.0;0.0;0.0;0.0;0.0;0.0;0.0;0.0;0.0;0.0;0.0;0.0;0.0;0.0;0.0;0.0;0.0;0.0;0.0;0.0;0.0;0.0;0.0;0.0;0.0;0.0;0.0
Paraipaba;PARAIPABA;-3.4379444444444;-39.144805555556;2018;9;0.0;0.0;0.0;0.0;0.0;0.0;0.0;0.0;0.0;0.0;0.0;0.0;0.0;0.0;0.0;0.0;0.0;0.0;0.0;0.0;0.0;0.0;0.0;0.0;0.0;0.0;0.0;0.0;0.0;0.0;0.0;888.0
Paraipaba;PARAIPABA;-3.4379444444444;-39.144805555556;2018;10;0.0;0.0;999.0;999.0;999.0;999.0;999.0;999.0;999.0;999.0;999.0;999.0;999.0;999.0;999.0;999.0;999.0;999.0;999.0;999.0;999.0;999.0;999.0;999.0;999.0;999.0;999.0;999.0;999.0;999.0;999.0;999.0
