Municipios;Postos;Latitude;Longitude;Anos;Meses;Total;Dia1;Dia2;Dia3;Dia4;Dia5;Dia6;Dia7;Dia8;Dia9;Dia10;Dia11;Dia12;Dia13;Dia14;Dia15;Dia16;Dia17;Dia18;Dia19;Dia20;Dia21;Dia22;Dia23;Dia24;Dia25;Dia26;Dia27;Dia28;Dia29;Dia30;Dia31
Parambu;PARAMBU;-6.2158611111111;-40.702777777778;1978;1;0.0;0.0;0.0;0.0;0.0;0.0;0.0;0.0;0.0;0.0;0.0;0.0;0.0;0.0;0.0;0.0;0.0;0.0;0.0;0.0;0.0;0.0;0.0;0.0;0.0;0.0;0.0;0.0;0.0;0.0;0.0;0.0
Parambu;PARAMBU;-6.2158611111111;-40.702777777778;1978;2;48.1;0.0;0.0;0.0;0.0;0.0;0.0;0.0;2.0;0.0;0.0;7.9;19.5;0.0;0.0;0.0;0.0;0.0;0.0;0.0;0.0;0.0;0.0;0.0;0.0;0.0;0.0;0.0;18.7;888.0;888.0;888.0
Parambu;PARAMBU;-6.2158611111111;-40.702777777778;1978;3;0.0;0.0;0.0;0.0;0.0;0.0;0.0;0.0;0.0;0.0;0.0;0.0;0.0;0.0;0.0;0.0;0.0;0.0;0.0;0.0;0.0;0.0;0.0;0.0;0.0;0.0;0.0;0.0;0.0;0.0;0.0;0.0
Parambu;PARAMBU;-6.2158611111111;-40.702777777778;1978;4;83.3;0.0;10.5;0.0;17.3;0.0;11.3;0.0;0.0;1.1;0.0;0.0;1.8;1.2;0.0;0.0;0.0;0.0;0.0;6.5;0.0;0.0;1.5;0.0;0.0;0.0;0.0;21.1;6.0;5.0;0.0;888.0
Parambu;PARAMBU;-6.2158611111111;-40.702777777778;1978;5;67.4;7.6;0.0;0.0;11.3;0.0;10.2;0.0;0.0;0.0;8.5;0.0;0.0;0.0;0.0;0.0;4.5;21.0;0.0;0.0;0.0;0.0;3.2;0.0;0.0;1.1;0.0;0.0;0.0;0.0;0.0;0.0
Parambu;PARAMBU;-6.2158611111111;-40.702777777778;1978;6;17.9;0.0;0.0;0.0;0.0;0.0;3.0;0.0;0.0;0.0;0.0;0.0;0.0;0.0;1.0;0.0;0.0;12.4;0.0;0.0;0.0;0.0;0.0;0.0;0.0;0.0;0.0;1.0;0.5;0.0;0.0;888.0
Parambu;PARAMBU;-6.2158611111111;-40.702777777778;1978;7;9.4;0.0;0.0;0.0;0.0;0.0;0.0;0.0;0.0;0.0;0.0;0.0;0.0;0.0;0.0;0.0;0.0;0.0;0.0;0.0;0.0;0.0;0.0;0.0;0.0;0.0;0.0;9.4;0.0;0.0;0.0;0.0
Parambu;PARAMBU;-6.2158611111111;-40.702777777778;1978;8;2.5;0.0;0.0;0.0;0.0;0.0;0.0;0.0;0.0;0.0;0.0;0.0;0.0;0.0;0.0;0.0;0.0;0.0;0.0;0.0;0.0;2.5;0.0;0.0;0.0;0.0;0.0;0.0;0.0;0.0;0.0;0.0
Parambu;PARAMBU;-6.2158611111111;-40.702777777778;1978;9;3.2;0.0;0.0;0.0;0.0;0.0;0.0;0.0;0.0;0.0;0.0;0.0;0.0;0.0;0.0;0.0;0.0;0.0;0.0;0.0;0.0;0.0;0.0;3.2;0.0;0.0;0.0;0.0;0.0;0.0;0.0;888.0
Parambu;PARAMBU;-6.2158611111111;-40.702777777778;1978;10;0.0;0.0;0.0;0.0;0.0;0.0;0.0;0.0;0.0;0.0;0.0;0.0;0.0;0.0;0.0;0.0;0.0;0.0;0.0;0.0;0.0;0.0;0.0;0.0;0.0;0.0;0.0;0.0;0.0;0.0;0.0;0.0
Parambu;PARAMBU;-6.2158611111111;-40.702777777778;1978;11;14.0;0.0;0.0;0.0;0.0;0.0;0.0;0.0;0.0;0.0;0.0;0.0;0.0;0.0;6.5;0.0;0.0;0.0;0.0;0.0;0.0;0.0;0.0;0.0;0.0;0.0;0.0;0.0;0.0;0.0;7.5;888.0
Parambu;PARAMBU;-6.2158611111111;-40.702777777778;1978;12;20.2;0.0;5.0;0.0;0.0;0.0;0.0;0.0;0.0;0.0;0.0;0.0;5.0;0.0;0.0;0.0;0.0;0.0;0.0;0.0;0.0;0.0;0.0;0.0;0.0;10.2;0.0;0.0;0.0;0.0;0.0;0.0
Parambu;PARAMBU;-6.2158611111111;-40.702777777778;1979;1;110.1;0.0;0.0;0.0;0.0;0.0;0.0;0.0;0.0;0.0;0.0;0.0;0.0;0.0;0.0;51.2;15.2;16.8;0.0;0.0;0.0;0.0;26.9;0.0;0.0;0.0;0.0;0.0;0.0;0.0;0.0;0.0
Parambu;PARAMBU;-6.2158611111111;-40.702777777778;1979;2;30.8;0.0;0.0;0.0;0.0;0.0;0.0;0.0;0.0;0.0;0.0;0.0;0.0;0.0;7.9;0.0;0.0;0.0;0.0;0.0;0.0;6.8;0.0;0.0;3.6;12.5;0.0;0.0;0.0;888.0;888.0;888.0
Parambu;PARAMBU;-6.2158611111111;-40.702777777778;1979;3;14.3;0.0;0.0;0.0;0.0;0.0;0.0;0.0;0.0;0.0;0.0;0.0;9.2;4.3;0.0;0.0;0.0;0.8;0.0;0.0;0.0;0.0;0.0;0.0;0.0;0.0;0.0;0.0;0.0;0.0;0.0;0.0
Parambu;PARAMBU;-6.2158611111111;-40.702777777778;1979;4;134.0;0.0;0.0;0.0;0.0;0.0;0.0;0.0;0.0;0.0;0.0;0.0;0.0;0.0;0.0;0.0;0.0;0.0;21.1;0.0;0.0;9.0;6.0;6.1;12.1;4.1;60.1;0.0;15.5;0.0;0.0;888.0
Parambu;PARAMBU;-6.2158611111111;-40.702777777778;1979;5;51.9;10.9;3.2;0.0;0.0;23.9;0.0;0.0;3.5;0.0;0.0;0.0;0.0;0.0;0.0;0.0;7.2;0.0;0.0;3.2;0.0;0.0;0.0;0.0;0.0;0.0;0.0;0.0;0.0;0.0;0.0;0.0
Parambu;PARAMBU;-6.2158611111111;-40.702777777778;1979;6;0.0;0.0;0.0;0.0;0.0;0.0;0.0;0.0;0.0;0.0;0.0;0.0;0.0;0.0;0.0;0.0;0.0;0.0;0.0;0.0;0.0;0.0;0.0;0.0;0.0;0.0;0.0;0.0;0.0;0.0;0.0;888.0
Parambu;PARAMBU;-6.2158611111111;-40.702777777778;1979;7;0.0;0.0;0.0;0.0;0.0;0.0;0.0;0.0;0.0;0.0;0.0;0.0;0.0;0.0;0.0;0.0;0.0;0.0;0.0;0.0;0.0;0.0;0.0;0.0;0.0;0.0;0.0;0.0;0.0;0.0;0.0;0.0
Parambu;PARAMBU;-6.2158611111111;-40.702777777778;1979;8;0.0;0.0;0.0;0.0;0.0;0.0;0.0;0.0;0.0;0.0;0.0;0.0;0.0;0.0;0.0;0.0;0.0;0.0;0.0;0.0;0.0;0.0;0.0;0.0;0.0;0.0;0.0;0.0;0.0;0.0;0.0;0.0
Parambu;PARAMBU;-6.2158611111111;-40.702777777778;1979;9;103.0;0.0;0.0;0.0;0.0;0.0;0.0;37.9;44.9;0.0;0.0;0.0;0.0;0.0;0.0;0.0;0.0;0.0;0.0;0.0;0.0;0.0;7.0;13.2;0.0;0.0;0.0;0.0;0.0;0.0;0.0;888.0
Parambu;PARAMBU;-6.2158611111111;-40.702777777778;1979;10;0.0;0.0;0.0;0.0;0.0;0.0;0.0;0.0;0.0;0.0;0.0;0.0;0.0;0.0;0.0;0.0;0.0;0.0;0.0;0.0;0.0;0.0;0.0;0.0;0.0;0.0;0.0;0.0;0.0;0.0;0.0;0.0
Parambu;PARAMBU;-6.2158611111111;-40.702777777778;1979;11;29.0;0.0;0.0;0.0;0.0;0.0;0.0;0.0;0.0;0.0;3.0;0.0;0.0;0.0;0.0;0.0;0.0;0.0;0.0;20.0;2.0;0.0;0.0;0.0;0.0;0.0;0.0;0.0;0.0;4.0;0.0;888.0
Parambu;PARAMBU;-6.2158611111111;-40.702777777778;1979;12;2.1;0.0;0.0;0.0;0.0;0.0;0.0;0.0;0.0;0.0;0.0;0.0;0.0;0.0;0.0;0.0;0.0;0.0;0.0;0.0;2.1;0.0;0.0;0.0;0.0;0.0;0.0;0.0;0.0;0.0;0.0;0.0
Parambu;PARAMBU;-6.2158611111111;-40.702777777778;1980;1;131.8;0.0;0.0;0.0;0.0;48.6;0.0;2.0;0.0;8.6;0.0;0.0;1.2;0.0;37.0;3.0;9.8;3.4;18.2;0.0;0.0;0.0;0.0;0.0;0.0;0.0;0.0;0.0;0.0;0.0;0.0;0.0
Parambu;PARAMBU;-6.2158611111111;-40.702777777778;1980;2;251.9;0.0;0.0;0.0;0.0;0.0;0.0;5.8;37.9;0.0;0.0;29.1;0.0;21.9;1.0;5.1;55.6;5.0;40.5;0.0;9.8;4.2;0.0;0.0;0.0;3.2;5.2;5.5;0.0;22.1;888.0;888.0
Parambu;PARAMBU;-6.2158611111111;-40.702777777778;1980;3;89.0;0.0;0.0;0.0;0.0;0.0;0.0;0.0;11.1;59.6;14.0;0.0;0.0;0.0;3.2;0.0;0.0;0.0;0.0;0.0;0.1;1.0;0.0;0.0;0.0;0.0;0.0;0.0;0.0;0.0;0.0;0.0
Parambu;PARAMBU;-6.2158611111111;-40.702777777778;1980;4;9.2;0.0;0.0;3.6;3.4;0.0;0.0;0.0;0.0;0.0;0.0;0.0;0.0;0.0;0.0;0.0;0.0;2.2;0.0;0.0;0.0;0.0;0.0;0.0;0.0;0.0;0.0;0.0;0.0;0.0;0.0;888.0
Parambu;PARAMBU;-6.2158611111111;-40.702777777778;1980;5;5.6;0.0;0.0;0.0;0.0;5.6;0.0;0.0;0.0;0.0;0.0;0.0;0.0;0.0;0.0;0.0;0.0;0.0;0.0;0.0;0.0;0.0;0.0;0.0;0.0;0.0;0.0;0.0;0.0;0.0;0.0;0.0
Parambu;PARAMBU;-6.2158611111111;-40.702777777778;1980;6;0.0;0.0;0.0;0.0;0.0;0.0;0.0;0.0;0.0;0.0;0.0;0.0;0.0;0.0;0.0;0.0;0.0;0.0;0.0;0.0;0.0;0.0;0.0;0.0;0.0;0.0;0.0;0.0;0.0;0.0;0.0;888.0
Parambu;PARAMBU;-6.2158611111111;-40.702777777778;1980;7;0.0;0.0;0.0;0.0;0.0;0.0;0.0;0.0;0.0;0.0;0.0;0.0;0.0;0.0;0.0;0.0;0.0;0.0;0.0;0.0;0.0;0.0;0.0;0.0;0.0;0.0;0.0;0.0;0.0;0.0;0.0;0.0
Parambu;PARAMBU;-6.2158611111111;-40.702777777778;1980;8;0.0;0.0;0.0;0.0;0.0;0.0;0.0;0.0;0.0;0.0;0.0;0.0;0.0;0.0;0.0;0.0;0.0;0.0;0.0;0.0;0.0;0.0;0.0;0.0;0.0;0.0;0.0;0.0;0.0;0.0;0.0;0.0
Parambu;PARAMBU;-6.2158611111111;-40.702777777778;1980;9;0.0;0.0;0.0;0.0;0.0;0.0;0.0;0.0;0.0;0.0;0.0;0.0;0.0;0.0;0.0;0.0;0.0;0.0;0.0;0.0;0.0;0.0;0.0;0.0;0.0;0.0;0.0;0.0;0.0;0.0;0.0;888.0
Parambu;PARAMBU;-6.2158611111111;-40.702777777778;1980;10;23.0;7.5;6.0;0.0;0.0;0.0;0.0;0.0;0.0;0.0;0.0;0.0;0.0;0.0;0.0;0.0;0.0;0.0;0.0;0.0;0.0;0.0;0.0;0.0;0.0;0.0;0.0;0.0;9.5;0.0;0.0;0.0
Parambu;PARAMBU;-6.2158611111111;-40.702777777778;1980;11;37.0;0.0;0.0;0.0;0.0;0.0;0.0;0.0;0.0;0.0;0.0;0.0;0.0;0.0;0.0;0.0;31.4;5.6;0.0;0.0;0.0;0.0;0.0;0.0;0.0;0.0;0.0;0.0;0.0;0.0;0.0;888.0
Parambu;PARAMBU;-6.2158611111111;-40.702777777778;1980;12;7.1;0.0;0.0;0.0;0.0;0.0;0.0;0.0;0.0;0.0;0.0;0.0;0.0;0.0;0.0;0.0;0.0;0.0;0.0;0.0;0.0;0.0;0.0;0.0;0.0;0.0;0.0;3.0;4.1;0.0;0.0;0.0
Parambu;PARAMBU;-6.2158611111111;-40.702777777778;1981;1;51.6;0.0;0.0;0.0;0.0;0.0;0.0;0.0;0.0;10.0;4.0;0.0;0.0;0.0;0.0;0.0;0.0;0.0;3.1;12.0;0.0;0.0;3.4;0.0;0.0;0.0;1.0;16.6;0.0;0.0;0.0;1.5
Parambu;PARAMBU;-6.2158611111111;-40.702777777778;1981;2;33.8;0.0;0.0;0.0;0.0;0.0;17.0;0.0;2.3;0.0;0.0;0.0;0.0;0.0;0.0;1.0;0.0;2.0;11.5;0.0;0.0;0.0;0.0;0.0;0.0;0.0;0.0;0.0;0.0;888.0;888.0;888.0
Parambu;PARAMBU;-6.2158611111111;-40.702777777778;1981;3;372.4;0.0;0.0;0.0;0.0;0.0;0.0;0.0;0.0;0.0;0.0;0.0;46.2;15.6;32.5;0.0;14.2;33.5;1.2;0.0;59.1;3.2;0.0;0.0;38.0;14.9;3.5;2.7;6.5;37.5;30.2;33.6
Parambu;PARAMBU;-6.2158611111111;-40.702777777778;1981;4;26.4;11.4;0.8;0.0;0.0;0.0;11.6;0.0;0.0;0.0;0.0;0.0;0.0;0.0;0.0;2.1;0.0;0.0;0.0;0.0;0.0;0.0;0.0;0.0;0.0;0.0;0.0;0.0;0.5;0.0;0.0;888.0
Parambu;PARAMBU;-6.2158611111111;-40.702777777778;1981;5;0.0;0.0;0.0;0.0;0.0;0.0;0.0;0.0;0.0;0.0;0.0;0.0;0.0;0.0;0.0;0.0;0.0;0.0;0.0;0.0;0.0;0.0;0.0;0.0;0.0;0.0;0.0;0.0;0.0;0.0;0.0;0.0
Parambu;PARAMBU;-6.2158611111111;-40.702777777778;1981;6;0.0;0.0;0.0;0.0;0.0;0.0;0.0;0.0;0.0;0.0;0.0;0.0;0.0;0.0;0.0;0.0;0.0;0.0;0.0;0.0;0.0;0.0;0.0;0.0;0.0;0.0;0.0;0.0;0.0;0.0;0.0;888.0
Parambu;PARAMBU;-6.2158611111111;-40.702777777778;1981;7;0.0;0.0;0.0;0.0;0.0;0.0;0.0;0.0;0.0;0.0;0.0;0.0;0.0;0.0;0.0;0.0;0.0;0.0;0.0;0.0;0.0;0.0;0.0;0.0;0.0;0.0;0.0;0.0;0.0;0.0;0.0;0.0
Parambu;PARAMBU;-6.2158611111111;-40.702777777778;1981;8;0.0;0.0;0.0;0.0;0.0;0.0;0.0;0.0;0.0;0.0;0.0;0.0;0.0;0.0;0.0;0.0;0.0;0.0;0.0;0.0;0.0;0.0;0.0;0.0;0.0;0.0;0.0;0.0;0.0;0.0;0.0;0.0
Parambu;PARAMBU;-6.2158611111111;-40.702777777778;1981;9;0.0;0.0;0.0;0.0;0.0;0.0;0.0;0.0;0.0;0.0;0.0;0.0;0.0;0.0;0.0;0.0;0.0;0.0;0.0;0.0;0.0;0.0;0.0;0.0;0.0;0.0;0.0;0.0;0.0;0.0;0.0;888.0
Parambu;PARAMBU;-6.2158611111111;-40.702777777778;1981;10;0.0;0.0;0.0;0.0;0.0;0.0;0.0;0.0;0.0;0.0;0.0;0.0;0.0;0.0;0.0;0.0;0.0;0.0;0.0;0.0;0.0;0.0;0.0;0.0;0.0;0.0;0.0;0.0;0.0;0.0;0.0;0.0
Parambu;PARAMBU;-6.2158611111111;-40.702777777778;1981;11;0.0;0.0;0.0;0.0;0.0;0.0;0.0;0.0;0.0;0.0;0.0;0.0;0.0;0.0;0.0;0.0;0.0;0.0;0.0;0.0;0.0;0.0;0.0;0.0;0.0;0.0;0.0;0.0;0.0;0.0;0.0;888.0
Parambu;PARAMBU;-6.2158611111111;-40.702777777778;1981;12;69.7;0.0;0.0;0.0;0.0;0.0;0.0;0.0;0.0;0.0;0.0;0.0;0.0;0.0;0.0;0.0;0.0;0.0;0.0;0.0;0.0;48.5;0.0;21.2;0.0;0.0;0.0;0.0;0.0;0.0;0.0;0.0
Parambu;PARAMBU;-6.2158611111111;-40.702777777778;1982;1;49.6;0.0;0.0;0.0;0.0;0.0;3.2;0.0;0.0;0.0;0.0;0.0;0.0;0.0;0.0;0.0;0.0;0.0;0.0;0.0;0.0;0.0;4.5;30.5;0.0;0.0;0.0;0.0;5.1;4.3;2.0;0.0
Parambu;PARAMBU;-6.2158611111111;-40.702777777778;1982;2;84.6;0.0;2.0;0.0;13.0;0.0;0.0;0.0;0.0;0.0;0.0;0.0;0.0;0.0;0.0;4.1;0.0;0.0;22.2;3.1;4.5;0.0;0.0;22.0;0.0;2.0;5.3;0.0;6.4;888.0;888.0;888.0
Parambu;PARAMBU;-6.2158611111111;-40.702777777778;1982;3;133.1;1.0;0.0;0.0;14.5;20.6;0.0;0.0;0.0;14.6;39.9;7.1;29.9;0.0;0.0;0.0;0.0;0.0;0.0;0.0;0.0;0.0;1.8;0.0;0.0;0.0;0.0;0.0;0.0;3.7;0.0;0.0
Parambu;PARAMBU;-6.2158611111111;-40.702777777778;1982;4;165.0;0.0;0.0;0.0;0.0;0.0;0.0;0.0;0.0;0.0;0.0;0.0;0.0;7.0;86.1;0.0;14.8;0.0;0.0;13.5;0.0;0.0;3.0;0.0;30.9;9.7;0.0;0.0;0.0;0.0;0.0;888.0
Parambu;PARAMBU;-6.2158611111111;-40.702777777778;1982;5;27.7;0.0;0.0;0.0;0.0;1.5;0.0;2.2;5.9;0.0;0.0;0.0;0.0;7.0;0.0;0.0;0.0;0.0;6.6;0.0;0.0;0.0;4.5;0.0;0.0;0.0;0.0;0.0;0.0;0.0;0.0;0.0
Parambu;PARAMBU;-6.2158611111111;-40.702777777778;1982;6;0.0;0.0;0.0;0.0;0.0;0.0;0.0;0.0;0.0;0.0;0.0;0.0;0.0;0.0;0.0;0.0;0.0;0.0;0.0;0.0;0.0;0.0;0.0;0.0;0.0;0.0;0.0;0.0;0.0;0.0;0.0;888.0
Parambu;PARAMBU;-6.2158611111111;-40.702777777778;1982;7;0.0;0.0;0.0;0.0;0.0;0.0;0.0;0.0;0.0;0.0;0.0;0.0;0.0;0.0;0.0;0.0;0.0;0.0;0.0;0.0;0.0;0.0;0.0;0.0;0.0;0.0;0.0;0.0;0.0;0.0;0.0;0.0
Parambu;PARAMBU;-6.2158611111111;-40.702777777778;1982;8;0.0;0.0;0.0;0.0;0.0;0.0;0.0;0.0;0.0;0.0;0.0;0.0;0.0;0.0;0.0;0.0;0.0;0.0;0.0;0.0;0.0;0.0;0.0;0.0;0.0;0.0;0.0;0.0;0.0;0.0;0.0;0.0
Parambu;PARAMBU;-6.2158611111111;-40.702777777778;1982;9;0.0;0.0;0.0;0.0;0.0;0.0;0.0;0.0;0.0;0.0;0.0;0.0;0.0;0.0;0.0;0.0;0.0;0.0;0.0;0.0;0.0;0.0;0.0;0.0;0.0;0.0;0.0;0.0;0.0;0.0;0.0;888.0
Parambu;PARAMBU;-6.2158611111111;-40.702777777778;1982;10;11.5;0.0;0.0;0.0;0.0;0.0;0.0;0.0;0.0;0.0;0.0;0.0;0.0;0.0;0.0;0.0;0.0;0.0;0.0;0.0;0.0;0.0;0.0;0.0;0.0;0.0;0.0;0.0;11.5;0.0;0.0;0.0
Parambu;PARAMBU;-6.2158611111111;-40.702777777778;1982;11;0.0;0.0;0.0;0.0;0.0;0.0;0.0;0.0;0.0;0.0;0.0;0.0;0.0;0.0;0.0;0.0;0.0;0.0;0.0;0.0;0.0;0.0;0.0;0.0;0.0;0.0;0.0;0.0;0.0;0.0;0.0;888.0
Parambu;PARAMBU;-6.2158611111111;-40.702777777778;1982;12;15.8;0.0;0.0;0.0;0.0;0.0;0.0;0.0;0.0;0.0;0.0;0.0;0.0;0.0;0.0;0.0;0.0;0.0;0.0;0.0;0.0;0.0;0.0;0.0;0.0;1.9;13.9;0.0;0.0;0.0;0.0;0.0
Parambu;PARAMBU;-6.2158611111111;-40.702777777778;1983;1;9.5;0.0;0.0;0.0;0.0;0.0;0.0;0.0;0.0;0.0;0.0;0.0;0.0;0.0;0.0;0.0;0.0;0.0;0.0;0.0;0.0;0.0;0.0;0.0;0.0;0.0;0.0;0.0;9.5;0.0;0.0;0.0
Parambu;PARAMBU;-6.2158611111111;-40.702777777778;1983;2;99.1;0.0;0.0;0.0;0.0;7.0;18.8;8.3;1.9;18.5;0.0;0.0;1.5;3.5;0.0;0.0;0.0;0.0;21.6;0.0;6.4;11.6;0.0;0.0;0.0;0.0;0.0;0.0;0.0;888.0;888.0;888.0
Parambu;PARAMBU;-6.2158611111111;-40.702777777778;1983;3;142.5;0.0;0.0;0.0;0.0;0.0;0.0;19.0;0.0;2.5;0.0;0.0;1.7;0.0;0.0;0.0;0.0;0.0;0.0;0.0;0.0;0.0;16.4;0.0;57.1;12.4;0.0;33.4;0.0;0.0;0.0;0.0
Parambu;PARAMBU;-6.2158611111111;-40.702777777778;1983;4;51.4;0.0;0.0;0.0;0.0;0.0;51.4;0.0;0.0;0.0;0.0;0.0;0.0;0.0;0.0;0.0;0.0;0.0;0.0;0.0;0.0;0.0;0.0;0.0;0.0;0.0;0.0;0.0;0.0;0.0;0.0;888.0
Parambu;PARAMBU;-6.2158611111111;-40.702777777778;1983;5;7.2;0.0;0.0;0.0;0.0;0.0;0.0;0.0;0.0;0.0;0.0;2.1;0.0;0.0;3.4;0.0;0.0;0.0;0.0;0.0;0.0;0.0;0.0;0.0;0.0;0.0;0.0;0.3;1.3;0.1;0.0;0.0
Parambu;PARAMBU;-6.2158611111111;-40.702777777778;1983;6;18.1;0.0;0.0;0.0;18.1;0.0;0.0;0.0;0.0;0.0;0.0;0.0;0.0;0.0;0.0;0.0;0.0;0.0;0.0;0.0;0.0;0.0;0.0;0.0;0.0;0.0;0.0;0.0;0.0;0.0;0.0;888.0
Parambu;PARAMBU;-6.2158611111111;-40.702777777778;1983;7;0.0;0.0;0.0;0.0;0.0;0.0;0.0;0.0;0.0;0.0;0.0;0.0;0.0;0.0;0.0;0.0;0.0;0.0;0.0;0.0;0.0;0.0;0.0;0.0;0.0;0.0;0.0;0.0;0.0;0.0;0.0;0.0
Parambu;PARAMBU;-6.2158611111111;-40.702777777778;1983;8;0.0;0.0;0.0;0.0;0.0;0.0;0.0;0.0;0.0;0.0;0.0;0.0;0.0;0.0;0.0;0.0;0.0;0.0;0.0;0.0;0.0;0.0;0.0;0.0;0.0;0.0;0.0;0.0;0.0;0.0;0.0;0.0
Parambu;PARAMBU;-6.2158611111111;-40.702777777778;1983;9;0.0;0.0;0.0;0.0;0.0;0.0;0.0;0.0;0.0;0.0;0.0;0.0;0.0;0.0;0.0;0.0;0.0;0.0;0.0;0.0;0.0;0.0;0.0;0.0;0.0;0.0;0.0;0.0;0.0;0.0;0.0;888.0
Parambu;PARAMBU;-6.2158611111111;-40.702777777778;1983;10;0.0;0.0;0.0;0.0;0.0;0.0;0.0;0.0;0.0;0.0;0.0;0.0;0.0;0.0;0.0;0.0;0.0;0.0;0.0;0.0;0.0;0.0;0.0;0.0;0.0;0.0;0.0;0.0;0.0;0.0;0.0;0.0
Parambu;PARAMBU;-6.2158611111111;-40.702777777778;1983;11;0.0;0.0;0.0;0.0;0.0;0.0;0.0;0.0;0.0;0.0;0.0;0.0;0.0;0.0;0.0;0.0;0.0;0.0;0.0;0.0;0.0;0.0;0.0;0.0;0.0;0.0;0.0;0.0;0.0;0.0;0.0;888.0
Parambu;PARAMBU;-6.2158611111111;-40.702777777778;1983;12;0.0;0.0;0.0;0.0;0.0;0.0;0.0;0.0;0.0;0.0;0.0;0.0;0.0;0.0;0.0;0.0;0.0;0.0;0.0;0.0;0.0;0.0;0.0;0.0;0.0;0.0;0.0;0.0;0.0;0.0;0.0;0.0
Parambu;PARAMBU;-6.2158611111111;-40.702777777778;1984;1;46.6;0.0;0.0;0.0;0.0;0.0;0.0;0.0;3.5;0.0;8.5;0.0;0.0;0.0;0.0;3.8;7.9;7.2;0.0;0.0;0.0;3.4;0.0;0.0;0.0;0.0;0.0;0.0;0.0;12.3;0.0;0.0
Parambu;PARAMBU;-6.2158611111111;-40.702777777778;1984;2;23.5;0.0;0.0;0.0;0.0;0.0;0.0;0.0;5.7;0.0;0.0;0.0;0.0;0.0;0.0;5.9;0.0;0.0;0.0;0.0;1.0;0.0;6.9;0.0;0.0;0.0;0.0;0.0;0.0;4.0;888.0;888.0
Parambu;PARAMBU;-6.2158611111111;-40.702777777778;1984;3;234.6;8.8;2.4;0.0;0.0;0.0;0.0;18.5;22.2;0.0;0.0;0.0;16.2;15.8;5.5;3.4;49.7;10.5;11.5;2.4;0.0;0.0;13.1;6.5;0.0;0.0;0.0;30.2;0.0;0.0;0.0;17.9
Parambu;PARAMBU;-6.2158611111111;-40.702777777778;1984;4;388.0;10.6;0.0;13.6;139.5;5.0;4.5;13.0;0.0;18.9;0.0;22.5;2.5;0.0;2.1;35.2;16.5;12.0;6.5;30.1;6.0;12.1;8.9;4.5;0.0;24.0;0.0;0.0;0.0;0.0;0.0;888.0
Parambu;PARAMBU;-6.2158611111111;-40.702777777778;1984;5;120.7;0.0;60.6;0.0;0.0;0.0;0.0;27.3;0.4;0.0;0.0;0.0;0.0;0.0;6.9;7.1;6.5;0.0;0.0;0.0;0.0;2.0;0.0;3.0;0.0;6.9;0.0;0.0;0.0;0.0;0.0;0.0
Parambu;PARAMBU;-6.2158611111111;-40.702777777778;1984;6;1.5;0.0;0.0;0.0;0.0;0.0;0.0;0.0;0.0;0.0;0.0;0.0;0.0;0.0;0.0;0.0;0.0;0.0;0.0;0.0;0.0;0.0;0.0;0.0;0.0;0.0;0.0;0.0;0.0;1.5;0.0;888.0
Parambu;PARAMBU;-6.2158611111111;-40.702777777778;1984;7;3.9;0.0;0.0;2.5;0.0;0.0;0.0;1.4;0.0;0.0;0.0;0.0;0.0;0.0;0.0;0.0;0.0;0.0;0.0;0.0;0.0;0.0;0.0;0.0;0.0;0.0;0.0;0.0;0.0;0.0;0.0;0.0
Parambu;PARAMBU;-6.2158611111111;-40.702777777778;1984;8;12.0;0.0;0.0;0.0;0.0;0.0;0.0;0.0;0.0;0.0;0.0;0.0;0.0;0.0;0.0;0.0;0.0;0.0;0.0;0.0;0.0;0.0;0.0;0.0;0.0;0.0;0.0;0.0;0.0;0.0;12.0;0.0
Parambu;PARAMBU;-6.2158611111111;-40.702777777778;1984;9;0.0;0.0;0.0;0.0;0.0;0.0;0.0;0.0;0.0;0.0;0.0;0.0;0.0;0.0;0.0;0.0;0.0;0.0;0.0;0.0;0.0;0.0;0.0;0.0;0.0;0.0;0.0;0.0;0.0;0.0;0.0;888.0
Parambu;PARAMBU;-6.2158611111111;-40.702777777778;1984;10;58.9;0.0;0.0;0.0;0.0;0.0;0.0;0.0;0.0;0.0;0.0;58.9;0.0;0.0;0.0;0.0;0.0;0.0;0.0;0.0;0.0;0.0;0.0;0.0;0.0;0.0;0.0;0.0;0.0;0.0;0.0;0.0
Parambu;PARAMBU;-6.2158611111111;-40.702777777778;1984;11;32.9;0.0;0.0;0.0;0.0;0.0;0.0;0.0;0.0;0.0;0.0;0.0;0.0;0.0;32.9;0.0;0.0;0.0;0.0;0.0;0.0;0.0;0.0;0.0;0.0;0.0;0.0;0.0;0.0;0.0;0.0;888.0
Parambu;PARAMBU;-6.2158611111111;-40.702777777778;1984;12;0.0;0.0;0.0;0.0;0.0;0.0;0.0;0.0;0.0;0.0;0.0;0.0;0.0;0.0;0.0;0.0;0.0;0.0;0.0;0.0;0.0;0.0;0.0;0.0;0.0;0.0;0.0;0.0;0.0;0.0;0.0;0.0
Parambu;PARAMBU;-6.2158611111111;-40.702777777778;1985;1;178.4;16.4;3.8;0.0;6.7;0.0;0.0;0.0;2.6;0.0;0.0;0.0;0.0;6.0;0.0;0.0;0.0;5.7;18.3;29.8;0.0;0.0;0.0;0.0;20.0;3.6;0.0;0.0;18.0;25.0;22.5;0.0
Parambu;PARAMBU;-6.2158611111111;-40.702777777778;1985;2;247.4;19.5;5.2;0.0;3.2;13.9;0.0;0.0;8.8;0.0;0.0;0.0;14.5;8.5;0.0;14.5;0.0;4.5;28.0;22.9;69.0;0.0;0.0;29.4;0.0;5.5;0.0;0.0;0.0;888.0;888.0;888.0
Parambu;PARAMBU;-6.2158611111111;-40.702777777778;1985;3;401.1;47.6;0.0;0.0;0.0;0.0;0.0;7.4;0.0;0.0;0.0;0.0;0.0;0.0;0.0;9.0;7.8;9.2;0.0;2.5;34.5;21.9;20.2;12.6;33.6;72.6;0.0;45.7;26.9;39.1;10.5;0.0
Parambu;PARAMBU;-6.2158611111111;-40.702777777778;1985;4;950.1;3.5;0.0;89.5;0.0;21.3;66.5;0.0;0.0;149.9;3.6;25.2;0.0;0.0;17.1;0.0;7.0;56.6;9.5;0.0;0.0;0.0;125.0;106.3;0.0;0.0;15.0;0.0;145.6;10.9;97.6;888.0
Parambu;PARAMBU;-6.2158611111111;-40.702777777778;1985;5;125.4;10.7;17.0;0.0;0.0;17.3;27.0;3.0;7.0;2.2;0.0;0.0;0.0;15.5;15.2;10.5;0.0;0.0;0.0;0.0;0.0;0.0;0.0;0.0;0.0;0.0;0.0;0.0;0.0;0.0;0.0;0.0
Parambu;PARAMBU;-6.2158611111111;-40.702777777778;1985;6;44.3;0.0;0.0;0.0;0.0;0.0;0.0;7.0;0.0;0.0;0.0;0.0;27.0;0.0;0.0;3.1;0.0;0.0;0.0;4.0;0.0;0.0;0.0;3.2;0.0;0.0;0.0;0.0;0.0;0.0;0.0;888.0
Parambu;PARAMBU;-6.2158611111111;-40.702777777778;1985;7;35.7;0.0;0.0;0.0;0.0;0.0;0.0;0.0;21.9;0.0;0.0;0.0;0.0;0.0;3.3;0.0;10.5;0.0;0.0;0.0;0.0;0.0;0.0;0.0;0.0;0.0;0.0;0.0;0.0;0.0;0.0;0.0
Parambu;PARAMBU;-6.2158611111111;-40.702777777778;1985;8;24.0;0.0;0.0;0.0;0.0;0.0;0.0;0.0;0.0;0.0;0.0;0.0;0.0;0.0;0.0;0.0;6.0;0.0;0.0;0.0;0.0;0.0;0.0;0.0;0.0;11.5;6.5;0.0;0.0;0.0;0.0;0.0
Parambu;PARAMBU;-6.2158611111111;-40.702777777778;1985;9;0.0;0.0;0.0;0.0;0.0;0.0;0.0;0.0;0.0;0.0;0.0;0.0;0.0;0.0;0.0;0.0;0.0;0.0;0.0;0.0;0.0;0.0;0.0;0.0;0.0;0.0;0.0;0.0;0.0;0.0;0.0;888.0
Parambu;PARAMBU;-6.2158611111111;-40.702777777778;1985;10;0.0;0.0;0.0;0.0;0.0;0.0;0.0;0.0;0.0;0.0;0.0;0.0;0.0;0.0;0.0;0.0;0.0;0.0;0.0;0.0;0.0;0.0;0.0;0.0;0.0;0.0;0.0;0.0;0.0;0.0;0.0;0.0
Parambu;PARAMBU;-6.2158611111111;-40.702777777778;1985;11;2.0;0.0;0.0;0.0;0.0;0.0;0.0;0.0;0.0;0.0;0.0;2.0;0.0;0.0;0.0;0.0;0.0;0.0;0.0;0.0;0.0;0.0;0.0;0.0;0.0;0.0;0.0;0.0;0.0;0.0;0.0;888.0
Parambu;PARAMBU;-6.2158611111111;-40.702777777778;1985;12;228.7;0.0;0.0;0.0;3.0;13.0;0.0;29.2;6.5;0.0;0.0;27.2;0.0;3.5;34.2;0.0;9.2;0.0;0.0;5.4;0.0;0.0;0.0;0.0;5.9;0.0;8.9;0.0;24.0;3.0;24.0;31.7
Parambu;PARAMBU;-6.2158611111111;-40.702777777778;1986;1;20.3;0.0;0.0;0.0;4.1;0.0;0.0;0.0;0.0;0.0;0.0;0.0;0.0;0.0;0.0;0.0;0.0;0.0;0.0;0.0;0.0;0.0;15.5;0.0;0.0;0.0;0.0;0.0;0.0;0.7;0.0;0.0
Parambu;PARAMBU;-6.2158611111111;-40.702777777778;1986;2;184.8;55.2;12.4;0.0;0.0;0.0;20.5;0.0;0.0;0.0;0.0;0.0;0.0;0.0;6.0;0.0;0.0;0.0;0.0;10.2;5.0;4.0;45.0;0.0;0.0;0.0;0.0;0.0;26.5;888.0;888.0;888.0
Parambu;PARAMBU;-6.2158611111111;-40.702777777778;1986;3;394.4;0.0;0.0;0.0;75.2;65.0;23.0;0.0;0.0;15.0;4.0;0.0;51.0;17.5;8.0;0.0;7.0;0.0;7.0;0.0;0.0;0.0;7.5;29.5;5.5;12.2;35.5;0.0;0.0;15.5;5.5;10.5
Parambu;PARAMBU;-6.2158611111111;-40.702777777778;1986;4;406.0;0.0;0.0;17.0;0.0;0.0;0.0;0.0;37.0;0.0;0.0;8.0;3.0;0.0;33.0;11.0;109.0;6.0;8.5;0.0;0.0;0.0;0.0;0.0;15.0;74.5;12.0;0.0;0.0;0.0;72.0;888.0
Parambu;PARAMBU;-6.2158611111111;-40.702777777778;1986;5;20.0;0.0;0.0;0.0;0.0;6.0;0.0;0.0;0.0;0.0;0.0;0.0;0.0;0.0;0.0;0.0;0.0;0.0;0.0;0.0;0.0;0.0;0.0;0.0;0.0;0.0;0.0;14.0;0.0;0.0;0.0;0.0
Parambu;PARAMBU;-6.2158611111111;-40.702777777778;1986;6;82.2;0.0;15.5;4.5;33.5;0.0;0.0;0.0;0.0;0.0;0.0;0.0;0.0;12.5;0.0;0.0;0.0;0.0;0.0;0.0;0.0;0.0;0.0;0.0;0.0;0.0;0.0;0.0;0.0;0.0;16.2;888.0
Parambu;PARAMBU;-6.2158611111111;-40.702777777778;1986;7;5.3;0.0;0.0;0.0;0.0;0.0;0.0;0.0;0.0;0.0;0.0;0.0;0.0;0.0;0.0;0.0;0.0;3.1;2.2;0.0;0.0;0.0;0.0;0.0;0.0;0.0;0.0;0.0;0.0;0.0;0.0;0.0
Parambu;PARAMBU;-6.2158611111111;-40.702777777778;1986;8;0.0;0.0;0.0;0.0;0.0;0.0;0.0;0.0;0.0;0.0;0.0;0.0;0.0;0.0;0.0;0.0;0.0;0.0;0.0;0.0;0.0;0.0;0.0;0.0;0.0;0.0;0.0;0.0;0.0;0.0;0.0;0.0
Parambu;PARAMBU;-6.2158611111111;-40.702777777778;1986;9;1.0;0.0;0.0;0.0;0.0;0.0;0.0;0.0;0.0;0.0;0.0;0.0;0.0;0.0;0.0;0.0;1.0;0.0;0.0;0.0;0.0;0.0;0.0;0.0;0.0;0.0;0.0;0.0;0.0;0.0;0.0;888.0
Parambu;PARAMBU;-6.2158611111111;-40.702777777778;1986;10;0.0;0.0;0.0;0.0;0.0;0.0;0.0;0.0;0.0;0.0;0.0;0.0;0.0;0.0;0.0;0.0;0.0;0.0;0.0;0.0;0.0;0.0;0.0;0.0;0.0;0.0;0.0;0.0;0.0;0.0;0.0;0.0
Parambu;PARAMBU;-6.2158611111111;-40.702777777778;1986;11;0.0;0.0;0.0;0.0;0.0;0.0;0.0;0.0;0.0;0.0;0.0;0.0;0.0;0.0;0.0;0.0;0.0;0.0;0.0;0.0;0.0;0.0;0.0;0.0;0.0;0.0;0.0;0.0;0.0;0.0;0.0;888.0
Parambu;PARAMBU;-6.2158611111111;-40.702777777778;1986;12;0.0;0.0;0.0;0.0;0.0;0.0;0.0;0.0;0.0;0.0;0.0;0.0;0.0;0.0;0.0;0.0;0.0;0.0;0.0;0.0;0.0;0.0;0.0;0.0;0.0;0.0;0.0;0.0;0.0;0.0;0.0;0.0
Parambu;PARAMBU;-6.2158611111111;-40.702777777778;1987;1;149.3;0.0;18.0;0.0;27.8;8.0;42.5;0.0;0.0;0.0;28.5;0.0;0.0;0.0;0.0;0.0;0.0;0.0;0.0;0.0;4.1;20.4;0.0;0.0;0.0;0.0;0.0;0.0;0.0;0.0;0.0;0.0
Parambu;PARAMBU;-6.2158611111111;-40.702777777778;1987;2;18.4;0.0;0.0;0.0;0.0;0.0;0.0;0.0;0.0;0.0;0.0;0.0;0.0;0.0;9.5;0.0;0.0;8.9;0.0;0.0;0.0;0.0;0.0;0.0;0.0;0.0;0.0;0.0;0.0;888.0;888.0;888.0
Parambu;PARAMBU;-6.2158611111111;-40.702777777778;1987;3;253.4;0.0;0.0;8.0;0.0;0.0;0.0;0.0;0.0;64.5;0.0;0.0;0.0;0.0;30.6;0.0;0.0;0.0;18.5;0.0;45.2;0.0;35.6;3.0;0.0;0.0;0.0;0.0;0.0;35.5;12.5;0.0
Parambu;PARAMBU;-6.2158611111111;-40.702777777778;1987;4;93.2;65.2;3.0;0.0;0.0;0.0;0.0;0.0;0.0;3.0;0.0;12.0;0.0;0.0;0.0;0.0;0.0;0.0;0.0;0.0;0.0;2.0;0.0;0.0;0.0;0.0;0.0;8.0;0.0;0.0;0.0;888.0
Parambu;PARAMBU;-6.2158611111111;-40.702777777778;1987;5;0.0;0.0;0.0;0.0;0.0;0.0;0.0;0.0;0.0;0.0;0.0;0.0;0.0;0.0;0.0;0.0;0.0;0.0;0.0;0.0;0.0;0.0;0.0;0.0;0.0;0.0;0.0;0.0;0.0;0.0;0.0;0.0
Parambu;PARAMBU;-6.2158611111111;-40.702777777778;1987;6;0.0;0.0;0.0;0.0;0.0;0.0;0.0;0.0;0.0;0.0;0.0;0.0;0.0;0.0;0.0;0.0;0.0;0.0;0.0;0.0;0.0;0.0;0.0;0.0;0.0;0.0;0.0;0.0;0.0;0.0;0.0;888.0
Parambu;PARAMBU;-6.2158611111111;-40.702777777778;1987;7;0.0;0.0;0.0;0.0;0.0;0.0;0.0;0.0;0.0;0.0;0.0;0.0;0.0;0.0;0.0;0.0;0.0;0.0;0.0;0.0;0.0;0.0;0.0;0.0;0.0;0.0;0.0;0.0;0.0;0.0;0.0;0.0
Parambu;PARAMBU;-6.2158611111111;-40.702777777778;1987;8;0.0;0.0;0.0;0.0;0.0;0.0;0.0;0.0;0.0;0.0;0.0;0.0;0.0;0.0;0.0;0.0;0.0;0.0;0.0;0.0;0.0;0.0;0.0;0.0;0.0;0.0;0.0;0.0;0.0;0.0;0.0;0.0
Parambu;PARAMBU;-6.2158611111111;-40.702777777778;1987;9;0.0;0.0;0.0;0.0;0.0;0.0;0.0;0.0;0.0;0.0;0.0;0.0;0.0;0.0;0.0;0.0;0.0;0.0;0.0;0.0;0.0;0.0;0.0;0.0;0.0;0.0;0.0;0.0;0.0;0.0;0.0;888.0
Parambu;PARAMBU;-6.2158611111111;-40.702777777778;1987;10;0.0;0.0;0.0;0.0;0.0;0.0;0.0;0.0;0.0;0.0;0.0;0.0;0.0;0.0;0.0;0.0;0.0;0.0;0.0;0.0;0.0;0.0;0.0;0.0;0.0;0.0;0.0;0.0;0.0;0.0;0.0;0.0
Parambu;PARAMBU;-6.2158611111111;-40.702777777778;1987;11;0.0;0.0;0.0;0.0;0.0;0.0;0.0;0.0;0.0;0.0;0.0;0.0;0.0;0.0;0.0;0.0;0.0;0.0;0.0;0.0;0.0;0.0;0.0;0.0;0.0;0.0;0.0;0.0;0.0;0.0;0.0;888.0
Parambu;PARAMBU;-6.2158611111111;-40.702777777778;1987;12;0.0;0.0;0.0;0.0;0.0;0.0;0.0;0.0;0.0;0.0;0.0;0.0;0.0;0.0;0.0;0.0;0.0;0.0;0.0;0.0;0.0;0.0;0.0;0.0;0.0;0.0;0.0;0.0;0.0;0.0;0.0;0.0
Parambu;PARAMBU;-6.2158611111111;-40.702777777778;1988;1;72.8;0.0;0.0;0.0;0.0;0.0;0.0;0.0;0.0;0.0;0.0;0.0;3.0;19.0;0.0;0.0;0.0;0.0;0.0;0.0;0.0;18.0;0.0;0.0;0.0;0.0;24.8;0.0;8.0;0.0;0.0;0.0
Parambu;PARAMBU;-6.2158611111111;-40.702777777778;1988;2;49.0;0.0;0.0;0.0;0.0;4.0;0.0;0.0;0.0;0.0;0.0;0.0;0.0;0.0;19.0;8.0;0.0;0.0;18.0;0.0;0.0;0.0;0.0;0.0;0.0;0.0;0.0;0.0;0.0;0.0;888.0;888.0
Parambu;PARAMBU;-6.2158611111111;-40.702777777778;1988;3;299.7;0.0;0.0;0.0;0.0;21.5;0.0;2.0;8.0;0.0;24.2;22.5;14.5;0.0;7.0;0.0;0.0;32.0;0.0;17.0;18.3;82.5;2.0;0.0;18.0;30.2;0.0;0.0;0.0;0.0;0.0;0.0
Parambu;PARAMBU;-6.2158611111111;-40.702777777778;1988;4;89.0;0.0;0.0;0.0;0.0;0.0;0.0;0.0;0.0;0.0;14.0;0.0;0.0;7.0;0.0;7.0;0.0;0.0;0.0;10.0;0.0;7.0;18.0;21.0;0.0;2.0;0.0;0.0;0.0;0.0;3.0;888.0
Parambu;PARAMBU;-6.2158611111111;-40.702777777778;1988;5;37.5;6.5;0.0;0.0;0.0;11.0;20.0;0.0;0.0;0.0;0.0;0.0;0.0;0.0;0.0;0.0;0.0;0.0;0.0;0.0;0.0;0.0;0.0;0.0;0.0;0.0;0.0;0.0;0.0;0.0;0.0;0.0
Parambu;PARAMBU;-6.2158611111111;-40.702777777778;1988;6;101.0;0.0;0.0;0.0;0.0;0.0;0.0;0.0;0.0;0.0;0.0;0.0;0.0;0.0;0.0;0.0;0.0;0.0;0.0;0.0;0.0;0.0;0.0;0.0;0.0;101.0;0.0;0.0;0.0;0.0;0.0;888.0
Parambu;PARAMBU;-6.2158611111111;-40.702777777778;1988;7;0.0;0.0;0.0;0.0;0.0;0.0;0.0;0.0;0.0;0.0;0.0;0.0;0.0;0.0;0.0;0.0;0.0;0.0;0.0;0.0;0.0;0.0;0.0;0.0;0.0;0.0;0.0;0.0;0.0;0.0;0.0;0.0
Parambu;PARAMBU;-6.2158611111111;-40.702777777778;1988;8;0.0;0.0;0.0;0.0;0.0;0.0;0.0;0.0;0.0;0.0;0.0;0.0;0.0;0.0;0.0;0.0;0.0;0.0;0.0;0.0;0.0;0.0;0.0;0.0;0.0;0.0;0.0;0.0;0.0;0.0;0.0;0.0
Parambu;PARAMBU;-6.2158611111111;-40.702777777778;1988;9;0.0;0.0;0.0;0.0;0.0;0.0;0.0;0.0;0.0;0.0;0.0;0.0;0.0;0.0;0.0;0.0;0.0;0.0;0.0;0.0;0.0;0.0;0.0;0.0;0.0;0.0;0.0;0.0;0.0;0.0;0.0;888.0
Parambu;PARAMBU;-6.2158611111111;-40.702777777778;1988;10;0.0;0.0;0.0;0.0;0.0;0.0;0.0;0.0;0.0;0.0;0.0;0.0;0.0;0.0;0.0;0.0;0.0;0.0;0.0;0.0;0.0;0.0;0.0;0.0;0.0;0.0;0.0;0.0;0.0;0.0;0.0;0.0
Parambu;PARAMBU;-6.2158611111111;-40.702777777778;1988;11;0.0;0.0;0.0;0.0;0.0;0.0;0.0;0.0;0.0;0.0;0.0;0.0;0.0;0.0;0.0;0.0;0.0;0.0;0.0;0.0;0.0;0.0;0.0;0.0;0.0;0.0;0.0;0.0;0.0;0.0;0.0;888.0
Parambu;PARAMBU;-6.2158611111111;-40.702777777778;1988;12;165.1;0.0;14.3;0.0;0.0;0.0;0.0;0.0;35.3;6.5;0.0;0.0;0.0;0.0;0.0;0.0;55.5;0.0;20.0;15.5;6.0;0.0;0.0;0.0;0.0;0.0;0.0;0.0;12.0;0.0;0.0;0.0
Parambu;PARAMBU;-6.2158611111111;-40.702777777778;1989;1;88.0;7.0;0.0;6.5;0.0;0.0;0.0;0.0;0.0;0.0;0.0;0.0;0.0;0.0;15.5;0.0;0.0;0.0;0.0;0.0;0.0;0.0;0.0;0.0;32.5;15.5;7.5;3.5;0.0;0.0;0.0;0.0
Parambu;PARAMBU;-6.2158611111111;-40.702777777778;1989;2;28.5;0.0;0.0;0.0;0.0;0.0;0.0;0.0;0.0;4.0;9.0;0.0;0.0;0.0;0.0;0.0;4.0;0.0;0.0;0.0;0.0;0.0;0.0;0.0;5.5;4.0;0.0;2.0;0.0;888.0;888.0;888.0
Parambu;PARAMBU;-6.2158611111111;-40.702777777778;1989;3;392.9;0.0;0.0;0.0;0.0;0.0;2.0;0.0;55.0;0.0;0.0;0.0;0.0;4.0;8.0;0.0;0.0;37.0;57.5;32.7;0.0;10.5;0.0;53.5;0.0;0.0;6.0;3.0;40.5;72.7;8.5;2.0
Parambu;PARAMBU;-6.2158611111111;-40.702777777778;1989;4;415.5;0.0;7.0;3.0;0.0;42.5;22.5;4.0;66.2;10.2;11.5;0.0;55.2;8.2;22.0;5.0;0.0;39.5;0.0;0.0;0.0;0.0;0.0;0.0;12.5;13.0;0.0;0.0;42.5;7.5;43.2;888.0
Parambu;PARAMBU;-6.2158611111111;-40.702777777778;1989;5;134.2;0.0;0.0;6.5;27.2;16.5;0.0;0.0;0.0;17.2;12.7;22.6;0.0;0.0;3.0;0.0;2.0;1.5;0.0;0.0;0.0;0.0;12.5;0.0;0.0;0.0;0.0;0.0;0.0;0.0;5.0;7.5
Parambu;PARAMBU;-6.2158611111111;-40.702777777778;1989;6;25.0;0.0;0.0;0.0;0.0;0.0;0.0;0.0;0.0;19.5;0.0;0.0;0.0;0.0;0.0;0.0;0.0;0.0;0.0;5.5;0.0;0.0;0.0;0.0;0.0;0.0;0.0;0.0;0.0;0.0;0.0;888.0
Parambu;PARAMBU;-6.2158611111111;-40.702777777778;1989;7;8.0;0.0;0.0;0.0;0.0;0.0;6.0;2.0;0.0;0.0;0.0;0.0;0.0;0.0;0.0;0.0;0.0;0.0;0.0;0.0;0.0;0.0;0.0;0.0;0.0;0.0;0.0;0.0;0.0;0.0;0.0;0.0
Parambu;PARAMBU;-6.2158611111111;-40.702777777778;1989;8;0.0;0.0;0.0;0.0;0.0;0.0;0.0;0.0;0.0;0.0;0.0;0.0;0.0;0.0;0.0;0.0;0.0;0.0;0.0;0.0;0.0;0.0;0.0;0.0;0.0;0.0;0.0;0.0;0.0;0.0;0.0;0.0
Parambu;PARAMBU;-6.2158611111111;-40.702777777778;1989;9;0.0;0.0;0.0;0.0;0.0;0.0;0.0;0.0;0.0;0.0;0.0;0.0;0.0;0.0;0.0;0.0;0.0;0.0;0.0;0.0;0.0;0.0;0.0;0.0;0.0;0.0;0.0;0.0;0.0;0.0;0.0;888.0
Parambu;PARAMBU;-6.2158611111111;-40.702777777778;1989;10;0.0;0.0;0.0;0.0;0.0;0.0;0.0;0.0;0.0;0.0;0.0;0.0;0.0;0.0;0.0;0.0;0.0;0.0;0.0;0.0;0.0;0.0;0.0;0.0;0.0;0.0;0.0;0.0;0.0;0.0;0.0;0.0
Parambu;PARAMBU;-6.2158611111111;-40.702777777778;1989;11;0.0;0.0;0.0;0.0;0.0;0.0;0.0;0.0;0.0;0.0;0.0;0.0;0.0;0.0;0.0;0.0;0.0;0.0;0.0;0.0;0.0;0.0;0.0;0.0;0.0;0.0;0.0;0.0;0.0;0.0;0.0;888.0
Parambu;PARAMBU;-6.2158611111111;-40.702777777778;1989;12;286.8;0.0;0.0;0.0;0.0;0.0;0.0;0.0;18.5;0.0;0.0;0.0;0.0;8.0;0.0;5.4;0.0;0.0;11.4;46.5;0.0;41.5;10.0;8.0;0.0;65.7;35.3;36.5;0.0;0.0;0.0;0.0
Parambu;PARAMBU;-6.2158611111111;-40.702777777778;1990;1;16.7;0.0;10.7;0.0;0.0;0.0;0.0;0.0;0.0;0.0;0.0;0.0;0.0;0.0;0.0;0.0;0.0;0.0;0.0;0.0;0.0;0.0;0.0;0.0;0.0;0.0;0.0;0.0;0.0;6.0;0.0;0.0
Parambu;PARAMBU;-6.2158611111111;-40.702777777778;1990;2;103.3;0.0;0.0;0.0;0.0;0.0;0.0;0.0;0.0;20.5;0.0;0.0;43.8;0.0;0.0;0.0;0.0;11.0;0.0;5.0;0.0;0.0;0.0;12.5;0.0;0.0;0.0;10.5;0.0;888.0;888.0;888.0
Parambu;PARAMBU;-6.2158611111111;-40.702777777778;1990;3;188.0;4.5;0.0;125.0;5.0;0.0;0.0;0.0;0.0;0.0;0.0;0.0;0.0;0.0;0.0;0.0;0.0;0.0;0.0;0.0;33.5;0.0;0.0;0.0;0.0;0.0;0.0;7.5;0.0;0.0;0.0;12.5
Parambu;PARAMBU;-6.2158611111111;-40.702777777778;1990;4;80.6;0.0;0.0;0.0;43.8;10.5;0.0;0.0;0.0;0.0;0.0;0.0;0.0;0.0;0.0;0.0;0.0;0.0;0.0;0.0;2.0;0.0;0.0;0.0;0.0;0.0;0.0;0.0;4.0;9.8;10.5;888.0
Parambu;PARAMBU;-6.2158611111111;-40.702777777778;1990;5;13.5;0.0;9.5;0.0;0.0;0.0;0.0;0.0;0.0;0.0;0.0;0.0;0.0;0.0;0.0;0.0;0.0;0.0;0.0;0.0;0.0;0.0;0.0;0.0;0.0;0.0;0.0;0.0;2.5;1.5;0.0;0.0
Parambu;PARAMBU;-6.2158611111111;-40.702777777778;1990;6;22.5;0.0;0.0;22.5;0.0;0.0;0.0;0.0;0.0;0.0;0.0;0.0;0.0;0.0;0.0;0.0;0.0;0.0;0.0;0.0;0.0;0.0;0.0;0.0;0.0;0.0;0.0;0.0;0.0;0.0;0.0;888.0
Parambu;PARAMBU;-6.2158611111111;-40.702777777778;1990;7;25.9;0.0;0.0;14.0;0.0;0.0;0.0;0.0;0.0;0.0;0.0;0.0;0.0;0.0;0.0;0.0;0.0;0.0;0.0;0.0;0.0;0.0;11.9;0.0;0.0;0.0;0.0;0.0;0.0;0.0;0.0;0.0
Parambu;PARAMBU;-6.2158611111111;-40.702777777778;1990;8;5.5;0.0;0.0;0.0;0.0;0.0;0.0;0.0;0.0;0.0;0.0;0.0;0.0;0.0;0.0;5.5;0.0;0.0;0.0;0.0;0.0;0.0;0.0;0.0;0.0;0.0;0.0;0.0;0.0;0.0;0.0;0.0
Parambu;PARAMBU;-6.2158611111111;-40.702777777778;1990;9;14.5;0.0;0.0;0.0;0.0;0.0;0.0;0.0;0.0;0.0;0.0;0.0;0.0;0.0;0.0;0.0;0.0;0.0;0.0;0.0;0.0;0.0;0.0;0.0;0.0;0.0;1.3;13.2;0.0;0.0;0.0;888.0
Parambu;PARAMBU;-6.2158611111111;-40.702777777778;1990;10;0.0;0.0;0.0;0.0;0.0;0.0;0.0;0.0;0.0;0.0;0.0;0.0;0.0;0.0;0.0;0.0;0.0;0.0;0.0;0.0;0.0;0.0;0.0;0.0;0.0;0.0;0.0;0.0;0.0;0.0;0.0;0.0
Parambu;PARAMBU;-6.2158611111111;-40.702777777778;1990;11;0.0;0.0;0.0;0.0;0.0;0.0;0.0;0.0;0.0;0.0;0.0;0.0;0.0;0.0;0.0;0.0;0.0;0.0;0.0;0.0;0.0;0.0;0.0;0.0;0.0;0.0;0.0;0.0;0.0;0.0;0.0;888.0
Parambu;PARAMBU;-6.2158611111111;-40.702777777778;1990;12;23.5;0.0;0.0;0.0;0.0;0.0;18.0;0.0;0.0;0.0;0.0;0.0;0.0;0.0;0.0;0.0;0.0;0.0;0.0;0.0;0.0;0.0;0.0;0.0;0.0;0.0;0.0;0.0;0.0;0.0;0.0;5.5
Parambu;PARAMBU;-6.2158611111111;-40.702777777778;1991;1;102.8;1.1;0.0;0.0;0.0;0.0;0.0;0.0;42.5;0.0;0.0;0.0;0.0;0.0;0.0;0.0;0.0;10.5;5.2;10.5;0.0;9.5;7.2;0.0;9.8;6.5;0.0;0.0;0.0;0.0;0.0;0.0
Parambu;PARAMBU;-6.2158611111111;-40.702777777778;1991;2;86.7;0.0;0.0;0.0;0.0;2.0;0.0;30.5;0.0;0.0;0.0;0.0;0.0;0.0;0.0;32.2;0.0;0.0;2.0;20.0;0.0;0.0;0.0;0.0;0.0;0.0;0.0;0.0;0.0;888.0;888.0;888.0
Parambu;PARAMBU;-6.2158611111111;-40.702777777778;1991;3;254.6;4.5;0.0;0.0;0.0;0.0;0.0;0.5;0.0;0.0;64.7;0.0;0.0;1.0;0.0;1.0;9.2;11.4;5.1;0.0;0.0;0.0;0.0;0.0;75.0;8.1;0.0;64.0;0.0;10.1;0.0;0.0
Parambu;PARAMBU;-6.2158611111111;-40.702777777778;1991;4;100.5;0.0;0.0;11.0;2.0;0.0;0.0;0.0;0.0;2.0;0.0;0.0;0.0;0.0;0.0;0.0;0.0;5.0;0.0;1.0;0.0;6.0;0.0;0.0;0.0;0.0;1.5;0.0;0.0;5.6;66.4;888.0
Parambu;PARAMBU;-6.2158611111111;-40.702777777778;1991;5;35.2;0.0;0.0;0.0;0.0;0.0;13.5;0.0;0.0;0.0;0.0;0.0;0.0;0.0;0.0;0.0;0.0;0.0;0.0;0.0;0.0;3.2;0.0;0.0;0.0;18.5;0.0;0.0;0.0;0.0;0.0;0.0
Parambu;PARAMBU;-6.2158611111111;-40.702777777778;1991;6;3.0;0.0;0.0;0.0;0.0;0.0;0.0;3.0;0.0;0.0;0.0;0.0;0.0;0.0;0.0;0.0;0.0;0.0;0.0;0.0;0.0;0.0;0.0;0.0;0.0;0.0;0.0;0.0;0.0;0.0;0.0;888.0
Parambu;PARAMBU;-6.2158611111111;-40.702777777778;1991;7;0.0;0.0;0.0;0.0;0.0;0.0;0.0;0.0;0.0;0.0;0.0;0.0;0.0;0.0;0.0;0.0;0.0;0.0;0.0;0.0;0.0;0.0;0.0;0.0;0.0;0.0;0.0;0.0;0.0;0.0;0.0;0.0
Parambu;PARAMBU;-6.2158611111111;-40.702777777778;1991;8;0.0;0.0;0.0;0.0;0.0;0.0;0.0;0.0;0.0;0.0;0.0;0.0;0.0;0.0;0.0;0.0;0.0;0.0;0.0;0.0;0.0;0.0;0.0;0.0;0.0;0.0;0.0;0.0;0.0;0.0;0.0;0.0
Parambu;PARAMBU;-6.2158611111111;-40.702777777778;1991;9;0.0;0.0;0.0;0.0;0.0;0.0;0.0;0.0;0.0;0.0;0.0;0.0;0.0;0.0;0.0;0.0;0.0;0.0;0.0;0.0;0.0;0.0;0.0;0.0;0.0;0.0;0.0;0.0;0.0;0.0;0.0;888.0
Parambu;PARAMBU;-6.2158611111111;-40.702777777778;1991;10;1.0;0.0;0.0;0.0;0.0;0.0;0.0;0.0;0.0;0.0;0.0;0.0;0.0;0.0;0.0;0.0;0.0;0.0;0.0;0.0;0.0;0.0;0.0;1.0;0.0;0.0;0.0;0.0;0.0;0.0;0.0;0.0
Parambu;PARAMBU;-6.2158611111111;-40.702777777778;1991;11;0.0;0.0;0.0;0.0;0.0;0.0;0.0;0.0;0.0;0.0;0.0;0.0;0.0;0.0;0.0;0.0;0.0;0.0;0.0;0.0;0.0;0.0;0.0;0.0;0.0;0.0;0.0;0.0;0.0;0.0;0.0;888.0
Parambu;PARAMBU;-6.2158611111111;-40.702777777778;1991;12;0.0;0.0;0.0;0.0;0.0;0.0;0.0;0.0;0.0;0.0;0.0;0.0;0.0;0.0;0.0;0.0;0.0;0.0;0.0;0.0;0.0;0.0;0.0;0.0;0.0;0.0;0.0;0.0;0.0;0.0;0.0;0.0
Parambu;PARAMBU;-6.2158611111111;-40.702777777778;1992;1;171.3;0.0;0.0;0.0;0.0;0.0;0.0;0.0;0.0;0.0;0.0;0.0;0.0;0.0;0.0;0.0;0.0;0.0;0.0;0.0;0.0;0.0;0.0;8.0;19.0;19.0;39.0;48.7;0.0;6.5;30.1;1.0
Parambu;PARAMBU;-6.2158611111111;-40.702777777778;1992;2;89.9;0.0;9.0;0.0;0.0;0.0;0.0;0.0;0.0;0.0;0.0;0.0;9.2;1.8;0.5;0.0;24.0;1.0;3.0;19.5;0.0;10.6;0.0;0.0;4.3;0.0;7.0;0.0;0.0;0.0;888.0;888.0
Parambu;PARAMBU;-6.2158611111111;-40.702777777778;1992;3;42.1;0.0;0.0;0.0;0.0;0.0;0.0;0.0;0.0;5.0;0.0;3.5;0.0;0.0;0.0;0.0;0.5;4.3;0.5;0.0;0.0;0.0;0.0;8.6;0.0;0.0;3.9;0.0;10.0;0.0;0.0;5.8
Parambu;PARAMBU;-6.2158611111111;-40.702777777778;1992;4;115.0;52.5;9.0;24.8;0.0;0.0;0.5;17.0;0.0;0.0;0.0;0.0;0.0;0.0;0.0;11.2;0.0;0.0;0.0;0.0;0.0;0.0;0.0;0.0;0.0;0.0;0.0;0.0;0.0;0.0;0.0;888.0
Parambu;PARAMBU;-6.2158611111111;-40.702777777778;1992;5;0.0;0.0;0.0;0.0;0.0;0.0;0.0;0.0;0.0;0.0;0.0;0.0;0.0;0.0;0.0;0.0;0.0;0.0;0.0;0.0;0.0;0.0;0.0;0.0;0.0;0.0;0.0;0.0;0.0;0.0;0.0;0.0
Parambu;PARAMBU;-6.2158611111111;-40.702777777778;1992;6;8.0;0.0;0.0;0.0;0.0;0.0;0.0;0.0;8.0;0.0;0.0;0.0;0.0;0.0;0.0;0.0;0.0;0.0;0.0;0.0;0.0;0.0;0.0;0.0;0.0;0.0;0.0;0.0;0.0;0.0;0.0;888.0
Parambu;PARAMBU;-6.2158611111111;-40.702777777778;1992;7;1.6;0.0;0.0;0.0;0.0;0.0;0.0;0.0;0.0;0.0;0.0;0.0;0.0;1.6;0.0;0.0;0.0;0.0;0.0;0.0;0.0;0.0;0.0;0.0;0.0;0.0;0.0;0.0;0.0;0.0;0.0;0.0
Parambu;PARAMBU;-6.2158611111111;-40.702777777778;1992;8;0.0;0.0;0.0;0.0;0.0;0.0;0.0;0.0;0.0;0.0;0.0;0.0;0.0;0.0;0.0;0.0;0.0;0.0;0.0;0.0;0.0;0.0;0.0;0.0;0.0;0.0;0.0;0.0;0.0;0.0;0.0;0.0
Parambu;PARAMBU;-6.2158611111111;-40.702777777778;1992;9;0.0;0.0;0.0;0.0;0.0;0.0;0.0;0.0;0.0;0.0;0.0;0.0;0.0;0.0;0.0;0.0;0.0;0.0;0.0;0.0;0.0;0.0;0.0;0.0;0.0;0.0;0.0;0.0;0.0;0.0;0.0;888.0
Parambu;PARAMBU;-6.2158611111111;-40.702777777778;1992;10;0.0;0.0;0.0;0.0;0.0;0.0;0.0;0.0;0.0;0.0;0.0;0.0;0.0;0.0;0.0;0.0;0.0;0.0;0.0;0.0;0.0;0.0;0.0;0.0;0.0;0.0;0.0;0.0;0.0;0.0;0.0;0.0
Parambu;PARAMBU;-6.2158611111111;-40.702777777778;1992;11;0.0;0.0;0.0;0.0;0.0;0.0;0.0;0.0;0.0;0.0;0.0;0.0;0.0;0.0;0.0;0.0;0.0;0.0;0.0;0.0;0.0;0.0;0.0;0.0;0.0;0.0;0.0;0.0;0.0;0.0;0.0;888.0
Parambu;PARAMBU;-6.2158611111111;-40.702777777778;1992;12;0.0;0.0;0.0;0.0;0.0;0.0;0.0;0.0;0.0;0.0;0.0;0.0;0.0;0.0;0.0;0.0;0.0;0.0;0.0;0.0;0.0;0.0;0.0;0.0;0.0;0.0;0.0;0.0;0.0;0.0;0.0;0.0
Parambu;PARAMBU;-6.2158611111111;-40.702777777778;1993;1;16.6;0.0;0.0;0.0;0.0;0.0;3.5;0.0;0.0;0.0;0.0;0.0;0.0;0.0;0.0;0.0;0.0;13.1;0.0;0.0;0.0;0.0;0.0;0.0;0.0;0.0;0.0;0.0;0.0;0.0;0.0;0.0
Parambu;PARAMBU;-6.2158611111111;-40.702777777778;1993;2;119.6;0.0;0.0;0.0;0.0;0.0;0.0;0.0;0.0;0.0;0.0;0.0;0.0;45.0;25.0;0.0;18.2;0.0;0.0;0.0;0.0;0.0;0.0;2.0;5.0;15.8;0.0;0.0;8.6;888.0;888.0;888.0
Parambu;PARAMBU;-6.2158611111111;-40.702777777778;1993;3;146.8;2.8;2.5;65.3;0.0;8.6;0.0;0.0;0.0;0.0;0.0;0.0;0.0;0.0;1.2;0.0;0.0;0.0;2.4;0.0;0.0;0.0;7.0;4.0;1.0;0.0;1.7;2.3;7.0;28.0;12.0;1.0
Parambu;PARAMBU;-6.2158611111111;-40.702777777778;1993;4;19.9;0.0;0.0;0.0;0.0;0.0;0.0;0.0;0.0;0.0;0.0;0.0;0.0;0.0;0.0;0.0;0.0;0.0;0.0;0.0;0.0;0.0;0.0;0.0;4.0;0.0;1.8;1.8;0.0;8.8;3.5;888.0
Parambu;PARAMBU;-6.2158611111111;-40.702777777778;1993;5;57.1;0.0;14.7;6.4;0.0;0.0;6.0;0.0;0.0;0.0;0.0;0.0;0.0;0.0;0.0;0.0;0.0;0.0;0.0;0.0;0.0;0.0;0.0;30.0;0.0;0.0;0.0;0.0;0.0;0.0;0.0;0.0
Parambu;PARAMBU;-6.2158611111111;-40.702777777778;1993;6;0.0;0.0;0.0;0.0;0.0;0.0;0.0;0.0;0.0;0.0;0.0;0.0;0.0;0.0;0.0;0.0;0.0;0.0;0.0;0.0;0.0;0.0;0.0;0.0;0.0;0.0;0.0;0.0;0.0;0.0;0.0;888.0
Parambu;PARAMBU;-6.2158611111111;-40.702777777778;1993;7;11.5;0.0;0.0;0.0;0.0;0.0;0.0;0.0;0.0;0.0;0.0;0.0;0.0;0.0;11.5;0.0;0.0;0.0;0.0;0.0;0.0;0.0;0.0;0.0;0.0;0.0;0.0;0.0;0.0;0.0;0.0;0.0
Parambu;PARAMBU;-6.2158611111111;-40.702777777778;1993;8;0.0;0.0;0.0;0.0;0.0;0.0;0.0;0.0;0.0;0.0;0.0;0.0;0.0;0.0;0.0;0.0;0.0;0.0;0.0;0.0;0.0;0.0;0.0;0.0;0.0;0.0;0.0;0.0;0.0;0.0;0.0;0.0
Parambu;PARAMBU;-6.2158611111111;-40.702777777778;1993;9;0.0;0.0;0.0;0.0;0.0;0.0;0.0;0.0;0.0;0.0;0.0;0.0;0.0;0.0;0.0;0.0;0.0;0.0;0.0;0.0;0.0;0.0;0.0;0.0;0.0;0.0;0.0;0.0;0.0;0.0;0.0;888.0
Parambu;PARAMBU;-6.2158611111111;-40.702777777778;1993;10;0.0;0.0;0.0;0.0;0.0;0.0;0.0;0.0;0.0;0.0;0.0;0.0;0.0;0.0;0.0;0.0;0.0;0.0;0.0;0.0;0.0;0.0;0.0;0.0;0.0;0.0;0.0;0.0;0.0;0.0;0.0;0.0
Parambu;PARAMBU;-6.2158611111111;-40.702777777778;1993;11;52.4;0.0;0.0;0.0;0.0;0.0;0.0;0.0;0.0;3.5;0.0;0.0;0.0;0.0;0.0;0.0;0.0;0.0;0.0;0.0;0.0;0.0;13.9;0.0;0.0;0.0;0.0;0.0;35.0;0.0;0.0;888.0
Parambu;PARAMBU;-6.2158611111111;-40.702777777778;1993;12;65.8;0.0;0.0;0.0;0.0;8.0;0.0;0.0;0.0;0.0;0.0;0.0;0.0;0.0;0.0;0.0;0.0;0.0;0.0;0.0;0.0;0.0;0.0;0.0;0.0;0.0;0.0;8.0;49.8;0.0;0.0;0.0
Parambu;PARAMBU;-6.2158611111111;-40.702777777778;1994;1;129.6;0.0;0.0;0.5;0.0;45.3;3.5;0.0;0.0;0.0;0.0;0.0;1.0;23.0;0.0;0.0;1.0;13.0;0.0;0.0;2.3;0.0;0.0;40.0;0.0;0.0;0.0;0.0;0.0;0.0;0.0;0.0
Parambu;PARAMBU;-6.2158611111111;-40.702777777778;1994;2;108.3;0.0;0.0;0.0;0.0;0.0;12.5;0.0;0.0;0.0;2.5;0.0;0.0;39.0;7.5;0.0;0.0;0.0;0.0;8.0;14.0;2.0;0.0;0.0;0.0;0.0;10.8;12.0;0.0;888.0;888.0;888.0
Parambu;PARAMBU;-6.2158611111111;-40.702777777778;1994;3;207.4;0.0;6.9;50.5;0.0;0.0;0.0;0.0;1.5;16.0;16.4;0.0;6.0;28.0;7.3;4.0;9.1;0.0;0.0;0.0;5.7;2.0;0.0;0.0;0.0;0.0;0.0;2.5;0.0;1.5;0.0;50.0
Parambu;PARAMBU;-6.2158611111111;-40.702777777778;1994;4;156.6;0.0;0.0;16.0;10.0;0.0;2.8;15.5;13.2;19.3;16.0;0.0;0.0;0.0;0.0;0.0;12.0;42.0;2.0;2.8;5.0;0.0;0.0;0.0;0.0;0.0;0.0;0.0;0.0;0.0;0.0;888.0
Parambu;PARAMBU;-6.2158611111111;-40.702777777778;1994;5;86.1;8.0;14.0;3.8;0.0;0.0;0.0;0.0;0.0;2.0;1.3;0.0;0.0;0.0;0.0;1.8;7.5;2.7;9.0;0.0;1.5;0.0;0.0;15.5;0.0;0.0;0.0;0.0;0.0;19.0;0.0;0.0
Parambu;PARAMBU;-6.2158611111111;-40.702777777778;1994;6;75.8;0.0;0.0;0.0;0.0;54.0;2.0;0.0;0.0;0.0;0.0;0.0;0.0;0.0;0.0;0.0;0.0;0.0;12.0;0.0;4.0;0.0;0.0;0.0;3.8;0.0;0.0;0.0;0.0;0.0;0.0;888.0
Parambu;PARAMBU;-6.2158611111111;-40.702777777778;1994;7;18.0;0.0;17.0;0.0;0.0;0.0;0.0;0.0;0.0;0.0;0.0;0.0;0.0;0.0;0.0;0.0;1.0;0.0;0.0;0.0;0.0;0.0;0.0;0.0;0.0;0.0;0.0;0.0;0.0;0.0;0.0;0.0
Parambu;PARAMBU;-6.2158611111111;-40.702777777778;1994;8;0.0;0.0;0.0;0.0;0.0;0.0;0.0;0.0;0.0;0.0;0.0;0.0;0.0;0.0;0.0;0.0;0.0;0.0;0.0;0.0;0.0;0.0;0.0;0.0;0.0;0.0;0.0;0.0;0.0;0.0;0.0;0.0
Parambu;PARAMBU;-6.2158611111111;-40.702777777778;1994;9;0.0;0.0;0.0;0.0;0.0;0.0;0.0;0.0;0.0;0.0;0.0;0.0;0.0;0.0;0.0;0.0;0.0;0.0;0.0;0.0;0.0;0.0;0.0;0.0;0.0;0.0;0.0;0.0;0.0;0.0;0.0;888.0
Parambu;PARAMBU;-6.2158611111111;-40.702777777778;1994;10;0.0;0.0;0.0;0.0;0.0;0.0;0.0;0.0;0.0;0.0;0.0;0.0;0.0;0.0;0.0;0.0;0.0;0.0;0.0;0.0;0.0;0.0;0.0;0.0;0.0;0.0;0.0;0.0;0.0;0.0;0.0;0.0
Parambu;PARAMBU;-6.2158611111111;-40.702777777778;1994;11;82.0;0.0;0.0;0.0;0.0;0.0;0.0;0.0;0.0;0.0;0.0;0.0;0.0;0.0;0.0;0.0;0.0;0.0;0.0;0.0;0.0;0.0;0.0;0.0;0.0;0.0;0.0;0.0;0.0;82.0;0.0;888.0
Parambu;PARAMBU;-6.2158611111111;-40.702777777778;1994;12;152.0;0.0;0.0;0.0;0.0;0.0;0.0;0.0;0.0;0.0;0.0;0.0;0.0;0.0;0.0;0.0;0.0;0.0;0.0;0.0;0.0;0.0;0.0;0.0;5.0;0.0;41.0;0.0;94.0;12.0;0.0;0.0
Parambu;PARAMBU;-6.2158611111111;-40.702777777778;1995;1;67.0;0.0;28.0;0.0;0.0;13.5;10.8;0.0;0.0;5.7;0.0;2.0;0.0;0.0;7.0;0.0;0.0;0.0;0.0;0.0;0.0;0.0;0.0;0.0;0.0;0.0;0.0;0.0;0.0;0.0;0.0;0.0
Parambu;PARAMBU;-6.2158611111111;-40.702777777778;1995;2;167.4;0.0;0.0;17.0;6.5;0.0;1.5;0.0;0.0;1.2;20.3;7.0;5.2;0.0;0.0;11.8;13.8;8.0;25.0;3.0;34.1;5.0;4.5;3.5;0.0;0.0;0.0;0.0;0.0;888.0;888.0;888.0
Parambu;PARAMBU;-6.2158611111111;-40.702777777778;1995;3;99.4;27.0;0.0;0.0;0.0;0.0;0.0;0.0;0.0;0.0;0.0;0.0;0.0;2.5;1.5;7.8;11.0;0.0;0.0;0.0;0.0;0.0;0.0;0.0;0.0;8.0;23.0;0.0;1.1;14.0;3.5;0.0
Parambu;PARAMBU;-6.2158611111111;-40.702777777778;1995;4;228.6;0.0;30.0;11.0;1.0;0.0;10.1;16.0;6.0;8.0;11.5;46.0;0.0;0.0;2.0;33.0;35.5;18.0;0.0;0.5;0.0;0.0;0.0;0.0;0.0;0.0;0.0;0.0;0.0;0.0;0.0;888.0
Parambu;PARAMBU;-6.2158611111111;-40.702777777778;1995;5;81.1;0.0;1.2;0.8;0.0;0.0;0.0;2.7;0.0;2.5;0.0;0.0;0.0;0.0;0.0;0.0;13.4;0.0;5.8;0.0;0.0;10.0;0.0;0.5;27.5;0.0;0.0;0.0;1.2;15.5;0.0;0.0
Parambu;PARAMBU;-6.2158611111111;-40.702777777778;1995;6;14.7;0.0;0.0;0.0;0.0;0.0;0.0;0.0;0.0;0.0;0.0;0.0;5.2;1.5;0.0;0.0;0.0;0.0;0.0;0.0;0.0;0.0;0.0;0.0;0.0;0.0;3.4;4.6;0.0;0.0;0.0;888.0
Parambu;PARAMBU;-6.2158611111111;-40.702777777778;1995;7;0.0;0.0;0.0;0.0;0.0;0.0;0.0;0.0;0.0;0.0;0.0;0.0;0.0;0.0;0.0;0.0;0.0;0.0;0.0;0.0;0.0;0.0;0.0;0.0;0.0;0.0;0.0;0.0;0.0;0.0;0.0;0.0
Parambu;PARAMBU;-6.2158611111111;-40.702777777778;1995;8;0.0;0.0;0.0;0.0;0.0;0.0;0.0;0.0;0.0;0.0;0.0;0.0;0.0;0.0;0.0;0.0;0.0;0.0;0.0;0.0;0.0;0.0;0.0;0.0;0.0;0.0;0.0;0.0;0.0;0.0;0.0;0.0
Parambu;PARAMBU;-6.2158611111111;-40.702777777778;1995;9;0.0;0.0;0.0;0.0;0.0;0.0;0.0;0.0;0.0;0.0;0.0;0.0;0.0;0.0;0.0;0.0;0.0;0.0;0.0;0.0;0.0;0.0;0.0;0.0;0.0;0.0;0.0;0.0;0.0;0.0;0.0;888.0
Parambu;PARAMBU;-6.2158611111111;-40.702777777778;1995;10;17.0;0.0;0.0;0.0;0.0;0.0;0.0;0.0;0.0;0.0;0.0;0.0;0.0;0.0;0.0;0.0;0.0;0.0;0.0;0.0;0.0;0.0;0.0;0.0;0.0;0.0;0.0;0.0;0.0;0.0;0.0;17.0
Parambu;PARAMBU;-6.2158611111111;-40.702777777778;1995;11;88.8;0.0;0.0;0.0;0.0;0.0;0.0;3.5;0.0;0.0;0.0;0.0;0.0;0.0;0.0;0.0;0.0;0.0;0.0;0.0;0.0;0.0;0.0;2.5;78.0;2.0;2.8;0.0;0.0;0.0;0.0;888.0
Parambu;PARAMBU;-6.2158611111111;-40.702777777778;1995;12;2.5;0.0;0.0;0.0;0.0;0.0;0.0;0.0;0.0;0.0;0.0;0.0;0.0;0.0;0.0;0.0;0.0;0.0;0.0;0.0;0.0;0.0;0.0;0.0;0.0;0.0;0.0;0.0;0.0;0.0;0.0;2.5
Parambu;PARAMBU;-6.2158611111111;-40.702777777778;1996;1;139.1;0.0;0.0;0.0;0.0;0.0;28.0;2.0;1.0;1.5;0.0;0.0;0.0;0.0;0.0;14.5;3.5;54.0;4.0;0.0;21.8;7.5;0.8;0.0;0.0;0.0;0.0;0.0;0.0;0.0;0.5;0.0
Parambu;PARAMBU;-6.2158611111111;-40.702777777778;1996;2;101.4;6.2;0.0;0.0;0.0;12.0;8.5;0.0;0.0;0.0;0.0;0.0;0.0;0.0;0.0;2.5;0.0;0.0;0.0;7.0;4.5;2.0;0.0;24.0;0.0;0.0;8.5;12.8;0.0;13.4;888.0;888.0
Parambu;PARAMBU;-6.2158611111111;-40.702777777778;1996;3;110.6;0.0;0.0;22.8;0.0;0.0;0.0;0.0;0.0;0.0;0.0;0.0;26.2;0.0;0.0;0.0;0.0;0.0;0.0;12.5;0.0;0.0;0.0;10.5;5.1;0.0;0.0;22.5;5.6;0.0;0.0;5.4
Parambu;PARAMBU;-6.2158611111111;-40.702777777778;1996;4;139.1;25.2;8.3;0.0;2.0;0.0;0.0;10.1;0.0;1.5;0.0;3.5;0.0;0.0;1.0;8.0;0.0;5.3;0.0;15.2;0.0;23.0;8.5;0.0;11.7;0.0;0.0;1.8;2.0;4.5;7.5;888.0
Parambu;PARAMBU;-6.2158611111111;-40.702777777778;1996;5;53.4;4.9;0.0;0.0;1.5;39.0;0.0;0.0;0.0;0.0;0.0;0.0;0.0;0.0;0.0;0.0;0.0;0.0;0.0;0.0;0.0;0.0;0.0;0.0;0.0;6.0;0.0;0.0;0.0;0.0;0.0;2.0
Parambu;PARAMBU;-6.2158611111111;-40.702777777778;1996;6;2.3;0.0;0.0;2.3;0.0;0.0;0.0;0.0;0.0;0.0;0.0;0.0;0.0;0.0;0.0;0.0;0.0;0.0;0.0;0.0;0.0;0.0;0.0;0.0;0.0;0.0;0.0;0.0;0.0;0.0;0.0;888.0
Parambu;PARAMBU;-6.2158611111111;-40.702777777778;1996;7;0.0;0.0;0.0;0.0;0.0;0.0;0.0;0.0;0.0;0.0;0.0;0.0;0.0;0.0;0.0;0.0;0.0;0.0;0.0;0.0;0.0;0.0;0.0;0.0;0.0;0.0;0.0;0.0;0.0;0.0;0.0;0.0
Parambu;PARAMBU;-6.2158611111111;-40.702777777778;1996;8;2.5;0.0;0.0;2.5;0.0;0.0;0.0;0.0;0.0;0.0;0.0;0.0;0.0;0.0;0.0;0.0;0.0;0.0;0.0;0.0;0.0;0.0;0.0;0.0;0.0;0.0;0.0;0.0;0.0;0.0;0.0;0.0
Parambu;PARAMBU;-6.2158611111111;-40.702777777778;1996;9;0.0;0.0;0.0;0.0;0.0;0.0;0.0;0.0;0.0;0.0;0.0;0.0;0.0;0.0;0.0;0.0;0.0;0.0;0.0;0.0;0.0;0.0;0.0;0.0;0.0;0.0;0.0;0.0;0.0;0.0;0.0;888.0
Parambu;PARAMBU;-6.2158611111111;-40.702777777778;1996;10;12.6;0.0;1.2;0.0;0.0;0.0;0.0;0.0;0.0;0.0;0.0;0.0;0.0;0.0;0.0;0.0;0.0;0.0;4.4;0.0;7.0;0.0;0.0;0.0;0.0;0.0;0.0;0.0;0.0;0.0;0.0;0.0
Parambu;PARAMBU;-6.2158611111111;-40.702777777778;1996;11;61.0;0.0;0.0;0.0;0.0;0.0;0.0;0.0;0.0;0.0;0.0;0.0;0.0;0.0;0.0;0.0;0.0;44.0;1.0;2.0;13.0;0.0;0.0;0.0;0.0;0.0;0.0;1.0;0.0;0.0;0.0;888.0
Parambu;PARAMBU;-6.2158611111111;-40.702777777778;1996;12;2.0;0.0;2.0;0.0;0.0;0.0;0.0;0.0;0.0;0.0;0.0;0.0;0.0;0.0;0.0;0.0;0.0;0.0;0.0;0.0;0.0;0.0;0.0;0.0;0.0;0.0;0.0;0.0;0.0;0.0;0.0;0.0
Parambu;PARAMBU;-6.2158611111111;-40.702777777778;1997;1;168.1;0.0;0.0;0.0;0.0;0.0;0.0;12.8;2.5;0.0;13.8;0.0;0.0;0.0;0.0;6.0;0.0;0.0;0.0;0.0;0.0;3.0;19.5;3.0;46.5;6.8;41.0;0.0;13.2;0.0;0.0;0.0
Parambu;PARAMBU;-6.2158611111111;-40.702777777778;1997;2;76.5;0.0;0.0;0.0;0.0;0.0;0.0;0.0;0.0;21.0;29.0;1.5;2.0;1.0;0.0;0.0;0.0;0.0;0.0;0.0;0.0;0.0;5.0;17.0;0.0;0.0;0.0;0.0;0.0;888.0;888.0;888.0
Parambu;PARAMBU;-6.2158611111111;-40.702777777778;1997;3;227.8;0.0;0.0;0.0;0.0;7.0;0.0;0.0;0.0;0.0;21.1;11.1;2.0;0.0;24.0;0.0;0.0;0.0;0.0;0.0;0.0;0.0;5.0;0.0;2.9;95.0;1.6;21.1;37.0;0.0;0.0;0.0
Parambu;PARAMBU;-6.2158611111111;-40.702777777778;1997;4;70.5;0.7;6.0;1.2;0.0;0.0;0.0;0.0;0.0;1.0;0.0;1.0;0.0;0.0;4.5;3.8;5.0;0.0;0.0;0.0;0.0;0.0;0.0;0.0;2.8;0.0;0.0;39.0;1.0;2.5;2.0;888.0
Parambu;PARAMBU;-6.2158611111111;-40.702777777778;1997;5;34.3;0.0;3.0;1.5;7.0;5.5;0.0;0.0;0.0;0.0;0.0;0.0;0.0;0.0;0.0;0.0;0.0;0.0;0.0;1.5;2.8;0.0;0.0;0.0;13.0;0.0;0.0;0.0;0.0;0.0;0.0;0.0
Parambu;PARAMBU;-6.2158611111111;-40.702777777778;1997;6;0.0;0.0;0.0;0.0;0.0;0.0;0.0;0.0;0.0;0.0;0.0;0.0;0.0;0.0;0.0;0.0;0.0;0.0;0.0;0.0;0.0;0.0;0.0;0.0;0.0;0.0;0.0;0.0;0.0;0.0;0.0;888.0
Parambu;PARAMBU;-6.2158611111111;-40.702777777778;1997;7;11.8;0.0;7.8;0.0;0.0;0.0;0.0;0.0;0.0;0.0;0.0;0.0;3.0;0.0;0.0;0.0;0.0;0.0;1.0;0.0;0.0;0.0;0.0;0.0;0.0;0.0;0.0;0.0;0.0;0.0;0.0;0.0
Parambu;PARAMBU;-6.2158611111111;-40.702777777778;1997;8;0.0;0.0;0.0;0.0;0.0;0.0;0.0;0.0;0.0;0.0;0.0;0.0;0.0;0.0;0.0;0.0;0.0;0.0;0.0;0.0;0.0;0.0;0.0;0.0;0.0;0.0;0.0;0.0;0.0;0.0;0.0;0.0
Parambu;PARAMBU;-6.2158611111111;-40.702777777778;1997;9;0.0;0.0;0.0;0.0;0.0;0.0;0.0;0.0;0.0;0.0;0.0;0.0;0.0;0.0;0.0;0.0;0.0;0.0;0.0;0.0;0.0;0.0;0.0;0.0;0.0;0.0;0.0;0.0;0.0;0.0;0.0;888.0
Parambu;PARAMBU;-6.2158611111111;-40.702777777778;1997;10;3.8;0.0;0.0;0.0;0.0;0.0;0.0;0.0;0.0;0.0;0.0;0.0;0.0;0.0;0.0;0.0;0.0;0.0;3.8;0.0;0.0;0.0;0.0;0.0;0.0;0.0;0.0;0.0;0.0;0.0;0.0;0.0
Parambu;PARAMBU;-6.2158611111111;-40.702777777778;1997;11;18.0;0.0;0.0;0.0;0.0;0.0;0.0;0.0;0.0;0.0;0.0;0.0;0.0;0.0;0.0;0.0;0.0;0.0;18.0;0.0;0.0;0.0;0.0;0.0;0.0;0.0;0.0;0.0;0.0;0.0;0.0;888.0
Parambu;PARAMBU;-6.2158611111111;-40.702777777778;1997;12;33.0;0.0;0.0;0.0;0.0;0.0;0.0;0.0;0.0;0.0;0.0;0.0;0.0;0.0;0.0;0.0;0.0;0.0;0.0;0.0;0.0;0.0;33.0;0.0;0.0;0.0;0.0;0.0;0.0;0.0;0.0;0.0
Parambu;PARAMBU;-6.2158611111111;-40.702777777778;1998;1;48.5;0.0;0.0;0.0;0.0;0.0;0.0;0.0;0.0;0.0;0.0;19.0;0.0;0.0;0.0;0.0;0.0;0.0;8.0;6.5;7.0;0.0;0.0;0.0;0.0;0.0;0.0;3.0;4.0;0.0;0.0;1.0
Parambu;PARAMBU;-6.2158611111111;-40.702777777778;1998;2;30.5;0.0;0.0;3.5;0.0;0.0;0.0;0.0;0.0;0.0;18.0;0.0;0.0;0.0;0.0;7.0;0.0;0.0;0.0;2.0;0.0;0.0;0.0;0.0;0.0;0.0;0.0;0.0;0.0;888.0;888.0;888.0
Parambu;PARAMBU;-6.2158611111111;-40.702777777778;1998;3;144.5;0.0;0.0;0.0;0.0;0.0;0.0;0.0;0.0;0.0;18.0;8.0;0.0;0.0;2.0;5.0;0.0;10.0;1.5;18.0;0.0;35.0;0.0;0.0;19.0;8.0;0.0;3.0;0.0;17.0;0.0;0.0
Parambu;PARAMBU;-6.2158611111111;-40.702777777778;1998;4;105.0;0.0;30.0;24.0;0.0;0.0;0.0;0.0;0.0;44.0;0.0;0.0;0.0;0.0;7.0;0.0;0.0;0.0;0.0;0.0;0.0;0.0;0.0;0.0;0.0;0.0;0.0;0.0;0.0;0.0;0.0;888.0
Parambu;PARAMBU;-6.2158611111111;-40.702777777778;1998;5;0.0;0.0;0.0;0.0;0.0;0.0;0.0;0.0;0.0;0.0;0.0;0.0;0.0;0.0;0.0;0.0;0.0;0.0;0.0;0.0;0.0;0.0;0.0;0.0;0.0;0.0;0.0;0.0;0.0;0.0;0.0;0.0
Parambu;PARAMBU;-6.2158611111111;-40.702777777778;1998;6;15.0;15.0;0.0;0.0;0.0;0.0;0.0;0.0;0.0;0.0;0.0;0.0;0.0;0.0;0.0;0.0;0.0;0.0;0.0;0.0;0.0;0.0;0.0;0.0;0.0;0.0;0.0;0.0;0.0;0.0;0.0;888.0
Parambu;PARAMBU;-6.2158611111111;-40.702777777778;1998;7;0.0;0.0;0.0;0.0;0.0;0.0;0.0;0.0;0.0;0.0;0.0;0.0;0.0;0.0;0.0;0.0;0.0;0.0;0.0;0.0;0.0;0.0;0.0;0.0;0.0;0.0;0.0;0.0;0.0;0.0;0.0;0.0
Parambu;PARAMBU;-6.2158611111111;-40.702777777778;1998;8;0.0;0.0;0.0;0.0;0.0;0.0;0.0;0.0;0.0;0.0;0.0;0.0;0.0;0.0;0.0;0.0;0.0;0.0;0.0;0.0;0.0;0.0;0.0;0.0;0.0;0.0;0.0;0.0;0.0;0.0;0.0;0.0
Parambu;PARAMBU;-6.2158611111111;-40.702777777778;1998;9;0.0;0.0;0.0;0.0;0.0;0.0;0.0;0.0;0.0;0.0;0.0;0.0;0.0;0.0;0.0;0.0;0.0;0.0;0.0;0.0;0.0;0.0;0.0;0.0;0.0;0.0;0.0;0.0;0.0;0.0;0.0;888.0
Parambu;PARAMBU;-6.2158611111111;-40.702777777778;1998;10;0.0;0.0;0.0;0.0;0.0;0.0;0.0;0.0;0.0;0.0;0.0;0.0;0.0;0.0;0.0;0.0;0.0;0.0;0.0;0.0;0.0;0.0;0.0;0.0;0.0;0.0;0.0;0.0;0.0;0.0;0.0;0.0
Parambu;PARAMBU;-6.2158611111111;-40.702777777778;1998;11;0.0;0.0;0.0;0.0;0.0;0.0;0.0;0.0;0.0;0.0;0.0;0.0;0.0;0.0;0.0;0.0;0.0;0.0;0.0;0.0;0.0;0.0;0.0;0.0;0.0;0.0;0.0;0.0;0.0;0.0;0.0;888.0
Parambu;PARAMBU;-6.2158611111111;-40.702777777778;1998;12;0.0;0.0;0.0;0.0;0.0;0.0;0.0;0.0;0.0;0.0;0.0;0.0;0.0;0.0;0.0;0.0;0.0;0.0;0.0;0.0;0.0;0.0;0.0;0.0;0.0;0.0;0.0;0.0;0.0;0.0;0.0;0.0
Parambu;PARAMBU;-6.2158611111111;-40.702777777778;1999;1;101.0;0.0;0.0;0.0;0.0;0.0;0.0;0.0;0.0;0.0;60.0;41.0;0.0;0.0;0.0;0.0;0.0;0.0;0.0;0.0;0.0;0.0;0.0;0.0;0.0;0.0;0.0;0.0;0.0;0.0;0.0;0.0
Parambu;PARAMBU;-6.2158611111111;-40.702777777778;1999;2;186.0;17.0;0.0;0.0;0.0;0.0;70.0;0.0;0.0;0.0;0.0;0.0;0.0;3.0;0.0;0.0;7.0;0.0;3.0;25.0;0.0;0.0;0.0;55.0;6.0;0.0;0.0;0.0;0.0;888.0;888.0;888.0
Parambu;PARAMBU;-6.2158611111111;-40.702777777778;1999;3;67.5;0.0;0.0;0.0;0.0;0.0;0.0;0.0;0.0;7.5;0.0;0.0;0.0;30.0;0.0;0.0;0.0;0.0;0.0;5.0;25.0;0.0;0.0;0.0;0.0;0.0;0.0;0.0;0.0;0.0;0.0;0.0
Parambu;PARAMBU;-6.2158611111111;-40.702777777778;1999;4;79.5;0.0;0.0;5.0;0.0;0.0;2.5;0.0;10.0;0.0;0.0;5.0;0.0;30.0;0.0;0.0;0.0;0.0;0.0;0.0;0.0;0.0;0.0;0.0;17.0;0.0;0.0;0.0;0.0;0.0;10.0;888.0
Parambu;PARAMBU;-6.2158611111111;-40.702777777778;1999;5;117.0;0.0;0.0;0.0;0.0;0.0;0.0;8.0;6.0;6.0;0.0;0.0;0.0;0.0;35.0;0.0;0.0;0.0;62.0;0.0;0.0;0.0;0.0;0.0;0.0;0.0;0.0;0.0;0.0;0.0;0.0;0.0
Parambu;PARAMBU;-6.2158611111111;-40.702777777778;1999;6;0.0;0.0;0.0;0.0;0.0;0.0;0.0;0.0;0.0;0.0;0.0;0.0;0.0;0.0;0.0;0.0;0.0;0.0;0.0;0.0;0.0;0.0;0.0;0.0;0.0;0.0;0.0;0.0;0.0;0.0;0.0;888.0
Parambu;PARAMBU;-6.2158611111111;-40.702777777778;1999;7;0.0;0.0;0.0;0.0;0.0;0.0;0.0;0.0;0.0;0.0;0.0;0.0;0.0;0.0;0.0;0.0;0.0;0.0;0.0;0.0;0.0;0.0;0.0;0.0;0.0;0.0;0.0;0.0;0.0;0.0;0.0;0.0
Parambu;PARAMBU;-6.2158611111111;-40.702777777778;1999;8;0.0;0.0;0.0;0.0;0.0;0.0;0.0;0.0;0.0;0.0;0.0;0.0;0.0;0.0;0.0;0.0;0.0;0.0;0.0;0.0;0.0;0.0;0.0;0.0;0.0;0.0;0.0;0.0;0.0;0.0;0.0;0.0
Parambu;PARAMBU;-6.2158611111111;-40.702777777778;1999;9;0.0;0.0;0.0;0.0;0.0;0.0;0.0;0.0;0.0;0.0;0.0;0.0;0.0;0.0;0.0;0.0;0.0;0.0;0.0;0.0;0.0;0.0;0.0;0.0;0.0;0.0;0.0;0.0;0.0;0.0;0.0;888.0
Parambu;PARAMBU;-6.2158611111111;-40.702777777778;1999;10;0.0;0.0;0.0;0.0;0.0;0.0;0.0;0.0;0.0;0.0;0.0;0.0;0.0;0.0;0.0;0.0;0.0;0.0;0.0;0.0;0.0;0.0;0.0;0.0;0.0;0.0;0.0;0.0;0.0;0.0;0.0;0.0
Parambu;PARAMBU;-6.2158611111111;-40.702777777778;1999;11;39.5;0.0;0.0;0.0;0.0;0.0;0.0;0.0;0.0;0.0;0.0;0.0;0.0;0.0;0.0;0.0;0.0;0.0;0.0;0.0;0.0;0.0;0.0;0.0;0.0;0.0;37.0;0.0;0.0;2.5;0.0;888.0
Parambu;PARAMBU;-6.2158611111111;-40.702777777778;1999;12;56.5;0.0;0.0;0.0;0.0;0.0;0.0;0.0;0.0;0.0;0.0;0.0;0.0;0.0;0.0;0.0;0.0;0.0;0.0;0.0;0.0;22.0;0.0;20.0;0.0;0.0;0.0;0.0;4.5;0.0;10.0;0.0
Parambu;PARAMBU;-6.2158611111111;-40.702777777778;2000;1;183.0;0.0;0.0;0.0;0.0;21.0;8.0;21.0;0.0;70.0;5.0;33.0;0.0;0.0;0.0;0.0;25.0;0.0;0.0;0.0;0.0;0.0;0.0;0.0;0.0;0.0;0.0;0.0;0.0;0.0;0.0;0.0
Parambu;PARAMBU;-6.2158611111111;-40.702777777778;2000;2;120.0;0.0;0.0;0.0;0.0;0.0;0.0;0.0;0.0;0.0;0.0;0.0;0.0;0.0;0.0;17.0;9.0;6.0;48.0;16.0;0.0;0.0;3.0;10.0;0.0;5.0;0.0;0.0;6.0;0.0;888.0;888.0
Parambu;PARAMBU;-6.2158611111111;-40.702777777778;2000;3;76.0;0.0;0.0;17.0;0.0;0.0;0.0;0.0;0.0;0.0;0.0;0.0;0.0;0.0;8.0;2.0;0.0;0.0;0.0;0.0;0.0;0.0;30.0;0.0;0.0;6.0;0.0;7.0;0.0;0.0;0.0;6.0
Parambu;PARAMBU;-6.2158611111111;-40.702777777778;2000;4;98.0;7.0;8.0;0.0;0.0;6.0;18.0;7.0;0.0;0.0;2.0;5.0;0.0;11.0;3.0;11.0;3.0;8.0;4.0;0.0;0.0;0.0;0.0;0.0;0.0;0.0;0.0;5.0;0.0;0.0;0.0;888.0
Parambu;PARAMBU;-6.2158611111111;-40.702777777778;2000;5;8.0;0.0;0.0;0.0;0.0;0.0;0.0;0.0;5.0;0.0;0.0;0.0;0.0;0.0;0.0;0.0;0.0;0.0;0.0;0.0;0.0;0.0;0.0;0.0;0.0;0.0;0.0;0.0;0.0;0.0;3.0;0.0
Parambu;PARAMBU;-6.2158611111111;-40.702777777778;2000;6;12.0;0.0;0.0;0.0;0.0;0.0;0.0;0.0;0.0;0.0;0.0;0.0;0.0;0.0;0.0;0.0;0.0;0.0;0.0;0.0;0.0;12.0;0.0;0.0;0.0;0.0;0.0;0.0;0.0;0.0;0.0;888.0
Parambu;PARAMBU;-6.2158611111111;-40.702777777778;2000;7;12.0;0.0;0.0;0.0;0.0;0.0;0.0;0.0;0.0;0.0;0.0;10.0;2.0;0.0;0.0;0.0;0.0;0.0;0.0;0.0;0.0;0.0;0.0;0.0;0.0;0.0;0.0;0.0;0.0;0.0;0.0;0.0
Parambu;PARAMBU;-6.2158611111111;-40.702777777778;2000;8;0.0;0.0;0.0;0.0;0.0;0.0;0.0;0.0;0.0;0.0;0.0;0.0;0.0;0.0;0.0;0.0;0.0;0.0;0.0;0.0;0.0;0.0;0.0;0.0;0.0;0.0;0.0;0.0;0.0;0.0;0.0;0.0
Parambu;PARAMBU;-6.2158611111111;-40.702777777778;2000;9;15.0;0.0;0.0;0.0;0.0;0.0;0.0;0.0;0.0;0.0;15.0;0.0;0.0;0.0;0.0;0.0;0.0;0.0;0.0;0.0;0.0;0.0;0.0;0.0;0.0;0.0;0.0;0.0;0.0;0.0;0.0;888.0
Parambu;PARAMBU;-6.2158611111111;-40.702777777778;2000;10;0.0;0.0;0.0;0.0;0.0;0.0;0.0;0.0;0.0;0.0;0.0;0.0;0.0;0.0;0.0;0.0;0.0;0.0;0.0;0.0;0.0;0.0;0.0;0.0;0.0;0.0;0.0;0.0;0.0;0.0;0.0;0.0
Parambu;PARAMBU;-6.2158611111111;-40.702777777778;2000;11;48.0;0.0;0.0;0.0;0.0;0.0;0.0;0.0;0.0;48.0;0.0;0.0;0.0;0.0;0.0;0.0;0.0;0.0;0.0;0.0;0.0;0.0;0.0;0.0;0.0;0.0;0.0;0.0;0.0;0.0;0.0;888.0
Parambu;PARAMBU;-6.2158611111111;-40.702777777778;2000;12;82.0;0.0;0.0;0.0;0.0;0.0;0.0;0.0;0.0;0.0;0.0;0.0;0.0;0.0;0.0;31.0;0.0;0.0;0.0;51.0;0.0;0.0;0.0;0.0;0.0;0.0;0.0;0.0;0.0;0.0;0.0;0.0
Parambu;PARAMBU;-6.2158611111111;-40.702777777778;2001;1;65.5;0.0;25.7;0.0;0.0;0.0;0.0;0.0;0.0;0.0;0.0;0.0;0.0;34.8;0.0;0.0;0.0;0.0;0.0;0.0;0.0;0.0;0.0;0.0;0.0;0.0;0.0;0.0;0.0;0.0;0.0;5.0
Parambu;PARAMBU;-6.2158611111111;-40.702777777778;2001;2;96.0;0.0;0.0;0.0;13.0;0.0;0.0;0.0;0.0;0.0;9.0;0.0;0.0;0.0;34.0;6.0;0.0;0.0;0.0;14.0;0.0;0.0;0.0;0.0;0.0;0.0;20.0;0.0;0.0;888.0;888.0;888.0
Parambu;PARAMBU;-6.2158611111111;-40.702777777778;2001;3;111.5;12.0;0.0;0.0;0.0;0.0;0.0;0.0;0.0;0.0;0.0;45.0;0.0;16.0;0.0;6.0;0.0;0.0;0.0;0.0;0.0;0.0;0.0;17.0;0.0;0.0;2.0;0.0;4.0;4.5;5.0;0.0
Parambu;PARAMBU;-6.2158611111111;-40.702777777778;2001;4;122.5;0.0;0.0;4.0;0.0;0.0;0.0;0.0;0.0;0.0;0.0;20.5;0.0;0.0;20.0;0.0;14.0;0.0;20.0;3.0;17.0;0.0;0.0;0.0;0.0;0.0;0.0;0.0;0.0;0.0;24.0;888.0
Parambu;PARAMBU;-6.2158611111111;-40.702777777778;2001;5;10.0;0.0;0.0;0.0;0.0;0.0;0.0;0.0;0.0;0.0;0.0;3.0;0.0;0.0;0.0;0.0;0.0;0.0;0.0;0.0;0.0;7.0;0.0;0.0;0.0;0.0;0.0;0.0;0.0;0.0;0.0;0.0
Parambu;PARAMBU;-6.2158611111111;-40.702777777778;2001;6;55.5;20.0;0.0;22.0;13.5;0.0;0.0;0.0;0.0;0.0;0.0;0.0;0.0;0.0;0.0;0.0;0.0;0.0;0.0;0.0;0.0;0.0;0.0;0.0;0.0;0.0;0.0;0.0;0.0;0.0;0.0;888.0
Parambu;PARAMBU;-6.2158611111111;-40.702777777778;2001;7;0.0;0.0;0.0;0.0;0.0;0.0;0.0;0.0;0.0;0.0;0.0;0.0;0.0;0.0;0.0;0.0;0.0;0.0;0.0;0.0;0.0;0.0;0.0;0.0;0.0;0.0;0.0;0.0;0.0;0.0;0.0;0.0
Parambu;PARAMBU;-6.2158611111111;-40.702777777778;2001;8;0.0;0.0;0.0;0.0;0.0;0.0;0.0;0.0;0.0;0.0;0.0;0.0;0.0;0.0;0.0;0.0;0.0;0.0;0.0;0.0;0.0;0.0;0.0;0.0;0.0;0.0;0.0;0.0;0.0;0.0;0.0;0.0
Parambu;PARAMBU;-6.2158611111111;-40.702777777778;2001;9;0.0;0.0;0.0;0.0;0.0;0.0;0.0;0.0;0.0;0.0;0.0;0.0;0.0;0.0;0.0;0.0;0.0;0.0;0.0;0.0;0.0;0.0;0.0;0.0;0.0;0.0;0.0;0.0;0.0;0.0;0.0;888.0
Parambu;PARAMBU;-6.2158611111111;-40.702777777778;2001;10;4.0;0.0;0.0;0.0;0.0;0.0;0.0;0.0;0.0;0.0;0.0;0.0;0.0;4.0;0.0;0.0;0.0;0.0;0.0;0.0;0.0;0.0;0.0;0.0;0.0;0.0;0.0;0.0;0.0;0.0;0.0;0.0
Parambu;PARAMBU;-6.2158611111111;-40.702777777778;2001;11;0.0;0.0;0.0;0.0;0.0;0.0;0.0;0.0;0.0;0.0;0.0;0.0;0.0;0.0;0.0;0.0;0.0;0.0;0.0;0.0;0.0;0.0;0.0;0.0;0.0;0.0;0.0;0.0;0.0;0.0;0.0;888.0
Parambu;PARAMBU;-6.2158611111111;-40.702777777778;2001;12;40.0;0.0;0.0;0.0;0.0;9.0;0.0;0.0;0.0;0.0;0.0;27.0;0.0;0.0;0.0;0.0;0.0;0.0;0.0;0.0;0.0;0.0;0.0;0.0;0.0;0.0;0.0;0.0;4.0;0.0;0.0;0.0
Parambu;PARAMBU;-6.2158611111111;-40.702777777778;2002;1;229.4;0.0;52.5;10.5;0.0;4.9;0.0;0.0;14.0;4.0;8.0;5.5;0.0;0.0;5.5;0.0;0.0;59.0;16.0;0.0;3.0;0.0;7.5;0.0;0.0;0.0;0.0;0.0;39.0;0.0;0.0;0.0
Parambu;PARAMBU;-6.2158611111111;-40.702777777778;2002;2;46.0;0.0;0.0;0.0;26.0;0.0;1.0;5.0;0.0;0.0;10.0;0.0;0.0;0.0;4.0;0.0;0.0;0.0;0.0;0.0;0.0;0.0;0.0;0.0;0.0;0.0;0.0;0.0;0.0;888.0;888.0;888.0
Parambu;PARAMBU;-6.2158611111111;-40.702777777778;2002;3;66.1;0.0;0.0;0.0;0.0;6.0;13.6;16.0;6.5;0.0;0.0;13.0;0.0;0.0;0.0;0.0;0.0;0.0;11.0;0.0;0.0;0.0;0.0;0.0;0.0;0.0;0.0;0.0;0.0;0.0;0.0;0.0
Parambu;PARAMBU;-6.2158611111111;-40.702777777778;2002;4;185.0;0.0;0.0;0.0;0.0;16.0;0.0;35.0;20.0;0.0;0.0;3.0;62.0;0.0;49.0;0.0;0.0;0.0;0.0;0.0;0.0;0.0;0.0;0.0;0.0;0.0;0.0;0.0;0.0;0.0;0.0;888.0
Parambu;PARAMBU;-6.2158611111111;-40.702777777778;2002;5;44.5;0.0;41.0;0.0;0.0;0.0;0.0;0.0;0.0;0.0;0.0;0.0;0.0;0.0;0.0;0.0;0.0;3.5;0.0;0.0;0.0;0.0;0.0;0.0;0.0;0.0;0.0;0.0;0.0;0.0;0.0;0.0
Parambu;PARAMBU;-6.2158611111111;-40.702777777778;2002;6;13.0;0.0;0.0;0.0;0.0;0.0;0.0;0.0;0.0;0.0;0.0;0.0;0.0;0.0;13.0;0.0;0.0;0.0;0.0;0.0;0.0;0.0;0.0;0.0;0.0;0.0;0.0;0.0;0.0;0.0;0.0;888.0
Parambu;PARAMBU;-6.2158611111111;-40.702777777778;2002;7;0.0;0.0;0.0;0.0;0.0;0.0;0.0;0.0;0.0;0.0;0.0;0.0;0.0;0.0;0.0;0.0;0.0;0.0;0.0;0.0;0.0;0.0;0.0;0.0;0.0;0.0;0.0;0.0;0.0;0.0;0.0;0.0
Parambu;PARAMBU;-6.2158611111111;-40.702777777778;2002;8;2.0;0.0;0.0;0.0;0.0;0.0;0.0;0.0;0.0;0.0;0.0;0.0;0.0;0.0;0.0;0.0;2.0;0.0;0.0;0.0;0.0;0.0;0.0;0.0;0.0;0.0;0.0;0.0;0.0;0.0;0.0;0.0
Parambu;PARAMBU;-6.2158611111111;-40.702777777778;2002;9;0.0;0.0;0.0;0.0;0.0;0.0;0.0;0.0;0.0;0.0;0.0;0.0;0.0;0.0;0.0;0.0;0.0;0.0;0.0;0.0;0.0;0.0;0.0;0.0;0.0;0.0;0.0;0.0;0.0;0.0;0.0;888.0
Parambu;PARAMBU;-6.2158611111111;-40.702777777778;2002;10;0.0;0.0;0.0;0.0;0.0;0.0;0.0;0.0;0.0;0.0;0.0;0.0;0.0;0.0;0.0;0.0;0.0;0.0;0.0;0.0;0.0;0.0;0.0;0.0;0.0;0.0;0.0;0.0;0.0;0.0;0.0;0.0
Parambu;PARAMBU;-6.2158611111111;-40.702777777778;2002;11;0.0;0.0;0.0;0.0;0.0;0.0;0.0;0.0;0.0;0.0;0.0;0.0;0.0;0.0;0.0;0.0;0.0;0.0;0.0;0.0;0.0;0.0;0.0;0.0;0.0;0.0;0.0;0.0;0.0;0.0;0.0;888.0
Parambu;PARAMBU;-6.2158611111111;-40.702777777778;2002;12;30.0;0.0;0.0;0.0;0.0;0.0;0.0;0.0;0.0;4.5;0.0;8.0;0.0;0.0;0.0;0.0;0.0;0.0;0.0;0.0;0.0;0.0;0.0;0.0;17.5;0.0;0.0;0.0;0.0;0.0;0.0;0.0
Parambu;PARAMBU;-6.2158611111111;-40.702777777778;2003;1;66.0;0.0;0.0;0.0;0.0;0.0;0.0;0.0;0.0;0.0;0.0;0.0;0.0;0.0;0.0;0.0;0.0;0.0;0.0;0.0;51.0;0.0;5.0;0.0;0.0;0.0;0.0;0.0;0.0;0.0;0.0;10.0
Parambu;PARAMBU;-6.2158611111111;-40.702777777778;2003;2;179.5;0.0;0.0;0.0;0.0;9.0;0.0;0.0;0.0;0.0;0.0;0.0;14.0;12.0;0.0;0.0;0.0;0.0;0.0;0.0;0.0;0.0;56.0;0.0;6.5;12.5;53.0;10.5;6.0;888.0;888.0;888.0
Parambu;PARAMBU;-6.2158611111111;-40.702777777778;2003;3;224.8;0.0;0.0;0.0;0.0;0.0;30.0;0.0;0.0;0.0;0.0;0.0;0.0;0.0;0.0;0.0;0.0;77.0;0.0;5.5;43.5;0.0;0.0;0.0;37.5;0.0;17.5;0.0;0.0;0.0;0.0;13.8
Parambu;PARAMBU;-6.2158611111111;-40.702777777778;2003;4;91.0;26.5;0.0;0.0;0.0;0.0;0.0;0.0;2.0;6.5;0.0;0.0;0.0;0.0;0.0;5.5;0.0;0.0;0.0;0.0;13.0;0.0;7.5;0.0;0.0;0.0;0.0;0.0;30.0;0.0;0.0;888.0
Parambu;PARAMBU;-6.2158611111111;-40.702777777778;2003;5;12.0;0.0;0.0;0.0;0.0;12.0;0.0;0.0;0.0;0.0;0.0;0.0;0.0;0.0;0.0;0.0;0.0;0.0;0.0;0.0;0.0;0.0;0.0;0.0;0.0;0.0;0.0;0.0;0.0;0.0;0.0;0.0
Parambu;PARAMBU;-6.2158611111111;-40.702777777778;2003;6;7.5;0.0;0.0;0.0;4.5;0.0;0.0;0.0;0.0;0.0;0.0;0.0;0.0;0.0;0.0;0.0;3.0;0.0;0.0;0.0;0.0;0.0;0.0;0.0;0.0;0.0;0.0;0.0;0.0;0.0;0.0;888.0
Parambu;PARAMBU;-6.2158611111111;-40.702777777778;2003;7;0.0;0.0;0.0;0.0;0.0;0.0;0.0;0.0;0.0;0.0;0.0;0.0;0.0;0.0;0.0;0.0;0.0;0.0;0.0;0.0;0.0;0.0;0.0;0.0;0.0;0.0;0.0;0.0;0.0;0.0;0.0;0.0
Parambu;PARAMBU;-6.2158611111111;-40.702777777778;2003;8;0.0;0.0;0.0;0.0;0.0;0.0;0.0;0.0;0.0;0.0;0.0;0.0;0.0;0.0;0.0;0.0;0.0;0.0;0.0;0.0;0.0;0.0;0.0;0.0;0.0;0.0;0.0;0.0;0.0;0.0;0.0;0.0
Parambu;PARAMBU;-6.2158611111111;-40.702777777778;2003;9;0.0;0.0;0.0;0.0;0.0;0.0;0.0;0.0;0.0;0.0;0.0;0.0;0.0;0.0;0.0;0.0;0.0;0.0;0.0;0.0;0.0;0.0;0.0;0.0;0.0;0.0;0.0;0.0;0.0;0.0;0.0;888.0
Parambu;PARAMBU;-6.2158611111111;-40.702777777778;2003;10;0.0;0.0;0.0;0.0;0.0;0.0;0.0;0.0;0.0;0.0;0.0;0.0;0.0;0.0;0.0;0.0;0.0;0.0;0.0;0.0;0.0;0.0;0.0;0.0;0.0;0.0;0.0;0.0;0.0;0.0;0.0;0.0
Parambu;PARAMBU;-6.2158611111111;-40.702777777778;2003;11;0.0;0.0;0.0;0.0;0.0;0.0;0.0;0.0;0.0;0.0;0.0;0.0;0.0;0.0;0.0;0.0;0.0;0.0;0.0;0.0;0.0;0.0;0.0;0.0;0.0;0.0;0.0;0.0;0.0;0.0;0.0;888.0
Parambu;PARAMBU;-6.2158611111111;-40.702777777778;2003;12;8.0;0.0;0.0;0.0;0.0;0.0;0.0;0.0;0.0;0.0;0.0;0.0;0.0;0.0;0.0;0.0;3.0;0.0;0.0;0.0;0.0;0.0;0.0;0.0;0.0;0.0;0.0;0.0;0.0;5.0;0.0;0.0
Parambu;PARAMBU;-6.2158611111111;-40.702777777778;2004;1;609.5;0.0;0.0;0.0;0.0;0.0;0.0;0.0;0.0;0.0;19.0;16.5;54.0;0.0;3.0;0.0;17.0;80.0;0.0;0.0;41.0;15.0;28.0;60.5;25.0;76.0;44.0;57.5;28.0;4.0;3.5;37.5
Parambu;PARAMBU;-6.2158611111111;-40.702777777778;2004;2;103.0;0.0;0.0;5.0;0.0;6.0;0.0;0.0;0.0;0.0;0.0;0.0;0.0;0.0;0.0;0.0;31.0;0.0;0.0;0.0;0.0;11.0;13.0;0.0;0.0;0.0;26.0;11.0;0.0;0.0;888.0;888.0
Parambu;PARAMBU;-6.2158611111111;-40.702777777778;2004;3;55.0;0.0;0.0;0.0;0.0;0.0;0.0;0.0;55.0;0.0;0.0;0.0;0.0;0.0;0.0;0.0;0.0;0.0;0.0;0.0;0.0;0.0;0.0;0.0;0.0;0.0;0.0;0.0;0.0;0.0;0.0;0.0
Parambu;PARAMBU;-6.2158611111111;-40.702777777778;2004;4;61.5;0.0;0.0;0.0;0.0;0.0;0.0;40.0;0.0;0.0;0.0;0.0;0.0;0.0;0.0;0.0;0.0;0.0;0.0;0.0;0.0;0.0;3.0;0.0;0.0;0.0;9.5;9.0;0.0;0.0;0.0;888.0
Parambu;PARAMBU;-6.2158611111111;-40.702777777778;2004;5;80.5;0.0;0.0;0.0;0.0;0.0;0.0;0.0;0.0;0.0;0.0;0.0;0.0;0.0;0.0;0.0;0.0;0.0;15.0;0.0;0.0;20.0;0.0;0.0;0.0;16.5;0.0;0.0;0.0;29.0;0.0;0.0
Parambu;PARAMBU;-6.2158611111111;-40.702777777778;2004;6;8.5;0.0;3.5;0.0;0.0;0.0;0.0;0.0;0.0;0.0;0.0;0.0;0.0;0.0;0.0;0.0;0.0;0.0;0.0;0.0;0.0;0.0;0.0;0.0;0.0;2.0;0.0;0.0;3.0;0.0;0.0;888.0
Parambu;PARAMBU;-6.2158611111111;-40.702777777778;2004;7;19.0;0.0;0.0;0.0;0.0;12.0;0.0;0.0;0.0;0.0;0.0;0.0;0.0;0.0;0.0;0.0;0.0;0.0;0.0;0.0;0.0;0.0;0.0;0.0;0.0;0.0;0.0;0.0;0.0;0.0;7.0;0.0
Parambu;PARAMBU;-6.2158611111111;-40.702777777778;2004;8;0.0;0.0;0.0;0.0;0.0;0.0;0.0;0.0;0.0;0.0;0.0;0.0;0.0;0.0;0.0;0.0;0.0;0.0;0.0;0.0;0.0;0.0;0.0;0.0;0.0;0.0;0.0;0.0;0.0;0.0;0.0;0.0
Parambu;PARAMBU;-6.2158611111111;-40.702777777778;2004;9;0.0;0.0;0.0;0.0;0.0;0.0;0.0;0.0;0.0;0.0;0.0;0.0;0.0;0.0;0.0;0.0;0.0;0.0;0.0;0.0;0.0;0.0;0.0;0.0;0.0;0.0;0.0;0.0;0.0;0.0;0.0;888.0
Parambu;PARAMBU;-6.2158611111111;-40.702777777778;2004;10;0.0;0.0;0.0;0.0;0.0;0.0;0.0;0.0;0.0;0.0;0.0;0.0;0.0;0.0;0.0;0.0;0.0;0.0;0.0;0.0;0.0;0.0;0.0;0.0;0.0;0.0;0.0;0.0;0.0;0.0;0.0;0.0
Parambu;PARAMBU;-6.2158611111111;-40.702777777778;2004;11;0.0;0.0;0.0;0.0;0.0;0.0;0.0;0.0;0.0;0.0;0.0;0.0;0.0;0.0;0.0;0.0;0.0;0.0;0.0;0.0;0.0;0.0;0.0;0.0;0.0;0.0;0.0;0.0;0.0;0.0;0.0;888.0
Parambu;PARAMBU;-6.2158611111111;-40.702777777778;2004;12;0.0;0.0;0.0;0.0;0.0;0.0;0.0;0.0;0.0;0.0;0.0;0.0;0.0;0.0;0.0;0.0;0.0;0.0;0.0;0.0;0.0;0.0;0.0;0.0;0.0;0.0;0.0;0.0;0.0;0.0;0.0;0.0
Parambu;PARAMBU;-6.2158611111111;-40.702777777778;2005;1;148.0;0.0;0.0;0.0;0.0;0.0;0.0;0.0;0.0;0.0;0.0;0.0;0.0;0.0;0.0;0.0;0.0;27.0;0.0;0.0;0.0;0.0;0.0;0.0;27.0;7.0;87.0;0.0;0.0;0.0;0.0;0.0
Parambu;PARAMBU;-6.2158611111111;-40.702777777778;2005;2;24.0;0.0;0.0;0.0;0.0;0.0;0.0;0.0;0.0;0.0;0.0;0.0;0.0;0.0;0.0;0.0;10.0;14.0;0.0;0.0;0.0;0.0;0.0;0.0;0.0;0.0;0.0;0.0;0.0;888.0;888.0;888.0
Parambu;PARAMBU;-6.2158611111111;-40.702777777778;2005;3;274.0;0.0;0.0;0.0;0.0;0.0;0.0;0.0;0.0;0.0;0.0;0.0;3.0;0.0;0.0;0.0;0.0;0.0;30.0;0.0;0.0;12.5;5.5;0.0;5.0;42.0;43.0;9.5;42.0;44.0;34.0;3.5
Parambu;PARAMBU;-6.2158611111111;-40.702777777778;2005;4;100.0;0.0;0.0;0.0;0.0;0.0;0.0;0.0;0.0;0.0;0.0;0.0;0.0;0.0;0.0;0.0;0.0;0.0;0.0;0.0;0.0;0.0;0.0;0.0;0.0;0.0;0.0;53.0;6.0;0.0;41.0;888.0
Parambu;PARAMBU;-6.2158611111111;-40.702777777778;2005;5;176.5;4.5;25.0;0.0;36.0;18.0;0.0;0.0;0.0;0.0;0.0;0.0;0.0;9.0;0.0;0.0;0.0;0.0;0.0;0.0;0.0;0.0;0.0;29.0;52.0;0.0;0.0;0.0;0.0;0.0;0.0;3.0
Parambu;PARAMBU;-6.2158611111111;-40.702777777778;2005;6;5.5;0.0;0.0;0.0;0.0;0.0;0.0;0.0;0.0;0.0;0.0;0.0;0.0;0.0;0.0;0.0;0.0;0.0;0.0;0.0;0.0;0.0;0.0;0.0;0.0;0.0;0.0;1.5;4.0;0.0;0.0;888.0
Parambu;PARAMBU;-6.2158611111111;-40.702777777778;2005;7;0.0;0.0;0.0;0.0;0.0;0.0;0.0;0.0;0.0;0.0;0.0;0.0;0.0;0.0;0.0;0.0;0.0;0.0;0.0;0.0;0.0;0.0;0.0;0.0;0.0;0.0;0.0;0.0;0.0;0.0;0.0;0.0
Parambu;PARAMBU;-6.2158611111111;-40.702777777778;2005;8;0.0;0.0;0.0;0.0;0.0;0.0;0.0;0.0;0.0;0.0;0.0;0.0;0.0;0.0;0.0;0.0;0.0;0.0;0.0;0.0;0.0;0.0;0.0;0.0;0.0;0.0;0.0;0.0;0.0;0.0;0.0;0.0
Parambu;PARAMBU;-6.2158611111111;-40.702777777778;2005;9;0.0;0.0;0.0;0.0;0.0;0.0;0.0;0.0;0.0;0.0;0.0;0.0;0.0;0.0;0.0;0.0;0.0;0.0;0.0;0.0;0.0;0.0;0.0;0.0;0.0;0.0;0.0;0.0;0.0;0.0;0.0;888.0
Parambu;PARAMBU;-6.2158611111111;-40.702777777778;2005;10;0.0;0.0;0.0;0.0;0.0;0.0;0.0;0.0;0.0;0.0;0.0;0.0;0.0;0.0;0.0;0.0;0.0;0.0;0.0;0.0;0.0;0.0;0.0;0.0;0.0;0.0;0.0;0.0;0.0;0.0;0.0;0.0
Parambu;PARAMBU;-6.2158611111111;-40.702777777778;2005;11;0.0;0.0;0.0;0.0;0.0;0.0;0.0;0.0;0.0;0.0;0.0;0.0;0.0;0.0;0.0;0.0;0.0;0.0;0.0;0.0;0.0;0.0;0.0;0.0;0.0;0.0;0.0;0.0;0.0;0.0;0.0;888.0
Parambu;PARAMBU;-6.2158611111111;-40.702777777778;2005;12;56.0;0.0;0.0;0.0;0.0;9.0;9.0;38.0;0.0;0.0;0.0;0.0;0.0;0.0;0.0;0.0;0.0;0.0;0.0;0.0;0.0;0.0;0.0;0.0;0.0;0.0;0.0;0.0;0.0;0.0;0.0;0.0
Parambu;PARAMBU;-6.2158611111111;-40.702777777778;2006;1;22.0;0.0;0.0;0.0;0.0;0.0;0.0;0.0;0.0;0.0;0.0;22.0;0.0;0.0;0.0;0.0;0.0;0.0;0.0;0.0;0.0;0.0;0.0;0.0;0.0;0.0;0.0;0.0;0.0;0.0;0.0;0.0
Parambu;PARAMBU;-6.2158611111111;-40.702777777778;2006;2;139.5;0.0;11.0;0.0;0.0;0.0;12.0;0.0;0.0;0.0;0.0;0.0;0.0;11.0;0.0;0.0;0.0;0.0;0.0;25.5;0.0;0.0;0.0;59.0;0.0;0.0;0.0;0.0;21.0;888.0;888.0;888.0
Parambu;PARAMBU;-6.2158611111111;-40.702777777778;2006;3;161.0;0.0;0.0;29.5;0.0;0.0;0.0;0.0;0.0;0.0;0.0;0.0;0.0;0.0;63.0;0.0;0.0;0.0;0.0;0.0;5.5;0.0;0.0;5.0;52.0;0.0;0.0;0.0;0.0;0.0;0.0;6.0
Parambu;PARAMBU;-6.2158611111111;-40.702777777778;2006;4;138.5;0.0;0.0;0.0;20.0;20.0;0.0;0.0;7.5;0.0;15.0;0.0;0.0;0.0;0.0;0.0;0.0;6.0;0.0;0.0;15.0;0.0;32.0;0.0;0.0;0.0;0.0;0.0;0.0;8.0;15.0;888.0
Parambu;PARAMBU;-6.2158611111111;-40.702777777778;2006;5;184.0;45.0;0.0;0.0;0.0;0.0;0.0;0.0;0.0;22.0;0.0;0.0;0.0;34.0;4.5;0.0;19.0;0.0;0.0;0.0;4.5;14.0;36.0;0.0;5.0;0.0;0.0;0.0;0.0;0.0;0.0;0.0
Parambu;PARAMBU;-6.2158611111111;-40.702777777778;2006;6;0.0;0.0;0.0;0.0;0.0;0.0;0.0;0.0;0.0;0.0;0.0;0.0;0.0;0.0;0.0;0.0;0.0;0.0;0.0;0.0;0.0;0.0;0.0;0.0;0.0;0.0;0.0;0.0;0.0;0.0;0.0;888.0
Parambu;PARAMBU;-6.2158611111111;-40.702777777778;2006;7;0.0;0.0;0.0;0.0;0.0;0.0;0.0;0.0;0.0;0.0;0.0;0.0;0.0;0.0;0.0;0.0;0.0;0.0;0.0;0.0;0.0;0.0;0.0;0.0;0.0;0.0;0.0;0.0;0.0;0.0;0.0;0.0
Parambu;PARAMBU;-6.2158611111111;-40.702777777778;2006;8;0.0;0.0;0.0;0.0;0.0;0.0;0.0;0.0;0.0;0.0;0.0;0.0;0.0;0.0;0.0;0.0;0.0;0.0;0.0;0.0;0.0;0.0;0.0;0.0;0.0;0.0;0.0;0.0;0.0;0.0;0.0;0.0
Parambu;PARAMBU;-6.2158611111111;-40.702777777778;2006;9;0.0;0.0;0.0;0.0;0.0;0.0;0.0;0.0;0.0;0.0;0.0;0.0;0.0;0.0;0.0;0.0;0.0;0.0;0.0;0.0;0.0;0.0;0.0;0.0;0.0;0.0;0.0;0.0;0.0;0.0;0.0;888.0
Parambu;PARAMBU;-6.2158611111111;-40.702777777778;2006;10;0.0;0.0;0.0;0.0;0.0;0.0;0.0;0.0;0.0;0.0;0.0;0.0;0.0;0.0;0.0;0.0;0.0;0.0;0.0;0.0;0.0;0.0;0.0;0.0;0.0;0.0;0.0;0.0;0.0;0.0;0.0;0.0
Parambu;PARAMBU;-6.2158611111111;-40.702777777778;2006;11;0.0;0.0;0.0;0.0;0.0;0.0;0.0;0.0;0.0;0.0;0.0;0.0;0.0;0.0;0.0;0.0;0.0;0.0;0.0;0.0;0.0;0.0;0.0;0.0;0.0;0.0;0.0;0.0;0.0;0.0;0.0;888.0
Parambu;PARAMBU;-6.2158611111111;-40.702777777778;2006;12;45.0;0.0;0.0;0.0;0.0;0.0;0.0;0.0;0.0;0.0;0.0;0.0;0.0;0.0;0.0;0.0;0.0;0.0;0.0;0.0;0.0;0.0;0.0;0.0;0.0;0.0;0.0;0.0;0.0;0.0;0.0;45.0
Parambu;PARAMBU;-6.2158611111111;-40.702777777778;2007;1;11.0;11.0;0.0;0.0;0.0;0.0;0.0;0.0;0.0;0.0;0.0;0.0;0.0;0.0;0.0;0.0;0.0;0.0;0.0;0.0;0.0;0.0;0.0;0.0;0.0;0.0;0.0;0.0;0.0;0.0;0.0;0.0
Parambu;PARAMBU;-6.2158611111111;-40.702777777778;2007;2;468.0;10.0;0.0;0.0;0.0;0.0;0.0;0.0;0.0;58.0;0.0;0.0;0.0;22.0;78.0;0.0;0.0;55.0;80.0;88.0;30.0;0.0;0.0;0.0;27.0;0.0;0.0;0.0;20.0;888.0;888.0;888.0
Parambu;PARAMBU;-6.2158611111111;-40.702777777778;2007;3;53.0;0.0;12.0;0.0;0.0;0.0;0.0;0.0;0.0;0.0;0.0;0.0;0.0;0.0;0.0;0.0;13.0;0.0;0.0;0.0;28.0;0.0;0.0;0.0;0.0;0.0;0.0;0.0;0.0;0.0;0.0;0.0
Parambu;PARAMBU;-6.2158611111111;-40.702777777778;2007;4;115.0;0.0;0.0;0.0;0.0;0.0;0.0;0.0;0.0;12.0;0.0;0.0;0.0;0.0;0.0;0.0;5.0;36.0;0.0;8.0;6.0;0.0;16.0;0.0;0.0;0.0;20.0;12.0;0.0;0.0;0.0;888.0
Parambu;PARAMBU;-6.2158611111111;-40.702777777778;2007;5;13.0;0.0;10.0;0.0;0.0;0.0;0.0;0.0;0.0;0.0;0.0;0.0;0.0;0.0;0.0;0.0;0.0;0.0;0.0;0.0;0.0;0.0;0.0;0.0;0.0;0.0;0.0;0.0;0.0;3.0;0.0;0.0
Parambu;PARAMBU;-6.2158611111111;-40.702777777778;2007;6;0.0;0.0;0.0;0.0;0.0;0.0;0.0;0.0;0.0;0.0;0.0;0.0;0.0;0.0;0.0;0.0;0.0;0.0;0.0;0.0;0.0;0.0;0.0;0.0;0.0;0.0;0.0;0.0;0.0;0.0;0.0;888.0
Parambu;PARAMBU;-6.2158611111111;-40.702777777778;2007;7;0.0;0.0;0.0;0.0;0.0;0.0;0.0;0.0;0.0;0.0;0.0;0.0;0.0;0.0;0.0;0.0;0.0;0.0;0.0;0.0;0.0;0.0;0.0;0.0;0.0;0.0;0.0;0.0;0.0;0.0;0.0;0.0
Parambu;PARAMBU;-6.2158611111111;-40.702777777778;2007;8;0.0;0.0;0.0;0.0;0.0;0.0;0.0;0.0;0.0;0.0;0.0;0.0;0.0;0.0;0.0;0.0;0.0;0.0;0.0;0.0;0.0;0.0;0.0;0.0;0.0;0.0;0.0;0.0;0.0;0.0;0.0;0.0
Parambu;PARAMBU;-6.2158611111111;-40.702777777778;2007;9;0.0;0.0;0.0;0.0;0.0;0.0;0.0;0.0;0.0;0.0;0.0;0.0;0.0;0.0;0.0;0.0;0.0;0.0;0.0;0.0;0.0;0.0;0.0;0.0;0.0;0.0;0.0;0.0;0.0;0.0;0.0;888.0
Parambu;PARAMBU;-6.2158611111111;-40.702777777778;2007;10;0.0;0.0;0.0;0.0;0.0;0.0;0.0;0.0;0.0;0.0;0.0;0.0;0.0;0.0;0.0;0.0;0.0;0.0;0.0;0.0;0.0;0.0;0.0;0.0;0.0;0.0;0.0;0.0;0.0;0.0;0.0;0.0
Parambu;PARAMBU;-6.2158611111111;-40.702777777778;2007;11;0.0;0.0;0.0;0.0;0.0;0.0;0.0;0.0;0.0;0.0;0.0;0.0;0.0;0.0;0.0;0.0;0.0;0.0;0.0;0.0;0.0;0.0;0.0;0.0;0.0;0.0;0.0;0.0;0.0;0.0;0.0;888.0
Parambu;PARAMBU;-6.2158611111111;-40.702777777778;2007;12;168.0;0.0;0.0;0.0;0.0;0.0;0.0;0.0;0.0;0.0;0.0;0.0;0.0;0.0;0.0;0.0;140.0;0.0;0.0;0.0;0.0;0.0;0.0;0.0;0.0;0.0;0.0;10.0;0.0;10.0;0.0;8.0
Parambu;PARAMBU;-6.2158611111111;-40.702777777778;2008;1;126.5;0.0;0.0;0.0;9.0;5.0;0.0;0.0;0.0;0.0;0.0;15.0;0.0;0.0;0.0;0.0;25.5;0.0;0.0;0.0;0.0;0.0;0.0;0.0;0.0;22.0;0.0;0.0;0.0;0.0;0.0;50.0
Parambu;PARAMBU;-6.2158611111111;-40.702777777778;2008;2;203.0;80.0;0.0;0.0;0.0;0.0;0.0;0.0;0.0;0.0;0.0;12.0;0.0;0.0;0.0;0.0;0.0;9.0;12.0;0.0;0.0;0.0;0.0;0.0;0.0;0.0;0.0;60.0;0.0;30.0;888.0;888.0
Parambu;PARAMBU;-6.2158611111111;-40.702777777778;2008;3;484.0;54.0;6.0;0.0;0.0;2.0;39.0;13.0;0.0;0.0;0.0;0.0;18.0;5.0;0.0;28.0;45.0;0.0;21.0;4.0;0.0;0.0;35.0;0.0;18.0;0.0;79.0;12.0;5.0;10.0;90.0;0.0
Parambu;PARAMBU;-6.2158611111111;-40.702777777778;2008;4;174.5;20.0;40.0;0.0;16.0;32.0;20.0;0.0;0.0;0.0;0.0;0.0;0.0;0.0;17.0;5.0;10.0;0.0;0.0;0.0;0.0;0.0;0.0;0.0;0.0;0.0;0.0;0.0;0.0;0.0;14.5;888.0
Parambu;PARAMBU;-6.2158611111111;-40.702777777778;2008;5;101.0;0.0;0.0;0.0;0.0;0.0;0.0;0.0;0.0;0.0;29.0;0.0;0.0;0.0;0.0;0.0;0.0;0.0;0.0;0.0;0.0;0.0;0.0;0.0;0.0;39.0;0.0;0.0;33.0;0.0;0.0;0.0
Parambu;PARAMBU;-6.2158611111111;-40.702777777778;2008;6;0.0;0.0;0.0;0.0;0.0;0.0;0.0;0.0;0.0;0.0;0.0;0.0;0.0;0.0;0.0;0.0;0.0;0.0;0.0;0.0;0.0;0.0;0.0;0.0;0.0;0.0;0.0;0.0;0.0;0.0;0.0;888.0
Parambu;PARAMBU;-6.2158611111111;-40.702777777778;2008;7;0.0;0.0;0.0;0.0;0.0;0.0;0.0;0.0;0.0;0.0;0.0;0.0;0.0;0.0;0.0;0.0;0.0;0.0;0.0;0.0;0.0;0.0;0.0;0.0;0.0;0.0;0.0;0.0;0.0;0.0;0.0;0.0
Parambu;PARAMBU;-6.2158611111111;-40.702777777778;2008;8;0.0;0.0;0.0;0.0;0.0;0.0;0.0;0.0;0.0;0.0;0.0;0.0;0.0;0.0;0.0;0.0;0.0;0.0;0.0;0.0;0.0;0.0;0.0;0.0;0.0;0.0;0.0;0.0;0.0;0.0;0.0;0.0
Parambu;PARAMBU;-6.2158611111111;-40.702777777778;2008;9;0.0;0.0;0.0;0.0;0.0;0.0;0.0;0.0;0.0;0.0;0.0;0.0;0.0;0.0;0.0;0.0;0.0;0.0;0.0;0.0;0.0;0.0;0.0;0.0;0.0;0.0;0.0;0.0;0.0;0.0;0.0;888.0
Parambu;PARAMBU;-6.2158611111111;-40.702777777778;2008;10;0.0;0.0;0.0;0.0;0.0;0.0;0.0;0.0;0.0;0.0;0.0;0.0;0.0;0.0;0.0;0.0;0.0;0.0;0.0;0.0;0.0;0.0;0.0;0.0;0.0;0.0;0.0;0.0;0.0;0.0;0.0;0.0
Parambu;PARAMBU;-6.2158611111111;-40.702777777778;2008;11;0.0;0.0;0.0;0.0;0.0;0.0;0.0;0.0;0.0;0.0;0.0;0.0;0.0;0.0;0.0;0.0;0.0;0.0;0.0;0.0;0.0;0.0;0.0;0.0;0.0;0.0;0.0;0.0;0.0;0.0;0.0;888.0
Parambu;PARAMBU;-6.2158611111111;-40.702777777778;2008;12;18.0;0.0;0.0;0.0;0.0;0.0;0.0;0.0;0.0;0.0;0.0;0.0;0.0;0.0;0.0;0.0;0.0;0.0;0.0;0.0;0.0;0.0;18.0;0.0;0.0;0.0;0.0;0.0;0.0;0.0;0.0;0.0
Parambu;PARAMBU;-6.2158611111111;-40.702777777778;2009;1;123.6;0.0;0.0;0.0;0.0;0.0;0.0;0.0;0.0;0.0;0.0;0.0;0.0;0.0;0.0;0.0;2.5;12.5;17.0;0.0;20.0;50.0;3.1;0.0;0.0;0.0;11.0;0.0;0.0;0.0;7.5;0.0
Parambu;PARAMBU;-6.2158611111111;-40.702777777778;2009;2;41.2;2.0;2.0;0.0;0.0;0.0;0.0;0.0;0.0;0.0;0.0;0.0;0.0;0.0;0.0;0.0;0.0;0.0;3.0;12.2;5.0;6.0;0.0;0.0;0.0;11.0;0.0;0.0;0.0;888.0;888.0;888.0
Parambu;PARAMBU;-6.2158611111111;-40.702777777778;2009;3;100.2;3.0;5.5;15.0;6.2;0.0;0.0;0.0;0.0;0.0;4.2;12.8;0.0;1.1;0.0;20.0;16.0;0.8;2.0;0.0;0.0;0.0;0.0;0.0;0.0;7.8;1.4;3.2;1.2;0.0;0.0;0.0
Parambu;PARAMBU;-6.2158611111111;-40.702777777778;2009;4;233.3;0.0;2.2;28.0;2.1;0.5;0.0;3.1;0.0;0.0;27.1;0.0;0.0;42.0;9.8;0.0;7.0;1.1;4.0;0.0;11.3;20.4;0.0;48.3;0.9;7.3;2.3;10.4;4.3;1.2;0.0;888.0
Parambu;PARAMBU;-6.2158611111111;-40.702777777778;2009;5;187.5;0.1;16.1;0.1;0.0;0.0;62.0;1.5;48.0;18.9;0.2;10.2;0.0;0.0;0.0;0.0;0.0;0.0;0.0;0.5;0.0;0.0;7.5;0.0;13.0;1.3;0.0;8.1;0.0;0.0;0.0;0.0
Parambu;PARAMBU;-6.2158611111111;-40.702777777778;2009;6;5.7;0.0;0.0;0.0;0.0;4.5;0.0;0.0;0.0;0.0;1.2;0.0;0.0;0.0;0.0;0.0;0.0;0.0;0.0;0.0;0.0;0.0;0.0;0.0;0.0;0.0;0.0;0.0;0.0;0.0;0.0;888.0
Parambu;PARAMBU;-6.2158611111111;-40.702777777778;2009;7;44.1;0.0;0.0;0.0;2.2;0.0;0.0;0.0;0.0;0.0;0.0;0.0;0.0;0.0;0.0;0.0;0.0;0.0;0.0;0.0;0.0;0.0;7.8;26.0;8.1;0.0;0.0;0.0;0.0;0.0;0.0;0.0
Parambu;PARAMBU;-6.2158611111111;-40.702777777778;2009;8;1.6;0.0;0.0;0.0;0.0;0.0;1.0;0.0;0.0;0.0;0.0;0.0;0.0;0.0;0.0;0.0;0.0;0.0;0.0;0.0;0.0;0.0;0.0;0.0;0.0;0.0;0.6;0.0;0.0;0.0;0.0;0.0
Parambu;PARAMBU;-6.2158611111111;-40.702777777778;2009;9;0.0;0.0;0.0;0.0;0.0;0.0;0.0;0.0;0.0;0.0;0.0;0.0;0.0;0.0;0.0;0.0;0.0;0.0;0.0;0.0;0.0;0.0;0.0;0.0;0.0;0.0;0.0;0.0;0.0;0.0;0.0;888.0
Parambu;PARAMBU;-6.2158611111111;-40.702777777778;2009;10;0.0;0.0;0.0;0.0;0.0;0.0;0.0;0.0;0.0;0.0;0.0;0.0;0.0;0.0;0.0;0.0;0.0;0.0;0.0;0.0;0.0;0.0;0.0;0.0;0.0;0.0;0.0;0.0;0.0;0.0;0.0;0.0
Parambu;PARAMBU;-6.2158611111111;-40.702777777778;2009;11;0.0;0.0;0.0;0.0;0.0;0.0;0.0;0.0;0.0;0.0;0.0;0.0;0.0;0.0;0.0;0.0;0.0;0.0;0.0;0.0;0.0;0.0;0.0;0.0;0.0;0.0;0.0;0.0;0.0;0.0;0.0;888.0
Parambu;PARAMBU;-6.2158611111111;-40.702777777778;2009;12;18.7;0.0;0.0;0.0;0.0;0.0;0.0;0.0;0.0;0.0;0.0;0.0;0.0;0.0;0.0;0.0;0.0;0.0;0.0;0.0;0.0;0.0;0.0;0.0;0.0;13.2;5.0;0.0;0.0;0.0;0.5;0.0
Parambu;PARAMBU;-6.2158611111111;-40.702777777778;2010;1;155.4;16.0;3.1;17.0;20.2;16.0;0.0;0.0;0.0;1.0;0.0;41.8;0.0;0.0;0.0;0.0;0.0;10.1;0.0;0.0;2.0;0.0;0.0;0.0;0.0;0.0;12.0;5.0;2.0;9.2;0.0;0.0
Parambu;PARAMBU;-6.2158611111111;-40.702777777778;2010;2;16.4;1.8;0.0;0.0;0.0;0.0;0.0;0.0;0.0;0.0;0.0;0.0;0.0;0.0;9.6;5.0;0.0;0.0;0.0;0.0;0.0;0.0;0.0;0.0;0.0;0.0;0.0;0.0;0.0;888.0;888.0;888.0
Parambu;PARAMBU;-6.2158611111111;-40.702777777778;2010;3;67.5;0.0;0.0;0.0;0.0;0.0;0.0;0.0;0.0;0.0;0.0;0.0;0.0;0.0;0.0;0.0;0.6;0.0;0.0;0.0;0.0;16.8;0.0;3.7;0.0;0.5;7.1;0.0;0.0;38.6;0.2;0.0
Parambu;PARAMBU;-6.2158611111111;-40.702777777778;2010;4;99.3;0.2;21.4;0.0;19.6;0.0;0.0;0.0;0.0;0.0;1.5;35.0;0.0;8.5;0.2;1.0;1.0;0.0;7.1;3.4;0.0;0.0;0.0;0.0;0.0;0.0;0.4;0.0;0.0;0.0;0.0;888.0
Parambu;PARAMBU;-6.2158611111111;-40.702777777778;2010;5;3.3;0.0;0.0;2.1;0.0;1.2;0.0;0.0;0.0;0.0;0.0;0.0;0.0;0.0;0.0;0.0;0.0;0.0;0.0;0.0;0.0;0.0;0.0;0.0;0.0;0.0;0.0;0.0;0.0;0.0;0.0;0.0
Parambu;PARAMBU;-6.2158611111111;-40.702777777778;2010;6;28.4;0.0;22.6;0.0;2.0;0.0;0.0;0.0;0.0;0.0;0.0;0.0;0.0;0.0;0.0;0.0;0.0;0.0;2.0;1.4;0.0;0.0;0.0;0.0;0.0;0.0;0.0;0.0;0.4;0.0;0.0;888.0
Parambu;PARAMBU;-6.2158611111111;-40.702777777778;2010;7;8.4;0.0;0.0;0.0;0.0;0.0;0.0;0.0;0.0;8.4;0.0;0.0;0.0;0.0;0.0;0.0;0.0;0.0;0.0;0.0;0.0;0.0;0.0;0.0;0.0;0.0;0.0;0.0;0.0;0.0;0.0;0.0
Parambu;PARAMBU;-6.2158611111111;-40.702777777778;2010;8;0.0;0.0;0.0;0.0;0.0;0.0;0.0;0.0;0.0;0.0;0.0;0.0;0.0;0.0;0.0;0.0;0.0;0.0;0.0;0.0;0.0;0.0;0.0;0.0;0.0;0.0;0.0;0.0;0.0;0.0;0.0;0.0
Parambu;PARAMBU;-6.2158611111111;-40.702777777778;2010;9;0.0;0.0;0.0;0.0;0.0;0.0;0.0;0.0;0.0;0.0;0.0;0.0;0.0;0.0;0.0;0.0;0.0;0.0;0.0;0.0;0.0;0.0;0.0;0.0;0.0;0.0;0.0;0.0;0.0;0.0;0.0;888.0
Parambu;PARAMBU;-6.2158611111111;-40.702777777778;2010;10;138.3;0.0;0.0;0.0;0.0;0.0;0.0;0.0;0.0;0.0;0.0;0.0;0.0;0.0;0.0;0.0;0.0;0.0;0.0;2.4;0.0;0.0;0.0;99.0;28.0;0.0;0.0;2.4;6.5;0.0;999.0;999.0
Parambu;PARAMBU;-6.2158611111111;-40.702777777778;2010;11;4.4;0.0;0.0;0.0;0.0;0.0;0.0;0.0;0.0;0.0;0.0;0.0;0.0;0.0;0.0;0.0;0.0;0.0;0.0;0.0;0.0;0.0;0.0;0.0;0.0;0.0;0.0;0.0;0.0;4.4;0.0;888.0
Parambu;PARAMBU;-6.2158611111111;-40.702777777778;2010;12;99.2;0.0;0.0;0.0;0.0;0.0;0.0;0.0;0.0;19.0;0.0;6.0;0.0;32.0;2.0;3.0;0.0;3.0;31.0;0.0;1.0;2.2;0.0;0.0;0.0;0.0;0.0;0.0;0.0;0.0;0.0;0.0
Parambu;PARAMBU;-6.2158611111111;-40.702777777778;2011;1;92.2;0.0;0.0;8.2;0.0;0.0;0.0;0.0;0.0;0.0;14.4;1.0;0.0;0.0;0.0;0.0;0.0;0.0;0.0;0.0;0.0;11.0;2.0;18.4;8.0;0.0;5.0;0.0;13.2;1.0;1.4;8.6
Parambu;PARAMBU;-6.2158611111111;-40.702777777778;2011;2;73.7;16.0;0.0;0.0;2.0;0.0;1.0;0.0;0.0;0.0;0.0;22.0;0.0;2.0;3.0;0.0;0.5;0.0;3.2;0.0;7.0;0.0;0.0;0.0;0.0;0.0;8.0;6.0;3.0;888.0;888.0;888.0
Parambu;PARAMBU;-6.2158611111111;-40.702777777778;2011;3;36.9;6.4;0.0;0.0;1.0;0.0;0.0;8.5;0.0;4.0;0.0;0.0;0.0;0.0;8.5;0.0;0.0;0.0;0.0;0.0;0.0;0.0;0.0;0.0;0.0;0.0;0.0;0.0;6.0;2.5;0.0;0.0
Parambu;PARAMBU;-6.2158611111111;-40.702777777778;2011;4;125.2;0.0;0.0;0.0;0.0;0.0;1.2;0.0;0.0;1.6;0.0;25.0;0.0;25.6;9.0;0.0;0.0;6.2;0.0;32.4;13.0;0.0;0.0;0.0;0.0;11.2;0.0;0.0;0.0;0.0;0.0;888.0
Parambu;PARAMBU;-6.2158611111111;-40.702777777778;2011;5;142.4;0.0;13.0;3.0;8.1;83.8;10.0;0.0;0.0;0.0;0.0;0.0;0.0;0.0;0.0;0.0;0.0;0.0;23.0;0.0;0.0;0.0;0.0;0.0;0.0;0.5;0.0;0.0;0.0;0.0;0.0;1.0
Parambu;PARAMBU;-6.2158611111111;-40.702777777778;2011;6;1.0;0.0;0.0;0.0;0.0;0.0;0.0;0.0;0.0;0.0;0.0;0.0;0.0;1.0;0.0;0.0;0.0;0.0;0.0;0.0;0.0;0.0;0.0;0.0;0.0;0.0;0.0;0.0;0.0;0.0;0.0;888.0
Parambu;PARAMBU;-6.2158611111111;-40.702777777778;2011;7;35.2;0.0;0.0;0.0;0.0;0.0;0.0;0.0;0.0;0.0;0.0;0.0;0.0;35.2;0.0;0.0;0.0;0.0;0.0;0.0;0.0;0.0;0.0;0.0;0.0;0.0;0.0;0.0;0.0;0.0;0.0;0.0
Parambu;PARAMBU;-6.2158611111111;-40.702777777778;2011;8;15.4;8.5;0.0;0.0;0.0;0.0;0.0;0.0;0.0;0.0;0.0;0.0;0.0;0.0;0.0;0.0;0.0;0.0;0.0;0.0;0.0;0.0;0.0;0.7;2.0;0.0;4.2;0.0;0.0;0.0;0.0;0.0
Parambu;PARAMBU;-6.2158611111111;-40.702777777778;2011;9;0.0;0.0;0.0;0.0;0.0;0.0;0.0;0.0;0.0;0.0;0.0;0.0;0.0;0.0;0.0;0.0;0.0;0.0;0.0;0.0;0.0;0.0;0.0;0.0;0.0;0.0;0.0;0.0;0.0;0.0;0.0;888.0
Parambu;PARAMBU;-6.2158611111111;-40.702777777778;2011;10;0.0;0.0;0.0;0.0;0.0;0.0;0.0;0.0;0.0;0.0;0.0;0.0;0.0;0.0;0.0;0.0;0.0;0.0;0.0;0.0;0.0;0.0;0.0;0.0;0.0;0.0;0.0;0.0;0.0;0.0;0.0;0.0
Parambu;PARAMBU;-6.2158611111111;-40.702777777778;2011;11;0.0;0.0;0.0;0.0;0.0;0.0;0.0;0.0;0.0;0.0;0.0;0.0;0.0;0.0;0.0;0.0;0.0;0.0;0.0;0.0;0.0;0.0;0.0;0.0;0.0;0.0;0.0;0.0;0.0;0.0;0.0;888.0
Parambu;PARAMBU;-6.2158611111111;-40.702777777778;2011;12;0.0;0.0;0.0;0.0;0.0;0.0;0.0;0.0;0.0;0.0;0.0;0.0;0.0;0.0;0.0;0.0;0.0;0.0;0.0;0.0;0.0;0.0;0.0;0.0;0.0;0.0;0.0;0.0;0.0;0.0;0.0;0.0
Parambu;PARAMBU;-6.2158611111111;-40.702777777778;2012;1;80.1;0.0;0.0;0.0;0.0;0.0;0.0;0.0;0.0;0.0;0.0;0.0;0.0;1.7;0.0;0.0;0.0;0.0;0.0;7.2;0.0;14.0;41.0;5.7;0.0;9.5;1.0;0.0;0.0;0.0;0.0;0.0
Parambu;PARAMBU;-6.2158611111111;-40.702777777778;2012;2;74.0;0.0;0.0;0.0;0.0;0.0;0.0;0.0;0.0;0.0;0.0;0.0;0.0;0.0;0.0;0.0;0.0;21.0;19.0;18.0;0.0;7.0;0.0;0.0;0.0;0.0;0.0;0.0;9.0;0.0;888.0;888.0
Parambu;PARAMBU;-6.2158611111111;-40.702777777778;2012;3;50.0;0.0;0.0;0.0;0.0;0.0;0.0;0.0;0.0;0.0;0.0;0.0;6.0;0.0;0.0;0.0;3.5;7.0;0.0;0.0;0.0;0.0;0.0;0.0;0.0;0.0;24.0;4.5;0.0;0.0;5.0;0.0
Parambu;PARAMBU;-6.2158611111111;-40.702777777778;2012;4;12.0;0.0;0.0;0.0;0.0;0.0;0.0;0.0;0.0;0.0;0.0;12.0;0.0;0.0;0.0;0.0;0.0;0.0;0.0;0.0;0.0;0.0;0.0;0.0;0.0;0.0;0.0;0.0;0.0;0.0;0.0;888.0
Parambu;PARAMBU;-6.2158611111111;-40.702777777778;2012;5;0.0;0.0;0.0;0.0;0.0;0.0;0.0;0.0;0.0;0.0;0.0;0.0;0.0;0.0;0.0;0.0;0.0;0.0;0.0;0.0;0.0;0.0;0.0;0.0;0.0;0.0;0.0;0.0;0.0;0.0;0.0;0.0
Parambu;PARAMBU;-6.2158611111111;-40.702777777778;2012;6;13.3;0.0;0.0;0.0;0.0;0.0;0.0;0.0;0.0;0.0;0.0;0.0;0.0;0.0;0.0;0.0;0.0;0.0;0.0;0.0;5.0;0.0;0.0;0.0;8.3;0.0;0.0;0.0;0.0;0.0;0.0;888.0
Parambu;PARAMBU;-6.2158611111111;-40.702777777778;2012;7;0.0;0.0;0.0;0.0;0.0;0.0;0.0;0.0;0.0;0.0;0.0;0.0;0.0;0.0;0.0;0.0;0.0;0.0;0.0;0.0;0.0;0.0;0.0;0.0;0.0;0.0;0.0;0.0;0.0;0.0;0.0;0.0
Parambu;PARAMBU;-6.2158611111111;-40.702777777778;2012;8;0.0;0.0;0.0;0.0;0.0;0.0;0.0;0.0;0.0;0.0;0.0;0.0;0.0;0.0;0.0;0.0;0.0;0.0;0.0;0.0;0.0;0.0;0.0;0.0;0.0;0.0;0.0;0.0;0.0;0.0;0.0;0.0
Parambu;PARAMBU;-6.2158611111111;-40.702777777778;2012;9;0.0;0.0;0.0;0.0;0.0;0.0;0.0;0.0;0.0;0.0;0.0;0.0;0.0;0.0;0.0;0.0;0.0;0.0;0.0;0.0;0.0;0.0;0.0;0.0;0.0;0.0;0.0;0.0;0.0;0.0;0.0;888.0
Parambu;PARAMBU;-6.2158611111111;-40.702777777778;2012;10;0.0;0.0;0.0;0.0;0.0;0.0;0.0;0.0;0.0;0.0;0.0;0.0;0.0;0.0;0.0;0.0;0.0;0.0;0.0;0.0;0.0;0.0;0.0;0.0;0.0;0.0;0.0;0.0;0.0;0.0;0.0;0.0
Parambu;PARAMBU;-6.2158611111111;-40.702777777778;2012;11;0.0;0.0;0.0;0.0;0.0;0.0;0.0;0.0;0.0;0.0;0.0;0.0;0.0;0.0;0.0;0.0;0.0;0.0;0.0;0.0;0.0;0.0;0.0;0.0;0.0;0.0;0.0;0.0;0.0;0.0;0.0;888.0
Parambu;PARAMBU;-6.2158611111111;-40.702777777778;2012;12;0.0;0.0;0.0;0.0;0.0;0.0;0.0;0.0;0.0;0.0;0.0;0.0;0.0;0.0;0.0;0.0;0.0;0.0;0.0;0.0;0.0;0.0;0.0;0.0;0.0;0.0;0.0;0.0;0.0;0.0;0.0;0.0
Parambu;PARAMBU;-6.2158611111111;-40.702777777778;2013;1;63.0;0.0;0.0;0.0;12.0;0.0;0.0;0.0;0.0;0.0;0.0;0.0;0.0;0.0;0.0;35.0;7.0;0.0;0.0;0.0;0.0;7.0;2.0;0.0;0.0;0.0;0.0;0.0;0.0;0.0;0.0;0.0
Parambu;PARAMBU;-6.2158611111111;-40.702777777778;2013;2;37.0;0.0;0.0;0.0;0.0;0.0;0.0;0.0;0.0;0.0;19.0;0.0;0.0;0.0;0.0;4.0;8.0;6.0;0.0;0.0;0.0;0.0;0.0;0.0;0.0;0.0;0.0;0.0;0.0;888.0;888.0;888.0
Parambu;PARAMBU;-6.2158611111111;-40.702777777778;2013;3;11.0;0.0;0.0;0.0;0.0;0.0;0.0;0.0;0.0;0.0;0.0;0.0;0.0;0.0;0.0;8.0;0.0;0.0;0.0;0.0;0.0;0.0;0.0;3.0;0.0;0.0;0.0;0.0;0.0;0.0;0.0;0.0
Parambu;PARAMBU;-6.2158611111111;-40.702777777778;2013;4;160.0;0.0;0.0;0.0;0.0;0.0;0.0;0.0;0.0;0.0;0.0;0.0;8.0;0.0;0.0;0.0;13.0;0.0;0.0;68.0;0.0;0.0;0.0;0.0;0.0;0.0;37.0;34.0;0.0;0.0;0.0;888.0
Parambu;PARAMBU;-6.2158611111111;-40.702777777778;2013;5;17.5;0.0;0.0;0.0;0.0;0.0;0.0;0.0;0.0;5.0;3.0;0.0;0.0;0.0;0.0;1.5;0.0;0.0;0.0;3.0;0.0;0.0;0.0;0.0;0.0;5.0;0.0;0.0;0.0;0.0;0.0;0.0
Parambu;PARAMBU;-6.2158611111111;-40.702777777778;2013;6;0.0;0.0;0.0;0.0;0.0;0.0;0.0;0.0;0.0;0.0;0.0;0.0;0.0;0.0;0.0;0.0;0.0;0.0;0.0;0.0;0.0;0.0;0.0;0.0;0.0;0.0;0.0;0.0;0.0;0.0;0.0;888.0
Parambu;PARAMBU;-6.2158611111111;-40.702777777778;2013;7;9.0;0.0;0.0;1.0;0.0;0.0;0.0;0.0;0.0;0.0;0.0;0.0;0.0;5.0;0.0;0.0;0.0;0.0;0.0;0.0;0.0;0.0;0.0;0.0;0.0;0.0;0.0;0.0;0.0;0.0;3.0;0.0
Parambu;PARAMBU;-6.2158611111111;-40.702777777778;2013;8;0.0;0.0;0.0;0.0;0.0;0.0;0.0;0.0;0.0;0.0;0.0;0.0;0.0;0.0;0.0;0.0;0.0;0.0;0.0;0.0;0.0;0.0;0.0;0.0;0.0;0.0;0.0;0.0;0.0;0.0;0.0;0.0
Parambu;PARAMBU;-6.2158611111111;-40.702777777778;2013;9;0.0;0.0;0.0;0.0;0.0;0.0;0.0;0.0;0.0;0.0;0.0;0.0;0.0;0.0;0.0;0.0;0.0;0.0;0.0;0.0;0.0;0.0;0.0;0.0;0.0;0.0;0.0;999.0;999.0;0.0;0.0;888.0
Parambu;PARAMBU;-6.2158611111111;-40.702777777778;2013;10;0.0;0.0;0.0;0.0;0.0;0.0;0.0;999.0;0.0;0.0;0.0;0.0;0.0;0.0;0.0;0.0;0.0;0.0;0.0;0.0;0.0;0.0;999.0;0.0;0.0;0.0;0.0;0.0;0.0;0.0;0.0;0.0
Parambu;PARAMBU;-6.2158611111111;-40.702777777778;2013;11;10.0;0.0;0.0;0.0;10.0;0.0;0.0;0.0;0.0;0.0;0.0;0.0;0.0;0.0;0.0;0.0;0.0;0.0;0.0;0.0;0.0;0.0;0.0;0.0;0.0;0.0;0.0;0.0;0.0;0.0;0.0;888.0
Parambu;PARAMBU;-6.2158611111111;-40.702777777778;2013;12;35.5;0.0;0.0;0.0;0.0;0.0;0.0;0.0;0.0;0.0;0.0;0.0;0.0;0.0;0.0;0.0;0.0;14.0;0.0;0.0;21.5;0.0;0.0;0.0;0.0;0.0;0.0;0.0;0.0;0.0;0.0;0.0
Parambu;PARAMBU;-6.2158611111111;-40.702777777778;2014;1;33.0;0.0;0.0;0.0;0.0;0.0;0.0;6.0;0.0;0.0;0.0;0.0;0.0;0.0;0.0;13.0;0.0;0.0;0.0;0.0;0.0;0.0;0.0;0.0;0.0;12.0;0.0;2.0;0.0;0.0;0.0;0.0
Parambu;PARAMBU;-6.2158611111111;-40.702777777778;2014;2;43.0;0.0;0.0;0.0;0.0;0.0;0.0;0.0;0.0;10.0;0.0;3.0;13.0;0.0;0.0;0.0;0.0;0.0;17.0;0.0;0.0;0.0;0.0;0.0;0.0;0.0;0.0;0.0;0.0;888.0;888.0;888.0
Parambu;PARAMBU;-6.2158611111111;-40.702777777778;2014;3;80.3;0.0;0.0;0.0;0.0;0.0;0.0;45.2;0.0;0.2;0.1;0.0;6.6;0.0;0.0;0.0;0.0;0.0;0.0;0.0;0.0;0.8;0.0;0.0;0.0;0.0;0.0;0.0;0.0;12.4;0.0;15.0
Parambu;PARAMBU;-6.2158611111111;-40.702777777778;2014;4;67.1;0.0;0.0;0.0;5.8;0.0;0.0;0.0;9.1;19.5;0.0;0.0;8.5;0.0;0.0;0.0;0.0;17.3;0.0;0.0;0.0;0.0;0.0;0.0;6.4;0.0;0.0;0.0;0.5;0.0;0.0;888.0
Parambu;PARAMBU;-6.2158611111111;-40.702777777778;2014;5;63.1;0.0;6.0;0.0;24.3;0.0;0.0;0.0;0.0;0.0;0.0;0.0;0.0;0.0;0.0;0.0;0.0;0.0;0.0;0.0;0.0;0.0;8.3;0.5;0.0;0.0;0.0;0.0;0.0;24.0;0.0;0.0
Parambu;PARAMBU;-6.2158611111111;-40.702777777778;2014;6;0.0;0.0;0.0;0.0;0.0;0.0;0.0;0.0;0.0;0.0;0.0;0.0;0.0;0.0;0.0;0.0;0.0;0.0;0.0;0.0;0.0;0.0;0.0;0.0;0.0;0.0;0.0;0.0;0.0;0.0;0.0;888.0
Parambu;PARAMBU;-6.2158611111111;-40.702777777778;2014;7;7.0;0.0;0.0;0.0;0.0;0.0;0.0;0.0;0.0;0.0;0.0;0.0;0.0;7.0;0.0;0.0;0.0;0.0;0.0;0.0;0.0;0.0;0.0;0.0;0.0;0.0;0.0;0.0;0.0;0.0;0.0;0.0
Parambu;PARAMBU;-6.2158611111111;-40.702777777778;2014;8;0.0;0.0;0.0;0.0;0.0;0.0;0.0;0.0;0.0;0.0;0.0;0.0;0.0;0.0;0.0;0.0;0.0;0.0;0.0;0.0;0.0;0.0;0.0;0.0;0.0;0.0;0.0;0.0;0.0;0.0;0.0;0.0
Parambu;PARAMBU;-6.2158611111111;-40.702777777778;2014;9;0.0;0.0;0.0;0.0;0.0;0.0;0.0;0.0;0.0;0.0;0.0;0.0;0.0;0.0;0.0;0.0;0.0;0.0;0.0;0.0;0.0;0.0;0.0;0.0;0.0;0.0;0.0;0.0;0.0;0.0;0.0;888.0
Parambu;PARAMBU;-6.2158611111111;-40.702777777778;2014;10;18.7;9.3;0.0;9.4;0.0;0.0;0.0;0.0;0.0;0.0;0.0;0.0;0.0;0.0;0.0;0.0;0.0;0.0;0.0;0.0;0.0;0.0;0.0;0.0;0.0;0.0;0.0;0.0;0.0;0.0;0.0;0.0
Parambu;PARAMBU;-6.2158611111111;-40.702777777778;2014;11;26.0;0.0;0.0;0.0;13.5;0.0;0.0;0.0;0.0;0.0;0.0;0.0;0.0;0.0;0.0;0.0;0.0;6.5;0.0;6.0;0.0;0.0;0.0;0.0;0.0;0.0;0.0;0.0;0.0;0.0;0.0;888.0
Parambu;PARAMBU;-6.2158611111111;-40.702777777778;2014;12;0.0;0.0;0.0;0.0;0.0;0.0;0.0;0.0;0.0;0.0;0.0;0.0;0.0;0.0;0.0;0.0;0.0;0.0;0.0;0.0;0.0;0.0;0.0;0.0;0.0;0.0;0.0;0.0;0.0;0.0;0.0;0.0
Parambu;PARAMBU;-6.2158611111111;-40.702777777778;2015;1;18.6;0.0;9.1;0.0;0.0;0.0;0.0;6.5;0.0;0.0;0.0;0.0;0.0;0.0;0.0;0.0;0.0;3.0;0.0;0.0;0.0;0.0;0.0;0.0;0.0;0.0;0.0;0.0;0.0;0.0;0.0;0.0
Parambu;PARAMBU;-6.2158611111111;-40.702777777778;2015;2;135.1;0.0;0.0;0.0;16.0;0.0;0.0;0.0;0.0;0.0;20.0;0.0;0.0;0.0;0.0;0.0;0.0;0.0;0.0;35.0;34.6;0.0;24.2;5.3;0.0;0.0;0.0;0.0;0.0;888.0;888.0;888.0
Parambu;PARAMBU;-6.2158611111111;-40.702777777778;2015;3;175.4;0.0;11.2;0.0;0.0;0.0;25.0;0.0;0.0;4.0;33.0;0.0;0.0;0.0;0.0;0.0;0.0;0.0;0.0;0.0;28.0;0.0;0.0;29.5;8.5;0.0;0.0;21.0;0.0;0.0;0.0;15.2
Parambu;PARAMBU;-6.2158611111111;-40.702777777778;2015;4;28.3;0.0;0.0;5.3;0.0;0.0;0.0;0.0;3.0;0.0;0.0;5.0;0.0;0.0;0.0;0.0;0.0;0.0;0.0;0.0;0.0;3.0;4.0;0.0;8.0;0.0;0.0;0.0;0.0;0.0;0.0;888.0
Parambu;PARAMBU;-6.2158611111111;-40.702777777778;2015;5;31.0;0.0;28.0;0.0;0.0;0.0;0.0;2.0;0.0;0.0;0.0;0.0;0.0;0.0;0.0;0.0;0.0;0.0;0.0;0.0;0.0;1.0;0.0;0.0;0.0;0.0;0.0;0.0;0.0;0.0;0.0;0.0
Parambu;PARAMBU;-6.2158611111111;-40.702777777778;2015;6;8.0;0.0;0.0;0.0;0.0;0.0;0.0;0.0;0.0;0.0;0.0;0.0;0.0;0.0;0.0;0.0;0.0;0.0;0.0;0.0;0.0;0.0;0.0;0.0;0.0;8.0;0.0;0.0;0.0;0.0;0.0;888.0
Parambu;PARAMBU;-6.2158611111111;-40.702777777778;2015;7;0.0;0.0;0.0;0.0;0.0;0.0;0.0;0.0;0.0;0.0;0.0;0.0;0.0;0.0;0.0;0.0;0.0;0.0;0.0;0.0;0.0;0.0;0.0;0.0;0.0;0.0;0.0;0.0;0.0;0.0;0.0;0.0
Parambu;PARAMBU;-6.2158611111111;-40.702777777778;2015;8;0.0;0.0;0.0;0.0;0.0;0.0;0.0;0.0;0.0;0.0;0.0;0.0;0.0;0.0;0.0;0.0;0.0;0.0;0.0;0.0;0.0;0.0;0.0;0.0;0.0;0.0;0.0;0.0;0.0;0.0;0.0;0.0
Parambu;PARAMBU;-6.2158611111111;-40.702777777778;2015;9;0.0;0.0;0.0;0.0;0.0;0.0;0.0;0.0;0.0;0.0;0.0;0.0;0.0;0.0;0.0;0.0;0.0;0.0;0.0;0.0;0.0;0.0;0.0;0.0;0.0;0.0;0.0;0.0;0.0;0.0;0.0;888.0
Parambu;PARAMBU;-6.2158611111111;-40.702777777778;2015;10;0.0;0.0;0.0;0.0;0.0;0.0;0.0;0.0;0.0;0.0;0.0;0.0;0.0;0.0;0.0;0.0;0.0;0.0;0.0;0.0;0.0;0.0;0.0;0.0;0.0;0.0;0.0;0.0;0.0;0.0;0.0;0.0
Parambu;PARAMBU;-6.2158611111111;-40.702777777778;2015;11;0.0;0.0;0.0;0.0;0.0;0.0;0.0;0.0;0.0;0.0;0.0;0.0;0.0;0.0;0.0;0.0;0.0;0.0;0.0;0.0;0.0;0.0;0.0;0.0;0.0;0.0;0.0;0.0;0.0;0.0;0.0;888.0
Parambu;PARAMBU;-6.2158611111111;-40.702777777778;2015;12;0.0;0.0;0.0;0.0;0.0;0.0;0.0;0.0;0.0;0.0;0.0;0.0;0.0;0.0;0.0;0.0;0.0;0.0;0.0;0.0;0.0;0.0;0.0;0.0;0.0;0.0;0.0;0.0;0.0;0.0;0.0;0.0
Parambu;PARAMBU;-6.2158611111111;-40.702777777778;2016;1;214.0;0.0;0.0;0.0;0.0;0.0;0.0;88.0;0.0;0.0;0.0;0.0;0.0;0.0;60.0;0.0;0.0;0.0;0.0;0.0;0.0;63.0;0.0;0.0;0.0;0.0;3.0;0.0;0.0;0.0;0.0;0.0
Parambu;PARAMBU;-6.2158611111111;-40.702777777778;2016;2;6.0;3.0;0.0;0.0;0.0;0.0;0.0;0.0;0.0;0.0;3.0;0.0;0.0;0.0;0.0;0.0;0.0;0.0;0.0;0.0;0.0;0.0;0.0;0.0;0.0;0.0;0.0;0.0;0.0;0.0;888.0;888.0
Parambu;PARAMBU;-6.2158611111111;-40.702777777778;2016;3;134.5;0.0;0.0;0.0;0.0;0.0;0.0;0.0;0.0;66.0;0.0;0.0;0.0;0.0;0.0;0.0;0.0;38.5;0.0;0.0;0.0;0.0;0.0;0.0;0.0;0.0;20.0;0.0;0.0;0.0;0.0;10.0
Parambu;PARAMBU;-6.2158611111111;-40.702777777778;2016;4;0.0;0.0;0.0;0.0;0.0;0.0;0.0;0.0;0.0;0.0;0.0;0.0;0.0;0.0;0.0;0.0;0.0;0.0;0.0;0.0;0.0;0.0;0.0;0.0;0.0;0.0;0.0;0.0;0.0;0.0;0.0;888.0
Parambu;PARAMBU;-6.2158611111111;-40.702777777778;2016;5;46.0;0.0;0.0;46.0;0.0;0.0;0.0;0.0;0.0;0.0;0.0;0.0;0.0;0.0;0.0;0.0;0.0;0.0;0.0;0.0;0.0;0.0;0.0;0.0;0.0;0.0;0.0;0.0;0.0;0.0;0.0;0.0
Parambu;PARAMBU;-6.2158611111111;-40.702777777778;2016;6;0.0;0.0;0.0;0.0;0.0;0.0;0.0;0.0;0.0;0.0;0.0;0.0;0.0;0.0;0.0;0.0;0.0;0.0;0.0;0.0;0.0;0.0;0.0;0.0;0.0;0.0;0.0;0.0;0.0;0.0;0.0;888.0
Parambu;PARAMBU;-6.2158611111111;-40.702777777778;2016;7;0.0;0.0;0.0;0.0;0.0;0.0;0.0;0.0;0.0;0.0;0.0;0.0;0.0;0.0;0.0;0.0;0.0;0.0;0.0;0.0;0.0;0.0;0.0;0.0;0.0;0.0;0.0;0.0;0.0;0.0;0.0;0.0
Parambu;PARAMBU;-6.2158611111111;-40.702777777778;2016;8;0.0;0.0;0.0;0.0;999.0;999.0;999.0;999.0;999.0;999.0;999.0;999.0;999.0;999.0;999.0;999.0;999.0;999.0;999.0;999.0;999.0;999.0;999.0;999.0;999.0;999.0;999.0;999.0;999.0;999.0;999.0;999.0
Parambu;PARAMBU;-6.2158611111111;-40.702777777778;2017;1;34.0;0.0;0.0;0.0;0.0;0.0;0.0;0.0;0.0;0.0;0.0;0.0;0.0;0.0;0.0;0.0;0.0;0.0;0.0;0.0;34.0;0.0;0.0;0.0;0.0;0.0;0.0;0.0;0.0;0.0;0.0;0.0
Parambu;PARAMBU;-6.2158611111111;-40.702777777778;2017;2;107.3;0.0;0.0;0.0;0.0;0.0;0.0;0.0;0.0;0.0;0.0;27.0;57.3;0.0;0.0;0.0;0.0;0.0;0.0;0.0;5.0;18.0;0.0;0.0;0.0;0.0;0.0;0.0;0.0;888.0;888.0;888.0
Parambu;PARAMBU;-6.2158611111111;-40.702777777778;2017;3;97.0;0.0;5.9;3.8;0.0;4.0;0.0;0.0;0.0;11.0;0.0;19.0;0.0;0.0;0.0;0.0;7.0;0.0;19.0;0.0;0.0;8.3;0.0;0.0;0.0;0.0;0.0;0.0;0.0;0.0;0.0;19.0
Parambu;PARAMBU;-6.2158611111111;-40.702777777778;2017;4;89.0;0.0;0.0;36.0;0.0;0.0;14.0;0.0;0.0;0.0;0.0;39.0;0.0;0.0;0.0;0.0;0.0;0.0;0.0;0.0;0.0;0.0;0.0;0.0;0.0;0.0;0.0;0.0;0.0;0.0;0.0;888.0
Parambu;PARAMBU;-6.2158611111111;-40.702777777778;2017;5;6.0;0.0;0.0;0.0;0.0;0.0;0.0;0.0;0.0;6.0;0.0;0.0;0.0;0.0;0.0;0.0;0.0;0.0;0.0;0.0;0.0;0.0;0.0;0.0;0.0;0.0;0.0;0.0;0.0;0.0;0.0;0.0
Parambu;PARAMBU;-6.2158611111111;-40.702777777778;2017;6;4.0;4.0;0.0;0.0;0.0;0.0;0.0;0.0;0.0;0.0;0.0;0.0;0.0;0.0;0.0;0.0;0.0;0.0;0.0;0.0;0.0;0.0;0.0;0.0;0.0;0.0;0.0;0.0;0.0;0.0;0.0;888.0
Parambu;PARAMBU;-6.2158611111111;-40.702777777778;2017;7;3.0;0.0;0.0;3.0;0.0;0.0;0.0;0.0;0.0;0.0;0.0;0.0;0.0;0.0;0.0;0.0;0.0;0.0;0.0;0.0;0.0;0.0;0.0;0.0;0.0;0.0;0.0;0.0;0.0;0.0;0.0;0.0
Parambu;PARAMBU;-6.2158611111111;-40.702777777778;2017;8;0.0;0.0;0.0;0.0;0.0;0.0;0.0;0.0;0.0;0.0;0.0;0.0;0.0;0.0;0.0;0.0;0.0;0.0;0.0;0.0;0.0;0.0;0.0;0.0;0.0;0.0;0.0;0.0;0.0;0.0;0.0;0.0
Parambu;PARAMBU;-6.2158611111111;-40.702777777778;2017;9;0.0;0.0;0.0;0.0;0.0;0.0;0.0;0.0;0.0;0.0;0.0;0.0;0.0;0.0;0.0;0.0;0.0;0.0;0.0;0.0;0.0;0.0;0.0;0.0;0.0;0.0;0.0;0.0;0.0;0.0;0.0;888.0
Parambu;PARAMBU;-6.2158611111111;-40.702777777778;2017;10;0.0;0.0;0.0;0.0;0.0;0.0;0.0;0.0;0.0;0.0;0.0;0.0;0.0;0.0;0.0;0.0;0.0;0.0;0.0;0.0;0.0;0.0;0.0;0.0;0.0;0.0;0.0;0.0;0.0;0.0;0.0;0.0
Parambu;PARAMBU;-6.2158611111111;-40.702777777778;2017;11;0.0;0.0;0.0;0.0;0.0;0.0;0.0;0.0;0.0;0.0;0.0;0.0;0.0;0.0;0.0;0.0;0.0;0.0;0.0;0.0;0.0;0.0;0.0;0.0;0.0;0.0;0.0;0.0;0.0;0.0;0.0;888.0
Parambu;PARAMBU;-6.2158611111111;-40.702777777778;2017;12;0.0;0.0;0.0;0.0;0.0;0.0;0.0;0.0;0.0;0.0;0.0;0.0;0.0;0.0;0.0;0.0;0.0;0.0;0.0;0.0;0.0;0.0;0.0;0.0;0.0;0.0;0.0;0.0;0.0;0.0;0.0;0.0
Parambu;PARAMBU;-6.2158611111111;-40.702777777778;2018;1;50.2;0.0;0.0;0.0;0.0;0.0;0.0;0.0;0.0;0.0;0.0;0.0;0.0;0.0;0.0;0.0;0.0;0.0;0.0;5.0;0.0;0.0;0.0;0.0;0.0;0.0;3.2;0.0;0.0;26.0;16.0;0.0
Parambu;PARAMBU;-6.2158611111111;-40.702777777778;2018;2;80.5;0.0;0.0;0.0;0.0;2.0;0.0;5.0;0.0;0.0;0.0;8.0;0.0;0.0;20.0;20.0;0.0;0.0;0.0;0.0;0.0;0.0;17.1;8.2;0.0;0.0;0.0;0.2;0.0;888.0;888.0;888.0
Parambu;PARAMBU;-6.2158611111111;-40.702777777778;2018;3;115.9;0.7;37.8;0.0;23.0;0.0;0.0;0.0;0.0;0.0;0.0;0.0;10.6;0.0;0.9;0.0;0.0;0.0;0.0;0.0;0.0;0.0;0.0;0.0;0.0;0.0;0.0;1.9;0.0;3.0;38.0;0.0
Parambu;PARAMBU;-6.2158611111111;-40.702777777778;2018;4;114.0;0.0;10.2;0.0;0.0;0.0;0.0;0.0;0.0;0.0;0.0;50.8;0.0;24.0;0.0;0.0;0.0;0.0;0.0;15.0;14.0;0.0;0.0;0.0;0.0;0.0;0.0;0.0;0.0;0.0;0.0;888.0
Parambu;PARAMBU;-6.2158611111111;-40.702777777778;2018;5;27.0;0.0;0.0;0.0;0.0;0.0;0.0;0.0;0.0;0.0;0.0;0.0;0.0;0.0;0.0;0.0;0.0;27.0;0.0;0.0;0.0;0.0;0.0;0.0;0.0;0.0;0.0;0.0;0.0;0.0;0.0;0.0
Parambu;PARAMBU;-6.2158611111111;-40.702777777778;2018;6;0.0;0.0;0.0;0.0;0.0;0.0;0.0;0.0;0.0;0.0;0.0;0.0;0.0;0.0;0.0;0.0;0.0;0.0;0.0;0.0;0.0;0.0;0.0;0.0;0.0;0.0;0.0;0.0;0.0;0.0;0.0;888.0
Parambu;PARAMBU;-6.2158611111111;-40.702777777778;2018;7;0.0;0.0;0.0;0.0;0.0;0.0;0.0;0.0;0.0;0.0;0.0;0.0;0.0;0.0;0.0;0.0;0.0;0.0;0.0;0.0;0.0;0.0;0.0;0.0;0.0;0.0;0.0;0.0;0.0;0.0;0.0;0.0
Parambu;PARAMBU;-6.2158611111111;-40.702777777778;2018;8;0.0;0.0;0.0;0.0;0.0;0.0;0.0;0.0;0.0;0.0;0.0;0.0;0.0;0.0;0.0;0.0;0.0;0.0;0.0;0.0;0.0;0.0;0.0;0.0;0.0;0.0;0.0;0.0;0.0;0.0;0.0;0.0
Parambu;PARAMBU;-6.2158611111111;-40.702777777778;2018;9;0.0;0.0;0.0;0.0;0.0;0.0;0.0;0.0;0.0;0.0;0.0;0.0;0.0;0.0;0.0;0.0;0.0;0.0;0.0;0.0;0.0;0.0;0.0;0.0;0.0;0.0;0.0;0.0;0.0;0.0;0.0;888.0
Parambu;PARAMBU;-6.2158611111111;-40.702777777778;2018;10;0.0;0.0;0.0;999.0;999.0;999.0;999.0;999.0;999.0;999.0;999.0;999.0;999.0;999.0;999.0;999.0;999.0;999.0;999.0;999.0;999.0;999.0;999.0;999.0;999.0;999.0;999.0;999.0;999.0;999.0;999.0;999.0
