Municipios;Postos;Latitude;Longitude;Anos;Meses;Total;Dia1;Dia2;Dia3;Dia4;Dia5;Dia6;Dia7;Dia8;Dia9;Dia10;Dia11;Dia12;Dia13;Dia14;Dia15;Dia16;Dia17;Dia18;Dia19;Dia20;Dia21;Dia22;Dia23;Dia24;Dia25;Dia26;Dia27;Dia28;Dia29;Dia30;Dia31
Penaforte;PENAFORTE;-7.8275;-39.0760555556;1981;1;41.9;0.0;0.0;0.0;0.0;0.0;0.0;0.0;0.0;0.0;0.0;5.2;0.0;0.0;0.0;0.0;0.0;0.0;0.0;19.0;4.3;0.0;0.0;0.0;0.0;0.0;0.0;0.0;6.3;0.0;0.0;7.1
Penaforte;PENAFORTE;-7.8275;-39.0760555556;1981;2;18.3;0.0;0.0;0.0;0.0;0.0;0.0;18.3;0.0;0.0;0.0;0.0;0.0;0.0;0.0;0.0;0.0;0.0;0.0;0.0;0.0;0.0;0.0;0.0;0.0;0.0;0.0;0.0;0.0;888.0;888.0;888.0
Penaforte;PENAFORTE;-7.8275;-39.0760555556;1981;3;243.0;0.0;0.0;0.0;0.0;0.0;0.0;0.0;0.0;0.0;0.0;0.0;0.0;17.0;20.0;51.0;0.0;22.0;0.0;17.0;0.0;0.0;0.0;0.0;81.0;35.0;0.0;0.0;0.0;0.0;0.0;0.0
Penaforte;PENAFORTE;-7.8275;-39.0760555556;1981;4;126.0;0.0;67.0;33.0;26.0;0.0;0.0;0.0;0.0;0.0;0.0;0.0;0.0;0.0;0.0;0.0;0.0;0.0;0.0;0.0;0.0;0.0;0.0;0.0;0.0;0.0;0.0;0.0;0.0;0.0;0.0;888.0
Penaforte;PENAFORTE;-7.8275;-39.0760555556;1981;5;0.0;0.0;0.0;0.0;0.0;0.0;0.0;0.0;0.0;0.0;0.0;0.0;0.0;0.0;0.0;0.0;0.0;0.0;0.0;0.0;0.0;0.0;0.0;0.0;0.0;0.0;0.0;0.0;0.0;0.0;0.0;0.0
Penaforte;PENAFORTE;-7.8275;-39.0760555556;1981;6;6.2;0.0;0.0;0.0;0.0;0.0;0.0;6.2;0.0;0.0;0.0;0.0;0.0;0.0;0.0;0.0;0.0;0.0;0.0;0.0;0.0;0.0;0.0;0.0;0.0;0.0;0.0;0.0;0.0;0.0;0.0;888.0
Penaforte;PENAFORTE;-7.8275;-39.0760555556;1981;7;0.0;0.0;0.0;0.0;0.0;0.0;0.0;0.0;0.0;0.0;0.0;0.0;0.0;0.0;0.0;0.0;0.0;0.0;0.0;0.0;0.0;0.0;0.0;0.0;0.0;0.0;0.0;0.0;0.0;0.0;0.0;0.0
Penaforte;PENAFORTE;-7.8275;-39.0760555556;1981;8;0.0;0.0;0.0;0.0;0.0;0.0;0.0;0.0;0.0;0.0;0.0;0.0;0.0;0.0;0.0;0.0;0.0;0.0;0.0;0.0;0.0;0.0;0.0;0.0;0.0;0.0;0.0;0.0;0.0;0.0;0.0;0.0
Penaforte;PENAFORTE;-7.8275;-39.0760555556;1981;9;0.0;0.0;0.0;0.0;0.0;0.0;0.0;0.0;0.0;0.0;0.0;0.0;0.0;0.0;0.0;0.0;0.0;0.0;0.0;0.0;0.0;0.0;0.0;0.0;0.0;0.0;0.0;0.0;0.0;0.0;0.0;888.0
Penaforte;PENAFORTE;-7.8275;-39.0760555556;1981;10;0.0;0.0;0.0;0.0;0.0;0.0;0.0;0.0;0.0;0.0;0.0;0.0;0.0;0.0;0.0;0.0;0.0;0.0;0.0;0.0;0.0;0.0;0.0;0.0;0.0;0.0;0.0;0.0;0.0;0.0;0.0;0.0
Penaforte;PENAFORTE;-7.8275;-39.0760555556;1981;11;0.0;0.0;0.0;0.0;0.0;0.0;0.0;0.0;0.0;0.0;0.0;0.0;0.0;0.0;0.0;0.0;0.0;0.0;0.0;0.0;0.0;0.0;0.0;0.0;0.0;0.0;0.0;0.0;0.0;0.0;0.0;888.0
Penaforte;PENAFORTE;-7.8275;-39.0760555556;1981;12;26.8;0.0;0.0;0.0;0.0;0.0;7.6;0.0;0.0;0.0;5.0;0.0;1.9;0.0;0.0;0.0;0.0;0.0;0.0;0.0;0.0;0.0;0.0;0.0;0.0;0.0;0.0;0.0;0.0;0.0;5.2;7.1
Penaforte;PENAFORTE;-7.8275;-39.0760555556;1982;1;42.0;0.0;0.0;0.0;0.0;0.0;42.0;0.0;0.0;0.0;0.0;0.0;0.0;0.0;0.0;0.0;0.0;0.0;0.0;0.0;0.0;0.0;0.0;0.0;0.0;0.0;0.0;0.0;0.0;0.0;0.0;0.0
Penaforte;PENAFORTE;-7.8275;-39.0760555556;1982;2;58.2;0.0;0.0;0.0;0.0;49.0;0.0;4.0;0.0;0.0;0.0;0.0;0.0;0.0;0.0;0.0;5.2;0.0;0.0;0.0;0.0;0.0;0.0;0.0;0.0;0.0;0.0;0.0;0.0;888.0;888.0;888.0
Penaforte;PENAFORTE;-7.8275;-39.0760555556;1982;3;33.5;0.0;0.0;0.0;0.0;14.0;0.0;11.0;0.0;0.0;0.0;0.0;0.0;0.0;0.0;0.0;8.5;0.0;0.0;0.0;0.0;0.0;0.0;0.0;0.0;0.0;0.0;0.0;0.0;0.0;0.0;0.0
Penaforte;PENAFORTE;-7.8275;-39.0760555556;1982;4;13.0;0.0;0.0;0.0;0.0;0.0;0.0;0.0;0.0;0.0;0.0;0.0;0.0;4.0;0.0;0.0;0.0;9.0;0.0;0.0;0.0;0.0;0.0;0.0;0.0;0.0;0.0;0.0;0.0;0.0;0.0;888.0
Penaforte;PENAFORTE;-7.8275;-39.0760555556;1982;5;0.0;0.0;0.0;0.0;0.0;0.0;0.0;0.0;0.0;0.0;0.0;0.0;0.0;0.0;0.0;0.0;0.0;0.0;0.0;0.0;0.0;0.0;0.0;0.0;0.0;0.0;0.0;0.0;0.0;0.0;0.0;0.0
Penaforte;PENAFORTE;-7.8275;-39.0760555556;1982;6;0.0;0.0;0.0;0.0;0.0;0.0;0.0;0.0;0.0;0.0;0.0;0.0;0.0;0.0;0.0;0.0;0.0;0.0;0.0;0.0;0.0;0.0;0.0;0.0;0.0;0.0;0.0;0.0;0.0;0.0;0.0;888.0
Penaforte;PENAFORTE;-7.8275;-39.0760555556;1982;7;0.0;0.0;0.0;0.0;0.0;0.0;0.0;0.0;0.0;0.0;0.0;0.0;0.0;0.0;0.0;0.0;0.0;0.0;0.0;0.0;0.0;0.0;0.0;0.0;0.0;0.0;0.0;0.0;0.0;0.0;0.0;0.0
Penaforte;PENAFORTE;-7.8275;-39.0760555556;1982;8;0.0;0.0;0.0;0.0;0.0;0.0;0.0;0.0;0.0;0.0;0.0;0.0;0.0;0.0;0.0;0.0;0.0;0.0;0.0;0.0;0.0;0.0;0.0;0.0;0.0;0.0;0.0;0.0;0.0;0.0;0.0;0.0
Penaforte;PENAFORTE;-7.8275;-39.0760555556;1982;9;6.0;0.0;0.0;0.0;0.0;0.0;0.0;0.0;0.0;0.0;0.0;0.0;0.0;0.0;0.0;0.0;0.0;0.0;0.0;0.0;0.0;0.0;0.0;0.0;0.0;0.0;0.0;0.0;0.0;0.0;6.0;888.0
Penaforte;PENAFORTE;-7.8275;-39.0760555556;1982;10;6.0;0.0;0.0;0.0;0.0;0.0;0.0;0.0;0.0;0.0;0.0;0.0;0.0;0.0;0.0;0.0;0.0;0.0;0.0;0.0;0.0;0.0;0.0;0.0;0.0;0.0;0.0;0.0;0.0;6.0;0.0;0.0
Penaforte;PENAFORTE;-7.8275;-39.0760555556;1982;11;0.0;0.0;0.0;0.0;0.0;0.0;0.0;0.0;0.0;0.0;0.0;0.0;0.0;0.0;0.0;0.0;0.0;0.0;0.0;0.0;0.0;0.0;0.0;0.0;0.0;0.0;0.0;0.0;0.0;0.0;0.0;888.0
Penaforte;PENAFORTE;-7.8275;-39.0760555556;1982;12;84.0;0.0;0.0;0.0;0.0;0.0;0.0;0.0;0.0;0.0;0.0;0.0;0.0;0.0;0.0;0.0;0.0;0.0;0.0;0.0;0.0;0.0;0.0;0.0;20.0;0.0;0.0;0.0;14.0;0.0;0.0;50.0
Penaforte;PENAFORTE;-7.8275;-39.0760555556;1983;1;55.0;0.0;0.0;0.0;0.0;0.0;0.0;0.0;0.0;0.0;0.0;0.0;0.0;0.0;0.0;0.0;0.0;0.0;0.0;0.0;0.0;3.0;22.0;0.0;15.0;0.0;0.0;15.0;0.0;0.0;0.0;0.0
Penaforte;PENAFORTE;-7.8275;-39.0760555556;1983;2;174.5;0.0;0.0;0.0;26.0;10.5;42.0;0.0;0.0;6.0;9.0;61.0;0.0;0.0;0.0;0.0;0.0;0.0;0.0;0.0;20.0;0.0;0.0;0.0;0.0;0.0;0.0;0.0;0.0;888.0;888.0;888.0
Penaforte;PENAFORTE;-7.8275;-39.0760555556;1983;3;97.0;0.0;0.0;0.0;0.0;0.0;0.0;0.0;0.0;0.0;0.0;0.0;0.0;0.0;0.0;0.0;0.0;0.0;0.0;0.0;0.0;0.0;0.0;0.0;0.0;39.0;0.0;51.0;0.0;7.0;0.0;0.0
Penaforte;PENAFORTE;-7.8275;-39.0760555556;1983;4;23.0;0.0;0.0;0.0;0.0;6.0;0.0;17.0;0.0;0.0;0.0;0.0;0.0;0.0;0.0;0.0;0.0;0.0;0.0;0.0;0.0;0.0;0.0;0.0;0.0;0.0;0.0;0.0;0.0;0.0;0.0;888.0
Penaforte;PENAFORTE;-7.8275;-39.0760555556;1983;5;0.0;0.0;0.0;0.0;0.0;0.0;0.0;0.0;0.0;0.0;0.0;0.0;0.0;0.0;0.0;0.0;0.0;0.0;0.0;0.0;0.0;0.0;0.0;0.0;0.0;0.0;0.0;0.0;0.0;0.0;0.0;0.0
Penaforte;PENAFORTE;-7.8275;-39.0760555556;1983;6;0.0;0.0;0.0;0.0;0.0;0.0;0.0;0.0;0.0;0.0;0.0;0.0;0.0;0.0;0.0;0.0;0.0;0.0;0.0;0.0;0.0;0.0;0.0;0.0;0.0;0.0;0.0;0.0;0.0;0.0;0.0;888.0
Penaforte;PENAFORTE;-7.8275;-39.0760555556;1983;7;6.0;0.0;0.0;6.0;0.0;0.0;0.0;0.0;0.0;0.0;0.0;0.0;0.0;0.0;0.0;0.0;0.0;0.0;0.0;0.0;0.0;0.0;0.0;0.0;0.0;0.0;0.0;0.0;0.0;0.0;0.0;0.0
Penaforte;PENAFORTE;-7.8275;-39.0760555556;1983;8;0.0;0.0;0.0;0.0;0.0;0.0;0.0;0.0;0.0;0.0;0.0;0.0;0.0;0.0;0.0;0.0;0.0;0.0;0.0;0.0;0.0;0.0;0.0;0.0;0.0;0.0;0.0;0.0;0.0;0.0;0.0;0.0
Penaforte;PENAFORTE;-7.8275;-39.0760555556;1983;9;0.0;0.0;0.0;0.0;0.0;0.0;0.0;0.0;0.0;0.0;0.0;0.0;0.0;0.0;0.0;0.0;0.0;0.0;0.0;0.0;0.0;0.0;0.0;0.0;0.0;0.0;0.0;0.0;0.0;0.0;0.0;888.0
Penaforte;PENAFORTE;-7.8275;-39.0760555556;1983;10;0.0;0.0;0.0;0.0;0.0;0.0;0.0;0.0;0.0;0.0;0.0;0.0;0.0;0.0;0.0;0.0;0.0;0.0;0.0;0.0;0.0;0.0;0.0;0.0;0.0;0.0;0.0;0.0;0.0;0.0;0.0;0.0
Penaforte;PENAFORTE;-7.8275;-39.0760555556;1983;11;18.0;0.0;0.0;0.0;0.0;0.0;0.0;0.0;0.0;0.0;0.0;0.0;0.0;0.0;0.0;0.0;0.0;0.0;0.0;0.0;0.0;0.0;0.0;0.0;0.0;0.0;0.0;0.0;0.0;7.0;11.0;888.0
Penaforte;PENAFORTE;-7.8275;-39.0760555556;1983;12;0.0;0.0;0.0;0.0;0.0;0.0;0.0;0.0;0.0;0.0;0.0;0.0;0.0;0.0;0.0;0.0;0.0;0.0;0.0;0.0;0.0;0.0;0.0;0.0;0.0;0.0;0.0;0.0;0.0;0.0;0.0;0.0
Penaforte;PENAFORTE;-7.8275;-39.0760555556;1984;1;50.0;0.0;0.0;0.0;2.0;0.0;0.0;0.0;0.0;8.0;0.0;0.0;0.0;25.0;0.0;0.0;0.0;8.0;0.0;7.0;0.0;0.0;0.0;0.0;0.0;0.0;0.0;0.0;0.0;0.0;0.0;0.0
Penaforte;PENAFORTE;-7.8275;-39.0760555556;1984;2;47.0;0.0;0.0;0.0;0.0;0.0;0.0;0.0;0.0;0.0;0.0;0.0;0.0;13.0;22.0;7.0;0.0;0.0;0.0;0.0;0.0;0.0;0.0;5.0;0.0;0.0;0.0;0.0;0.0;0.0;888.0;888.0
Penaforte;PENAFORTE;-7.8275;-39.0760555556;1984;3;87.0;0.0;0.0;0.0;0.0;26.0;0.0;0.0;0.0;0.0;0.0;15.0;0.0;0.0;10.0;0.0;26.5;0.0;0.0;0.0;0.0;0.0;0.0;6.0;0.0;0.0;0.0;0.0;0.0;0.0;3.5;0.0
Penaforte;PENAFORTE;-7.8275;-39.0760555556;1984;4;248.0;0.0;0.0;26.0;0.0;0.0;41.0;0.0;0.0;0.0;27.0;0.0;0.0;0.0;13.0;0.0;0.0;8.0;55.0;0.0;21.0;0.0;0.0;32.0;25.0;0.0;0.0;0.0;0.0;0.0;0.0;888.0
Penaforte;PENAFORTE;-7.8275;-39.0760555556;1984;5;0.0;0.0;0.0;0.0;0.0;0.0;0.0;0.0;0.0;0.0;0.0;0.0;0.0;0.0;0.0;0.0;0.0;0.0;0.0;0.0;0.0;0.0;0.0;0.0;0.0;0.0;0.0;0.0;0.0;0.0;0.0;0.0
Penaforte;PENAFORTE;-7.8275;-39.0760555556;1984;6;0.0;0.0;0.0;0.0;0.0;0.0;0.0;0.0;0.0;0.0;0.0;0.0;0.0;0.0;0.0;0.0;0.0;0.0;0.0;0.0;0.0;0.0;0.0;0.0;0.0;0.0;0.0;0.0;0.0;0.0;0.0;888.0
Penaforte;PENAFORTE;-7.8275;-39.0760555556;1984;7;0.0;0.0;0.0;0.0;0.0;0.0;0.0;0.0;0.0;0.0;0.0;0.0;0.0;0.0;0.0;0.0;0.0;0.0;0.0;0.0;0.0;0.0;0.0;0.0;0.0;0.0;0.0;0.0;0.0;0.0;0.0;0.0
Penaforte;PENAFORTE;-7.8275;-39.0760555556;1984;8;0.0;0.0;0.0;0.0;0.0;0.0;0.0;0.0;0.0;0.0;0.0;0.0;0.0;0.0;0.0;0.0;0.0;0.0;0.0;0.0;0.0;0.0;0.0;0.0;0.0;0.0;0.0;0.0;0.0;0.0;0.0;0.0
Penaforte;PENAFORTE;-7.8275;-39.0760555556;1984;9;0.0;0.0;0.0;0.0;0.0;0.0;0.0;0.0;0.0;0.0;0.0;0.0;0.0;0.0;0.0;0.0;0.0;0.0;0.0;0.0;0.0;0.0;0.0;0.0;0.0;0.0;0.0;0.0;0.0;0.0;0.0;888.0
Penaforte;PENAFORTE;-7.8275;-39.0760555556;1984;10;0.0;0.0;0.0;0.0;0.0;0.0;0.0;0.0;0.0;0.0;0.0;0.0;0.0;0.0;0.0;0.0;0.0;0.0;0.0;0.0;0.0;0.0;0.0;0.0;0.0;0.0;0.0;0.0;0.0;0.0;0.0;0.0
Penaforte;PENAFORTE;-7.8275;-39.0760555556;1984;11;10.0;0.0;0.0;0.0;7.0;0.0;0.0;0.0;0.0;0.0;0.0;0.0;0.0;0.0;0.0;0.0;0.0;0.0;0.0;0.0;0.0;0.0;0.0;0.0;0.0;0.0;0.0;0.0;0.0;0.0;3.0;888.0
Penaforte;PENAFORTE;-7.8275;-39.0760555556;1984;12;12.0;0.0;0.0;0.0;0.0;0.0;0.0;0.0;0.0;0.0;0.0;0.0;0.0;0.0;0.0;0.0;0.0;0.0;0.0;0.0;0.0;0.0;0.0;0.0;4.0;0.0;0.0;0.0;0.0;0.0;0.0;8.0
Penaforte;PENAFORTE;-7.8275;-39.0760555556;1985;1;253.5;0.0;0.0;0.0;0.0;0.0;0.0;28.0;25.0;15.0;0.0;62.0;40.0;0.0;0.0;0.0;0.0;0.0;0.0;39.0;0.0;0.0;8.0;0.0;10.5;0.0;0.0;0.0;0.0;12.0;0.0;14.0
Penaforte;PENAFORTE;-7.8275;-39.0760555556;1985;2;205.0;11.0;0.0;0.0;2.0;3.0;2.0;0.0;0.0;0.0;29.0;7.0;0.0;1.0;10.0;68.0;0.0;0.0;17.0;0.0;20.0;1.0;34.0;0.0;0.0;0.0;0.0;0.0;0.0;888.0;888.0;888.0
Penaforte;PENAFORTE;-7.8275;-39.0760555556;1985;3;281.0;0.0;49.0;27.0;1.0;0.0;14.0;5.0;0.0;0.0;0.0;0.0;16.0;0.0;0.0;5.0;0.0;0.0;0.0;0.0;46.0;0.0;0.0;24.0;41.0;0.0;0.0;0.0;18.0;0.0;0.0;35.0
Penaforte;PENAFORTE;-7.8275;-39.0760555556;1985;4;258.0;7.0;0.0;20.0;3.0;0.0;6.0;0.0;12.0;22.0;25.0;6.0;15.0;6.0;39.0;2.0;0.0;2.0;0.0;0.0;0.0;0.0;0.0;0.0;0.0;2.0;26.0;0.0;36.0;0.0;29.0;888.0
Penaforte;PENAFORTE;-7.8275;-39.0760555556;1985;5;41.2;0.0;0.0;3.0;3.0;0.0;19.0;0.0;0.0;0.0;0.0;0.0;0.0;0.0;4.0;0.0;0.0;0.0;0.0;0.0;0.0;0.0;0.0;12.2;0.0;0.0;0.0;0.0;0.0;0.0;0.0;0.0
Penaforte;PENAFORTE;-7.8275;-39.0760555556;1985;6;22.0;0.0;0.0;0.0;0.0;0.0;7.0;12.0;0.0;0.0;0.0;0.0;0.0;0.0;0.0;0.0;0.0;0.0;0.0;0.0;0.0;3.0;0.0;0.0;0.0;0.0;0.0;0.0;0.0;0.0;0.0;888.0
Penaforte;PENAFORTE;-7.8275;-39.0760555556;1985;7;0.0;0.0;0.0;0.0;0.0;0.0;0.0;0.0;0.0;0.0;0.0;0.0;0.0;0.0;0.0;0.0;0.0;0.0;0.0;0.0;0.0;0.0;0.0;0.0;0.0;0.0;0.0;0.0;0.0;0.0;0.0;0.0
Penaforte;PENAFORTE;-7.8275;-39.0760555556;1985;8;0.0;0.0;0.0;0.0;0.0;0.0;0.0;0.0;0.0;0.0;0.0;0.0;0.0;0.0;0.0;0.0;0.0;0.0;0.0;0.0;0.0;0.0;0.0;0.0;0.0;0.0;0.0;0.0;0.0;0.0;0.0;0.0
Penaforte;PENAFORTE;-7.8275;-39.0760555556;1985;9;0.0;0.0;0.0;0.0;0.0;0.0;0.0;0.0;0.0;0.0;0.0;0.0;0.0;0.0;0.0;0.0;0.0;0.0;0.0;0.0;0.0;0.0;0.0;0.0;0.0;0.0;0.0;0.0;0.0;0.0;0.0;888.0
Penaforte;PENAFORTE;-7.8275;-39.0760555556;1985;10;0.0;0.0;0.0;0.0;0.0;0.0;0.0;0.0;0.0;0.0;0.0;0.0;0.0;0.0;0.0;0.0;0.0;0.0;0.0;0.0;0.0;0.0;0.0;0.0;0.0;0.0;0.0;0.0;0.0;0.0;0.0;0.0
Penaforte;PENAFORTE;-7.8275;-39.0760555556;1985;11;0.0;0.0;0.0;0.0;0.0;0.0;0.0;0.0;0.0;0.0;0.0;0.0;0.0;0.0;0.0;0.0;0.0;0.0;0.0;0.0;0.0;0.0;0.0;0.0;0.0;0.0;0.0;0.0;0.0;0.0;0.0;888.0
Penaforte;PENAFORTE;-7.8275;-39.0760555556;1985;12;260.0;0.0;0.0;0.0;0.0;12.0;0.0;0.0;16.0;4.0;0.0;14.0;0.0;4.0;24.0;62.0;26.0;0.0;30.0;0.0;0.0;0.0;0.0;0.0;48.0;0.0;0.0;20.0;0.0;0.0;0.0;0.0
Penaforte;PENAFORTE;-7.8275;-39.0760555556;1986;1;49.0;0.0;0.0;0.0;0.0;0.0;0.0;28.0;0.0;0.0;0.0;0.0;0.0;0.0;0.0;0.0;0.0;0.0;0.0;0.0;0.0;0.0;5.0;0.0;0.0;0.0;0.0;16.0;0.0;0.0;0.0;0.0
Penaforte;PENAFORTE;-7.8275;-39.0760555556;1986;2;75.0;0.0;0.0;0.0;0.0;28.0;6.0;0.0;0.0;3.0;5.0;0.0;0.0;0.0;0.0;5.0;0.0;0.0;0.0;0.0;0.0;0.0;0.0;0.0;3.0;0.0;23.0;2.0;0.0;888.0;888.0;888.0
Penaforte;PENAFORTE;-7.8275;-39.0760555556;1986;3;146.0;0.0;0.0;13.0;1.0;11.0;0.0;0.0;7.0;0.0;0.0;0.0;0.0;0.0;24.0;0.0;7.0;0.0;7.0;0.0;0.0;0.0;0.0;4.0;0.0;0.0;14.0;0.0;0.0;0.0;32.0;26.0
Penaforte;PENAFORTE;-7.8275;-39.0760555556;1986;4;106.0;0.0;0.0;0.0;8.0;0.0;0.0;0.0;0.0;5.0;0.0;0.0;0.0;0.0;0.0;7.0;17.0;0.0;0.0;0.0;0.0;24.0;0.0;11.0;0.0;18.0;0.0;0.0;0.0;0.0;16.0;888.0
Penaforte;PENAFORTE;-7.8275;-39.0760555556;1986;5;11.0;0.0;0.0;3.0;0.0;0.0;0.0;0.0;0.0;0.0;0.0;0.0;8.0;0.0;0.0;0.0;0.0;0.0;0.0;0.0;0.0;0.0;0.0;0.0;0.0;0.0;0.0;0.0;0.0;0.0;0.0;0.0
Penaforte;PENAFORTE;-7.8275;-39.0760555556;1986;6;12.0;0.0;0.0;0.0;0.0;0.0;0.0;0.0;0.0;0.0;0.0;0.0;0.0;10.0;2.0;0.0;0.0;0.0;0.0;0.0;0.0;0.0;0.0;0.0;0.0;0.0;0.0;0.0;0.0;0.0;0.0;888.0
Penaforte;PENAFORTE;-7.8275;-39.0760555556;1986;7;0.0;0.0;0.0;0.0;0.0;0.0;0.0;0.0;0.0;0.0;0.0;0.0;0.0;0.0;0.0;0.0;0.0;0.0;0.0;0.0;0.0;0.0;0.0;0.0;0.0;0.0;0.0;0.0;0.0;0.0;0.0;0.0
Penaforte;PENAFORTE;-7.8275;-39.0760555556;1986;8;0.0;0.0;0.0;0.0;0.0;0.0;0.0;0.0;0.0;0.0;0.0;0.0;0.0;0.0;0.0;0.0;0.0;0.0;0.0;0.0;0.0;0.0;0.0;0.0;0.0;0.0;0.0;0.0;0.0;0.0;0.0;0.0
Penaforte;PENAFORTE;-7.8275;-39.0760555556;1986;9;0.0;0.0;0.0;0.0;0.0;0.0;0.0;0.0;0.0;0.0;0.0;0.0;0.0;0.0;0.0;0.0;0.0;0.0;0.0;0.0;0.0;0.0;0.0;0.0;0.0;0.0;0.0;0.0;0.0;0.0;0.0;888.0
Penaforte;PENAFORTE;-7.8275;-39.0760555556;1986;10;0.0;0.0;0.0;0.0;0.0;0.0;0.0;0.0;0.0;0.0;0.0;0.0;0.0;0.0;0.0;0.0;0.0;0.0;0.0;0.0;0.0;0.0;0.0;0.0;0.0;0.0;0.0;0.0;0.0;0.0;0.0;0.0
Penaforte;PENAFORTE;-7.8275;-39.0760555556;1986;11;0.0;0.0;0.0;0.0;0.0;0.0;0.0;0.0;0.0;0.0;0.0;0.0;0.0;0.0;0.0;0.0;0.0;0.0;0.0;0.0;0.0;0.0;0.0;0.0;0.0;0.0;0.0;0.0;0.0;0.0;0.0;888.0
Penaforte;PENAFORTE;-7.8275;-39.0760555556;1986;12;0.0;0.0;0.0;0.0;0.0;0.0;0.0;0.0;0.0;0.0;0.0;0.0;0.0;0.0;0.0;0.0;0.0;0.0;0.0;0.0;0.0;0.0;0.0;0.0;0.0;0.0;0.0;0.0;0.0;0.0;0.0;0.0
Penaforte;PENAFORTE;-7.8275;-39.0760555556;1987;1;34.0;0.0;0.0;0.0;0.0;0.0;0.0;0.0;0.0;0.0;0.0;0.0;0.0;0.0;0.0;0.0;0.0;0.0;0.0;0.0;7.0;27.0;0.0;0.0;0.0;0.0;0.0;0.0;0.0;0.0;0.0;0.0
Penaforte;PENAFORTE;-7.8275;-39.0760555556;1987;2;84.0;0.0;0.0;0.0;0.0;6.0;0.0;22.0;0.0;3.0;4.0;16.0;0.0;33.0;0.0;0.0;0.0;0.0;0.0;0.0;0.0;0.0;0.0;0.0;0.0;0.0;0.0;0.0;0.0;888.0;888.0;888.0
Penaforte;PENAFORTE;-7.8275;-39.0760555556;1987;3;132.0;0.0;0.0;7.0;38.0;0.0;0.0;0.0;0.0;0.0;0.0;0.0;12.0;16.0;0.0;10.0;0.0;0.0;0.0;0.0;0.0;20.0;0.0;20.0;9.0;0.0;0.0;0.0;0.0;0.0;0.0;0.0
Penaforte;PENAFORTE;-7.8275;-39.0760555556;1987;4;60.0;26.0;18.0;11.0;0.0;5.0;0.0;0.0;0.0;0.0;0.0;0.0;0.0;0.0;0.0;0.0;0.0;0.0;0.0;0.0;0.0;0.0;0.0;0.0;0.0;0.0;0.0;0.0;0.0;0.0;0.0;888.0
Penaforte;PENAFORTE;-7.8275;-39.0760555556;1987;5;31.0;0.0;0.0;0.0;23.0;0.0;0.0;0.0;0.0;0.0;0.0;0.0;0.0;0.0;0.0;0.0;0.0;0.0;0.0;0.0;8.0;0.0;0.0;0.0;0.0;0.0;0.0;0.0;0.0;0.0;0.0;0.0
Penaforte;PENAFORTE;-7.8275;-39.0760555556;1987;6;0.0;0.0;0.0;0.0;0.0;0.0;0.0;0.0;0.0;0.0;0.0;0.0;0.0;0.0;0.0;0.0;0.0;0.0;0.0;0.0;0.0;0.0;0.0;0.0;0.0;0.0;0.0;0.0;0.0;0.0;0.0;888.0
Penaforte;PENAFORTE;-7.8275;-39.0760555556;1987;7;40.0;0.0;0.0;24.0;9.0;7.0;0.0;0.0;0.0;0.0;0.0;0.0;0.0;0.0;0.0;0.0;0.0;0.0;0.0;0.0;0.0;0.0;0.0;0.0;0.0;0.0;0.0;0.0;0.0;0.0;0.0;0.0
Penaforte;PENAFORTE;-7.8275;-39.0760555556;1987;8;0.0;0.0;0.0;0.0;0.0;0.0;0.0;0.0;0.0;0.0;0.0;0.0;0.0;0.0;0.0;0.0;0.0;0.0;0.0;0.0;0.0;0.0;0.0;0.0;0.0;0.0;0.0;0.0;0.0;0.0;0.0;0.0
Penaforte;PENAFORTE;-7.8275;-39.0760555556;1987;9;0.0;0.0;0.0;0.0;0.0;0.0;0.0;0.0;0.0;0.0;0.0;0.0;0.0;0.0;0.0;0.0;0.0;0.0;0.0;0.0;0.0;0.0;0.0;0.0;0.0;0.0;0.0;0.0;0.0;0.0;0.0;888.0
Penaforte;PENAFORTE;-7.8275;-39.0760555556;1987;10;0.0;0.0;0.0;0.0;0.0;0.0;0.0;0.0;0.0;0.0;0.0;0.0;0.0;0.0;0.0;0.0;0.0;0.0;0.0;0.0;0.0;0.0;0.0;0.0;0.0;0.0;0.0;0.0;0.0;0.0;0.0;0.0
Penaforte;PENAFORTE;-7.8275;-39.0760555556;1987;11;0.0;0.0;0.0;0.0;0.0;0.0;0.0;0.0;0.0;0.0;0.0;0.0;0.0;0.0;0.0;0.0;0.0;0.0;0.0;0.0;0.0;0.0;0.0;0.0;0.0;0.0;0.0;0.0;0.0;0.0;0.0;888.0
Penaforte;PENAFORTE;-7.8275;-39.0760555556;1987;12;0.0;0.0;0.0;0.0;0.0;0.0;0.0;0.0;0.0;0.0;0.0;0.0;0.0;0.0;0.0;0.0;0.0;0.0;0.0;0.0;0.0;0.0;0.0;0.0;0.0;0.0;0.0;0.0;0.0;0.0;0.0;0.0
Penaforte;PENAFORTE;-7.8275;-39.0760555556;1988;1;65.0;0.0;0.0;0.0;0.0;0.0;0.0;0.0;0.0;4.0;12.0;0.0;12.0;0.0;0.0;0.0;0.0;0.0;5.0;0.0;0.0;0.0;0.0;0.0;0.0;0.0;0.0;0.0;32.0;0.0;0.0;0.0
Penaforte;PENAFORTE;-7.8275;-39.0760555556;1988;2;59.0;0.0;0.0;4.0;0.0;4.0;0.0;0.0;0.0;0.0;0.0;0.0;0.0;0.0;0.0;0.0;0.0;0.0;0.0;31.0;20.0;0.0;0.0;0.0;0.0;0.0;0.0;0.0;0.0;0.0;888.0;888.0
Penaforte;PENAFORTE;-7.8275;-39.0760555556;1988;3;414.0;0.0;0.0;0.0;0.0;0.0;0.0;8.0;0.0;0.0;12.0;22.0;129.0;0.0;11.0;0.0;61.0;0.0;0.0;101.0;0.0;0.0;20.0;0.0;26.0;24.0;0.0;0.0;0.0;0.0;0.0;0.0
Penaforte;PENAFORTE;-7.8275;-39.0760555556;1988;4;219.0;0.0;0.0;0.0;0.0;0.0;0.0;0.0;0.0;0.0;0.0;0.0;0.0;7.0;0.0;24.0;0.0;0.0;50.0;22.0;0.0;0.0;0.0;0.0;0.0;64.0;0.0;0.0;0.0;0.0;52.0;888.0
Penaforte;PENAFORTE;-7.8275;-39.0760555556;1988;5;0.0;0.0;0.0;0.0;0.0;0.0;0.0;0.0;0.0;0.0;0.0;0.0;0.0;0.0;0.0;0.0;0.0;0.0;0.0;0.0;0.0;0.0;0.0;0.0;0.0;0.0;0.0;0.0;0.0;0.0;0.0;0.0
Penaforte;PENAFORTE;-7.8275;-39.0760555556;1988;6;0.0;0.0;0.0;0.0;0.0;0.0;0.0;0.0;0.0;0.0;0.0;0.0;0.0;0.0;0.0;0.0;0.0;0.0;0.0;0.0;0.0;0.0;0.0;0.0;0.0;0.0;0.0;0.0;0.0;0.0;0.0;888.0
Penaforte;PENAFORTE;-7.8275;-39.0760555556;1988;7;0.0;0.0;0.0;0.0;0.0;0.0;0.0;0.0;0.0;0.0;0.0;0.0;0.0;0.0;0.0;0.0;0.0;0.0;0.0;0.0;0.0;0.0;0.0;0.0;0.0;0.0;0.0;0.0;0.0;0.0;0.0;0.0
Penaforte;PENAFORTE;-7.8275;-39.0760555556;1988;8;0.0;0.0;0.0;0.0;0.0;0.0;0.0;0.0;0.0;0.0;0.0;0.0;0.0;0.0;0.0;0.0;0.0;0.0;0.0;0.0;0.0;0.0;0.0;0.0;0.0;0.0;0.0;0.0;0.0;0.0;0.0;0.0
Penaforte;PENAFORTE;-7.8275;-39.0760555556;1988;9;0.0;0.0;0.0;0.0;0.0;0.0;0.0;0.0;0.0;0.0;0.0;0.0;0.0;0.0;0.0;0.0;0.0;0.0;0.0;0.0;0.0;0.0;0.0;0.0;0.0;0.0;0.0;0.0;0.0;0.0;0.0;888.0
Penaforte;PENAFORTE;-7.8275;-39.0760555556;1988;10;20.0;0.0;0.0;0.0;0.0;5.0;0.0;0.0;0.0;0.0;0.0;0.0;0.0;0.0;15.0;0.0;0.0;0.0;0.0;0.0;0.0;0.0;0.0;0.0;0.0;0.0;0.0;0.0;0.0;0.0;0.0;0.0
Penaforte;PENAFORTE;-7.8275;-39.0760555556;1988;11;31.0;0.0;0.0;0.0;6.0;0.0;0.0;0.0;0.0;0.0;0.0;0.0;0.0;0.0;0.0;0.0;0.0;0.0;0.0;0.0;0.0;0.0;0.0;0.0;0.0;0.0;0.0;0.0;0.0;25.0;0.0;888.0
Penaforte;PENAFORTE;-7.8275;-39.0760555556;1988;12;248.0;0.0;117.0;0.0;0.0;0.0;0.0;0.0;88.0;0.0;0.0;0.0;0.0;0.0;0.0;0.0;0.0;19.0;0.0;24.0;0.0;0.0;0.0;0.0;0.0;0.0;0.0;0.0;0.0;0.0;0.0;0.0
Penaforte;PENAFORTE;-7.8275;-39.0760555556;1989;1;69.0;0.0;35.0;0.0;0.0;0.0;0.0;0.0;0.0;0.0;0.0;0.0;0.0;0.0;20.0;5.0;0.0;0.0;0.0;0.0;0.0;0.0;0.0;0.0;0.0;0.0;0.0;0.0;9.0;0.0;0.0;0.0
Penaforte;PENAFORTE;-7.8275;-39.0760555556;1989;2;72.0;0.0;0.0;0.0;0.0;8.0;0.0;0.0;0.0;28.0;19.0;0.0;0.0;0.0;0.0;0.0;0.0;0.0;0.0;0.0;0.0;0.0;0.0;17.0;0.0;0.0;0.0;0.0;0.0;888.0;888.0;888.0
Penaforte;PENAFORTE;-7.8275;-39.0760555556;1989;3;230.0;0.0;0.0;0.0;0.0;9.0;0.0;0.0;0.0;0.0;0.0;41.0;0.0;0.0;0.0;0.0;40.0;0.0;0.0;0.0;0.0;0.0;20.0;0.0;0.0;5.0;19.0;0.0;8.0;48.0;40.0;0.0
Penaforte;PENAFORTE;-7.8275;-39.0760555556;1989;4;202.0;0.0;0.0;0.0;20.0;40.0;0.0;0.0;2.0;49.0;0.0;0.0;12.0;0.0;0.0;0.0;0.0;0.0;0.0;0.0;0.0;0.0;0.0;0.0;0.0;10.0;0.0;0.0;0.0;47.0;22.0;888.0
Penaforte;PENAFORTE;-7.8275;-39.0760555556;1989;5;58.0;0.0;0.0;11.0;0.0;0.0;0.0;0.0;0.0;8.0;10.0;2.0;14.0;2.0;0.0;0.0;0.0;8.0;0.0;0.0;0.0;0.0;0.0;0.0;0.0;0.0;0.0;0.0;0.0;0.0;0.0;3.0
Penaforte;PENAFORTE;-7.8275;-39.0760555556;1989;6;4.0;0.0;0.0;0.0;0.0;0.0;0.0;0.0;0.0;2.0;0.0;0.0;0.0;0.0;2.0;0.0;0.0;0.0;0.0;0.0;0.0;0.0;0.0;0.0;0.0;0.0;0.0;0.0;0.0;0.0;0.0;888.0
Penaforte;PENAFORTE;-7.8275;-39.0760555556;1989;7;8.0;0.0;0.0;0.0;0.0;0.0;0.0;0.0;0.0;0.0;0.0;0.0;8.0;0.0;0.0;0.0;0.0;0.0;0.0;0.0;0.0;0.0;0.0;0.0;0.0;0.0;0.0;0.0;0.0;0.0;0.0;0.0
Penaforte;PENAFORTE;-7.8275;-39.0760555556;1989;8;0.0;0.0;0.0;0.0;0.0;0.0;0.0;0.0;0.0;0.0;0.0;0.0;0.0;0.0;0.0;0.0;0.0;0.0;0.0;0.0;0.0;0.0;0.0;0.0;0.0;0.0;0.0;0.0;0.0;0.0;0.0;0.0
Penaforte;PENAFORTE;-7.8275;-39.0760555556;1989;9;0.0;0.0;0.0;0.0;0.0;0.0;0.0;0.0;0.0;0.0;0.0;0.0;0.0;0.0;0.0;0.0;0.0;0.0;0.0;0.0;0.0;0.0;0.0;0.0;0.0;0.0;0.0;0.0;0.0;0.0;0.0;888.0
Penaforte;PENAFORTE;-7.8275;-39.0760555556;1989;10;0.0;0.0;0.0;0.0;0.0;0.0;0.0;0.0;0.0;0.0;0.0;0.0;0.0;0.0;0.0;0.0;0.0;0.0;0.0;0.0;0.0;0.0;0.0;0.0;0.0;0.0;0.0;0.0;0.0;0.0;0.0;0.0
Penaforte;PENAFORTE;-7.8275;-39.0760555556;1989;11;83.0;0.0;0.0;0.0;0.0;0.0;0.0;36.0;0.0;0.0;0.0;0.0;0.0;47.0;0.0;0.0;0.0;0.0;0.0;0.0;0.0;0.0;0.0;0.0;0.0;0.0;0.0;0.0;0.0;0.0;0.0;888.0
Penaforte;PENAFORTE;-7.8275;-39.0760555556;1989;12;65.0;0.0;0.0;0.0;0.0;0.0;0.0;0.0;0.0;0.0;0.0;0.0;0.0;0.0;0.0;0.0;0.0;0.0;0.0;0.0;60.0;0.0;4.0;0.0;0.0;0.0;1.0;0.0;0.0;0.0;0.0;0.0
Penaforte;PENAFORTE;-7.8275;-39.0760555556;1990;1;0.0;0.0;0.0;0.0;0.0;0.0;0.0;0.0;0.0;0.0;0.0;0.0;0.0;0.0;0.0;0.0;0.0;0.0;0.0;0.0;0.0;0.0;0.0;0.0;0.0;0.0;0.0;0.0;0.0;0.0;0.0;0.0
Penaforte;PENAFORTE;-7.8275;-39.0760555556;1990;2;148.0;0.0;0.0;0.0;0.0;0.0;0.0;0.0;2.0;0.0;0.0;0.0;80.0;0.0;0.0;0.0;0.0;0.0;28.0;0.0;0.0;0.0;0.0;0.0;38.0;0.0;0.0;0.0;0.0;888.0;888.0;888.0
Penaforte;PENAFORTE;-7.8275;-39.0760555556;1990;3;45.0;0.0;13.0;0.0;0.0;5.0;0.0;0.0;0.0;0.0;0.0;0.0;12.5;0.0;0.0;0.0;0.0;0.0;0.0;0.0;0.0;2.5;12.0;0.0;0.0;0.0;0.0;0.0;0.0;0.0;0.0;0.0
Penaforte;PENAFORTE;-7.8275;-39.0760555556;1990;4;90.0;0.0;0.0;18.0;6.0;0.0;0.0;0.0;13.0;0.0;0.0;11.0;0.0;0.0;0.0;0.0;0.0;0.0;0.0;5.0;0.0;0.0;0.0;0.0;0.0;0.0;0.0;0.0;0.0;37.0;0.0;888.0
Penaforte;PENAFORTE;-7.8275;-39.0760555556;1990;5;11.0;0.0;8.0;0.0;0.0;0.0;0.0;0.0;0.0;0.0;0.0;0.0;0.0;0.0;0.0;0.0;0.0;0.0;0.0;0.0;0.0;0.0;0.0;0.0;0.0;0.0;0.0;0.0;0.0;3.0;0.0;0.0
Penaforte;PENAFORTE;-7.8275;-39.0760555556;1990;6;16.0;0.0;0.0;0.0;0.0;0.0;0.0;0.0;0.0;0.0;0.0;0.0;0.0;0.0;0.0;0.0;0.0;0.0;0.0;0.0;0.0;0.0;0.0;0.0;0.0;16.0;0.0;0.0;0.0;0.0;0.0;888.0
Penaforte;PENAFORTE;-7.8275;-39.0760555556;1990;7;4.0;0.0;4.0;0.0;0.0;0.0;0.0;0.0;0.0;0.0;0.0;0.0;0.0;0.0;0.0;0.0;0.0;0.0;0.0;0.0;0.0;0.0;0.0;0.0;0.0;0.0;0.0;0.0;0.0;0.0;0.0;0.0
Penaforte;PENAFORTE;-7.8275;-39.0760555556;1990;8;9.0;0.0;0.0;0.0;0.0;0.0;0.0;0.0;0.0;0.0;0.0;0.0;0.0;0.0;0.0;0.0;0.0;0.0;0.0;0.0;0.0;0.0;0.0;0.0;0.0;0.0;0.0;0.0;5.0;4.0;0.0;0.0
Penaforte;PENAFORTE;-7.8275;-39.0760555556;1990;9;15.0;0.0;0.0;0.0;0.0;0.0;0.0;0.0;0.0;0.0;0.0;0.0;0.0;0.0;0.0;0.0;0.0;0.0;0.0;0.0;0.0;0.0;0.0;0.0;0.0;0.0;15.0;0.0;0.0;0.0;0.0;888.0
Penaforte;PENAFORTE;-7.8275;-39.0760555556;1990;10;0.0;0.0;0.0;0.0;0.0;0.0;0.0;0.0;0.0;0.0;0.0;0.0;0.0;0.0;0.0;0.0;0.0;0.0;0.0;0.0;0.0;0.0;0.0;0.0;0.0;0.0;0.0;0.0;0.0;0.0;0.0;0.0
Penaforte;PENAFORTE;-7.8275;-39.0760555556;1990;11;24.0;0.0;0.0;0.0;0.0;0.0;0.0;0.0;0.0;0.0;0.0;0.0;0.0;0.0;0.0;0.0;0.0;0.0;0.0;0.0;0.0;0.0;0.0;13.0;11.0;0.0;0.0;0.0;0.0;0.0;0.0;888.0
Penaforte;PENAFORTE;-7.8275;-39.0760555556;1990;12;13.0;0.0;0.0;0.0;0.0;0.0;0.0;0.0;0.0;0.0;0.0;0.0;0.0;0.0;0.0;0.0;0.0;0.0;0.0;13.0;0.0;0.0;0.0;0.0;0.0;0.0;0.0;0.0;0.0;0.0;0.0;0.0
Penaforte;PENAFORTE;-7.8275;-39.0760555556;1991;1;110.8;3.0;6.0;0.0;0.0;0.0;0.0;2.0;0.0;0.0;0.0;0.0;0.0;0.0;0.0;0.8;0.0;0.0;9.6;5.0;9.0;24.4;0.0;0.0;13.0;20.0;15.0;0.0;1.0;0.0;0.0;2.0
Penaforte;PENAFORTE;-7.8275;-39.0760555556;1991;2;96.6;0.0;0.0;55.0;0.0;0.0;2.2;5.0;5.0;0.0;0.0;0.0;0.0;0.0;5.0;12.0;7.0;0.0;4.0;1.4;0.0;0.0;0.0;0.0;0.0;0.0;0.0;0.0;0.0;888.0;888.0;888.0
Penaforte;PENAFORTE;-7.8275;-39.0760555556;1991;3;161.5;0.0;0.0;0.0;0.0;0.0;3.5;0.0;0.0;2.0;10.0;0.0;38.0;14.0;1.2;0.0;14.4;0.0;4.2;14.0;0.0;0.0;0.0;0.0;0.0;38.0;0.0;0.0;3.2;1.0;0.0;18.0
Penaforte;PENAFORTE;-7.8275;-39.0760555556;1991;4;92.0;15.0;0.0;0.0;0.0;0.0;0.0;0.0;0.0;0.0;0.0;0.0;0.0;0.0;0.0;0.0;0.0;0.0;12.0;10.0;8.0;18.0;0.0;0.0;0.0;0.0;0.0;0.0;0.0;0.0;29.0;888.0
Penaforte;PENAFORTE;-7.8275;-39.0760555556;1991;5;35.6;0.0;0.0;0.0;0.0;0.2;0.0;0.0;0.0;0.0;1.0;0.0;0.0;0.0;0.0;0.0;0.0;0.0;0.0;0.0;12.0;1.0;0.0;0.0;21.4;0.0;0.0;0.0;0.0;0.0;0.0;0.0
Penaforte;PENAFORTE;-7.8275;-39.0760555556;1991;6;0.0;0.0;0.0;0.0;0.0;0.0;0.0;0.0;0.0;0.0;0.0;0.0;0.0;0.0;0.0;0.0;0.0;0.0;0.0;0.0;0.0;0.0;0.0;0.0;0.0;0.0;0.0;0.0;0.0;0.0;0.0;888.0
Penaforte;PENAFORTE;-7.8275;-39.0760555556;1991;7;0.0;0.0;0.0;0.0;0.0;0.0;0.0;0.0;0.0;0.0;0.0;0.0;0.0;0.0;0.0;0.0;0.0;0.0;0.0;0.0;0.0;0.0;0.0;0.0;0.0;0.0;0.0;0.0;0.0;0.0;0.0;0.0
Penaforte;PENAFORTE;-7.8275;-39.0760555556;1991;8;0.0;0.0;0.0;0.0;0.0;0.0;0.0;0.0;0.0;0.0;0.0;0.0;0.0;0.0;0.0;0.0;0.0;0.0;0.0;0.0;0.0;0.0;0.0;0.0;0.0;0.0;0.0;0.0;0.0;0.0;0.0;0.0
Penaforte;PENAFORTE;-7.8275;-39.0760555556;1991;9;0.0;0.0;0.0;0.0;0.0;0.0;0.0;0.0;0.0;0.0;0.0;0.0;0.0;0.0;0.0;0.0;0.0;0.0;0.0;0.0;0.0;0.0;0.0;0.0;0.0;0.0;0.0;0.0;0.0;0.0;0.0;888.0
Penaforte;PENAFORTE;-7.8275;-39.0760555556;1991;10;0.0;0.0;0.0;0.0;0.0;0.0;0.0;0.0;0.0;0.0;0.0;0.0;0.0;0.0;0.0;0.0;0.0;0.0;0.0;0.0;0.0;0.0;0.0;0.0;0.0;0.0;0.0;0.0;0.0;0.0;0.0;0.0
Penaforte;PENAFORTE;-7.8275;-39.0760555556;1991;11;0.0;0.0;0.0;0.0;0.0;0.0;0.0;0.0;0.0;0.0;0.0;0.0;0.0;0.0;0.0;0.0;0.0;0.0;0.0;0.0;0.0;0.0;0.0;0.0;0.0;0.0;0.0;0.0;0.0;0.0;0.0;888.0
Penaforte;PENAFORTE;-7.8275;-39.0760555556;1991;12;0.0;0.0;0.0;0.0;0.0;0.0;0.0;0.0;0.0;0.0;0.0;0.0;0.0;0.0;0.0;0.0;0.0;0.0;0.0;0.0;0.0;0.0;0.0;0.0;0.0;0.0;0.0;0.0;0.0;0.0;0.0;0.0
Penaforte;PENAFORTE;-7.8275;-39.0760555556;1992;1;127.4;0.0;0.0;0.0;0.0;0.0;0.0;0.0;0.0;0.0;0.0;0.0;0.0;0.0;3.1;1.0;0.0;1.0;2.2;0.0;0.0;10.0;0.0;0.0;0.0;5.0;39.0;0.0;9.1;2.8;51.2;3.0
Penaforte;PENAFORTE;-7.8275;-39.0760555556;1992;2;172.0;0.0;2.0;0.0;7.0;0.0;43.0;18.0;2.0;0.0;0.0;18.0;22.0;4.0;0.0;2.0;0.0;25.0;3.7;7.0;0.0;0.0;0.0;0.0;8.5;0.0;8.2;1.6;0.0;0.0;888.0;888.0
Penaforte;PENAFORTE;-7.8275;-39.0760555556;1992;3;109.0;0.0;0.0;0.0;0.0;0.0;0.0;0.0;36.6;0.0;54.0;0.0;0.0;4.2;2.2;0.0;0.0;8.0;0.0;0.0;0.0;0.0;0.0;0.0;0.0;0.0;0.0;0.0;0.0;0.0;4.0;0.0
Penaforte;PENAFORTE;-7.8275;-39.0760555556;1992;4;195.2;0.0;2.0;98.0;81.0;0.0;10.0;2.2;0.0;2.0;0.0;0.0;0.0;0.0;0.0;0.0;0.0;0.0;0.0;0.0;0.0;0.0;0.0;0.0;0.0;0.0;0.0;0.0;0.0;0.0;0.0;888.0
Penaforte;PENAFORTE;-7.8275;-39.0760555556;1992;5;13.0;0.0;0.0;0.0;0.0;0.0;0.0;0.0;12.0;1.0;0.0;0.0;0.0;0.0;0.0;0.0;0.0;0.0;0.0;0.0;0.0;0.0;0.0;0.0;0.0;0.0;0.0;0.0;0.0;0.0;0.0;0.0
Penaforte;PENAFORTE;-7.8275;-39.0760555556;1992;6;0.0;0.0;0.0;0.0;0.0;0.0;0.0;0.0;0.0;0.0;0.0;0.0;0.0;0.0;0.0;0.0;0.0;0.0;0.0;0.0;0.0;0.0;0.0;0.0;0.0;0.0;0.0;0.0;0.0;0.0;0.0;888.0
Penaforte;PENAFORTE;-7.8275;-39.0760555556;1992;7;0.0;0.0;0.0;0.0;0.0;0.0;0.0;0.0;0.0;0.0;0.0;0.0;0.0;0.0;0.0;0.0;0.0;0.0;0.0;0.0;0.0;0.0;0.0;0.0;0.0;0.0;0.0;0.0;0.0;0.0;0.0;0.0
Penaforte;PENAFORTE;-7.8275;-39.0760555556;1992;8;0.0;0.0;0.0;0.0;0.0;0.0;0.0;0.0;0.0;0.0;0.0;0.0;0.0;0.0;0.0;0.0;0.0;0.0;0.0;0.0;0.0;0.0;0.0;0.0;0.0;0.0;0.0;0.0;0.0;0.0;0.0;0.0
Penaforte;PENAFORTE;-7.8275;-39.0760555556;1992;9;9.2;0.0;0.0;0.0;0.0;0.0;0.0;0.0;0.0;0.0;0.0;0.0;0.0;0.0;0.0;0.0;0.0;9.2;0.0;0.0;0.0;0.0;0.0;0.0;0.0;0.0;0.0;0.0;0.0;0.0;0.0;888.0
Penaforte;PENAFORTE;-7.8275;-39.0760555556;1992;10;0.0;0.0;0.0;0.0;0.0;0.0;0.0;0.0;0.0;0.0;0.0;0.0;0.0;0.0;0.0;0.0;0.0;0.0;0.0;0.0;0.0;0.0;0.0;0.0;0.0;0.0;0.0;0.0;0.0;0.0;0.0;0.0
Penaforte;PENAFORTE;-7.8275;-39.0760555556;1992;11;41.0;0.0;0.0;0.0;0.0;0.0;0.0;0.0;0.0;0.0;0.0;0.0;0.0;0.0;0.0;0.0;0.0;0.0;0.0;0.0;0.0;0.0;0.0;0.0;0.0;0.0;0.0;0.0;0.0;0.0;41.0;888.0
Penaforte;PENAFORTE;-7.8275;-39.0760555556;1992;12;41.4;0.0;0.0;0.0;0.0;0.0;0.0;0.0;0.0;0.0;0.0;0.0;0.0;0.0;0.0;41.4;0.0;0.0;0.0;0.0;0.0;0.0;0.0;0.0;0.0;0.0;0.0;0.0;0.0;0.0;0.0;0.0
Penaforte;PENAFORTE;-7.8275;-39.0760555556;1993;1;75.2;0.0;0.0;0.0;0.0;0.0;23.0;0.0;0.0;0.0;0.0;0.0;0.0;0.0;0.0;0.0;0.0;0.0;5.4;46.8;0.0;0.0;0.0;0.0;0.0;0.0;0.0;0.0;0.0;0.0;0.0;0.0
Penaforte;PENAFORTE;-7.8275;-39.0760555556;1993;2;37.6;0.0;0.0;0.0;0.0;0.0;0.0;0.0;0.0;0.0;0.0;0.0;0.0;0.0;0.0;12.2;0.0;0.0;0.0;0.0;0.0;0.0;0.0;0.0;0.0;14.0;0.0;9.4;2.0;888.0;888.0;888.0
Penaforte;PENAFORTE;-7.8275;-39.0760555556;1993;3;48.6;0.0;0.0;0.0;0.0;0.0;0.0;0.0;0.0;0.0;0.0;0.0;0.0;0.0;0.0;0.0;0.0;31.2;0.0;0.0;0.0;0.0;0.0;0.0;0.0;0.0;0.0;0.0;9.2;8.2;0.0;0.0
Penaforte;PENAFORTE;-7.8275;-39.0760555556;1993;4;74.2;0.0;21.2;0.0;0.0;0.0;0.0;0.0;0.0;0.0;0.0;0.0;0.0;0.0;0.0;0.0;0.0;0.0;0.0;0.0;0.0;0.0;0.0;0.0;0.0;0.0;0.0;0.0;25.0;28.0;0.0;888.0
Penaforte;PENAFORTE;-7.8275;-39.0760555556;1993;5;9.9;0.0;9.9;0.0;0.0;0.0;0.0;0.0;0.0;0.0;0.0;0.0;0.0;0.0;0.0;0.0;0.0;0.0;0.0;0.0;0.0;0.0;0.0;0.0;0.0;0.0;0.0;0.0;0.0;0.0;0.0;0.0
Penaforte;PENAFORTE;-7.8275;-39.0760555556;1993;6;0.0;0.0;0.0;0.0;0.0;0.0;0.0;0.0;0.0;0.0;0.0;0.0;0.0;0.0;0.0;0.0;0.0;0.0;0.0;0.0;0.0;0.0;0.0;0.0;0.0;0.0;0.0;0.0;0.0;0.0;0.0;888.0
Penaforte;PENAFORTE;-7.8275;-39.0760555556;1993;7;7.8;0.0;0.0;0.0;0.0;0.0;0.0;0.0;0.0;0.0;0.0;0.0;0.0;0.0;7.8;0.0;0.0;0.0;0.0;0.0;0.0;0.0;0.0;0.0;0.0;0.0;0.0;0.0;0.0;0.0;0.0;0.0
Penaforte;PENAFORTE;-7.8275;-39.0760555556;1993;8;0.0;0.0;0.0;0.0;0.0;0.0;0.0;0.0;0.0;0.0;0.0;0.0;0.0;0.0;0.0;0.0;0.0;0.0;0.0;0.0;0.0;0.0;0.0;0.0;0.0;0.0;0.0;0.0;0.0;0.0;0.0;0.0
Penaforte;PENAFORTE;-7.8275;-39.0760555556;1993;9;0.0;0.0;0.0;0.0;0.0;0.0;0.0;0.0;0.0;0.0;0.0;0.0;0.0;0.0;0.0;0.0;0.0;0.0;0.0;0.0;0.0;0.0;0.0;0.0;0.0;0.0;0.0;0.0;0.0;0.0;0.0;888.0
Penaforte;PENAFORTE;-7.8275;-39.0760555556;1993;10;12.0;0.0;0.0;0.0;0.0;0.0;0.0;0.0;0.0;6.0;6.0;0.0;0.0;0.0;0.0;0.0;0.0;0.0;0.0;0.0;0.0;0.0;0.0;0.0;0.0;0.0;0.0;0.0;0.0;0.0;0.0;0.0
Penaforte;PENAFORTE;-7.8275;-39.0760555556;1993;11;14.0;0.0;0.0;0.0;0.0;0.0;0.0;0.0;6.0;0.0;0.0;0.0;0.0;0.0;0.0;0.0;0.0;0.0;0.0;0.0;0.0;0.0;8.0;0.0;0.0;0.0;0.0;0.0;0.0;0.0;0.0;888.0
Penaforte;PENAFORTE;-7.8275;-39.0760555556;1993;12;0.0;0.0;0.0;0.0;0.0;0.0;0.0;0.0;0.0;0.0;0.0;0.0;0.0;0.0;0.0;0.0;0.0;0.0;0.0;0.0;0.0;0.0;0.0;0.0;0.0;0.0;0.0;0.0;0.0;0.0;0.0;0.0
Penaforte;PENAFORTE;-7.8275;-39.0760555556;1994;1;75.5;0.0;0.0;0.0;0.0;17.0;0.0;0.0;0.0;4.5;0.0;0.0;0.0;0.0;0.0;0.0;0.0;14.0;3.0;0.0;0.0;0.0;0.0;24.0;0.0;0.0;0.0;0.0;0.0;0.0;0.0;13.0
Penaforte;PENAFORTE;-7.8275;-39.0760555556;1994;2;160.2;0.0;0.0;0.0;2.8;8.8;16.2;0.0;0.0;0.0;21.0;0.0;0.0;0.0;0.0;34.6;0.0;0.0;28.0;34.0;9.2;0.0;0.0;0.0;0.0;0.0;5.6;0.0;0.0;888.0;888.0;888.0
Penaforte;PENAFORTE;-7.8275;-39.0760555556;1994;3;179.2;0.0;0.0;0.0;0.0;0.0;0.0;0.0;0.0;0.0;24.8;0.0;7.6;10.0;25.0;0.0;15.6;0.0;0.0;0.0;17.0;35.0;4.0;3.6;0.0;11.6;0.0;0.0;0.0;25.0;0.0;0.0
Penaforte;PENAFORTE;-7.8275;-39.0760555556;1994;4;56.0;0.0;0.0;0.0;0.0;0.0;0.0;0.0;0.0;0.0;6.0;50.0;0.0;0.0;0.0;0.0;0.0;0.0;0.0;0.0;0.0;0.0;0.0;0.0;0.0;0.0;0.0;0.0;0.0;0.0;0.0;888.0
Penaforte;PENAFORTE;-7.8275;-39.0760555556;1994;5;18.0;0.0;0.0;0.0;0.0;0.0;0.0;0.0;18.0;0.0;0.0;0.0;0.0;0.0;0.0;0.0;0.0;0.0;0.0;0.0;0.0;0.0;0.0;0.0;0.0;0.0;0.0;0.0;0.0;0.0;0.0;0.0
Penaforte;PENAFORTE;-7.8275;-39.0760555556;1994;6;0.0;0.0;0.0;0.0;0.0;0.0;0.0;0.0;0.0;0.0;0.0;0.0;0.0;0.0;0.0;0.0;0.0;0.0;0.0;0.0;0.0;0.0;0.0;0.0;0.0;0.0;0.0;0.0;0.0;0.0;0.0;888.0
Penaforte;PENAFORTE;-7.8275;-39.0760555556;1994;7;0.0;0.0;0.0;0.0;0.0;0.0;0.0;0.0;0.0;0.0;0.0;0.0;0.0;0.0;0.0;0.0;0.0;0.0;0.0;0.0;0.0;0.0;0.0;0.0;0.0;0.0;0.0;0.0;0.0;0.0;0.0;0.0
Penaforte;PENAFORTE;-7.8275;-39.0760555556;1994;8;0.0;0.0;0.0;0.0;0.0;0.0;0.0;0.0;0.0;0.0;0.0;0.0;0.0;0.0;0.0;0.0;0.0;0.0;0.0;0.0;0.0;0.0;0.0;0.0;0.0;0.0;0.0;0.0;0.0;0.0;0.0;0.0
Penaforte;PENAFORTE;-7.8275;-39.0760555556;1994;9;0.0;0.0;0.0;0.0;0.0;0.0;0.0;0.0;0.0;0.0;0.0;0.0;0.0;0.0;0.0;0.0;0.0;0.0;0.0;0.0;0.0;0.0;0.0;0.0;0.0;0.0;0.0;0.0;0.0;0.0;0.0;888.0
Penaforte;PENAFORTE;-7.8275;-39.0760555556;1994;10;0.0;0.0;0.0;0.0;0.0;0.0;0.0;0.0;0.0;0.0;0.0;0.0;0.0;0.0;0.0;0.0;0.0;0.0;0.0;0.0;0.0;0.0;0.0;0.0;0.0;0.0;0.0;0.0;0.0;0.0;0.0;0.0
Penaforte;PENAFORTE;-7.8275;-39.0760555556;1994;11;0.0;0.0;0.0;0.0;0.0;0.0;0.0;0.0;0.0;0.0;0.0;0.0;0.0;0.0;0.0;0.0;0.0;0.0;0.0;0.0;0.0;0.0;0.0;0.0;0.0;0.0;0.0;0.0;0.0;0.0;0.0;888.0
Penaforte;PENAFORTE;-7.8275;-39.0760555556;1994;12;25.0;0.0;0.0;0.0;0.0;0.0;0.0;0.0;0.0;0.0;0.0;0.0;0.0;0.0;0.0;0.0;0.0;0.0;0.0;0.0;0.0;25.0;0.0;0.0;0.0;0.0;0.0;0.0;0.0;0.0;0.0;0.0
Penaforte;PENAFORTE;-7.8275;-39.0760555556;1995;1;83.2;0.0;0.0;9.2;0.0;50.0;0.0;4.0;10.0;10.0;0.0;0.0;0.0;0.0;0.0;0.0;0.0;0.0;0.0;0.0;0.0;0.0;0.0;0.0;0.0;0.0;0.0;0.0;0.0;0.0;0.0;0.0
Penaforte;PENAFORTE;-7.8275;-39.0760555556;1995;2;107.8;0.0;0.0;20.0;0.0;0.0;7.0;0.0;0.0;4.6;6.4;0.0;0.0;0.0;0.0;0.0;6.5;2.5;10.0;15.0;21.2;0.0;14.6;0.0;0.0;0.0;0.0;0.0;0.0;888.0;888.0;888.0
Penaforte;PENAFORTE;-7.8275;-39.0760555556;1995;3;131.5;0.0;0.0;0.0;0.0;0.0;0.0;0.0;0.0;0.0;0.0;0.0;0.0;0.0;0.0;14.0;32.5;7.0;4.0;0.0;0.0;0.0;4.0;5.0;0.0;61.1;0.0;0.0;3.9;0.0;0.0;0.0
Penaforte;PENAFORTE;-7.8275;-39.0760555556;1995;4;199.8;0.0;0.0;0.0;13.2;39.6;44.2;0.0;0.0;18.0;3.8;0.0;0.0;0.0;10.0;30.0;0.0;41.0;0.0;0.0;0.0;0.0;0.0;0.0;0.0;0.0;0.0;0.0;0.0;0.0;0.0;888.0
Penaforte;PENAFORTE;-7.8275;-39.0760555556;1995;5;38.0;0.0;0.0;0.0;0.0;0.0;0.0;0.0;0.0;0.0;0.0;0.0;0.0;0.0;0.0;0.0;0.0;0.0;0.0;0.0;0.0;0.0;31.0;0.0;4.0;3.0;0.0;0.0;0.0;0.0;0.0;0.0
Penaforte;PENAFORTE;-7.8275;-39.0760555556;1995;6;10.2;0.0;0.0;0.0;0.0;0.0;0.0;10.2;0.0;0.0;0.0;0.0;0.0;0.0;0.0;0.0;0.0;0.0;0.0;0.0;0.0;0.0;0.0;0.0;0.0;0.0;0.0;0.0;0.0;0.0;0.0;888.0
Penaforte;PENAFORTE;-7.8275;-39.0760555556;1995;7;0.0;0.0;0.0;0.0;0.0;0.0;0.0;0.0;0.0;0.0;0.0;0.0;0.0;0.0;0.0;0.0;0.0;0.0;0.0;0.0;0.0;0.0;0.0;0.0;0.0;0.0;0.0;0.0;0.0;0.0;0.0;0.0
Penaforte;PENAFORTE;-7.8275;-39.0760555556;1995;8;0.0;0.0;0.0;0.0;0.0;0.0;0.0;0.0;0.0;0.0;0.0;0.0;0.0;0.0;0.0;0.0;0.0;0.0;0.0;0.0;0.0;0.0;0.0;0.0;0.0;0.0;0.0;0.0;0.0;0.0;0.0;0.0
Penaforte;PENAFORTE;-7.8275;-39.0760555556;1995;9;0.0;0.0;0.0;0.0;0.0;0.0;0.0;0.0;0.0;0.0;0.0;0.0;0.0;0.0;0.0;0.0;0.0;0.0;0.0;0.0;0.0;0.0;0.0;0.0;0.0;0.0;0.0;0.0;0.0;0.0;0.0;888.0
Penaforte;PENAFORTE;-7.8275;-39.0760555556;1995;10;0.0;0.0;0.0;0.0;0.0;0.0;0.0;0.0;0.0;0.0;0.0;0.0;0.0;0.0;0.0;0.0;0.0;0.0;0.0;0.0;0.0;0.0;0.0;0.0;0.0;0.0;0.0;0.0;0.0;0.0;0.0;0.0
Penaforte;PENAFORTE;-7.8275;-39.0760555556;1995;11;18.0;0.0;0.0;0.0;0.0;0.0;0.0;0.0;0.0;0.0;0.0;0.0;0.0;0.0;0.0;0.0;0.0;0.0;0.0;0.0;0.0;0.0;0.0;0.0;18.0;0.0;0.0;0.0;0.0;0.0;0.0;888.0
Penaforte;PENAFORTE;-7.8275;-39.0760555556;1995;12;61.0;0.0;0.0;0.0;0.0;0.0;0.0;0.0;0.0;0.0;0.0;0.0;0.0;0.0;0.0;0.0;0.0;0.0;0.0;0.0;0.0;0.0;0.0;0.0;0.0;0.0;0.0;0.0;61.0;0.0;0.0;0.0
Penaforte;PENAFORTE;-7.8275;-39.0760555556;1996;1;159.0;0.0;0.0;0.0;0.0;0.0;0.0;0.0;0.0;0.0;0.0;0.0;0.0;0.0;0.0;0.0;0.0;0.0;0.0;47.0;0.0;40.0;0.0;0.0;72.0;0.0;0.0;0.0;0.0;0.0;0.0;0.0
Penaforte;PENAFORTE;-7.8275;-39.0760555556;1996;2;187.5;0.0;0.0;0.0;15.0;115.0;0.0;0.0;0.0;0.0;0.0;0.0;0.0;0.0;0.0;0.0;0.0;0.0;0.0;9.0;0.0;0.0;0.0;25.0;0.0;0.0;12.0;11.5;0.0;0.0;888.0;888.0
Penaforte;PENAFORTE;-7.8275;-39.0760555556;1996;3;108.3;0.0;0.0;0.0;0.0;0.0;31.5;5.4;0.0;0.0;0.0;0.0;0.0;0.0;0.0;0.0;0.0;0.0;0.0;0.0;0.0;2.0;0.0;0.0;0.0;0.0;0.0;32.4;5.0;0.0;20.0;12.0
Penaforte;PENAFORTE;-7.8275;-39.0760555556;1996;4;153.5;0.0;27.0;0.0;0.0;0.0;0.0;0.0;0.0;37.5;17.0;8.0;0.0;0.0;0.0;40.0;0.0;0.0;0.0;4.0;0.0;0.0;0.0;0.0;0.0;0.0;0.0;0.0;11.0;0.0;9.0;888.0
Penaforte;PENAFORTE;-7.8275;-39.0760555556;1996;5;61.3;9.6;0.0;0.0;0.0;10.5;31.0;0.0;0.0;0.0;0.0;0.0;0.0;0.0;4.2;0.0;0.0;0.0;0.0;0.0;0.0;0.0;0.0;0.0;0.0;0.0;0.0;0.0;0.0;0.0;6.0;0.0
Penaforte;PENAFORTE;-7.8275;-39.0760555556;1996;6;0.0;0.0;0.0;0.0;0.0;0.0;0.0;0.0;0.0;0.0;0.0;0.0;0.0;0.0;0.0;0.0;0.0;0.0;0.0;0.0;0.0;0.0;0.0;0.0;0.0;0.0;0.0;0.0;0.0;0.0;0.0;888.0
Penaforte;PENAFORTE;-7.8275;-39.0760555556;1996;7;0.0;0.0;0.0;0.0;0.0;0.0;0.0;0.0;0.0;0.0;0.0;0.0;0.0;0.0;0.0;0.0;0.0;0.0;0.0;0.0;0.0;0.0;0.0;0.0;0.0;0.0;0.0;0.0;0.0;0.0;0.0;0.0
Penaforte;PENAFORTE;-7.8275;-39.0760555556;1996;8;0.0;0.0;0.0;0.0;0.0;0.0;0.0;0.0;0.0;0.0;0.0;0.0;0.0;0.0;0.0;0.0;0.0;0.0;0.0;0.0;0.0;0.0;0.0;0.0;0.0;0.0;0.0;0.0;0.0;0.0;0.0;0.0
Penaforte;PENAFORTE;-7.8275;-39.0760555556;1996;9;0.0;0.0;0.0;0.0;0.0;0.0;0.0;0.0;0.0;0.0;0.0;0.0;0.0;0.0;0.0;0.0;0.0;0.0;0.0;0.0;0.0;0.0;0.0;0.0;0.0;0.0;0.0;0.0;0.0;0.0;0.0;888.0
Penaforte;PENAFORTE;-7.8275;-39.0760555556;1996;10;0.0;0.0;0.0;0.0;0.0;0.0;0.0;0.0;0.0;0.0;0.0;0.0;0.0;0.0;0.0;0.0;0.0;0.0;0.0;0.0;0.0;0.0;0.0;0.0;0.0;0.0;0.0;0.0;0.0;0.0;0.0;0.0
Penaforte;PENAFORTE;-7.8275;-39.0760555556;1996;11;135.0;0.0;0.0;0.0;0.0;0.0;0.0;0.0;0.0;0.0;0.0;0.0;0.0;0.0;0.0;0.0;0.0;0.0;0.0;0.0;135.0;0.0;0.0;0.0;0.0;0.0;0.0;0.0;0.0;0.0;0.0;888.0
Penaforte;PENAFORTE;-7.8275;-39.0760555556;1996;12;0.0;0.0;0.0;0.0;0.0;0.0;0.0;0.0;0.0;0.0;0.0;0.0;0.0;0.0;0.0;0.0;0.0;0.0;0.0;0.0;0.0;0.0;0.0;0.0;0.0;0.0;0.0;0.0;0.0;0.0;0.0;0.0
Penaforte;PENAFORTE;-7.8275;-39.0760555556;1997;1;80.0;0.0;0.0;0.0;0.0;0.0;0.0;0.0;0.0;0.0;0.0;0.0;0.0;0.0;0.0;0.0;0.0;0.0;0.0;12.0;0.0;21.0;0.0;0.0;0.0;5.0;30.0;12.0;0.0;0.0;0.0;0.0
Penaforte;PENAFORTE;-7.8275;-39.0760555556;1997;2;85.5;0.0;0.0;0.0;0.0;0.0;0.0;0.0;0.0;0.0;15.5;10.8;0.0;0.0;0.0;0.0;46.0;1.0;0.0;0.0;0.0;0.0;12.2;0.0;0.0;0.0;0.0;0.0;0.0;888.0;888.0;888.0
Penaforte;PENAFORTE;-7.8275;-39.0760555556;1997;3;159.0;0.0;0.0;0.0;5.0;4.0;0.0;0.0;0.0;0.0;0.0;35.0;0.0;1.0;22.0;0.0;0.0;0.0;0.0;0.0;8.0;0.0;0.0;36.0;0.0;2.0;8.0;0.0;28.0;0.0;10.0;0.0
Penaforte;PENAFORTE;-7.8275;-39.0760555556;1997;4;88.0;0.0;0.0;0.0;0.0;0.0;0.0;0.0;0.0;0.0;0.0;0.0;0.0;0.0;0.0;51.0;2.0;0.0;0.0;0.0;0.0;0.0;0.0;0.0;0.0;0.0;0.0;0.0;0.0;35.0;0.0;888.0
Penaforte;PENAFORTE;-7.8275;-39.0760555556;1997;5;41.0;0.0;0.0;12.0;0.0;0.0;0.0;0.0;0.0;29.0;0.0;0.0;0.0;0.0;0.0;0.0;0.0;0.0;0.0;0.0;0.0;0.0;0.0;0.0;0.0;0.0;0.0;0.0;0.0;0.0;0.0;0.0
Penaforte;PENAFORTE;-7.8275;-39.0760555556;1997;6;0.0;0.0;0.0;0.0;0.0;0.0;0.0;0.0;0.0;0.0;0.0;0.0;0.0;0.0;0.0;0.0;0.0;0.0;0.0;0.0;0.0;0.0;0.0;0.0;0.0;0.0;0.0;0.0;0.0;0.0;0.0;888.0
Penaforte;PENAFORTE;-7.8275;-39.0760555556;1997;7;0.0;0.0;0.0;0.0;0.0;0.0;0.0;0.0;0.0;0.0;0.0;0.0;0.0;0.0;0.0;0.0;0.0;0.0;0.0;0.0;0.0;0.0;0.0;0.0;0.0;0.0;0.0;0.0;0.0;0.0;0.0;0.0
Penaforte;PENAFORTE;-7.8275;-39.0760555556;1997;8;0.0;0.0;0.0;0.0;0.0;0.0;0.0;0.0;0.0;0.0;0.0;0.0;0.0;0.0;0.0;0.0;0.0;0.0;0.0;0.0;0.0;0.0;0.0;0.0;0.0;0.0;0.0;0.0;0.0;0.0;0.0;0.0
Penaforte;PENAFORTE;-7.8275;-39.0760555556;1997;9;0.0;0.0;0.0;0.0;0.0;0.0;0.0;0.0;0.0;0.0;0.0;0.0;0.0;0.0;0.0;0.0;0.0;0.0;0.0;0.0;0.0;0.0;0.0;0.0;0.0;0.0;0.0;0.0;0.0;0.0;0.0;888.0
Penaforte;PENAFORTE;-7.8275;-39.0760555556;1997;10;0.0;0.0;0.0;0.0;0.0;0.0;0.0;0.0;0.0;0.0;0.0;0.0;0.0;0.0;0.0;0.0;0.0;0.0;0.0;0.0;0.0;0.0;0.0;0.0;0.0;0.0;0.0;0.0;0.0;0.0;0.0;0.0
Penaforte;PENAFORTE;-7.8275;-39.0760555556;1997;11;18.0;0.0;0.0;0.0;0.0;0.0;0.0;0.0;0.0;0.0;0.0;0.0;0.0;0.0;8.0;0.0;0.0;0.0;8.0;0.0;0.0;0.0;0.0;0.0;0.0;2.0;0.0;0.0;0.0;0.0;0.0;888.0
Penaforte;PENAFORTE;-7.8275;-39.0760555556;1997;12;75.5;0.0;0.0;0.0;0.0;0.0;0.0;0.0;0.0;0.0;18.5;0.0;0.0;0.0;0.0;0.0;12.0;0.0;0.0;0.0;0.0;0.0;0.0;0.0;0.0;0.0;0.0;0.0;0.0;0.0;45.0;0.0
Penaforte;PENAFORTE;-7.8275;-39.0760555556;1998;1;165.0;10.0;0.0;25.0;0.0;0.0;0.0;0.0;0.0;0.0;10.0;0.0;0.0;5.0;0.0;15.0;0.0;0.0;0.0;55.0;0.0;0.0;5.0;0.0;40.0;0.0;0.0;0.0;0.0;0.0;0.0;0.0
Penaforte;PENAFORTE;-7.8275;-39.0760555556;1998;2;107.5;0.0;0.0;0.0;0.0;0.0;0.0;0.0;0.0;0.0;0.0;0.0;0.0;35.0;12.5;5.0;0.0;23.0;0.0;0.0;0.0;0.0;0.0;0.0;0.0;0.0;0.0;0.0;32.0;888.0;888.0;888.0
Penaforte;PENAFORTE;-7.8275;-39.0760555556;1998;3;87.0;0.0;0.0;0.0;0.0;0.0;0.0;0.0;0.0;0.0;10.0;0.0;0.0;0.0;0.0;15.0;0.0;0.0;0.0;30.0;10.0;0.0;5.0;0.0;0.0;0.0;0.0;0.0;5.0;0.0;12.0;0.0
Penaforte;PENAFORTE;-7.8275;-39.0760555556;1998;4;0.0;0.0;0.0;0.0;0.0;0.0;0.0;0.0;0.0;0.0;0.0;0.0;0.0;0.0;0.0;0.0;0.0;0.0;0.0;0.0;0.0;0.0;0.0;0.0;0.0;0.0;0.0;0.0;0.0;0.0;0.0;888.0
Penaforte;PENAFORTE;-7.8275;-39.0760555556;1998;5;0.0;0.0;0.0;0.0;0.0;0.0;0.0;0.0;0.0;0.0;0.0;0.0;0.0;0.0;0.0;0.0;0.0;0.0;0.0;0.0;0.0;0.0;0.0;0.0;0.0;0.0;0.0;0.0;0.0;0.0;0.0;0.0
Penaforte;PENAFORTE;-7.8275;-39.0760555556;1998;6;0.0;0.0;0.0;0.0;0.0;0.0;0.0;0.0;0.0;0.0;0.0;0.0;0.0;0.0;0.0;0.0;0.0;0.0;0.0;0.0;0.0;0.0;0.0;0.0;0.0;0.0;0.0;0.0;0.0;0.0;0.0;888.0
Penaforte;PENAFORTE;-7.8275;-39.0760555556;1998;7;0.0;0.0;0.0;0.0;0.0;0.0;0.0;0.0;0.0;0.0;0.0;0.0;0.0;0.0;0.0;0.0;0.0;0.0;0.0;0.0;0.0;0.0;0.0;0.0;0.0;0.0;0.0;0.0;0.0;0.0;0.0;0.0
Penaforte;PENAFORTE;-7.8275;-39.0760555556;1998;8;0.0;0.0;0.0;0.0;0.0;0.0;0.0;0.0;0.0;0.0;0.0;0.0;0.0;0.0;0.0;0.0;0.0;0.0;0.0;0.0;0.0;0.0;0.0;0.0;0.0;0.0;0.0;0.0;0.0;0.0;0.0;0.0
Penaforte;PENAFORTE;-7.8275;-39.0760555556;1998;9;0.0;0.0;0.0;0.0;0.0;0.0;0.0;0.0;0.0;0.0;0.0;0.0;0.0;0.0;0.0;0.0;0.0;0.0;0.0;0.0;0.0;0.0;0.0;0.0;0.0;0.0;0.0;0.0;0.0;0.0;0.0;888.0
Penaforte;PENAFORTE;-7.8275;-39.0760555556;1998;10;0.0;0.0;0.0;0.0;0.0;0.0;0.0;0.0;0.0;0.0;0.0;0.0;0.0;0.0;0.0;0.0;0.0;0.0;0.0;0.0;0.0;0.0;0.0;0.0;0.0;0.0;0.0;0.0;0.0;0.0;0.0;0.0
Penaforte;PENAFORTE;-7.8275;-39.0760555556;1998;11;0.0;0.0;0.0;0.0;0.0;0.0;0.0;0.0;0.0;0.0;0.0;0.0;0.0;0.0;0.0;0.0;0.0;0.0;0.0;0.0;0.0;0.0;0.0;0.0;0.0;0.0;0.0;0.0;0.0;0.0;0.0;888.0
Penaforte;PENAFORTE;-7.8275;-39.0760555556;1998;12;0.0;0.0;0.0;0.0;0.0;0.0;0.0;0.0;0.0;0.0;0.0;0.0;0.0;0.0;0.0;0.0;0.0;0.0;0.0;0.0;0.0;0.0;0.0;0.0;0.0;0.0;0.0;0.0;0.0;0.0;0.0;0.0
Penaforte;PENAFORTE;-7.8275;-39.0760555556;1999;1;126.9;0.0;0.0;0.0;0.0;0.0;26.0;8.0;0.0;0.0;0.0;0.0;0.0;0.0;0.0;0.0;0.0;0.0;0.0;0.0;7.0;3.4;7.0;0.0;4.0;0.0;28.5;0.0;0.0;0.0;43.0;0.0
Penaforte;PENAFORTE;-7.8275;-39.0760555556;1999;2;59.9;0.0;0.0;0.0;0.0;0.0;2.9;0.0;50.8;0.0;0.0;0.0;0.0;0.0;0.0;0.0;0.0;0.0;0.0;0.0;0.0;0.0;0.0;0.0;0.0;0.0;0.0;6.2;0.0;888.0;888.0;888.0
Penaforte;PENAFORTE;-7.8275;-39.0760555556;1999;3;225.1;18.0;0.0;0.0;20.0;17.5;23.8;15.0;13.6;0.0;0.0;0.0;0.0;2.4;29.0;29.0;0.0;0.0;9.8;0.0;2.4;0.0;0.0;0.0;0.0;17.0;26.6;0.0;0.0;0.0;1.0;0.0
Penaforte;PENAFORTE;-7.8275;-39.0760555556;1999;4;22.0;0.0;0.0;0.0;0.0;0.0;0.0;0.0;0.0;0.0;0.0;0.0;2.2;9.6;0.0;0.0;0.0;0.0;0.0;2.0;0.0;0.0;0.0;8.2;0.0;0.0;0.0;0.0;0.0;0.0;0.0;888.0
Penaforte;PENAFORTE;-7.8275;-39.0760555556;1999;5;13.0;0.0;0.0;0.0;0.0;0.0;2.0;0.0;0.0;0.0;0.0;0.0;0.0;0.0;0.0;11.0;0.0;0.0;0.0;0.0;0.0;0.0;0.0;0.0;0.0;0.0;0.0;0.0;0.0;0.0;0.0;0.0
Penaforte;PENAFORTE;-7.8275;-39.0760555556;1999;6;0.0;0.0;0.0;0.0;0.0;0.0;0.0;0.0;0.0;0.0;0.0;0.0;0.0;0.0;0.0;0.0;0.0;0.0;0.0;0.0;0.0;0.0;0.0;0.0;0.0;0.0;0.0;0.0;0.0;0.0;0.0;888.0
Penaforte;PENAFORTE;-7.8275;-39.0760555556;1999;7;0.0;0.0;0.0;0.0;0.0;0.0;0.0;0.0;0.0;0.0;0.0;0.0;0.0;0.0;0.0;0.0;0.0;0.0;0.0;0.0;0.0;0.0;0.0;0.0;0.0;0.0;0.0;0.0;0.0;0.0;0.0;0.0
Penaforte;PENAFORTE;-7.8275;-39.0760555556;1999;8;0.0;0.0;0.0;0.0;0.0;0.0;0.0;0.0;0.0;0.0;0.0;0.0;0.0;0.0;0.0;0.0;0.0;0.0;0.0;0.0;0.0;0.0;0.0;0.0;0.0;0.0;0.0;0.0;0.0;0.0;0.0;0.0
Penaforte;PENAFORTE;-7.8275;-39.0760555556;1999;9;0.0;0.0;0.0;0.0;0.0;0.0;0.0;0.0;0.0;0.0;0.0;0.0;0.0;0.0;0.0;0.0;0.0;0.0;0.0;0.0;0.0;0.0;0.0;0.0;0.0;0.0;0.0;0.0;0.0;0.0;0.0;888.0
Penaforte;PENAFORTE;-7.8275;-39.0760555556;1999;10;36.5;0.0;0.0;0.0;0.0;0.0;0.0;0.0;0.0;0.0;0.0;0.0;0.0;0.0;0.0;0.0;0.0;0.0;0.0;0.0;0.0;0.0;0.0;0.0;0.0;31.5;0.0;0.0;5.0;0.0;0.0;0.0
Penaforte;PENAFORTE;-7.8275;-39.0760555556;1999;11;45.0;18.0;27.0;0.0;0.0;0.0;0.0;0.0;0.0;0.0;0.0;0.0;0.0;0.0;0.0;0.0;0.0;0.0;0.0;0.0;0.0;0.0;0.0;0.0;0.0;0.0;0.0;0.0;0.0;0.0;0.0;888.0
Penaforte;PENAFORTE;-7.8275;-39.0760555556;1999;12;95.5;0.0;0.0;0.0;0.0;0.0;0.0;0.0;0.0;0.0;0.0;0.0;0.0;0.0;0.0;0.0;0.0;0.0;0.0;0.0;0.0;48.0;0.0;13.5;0.0;0.0;0.0;0.0;0.0;0.0;34.0;0.0
Penaforte;PENAFORTE;-7.8275;-39.0760555556;2000;1;131.3;0.0;0.0;0.0;23.0;44.3;0.0;0.0;0.0;0.0;0.0;0.0;0.0;0.0;18.0;0.0;15.0;6.0;0.0;0.0;0.0;0.0;0.0;0.0;25.0;0.0;0.0;0.0;0.0;0.0;0.0;0.0
Penaforte;PENAFORTE;-7.8275;-39.0760555556;2000;2;51.2;0.0;0.0;0.0;7.5;0.0;0.0;7.5;0.0;0.0;0.0;0.0;0.0;0.0;1.2;2.0;9.5;3.0;2.5;0.0;0.0;0.0;7.0;9.5;1.5;0.0;0.0;0.0;0.0;0.0;888.0;888.0
Penaforte;PENAFORTE;-7.8275;-39.0760555556;2000;3;47.0;0.0;0.0;0.0;7.5;0.0;0.0;7.5;4.0;10.0;0.0;0.0;0.0;0.0;0.0;0.0;0.0;0.0;0.0;0.0;0.0;0.0;0.0;0.0;0.0;0.0;12.0;0.0;3.0;0.0;0.0;3.0
Penaforte;PENAFORTE;-7.8275;-39.0760555556;2000;4;159.2;10.0;0.0;2.0;0.0;0.0;0.0;0.0;0.0;0.0;23.0;0.0;0.0;30.0;0.0;0.0;0.0;23.0;0.0;43.2;11.5;16.5;0.0;0.0;0.0;0.0;0.0;0.0;0.0;0.0;0.0;888.0
Penaforte;PENAFORTE;-7.8275;-39.0760555556;2000;5;0.0;0.0;0.0;0.0;0.0;0.0;0.0;0.0;0.0;0.0;0.0;0.0;0.0;0.0;0.0;0.0;0.0;0.0;0.0;0.0;0.0;0.0;0.0;0.0;0.0;0.0;0.0;0.0;0.0;0.0;0.0;0.0
Penaforte;PENAFORTE;-7.8275;-39.0760555556;2000;6;4.0;0.0;0.0;0.0;0.0;0.0;0.0;0.0;0.0;0.0;0.0;0.0;0.0;0.0;0.0;0.0;0.0;0.0;0.0;0.0;0.0;0.0;0.0;0.0;0.0;0.0;0.0;4.0;0.0;0.0;0.0;888.0
Penaforte;PENAFORTE;-7.8275;-39.0760555556;2000;7;0.0;0.0;0.0;0.0;0.0;0.0;0.0;0.0;0.0;0.0;0.0;0.0;0.0;0.0;0.0;0.0;0.0;0.0;0.0;0.0;0.0;0.0;0.0;0.0;0.0;0.0;0.0;0.0;0.0;0.0;0.0;0.0
Penaforte;PENAFORTE;-7.8275;-39.0760555556;2000;8;0.0;0.0;0.0;0.0;0.0;0.0;0.0;0.0;0.0;0.0;0.0;0.0;0.0;0.0;0.0;0.0;0.0;0.0;0.0;0.0;0.0;0.0;0.0;0.0;0.0;0.0;0.0;0.0;0.0;0.0;0.0;0.0
Penaforte;PENAFORTE;-7.8275;-39.0760555556;2000;9;0.0;0.0;0.0;0.0;0.0;0.0;0.0;0.0;0.0;0.0;0.0;0.0;0.0;0.0;0.0;0.0;0.0;0.0;0.0;0.0;0.0;0.0;0.0;0.0;0.0;0.0;0.0;0.0;0.0;0.0;0.0;888.0
Penaforte;PENAFORTE;-7.8275;-39.0760555556;2000;10;0.0;0.0;0.0;0.0;0.0;0.0;0.0;0.0;0.0;0.0;0.0;0.0;0.0;0.0;0.0;0.0;0.0;0.0;0.0;0.0;0.0;0.0;0.0;0.0;0.0;0.0;0.0;0.0;0.0;0.0;0.0;0.0
Penaforte;PENAFORTE;-7.8275;-39.0760555556;2000;11;0.0;0.0;0.0;0.0;0.0;0.0;0.0;0.0;0.0;0.0;0.0;0.0;0.0;0.0;0.0;0.0;0.0;0.0;0.0;0.0;0.0;0.0;0.0;0.0;0.0;0.0;0.0;0.0;0.0;0.0;0.0;888.0
Penaforte;PENAFORTE;-7.8275;-39.0760555556;2000;12;104.2;0.0;0.0;0.0;0.0;0.0;0.0;0.0;0.0;0.0;17.0;0.0;38.0;0.0;0.0;32.0;0.0;17.2;0.0;0.0;0.0;0.0;0.0;0.0;0.0;0.0;0.0;0.0;0.0;0.0;0.0;0.0
Penaforte;PENAFORTE;-7.8275;-39.0760555556;2001;1;49.0;0.0;0.0;0.0;0.0;0.0;0.0;0.0;0.0;0.0;0.0;0.0;0.0;0.0;0.0;0.0;0.0;0.0;0.0;0.0;0.0;0.0;0.0;0.0;49.0;0.0;0.0;0.0;0.0;0.0;0.0;0.0
Penaforte;PENAFORTE;-7.8275;-39.0760555556;2001;2;127.0;0.0;61.0;8.0;5.0;49.0;0.0;0.0;0.0;4.0;0.0;0.0;0.0;0.0;0.0;0.0;0.0;0.0;0.0;0.0;0.0;0.0;0.0;0.0;0.0;0.0;0.0;0.0;0.0;888.0;888.0;888.0
Penaforte;PENAFORTE;-7.8275;-39.0760555556;2001;3;238.0;7.0;37.0;10.0;0.0;0.0;0.0;0.0;0.0;0.0;13.0;11.0;23.0;6.0;58.0;73.0;0.0;0.0;0.0;0.0;0.0;0.0;0.0;0.0;0.0;0.0;0.0;0.0;0.0;0.0;0.0;0.0
Penaforte;PENAFORTE;-7.8275;-39.0760555556;2001;4;0.0;0.0;0.0;0.0;0.0;0.0;0.0;0.0;0.0;0.0;0.0;0.0;0.0;0.0;0.0;0.0;0.0;0.0;0.0;0.0;0.0;0.0;0.0;0.0;0.0;0.0;0.0;0.0;0.0;0.0;0.0;888.0
Penaforte;PENAFORTE;-7.8275;-39.0760555556;2001;5;0.0;0.0;0.0;0.0;0.0;0.0;0.0;0.0;0.0;0.0;0.0;0.0;0.0;0.0;0.0;0.0;0.0;0.0;0.0;0.0;0.0;0.0;0.0;0.0;0.0;0.0;0.0;0.0;0.0;0.0;0.0;0.0
Penaforte;PENAFORTE;-7.8275;-39.0760555556;2001;6;0.0;0.0;0.0;0.0;0.0;0.0;0.0;0.0;0.0;0.0;0.0;0.0;0.0;0.0;0.0;0.0;0.0;0.0;0.0;0.0;0.0;0.0;0.0;0.0;0.0;0.0;0.0;0.0;0.0;0.0;0.0;888.0
Penaforte;PENAFORTE;-7.8275;-39.0760555556;2001;7;0.0;0.0;0.0;0.0;0.0;0.0;0.0;0.0;0.0;0.0;0.0;0.0;0.0;0.0;0.0;0.0;0.0;0.0;0.0;0.0;0.0;0.0;0.0;0.0;0.0;0.0;0.0;0.0;0.0;0.0;0.0;0.0
Penaforte;PENAFORTE;-7.8275;-39.0760555556;2001;8;0.0;0.0;0.0;0.0;0.0;0.0;0.0;0.0;0.0;0.0;0.0;0.0;0.0;0.0;0.0;0.0;0.0;0.0;0.0;0.0;0.0;0.0;0.0;0.0;0.0;0.0;0.0;0.0;0.0;0.0;0.0;0.0
Penaforte;PENAFORTE;-7.8275;-39.0760555556;2001;9;0.0;0.0;0.0;0.0;0.0;0.0;0.0;0.0;0.0;0.0;0.0;0.0;0.0;0.0;0.0;0.0;0.0;0.0;0.0;0.0;0.0;0.0;0.0;0.0;0.0;0.0;0.0;0.0;0.0;0.0;0.0;888.0
Penaforte;PENAFORTE;-7.8275;-39.0760555556;2001;10;0.0;0.0;0.0;0.0;0.0;0.0;0.0;0.0;0.0;0.0;0.0;0.0;0.0;0.0;0.0;0.0;0.0;0.0;0.0;0.0;0.0;0.0;0.0;0.0;0.0;0.0;0.0;0.0;0.0;0.0;0.0;0.0
Penaforte;PENAFORTE;-7.8275;-39.0760555556;2001;11;0.0;0.0;0.0;0.0;0.0;0.0;0.0;0.0;0.0;0.0;0.0;0.0;0.0;0.0;0.0;0.0;0.0;0.0;0.0;0.0;0.0;0.0;0.0;0.0;0.0;0.0;0.0;0.0;0.0;0.0;0.0;888.0
Penaforte;PENAFORTE;-7.8275;-39.0760555556;2001;12;143.0;0.0;0.0;0.0;30.0;0.0;0.0;0.0;0.0;0.0;11.0;10.0;0.0;0.0;0.0;0.0;0.0;0.0;0.0;0.0;0.0;10.0;0.0;0.0;0.0;0.0;0.0;0.0;0.0;25.0;32.0;25.0
Penaforte;PENAFORTE;-7.8275;-39.0760555556;2002;1;277.5;0.0;62.0;0.0;0.0;4.0;41.0;0.0;0.0;0.0;32.0;7.5;0.0;20.0;3.0;0.0;0.0;0.0;35.0;0.0;33.0;0.0;0.0;26.5;0.0;0.0;0.0;0.0;11.0;0.0;0.0;2.5
Penaforte;PENAFORTE;-7.8275;-39.0760555556;2002;2;25.0;0.0;0.0;0.0;0.0;0.0;0.0;19.5;0.0;0.0;0.0;0.0;0.0;0.0;0.0;0.0;0.0;0.0;0.0;0.0;0.0;0.0;0.0;0.0;0.0;0.0;5.5;0.0;0.0;888.0;888.0;888.0
Penaforte;PENAFORTE;-7.8275;-39.0760555556;2002;3;158.8;0.0;0.0;0.0;8.0;7.5;13.5;4.8;0.0;0.0;0.0;0.0;0.0;0.0;0.0;0.0;0.0;2.0;0.0;46.0;51.0;0.0;0.0;0.0;0.0;14.0;0.0;12.0;0.0;0.0;0.0;0.0
Penaforte;PENAFORTE;-7.8275;-39.0760555556;2002;4;81.0;23.0;0.0;0.0;0.0;0.0;0.0;0.0;0.0;0.0;0.0;58.0;0.0;0.0;0.0;0.0;0.0;0.0;0.0;0.0;0.0;0.0;0.0;0.0;0.0;0.0;0.0;0.0;0.0;0.0;0.0;888.0
Penaforte;PENAFORTE;-7.8275;-39.0760555556;2002;5;75.0;0.0;0.0;0.0;0.0;0.0;0.0;0.0;0.0;0.0;0.0;61.0;0.0;0.0;0.0;0.0;0.0;0.0;0.0;0.0;0.0;0.0;14.0;0.0;0.0;0.0;0.0;0.0;0.0;0.0;0.0;0.0
Penaforte;PENAFORTE;-7.8275;-39.0760555556;2002;6;10.0;0.0;0.0;0.0;0.0;0.0;0.0;0.0;0.0;0.0;0.0;0.0;0.0;0.0;0.0;0.0;0.0;0.0;0.0;0.0;0.0;0.0;0.0;0.0;0.0;10.0;0.0;0.0;0.0;0.0;0.0;888.0
Penaforte;PENAFORTE;-7.8275;-39.0760555556;2002;7;0.0;0.0;0.0;0.0;0.0;0.0;0.0;0.0;0.0;0.0;0.0;0.0;0.0;0.0;0.0;0.0;0.0;0.0;0.0;0.0;0.0;0.0;0.0;0.0;0.0;0.0;0.0;0.0;0.0;0.0;0.0;0.0
Penaforte;PENAFORTE;-7.8275;-39.0760555556;2002;8;0.0;0.0;0.0;0.0;0.0;0.0;0.0;0.0;0.0;0.0;0.0;0.0;0.0;0.0;0.0;0.0;0.0;0.0;0.0;0.0;0.0;0.0;0.0;0.0;0.0;0.0;0.0;0.0;0.0;0.0;0.0;0.0
Penaforte;PENAFORTE;-7.8275;-39.0760555556;2002;9;0.0;0.0;0.0;0.0;0.0;0.0;0.0;0.0;0.0;0.0;0.0;0.0;0.0;0.0;0.0;0.0;0.0;0.0;0.0;0.0;0.0;0.0;0.0;0.0;0.0;0.0;0.0;0.0;0.0;0.0;0.0;888.0
Penaforte;PENAFORTE;-7.8275;-39.0760555556;2002;10;0.0;0.0;0.0;0.0;0.0;0.0;0.0;0.0;0.0;0.0;0.0;0.0;0.0;0.0;0.0;0.0;0.0;0.0;0.0;0.0;0.0;0.0;0.0;0.0;0.0;0.0;0.0;0.0;0.0;0.0;0.0;0.0
Penaforte;PENAFORTE;-7.8275;-39.0760555556;2002;11;0.0;0.0;0.0;0.0;0.0;0.0;0.0;0.0;0.0;0.0;0.0;0.0;0.0;0.0;0.0;0.0;0.0;0.0;0.0;0.0;0.0;0.0;0.0;0.0;0.0;0.0;0.0;0.0;0.0;0.0;0.0;888.0
Penaforte;PENAFORTE;-7.8275;-39.0760555556;2002;12;0.0;0.0;0.0;0.0;0.0;0.0;0.0;0.0;0.0;0.0;0.0;0.0;0.0;0.0;0.0;0.0;0.0;0.0;0.0;0.0;0.0;0.0;0.0;0.0;0.0;0.0;0.0;0.0;0.0;0.0;0.0;0.0
Penaforte;PENAFORTE;-7.8275;-39.0760555556;2003;1;313.0;0.0;0.0;0.0;0.0;0.0;0.0;0.0;0.0;7.0;0.0;0.0;0.0;0.0;0.0;0.0;0.0;0.0;0.0;0.0;65.0;0.0;16.0;4.0;45.0;25.0;0.0;125.0;13.0;0.0;13.0;0.0
Penaforte;PENAFORTE;-7.8275;-39.0760555556;2003;2;139.0;0.0;0.0;3.0;0.0;10.0;0.0;0.0;0.0;0.0;0.0;0.0;5.0;0.0;0.0;0.0;0.0;0.0;6.0;14.0;0.0;0.0;0.0;0.0;40.0;6.0;45.0;10.0;0.0;888.0;888.0;888.0
Penaforte;PENAFORTE;-7.8275;-39.0760555556;2003;3;122.0;15.0;0.0;0.0;0.0;0.0;14.0;0.0;0.0;0.0;0.0;4.0;0.0;0.0;0.0;0.0;0.0;20.0;0.0;39.0;0.0;0.0;0.0;15.0;10.0;0.0;0.0;0.0;0.0;0.0;0.0;5.0
Penaforte;PENAFORTE;-7.8275;-39.0760555556;2003;4;52.0;0.0;20.0;0.0;0.0;0.0;0.0;0.0;0.0;0.0;0.0;10.0;0.0;0.0;20.0;0.0;0.0;0.0;0.0;0.0;0.0;0.0;0.0;0.0;0.0;0.0;0.0;0.0;2.0;0.0;0.0;888.0
Penaforte;PENAFORTE;-7.8275;-39.0760555556;2003;5;24.0;0.0;4.0;0.0;0.0;0.0;20.0;0.0;0.0;0.0;0.0;0.0;0.0;0.0;0.0;0.0;0.0;0.0;0.0;0.0;0.0;0.0;0.0;0.0;0.0;0.0;0.0;0.0;0.0;0.0;0.0;0.0
Penaforte;PENAFORTE;-7.8275;-39.0760555556;2003;6;0.0;0.0;0.0;0.0;0.0;0.0;0.0;0.0;0.0;0.0;0.0;0.0;0.0;0.0;0.0;0.0;0.0;0.0;0.0;0.0;0.0;0.0;0.0;0.0;0.0;0.0;0.0;0.0;0.0;0.0;0.0;888.0
Penaforte;PENAFORTE;-7.8275;-39.0760555556;2003;7;0.0;0.0;0.0;0.0;0.0;0.0;0.0;0.0;0.0;0.0;0.0;0.0;0.0;0.0;0.0;0.0;0.0;0.0;0.0;0.0;0.0;0.0;0.0;0.0;0.0;0.0;0.0;0.0;0.0;0.0;0.0;0.0
Penaforte;PENAFORTE;-7.8275;-39.0760555556;2003;8;0.0;0.0;0.0;0.0;0.0;0.0;0.0;0.0;0.0;0.0;0.0;0.0;0.0;0.0;0.0;0.0;0.0;0.0;0.0;0.0;0.0;0.0;0.0;0.0;0.0;0.0;0.0;0.0;0.0;0.0;0.0;0.0
Penaforte;PENAFORTE;-7.8275;-39.0760555556;2003;9;0.0;0.0;0.0;0.0;0.0;0.0;0.0;0.0;0.0;0.0;0.0;0.0;0.0;0.0;0.0;0.0;0.0;0.0;0.0;0.0;0.0;0.0;0.0;0.0;0.0;0.0;0.0;0.0;0.0;0.0;0.0;888.0
Penaforte;PENAFORTE;-7.8275;-39.0760555556;2003;10;0.0;0.0;0.0;0.0;0.0;0.0;0.0;0.0;0.0;0.0;0.0;0.0;0.0;0.0;0.0;0.0;0.0;0.0;0.0;0.0;0.0;0.0;0.0;0.0;0.0;0.0;0.0;0.0;0.0;0.0;0.0;0.0
Penaforte;PENAFORTE;-7.8275;-39.0760555556;2003;11;35.0;0.0;0.0;0.0;0.0;0.0;35.0;0.0;0.0;0.0;0.0;0.0;0.0;0.0;0.0;0.0;0.0;0.0;0.0;0.0;0.0;0.0;0.0;0.0;0.0;0.0;0.0;0.0;0.0;0.0;0.0;888.0
Penaforte;PENAFORTE;-7.8275;-39.0760555556;2003;12;30.0;0.0;0.0;0.0;0.0;0.0;0.0;0.0;0.0;0.0;0.0;0.0;0.0;0.0;0.0;25.0;0.0;0.0;5.0;0.0;0.0;0.0;0.0;0.0;0.0;0.0;0.0;0.0;0.0;0.0;0.0;0.0
Penaforte;PENAFORTE;-7.8275;-39.0760555556;2004;1;408.0;0.0;0.0;0.0;0.0;0.0;0.0;0.0;0.0;0.0;0.0;37.0;10.0;0.0;45.0;0.0;0.0;67.0;12.0;0.0;5.0;10.0;55.0;0.0;60.0;8.0;7.0;0.0;22.0;10.0;45.0;15.0
Penaforte;PENAFORTE;-7.8275;-39.0760555556;2004;2;270.0;10.0;0.0;30.0;0.0;25.0;27.0;0.0;15.0;0.0;0.0;0.0;0.0;75.0;0.0;0.0;17.0;0.0;0.0;0.0;0.0;0.0;0.0;0.0;30.0;6.0;0.0;0.0;35.0;0.0;888.0;888.0
Penaforte;PENAFORTE;-7.8275;-39.0760555556;2004;3;125.0;8.0;0.0;0.0;0.0;0.0;0.0;0.0;0.0;0.0;0.0;22.0;12.0;0.0;60.0;0.0;0.0;18.0;0.0;0.0;0.0;0.0;0.0;0.0;5.0;0.0;0.0;0.0;0.0;0.0;0.0;0.0
Penaforte;PENAFORTE;-7.8275;-39.0760555556;2004;4;2.0;0.0;0.0;0.0;0.0;0.0;0.0;0.0;0.0;0.0;0.0;0.0;0.0;0.0;0.0;0.0;0.0;0.0;0.0;0.0;0.0;0.0;0.0;0.0;0.0;0.0;0.0;2.0;0.0;0.0;0.0;888.0
Penaforte;PENAFORTE;-7.8275;-39.0760555556;2004;5;35.0;0.0;0.0;0.0;0.0;0.0;0.0;0.0;0.0;0.0;0.0;0.0;17.0;5.0;0.0;0.0;0.0;0.0;0.0;0.0;0.0;0.0;0.0;0.0;0.0;3.0;10.0;0.0;0.0;0.0;0.0;0.0
Penaforte;PENAFORTE;-7.8275;-39.0760555556;2004;6;0.0;0.0;0.0;0.0;0.0;0.0;0.0;0.0;0.0;0.0;0.0;0.0;0.0;0.0;0.0;0.0;0.0;0.0;0.0;0.0;0.0;0.0;0.0;0.0;0.0;0.0;0.0;0.0;0.0;0.0;0.0;888.0
Penaforte;PENAFORTE;-7.8275;-39.0760555556;2004;7;0.0;0.0;0.0;0.0;0.0;0.0;0.0;0.0;0.0;0.0;0.0;0.0;0.0;0.0;0.0;0.0;0.0;0.0;0.0;0.0;0.0;0.0;0.0;0.0;0.0;0.0;0.0;0.0;0.0;0.0;0.0;0.0
Penaforte;PENAFORTE;-7.8275;-39.0760555556;2004;8;0.0;0.0;0.0;0.0;0.0;0.0;0.0;0.0;0.0;0.0;0.0;0.0;0.0;0.0;0.0;0.0;0.0;0.0;0.0;0.0;0.0;0.0;0.0;0.0;0.0;0.0;0.0;0.0;0.0;0.0;0.0;0.0
Penaforte;PENAFORTE;-7.8275;-39.0760555556;2004;9;0.0;0.0;0.0;0.0;0.0;0.0;0.0;0.0;0.0;0.0;0.0;0.0;0.0;0.0;0.0;0.0;0.0;0.0;0.0;0.0;0.0;0.0;0.0;0.0;0.0;0.0;0.0;0.0;0.0;0.0;0.0;888.0
Penaforte;PENAFORTE;-7.8275;-39.0760555556;2004;10;0.0;0.0;0.0;0.0;0.0;0.0;0.0;0.0;0.0;0.0;0.0;0.0;0.0;0.0;0.0;0.0;0.0;0.0;0.0;0.0;0.0;0.0;0.0;0.0;0.0;0.0;0.0;0.0;0.0;0.0;0.0;0.0
Penaforte;PENAFORTE;-7.8275;-39.0760555556;2004;11;0.0;0.0;0.0;0.0;0.0;0.0;0.0;0.0;0.0;0.0;0.0;0.0;0.0;0.0;0.0;0.0;0.0;0.0;0.0;0.0;0.0;0.0;0.0;0.0;0.0;0.0;0.0;0.0;0.0;0.0;0.0;888.0
Penaforte;PENAFORTE;-7.8275;-39.0760555556;2004;12;60.0;0.0;0.0;0.0;0.0;0.0;0.0;0.0;0.0;0.0;0.0;0.0;0.0;0.0;0.0;0.0;0.0;0.0;0.0;0.0;0.0;0.0;0.0;0.0;0.0;0.0;0.0;0.0;0.0;40.0;20.0;0.0
Penaforte;PENAFORTE;-7.8275;-39.0760555556;2005;1;0.0;0.0;0.0;0.0;0.0;0.0;0.0;0.0;0.0;0.0;0.0;0.0;0.0;0.0;0.0;0.0;0.0;0.0;0.0;0.0;0.0;0.0;0.0;0.0;0.0;0.0;0.0;0.0;0.0;0.0;0.0;0.0
Penaforte;PENAFORTE;-7.8275;-39.0760555556;2005;2;51.5;0.0;0.0;0.0;0.0;0.0;0.0;0.0;0.0;10.0;8.0;0.0;0.0;5.0;0.0;0.0;6.0;2.5;0.0;0.0;0.0;0.0;0.0;10.0;0.0;0.0;10.0;0.0;0.0;888.0;888.0;888.0
Penaforte;PENAFORTE;-7.8275;-39.0760555556;2005;3;94.0;0.0;0.0;0.0;0.0;0.0;0.0;0.0;0.0;0.0;0.0;0.0;8.0;13.0;0.0;0.0;0.0;0.0;5.0;8.0;0.0;0.0;0.0;0.0;0.0;30.0;0.0;0.0;0.0;0.0;15.0;15.0
Penaforte;PENAFORTE;-7.8275;-39.0760555556;2005;4;28.0;0.0;0.0;0.0;0.0;0.0;0.0;0.0;0.0;0.0;0.0;0.0;0.0;0.0;0.0;0.0;0.0;0.0;0.0;0.0;0.0;0.0;0.0;0.0;0.0;0.0;0.0;0.0;8.0;12.0;8.0;888.0
Penaforte;PENAFORTE;-7.8275;-39.0760555556;2005;5;17.0;0.0;0.0;0.0;0.0;0.0;0.0;0.0;0.0;0.0;0.0;0.0;0.0;9.0;0.0;0.0;0.0;0.0;0.0;0.0;0.0;8.0;0.0;0.0;0.0;0.0;0.0;0.0;0.0;0.0;0.0;0.0
Penaforte;PENAFORTE;-7.8275;-39.0760555556;2005;6;88.0;0.0;0.0;0.0;0.0;0.0;0.0;0.0;0.0;0.0;0.0;0.0;0.0;0.0;40.0;0.0;0.0;0.0;30.0;0.0;5.0;0.0;0.0;0.0;0.0;8.0;0.0;5.0;0.0;0.0;0.0;888.0
Penaforte;PENAFORTE;-7.8275;-39.0760555556;2005;7;12.0;0.0;0.0;0.0;0.0;0.0;0.0;0.0;0.0;4.0;8.0;0.0;0.0;0.0;0.0;0.0;0.0;0.0;0.0;0.0;0.0;0.0;0.0;0.0;0.0;0.0;0.0;0.0;0.0;0.0;0.0;0.0
Penaforte;PENAFORTE;-7.8275;-39.0760555556;2005;8;0.0;0.0;0.0;0.0;0.0;0.0;0.0;0.0;0.0;0.0;0.0;0.0;0.0;0.0;0.0;0.0;0.0;0.0;0.0;0.0;0.0;0.0;0.0;0.0;0.0;0.0;0.0;0.0;0.0;0.0;0.0;0.0
Penaforte;PENAFORTE;-7.8275;-39.0760555556;2005;9;0.0;0.0;0.0;0.0;0.0;0.0;0.0;0.0;0.0;0.0;0.0;0.0;0.0;0.0;0.0;0.0;0.0;0.0;0.0;0.0;0.0;0.0;0.0;0.0;0.0;0.0;0.0;0.0;0.0;0.0;0.0;888.0
Penaforte;PENAFORTE;-7.8275;-39.0760555556;2005;10;0.0;0.0;0.0;0.0;0.0;0.0;0.0;0.0;0.0;0.0;0.0;0.0;0.0;0.0;0.0;0.0;0.0;0.0;0.0;0.0;0.0;0.0;0.0;0.0;0.0;0.0;0.0;0.0;0.0;0.0;0.0;0.0
Penaforte;PENAFORTE;-7.8275;-39.0760555556;2005;11;0.0;0.0;0.0;0.0;0.0;0.0;0.0;0.0;0.0;0.0;0.0;0.0;0.0;0.0;0.0;0.0;0.0;0.0;0.0;0.0;0.0;0.0;0.0;0.0;0.0;0.0;0.0;0.0;0.0;0.0;0.0;888.0
Penaforte;PENAFORTE;-7.8275;-39.0760555556;2005;12;38.0;0.0;0.0;0.0;0.0;15.0;18.0;0.0;0.0;0.0;5.0;0.0;0.0;0.0;0.0;0.0;0.0;0.0;0.0;0.0;0.0;0.0;0.0;0.0;0.0;0.0;0.0;0.0;0.0;0.0;0.0;0.0
Penaforte;PENAFORTE;-7.8275;-39.0760555556;2006;1;4.0;0.0;0.0;0.0;0.0;0.0;0.0;0.0;0.0;0.0;4.0;0.0;0.0;0.0;0.0;0.0;0.0;0.0;0.0;0.0;0.0;0.0;0.0;0.0;0.0;0.0;0.0;0.0;0.0;0.0;0.0;0.0
Penaforte;PENAFORTE;-7.8275;-39.0760555556;2006;2;108.0;0.0;0.0;7.0;8.0;0.0;6.0;0.0;0.0;0.0;0.0;0.0;0.0;0.0;30.0;20.0;4.0;0.0;18.0;0.0;0.0;0.0;0.0;10.0;5.0;0.0;0.0;0.0;0.0;888.0;888.0;888.0
Penaforte;PENAFORTE;-7.8275;-39.0760555556;2006;3;48.0;0.0;0.0;0.0;10.0;0.0;0.0;0.0;0.0;0.0;0.0;0.0;0.0;0.0;0.0;0.0;0.0;0.0;19.0;0.0;15.0;0.0;0.0;0.0;4.0;0.0;0.0;0.0;0.0;0.0;0.0;0.0
Penaforte;PENAFORTE;-7.8275;-39.0760555556;2006;4;154.0;20.0;0.0;0.0;0.0;64.0;0.0;10.0;0.0;20.0;0.0;10.0;0.0;0.0;0.0;0.0;10.0;0.0;0.0;0.0;0.0;0.0;0.0;0.0;0.0;0.0;0.0;0.0;0.0;20.0;0.0;888.0
Penaforte;PENAFORTE;-7.8275;-39.0760555556;2006;5;15.0;0.0;0.0;0.0;0.0;0.0;0.0;0.0;0.0;0.0;0.0;0.0;0.0;0.0;0.0;15.0;0.0;0.0;0.0;0.0;0.0;0.0;0.0;0.0;0.0;0.0;0.0;0.0;0.0;0.0;0.0;0.0
Penaforte;PENAFORTE;-7.8275;-39.0760555556;2006;6;0.0;0.0;0.0;0.0;0.0;0.0;0.0;0.0;0.0;0.0;0.0;0.0;0.0;0.0;0.0;0.0;0.0;0.0;0.0;0.0;0.0;0.0;0.0;0.0;0.0;0.0;0.0;0.0;0.0;0.0;0.0;888.0
Penaforte;PENAFORTE;-7.8275;-39.0760555556;2006;7;0.0;0.0;0.0;0.0;0.0;0.0;0.0;0.0;0.0;0.0;0.0;0.0;0.0;0.0;0.0;0.0;0.0;0.0;0.0;0.0;0.0;0.0;0.0;0.0;0.0;0.0;0.0;0.0;0.0;0.0;0.0;0.0
Penaforte;PENAFORTE;-7.8275;-39.0760555556;2006;8;0.0;0.0;0.0;0.0;0.0;0.0;0.0;0.0;0.0;0.0;0.0;0.0;0.0;0.0;0.0;0.0;0.0;0.0;0.0;0.0;0.0;0.0;0.0;0.0;0.0;0.0;0.0;0.0;0.0;0.0;0.0;0.0
Penaforte;PENAFORTE;-7.8275;-39.0760555556;2006;9;0.0;0.0;0.0;0.0;0.0;0.0;0.0;0.0;0.0;0.0;0.0;0.0;0.0;0.0;0.0;0.0;0.0;0.0;0.0;0.0;0.0;0.0;0.0;0.0;0.0;0.0;0.0;0.0;0.0;0.0;0.0;888.0
Penaforte;PENAFORTE;-7.8275;-39.0760555556;2006;10;0.0;0.0;999.0;999.0;999.0;999.0;999.0;999.0;999.0;999.0;999.0;999.0;999.0;999.0;999.0;999.0;999.0;999.0;999.0;999.0;999.0;999.0;999.0;999.0;999.0;999.0;999.0;999.0;999.0;999.0;999.0;999.0
Penaforte;PENAFORTE;-7.8275;-39.0760555556;2006;11;0.0;0.0;999.0;999.0;999.0;999.0;999.0;999.0;999.0;999.0;999.0;999.0;999.0;999.0;999.0;999.0;999.0;999.0;999.0;999.0;999.0;999.0;999.0;999.0;999.0;999.0;999.0;999.0;999.0;999.0;999.0;888.0
Penaforte;PENAFORTE;-7.8275;-39.0760555556;2006;12;0.0;0.0;999.0;999.0;999.0;999.0;999.0;999.0;999.0;999.0;999.0;999.0;999.0;999.0;999.0;999.0;999.0;999.0;999.0;999.0;999.0;999.0;999.0;999.0;999.0;999.0;999.0;999.0;999.0;999.0;999.0;999.0
Penaforte;PENAFORTE;-7.8275;-39.0760555556;2007;1;57.0;0.0;55.0;2.0;0.0;0.0;0.0;0.0;0.0;0.0;0.0;0.0;0.0;0.0;0.0;0.0;0.0;0.0;0.0;0.0;0.0;0.0;0.0;0.0;0.0;0.0;0.0;0.0;0.0;0.0;0.0;0.0
Penaforte;PENAFORTE;-7.8275;-39.0760555556;2007;2;348.0;24.0;5.0;5.0;60.0;10.0;0.0;0.0;0.0;0.0;0.0;0.0;0.0;0.0;60.0;0.0;0.0;15.0;110.0;29.0;0.0;0.0;0.0;10.0;20.0;0.0;0.0;0.0;0.0;888.0;888.0;888.0
Penaforte;PENAFORTE;-7.8275;-39.0760555556;2007;3;113.0;40.0;0.0;0.0;0.0;0.0;0.0;0.0;0.0;0.0;0.0;50.0;0.0;0.0;0.0;0.0;0.0;0.0;0.0;0.0;9.0;0.0;0.0;0.0;0.0;14.0;0.0;0.0;0.0;0.0;0.0;0.0
Penaforte;PENAFORTE;-7.8275;-39.0760555556;2007;4;36.0;0.0;0.0;0.0;0.0;0.0;0.0;0.0;0.0;0.0;0.0;0.0;0.0;0.0;0.0;0.0;0.0;0.0;0.0;0.0;0.0;0.0;36.0;0.0;0.0;0.0;0.0;0.0;0.0;0.0;0.0;888.0
Penaforte;PENAFORTE;-7.8275;-39.0760555556;2007;5;25.6;0.0;0.0;0.0;0.0;0.0;0.0;0.0;0.0;0.0;0.0;0.0;0.0;0.0;0.0;0.0;0.0;0.0;0.0;0.0;0.0;0.0;0.0;0.0;0.0;0.0;0.0;0.0;25.6;0.0;0.0;0.0
Penaforte;PENAFORTE;-7.8275;-39.0760555556;2007;6;0.0;0.0;0.0;0.0;0.0;0.0;0.0;0.0;0.0;0.0;0.0;0.0;0.0;0.0;0.0;0.0;0.0;0.0;0.0;0.0;0.0;0.0;0.0;0.0;0.0;0.0;0.0;0.0;0.0;0.0;0.0;888.0
Penaforte;PENAFORTE;-7.8275;-39.0760555556;2007;7;0.0;0.0;0.0;0.0;0.0;0.0;0.0;0.0;0.0;0.0;0.0;0.0;0.0;0.0;0.0;0.0;0.0;0.0;0.0;0.0;0.0;0.0;0.0;0.0;0.0;0.0;0.0;0.0;0.0;0.0;0.0;0.0
Penaforte;PENAFORTE;-7.8275;-39.0760555556;2007;8;0.0;0.0;0.0;0.0;0.0;0.0;0.0;0.0;0.0;0.0;0.0;0.0;0.0;0.0;0.0;0.0;0.0;0.0;0.0;0.0;0.0;0.0;0.0;0.0;0.0;0.0;0.0;0.0;0.0;0.0;0.0;0.0
Penaforte;PENAFORTE;-7.8275;-39.0760555556;2007;9;0.0;0.0;0.0;0.0;0.0;0.0;0.0;0.0;0.0;0.0;0.0;0.0;0.0;0.0;0.0;0.0;0.0;0.0;0.0;0.0;0.0;0.0;0.0;0.0;0.0;0.0;0.0;0.0;0.0;0.0;0.0;888.0
Penaforte;PENAFORTE;-7.8275;-39.0760555556;2007;10;0.0;0.0;0.0;0.0;0.0;0.0;0.0;0.0;0.0;0.0;0.0;0.0;0.0;0.0;0.0;0.0;0.0;0.0;0.0;0.0;0.0;0.0;0.0;0.0;0.0;0.0;0.0;0.0;0.0;0.0;0.0;0.0
Penaforte;PENAFORTE;-7.8275;-39.0760555556;2007;11;0.0;0.0;0.0;0.0;0.0;0.0;0.0;0.0;0.0;0.0;0.0;0.0;0.0;0.0;0.0;0.0;0.0;0.0;0.0;0.0;0.0;0.0;0.0;0.0;0.0;0.0;0.0;0.0;0.0;0.0;0.0;888.0
Penaforte;PENAFORTE;-7.8275;-39.0760555556;2007;12;0.0;0.0;0.0;0.0;0.0;0.0;0.0;0.0;0.0;0.0;0.0;0.0;0.0;0.0;0.0;0.0;0.0;0.0;0.0;0.0;0.0;0.0;0.0;0.0;0.0;0.0;0.0;0.0;0.0;0.0;0.0;0.0
Penaforte;PENAFORTE;-7.8275;-39.0760555556;2008;1;56.0;0.0;0.0;0.0;0.0;0.0;0.0;0.0;0.0;0.0;0.0;0.0;0.0;0.0;0.0;0.0;36.0;10.0;0.0;0.0;0.0;0.0;0.0;0.0;0.0;0.0;0.0;0.0;0.0;0.0;0.0;10.0
Penaforte;PENAFORTE;-7.8275;-39.0760555556;2008;2;166.0;50.0;0.0;0.0;0.0;0.0;0.0;0.0;3.0;0.0;0.0;0.0;9.0;30.0;0.0;0.0;25.0;35.0;0.0;0.0;0.0;0.0;0.0;0.0;0.0;0.0;0.0;14.0;0.0;0.0;888.0;888.0
Penaforte;PENAFORTE;-7.8275;-39.0760555556;2008;3;256.0;0.0;0.0;0.0;0.0;0.0;0.0;0.0;0.0;5.0;14.0;0.0;0.0;9.0;0.0;11.0;0.0;25.0;3.0;0.0;6.0;0.0;10.0;45.0;15.0;0.0;0.0;43.0;52.0;0.0;0.0;18.0
Penaforte;PENAFORTE;-7.8275;-39.0760555556;2008;4;264.0;15.0;10.0;20.0;60.0;0.0;0.0;35.0;0.0;20.0;0.0;0.0;0.0;0.0;0.0;18.0;20.0;0.0;0.0;15.0;0.0;0.0;0.0;0.0;0.0;9.0;0.0;0.0;0.0;22.0;20.0;888.0
Penaforte;PENAFORTE;-7.8275;-39.0760555556;2008;5;46.0;0.0;0.0;0.0;0.0;0.0;25.0;0.0;0.0;0.0;0.0;0.0;0.0;0.0;0.0;0.0;0.0;0.0;0.0;0.0;0.0;0.0;10.0;11.0;0.0;0.0;0.0;0.0;0.0;0.0;0.0;0.0
Penaforte;PENAFORTE;-7.8275;-39.0760555556;2008;6;0.0;0.0;0.0;0.0;0.0;0.0;0.0;0.0;0.0;0.0;0.0;0.0;0.0;0.0;0.0;0.0;0.0;0.0;0.0;0.0;0.0;0.0;0.0;0.0;0.0;0.0;0.0;0.0;0.0;0.0;0.0;888.0
Penaforte;PENAFORTE;-7.8275;-39.0760555556;2008;7;15.0;15.0;0.0;0.0;0.0;0.0;0.0;0.0;0.0;0.0;0.0;0.0;0.0;0.0;0.0;0.0;0.0;0.0;0.0;0.0;0.0;0.0;0.0;0.0;0.0;0.0;0.0;0.0;0.0;0.0;0.0;0.0
Penaforte;PENAFORTE;-7.8275;-39.0760555556;2008;8;0.0;0.0;0.0;0.0;0.0;0.0;0.0;0.0;0.0;0.0;0.0;0.0;0.0;0.0;0.0;0.0;0.0;0.0;0.0;0.0;0.0;0.0;0.0;0.0;0.0;0.0;0.0;0.0;0.0;0.0;0.0;0.0
Penaforte;PENAFORTE;-7.8275;-39.0760555556;2008;9;0.0;0.0;0.0;0.0;0.0;0.0;0.0;0.0;0.0;0.0;0.0;0.0;0.0;0.0;0.0;0.0;0.0;0.0;0.0;0.0;0.0;0.0;0.0;0.0;0.0;0.0;0.0;0.0;0.0;0.0;0.0;888.0
Penaforte;PENAFORTE;-7.8275;-39.0760555556;2008;10;0.0;0.0;0.0;0.0;0.0;0.0;0.0;0.0;0.0;0.0;0.0;0.0;0.0;0.0;0.0;0.0;0.0;0.0;0.0;0.0;0.0;0.0;0.0;0.0;0.0;0.0;0.0;0.0;0.0;0.0;0.0;0.0
Penaforte;PENAFORTE;-7.8275;-39.0760555556;2008;11;0.0;0.0;0.0;0.0;0.0;0.0;0.0;0.0;0.0;0.0;0.0;0.0;0.0;0.0;0.0;0.0;0.0;0.0;0.0;0.0;0.0;0.0;0.0;0.0;0.0;0.0;0.0;0.0;0.0;0.0;0.0;888.0
Penaforte;PENAFORTE;-7.8275;-39.0760555556;2008;12;37.0;0.0;0.0;0.0;0.0;0.0;0.0;0.0;0.0;0.0;0.0;0.0;7.0;30.0;0.0;0.0;0.0;0.0;0.0;0.0;0.0;0.0;0.0;0.0;0.0;0.0;0.0;0.0;0.0;0.0;0.0;0.0
Penaforte;PENAFORTE;-7.8275;-39.0760555556;2009;1;61.0;0.0;0.0;0.0;0.0;0.0;0.0;0.0;0.0;0.0;0.0;0.0;0.0;0.0;0.0;0.0;0.0;0.0;1.0;0.0;0.0;3.0;12.0;45.0;0.0;0.0;0.0;0.0;0.0;0.0;0.0;0.0
Penaforte;PENAFORTE;-7.8275;-39.0760555556;2009;2;69.0;0.0;0.0;0.0;7.0;4.0;8.0;0.0;0.0;0.0;0.0;0.0;0.0;2.0;0.0;0.0;2.0;0.0;0.0;0.0;1.0;8.0;4.0;0.0;32.0;1.0;0.0;0.0;0.0;888.0;888.0;888.0
Penaforte;PENAFORTE;-7.8275;-39.0760555556;2009;3;139.0;7.0;5.0;40.0;46.0;0.0;0.0;0.0;0.0;0.0;0.0;0.0;0.0;2.0;0.0;0.0;0.0;0.0;12.0;3.0;0.0;0.0;0.0;0.0;7.0;0.0;1.0;13.0;3.0;0.0;0.0;0.0
Penaforte;PENAFORTE;-7.8275;-39.0760555556;2009;4;341.0;0.0;0.0;16.0;46.0;2.0;1.0;12.0;0.0;0.0;43.0;0.0;2.0;0.0;66.0;0.0;0.0;31.0;4.0;0.0;3.0;17.0;16.0;41.0;16.0;1.0;17.0;1.0;0.0;6.0;0.0;888.0
Penaforte;PENAFORTE;-7.8275;-39.0760555556;2009;5;122.0;13.0;3.0;0.0;0.0;7.0;14.0;0.0;0.0;12.0;14.0;23.0;2.0;0.0;0.0;0.0;3.0;0.0;5.0;0.0;0.0;3.0;2.0;2.0;0.0;0.0;0.0;0.0;0.0;2.0;17.0;0.0
Penaforte;PENAFORTE;-7.8275;-39.0760555556;2009;6;25.0;0.0;0.0;0.0;0.0;0.0;0.0;0.0;2.0;2.0;1.0;5.0;0.0;0.0;0.0;0.0;0.0;0.0;0.0;0.0;0.0;0.0;0.0;0.0;0.0;0.0;0.0;14.0;1.0;0.0;0.0;888.0
Penaforte;PENAFORTE;-7.8275;-39.0760555556;2009;7;11.0;0.0;0.0;0.0;0.0;0.0;0.0;0.0;0.0;0.0;0.0;0.0;0.0;0.0;0.0;0.0;0.0;0.0;0.0;0.0;0.0;0.0;0.0;11.0;0.0;0.0;0.0;0.0;0.0;0.0;0.0;0.0
Penaforte;PENAFORTE;-7.8275;-39.0760555556;2009;8;0.0;0.0;0.0;0.0;0.0;0.0;0.0;0.0;0.0;0.0;0.0;0.0;0.0;0.0;0.0;0.0;0.0;0.0;0.0;0.0;0.0;0.0;0.0;0.0;0.0;0.0;0.0;0.0;0.0;0.0;0.0;0.0
Penaforte;PENAFORTE;-7.8275;-39.0760555556;2009;9;0.0;0.0;0.0;0.0;0.0;0.0;0.0;0.0;0.0;0.0;0.0;0.0;0.0;0.0;0.0;0.0;0.0;0.0;0.0;0.0;0.0;0.0;0.0;0.0;0.0;0.0;0.0;0.0;0.0;0.0;0.0;888.0
Penaforte;PENAFORTE;-7.8275;-39.0760555556;2009;10;22.0;0.0;0.0;0.0;0.0;0.0;0.0;0.0;0.0;0.0;0.0;0.0;0.0;0.0;0.0;0.0;0.0;0.0;0.0;0.0;0.0;0.0;0.0;0.0;0.0;0.0;3.0;16.0;3.0;0.0;0.0;0.0
Penaforte;PENAFORTE;-7.8275;-39.0760555556;2009;11;10.0;0.0;0.0;0.0;0.0;0.0;0.0;0.0;0.0;0.0;0.0;0.0;0.0;0.0;0.0;0.0;0.0;0.0;0.0;0.0;0.0;0.0;0.0;0.0;0.0;0.0;0.0;0.0;0.0;10.0;0.0;888.0
Penaforte;PENAFORTE;-7.8275;-39.0760555556;2009;12;175.0;2.0;80.0;0.0;7.0;0.0;0.0;0.0;0.0;0.0;0.0;7.0;0.0;0.0;0.0;8.0;0.0;0.0;6.0;0.0;0.0;19.0;0.0;0.0;0.0;0.0;18.0;0.0;0.0;0.0;12.0;16.0
Penaforte;PENAFORTE;-7.8275;-39.0760555556;2010;1;204.0;58.0;40.0;0.0;0.0;0.0;0.0;0.0;0.0;26.0;0.0;0.0;0.0;2.0;8.0;0.0;0.0;0.0;0.0;0.0;0.0;0.0;0.0;0.0;0.0;0.0;0.0;10.0;60.0;0.0;0.0;0.0
Penaforte;PENAFORTE;-7.8275;-39.0760555556;2010;2;27.0;0.0;0.0;0.0;0.0;0.0;0.0;0.0;0.0;0.0;21.0;0.0;0.0;0.0;0.0;0.0;0.0;0.0;0.0;0.0;0.0;0.0;0.0;0.0;6.0;0.0;0.0;0.0;0.0;888.0;888.0;888.0
Penaforte;PENAFORTE;-7.8275;-39.0760555556;2010;3;57.0;0.0;0.0;0.0;0.0;0.0;0.0;0.0;0.0;0.0;0.0;0.0;0.0;0.0;0.0;0.0;0.0;0.0;0.0;2.0;14.0;0.0;0.0;0.0;0.0;0.0;0.0;0.0;4.0;37.0;0.0;0.0
Penaforte;PENAFORTE;-7.8275;-39.0760555556;2010;4;80.0;0.0;0.0;0.0;18.0;0.0;0.0;0.0;0.0;27.0;0.0;7.0;4.0;9.0;10.0;0.0;5.0;0.0;0.0;0.0;0.0;0.0;0.0;0.0;0.0;0.0;0.0;0.0;0.0;0.0;0.0;888.0
Penaforte;PENAFORTE;-7.8275;-39.0760555556;2010;5;0.0;0.0;0.0;0.0;0.0;0.0;0.0;0.0;0.0;0.0;0.0;0.0;0.0;0.0;0.0;0.0;0.0;0.0;0.0;0.0;0.0;0.0;0.0;0.0;0.0;0.0;0.0;0.0;0.0;0.0;0.0;0.0
Penaforte;PENAFORTE;-7.8275;-39.0760555556;2010;6;25.0;0.0;0.0;0.0;0.0;0.0;0.0;0.0;0.0;0.0;0.0;0.0;0.0;0.0;0.0;0.0;0.0;0.0;0.0;0.0;0.0;0.0;0.0;0.0;0.0;15.0;0.0;0.0;10.0;0.0;0.0;888.0
Penaforte;PENAFORTE;-7.8275;-39.0760555556;2010;7;0.0;0.0;0.0;0.0;0.0;0.0;0.0;0.0;0.0;0.0;0.0;0.0;0.0;0.0;0.0;0.0;0.0;0.0;0.0;0.0;0.0;0.0;0.0;0.0;0.0;0.0;0.0;0.0;0.0;0.0;0.0;0.0
Penaforte;PENAFORTE;-7.8275;-39.0760555556;2010;8;0.0;0.0;0.0;0.0;0.0;0.0;0.0;0.0;0.0;0.0;0.0;0.0;0.0;0.0;0.0;0.0;0.0;0.0;0.0;0.0;0.0;0.0;0.0;0.0;0.0;0.0;0.0;0.0;0.0;0.0;0.0;0.0
Penaforte;PENAFORTE;-7.8275;-39.0760555556;2010;9;0.0;0.0;0.0;0.0;0.0;0.0;0.0;0.0;0.0;0.0;0.0;0.0;0.0;0.0;0.0;0.0;0.0;0.0;0.0;0.0;0.0;0.0;0.0;0.0;0.0;0.0;0.0;0.0;0.0;0.0;0.0;888.0
Penaforte;PENAFORTE;-7.8275;-39.0760555556;2010;10;91.0;0.0;0.0;0.0;0.0;0.0;0.0;0.0;0.0;0.0;0.0;0.0;0.0;0.0;0.0;0.0;0.0;0.0;0.0;0.0;0.0;0.0;0.0;0.0;0.0;4.0;0.0;87.0;0.0;0.0;0.0;0.0
Penaforte;PENAFORTE;-7.8275;-39.0760555556;2010;11;0.0;0.0;0.0;0.0;0.0;0.0;0.0;0.0;0.0;0.0;0.0;0.0;0.0;0.0;0.0;0.0;0.0;0.0;0.0;0.0;0.0;0.0;0.0;0.0;0.0;0.0;0.0;0.0;0.0;0.0;0.0;888.0
Penaforte;PENAFORTE;-7.8275;-39.0760555556;2010;12;52.0;0.0;0.0;0.0;0.0;0.0;0.0;0.0;0.0;0.0;0.0;25.0;3.0;0.0;0.0;4.0;0.0;20.0;0.0;0.0;0.0;0.0;0.0;0.0;0.0;0.0;0.0;0.0;0.0;0.0;0.0;0.0
Penaforte;PENAFORTE;-7.8275;-39.0760555556;2011;1;126.0;0.0;0.0;4.0;2.0;2.0;0.0;0.0;0.0;0.0;0.0;0.0;0.0;1.5;0.0;0.0;0.0;0.0;0.0;0.0;0.0;45.0;5.0;0.0;10.0;8.5;48.0;0.0;0.0;0.0;0.0;0.0
Penaforte;PENAFORTE;-7.8275;-39.0760555556;2011;2;108.6;5.0;0.0;0.0;0.0;0.0;0.0;0.0;0.0;0.0;0.0;0.0;0.0;0.0;0.0;4.0;0.0;3.6;0.0;0.0;2.0;3.0;0.0;2.0;17.0;61.0;0.0;0.0;11.0;888.0;888.0;888.0
Penaforte;PENAFORTE;-7.8275;-39.0760555556;2011;3;155.0;0.0;17.0;0.0;0.0;0.0;0.0;4.0;0.0;3.0;0.0;0.0;0.0;0.0;0.0;0.0;0.0;0.0;0.0;0.0;0.0;0.0;0.0;0.0;0.0;0.0;0.0;58.0;50.0;23.0;0.0;0.0
Penaforte;PENAFORTE;-7.8275;-39.0760555556;2011;4;168.5;0.0;0.0;0.0;0.0;0.0;0.0;0.0;0.0;0.0;70.0;0.0;0.0;0.0;0.0;0.0;0.0;70.0;5.5;0.0;5.0;0.0;2.5;0.0;10.0;5.5;0.0;0.0;0.0;0.0;0.0;888.0
Penaforte;PENAFORTE;-7.8275;-39.0760555556;2011;5;141.5;0.0;0.0;14.5;57.0;46.0;0.0;0.0;0.0;0.0;0.0;0.0;0.0;0.0;0.0;0.0;0.0;0.0;8.0;0.0;0.0;0.0;0.0;0.0;0.0;16.0;0.0;0.0;0.0;0.0;0.0;0.0
Penaforte;PENAFORTE;-7.8275;-39.0760555556;2011;6;0.0;0.0;0.0;0.0;0.0;0.0;0.0;0.0;0.0;0.0;0.0;0.0;0.0;0.0;0.0;0.0;0.0;0.0;0.0;0.0;0.0;0.0;0.0;0.0;0.0;0.0;0.0;0.0;0.0;0.0;0.0;888.0
Penaforte;PENAFORTE;-7.8275;-39.0760555556;2011;7;0.0;0.0;0.0;0.0;0.0;0.0;0.0;0.0;0.0;0.0;0.0;0.0;0.0;0.0;0.0;0.0;0.0;0.0;0.0;0.0;0.0;999.0;0.0;0.0;0.0;0.0;0.0;0.0;0.0;0.0;0.0;0.0
Penaforte;PENAFORTE;-7.8275;-39.0760555556;2011;8;0.0;0.0;0.0;0.0;0.0;0.0;0.0;0.0;0.0;0.0;0.0;0.0;0.0;0.0;0.0;0.0;0.0;0.0;0.0;0.0;0.0;0.0;0.0;0.0;0.0;0.0;0.0;0.0;0.0;0.0;0.0;0.0
Penaforte;PENAFORTE;-7.8275;-39.0760555556;2011;9;0.0;0.0;0.0;0.0;0.0;0.0;0.0;0.0;0.0;0.0;0.0;0.0;0.0;0.0;0.0;0.0;0.0;0.0;0.0;0.0;0.0;0.0;0.0;0.0;0.0;0.0;0.0;0.0;0.0;0.0;0.0;888.0
Penaforte;PENAFORTE;-7.8275;-39.0760555556;2011;10;12.0;0.0;0.0;0.0;0.0;0.0;0.0;0.0;0.0;0.0;0.0;0.0;0.0;0.0;0.0;0.0;0.0;12.0;999.0;999.0;999.0;999.0;999.0;999.0;999.0;999.0;999.0;999.0;999.0;999.0;999.0;999.0
Penaforte;PENAFORTE;-7.8275;-39.0760555556;2011;11;1.0;0.0;0.0;1.0;0.0;0.0;0.0;0.0;0.0;0.0;0.0;0.0;0.0;0.0;0.0;0.0;0.0;0.0;0.0;0.0;0.0;0.0;0.0;0.0;0.0;0.0;0.0;0.0;0.0;0.0;0.0;888.0
Penaforte;PENAFORTE;-7.8275;-39.0760555556;2011;12;6.0;0.0;0.0;0.0;0.0;0.0;0.0;0.0;0.0;0.0;0.0;0.0;0.0;6.0;0.0;0.0;0.0;0.0;0.0;0.0;0.0;0.0;0.0;0.0;0.0;0.0;0.0;0.0;0.0;0.0;0.0;0.0
Penaforte;PENAFORTE;-7.8275;-39.0760555556;2012;1;51.0;0.0;0.0;0.0;0.0;21.0;0.0;0.0;0.0;0.0;0.0;0.0;0.0;0.0;0.0;0.0;0.0;0.0;25.0;0.0;0.0;0.0;0.0;0.0;0.0;5.0;0.0;0.0;0.0;0.0;0.0;0.0
Penaforte;PENAFORTE;-7.8275;-39.0760555556;2012;2;176.0;0.0;0.0;0.0;0.0;0.0;0.0;0.0;0.0;0.0;0.0;4.0;0.0;0.0;0.0;0.0;0.0;0.0;0.0;122.0;28.0;0.0;0.0;0.0;0.0;0.0;0.0;0.0;22.0;0.0;888.0;888.0
Penaforte;PENAFORTE;-7.8275;-39.0760555556;2012;3;26.0;0.0;0.0;0.0;0.0;0.0;0.0;0.0;0.0;0.0;0.0;0.0;0.0;0.0;0.0;0.0;0.0;0.0;0.0;0.0;2.0;0.0;0.0;0.0;5.0;0.0;19.0;0.0;0.0;0.0;0.0;0.0
Penaforte;PENAFORTE;-7.8275;-39.0760555556;2012;4;4.0;0.0;0.0;0.0;0.0;0.0;0.0;0.0;4.0;0.0;0.0;0.0;0.0;0.0;0.0;0.0;0.0;0.0;0.0;0.0;0.0;0.0;0.0;0.0;0.0;0.0;0.0;0.0;0.0;0.0;0.0;888.0
Penaforte;PENAFORTE;-7.8275;-39.0760555556;2012;5;0.0;0.0;0.0;0.0;0.0;0.0;0.0;0.0;0.0;0.0;0.0;0.0;0.0;0.0;0.0;0.0;0.0;0.0;0.0;0.0;0.0;0.0;0.0;0.0;0.0;0.0;0.0;0.0;0.0;0.0;0.0;0.0
Penaforte;PENAFORTE;-7.8275;-39.0760555556;2012;6;0.0;0.0;0.0;0.0;0.0;0.0;0.0;0.0;0.0;0.0;0.0;0.0;0.0;0.0;0.0;0.0;0.0;0.0;0.0;0.0;0.0;0.0;0.0;0.0;0.0;0.0;0.0;0.0;0.0;0.0;0.0;888.0
Penaforte;PENAFORTE;-7.8275;-39.0760555556;2012;7;0.0;0.0;0.0;0.0;0.0;0.0;0.0;0.0;0.0;0.0;0.0;0.0;0.0;0.0;0.0;0.0;0.0;0.0;0.0;0.0;0.0;0.0;0.0;0.0;0.0;0.0;0.0;0.0;0.0;0.0;0.0;0.0
Penaforte;PENAFORTE;-7.8275;-39.0760555556;2012;8;0.0;0.0;0.0;0.0;0.0;0.0;0.0;0.0;0.0;0.0;0.0;0.0;0.0;0.0;0.0;0.0;0.0;0.0;0.0;0.0;0.0;0.0;0.0;0.0;0.0;0.0;0.0;0.0;0.0;0.0;0.0;0.0
Penaforte;PENAFORTE;-7.8275;-39.0760555556;2012;9;0.0;0.0;0.0;0.0;0.0;0.0;0.0;0.0;0.0;0.0;0.0;0.0;0.0;0.0;0.0;0.0;0.0;0.0;0.0;0.0;0.0;0.0;0.0;0.0;0.0;0.0;0.0;0.0;0.0;0.0;0.0;888.0
Penaforte;PENAFORTE;-7.8275;-39.0760555556;2012;10;0.0;0.0;0.0;0.0;0.0;0.0;0.0;0.0;0.0;0.0;0.0;0.0;0.0;0.0;0.0;0.0;0.0;0.0;0.0;0.0;0.0;0.0;0.0;0.0;0.0;0.0;0.0;0.0;0.0;0.0;0.0;0.0
Penaforte;PENAFORTE;-7.8275;-39.0760555556;2012;11;41.0;0.0;0.0;0.0;0.0;0.0;41.0;0.0;0.0;0.0;0.0;0.0;0.0;0.0;0.0;0.0;0.0;0.0;0.0;0.0;0.0;0.0;0.0;0.0;0.0;0.0;0.0;0.0;0.0;0.0;0.0;888.0
Penaforte;PENAFORTE;-7.8275;-39.0760555556;2012;12;0.0;0.0;0.0;0.0;0.0;0.0;0.0;0.0;0.0;0.0;0.0;0.0;0.0;0.0;0.0;0.0;0.0;0.0;0.0;0.0;0.0;0.0;0.0;0.0;0.0;0.0;0.0;0.0;0.0;0.0;0.0;0.0
Penaforte;PENAFORTE;-7.8275;-39.0760555556;2013;1;118.5;0.0;0.0;0.0;0.0;0.0;0.0;23.0;0.0;0.0;0.0;0.0;0.0;0.0;1.5;0.0;11.0;0.0;26.0;0.0;40.0;6.0;11.0;0.0;0.0;0.0;0.0;0.0;0.0;0.0;0.0;0.0
Penaforte;PENAFORTE;-7.8275;-39.0760555556;2013;2;26.0;0.0;0.0;0.0;0.0;0.0;0.0;0.0;0.0;0.0;13.0;0.0;0.0;0.0;0.0;0.0;0.0;5.0;0.0;8.0;0.0;0.0;0.0;0.0;0.0;0.0;0.0;0.0;0.0;888.0;888.0;888.0
Penaforte;PENAFORTE;-7.8275;-39.0760555556;2013;3;47.0;0.0;0.0;0.0;0.0;5.0;0.0;0.0;0.0;0.0;0.0;0.0;0.0;0.0;0.0;0.0;0.0;0.0;0.0;0.0;14.0;0.0;0.0;2.0;0.0;0.0;0.0;0.0;0.0;0.0;24.0;2.0
Penaforte;PENAFORTE;-7.8275;-39.0760555556;2013;4;45.0;0.0;0.0;3.0;0.0;0.0;0.0;0.0;5.0;0.0;0.0;0.0;1.0;0.0;0.0;0.0;0.0;0.0;5.0;4.0;0.0;0.0;0.0;0.0;0.0;1.0;6.0;13.0;0.0;0.0;7.0;888.0
Penaforte;PENAFORTE;-7.8275;-39.0760555556;2013;5;10.5;0.0;0.0;0.0;0.0;0.0;0.0;0.0;5.0;0.0;0.0;1.0;0.0;0.0;0.0;0.0;0.0;0.0;0.0;0.0;0.0;0.0;0.0;0.0;0.0;0.0;4.5;0.0;0.0;0.0;0.0;0.0
Penaforte;PENAFORTE;-7.8275;-39.0760555556;2013;6;47.5;0.0;0.0;0.0;0.0;0.0;24.0;0.0;0.0;0.0;0.0;0.0;0.0;0.0;0.0;0.0;0.0;0.0;2.0;0.0;0.0;0.0;0.0;21.5;0.0;0.0;0.0;0.0;0.0;0.0;0.0;888.0
Penaforte;PENAFORTE;-7.8275;-39.0760555556;2013;7;18.0;0.0;0.0;0.0;1.0;0.0;0.0;0.0;0.0;0.0;0.0;0.0;0.0;6.0;10.0;0.0;0.0;0.0;0.0;1.0;0.0;0.0;0.0;0.0;0.0;0.0;0.0;0.0;0.0;0.0;0.0;0.0
Penaforte;PENAFORTE;-7.8275;-39.0760555556;2013;8;0.0;0.0;0.0;999.0;999.0;999.0;999.0;999.0;999.0;999.0;999.0;999.0;999.0;999.0;999.0;999.0;999.0;999.0;999.0;999.0;999.0;999.0;999.0;999.0;999.0;999.0;999.0;999.0;999.0;999.0;999.0;999.0
Penaforte;PENAFORTE;-7.8275;-39.0760555556;2013;10;3.0;0.0;0.0;0.0;0.0;0.0;0.0;0.0;0.0;0.0;0.0;0.0;0.0;3.0;0.0;0.0;0.0;0.0;0.0;0.0;0.0;0.0;0.0;0.0;0.0;0.0;0.0;0.0;0.0;0.0;0.0;0.0
Penaforte;PENAFORTE;-7.8275;-39.0760555556;2013;11;9.0;0.0;0.0;0.0;0.0;0.0;0.0;0.0;0.0;0.0;0.0;0.0;3.0;0.0;0.0;0.0;0.0;0.0;0.0;0.0;0.0;0.0;0.0;0.0;4.0;2.0;0.0;0.0;999.0;999.0;999.0;888.0
Penaforte;PENAFORTE;-7.8275;-39.0760555556;2013;12;48.5;0.0;0.0;0.0;0.0;0.0;0.0;0.0;0.0;0.0;0.0;0.0;0.0;0.0;0.0;3.0;0.0;0.0;21.0;11.0;0.0;3.0;0.0;10.5;0.0;0.0;0.0;0.0;0.0;0.0;0.0;0.0
Penaforte;PENAFORTE;-7.8275;-39.0760555556;2014;1;35.0;0.0;0.0;0.0;0.0;0.0;0.0;0.0;0.0;0.0;0.0;0.0;0.0;0.0;5.0;0.0;0.0;0.0;2.0;0.0;0.0;8.0;0.0;0.0;0.0;0.0;0.0;0.0;0.0;0.0;0.0;20.0
Penaforte;PENAFORTE;-7.8275;-39.0760555556;2014;2;137.5;0.0;0.0;0.0;4.0;0.0;0.0;0.0;0.0;0.0;0.0;0.0;0.0;0.0;0.0;5.0;0.0;96.5;0.0;2.0;0.0;0.0;0.0;0.0;4.0;0.0;0.0;0.0;26.0;888.0;888.0;888.0
Penaforte;PENAFORTE;-7.8275;-39.0760555556;2014;3;192.0;0.0;0.0;0.0;8.0;0.0;0.0;0.0;0.0;19.0;46.0;38.0;0.0;0.0;0.0;3.0;0.0;2.0;0.0;0.0;0.0;0.0;0.0;0.0;0.0;0.0;0.0;18.0;0.0;35.0;9.0;14.0
Penaforte;PENAFORTE;-7.8275;-39.0760555556;2014;4;69.0;0.0;0.0;0.0;1.0;0.0;0.0;10.5;0.0;0.0;18.5;11.5;6.0;0.0;0.0;0.0;0.0;0.0;0.0;0.0;0.0;0.0;0.0;1.0;0.0;0.0;0.0;0.0;19.5;0.0;1.0;888.0
Penaforte;PENAFORTE;-7.8275;-39.0760555556;2014;5;31.0;0.0;2.0;3.0;0.0;4.0;0.0;0.0;0.0;0.0;0.0;0.0;0.0;0.0;0.0;2.0;0.0;0.0;0.0;0.0;0.0;0.0;0.0;0.0;0.0;0.0;0.0;0.0;0.0;12.0;8.0;0.0
Penaforte;PENAFORTE;-7.8275;-39.0760555556;2014;6;0.0;0.0;0.0;0.0;0.0;0.0;0.0;0.0;0.0;0.0;0.0;0.0;0.0;0.0;0.0;0.0;0.0;0.0;0.0;0.0;0.0;0.0;0.0;0.0;0.0;0.0;0.0;0.0;0.0;0.0;0.0;888.0
Penaforte;PENAFORTE;-7.8275;-39.0760555556;2014;7;0.0;0.0;0.0;0.0;0.0;0.0;0.0;0.0;0.0;0.0;0.0;0.0;0.0;0.0;0.0;0.0;0.0;0.0;0.0;0.0;0.0;0.0;0.0;0.0;0.0;0.0;0.0;0.0;0.0;0.0;0.0;0.0
Penaforte;PENAFORTE;-7.8275;-39.0760555556;2014;8;0.0;0.0;0.0;0.0;0.0;0.0;0.0;0.0;0.0;0.0;0.0;0.0;0.0;0.0;0.0;0.0;0.0;0.0;0.0;0.0;0.0;0.0;0.0;0.0;0.0;0.0;0.0;0.0;0.0;0.0;0.0;0.0
Penaforte;PENAFORTE;-7.8275;-39.0760555556;2014;9;0.0;0.0;0.0;0.0;0.0;0.0;0.0;0.0;0.0;0.0;0.0;0.0;0.0;0.0;0.0;0.0;0.0;0.0;0.0;0.0;0.0;0.0;0.0;0.0;0.0;0.0;0.0;0.0;0.0;0.0;0.0;888.0
Penaforte;PENAFORTE;-7.8275;-39.0760555556;2014;10;11.5;0.0;0.0;3.5;0.0;0.0;6.0;0.0;2.0;0.0;0.0;0.0;0.0;0.0;0.0;0.0;0.0;0.0;0.0;0.0;0.0;0.0;0.0;0.0;0.0;0.0;0.0;0.0;0.0;0.0;0.0;0.0
Penaforte;PENAFORTE;-7.8275;-39.0760555556;2014;11;121.0;0.0;0.0;0.0;0.0;0.0;0.0;0.0;0.0;0.0;0.0;0.0;0.0;0.0;0.0;0.0;0.0;65.0;0.0;45.0;11.0;0.0;0.0;0.0;0.0;0.0;0.0;0.0;0.0;0.0;0.0;888.0
Penaforte;PENAFORTE;-7.8275;-39.0760555556;2014;12;38.5;0.0;0.0;0.0;0.0;0.0;0.0;0.0;0.0;0.0;0.0;0.0;0.0;0.0;0.0;5.0;4.0;0.0;27.5;2.0;0.0;0.0;0.0;0.0;0.0;0.0;0.0;0.0;0.0;0.0;0.0;0.0
Penaforte;PENAFORTE;-7.8275;-39.0760555556;2015;1;21.0;0.0;0.0;0.0;0.0;0.0;0.0;0.0;0.0;0.0;0.0;0.0;0.0;0.0;0.0;0.0;0.0;0.0;0.0;0.0;0.0;1.0;0.0;0.0;0.0;3.0;0.0;0.0;0.0;0.0;17.0;0.0
Penaforte;PENAFORTE;-7.8275;-39.0760555556;2015;2;77.5;0.0;0.0;0.0;0.0;3.0;0.0;0.0;0.0;0.0;0.0;0.0;0.0;0.0;0.0;0.0;0.0;9.0;0.0;0.0;0.0;8.0;0.0;0.0;22.0;30.0;0.0;0.0;5.5;888.0;888.0;888.0
Penaforte;PENAFORTE;-7.8275;-39.0760555556;2015;3;158.5;0.0;8.5;3.5;0.0;0.0;1.5;0.0;0.0;3.0;21.0;0.0;0.0;0.0;0.0;0.0;10.0;21.0;21.0;0.0;0.0;0.0;0.0;27.0;3.5;34.0;0.0;0.0;0.0;0.0;3.0;1.5
Penaforte;PENAFORTE;-7.8275;-39.0760555556;2015;4;40.5;0.0;0.0;0.0;0.0;3.5;0.0;0.0;5.0;0.5;0.0;0.0;0.0;0.0;23.5;1.0;0.0;0.0;0.0;0.0;0.0;0.0;0.0;7.0;0.0;0.0;0.0;0.0;0.0;0.0;0.0;888.0
Penaforte;PENAFORTE;-7.8275;-39.0760555556;2015;5;20.5;0.0;0.0;0.0;0.0;0.0;0.0;0.0;0.0;20.5;0.0;0.0;0.0;0.0;0.0;0.0;0.0;0.0;0.0;0.0;0.0;0.0;0.0;0.0;0.0;0.0;0.0;0.0;0.0;0.0;0.0;0.0
Penaforte;PENAFORTE;-7.8275;-39.0760555556;2015;6;5.0;0.0;0.0;0.0;0.0;3.0;0.0;0.0;2.0;0.0;0.0;0.0;0.0;0.0;0.0;0.0;0.0;0.0;0.0;0.0;0.0;0.0;0.0;0.0;0.0;0.0;0.0;0.0;0.0;0.0;0.0;888.0
Penaforte;PENAFORTE;-7.8275;-39.0760555556;2015;7;53.0;27.5;0.0;8.0;0.0;8.0;0.0;0.0;6.0;0.0;0.0;0.0;0.0;0.0;0.0;0.0;0.0;0.0;0.0;0.0;0.0;0.0;0.0;0.0;3.5;0.0;0.0;0.0;0.0;0.0;0.0;0.0
Penaforte;PENAFORTE;-7.8275;-39.0760555556;2015;8;0.0;0.0;0.0;0.0;0.0;0.0;0.0;0.0;0.0;0.0;0.0;0.0;0.0;0.0;0.0;0.0;0.0;0.0;0.0;0.0;0.0;0.0;0.0;0.0;0.0;0.0;0.0;0.0;0.0;0.0;0.0;0.0
Penaforte;PENAFORTE;-7.8275;-39.0760555556;2015;9;0.0;0.0;0.0;0.0;0.0;0.0;0.0;0.0;0.0;0.0;0.0;0.0;0.0;0.0;0.0;0.0;0.0;0.0;0.0;0.0;0.0;0.0;0.0;0.0;0.0;0.0;0.0;0.0;0.0;0.0;0.0;888.0
Penaforte;PENAFORTE;-7.8275;-39.0760555556;2015;10;0.0;0.0;0.0;0.0;0.0;0.0;0.0;0.0;0.0;0.0;0.0;0.0;0.0;0.0;0.0;0.0;0.0;0.0;0.0;0.0;0.0;0.0;0.0;0.0;0.0;0.0;0.0;0.0;0.0;0.0;0.0;0.0
Penaforte;PENAFORTE;-7.8275;-39.0760555556;2015;11;0.0;0.0;0.0;0.0;0.0;0.0;0.0;0.0;0.0;0.0;0.0;0.0;0.0;0.0;0.0;0.0;0.0;0.0;0.0;0.0;0.0;0.0;0.0;0.0;0.0;0.0;0.0;0.0;0.0;0.0;0.0;888.0
Penaforte;PENAFORTE;-7.8275;-39.0760555556;2015;12;0.0;0.0;0.0;0.0;0.0;0.0;0.0;0.0;0.0;0.0;0.0;0.0;0.0;0.0;0.0;0.0;0.0;0.0;0.0;0.0;0.0;0.0;0.0;0.0;0.0;0.0;0.0;0.0;0.0;0.0;0.0;0.0
Penaforte;PENAFORTE;-7.8275;-39.0760555556;2016;1;139.4;0.0;0.0;0.0;0.0;0.0;0.0;3.8;17.1;0.0;0.0;0.0;0.0;0.2;10.0;0.0;0.0;14.0;25.0;0.0;0.0;2.1;11.0;0.0;0.0;14.0;0.0;0.0;3.0;3.0;17.0;19.2
Penaforte;PENAFORTE;-7.8275;-39.0760555556;2016;2;25.3;0.0;1.0;0.0;0.0;0.0;0.0;0.0;0.0;0.0;0.0;5.0;0.0;9.5;0.0;0.0;0.0;0.0;0.0;0.0;8.6;0.0;1.2;0.0;0.0;0.0;0.0;0.0;0.0;0.0;888.0;888.0
Penaforte;PENAFORTE;-7.8275;-39.0760555556;2016;3;52.9;0.0;0.0;0.0;0.0;0.0;0.0;0.0;0.0;3.5;0.0;0.0;0.0;5.0;0.0;0.0;0.0;0.0;16.0;0.0;0.0;5.0;0.0;0.0;0.0;3.0;0.0;0.0;0.0;0.0;20.4;0.0
Penaforte;PENAFORTE;-7.8275;-39.0760555556;2016;4;21.6;0.0;0.0;0.0;0.0;0.0;21.6;0.0;0.0;0.0;0.0;0.0;0.0;0.0;0.0;0.0;0.0;0.0;0.0;0.0;0.0;0.0;0.0;0.0;0.0;0.0;0.0;0.0;0.0;0.0;0.0;888.0
Penaforte;PENAFORTE;-7.8275;-39.0760555556;2016;5;72.6;0.0;0.0;0.0;0.0;0.0;0.0;0.0;0.0;0.0;0.0;0.0;11.3;0.0;0.0;0.0;0.0;0.0;0.0;0.0;0.0;0.0;0.0;0.0;4.0;55.3;0.0;0.0;0.0;0.0;0.0;2.0
Penaforte;PENAFORTE;-7.8275;-39.0760555556;2016;6;2.6;0.0;0.0;0.0;0.0;0.0;0.0;0.0;0.0;0.0;0.0;0.0;0.0;0.0;0.0;0.0;0.0;0.0;0.0;0.0;0.0;0.0;0.0;0.0;0.0;0.0;0.0;2.6;0.0;0.0;0.0;888.0
Penaforte;PENAFORTE;-7.8275;-39.0760555556;2016;7;0.0;0.0;0.0;0.0;0.0;0.0;0.0;0.0;0.0;0.0;0.0;0.0;0.0;0.0;0.0;0.0;0.0;0.0;0.0;0.0;0.0;0.0;0.0;0.0;0.0;0.0;0.0;0.0;0.0;0.0;0.0;0.0
Penaforte;PENAFORTE;-7.8275;-39.0760555556;2016;8;0.0;0.0;0.0;0.0;0.0;0.0;0.0;0.0;0.0;0.0;0.0;0.0;0.0;0.0;0.0;0.0;0.0;0.0;0.0;0.0;0.0;0.0;0.0;0.0;0.0;0.0;0.0;0.0;0.0;0.0;0.0;0.0
Penaforte;PENAFORTE;-7.8275;-39.0760555556;2016;9;0.0;0.0;0.0;0.0;0.0;0.0;0.0;0.0;0.0;0.0;0.0;0.0;0.0;0.0;0.0;0.0;0.0;0.0;0.0;0.0;0.0;0.0;0.0;0.0;0.0;0.0;0.0;0.0;0.0;0.0;0.0;888.0
Penaforte;PENAFORTE;-7.8275;-39.0760555556;2016;10;0.0;0.0;0.0;0.0;0.0;0.0;0.0;0.0;0.0;0.0;0.0;0.0;0.0;0.0;0.0;0.0;0.0;0.0;0.0;0.0;0.0;0.0;0.0;0.0;0.0;0.0;0.0;0.0;0.0;0.0;0.0;0.0
Penaforte;PENAFORTE;-7.8275;-39.0760555556;2016;11;6.8;0.0;0.0;0.0;0.0;0.0;0.0;0.0;0.0;0.0;0.0;0.0;0.0;0.0;0.0;0.0;0.0;0.0;6.8;0.0;0.0;0.0;0.0;0.0;0.0;0.0;0.0;0.0;0.0;0.0;0.0;888.0
Penaforte;PENAFORTE;-7.8275;-39.0760555556;2016;12;184.5;0.0;0.0;0.0;0.0;0.0;0.0;0.0;0.0;0.0;0.0;0.0;0.0;0.0;0.0;0.0;0.0;146.5;38.0;0.0;0.0;0.0;0.0;0.0;0.0;0.0;0.0;0.0;0.0;0.0;0.0;0.0
Penaforte;PENAFORTE;-7.8275;-39.0760555556;2017;1;47.6;0.0;0.0;0.0;0.0;0.0;0.0;0.0;0.0;0.0;0.0;0.0;0.0;0.0;0.0;0.0;0.0;0.0;0.0;0.0;0.0;0.0;4.6;0.0;23.0;0.0;0.0;0.0;0.0;12.0;8.0;0.0
Penaforte;PENAFORTE;-7.8275;-39.0760555556;2017;2;87.0;3.0;0.0;2.0;0.0;0.0;0.0;0.0;2.0;5.0;12.0;0.0;0.0;0.0;3.0;0.0;0.0;0.0;0.0;0.0;0.0;24.0;0.0;0.0;0.0;0.0;29.0;7.0;0.0;888.0;888.0;888.0
Penaforte;PENAFORTE;-7.8275;-39.0760555556;2017;3;135.2;0.0;0.0;0.0;0.0;0.0;0.0;5.0;3.0;0.0;0.0;0.0;0.0;0.0;6.0;0.0;0.0;16.0;0.0;0.0;0.0;0.0;0.0;0.0;0.0;98.0;0.0;5.2;0.0;0.0;0.0;2.0
Penaforte;PENAFORTE;-7.8275;-39.0760555556;2017;4;67.5;5.0;0.0;33.0;0.0;0.0;23.0;0.0;0.0;0.0;0.0;0.0;6.5;0.0;0.0;0.0;0.0;0.0;0.0;0.0;0.0;0.0;0.0;0.0;0.0;0.0;0.0;0.0;0.0;0.0;0.0;888.0
Penaforte;PENAFORTE;-7.8275;-39.0760555556;2017;5;3.2;0.0;0.0;0.0;0.0;0.0;0.0;0.0;0.0;0.0;0.0;0.0;0.0;0.0;0.0;0.0;0.0;0.0;0.0;0.0;0.0;0.0;0.0;0.0;0.0;0.0;0.0;0.0;0.0;0.0;0.0;3.2
Penaforte;PENAFORTE;-7.8275;-39.0760555556;2017;6;33.0;26.0;0.0;7.0;0.0;0.0;0.0;0.0;0.0;0.0;0.0;0.0;0.0;0.0;0.0;0.0;0.0;0.0;0.0;0.0;0.0;0.0;0.0;0.0;0.0;0.0;0.0;0.0;0.0;0.0;0.0;888.0
Penaforte;PENAFORTE;-7.8275;-39.0760555556;2017;7;0.0;0.0;0.0;0.0;0.0;0.0;0.0;0.0;0.0;0.0;0.0;0.0;0.0;0.0;0.0;0.0;0.0;0.0;0.0;0.0;0.0;0.0;0.0;0.0;0.0;0.0;0.0;0.0;0.0;0.0;0.0;0.0
Penaforte;PENAFORTE;-7.8275;-39.0760555556;2017;8;0.0;0.0;0.0;0.0;0.0;0.0;0.0;0.0;0.0;0.0;0.0;0.0;0.0;0.0;0.0;0.0;0.0;0.0;0.0;0.0;0.0;0.0;0.0;0.0;0.0;0.0;0.0;0.0;0.0;0.0;0.0;0.0
Penaforte;PENAFORTE;-7.8275;-39.0760555556;2017;9;0.0;0.0;0.0;0.0;0.0;0.0;0.0;0.0;0.0;0.0;0.0;0.0;0.0;0.0;0.0;0.0;0.0;0.0;0.0;0.0;0.0;0.0;0.0;0.0;0.0;0.0;0.0;0.0;0.0;0.0;0.0;888.0
Penaforte;PENAFORTE;-7.8275;-39.0760555556;2017;10;0.0;0.0;0.0;0.0;0.0;0.0;0.0;0.0;0.0;0.0;0.0;0.0;0.0;0.0;0.0;0.0;0.0;0.0;0.0;0.0;0.0;0.0;0.0;0.0;0.0;0.0;0.0;0.0;0.0;0.0;0.0;0.0
Penaforte;PENAFORTE;-7.8275;-39.0760555556;2017;11;10.0;0.0;0.0;0.0;0.0;0.0;0.0;0.0;10.0;0.0;0.0;0.0;0.0;0.0;0.0;0.0;0.0;0.0;0.0;0.0;0.0;0.0;0.0;0.0;0.0;0.0;0.0;0.0;0.0;0.0;0.0;888.0
Penaforte;PENAFORTE;-7.8275;-39.0760555556;2017;12;68.0;0.0;0.0;0.0;0.0;0.0;0.0;0.0;0.0;0.0;0.0;0.0;0.0;0.0;0.0;0.0;0.0;5.0;0.0;0.0;0.0;16.0;0.0;10.0;37.0;0.0;0.0;0.0;0.0;0.0;0.0;0.0
Penaforte;PENAFORTE;-7.8275;-39.0760555556;2018;1;67.0;0.0;0.0;0.0;0.0;0.0;0.0;17.0;2.0;0.0;3.0;0.0;5.0;8.0;0.0;0.0;0.0;0.0;0.0;0.0;0.0;0.0;0.0;0.0;0.0;0.0;0.0;32.0;0.0;0.0;0.0;0.0
Penaforte;PENAFORTE;-7.8275;-39.0760555556;2018;2;222.0;0.0;0.0;0.0;0.0;0.0;0.0;0.0;48.5;0.0;0.0;4.5;0.0;0.0;45.0;0.0;4.5;0.0;72.0;23.0;0.0;0.0;0.0;0.0;24.5;0.0;0.0;0.0;0.0;888.0;888.0;888.0
Penaforte;PENAFORTE;-7.8275;-39.0760555556;2018;3;49.8;2.0;0.0;13.0;0.0;0.0;0.0;0.0;0.0;0.0;0.0;0.0;0.0;0.0;0.0;0.0;0.0;0.0;0.0;8.6;19.2;0.0;0.0;0.0;0.0;0.0;0.0;0.0;0.0;0.0;0.0;7.0
Penaforte;PENAFORTE;-7.8275;-39.0760555556;2018;4;144.7;0.0;18.0;3.0;0.0;4.7;0.0;68.0;36.0;15.0;0.0;0.0;0.0;0.0;0.0;0.0;0.0;0.0;0.0;0.0;0.0;0.0;0.0;0.0;0.0;0.0;0.0;0.0;0.0;0.0;0.0;888.0
Penaforte;PENAFORTE;-7.8275;-39.0760555556;2018;5;24.5;0.0;8.5;0.0;0.0;0.0;0.0;0.0;0.0;0.0;0.0;0.0;0.0;0.0;0.0;0.0;16.0;0.0;0.0;0.0;0.0;0.0;0.0;0.0;0.0;0.0;0.0;0.0;0.0;0.0;0.0;0.0
Penaforte;PENAFORTE;-7.8275;-39.0760555556;2018;6;0.0;0.0;0.0;0.0;0.0;0.0;0.0;0.0;0.0;0.0;0.0;0.0;0.0;0.0;0.0;0.0;0.0;0.0;0.0;0.0;0.0;0.0;0.0;0.0;0.0;0.0;0.0;0.0;0.0;0.0;0.0;888.0
Penaforte;PENAFORTE;-7.8275;-39.0760555556;2018;7;0.0;0.0;0.0;0.0;0.0;0.0;0.0;0.0;0.0;0.0;0.0;0.0;0.0;0.0;0.0;0.0;0.0;0.0;0.0;0.0;0.0;0.0;0.0;0.0;0.0;0.0;0.0;0.0;0.0;0.0;0.0;0.0
Penaforte;PENAFORTE;-7.8275;-39.0760555556;2018;8;0.0;0.0;0.0;0.0;0.0;0.0;0.0;0.0;0.0;0.0;0.0;0.0;0.0;0.0;0.0;0.0;0.0;0.0;0.0;0.0;0.0;0.0;0.0;0.0;0.0;0.0;0.0;0.0;0.0;0.0;0.0;0.0
Penaforte;PENAFORTE;-7.8275;-39.0760555556;2018;9;0.0;0.0;0.0;0.0;0.0;0.0;0.0;0.0;0.0;0.0;0.0;0.0;0.0;0.0;0.0;0.0;0.0;0.0;0.0;0.0;0.0;0.0;0.0;0.0;0.0;999.0;999.0;999.0;999.0;999.0;999.0;888.0
