Municipios;Postos;Latitude;Longitude;Anos;Meses;Total;Dia1;Dia2;Dia3;Dia4;Dia5;Dia6;Dia7;Dia8;Dia9;Dia10;Dia11;Dia12;Dia13;Dia14;Dia15;Dia16;Dia17;Dia18;Dia19;Dia20;Dia21;Dia22;Dia23;Dia24;Dia25;Dia26;Dia27;Dia28;Dia29;Dia30;Dia31
Tamboril;TAMBORIL;-4.8344166666667;-40.320583333333;1979;1;51.9;0.0;0.0;0.0;0.0;0.0;0.0;0.0;0.0;0.0;0.0;0.0;0.0;0.0;0.0;6.7;0.0;9.0;0.0;0.0;6.9;0.0;0.0;23.6;5.7;0.0;0.0;0.0;0.0;0.0;0.0;0.0
Tamboril;TAMBORIL;-4.8344166666667;-40.320583333333;1979;2;48.6;0.0;0.0;0.0;0.0;0.0;0.0;0.0;5.5;0.0;0.0;0.0;0.0;0.0;0.0;0.0;0.0;0.0;0.0;0.0;0.0;0.0;11.9;0.0;24.0;0.0;0.0;7.2;0.0;888.0;888.0;888.0
Tamboril;TAMBORIL;-4.8344166666667;-40.320583333333;1979;3;194.9;0.0;0.0;0.0;0.0;72.4;0.0;0.0;0.0;0.0;2.6;0.0;0.0;0.0;13.9;0.0;0.0;24.6;0.0;0.0;0.0;16.8;0.0;0.0;0.0;0.0;0.0;12.4;0.0;36.2;16.0;0.0
Tamboril;TAMBORIL;-4.8344166666667;-40.320583333333;1979;4;108.7;0.0;0.0;0.0;4.6;0.0;0.0;16.9;0.0;0.0;0.0;0.0;0.0;0.0;0.0;0.0;0.0;0.0;0.0;8.7;0.0;0.0;9.4;0.0;8.4;27.6;18.0;3.0;0.0;0.0;12.1;888.0
Tamboril;TAMBORIL;-4.8344166666667;-40.320583333333;1979;5;65.1;0.0;0.0;0.0;0.0;2.3;4.1;8.6;0.0;0.0;0.0;0.0;2.3;0.0;0.0;0.0;11.6;0.0;33.3;1.6;1.3;0.0;0.0;0.0;0.0;0.0;0.0;0.0;0.0;0.0;0.0;0.0
Tamboril;TAMBORIL;-4.8344166666667;-40.320583333333;1979;6;6.2;0.0;3.7;0.0;0.0;0.0;0.0;2.5;0.0;0.0;0.0;0.0;0.0;0.0;0.0;0.0;0.0;0.0;0.0;0.0;0.0;0.0;0.0;0.0;0.0;0.0;0.0;0.0;0.0;0.0;0.0;888.0
Tamboril;TAMBORIL;-4.8344166666667;-40.320583333333;1979;7;13.3;0.0;7.0;6.3;0.0;0.0;0.0;0.0;0.0;0.0;0.0;0.0;0.0;0.0;0.0;0.0;0.0;0.0;0.0;0.0;0.0;0.0;0.0;0.0;0.0;0.0;0.0;0.0;0.0;0.0;0.0;0.0
Tamboril;TAMBORIL;-4.8344166666667;-40.320583333333;1979;8;0.0;0.0;0.0;0.0;0.0;0.0;0.0;0.0;0.0;0.0;0.0;0.0;0.0;0.0;0.0;0.0;0.0;0.0;0.0;0.0;0.0;0.0;0.0;0.0;0.0;0.0;0.0;0.0;0.0;0.0;0.0;0.0
Tamboril;TAMBORIL;-4.8344166666667;-40.320583333333;1979;9;0.0;0.0;0.0;0.0;0.0;0.0;0.0;0.0;0.0;0.0;0.0;0.0;0.0;0.0;0.0;0.0;0.0;0.0;0.0;0.0;0.0;0.0;0.0;0.0;0.0;0.0;0.0;0.0;0.0;0.0;0.0;888.0
Tamboril;TAMBORIL;-4.8344166666667;-40.320583333333;1979;10;0.0;0.0;0.0;0.0;0.0;0.0;0.0;0.0;0.0;0.0;0.0;0.0;0.0;0.0;0.0;0.0;0.0;0.0;0.0;0.0;0.0;0.0;0.0;0.0;0.0;0.0;0.0;0.0;0.0;0.0;0.0;0.0
Tamboril;TAMBORIL;-4.8344166666667;-40.320583333333;1979;11;13.7;0.0;0.0;0.0;0.0;0.0;0.0;0.0;0.0;0.0;13.7;0.0;0.0;0.0;0.0;0.0;0.0;0.0;0.0;0.0;0.0;0.0;0.0;0.0;0.0;0.0;0.0;0.0;0.0;0.0;0.0;888.0
Tamboril;TAMBORIL;-4.8344166666667;-40.320583333333;1979;12;5.7;0.0;0.0;0.0;0.0;0.0;0.0;0.0;0.0;0.0;0.0;0.0;0.0;0.0;0.0;0.0;0.0;0.0;0.0;0.0;0.0;0.0;0.0;5.7;0.0;0.0;0.0;0.0;0.0;0.0;0.0;0.0
Tamboril;TAMBORIL;-4.8344166666667;-40.320583333333;1980;1;35.0;0.0;0.0;0.0;5.7;0.0;0.0;0.0;0.0;0.0;0.0;5.4;4.0;0.0;8.2;11.7;0.0;0.0;0.0;0.0;0.0;0.0;0.0;0.0;0.0;0.0;0.0;0.0;0.0;0.0;0.0;0.0
Tamboril;TAMBORIL;-4.8344166666667;-40.320583333333;1980;2;253.3;0.0;0.0;0.0;0.0;0.0;0.0;0.0;14.3;0.0;1.8;0.8;0.0;0.0;0.0;15.5;9.0;0.0;2.7;0.0;63.2;0.0;68.1;0.0;13.3;13.5;14.5;36.6;0.0;0.0;888.0;888.0
Tamboril;TAMBORIL;-4.8344166666667;-40.320583333333;1980;3;126.5;4.7;0.0;12.6;0.0;0.0;18.4;34.6;6.6;0.0;0.0;0.0;0.0;10.0;39.6;0.0;0.0;0.0;0.0;0.0;0.0;0.0;0.0;0.0;0.0;0.0;0.0;0.0;0.0;0.0;0.0;0.0
Tamboril;TAMBORIL;-4.8344166666667;-40.320583333333;1980;4;45.2;0.0;0.0;0.0;0.0;0.0;0.0;0.0;0.0;0.0;0.0;14.2;0.0;0.0;0.0;0.0;0.0;0.0;0.0;0.0;0.0;0.0;0.0;23.8;0.0;0.0;0.0;7.2;0.0;0.0;0.0;888.0
Tamboril;TAMBORIL;-4.8344166666667;-40.320583333333;1980;5;0.0;0.0;0.0;0.0;0.0;0.0;0.0;0.0;0.0;0.0;0.0;0.0;0.0;0.0;0.0;0.0;0.0;0.0;0.0;0.0;0.0;0.0;0.0;0.0;0.0;0.0;0.0;0.0;0.0;0.0;0.0;0.0
Tamboril;TAMBORIL;-4.8344166666667;-40.320583333333;1980;6;29.1;0.0;0.0;0.0;0.0;4.8;0.0;0.0;0.0;0.0;24.3;0.0;0.0;0.0;0.0;0.0;0.0;0.0;0.0;0.0;0.0;0.0;0.0;0.0;0.0;0.0;0.0;0.0;0.0;0.0;0.0;888.0
Tamboril;TAMBORIL;-4.8344166666667;-40.320583333333;1980;7;0.0;0.0;0.0;0.0;0.0;0.0;0.0;0.0;0.0;0.0;0.0;0.0;0.0;0.0;0.0;0.0;0.0;0.0;0.0;0.0;0.0;0.0;0.0;0.0;0.0;0.0;0.0;0.0;0.0;0.0;0.0;0.0
Tamboril;TAMBORIL;-4.8344166666667;-40.320583333333;1980;8;0.0;0.0;0.0;0.0;0.0;0.0;0.0;0.0;0.0;0.0;0.0;0.0;0.0;0.0;0.0;0.0;0.0;0.0;0.0;0.0;0.0;0.0;0.0;0.0;0.0;0.0;0.0;0.0;0.0;0.0;0.0;0.0
Tamboril;TAMBORIL;-4.8344166666667;-40.320583333333;1980;9;0.0;0.0;0.0;0.0;0.0;0.0;0.0;0.0;0.0;0.0;0.0;0.0;0.0;0.0;0.0;0.0;0.0;0.0;0.0;0.0;0.0;0.0;0.0;0.0;0.0;0.0;0.0;0.0;0.0;0.0;0.0;888.0
Tamboril;TAMBORIL;-4.8344166666667;-40.320583333333;1980;10;0.0;0.0;0.0;0.0;0.0;0.0;0.0;0.0;0.0;0.0;0.0;0.0;0.0;0.0;0.0;0.0;0.0;0.0;0.0;0.0;0.0;0.0;0.0;0.0;0.0;0.0;0.0;0.0;0.0;0.0;0.0;0.0
Tamboril;TAMBORIL;-4.8344166666667;-40.320583333333;1980;11;28.2;0.0;0.0;0.0;0.0;0.0;0.0;0.0;0.0;0.0;0.0;0.0;0.0;0.0;0.0;0.0;0.0;7.4;20.8;0.0;0.0;0.0;0.0;0.0;0.0;0.0;0.0;0.0;0.0;0.0;0.0;888.0
Tamboril;TAMBORIL;-4.8344166666667;-40.320583333333;1980;12;0.0;0.0;0.0;0.0;0.0;0.0;0.0;0.0;0.0;0.0;0.0;0.0;0.0;0.0;0.0;0.0;0.0;0.0;0.0;0.0;0.0;0.0;0.0;0.0;0.0;0.0;0.0;0.0;0.0;0.0;0.0;0.0
Tamboril;TAMBORIL;-4.8344166666667;-40.320583333333;1981;1;71.7;0.0;0.0;0.0;0.0;0.0;0.0;0.0;0.0;0.0;8.0;0.0;0.0;0.0;0.0;0.0;2.0;0.0;1.3;0.0;0.0;0.0;0.0;0.0;0.0;0.0;27.7;0.0;0.0;0.0;32.7;0.0
Tamboril;TAMBORIL;-4.8344166666667;-40.320583333333;1981;2;10.2;0.0;0.0;0.0;0.0;0.0;4.7;0.0;0.0;0.0;0.0;0.0;0.0;0.0;0.0;5.5;0.0;0.0;0.0;0.0;0.0;0.0;0.0;0.0;0.0;0.0;0.0;0.0;0.0;888.0;888.0;888.0
Tamboril;TAMBORIL;-4.8344166666667;-40.320583333333;1981;3;306.9;0.0;0.0;0.0;0.0;0.0;0.0;0.0;0.0;0.0;0.0;5.0;20.8;30.6;10.7;35.4;49.1;0.0;0.0;0.0;35.6;0.0;0.0;40.0;19.5;13.2;0.0;0.0;19.0;0.0;0.0;28.0
Tamboril;TAMBORIL;-4.8344166666667;-40.320583333333;1981;4;54.0;19.0;0.0;0.0;0.0;22.0;13.0;0.0;0.0;0.0;0.0;0.0;0.0;0.0;0.0;0.0;0.0;0.0;0.0;0.0;0.0;0.0;0.0;0.0;0.0;0.0;0.0;0.0;0.0;0.0;0.0;888.0
Tamboril;TAMBORIL;-4.8344166666667;-40.320583333333;1981;5;5.9;0.0;0.0;0.0;0.0;0.0;0.0;0.0;0.0;0.0;0.0;0.0;0.0;5.9;0.0;0.0;0.0;0.0;0.0;0.0;0.0;0.0;0.0;0.0;0.0;0.0;0.0;0.0;0.0;0.0;0.0;0.0
Tamboril;TAMBORIL;-4.8344166666667;-40.320583333333;1981;6;0.0;0.0;0.0;0.0;0.0;0.0;0.0;0.0;0.0;0.0;0.0;0.0;0.0;0.0;0.0;0.0;0.0;0.0;0.0;0.0;0.0;0.0;0.0;0.0;0.0;0.0;0.0;0.0;0.0;0.0;0.0;888.0
Tamboril;TAMBORIL;-4.8344166666667;-40.320583333333;1981;7;0.0;0.0;0.0;0.0;0.0;0.0;0.0;0.0;0.0;0.0;0.0;0.0;0.0;0.0;0.0;0.0;0.0;0.0;0.0;0.0;0.0;0.0;0.0;0.0;0.0;0.0;0.0;0.0;0.0;0.0;0.0;0.0
Tamboril;TAMBORIL;-4.8344166666667;-40.320583333333;1981;8;14.4;0.0;0.0;0.0;0.0;0.0;0.0;0.0;0.0;0.0;0.0;0.0;0.0;0.0;0.0;0.0;0.0;0.0;0.0;0.0;14.4;0.0;0.0;0.0;0.0;0.0;0.0;0.0;0.0;0.0;0.0;0.0
Tamboril;TAMBORIL;-4.8344166666667;-40.320583333333;1981;9;0.0;0.0;0.0;0.0;0.0;0.0;0.0;0.0;0.0;0.0;0.0;0.0;0.0;0.0;0.0;0.0;0.0;0.0;0.0;0.0;0.0;0.0;0.0;0.0;0.0;0.0;0.0;0.0;0.0;0.0;0.0;888.0
Tamboril;TAMBORIL;-4.8344166666667;-40.320583333333;1981;10;0.0;0.0;0.0;0.0;0.0;0.0;0.0;0.0;0.0;0.0;0.0;0.0;0.0;0.0;0.0;0.0;0.0;0.0;0.0;0.0;0.0;0.0;0.0;0.0;0.0;0.0;0.0;0.0;0.0;0.0;0.0;0.0
Tamboril;TAMBORIL;-4.8344166666667;-40.320583333333;1981;11;0.2;0.0;0.0;0.0;0.0;0.0;0.1;0.0;0.1;0.0;0.0;0.0;0.0;0.0;0.0;0.0;0.0;0.0;0.0;0.0;0.0;0.0;0.0;0.0;0.0;0.0;0.0;0.0;0.0;0.0;0.0;888.0
Tamboril;TAMBORIL;-4.8344166666667;-40.320583333333;1981;12;52.8;0.0;0.0;0.0;0.0;0.0;0.0;0.0;0.0;0.0;0.0;0.0;0.0;0.0;0.0;0.0;0.0;0.0;0.0;0.0;0.0;33.1;19.7;0.0;0.0;0.0;0.0;0.0;0.0;0.0;0.0;0.0
Tamboril;TAMBORIL;-4.8344166666667;-40.320583333333;1982;1;106.7;0.0;0.0;0.0;0.0;0.0;0.0;2.0;0.7;0.0;0.0;0.0;0.0;0.0;0.0;0.0;0.0;0.0;0.0;0.0;0.0;0.0;0.0;0.0;0.0;0.0;62.0;42.0;0.0;0.0;0.0;0.0
Tamboril;TAMBORIL;-4.8344166666667;-40.320583333333;1982;2;140.0;20.8;0.0;48.0;0.0;0.0;0.0;0.0;0.0;0.0;0.0;0.0;0.0;0.0;0.0;0.0;23.0;0.0;0.0;6.0;0.0;0.0;0.0;0.0;0.0;0.0;4.2;19.0;19.0;888.0;888.0;888.0
Tamboril;TAMBORIL;-4.8344166666667;-40.320583333333;1982;3;81.3;0.0;16.5;0.0;11.1;0.0;0.0;0.2;0.5;16.3;0.0;0.0;0.0;0.0;0.0;0.0;0.0;0.0;0.0;0.0;0.0;0.0;0.0;11.2;0.0;13.0;6.4;6.1;0.0;0.0;0.0;0.0
Tamboril;TAMBORIL;-4.8344166666667;-40.320583333333;1982;4;173.6;27.2;0.0;0.0;0.0;0.0;0.0;0.0;0.0;0.0;0.0;0.0;0.0;0.0;90.0;20.0;4.0;0.0;0.0;6.3;13.0;0.0;0.0;13.1;0.0;0.0;0.0;0.0;0.0;0.0;0.0;888.0
Tamboril;TAMBORIL;-4.8344166666667;-40.320583333333;1982;5;18.4;0.0;4.0;0.0;0.0;0.0;0.0;0.0;0.0;0.0;0.0;0.0;14.4;0.0;0.0;0.0;0.0;0.0;0.0;0.0;0.0;0.0;0.0;0.0;0.0;0.0;0.0;0.0;0.0;0.0;0.0;0.0
Tamboril;TAMBORIL;-4.8344166666667;-40.320583333333;1982;6;0.0;0.0;0.0;0.0;0.0;0.0;0.0;0.0;0.0;0.0;0.0;0.0;0.0;0.0;0.0;0.0;0.0;0.0;0.0;0.0;0.0;0.0;0.0;0.0;0.0;0.0;0.0;0.0;0.0;0.0;0.0;888.0
Tamboril;TAMBORIL;-4.8344166666667;-40.320583333333;1982;7;1.0;0.0;0.0;0.0;0.0;0.0;0.0;0.0;0.0;0.0;0.0;0.0;0.0;0.0;0.0;0.0;0.0;1.0;0.0;0.0;0.0;0.0;0.0;0.0;0.0;0.0;0.0;0.0;0.0;0.0;0.0;0.0
Tamboril;TAMBORIL;-4.8344166666667;-40.320583333333;1982;8;0.0;0.0;0.0;0.0;0.0;0.0;0.0;0.0;0.0;0.0;0.0;0.0;0.0;0.0;0.0;0.0;0.0;0.0;0.0;0.0;0.0;0.0;0.0;0.0;0.0;0.0;0.0;0.0;0.0;0.0;0.0;0.0
Tamboril;TAMBORIL;-4.8344166666667;-40.320583333333;1982;9;0.0;0.0;0.0;0.0;0.0;0.0;0.0;0.0;0.0;0.0;0.0;0.0;0.0;0.0;0.0;0.0;0.0;0.0;0.0;0.0;0.0;0.0;0.0;0.0;0.0;0.0;0.0;0.0;0.0;0.0;0.0;888.0
Tamboril;TAMBORIL;-4.8344166666667;-40.320583333333;1982;10;5.6;0.0;0.0;0.0;0.0;0.0;0.0;0.0;0.0;0.0;0.0;0.0;0.0;0.0;0.0;0.0;0.0;0.0;0.0;0.0;0.0;0.0;0.0;0.0;0.0;0.0;0.0;0.0;4.6;1.0;0.0;0.0
Tamboril;TAMBORIL;-4.8344166666667;-40.320583333333;1982;11;0.0;0.0;0.0;0.0;0.0;0.0;0.0;0.0;0.0;0.0;0.0;0.0;0.0;0.0;0.0;0.0;0.0;0.0;0.0;0.0;0.0;0.0;0.0;0.0;0.0;0.0;0.0;0.0;0.0;0.0;0.0;888.0
Tamboril;TAMBORIL;-4.8344166666667;-40.320583333333;1982;12;0.0;0.0;0.0;0.0;0.0;0.0;0.0;0.0;0.0;0.0;0.0;0.0;0.0;0.0;0.0;0.0;0.0;0.0;0.0;0.0;0.0;0.0;0.0;0.0;0.0;0.0;0.0;0.0;0.0;0.0;0.0;0.0
Tamboril;TAMBORIL;-4.8344166666667;-40.320583333333;1983;1;4.6;0.0;0.0;0.0;0.0;0.0;0.0;0.0;0.0;0.0;0.0;0.0;0.0;0.0;0.0;0.0;0.0;0.0;0.0;0.0;0.0;0.0;0.0;0.0;0.0;0.0;0.0;4.6;0.0;0.0;0.0;0.0
Tamboril;TAMBORIL;-4.8344166666667;-40.320583333333;1983;2;111.4;0.0;0.0;0.0;11.6;40.6;0.0;42.6;0.0;5.6;6.4;0.0;0.0;0.0;0.0;0.0;0.0;4.6;0.0;0.0;0.0;0.0;0.0;0.0;0.0;0.0;0.0;0.0;0.0;888.0;888.0;888.0
Tamboril;TAMBORIL;-4.8344166666667;-40.320583333333;1983;3;38.0;0.0;0.0;0.0;0.0;0.0;0.0;0.0;0.0;0.0;0.0;0.0;0.0;0.0;0.0;0.0;0.0;0.0;0.0;0.0;0.0;0.0;0.0;0.0;6.6;21.4;10.0;0.0;0.0;0.0;0.0;0.0
Tamboril;TAMBORIL;-4.8344166666667;-40.320583333333;1983;4;46.3;0.0;0.0;0.0;0.0;0.0;0.0;42.6;0.0;0.0;0.0;0.0;0.0;0.0;0.0;0.0;3.7;0.0;0.0;0.0;0.0;0.0;0.0;0.0;0.0;0.0;0.0;0.0;0.0;0.0;0.0;888.0
Tamboril;TAMBORIL;-4.8344166666667;-40.320583333333;1983;5;0.0;0.0;0.0;0.0;0.0;0.0;0.0;0.0;0.0;0.0;0.0;0.0;0.0;0.0;0.0;0.0;0.0;0.0;0.0;0.0;0.0;0.0;0.0;0.0;0.0;0.0;0.0;0.0;0.0;0.0;0.0;0.0
Tamboril;TAMBORIL;-4.8344166666667;-40.320583333333;1983;6;0.0;0.0;0.0;0.0;0.0;0.0;0.0;0.0;0.0;0.0;0.0;0.0;0.0;0.0;0.0;0.0;0.0;0.0;0.0;0.0;0.0;0.0;0.0;0.0;0.0;0.0;0.0;0.0;0.0;0.0;0.0;888.0
Tamboril;TAMBORIL;-4.8344166666667;-40.320583333333;1983;7;0.0;0.0;0.0;0.0;0.0;0.0;0.0;0.0;0.0;0.0;0.0;0.0;0.0;0.0;0.0;0.0;0.0;0.0;0.0;0.0;0.0;0.0;0.0;0.0;0.0;0.0;0.0;0.0;0.0;0.0;0.0;0.0
Tamboril;TAMBORIL;-4.8344166666667;-40.320583333333;1983;8;0.0;0.0;0.0;0.0;0.0;0.0;0.0;0.0;0.0;0.0;0.0;0.0;0.0;0.0;0.0;0.0;0.0;0.0;0.0;0.0;0.0;0.0;0.0;0.0;0.0;0.0;0.0;0.0;0.0;0.0;0.0;0.0
Tamboril;TAMBORIL;-4.8344166666667;-40.320583333333;1983;9;0.0;0.0;0.0;0.0;0.0;0.0;0.0;0.0;0.0;0.0;0.0;0.0;0.0;0.0;0.0;0.0;0.0;0.0;0.0;0.0;0.0;0.0;0.0;0.0;0.0;0.0;0.0;0.0;0.0;0.0;0.0;888.0
Tamboril;TAMBORIL;-4.8344166666667;-40.320583333333;1983;10;0.0;0.0;0.0;0.0;0.0;0.0;0.0;0.0;0.0;0.0;0.0;0.0;0.0;0.0;0.0;0.0;0.0;0.0;0.0;0.0;0.0;0.0;0.0;0.0;0.0;0.0;0.0;0.0;0.0;0.0;0.0;0.0
Tamboril;TAMBORIL;-4.8344166666667;-40.320583333333;1983;11;0.0;0.0;0.0;0.0;0.0;0.0;0.0;0.0;0.0;0.0;0.0;0.0;0.0;0.0;0.0;0.0;0.0;0.0;0.0;0.0;0.0;0.0;0.0;0.0;0.0;0.0;0.0;0.0;0.0;0.0;0.0;888.0
Tamboril;TAMBORIL;-4.8344166666667;-40.320583333333;1983;12;4.8;0.0;0.0;0.0;0.0;0.0;0.0;0.0;0.0;0.0;0.0;0.0;0.0;0.0;0.0;0.0;0.0;0.0;0.0;0.0;0.0;4.8;0.0;0.0;0.0;0.0;0.0;0.0;0.0;0.0;0.0;0.0
Tamboril;TAMBORIL;-4.8344166666667;-40.320583333333;1984;1;14.8;0.0;0.0;0.0;0.0;0.0;0.0;0.0;5.0;0.0;7.8;2.0;0.0;0.0;0.0;0.0;0.0;0.0;0.0;0.0;0.0;0.0;0.0;0.0;0.0;0.0;0.0;0.0;0.0;0.0;0.0;0.0
Tamboril;TAMBORIL;-4.8344166666667;-40.320583333333;1984;2;39.5;0.0;0.0;0.0;0.0;0.0;0.0;9.2;0.0;0.0;0.0;0.0;13.0;0.0;3.5;13.8;0.0;0.0;0.0;0.0;0.0;0.0;0.0;0.0;0.0;0.0;0.0;0.0;0.0;0.0;888.0;888.0
Tamboril;TAMBORIL;-4.8344166666667;-40.320583333333;1984;3;349.7;0.0;0.0;17.0;0.0;0.0;0.8;0.0;17.1;36.9;0.0;0.0;47.4;0.0;13.0;20.8;21.8;5.0;32.4;0.0;0.0;0.0;87.7;0.0;0.0;0.0;13.6;9.0;2.0;5.0;0.0;20.2
Tamboril;TAMBORIL;-4.8344166666667;-40.320583333333;1984;4;322.4;21.6;0.0;20.0;37.7;7.2;34.6;13.4;9.0;0.0;22.8;0.0;0.0;0.0;0.0;13.5;0.0;23.0;0.0;3.3;85.6;0.0;16.6;0.0;0.0;0.0;0.0;14.1;0.0;0.0;0.0;888.0
Tamboril;TAMBORIL;-4.8344166666667;-40.320583333333;1984;5;17.9;0.0;0.0;0.0;2.6;0.0;0.0;0.0;0.0;0.0;0.0;0.0;0.0;0.0;0.0;0.0;0.0;0.0;1.1;0.0;13.4;0.0;0.0;0.8;0.0;0.0;0.0;0.0;0.0;0.0;0.0;0.0
Tamboril;TAMBORIL;-4.8344166666667;-40.320583333333;1984;6;34.4;0.0;17.9;0.0;0.0;13.9;0.0;0.0;0.0;0.0;0.0;0.0;0.0;0.0;0.0;0.0;0.0;0.0;0.0;2.6;0.0;0.0;0.0;0.0;0.0;0.0;0.0;0.0;0.0;0.0;0.0;888.0
Tamboril;TAMBORIL;-4.8344166666667;-40.320583333333;1984;7;0.0;0.0;0.0;0.0;0.0;0.0;0.0;0.0;0.0;0.0;0.0;0.0;0.0;0.0;0.0;0.0;0.0;0.0;0.0;0.0;0.0;0.0;0.0;0.0;0.0;0.0;0.0;0.0;0.0;0.0;0.0;0.0
Tamboril;TAMBORIL;-4.8344166666667;-40.320583333333;1984;8;0.0;0.0;0.0;0.0;0.0;0.0;0.0;0.0;0.0;0.0;0.0;0.0;0.0;0.0;0.0;0.0;0.0;0.0;0.0;0.0;0.0;0.0;0.0;0.0;0.0;0.0;0.0;0.0;0.0;0.0;0.0;0.0
Tamboril;TAMBORIL;-4.8344166666667;-40.320583333333;1984;9;0.0;0.0;0.0;0.0;0.0;0.0;0.0;0.0;0.0;0.0;0.0;0.0;0.0;0.0;0.0;0.0;0.0;0.0;0.0;0.0;0.0;0.0;0.0;0.0;0.0;0.0;0.0;0.0;0.0;0.0;0.0;888.0
Tamboril;TAMBORIL;-4.8344166666667;-40.320583333333;1984;10;0.0;0.0;0.0;0.0;0.0;0.0;0.0;0.0;0.0;0.0;0.0;0.0;0.0;0.0;0.0;0.0;0.0;0.0;0.0;0.0;0.0;0.0;0.0;0.0;0.0;0.0;0.0;0.0;0.0;0.0;0.0;0.0
Tamboril;TAMBORIL;-4.8344166666667;-40.320583333333;1984;11;0.0;0.0;0.0;0.0;0.0;0.0;0.0;0.0;0.0;0.0;0.0;0.0;0.0;0.0;0.0;0.0;0.0;0.0;0.0;0.0;0.0;0.0;0.0;0.0;0.0;0.0;0.0;0.0;0.0;0.0;0.0;888.0
Tamboril;TAMBORIL;-4.8344166666667;-40.320583333333;1984;12;0.0;0.0;0.0;0.0;0.0;0.0;0.0;0.0;0.0;0.0;0.0;0.0;0.0;0.0;0.0;0.0;0.0;0.0;0.0;0.0;0.0;0.0;0.0;0.0;0.0;0.0;0.0;0.0;0.0;0.0;0.0;0.0
Tamboril;TAMBORIL;-4.8344166666667;-40.320583333333;1985;1;243.4;0.0;0.0;0.0;0.0;0.0;0.0;0.0;2.6;0.0;0.0;11.2;0.0;0.0;0.0;0.0;4.0;0.0;0.0;7.0;3.6;25.6;0.0;40.0;6.4;25.0;0.0;34.2;6.0;25.8;0.0;52.0
Tamboril;TAMBORIL;-4.8344166666667;-40.320583333333;1985;2;327.9;18.0;0.0;9.0;0.0;5.0;0.0;8.0;0.0;0.0;0.0;67.3;8.0;0.0;15.6;16.0;22.9;11.1;55.6;0.0;1.1;0.0;10.0;43.9;0.0;36.4;0.0;0.0;0.0;888.0;888.0;888.0
Tamboril;TAMBORIL;-4.8344166666667;-40.320583333333;1985;3;365.3;6.7;0.0;0.0;2.4;8.4;23.6;6.4;0.0;0.0;0.0;0.0;0.0;0.0;2.4;8.1;23.7;10.1;0.0;25.4;52.6;0.0;0.0;2.0;70.0;64.3;0.0;23.3;11.5;8.9;9.5;6.0
Tamboril;TAMBORIL;-4.8344166666667;-40.320583333333;1985;4;494.0;0.0;3.7;38.2;14.0;17.0;0.0;0.0;5.5;0.0;0.0;33.4;11.5;51.0;6.0;115.0;12.5;53.0;0.0;12.0;0.0;0.0;25.0;34.5;7.9;0.0;16.6;0.0;0.0;0.0;37.2;888.0
Tamboril;TAMBORIL;-4.8344166666667;-40.320583333333;1985;5;102.9;0.0;0.0;21.3;0.0;0.0;0.0;0.0;0.0;0.0;0.0;0.0;16.3;0.0;0.0;0.0;0.0;0.0;0.0;0.0;8.4;0.0;15.9;41.0;0.0;0.0;0.0;0.0;0.0;0.0;0.0;0.0
Tamboril;TAMBORIL;-4.8344166666667;-40.320583333333;1985;6;35.0;0.0;0.0;0.0;0.0;12.7;0.0;0.0;0.0;0.0;10.7;11.6;0.0;0.0;0.0;0.0;0.0;0.0;0.0;0.0;0.0;0.0;0.0;0.0;0.0;0.0;0.0;0.0;0.0;0.0;0.0;888.0
Tamboril;TAMBORIL;-4.8344166666667;-40.320583333333;1985;7;0.0;0.0;0.0;0.0;0.0;0.0;0.0;0.0;0.0;0.0;0.0;0.0;0.0;0.0;0.0;0.0;0.0;0.0;0.0;0.0;0.0;0.0;0.0;0.0;0.0;0.0;0.0;0.0;0.0;0.0;0.0;0.0
Tamboril;TAMBORIL;-4.8344166666667;-40.320583333333;1985;8;0.0;0.0;0.0;0.0;0.0;0.0;0.0;0.0;0.0;0.0;0.0;0.0;0.0;0.0;0.0;0.0;0.0;0.0;0.0;0.0;0.0;0.0;0.0;0.0;0.0;0.0;0.0;0.0;0.0;0.0;0.0;0.0
Tamboril;TAMBORIL;-4.8344166666667;-40.320583333333;1985;9;0.0;0.0;0.0;0.0;0.0;0.0;0.0;0.0;0.0;0.0;0.0;0.0;0.0;0.0;0.0;0.0;0.0;0.0;0.0;0.0;0.0;0.0;0.0;0.0;0.0;0.0;0.0;0.0;0.0;0.0;0.0;888.0
Tamboril;TAMBORIL;-4.8344166666667;-40.320583333333;1985;10;0.0;0.0;0.0;0.0;0.0;0.0;0.0;0.0;0.0;0.0;0.0;0.0;0.0;0.0;0.0;0.0;0.0;0.0;0.0;0.0;0.0;0.0;0.0;0.0;0.0;0.0;0.0;0.0;0.0;0.0;0.0;0.0
Tamboril;TAMBORIL;-4.8344166666667;-40.320583333333;1985;11;0.0;0.0;0.0;0.0;0.0;0.0;0.0;0.0;0.0;0.0;0.0;0.0;0.0;0.0;0.0;0.0;0.0;0.0;0.0;0.0;0.0;0.0;0.0;0.0;0.0;0.0;0.0;0.0;0.0;0.0;0.0;888.0
Tamboril;TAMBORIL;-4.8344166666667;-40.320583333333;1985;12;64.0;0.0;0.0;0.0;0.0;0.0;0.0;0.0;7.0;0.0;0.0;0.0;42.0;0.0;0.0;0.0;9.3;5.7;0.0;0.0;0.0;0.0;0.0;0.0;0.0;0.0;0.0;0.0;0.0;0.0;0.0;0.0
Tamboril;TAMBORIL;-4.8344166666667;-40.320583333333;1986;1;7.0;0.0;0.0;0.0;0.0;0.0;0.0;0.0;0.0;0.0;0.0;0.0;0.0;0.0;0.0;0.0;0.0;0.0;0.0;0.0;0.0;0.0;0.0;0.0;0.0;0.0;0.0;0.0;0.0;0.0;0.0;7.0
Tamboril;TAMBORIL;-4.8344166666667;-40.320583333333;1986;2;178.2;41.0;7.0;0.0;0.0;1.5;17.5;0.0;0.0;17.9;0.0;0.0;58.2;0.0;13.0;0.0;0.0;0.0;13.1;9.0;0.0;0.0;0.0;0.0;0.0;0.0;0.0;0.0;0.0;888.0;888.0;888.0
Tamboril;TAMBORIL;-4.8344166666667;-40.320583333333;1986;3;340.6;4.2;9.3;0.0;18.0;15.0;13.2;4.7;9.7;26.2;31.0;28.5;16.0;7.7;6.3;0.0;8.8;0.0;0.0;0.0;0.0;7.8;8.7;7.0;53.4;15.0;0.0;4.0;1.0;29.1;3.5;12.5
Tamboril;TAMBORIL;-4.8344166666667;-40.320583333333;1986;4;218.6;5.6;3.5;0.0;0.0;0.0;32.6;15.2;7.8;2.6;0.0;0.0;0.0;9.6;19.4;13.1;0.0;4.4;0.0;0.0;10.0;17.4;17.4;3.7;42.6;5.6;0.0;0.0;0.0;0.0;8.1;888.0
Tamboril;TAMBORIL;-4.8344166666667;-40.320583333333;1986;5;65.4;17.0;0.0;17.8;0.0;0.0;0.0;0.0;0.0;0.0;0.0;0.0;0.0;0.0;0.0;0.0;0.0;0.0;0.0;0.0;0.0;0.0;0.0;0.0;7.3;3.4;0.0;19.9;0.0;0.0;0.0;0.0
Tamboril;TAMBORIL;-4.8344166666667;-40.320583333333;1986;6;22.6;0.0;0.0;0.0;0.0;0.0;0.0;0.0;0.0;0.0;0.0;0.0;0.0;8.0;0.0;0.0;0.0;0.0;0.0;14.6;0.0;0.0;0.0;0.0;0.0;0.0;0.0;0.0;0.0;0.0;0.0;888.0
Tamboril;TAMBORIL;-4.8344166666667;-40.320583333333;1986;7;0.0;0.0;0.0;0.0;0.0;0.0;0.0;0.0;0.0;0.0;0.0;0.0;0.0;0.0;0.0;0.0;0.0;0.0;0.0;0.0;0.0;0.0;0.0;0.0;0.0;0.0;0.0;0.0;0.0;0.0;0.0;0.0
Tamboril;TAMBORIL;-4.8344166666667;-40.320583333333;1986;8;6.2;0.0;0.0;0.0;0.0;0.0;0.0;0.0;0.0;0.0;0.0;0.0;0.0;0.0;0.0;0.0;0.0;0.0;0.0;0.0;0.0;0.0;0.0;0.0;0.0;0.0;0.0;0.0;0.0;6.2;0.0;0.0
Tamboril;TAMBORIL;-4.8344166666667;-40.320583333333;1986;9;0.0;0.0;0.0;0.0;0.0;0.0;0.0;0.0;0.0;0.0;0.0;0.0;0.0;0.0;0.0;0.0;0.0;0.0;0.0;0.0;0.0;0.0;0.0;0.0;0.0;0.0;0.0;0.0;0.0;0.0;0.0;888.0
Tamboril;TAMBORIL;-4.8344166666667;-40.320583333333;1986;10;0.0;0.0;0.0;0.0;0.0;0.0;0.0;0.0;0.0;0.0;0.0;0.0;0.0;0.0;0.0;0.0;0.0;0.0;0.0;0.0;0.0;0.0;0.0;0.0;0.0;0.0;0.0;0.0;0.0;0.0;0.0;0.0
Tamboril;TAMBORIL;-4.8344166666667;-40.320583333333;1986;11;0.0;0.0;0.0;0.0;0.0;0.0;0.0;0.0;0.0;0.0;0.0;0.0;0.0;0.0;0.0;0.0;0.0;0.0;0.0;0.0;0.0;0.0;0.0;0.0;0.0;0.0;0.0;0.0;0.0;0.0;0.0;888.0
Tamboril;TAMBORIL;-4.8344166666667;-40.320583333333;1986;12;0.0;0.0;0.0;0.0;0.0;0.0;0.0;0.0;0.0;0.0;0.0;0.0;0.0;0.0;0.0;0.0;0.0;0.0;0.0;0.0;0.0;0.0;0.0;0.0;0.0;0.0;0.0;0.0;0.0;0.0;0.0;0.0
Tamboril;TAMBORIL;-4.8344166666667;-40.320583333333;1987;1;0.0;0.0;0.0;0.0;0.0;0.0;0.0;0.0;0.0;0.0;0.0;0.0;0.0;0.0;0.0;0.0;0.0;0.0;0.0;0.0;0.0;0.0;0.0;0.0;0.0;0.0;0.0;0.0;0.0;0.0;0.0;0.0
Tamboril;TAMBORIL;-4.8344166666667;-40.320583333333;1987;2;78.0;0.0;0.0;0.0;0.0;0.0;0.0;0.0;0.0;43.0;0.0;0.0;0.0;0.0;29.0;0.0;0.0;0.0;6.0;0.0;0.0;0.0;0.0;0.0;0.0;0.0;0.0;0.0;0.0;888.0;888.0;888.0
Tamboril;TAMBORIL;-4.8344166666667;-40.320583333333;1987;3;237.3;0.0;0.0;0.0;0.0;0.0;16.7;0.0;13.8;0.0;35.0;0.0;0.0;18.0;6.6;0.0;28.7;16.9;0.0;0.0;32.3;2.0;4.0;5.3;0.0;5.2;13.7;22.0;0.0;10.8;0.0;6.3
Tamboril;TAMBORIL;-4.8344166666667;-40.320583333333;1987;4;7.1;0.0;0.0;0.0;0.0;0.0;0.0;0.0;0.0;0.0;7.1;0.0;0.0;0.0;0.0;0.0;0.0;0.0;0.0;0.0;0.0;0.0;0.0;0.0;0.0;0.0;0.0;0.0;0.0;0.0;0.0;888.0
Tamboril;TAMBORIL;-4.8344166666667;-40.320583333333;1987;5;1.6;0.0;0.0;0.0;0.0;0.0;1.6;0.0;0.0;0.0;0.0;0.0;0.0;0.0;0.0;0.0;0.0;0.0;0.0;0.0;0.0;0.0;0.0;0.0;0.0;0.0;0.0;0.0;0.0;0.0;0.0;0.0
Tamboril;TAMBORIL;-4.8344166666667;-40.320583333333;1987;6;0.0;0.0;0.0;0.0;0.0;0.0;0.0;0.0;0.0;0.0;0.0;0.0;0.0;0.0;0.0;0.0;0.0;0.0;0.0;0.0;0.0;0.0;0.0;0.0;0.0;0.0;0.0;0.0;0.0;0.0;0.0;888.0
Tamboril;TAMBORIL;-4.8344166666667;-40.320583333333;1987;7;0.0;0.0;0.0;0.0;0.0;0.0;0.0;0.0;0.0;0.0;0.0;0.0;0.0;0.0;0.0;0.0;0.0;0.0;0.0;0.0;0.0;0.0;0.0;0.0;0.0;0.0;0.0;0.0;0.0;0.0;0.0;0.0
Tamboril;TAMBORIL;-4.8344166666667;-40.320583333333;1987;8;0.0;0.0;0.0;0.0;0.0;0.0;0.0;0.0;0.0;0.0;0.0;0.0;0.0;0.0;0.0;0.0;0.0;0.0;0.0;0.0;0.0;0.0;0.0;0.0;0.0;0.0;0.0;0.0;0.0;0.0;0.0;0.0
Tamboril;TAMBORIL;-4.8344166666667;-40.320583333333;1987;9;0.0;0.0;0.0;0.0;0.0;0.0;0.0;0.0;0.0;0.0;0.0;0.0;0.0;0.0;0.0;0.0;0.0;0.0;0.0;0.0;0.0;0.0;0.0;0.0;0.0;0.0;0.0;0.0;0.0;0.0;0.0;888.0
Tamboril;TAMBORIL;-4.8344166666667;-40.320583333333;1987;10;0.0;0.0;0.0;0.0;0.0;0.0;0.0;0.0;0.0;0.0;0.0;0.0;0.0;0.0;0.0;0.0;0.0;0.0;0.0;0.0;0.0;0.0;0.0;0.0;0.0;0.0;0.0;0.0;0.0;0.0;0.0;0.0
Tamboril;TAMBORIL;-4.8344166666667;-40.320583333333;1987;11;0.0;0.0;0.0;0.0;0.0;0.0;0.0;0.0;0.0;0.0;0.0;0.0;0.0;0.0;0.0;0.0;0.0;0.0;0.0;0.0;0.0;0.0;0.0;0.0;0.0;0.0;0.0;0.0;0.0;0.0;0.0;888.0
Tamboril;TAMBORIL;-4.8344166666667;-40.320583333333;1987;12;0.0;0.0;0.0;0.0;0.0;0.0;0.0;0.0;0.0;0.0;0.0;0.0;0.0;0.0;0.0;0.0;0.0;0.0;0.0;0.0;0.0;0.0;0.0;0.0;0.0;0.0;0.0;0.0;0.0;0.0;0.0;0.0
Tamboril;TAMBORIL;-4.8344166666667;-40.320583333333;1988;1;94.0;0.0;0.0;0.0;0.0;0.0;4.2;0.0;0.0;0.0;0.0;0.0;13.2;0.0;0.0;0.0;0.0;0.0;0.0;0.0;0.0;6.2;0.0;4.0;0.0;2.2;0.0;53.2;11.0;0.0;0.0;0.0
Tamboril;TAMBORIL;-4.8344166666667;-40.320583333333;1988;2;210.2;0.0;0.0;0.0;0.0;0.0;0.0;0.0;0.0;0.0;0.0;0.0;0.0;0.0;30.0;81.0;0.0;8.2;0.0;0.0;0.0;0.0;8.0;0.0;0.0;0.0;73.0;10.0;0.0;0.0;888.0;888.0
Tamboril;TAMBORIL;-4.8344166666667;-40.320583333333;1988;3;331.6;67.5;0.0;0.0;2.5;0.0;10.5;0.0;0.0;10.8;41.0;2.2;15.0;13.6;0.0;22.0;0.0;1.7;0.0;19.7;0.0;24.0;0.0;80.0;21.1;0.0;0.0;0.0;0.0;0.0;0.0;0.0
Tamboril;TAMBORIL;-4.8344166666667;-40.320583333333;1988;4;259.1;0.0;2.2;0.0;25.0;21.2;0.0;0.0;0.0;0.0;0.0;0.0;0.0;26.0;11.3;55.0;22.8;0.0;10.0;15.0;0.0;0.0;0.0;13.7;42.2;7.5;5.2;0.0;0.0;2.0;0.0;888.0
Tamboril;TAMBORIL;-4.8344166666667;-40.320583333333;1988;5;66.8;0.0;5.0;4.2;0.0;23.0;0.0;0.0;0.0;0.0;0.0;0.0;0.0;0.0;0.0;0.0;4.6;0.0;15.0;0.0;0.0;0.0;0.0;15.0;0.0;0.0;0.0;0.0;0.0;0.0;0.0;0.0
Tamboril;TAMBORIL;-4.8344166666667;-40.320583333333;1988;6;12.9;0.0;0.0;0.0;0.0;0.0;0.0;0.0;0.0;0.0;0.0;0.0;0.0;0.0;0.0;6.7;0.0;6.2;0.0;0.0;0.0;0.0;0.0;0.0;0.0;0.0;0.0;0.0;0.0;0.0;0.0;888.0
Tamboril;TAMBORIL;-4.8344166666667;-40.320583333333;1988;7;0.0;0.0;0.0;0.0;0.0;0.0;0.0;0.0;0.0;0.0;0.0;0.0;0.0;0.0;0.0;0.0;0.0;0.0;0.0;0.0;0.0;0.0;0.0;0.0;0.0;0.0;0.0;0.0;0.0;0.0;0.0;0.0
Tamboril;TAMBORIL;-4.8344166666667;-40.320583333333;1988;8;0.0;0.0;0.0;0.0;0.0;0.0;0.0;0.0;0.0;0.0;0.0;0.0;0.0;0.0;0.0;0.0;0.0;0.0;0.0;0.0;0.0;0.0;0.0;0.0;0.0;0.0;0.0;0.0;0.0;0.0;0.0;0.0
Tamboril;TAMBORIL;-4.8344166666667;-40.320583333333;1988;9;0.0;0.0;0.0;0.0;0.0;0.0;0.0;0.0;0.0;0.0;0.0;0.0;0.0;0.0;0.0;0.0;0.0;0.0;0.0;0.0;0.0;0.0;0.0;0.0;0.0;0.0;0.0;0.0;0.0;0.0;0.0;888.0
Tamboril;TAMBORIL;-4.8344166666667;-40.320583333333;1988;10;0.0;0.0;0.0;0.0;0.0;0.0;0.0;0.0;0.0;0.0;0.0;0.0;0.0;0.0;0.0;0.0;0.0;0.0;0.0;0.0;0.0;0.0;0.0;0.0;0.0;0.0;0.0;0.0;0.0;0.0;0.0;0.0
Tamboril;TAMBORIL;-4.8344166666667;-40.320583333333;1988;11;0.0;0.0;0.0;0.0;0.0;0.0;0.0;0.0;0.0;0.0;0.0;0.0;0.0;0.0;0.0;0.0;0.0;0.0;0.0;0.0;0.0;0.0;0.0;0.0;0.0;0.0;0.0;0.0;0.0;0.0;0.0;888.0
Tamboril;TAMBORIL;-4.8344166666667;-40.320583333333;1988;12;92.3;0.0;0.0;0.0;0.0;0.0;0.0;0.0;0.0;13.8;0.0;0.0;0.0;0.0;0.0;45.5;0.0;0.0;0.0;0.0;0.0;0.0;33.0;0.0;0.0;0.0;0.0;0.0;0.0;0.0;0.0;0.0
Tamboril;TAMBORIL;-4.8344166666667;-40.320583333333;1989;1;137.9;0.0;30.7;0.0;0.0;0.0;0.0;0.0;0.0;0.0;0.0;0.0;0.0;11.0;23.2;0.0;0.0;0.0;0.0;0.0;0.0;0.0;0.0;0.0;19.0;25.0;25.0;4.0;0.0;0.0;0.0;0.0
Tamboril;TAMBORIL;-4.8344166666667;-40.320583333333;1989;2;103.0;0.0;0.0;0.0;0.0;0.0;0.0;0.0;16.4;10.7;0.0;0.0;0.0;0.0;0.0;0.0;3.0;0.0;0.0;5.0;0.0;0.0;0.0;0.0;31.6;9.0;27.3;0.0;0.0;888.0;888.0;888.0
Tamboril;TAMBORIL;-4.8344166666667;-40.320583333333;1989;3;225.2;0.0;0.0;0.0;0.0;0.0;0.0;0.0;0.0;6.0;0.0;0.0;0.0;0.0;0.0;0.0;2.7;35.5;0.0;50.0;0.0;47.6;14.6;14.2;4.2;2.0;0.0;0.0;0.0;20.2;23.6;4.6
Tamboril;TAMBORIL;-4.8344166666667;-40.320583333333;1989;4;254.3;0.0;36.2;0.0;14.3;42.5;18.3;11.7;12.4;5.2;4.3;11.7;0.0;0.0;9.6;0.0;30.0;0.0;0.0;5.3;18.0;0.0;0.0;5.5;0.0;0.0;0.0;0.0;23.0;0.0;6.3;888.0
Tamboril;TAMBORIL;-4.8344166666667;-40.320583333333;1989;5;175.3;3.0;0.0;64.1;0.0;38.2;9.1;17.3;6.0;3.1;5.2;0.0;22.3;0.0;0.0;0.0;0.0;0.0;0.0;0.0;0.0;7.0;0.0;0.0;0.0;0.0;0.0;0.0;0.0;0.0;0.0;0.0
Tamboril;TAMBORIL;-4.8344166666667;-40.320583333333;1989;6;5.5;0.0;0.0;0.0;0.0;0.0;0.0;0.0;0.0;0.0;0.0;0.0;0.0;0.0;0.0;0.0;0.0;0.0;0.0;0.0;0.0;0.0;0.0;0.0;0.0;0.0;0.0;5.5;0.0;0.0;0.0;888.0
Tamboril;TAMBORIL;-4.8344166666667;-40.320583333333;1989;7;0.0;0.0;0.0;0.0;0.0;0.0;0.0;0.0;0.0;0.0;0.0;0.0;0.0;0.0;0.0;0.0;0.0;0.0;0.0;0.0;0.0;0.0;0.0;0.0;0.0;0.0;0.0;0.0;0.0;0.0;0.0;0.0
Tamboril;TAMBORIL;-4.8344166666667;-40.320583333333;1989;8;0.0;0.0;0.0;0.0;0.0;0.0;0.0;0.0;0.0;0.0;0.0;0.0;0.0;0.0;0.0;0.0;0.0;0.0;0.0;0.0;0.0;0.0;0.0;0.0;0.0;0.0;0.0;0.0;0.0;0.0;0.0;0.0
Tamboril;TAMBORIL;-4.8344166666667;-40.320583333333;1989;9;0.0;0.0;0.0;0.0;0.0;0.0;0.0;0.0;0.0;0.0;0.0;0.0;0.0;0.0;0.0;0.0;0.0;0.0;0.0;0.0;0.0;0.0;0.0;0.0;0.0;0.0;0.0;0.0;0.0;0.0;0.0;888.0
Tamboril;TAMBORIL;-4.8344166666667;-40.320583333333;1989;10;0.0;0.0;0.0;0.0;0.0;0.0;0.0;0.0;0.0;0.0;0.0;0.0;0.0;0.0;0.0;0.0;0.0;0.0;0.0;0.0;0.0;0.0;0.0;0.0;0.0;0.0;0.0;0.0;0.0;0.0;0.0;0.0
Tamboril;TAMBORIL;-4.8344166666667;-40.320583333333;1989;11;0.0;0.0;0.0;0.0;0.0;0.0;0.0;0.0;0.0;0.0;0.0;0.0;0.0;0.0;0.0;0.0;0.0;0.0;0.0;0.0;0.0;0.0;0.0;0.0;0.0;0.0;0.0;0.0;0.0;0.0;0.0;888.0
Tamboril;TAMBORIL;-4.8344166666667;-40.320583333333;1989;12;0.0;0.0;0.0;0.0;0.0;0.0;0.0;0.0;0.0;0.0;0.0;0.0;0.0;0.0;0.0;0.0;0.0;0.0;0.0;0.0;0.0;0.0;0.0;0.0;0.0;0.0;0.0;0.0;0.0;0.0;0.0;0.0
Tamboril;TAMBORIL;-4.8344166666667;-40.320583333333;1990;1;0.0;0.0;0.0;0.0;0.0;0.0;0.0;0.0;0.0;0.0;0.0;0.0;0.0;0.0;0.0;0.0;0.0;0.0;0.0;0.0;0.0;0.0;0.0;0.0;0.0;0.0;0.0;0.0;0.0;0.0;0.0;0.0
Tamboril;TAMBORIL;-4.8344166666667;-40.320583333333;1990;2;128.4;0.0;7.3;3.0;0.0;0.0;0.0;5.0;34.0;0.0;11.5;6.3;0.0;0.0;0.0;0.0;19.2;11.3;7.2;0.0;0.0;0.0;0.0;0.0;0.0;13.3;0.0;10.3;0.0;888.0;888.0;888.0
Tamboril;TAMBORIL;-4.8344166666667;-40.320583333333;1990;3;106.1;76.5;0.0;0.0;0.0;0.0;0.0;0.0;0.0;0.0;0.0;0.0;0.0;0.0;0.0;0.0;0.0;0.0;0.0;0.0;0.0;0.0;0.0;0.0;0.0;0.0;0.0;0.0;0.0;23.0;0.0;6.6
Tamboril;TAMBORIL;-4.8344166666667;-40.320583333333;1990;4;149.8;6.6;0.0;0.0;38.6;10.0;0.0;24.3;0.0;0.0;0.0;0.0;0.0;0.0;0.0;0.0;0.0;0.0;0.0;0.0;0.0;0.0;0.0;0.0;0.0;0.0;13.4;5.0;43.3;8.6;0.0;888.0
Tamboril;TAMBORIL;-4.8344166666667;-40.320583333333;1990;5;11.5;0.0;0.0;11.5;0.0;0.0;0.0;0.0;0.0;0.0;0.0;0.0;0.0;0.0;0.0;0.0;0.0;0.0;0.0;0.0;0.0;0.0;0.0;0.0;0.0;0.0;0.0;0.0;0.0;0.0;0.0;0.0
Tamboril;TAMBORIL;-4.8344166666667;-40.320583333333;1990;6;0.0;0.0;0.0;0.0;0.0;0.0;0.0;0.0;0.0;0.0;0.0;0.0;0.0;0.0;0.0;0.0;0.0;0.0;0.0;0.0;0.0;0.0;0.0;0.0;0.0;0.0;0.0;0.0;0.0;0.0;0.0;888.0
Tamboril;TAMBORIL;-4.8344166666667;-40.320583333333;1990;7;0.0;0.0;0.0;0.0;0.0;0.0;0.0;0.0;0.0;0.0;0.0;0.0;0.0;0.0;0.0;0.0;0.0;0.0;0.0;0.0;0.0;0.0;0.0;0.0;0.0;0.0;0.0;0.0;0.0;0.0;0.0;0.0
Tamboril;TAMBORIL;-4.8344166666667;-40.320583333333;1990;8;0.0;0.0;0.0;0.0;0.0;0.0;0.0;0.0;0.0;0.0;0.0;0.0;0.0;0.0;0.0;0.0;0.0;0.0;0.0;0.0;0.0;0.0;0.0;0.0;0.0;0.0;0.0;0.0;0.0;0.0;0.0;0.0
Tamboril;TAMBORIL;-4.8344166666667;-40.320583333333;1990;9;0.0;0.0;0.0;0.0;0.0;0.0;0.0;0.0;0.0;0.0;0.0;0.0;0.0;0.0;0.0;0.0;0.0;0.0;0.0;0.0;0.0;0.0;0.0;0.0;0.0;0.0;0.0;0.0;0.0;0.0;0.0;888.0
Tamboril;TAMBORIL;-4.8344166666667;-40.320583333333;1990;10;0.0;0.0;0.0;0.0;0.0;0.0;0.0;0.0;0.0;0.0;0.0;0.0;0.0;0.0;0.0;0.0;0.0;0.0;0.0;0.0;0.0;0.0;0.0;0.0;0.0;0.0;0.0;0.0;0.0;0.0;0.0;0.0
Tamboril;TAMBORIL;-4.8344166666667;-40.320583333333;1990;11;0.0;0.0;0.0;0.0;0.0;0.0;0.0;0.0;0.0;0.0;0.0;0.0;0.0;0.0;0.0;0.0;0.0;0.0;0.0;0.0;0.0;0.0;0.0;0.0;0.0;0.0;0.0;0.0;0.0;0.0;0.0;888.0
Tamboril;TAMBORIL;-4.8344166666667;-40.320583333333;1990;12;0.0;0.0;0.0;0.0;0.0;0.0;0.0;0.0;0.0;0.0;0.0;0.0;0.0;0.0;0.0;0.0;0.0;0.0;0.0;0.0;0.0;0.0;0.0;0.0;0.0;0.0;0.0;0.0;0.0;0.0;0.0;0.0
Tamboril;TAMBORIL;-4.8344166666667;-40.320583333333;1991;1;81.2;0.0;0.0;0.0;0.0;0.0;0.0;0.0;14.6;0.0;0.0;0.0;0.0;0.0;0.0;0.0;0.0;0.0;0.0;37.8;0.0;0.0;0.0;15.0;0.0;0.0;0.0;0.0;0.0;0.0;9.3;4.5
Tamboril;TAMBORIL;-4.8344166666667;-40.320583333333;1991;2;193.0;0.0;0.0;0.0;39.3;0.0;31.2;0.0;0.0;0.0;0.0;0.0;0.0;0.0;0.0;36.2;31.3;25.8;12.5;16.7;0.0;0.0;0.0;0.0;0.0;0.0;0.0;0.0;0.0;888.0;888.0;888.0
Tamboril;TAMBORIL;-4.8344166666667;-40.320583333333;1991;3;195.3;0.0;0.0;0.0;0.0;0.0;0.0;0.0;0.0;0.0;0.0;0.0;0.0;0.0;30.0;28.0;17.0;0.0;0.0;0.0;0.0;0.0;0.0;0.0;0.0;20.8;0.0;13.7;13.0;26.0;38.0;8.8
Tamboril;TAMBORIL;-4.8344166666667;-40.320583333333;1991;4;91.4;0.0;0.0;3.0;11.0;0.0;0.0;0.0;0.0;0.0;0.0;0.0;0.0;6.6;0.0;0.0;0.0;0.0;0.0;0.0;0.0;8.8;0.0;0.0;0.0;0.0;0.0;0.0;0.0;0.0;62.0;888.0
Tamboril;TAMBORIL;-4.8344166666667;-40.320583333333;1991;5;64.4;3.0;0.0;0.0;0.0;0.0;0.0;0.0;0.0;0.0;0.0;0.0;0.0;0.0;0.0;21.4;0.0;0.0;0.0;0.0;0.0;0.0;0.0;0.0;37.0;0.0;3.0;0.0;0.0;0.0;0.0;0.0
Tamboril;TAMBORIL;-4.8344166666667;-40.320583333333;1991;6;0.0;0.0;0.0;0.0;0.0;0.0;0.0;0.0;0.0;0.0;0.0;0.0;0.0;0.0;0.0;0.0;0.0;0.0;0.0;0.0;0.0;0.0;0.0;0.0;0.0;0.0;0.0;0.0;0.0;0.0;0.0;888.0
Tamboril;TAMBORIL;-4.8344166666667;-40.320583333333;1991;7;0.0;0.0;0.0;0.0;0.0;0.0;0.0;0.0;0.0;0.0;0.0;0.0;0.0;0.0;0.0;0.0;0.0;0.0;0.0;0.0;0.0;0.0;0.0;0.0;0.0;0.0;0.0;0.0;0.0;0.0;0.0;0.0
Tamboril;TAMBORIL;-4.8344166666667;-40.320583333333;1991;8;6.1;0.0;0.0;0.0;0.0;0.0;0.0;0.0;0.0;0.0;0.0;0.0;0.0;0.0;0.0;0.0;0.0;0.0;0.0;0.0;0.0;0.0;0.0;0.0;0.0;0.0;0.0;6.1;0.0;0.0;0.0;0.0
Tamboril;TAMBORIL;-4.8344166666667;-40.320583333333;1991;9;0.0;0.0;0.0;0.0;0.0;0.0;0.0;0.0;0.0;0.0;0.0;0.0;0.0;0.0;0.0;0.0;0.0;0.0;0.0;0.0;0.0;0.0;0.0;0.0;0.0;0.0;0.0;0.0;0.0;0.0;0.0;888.0
Tamboril;TAMBORIL;-4.8344166666667;-40.320583333333;1991;11;0.0;0.0;0.0;0.0;0.0;0.0;0.0;0.0;0.0;0.0;0.0;0.0;0.0;0.0;0.0;0.0;0.0;0.0;0.0;0.0;0.0;0.0;0.0;0.0;0.0;0.0;0.0;0.0;0.0;0.0;0.0;888.0
Tamboril;TAMBORIL;-4.8344166666667;-40.320583333333;1991;12;0.0;0.0;0.0;0.0;0.0;0.0;0.0;0.0;0.0;0.0;0.0;0.0;0.0;0.0;0.0;0.0;0.0;0.0;0.0;0.0;0.0;0.0;0.0;0.0;0.0;0.0;0.0;0.0;0.0;0.0;0.0;0.0
Tamboril;TAMBORIL;-4.8344166666667;-40.320583333333;1992;1;84.3;0.0;0.0;0.0;0.0;0.0;0.0;0.0;0.0;0.0;0.0;0.0;0.0;0.0;0.0;0.0;0.0;0.0;0.0;0.0;0.0;0.0;0.0;0.0;0.0;3.6;7.3;0.0;0.0;18.0;18.2;37.2
Tamboril;TAMBORIL;-4.8344166666667;-40.320583333333;1992;2;157.1;0.0;0.0;15.9;0.0;0.0;0.0;26.2;0.0;0.0;0.0;0.0;27.6;6.0;23.4;0.0;8.0;0.0;6.8;4.2;19.1;19.9;0.0;0.0;0.0;0.0;0.0;0.0;0.0;0.0;888.0;888.0
Tamboril;TAMBORIL;-4.8344166666667;-40.320583333333;1992;3;41.0;0.0;0.0;0.0;0.0;0.0;0.0;0.0;0.0;0.0;0.0;0.0;0.0;0.0;0.0;0.0;15.3;0.0;0.0;0.0;0.0;0.0;9.2;0.0;0.0;4.3;0.0;0.0;0.0;12.2;0.0;0.0
Tamboril;TAMBORIL;-4.8344166666667;-40.320583333333;1992;4;32.0;12.0;3.5;7.0;0.0;0.0;0.0;0.0;0.0;0.0;0.0;0.0;0.0;0.0;4.0;0.0;5.5;0.0;0.0;0.0;0.0;0.0;0.0;0.0;0.0;0.0;0.0;0.0;0.0;0.0;0.0;888.0
Tamboril;TAMBORIL;-4.8344166666667;-40.320583333333;1992;5;0.0;0.0;0.0;0.0;0.0;0.0;0.0;0.0;0.0;0.0;0.0;0.0;0.0;0.0;0.0;0.0;0.0;0.0;0.0;0.0;0.0;0.0;0.0;0.0;0.0;0.0;0.0;0.0;0.0;0.0;0.0;0.0
Tamboril;TAMBORIL;-4.8344166666667;-40.320583333333;1992;6;0.0;0.0;0.0;0.0;0.0;0.0;0.0;0.0;0.0;0.0;0.0;0.0;0.0;0.0;0.0;0.0;0.0;0.0;0.0;0.0;0.0;0.0;0.0;0.0;0.0;0.0;0.0;0.0;0.0;0.0;0.0;888.0
Tamboril;TAMBORIL;-4.8344166666667;-40.320583333333;1992;7;0.0;0.0;0.0;0.0;0.0;0.0;0.0;0.0;0.0;0.0;0.0;0.0;0.0;0.0;0.0;0.0;0.0;0.0;0.0;0.0;0.0;0.0;0.0;0.0;0.0;0.0;0.0;0.0;0.0;0.0;0.0;0.0
Tamboril;TAMBORIL;-4.8344166666667;-40.320583333333;1992;8;0.0;0.0;0.0;0.0;0.0;0.0;0.0;0.0;0.0;0.0;0.0;0.0;0.0;0.0;0.0;0.0;0.0;0.0;0.0;0.0;0.0;0.0;0.0;0.0;0.0;0.0;0.0;0.0;0.0;0.0;0.0;0.0
Tamboril;TAMBORIL;-4.8344166666667;-40.320583333333;1992;9;0.0;0.0;0.0;0.0;0.0;0.0;0.0;0.0;0.0;0.0;0.0;0.0;0.0;0.0;0.0;0.0;0.0;0.0;0.0;0.0;0.0;0.0;0.0;0.0;0.0;0.0;0.0;0.0;0.0;0.0;0.0;888.0
Tamboril;TAMBORIL;-4.8344166666667;-40.320583333333;1992;10;0.0;0.0;0.0;0.0;0.0;0.0;0.0;0.0;0.0;0.0;0.0;0.0;0.0;0.0;0.0;0.0;0.0;0.0;0.0;0.0;0.0;0.0;0.0;0.0;0.0;0.0;0.0;0.0;0.0;0.0;0.0;0.0
Tamboril;TAMBORIL;-4.8344166666667;-40.320583333333;1992;11;0.0;0.0;0.0;0.0;0.0;0.0;0.0;0.0;0.0;0.0;0.0;0.0;0.0;0.0;0.0;0.0;0.0;0.0;0.0;0.0;0.0;0.0;0.0;0.0;0.0;0.0;0.0;0.0;0.0;0.0;0.0;888.0
Tamboril;TAMBORIL;-4.8344166666667;-40.320583333333;1992;12;0.0;0.0;0.0;0.0;0.0;0.0;0.0;0.0;0.0;0.0;0.0;0.0;0.0;0.0;0.0;0.0;0.0;0.0;0.0;0.0;0.0;0.0;0.0;0.0;0.0;0.0;0.0;0.0;0.0;0.0;0.0;0.0
Tamboril;TAMBORIL;-4.8344166666667;-40.320583333333;1993;1;18.0;0.0;0.0;0.0;0.0;0.0;8.0;0.0;0.0;0.0;0.0;0.0;0.0;0.0;0.0;0.0;0.0;0.0;0.0;10.0;0.0;0.0;0.0;0.0;0.0;0.0;0.0;0.0;0.0;0.0;0.0;0.0
Tamboril;TAMBORIL;-4.8344166666667;-40.320583333333;1993;2;96.6;0.0;0.0;0.0;0.0;0.0;0.0;0.0;0.0;0.0;0.0;0.0;0.0;60.0;36.6;0.0;0.0;0.0;0.0;0.0;0.0;0.0;0.0;0.0;0.0;0.0;0.0;0.0;0.0;888.0;888.0;888.0
Tamboril;TAMBORIL;-4.8344166666667;-40.320583333333;1993;3;37.7;0.0;10.2;0.0;0.0;0.0;0.0;0.0;0.0;0.0;0.0;0.0;0.0;0.0;0.0;0.0;0.0;0.0;0.0;0.0;0.0;0.0;0.0;0.0;0.0;0.0;0.0;0.0;0.0;0.0;27.5;0.0
Tamboril;TAMBORIL;-4.8344166666667;-40.320583333333;1993;4;81.9;0.0;0.0;0.0;0.0;0.0;0.0;0.0;0.0;0.0;0.0;0.0;0.0;0.0;0.0;0.0;0.0;0.0;0.0;37.4;12.0;8.0;0.0;0.0;0.0;0.0;0.0;24.5;0.0;0.0;0.0;888.0
Tamboril;TAMBORIL;-4.8344166666667;-40.320583333333;1993;5;92.6;0.0;0.0;64.4;8.2;0.0;0.0;0.0;0.0;0.0;0.0;0.0;0.0;0.0;0.0;0.0;0.0;0.0;0.0;0.0;0.0;0.0;0.0;20.0;0.0;0.0;0.0;0.0;0.0;0.0;0.0;0.0
Tamboril;TAMBORIL;-4.8344166666667;-40.320583333333;1993;6;8.2;0.0;0.0;0.0;0.0;0.0;0.0;0.0;0.0;0.0;0.0;8.2;0.0;0.0;0.0;0.0;0.0;0.0;0.0;0.0;0.0;0.0;0.0;0.0;0.0;0.0;0.0;0.0;0.0;0.0;0.0;888.0
Tamboril;TAMBORIL;-4.8344166666667;-40.320583333333;1993;7;3.0;0.0;0.0;0.0;0.0;0.0;0.0;0.0;0.0;0.0;3.0;0.0;0.0;0.0;0.0;0.0;0.0;0.0;0.0;0.0;0.0;0.0;0.0;0.0;0.0;0.0;0.0;0.0;0.0;0.0;0.0;0.0
Tamboril;TAMBORIL;-4.8344166666667;-40.320583333333;1993;8;0.0;0.0;0.0;0.0;0.0;0.0;0.0;0.0;0.0;0.0;0.0;0.0;0.0;0.0;0.0;0.0;0.0;0.0;0.0;0.0;0.0;0.0;0.0;0.0;0.0;0.0;0.0;0.0;0.0;0.0;0.0;0.0
Tamboril;TAMBORIL;-4.8344166666667;-40.320583333333;1993;9;0.0;0.0;0.0;0.0;0.0;0.0;0.0;0.0;0.0;0.0;0.0;0.0;0.0;0.0;0.0;0.0;0.0;0.0;0.0;0.0;0.0;0.0;0.0;0.0;0.0;0.0;0.0;0.0;0.0;0.0;0.0;888.0
Tamboril;TAMBORIL;-4.8344166666667;-40.320583333333;1993;10;0.0;0.0;0.0;0.0;0.0;0.0;0.0;0.0;0.0;0.0;0.0;0.0;0.0;0.0;0.0;0.0;0.0;0.0;0.0;0.0;0.0;0.0;0.0;0.0;0.0;0.0;0.0;0.0;0.0;0.0;0.0;0.0
Tamboril;TAMBORIL;-4.8344166666667;-40.320583333333;1993;11;0.0;0.0;0.0;0.0;0.0;0.0;0.0;0.0;0.0;0.0;0.0;0.0;0.0;0.0;0.0;0.0;0.0;0.0;0.0;0.0;0.0;0.0;0.0;0.0;0.0;0.0;0.0;0.0;0.0;0.0;0.0;888.0
Tamboril;TAMBORIL;-4.8344166666667;-40.320583333333;1993;12;58.0;0.0;0.0;0.0;0.0;0.0;0.0;0.0;0.0;0.0;0.0;0.0;0.0;0.0;0.0;0.0;0.0;0.0;0.0;0.0;0.0;0.0;0.0;0.0;0.0;0.0;0.0;0.0;46.8;0.0;0.0;11.2
Tamboril;TAMBORIL;-4.8344166666667;-40.320583333333;1994;1;101.6;5.0;3.0;0.0;12.4;1.3;5.0;0.0;0.0;0.0;7.9;0.0;0.0;0.0;5.2;4.9;0.0;0.0;7.2;0.0;7.4;0.0;37.5;4.8;0.0;0.0;0.0;0.0;0.0;0.0;0.0;0.0
Tamboril;TAMBORIL;-4.8344166666667;-40.320583333333;1994;2;132.6;0.0;0.0;0.0;0.0;0.0;43.4;7.0;0.0;0.0;0.0;0.0;0.0;12.5;40.0;0.0;0.0;5.5;0.0;0.0;0.0;0.0;0.0;0.0;0.0;0.0;0.0;24.2;0.0;888.0;888.0;888.0
Tamboril;TAMBORIL;-4.8344166666667;-40.320583333333;1994;3;203.1;10.2;0.0;11.6;0.0;0.0;0.0;20.0;0.0;1.4;0.0;0.0;0.0;21.4;7.2;12.0;22.5;4.0;0.0;0.0;0.0;0.0;0.0;0.0;0.0;5.6;16.0;0.0;0.0;14.0;19.2;38.0
Tamboril;TAMBORIL;-4.8344166666667;-40.320583333333;1994;4;135.6;0.0;0.0;0.0;11.8;0.0;0.0;16.6;5.4;0.0;0.0;0.0;0.0;0.0;0.0;0.0;25.0;16.8;0.0;14.4;5.8;0.0;0.0;0.0;0.0;0.0;0.0;0.0;0.0;28.0;11.8;888.0
Tamboril;TAMBORIL;-4.8344166666667;-40.320583333333;1994;5;27.0;0.0;9.0;0.0;0.0;0.0;0.0;0.0;0.0;0.0;0.0;0.0;15.0;0.0;0.0;0.0;0.0;0.0;0.0;0.0;0.0;0.0;0.0;0.0;0.0;0.0;0.0;0.0;0.0;0.0;0.0;3.0
Tamboril;TAMBORIL;-4.8344166666667;-40.320583333333;1994;6;113.1;0.0;0.0;0.0;0.0;45.0;0.0;25.0;0.0;0.0;0.0;0.0;0.0;0.0;13.5;0.0;0.0;0.0;15.0;0.0;0.0;0.0;0.0;0.0;0.0;0.0;0.0;0.0;0.0;14.6;0.0;888.0
Tamboril;TAMBORIL;-4.8344166666667;-40.320583333333;1994;7;0.0;0.0;0.0;0.0;0.0;0.0;0.0;0.0;0.0;0.0;0.0;0.0;0.0;0.0;0.0;0.0;0.0;0.0;0.0;0.0;0.0;0.0;0.0;0.0;0.0;0.0;0.0;0.0;0.0;0.0;0.0;0.0
Tamboril;TAMBORIL;-4.8344166666667;-40.320583333333;1994;8;0.0;0.0;0.0;0.0;0.0;0.0;0.0;0.0;0.0;0.0;0.0;0.0;0.0;0.0;0.0;0.0;0.0;0.0;0.0;0.0;0.0;0.0;0.0;0.0;0.0;0.0;0.0;0.0;0.0;0.0;0.0;0.0
Tamboril;TAMBORIL;-4.8344166666667;-40.320583333333;1994;9;0.0;0.0;0.0;0.0;0.0;0.0;0.0;0.0;0.0;0.0;0.0;0.0;0.0;0.0;0.0;0.0;0.0;0.0;0.0;0.0;0.0;0.0;0.0;0.0;0.0;0.0;0.0;0.0;0.0;0.0;0.0;888.0
Tamboril;TAMBORIL;-4.8344166666667;-40.320583333333;1994;10;0.0;0.0;0.0;0.0;0.0;0.0;0.0;0.0;0.0;0.0;0.0;0.0;0.0;0.0;0.0;0.0;0.0;0.0;0.0;0.0;0.0;0.0;0.0;0.0;0.0;0.0;0.0;0.0;0.0;0.0;0.0;0.0
Tamboril;TAMBORIL;-4.8344166666667;-40.320583333333;1994;11;0.0;0.0;0.0;0.0;0.0;0.0;0.0;0.0;0.0;0.0;0.0;0.0;0.0;0.0;0.0;0.0;0.0;0.0;0.0;0.0;0.0;0.0;0.0;0.0;0.0;0.0;0.0;0.0;0.0;0.0;0.0;888.0
Tamboril;TAMBORIL;-4.8344166666667;-40.320583333333;1994;12;56.6;0.0;0.0;0.0;0.0;0.0;0.0;0.0;0.0;0.0;0.0;0.0;0.0;0.0;0.0;0.0;0.0;0.0;0.0;0.0;0.0;0.0;0.0;0.0;8.0;0.0;0.0;6.6;22.0;15.0;5.0;0.0
Tamboril;TAMBORIL;-4.8344166666667;-40.320583333333;1995;1;38.3;0.0;0.0;0.0;0.0;0.0;8.2;2.0;2.0;2.0;0.0;0.0;0.0;0.0;0.0;0.0;0.0;0.0;0.0;0.0;0.0;0.0;0.0;4.1;0.0;0.0;0.0;0.0;0.0;0.0;20.0;0.0
Tamboril;TAMBORIL;-4.8344166666667;-40.320583333333;1995;2;150.1;0.0;0.0;0.0;0.0;0.0;0.0;0.0;0.0;7.2;15.6;19.0;32.8;0.0;0.0;0.0;20.8;0.0;10.5;11.0;8.0;8.0;0.0;0.0;5.0;0.0;6.0;6.2;0.0;888.0;888.0;888.0
Tamboril;TAMBORIL;-4.8344166666667;-40.320583333333;1995;3;219.5;0.0;0.0;0.0;0.0;0.0;0.0;0.0;0.0;11.7;0.0;0.0;0.0;11.4;3.2;5.0;0.0;10.0;0.0;0.0;17.6;4.0;29.2;17.6;2.8;7.2;12.4;0.0;14.8;54.0;5.0;13.6
Tamboril;TAMBORIL;-4.8344166666667;-40.320583333333;1995;4;306.2;0.0;0.0;0.0;0.0;0.0;80.4;36.8;0.0;12.8;0.0;15.4;0.0;4.2;0.0;8.6;55.0;11.6;0.0;34.8;7.2;0.0;0.0;0.0;0.0;10.4;14.4;0.0;12.0;0.0;2.6;888.0
Tamboril;TAMBORIL;-4.8344166666667;-40.320583333333;1995;5;73.6;0.0;0.0;13.0;23.0;0.0;0.0;0.0;0.0;0.0;0.0;0.0;2.0;0.0;0.0;0.0;4.6;0.0;0.0;0.0;0.0;0.0;9.0;7.4;0.0;10.0;1.0;0.0;0.0;1.0;2.6;0.0
Tamboril;TAMBORIL;-4.8344166666667;-40.320583333333;1995;6;0.0;0.0;0.0;0.0;0.0;0.0;0.0;0.0;0.0;0.0;0.0;0.0;0.0;0.0;0.0;0.0;0.0;0.0;0.0;0.0;0.0;0.0;0.0;0.0;0.0;0.0;0.0;0.0;0.0;0.0;0.0;888.0
Tamboril;TAMBORIL;-4.8344166666667;-40.320583333333;1995;7;0.0;0.0;0.0;0.0;0.0;0.0;0.0;0.0;0.0;0.0;0.0;0.0;0.0;0.0;0.0;0.0;0.0;0.0;0.0;0.0;0.0;0.0;0.0;0.0;0.0;0.0;0.0;0.0;0.0;0.0;0.0;0.0
Tamboril;TAMBORIL;-4.8344166666667;-40.320583333333;1995;8;0.0;0.0;0.0;0.0;0.0;0.0;0.0;0.0;0.0;0.0;0.0;0.0;0.0;0.0;0.0;0.0;0.0;0.0;0.0;0.0;0.0;0.0;0.0;0.0;0.0;0.0;0.0;0.0;0.0;0.0;0.0;0.0
Tamboril;TAMBORIL;-4.8344166666667;-40.320583333333;1995;9;0.0;0.0;0.0;0.0;0.0;0.0;0.0;0.0;0.0;0.0;0.0;0.0;0.0;0.0;0.0;0.0;0.0;0.0;0.0;0.0;0.0;0.0;0.0;0.0;0.0;0.0;0.0;0.0;0.0;0.0;0.0;888.0
Tamboril;TAMBORIL;-4.8344166666667;-40.320583333333;1995;10;0.0;0.0;0.0;0.0;0.0;0.0;0.0;0.0;0.0;0.0;0.0;0.0;0.0;0.0;0.0;0.0;0.0;0.0;0.0;0.0;0.0;0.0;0.0;0.0;0.0;0.0;0.0;0.0;0.0;0.0;0.0;0.0
Tamboril;TAMBORIL;-4.8344166666667;-40.320583333333;1995;11;0.0;0.0;0.0;0.0;0.0;0.0;0.0;0.0;0.0;0.0;0.0;0.0;0.0;0.0;0.0;0.0;0.0;0.0;0.0;0.0;0.0;0.0;0.0;0.0;0.0;0.0;0.0;0.0;0.0;0.0;0.0;888.0
Tamboril;TAMBORIL;-4.8344166666667;-40.320583333333;1995;12;0.0;0.0;0.0;0.0;0.0;0.0;0.0;0.0;0.0;0.0;0.0;0.0;0.0;0.0;0.0;0.0;0.0;0.0;0.0;0.0;0.0;0.0;0.0;0.0;0.0;0.0;0.0;0.0;0.0;0.0;0.0;0.0
Tamboril;TAMBORIL;-4.8344166666667;-40.320583333333;1996;1;60.6;0.0;0.0;0.0;0.0;5.0;0.0;1.0;0.0;0.0;0.0;0.0;0.0;0.0;0.0;15.6;0.0;28.0;1.0;0.0;0.0;0.0;0.0;0.0;10.0;0.0;0.0;0.0;0.0;0.0;0.0;0.0
Tamboril;TAMBORIL;-4.8344166666667;-40.320583333333;1996;2;84.9;0.0;0.0;0.0;0.0;0.0;0.0;0.0;0.0;0.0;0.0;0.0;0.0;4.0;0.0;0.0;0.0;0.0;0.0;0.0;47.4;0.0;0.0;8.5;5.0;0.0;12.0;0.0;8.0;0.0;888.0;888.0
Tamboril;TAMBORIL;-4.8344166666667;-40.320583333333;1996;3;347.3;0.0;4.6;10.4;6.2;54.0;4.2;2.2;0.0;0.0;0.0;56.2;3.0;52.0;15.0;0.0;0.0;0.0;0.0;4.0;12.6;27.4;3.3;9.4;0.0;0.0;0.0;11.4;71.4;0.0;0.0;0.0
Tamboril;TAMBORIL;-4.8344166666667;-40.320583333333;1996;4;443.8;0.0;38.0;0.0;0.0;22.8;0.0;33.0;0.0;23.0;0.0;9.0;0.0;0.0;26.4;7.0;0.0;0.0;19.8;4.8;0.0;30.0;22.2;5.6;21.0;0.0;20.2;63.0;97.0;0.0;1.0;888.0
Tamboril;TAMBORIL;-4.8344166666667;-40.320583333333;1996;5;38.8;0.0;0.0;0.0;12.0;19.8;0.0;0.0;0.0;0.0;0.0;0.0;0.0;0.0;0.0;0.0;0.0;0.0;0.0;0.0;0.0;0.0;0.0;0.0;0.0;0.0;0.0;0.0;0.0;0.0;0.0;7.0
Tamboril;TAMBORIL;-4.8344166666667;-40.320583333333;1996;6;0.0;0.0;0.0;0.0;0.0;0.0;0.0;0.0;0.0;0.0;0.0;0.0;0.0;0.0;0.0;0.0;0.0;0.0;0.0;0.0;0.0;0.0;0.0;0.0;0.0;0.0;0.0;0.0;0.0;0.0;0.0;888.0
Tamboril;TAMBORIL;-4.8344166666667;-40.320583333333;1996;7;0.0;0.0;0.0;0.0;0.0;0.0;0.0;0.0;0.0;0.0;0.0;0.0;0.0;0.0;0.0;0.0;0.0;0.0;0.0;0.0;0.0;0.0;0.0;0.0;0.0;0.0;0.0;0.0;0.0;0.0;0.0;0.0
Tamboril;TAMBORIL;-4.8344166666667;-40.320583333333;1996;8;0.0;0.0;0.0;0.0;0.0;0.0;0.0;0.0;0.0;0.0;0.0;0.0;0.0;0.0;0.0;0.0;0.0;0.0;0.0;0.0;0.0;0.0;0.0;0.0;0.0;0.0;0.0;0.0;0.0;0.0;0.0;0.0
Tamboril;TAMBORIL;-4.8344166666667;-40.320583333333;1996;9;0.0;0.0;0.0;0.0;0.0;0.0;0.0;0.0;0.0;0.0;0.0;0.0;0.0;0.0;0.0;0.0;0.0;0.0;0.0;0.0;0.0;0.0;0.0;0.0;0.0;0.0;0.0;0.0;0.0;0.0;0.0;888.0
Tamboril;TAMBORIL;-4.8344166666667;-40.320583333333;1996;10;0.0;0.0;0.0;0.0;0.0;0.0;0.0;0.0;0.0;0.0;0.0;0.0;0.0;0.0;0.0;0.0;0.0;0.0;0.0;0.0;0.0;0.0;0.0;0.0;0.0;0.0;0.0;0.0;0.0;0.0;0.0;0.0
Tamboril;TAMBORIL;-4.8344166666667;-40.320583333333;1996;11;5.0;0.0;0.0;0.0;0.0;0.0;0.0;0.0;0.0;0.0;0.0;0.0;0.0;0.0;0.0;0.0;5.0;0.0;0.0;0.0;0.0;0.0;0.0;0.0;0.0;0.0;0.0;0.0;0.0;0.0;0.0;888.0
Tamboril;TAMBORIL;-4.8344166666667;-40.320583333333;1996;12;0.0;0.0;0.0;0.0;0.0;0.0;0.0;0.0;0.0;0.0;0.0;0.0;0.0;0.0;0.0;0.0;0.0;0.0;0.0;0.0;0.0;0.0;0.0;0.0;0.0;0.0;0.0;0.0;0.0;0.0;0.0;0.0
Tamboril;TAMBORIL;-4.8344166666667;-40.320583333333;1997;1;111.2;0.0;0.0;0.0;0.0;0.0;0.0;0.0;0.0;0.0;0.0;0.0;0.0;0.0;26.2;0.0;0.0;0.0;0.0;0.0;0.0;0.0;0.0;0.0;0.0;0.0;77.6;0.0;7.4;0.0;0.0;0.0
Tamboril;TAMBORIL;-4.8344166666667;-40.320583333333;1997;2;15.8;0.0;0.0;0.0;0.0;0.0;0.0;0.0;5.8;3.0;7.0;0.0;0.0;0.0;0.0;0.0;0.0;0.0;0.0;0.0;0.0;0.0;0.0;0.0;0.0;0.0;0.0;0.0;0.0;888.0;888.0;888.0
Tamboril;TAMBORIL;-4.8344166666667;-40.320583333333;1997;3;240.8;0.0;0.0;0.0;17.8;11.0;0.0;0.0;0.0;0.0;0.0;0.0;0.0;0.0;0.0;0.0;0.0;0.0;0.0;0.0;1.4;0.0;0.0;58.0;45.6;66.8;0.0;28.2;12.0;0.0;0.0;0.0
Tamboril;TAMBORIL;-4.8344166666667;-40.320583333333;1997;4;135.0;5.8;16.4;5.5;8.2;3.4;0.0;0.0;0.0;0.0;0.0;0.0;0.0;0.0;0.0;37.1;0.0;0.0;0.0;0.0;0.0;0.0;0.0;0.0;0.0;25.4;0.0;0.0;28.0;0.0;5.2;888.0
Tamboril;TAMBORIL;-4.8344166666667;-40.320583333333;1997;5;78.4;0.0;0.0;12.0;52.6;0.0;0.0;0.0;0.0;0.0;3.2;0.0;0.0;0.0;0.0;10.6;0.0;0.0;0.0;0.0;0.0;0.0;0.0;0.0;0.0;0.0;0.0;0.0;0.0;0.0;0.0;0.0
Tamboril;TAMBORIL;-4.8344166666667;-40.320583333333;1997;6;0.0;0.0;0.0;0.0;0.0;0.0;0.0;0.0;0.0;0.0;0.0;0.0;0.0;0.0;0.0;0.0;0.0;0.0;0.0;0.0;0.0;0.0;0.0;0.0;0.0;0.0;0.0;0.0;0.0;0.0;0.0;888.0
Tamboril;TAMBORIL;-4.8344166666667;-40.320583333333;1997;7;0.0;0.0;0.0;0.0;0.0;0.0;0.0;0.0;0.0;0.0;0.0;0.0;0.0;0.0;0.0;0.0;0.0;0.0;0.0;0.0;0.0;0.0;0.0;0.0;0.0;0.0;0.0;0.0;0.0;0.0;0.0;0.0
Tamboril;TAMBORIL;-4.8344166666667;-40.320583333333;1997;8;0.0;0.0;0.0;0.0;0.0;0.0;0.0;0.0;0.0;0.0;0.0;0.0;0.0;0.0;0.0;0.0;0.0;0.0;0.0;0.0;0.0;0.0;0.0;0.0;0.0;0.0;0.0;0.0;0.0;0.0;0.0;0.0
Tamboril;TAMBORIL;-4.8344166666667;-40.320583333333;1997;9;0.0;0.0;0.0;0.0;0.0;0.0;0.0;0.0;0.0;0.0;0.0;0.0;0.0;0.0;0.0;0.0;0.0;0.0;0.0;0.0;0.0;0.0;0.0;0.0;0.0;0.0;0.0;0.0;0.0;0.0;0.0;888.0
Tamboril;TAMBORIL;-4.8344166666667;-40.320583333333;1997;10;8.0;0.0;0.0;0.0;0.0;0.0;0.0;0.0;0.0;0.0;0.0;0.0;0.0;0.0;0.0;0.0;0.0;0.0;0.0;0.0;8.0;0.0;0.0;0.0;0.0;0.0;0.0;0.0;0.0;0.0;0.0;0.0
Tamboril;TAMBORIL;-4.8344166666667;-40.320583333333;1997;11;5.0;0.0;0.0;0.0;0.0;0.0;0.0;0.0;0.0;0.0;0.0;5.0;0.0;0.0;0.0;0.0;0.0;0.0;0.0;0.0;0.0;0.0;0.0;0.0;0.0;0.0;0.0;0.0;0.0;0.0;0.0;888.0
Tamboril;TAMBORIL;-4.8344166666667;-40.320583333333;1997;12;18.0;0.0;0.0;0.0;0.0;0.0;0.0;0.0;0.0;0.0;0.0;0.0;0.0;0.0;0.0;13.0;0.0;0.0;0.0;0.0;0.0;0.0;0.0;0.0;0.0;0.0;5.0;0.0;0.0;0.0;0.0;0.0
Tamboril;TAMBORIL;-4.8344166666667;-40.320583333333;1998;1;106.6;0.0;0.0;17.6;0.0;0.0;0.0;0.0;0.0;0.0;5.0;0.0;9.0;0.0;0.0;0.0;0.0;0.0;11.8;0.0;32.0;4.8;4.0;1.0;0.0;0.0;15.0;0.0;0.0;0.0;6.4;0.0
Tamboril;TAMBORIL;-4.8344166666667;-40.320583333333;1998;2;12.8;0.0;3.6;8.2;0.0;0.0;0.0;0.0;0.0;0.0;0.0;0.0;0.0;0.0;0.0;0.0;0.0;1.0;0.0;0.0;0.0;0.0;0.0;0.0;0.0;0.0;0.0;0.0;0.0;888.0;888.0;888.0
Tamboril;TAMBORIL;-4.8344166666667;-40.320583333333;1998;3;75.6;0.0;0.0;0.0;0.0;0.0;0.0;0.0;0.0;0.0;0.0;5.0;0.0;6.4;0.0;0.0;0.0;0.0;0.0;13.0;0.0;0.0;0.0;11.8;13.8;0.0;12.6;13.0;0.0;0.0;0.0;0.0
Tamboril;TAMBORIL;-4.8344166666667;-40.320583333333;1998;4;36.7;0.0;15.2;21.5;0.0;0.0;0.0;0.0;0.0;0.0;0.0;0.0;0.0;0.0;0.0;0.0;0.0;0.0;0.0;0.0;0.0;0.0;0.0;0.0;0.0;0.0;0.0;0.0;0.0;0.0;0.0;888.0
Tamboril;TAMBORIL;-4.8344166666667;-40.320583333333;1998;5;7.4;0.0;0.0;0.0;0.0;0.0;0.0;0.0;0.0;0.0;2.4;0.0;0.0;0.0;0.0;0.0;0.0;0.0;0.0;5.0;0.0;0.0;0.0;0.0;0.0;0.0;0.0;0.0;0.0;0.0;0.0;0.0
Tamboril;TAMBORIL;-4.8344166666667;-40.320583333333;1998;6;0.0;0.0;0.0;0.0;0.0;0.0;0.0;0.0;0.0;0.0;0.0;0.0;0.0;0.0;0.0;0.0;0.0;0.0;0.0;0.0;0.0;0.0;0.0;0.0;0.0;0.0;0.0;0.0;0.0;0.0;0.0;888.0
Tamboril;TAMBORIL;-4.8344166666667;-40.320583333333;1998;7;0.0;0.0;0.0;0.0;0.0;0.0;0.0;0.0;0.0;0.0;0.0;0.0;0.0;0.0;0.0;0.0;0.0;0.0;0.0;0.0;0.0;0.0;0.0;0.0;0.0;0.0;0.0;0.0;0.0;0.0;0.0;0.0
Tamboril;TAMBORIL;-4.8344166666667;-40.320583333333;1998;8;0.0;0.0;0.0;0.0;0.0;0.0;0.0;0.0;0.0;0.0;0.0;0.0;0.0;0.0;0.0;0.0;0.0;0.0;0.0;0.0;0.0;0.0;0.0;0.0;0.0;0.0;0.0;0.0;0.0;0.0;0.0;0.0
Tamboril;TAMBORIL;-4.8344166666667;-40.320583333333;1998;9;0.0;0.0;0.0;0.0;0.0;0.0;0.0;0.0;0.0;0.0;0.0;0.0;0.0;0.0;0.0;0.0;0.0;0.0;0.0;0.0;0.0;0.0;0.0;0.0;0.0;0.0;0.0;0.0;0.0;0.0;0.0;888.0
Tamboril;TAMBORIL;-4.8344166666667;-40.320583333333;1998;10;0.0;0.0;0.0;0.0;0.0;0.0;0.0;0.0;0.0;0.0;0.0;0.0;0.0;0.0;0.0;0.0;0.0;0.0;0.0;0.0;0.0;0.0;0.0;0.0;0.0;0.0;0.0;0.0;0.0;0.0;0.0;0.0
Tamboril;TAMBORIL;-4.8344166666667;-40.320583333333;1998;11;0.0;0.0;0.0;0.0;0.0;0.0;0.0;0.0;0.0;0.0;0.0;0.0;0.0;0.0;0.0;0.0;0.0;0.0;0.0;0.0;0.0;0.0;0.0;0.0;0.0;0.0;0.0;0.0;0.0;0.0;0.0;888.0
Tamboril;TAMBORIL;-4.8344166666667;-40.320583333333;1998;12;12.8;0.0;0.0;0.0;0.0;0.0;0.0;0.0;0.0;0.0;0.0;0.0;0.0;0.0;0.0;0.0;0.0;0.0;0.0;0.0;0.0;0.0;12.8;0.0;0.0;0.0;0.0;0.0;0.0;0.0;0.0;0.0
Tamboril;TAMBORIL;-4.8344166666667;-40.320583333333;1999;1;110.8;0.0;0.0;0.0;0.0;0.0;0.0;0.0;0.0;0.0;0.0;30.0;0.0;0.0;0.0;0.0;0.0;0.0;0.0;5.6;15.0;36.0;24.2;0.0;0.0;0.0;0.0;0.0;0.0;0.0;0.0;0.0
Tamboril;TAMBORIL;-4.8344166666667;-40.320583333333;1999;2;136.6;0.0;0.0;0.0;0.0;6.8;0.0;3.2;0.0;6.0;0.0;0.0;0.0;26.0;0.0;0.0;0.0;0.0;0.0;42.6;0.0;0.0;0.0;0.0;24.0;0.0;26.2;1.8;0.0;888.0;888.0;888.0
Tamboril;TAMBORIL;-4.8344166666667;-40.320583333333;1999;3;277.6;9.6;0.0;0.0;0.0;39.0;0.0;20.0;0.0;15.2;0.0;0.0;0.0;13.4;13.6;27.8;23.6;6.0;10.0;26.6;0.0;18.0;0.0;0.0;25.2;25.2;4.4;0.0;0.0;0.0;0.0;0.0
Tamboril;TAMBORIL;-4.8344166666667;-40.320583333333;1999;4;76.0;0.0;0.0;0.0;0.0;0.0;0.0;0.0;0.0;0.0;0.0;0.0;0.0;8.6;4.0;0.0;0.0;0.0;0.0;0.0;0.0;0.0;0.0;2.0;0.0;0.0;11.0;39.0;0.0;11.4;0.0;888.0
Tamboril;TAMBORIL;-4.8344166666667;-40.320583333333;1999;5;135.7;5.6;0.0;0.0;0.0;0.0;4.2;15.4;0.0;2.8;7.2;20.0;19.4;8.5;0.0;10.3;0.0;0.0;0.0;4.7;0.0;0.0;24.6;13.0;0.0;0.0;0.0;0.0;0.0;0.0;0.0;0.0
Tamboril;TAMBORIL;-4.8344166666667;-40.320583333333;1999;6;0.0;0.0;0.0;0.0;0.0;0.0;0.0;0.0;0.0;0.0;0.0;0.0;0.0;0.0;0.0;0.0;0.0;0.0;0.0;0.0;0.0;0.0;0.0;0.0;0.0;0.0;0.0;0.0;0.0;0.0;0.0;888.0
Tamboril;TAMBORIL;-4.8344166666667;-40.320583333333;1999;7;0.0;0.0;0.0;0.0;0.0;0.0;0.0;0.0;0.0;0.0;0.0;0.0;0.0;0.0;0.0;0.0;0.0;0.0;0.0;0.0;0.0;0.0;0.0;0.0;0.0;0.0;0.0;0.0;0.0;0.0;0.0;0.0
Tamboril;TAMBORIL;-4.8344166666667;-40.320583333333;1999;8;0.0;0.0;0.0;0.0;0.0;0.0;0.0;0.0;0.0;0.0;0.0;0.0;0.0;0.0;0.0;0.0;0.0;0.0;0.0;0.0;0.0;0.0;0.0;0.0;0.0;0.0;0.0;0.0;0.0;0.0;0.0;0.0
Tamboril;TAMBORIL;-4.8344166666667;-40.320583333333;1999;9;0.0;0.0;0.0;0.0;0.0;0.0;0.0;0.0;0.0;0.0;0.0;0.0;0.0;0.0;0.0;0.0;0.0;0.0;0.0;0.0;0.0;0.0;0.0;0.0;0.0;0.0;0.0;0.0;0.0;0.0;0.0;888.0
Tamboril;TAMBORIL;-4.8344166666667;-40.320583333333;1999;10;13.2;0.0;0.0;0.0;0.0;0.0;0.0;0.0;0.0;0.0;0.0;0.0;0.0;0.0;0.0;0.0;0.0;0.0;0.0;0.0;0.0;0.0;0.0;0.0;0.0;0.0;0.0;5.2;0.0;0.0;0.0;8.0
Tamboril;TAMBORIL;-4.8344166666667;-40.320583333333;1999;11;20.1;0.0;0.0;0.0;0.0;0.0;0.0;0.0;0.0;0.0;0.0;0.0;0.0;0.0;0.0;0.0;0.0;0.0;0.0;0.0;0.0;5.1;0.0;0.0;0.0;0.0;0.0;1.0;14.0;0.0;0.0;888.0
Tamboril;TAMBORIL;-4.8344166666667;-40.320583333333;1999;12;55.2;0.0;0.0;0.0;0.0;0.0;0.0;0.0;0.0;0.0;0.0;0.0;0.0;0.0;0.0;0.0;0.0;0.0;0.0;0.0;0.0;31.6;11.2;9.2;0.0;0.0;0.0;0.0;3.2;0.0;0.0;0.0
Tamboril;TAMBORIL;-4.8344166666667;-40.320583333333;2000;1;158.6;0.0;0.0;0.0;0.0;25.2;0.0;10.6;0.0;32.6;9.6;1.6;0.0;0.0;16.4;0.0;0.0;43.0;0.6;1.6;4.8;3.6;1.6;2.2;5.2;0.0;0.0;0.0;0.0;0.0;0.0;0.0
Tamboril;TAMBORIL;-4.8344166666667;-40.320583333333;2000;2;208.6;0.0;4.0;1.4;0.0;2.0;0.0;0.0;0.0;5.2;2.0;0.0;0.0;0.0;3.8;3.6;17.8;2.0;11.8;35.0;12.0;45.6;14.8;11.0;15.0;16.6;0.0;5.0;0.0;0.0;888.0;888.0
Tamboril;TAMBORIL;-4.8344166666667;-40.320583333333;2000;3;155.2;2.4;6.2;14.0;0.0;0.0;0.0;0.0;0.0;0.0;0.0;0.6;0.0;0.0;3.4;7.0;0.0;0.0;0.0;8.0;32.0;0.6;1.0;0.0;0.0;2.6;0.4;0.0;22.6;15.4;39.0;0.0
Tamboril;TAMBORIL;-4.8344166666667;-40.320583333333;2000;4;151.8;9.0;0.0;1.2;0.0;0.0;0.0;0.0;5.6;0.0;0.0;0.0;2.0;30.6;23.0;0.0;47.4;2.6;8.4;0.0;8.0;4.4;3.8;0.0;0.0;0.0;5.8;0.0;0.0;0.0;0.0;888.0
Tamboril;TAMBORIL;-4.8344166666667;-40.320583333333;2000;5;22.8;0.0;0.0;3.8;1.6;2.4;0.0;0.0;7.6;0.0;0.0;0.0;0.0;0.0;0.0;0.0;0.0;1.4;6.0;0.0;0.0;0.0;0.0;0.0;0.0;0.0;0.0;0.0;0.0;0.0;0.0;0.0
Tamboril;TAMBORIL;-4.8344166666667;-40.320583333333;2000;6;12.8;0.0;0.0;0.0;0.0;0.0;0.0;0.0;0.0;0.0;0.0;0.0;0.0;0.0;0.0;0.0;11.4;0.0;0.0;0.0;1.4;0.0;0.0;0.0;0.0;0.0;0.0;0.0;0.0;0.0;0.0;888.0
Tamboril;TAMBORIL;-4.8344166666667;-40.320583333333;2000;7;8.4;0.0;0.0;0.0;0.0;0.0;0.0;0.0;0.0;0.0;1.2;7.2;0.0;0.0;0.0;0.0;0.0;0.0;0.0;0.0;0.0;0.0;0.0;0.0;0.0;0.0;0.0;0.0;0.0;0.0;0.0;0.0
Tamboril;TAMBORIL;-4.8344166666667;-40.320583333333;2000;8;10.0;0.0;3.0;0.0;0.0;0.0;0.0;0.0;0.0;0.0;7.0;0.0;0.0;0.0;0.0;0.0;0.0;0.0;0.0;0.0;0.0;0.0;0.0;0.0;0.0;0.0;0.0;0.0;0.0;0.0;0.0;0.0
Tamboril;TAMBORIL;-4.8344166666667;-40.320583333333;2000;9;23.6;0.0;0.0;0.0;0.0;0.0;0.0;0.0;0.0;0.0;0.0;0.0;0.0;0.0;0.0;0.0;0.0;23.6;0.0;0.0;0.0;0.0;0.0;0.0;0.0;0.0;0.0;0.0;0.0;0.0;0.0;888.0
Tamboril;TAMBORIL;-4.8344166666667;-40.320583333333;2000;10;0.0;0.0;0.0;0.0;0.0;0.0;0.0;0.0;0.0;0.0;0.0;0.0;0.0;0.0;0.0;0.0;0.0;0.0;0.0;0.0;0.0;0.0;0.0;0.0;0.0;0.0;0.0;0.0;0.0;0.0;0.0;0.0
Tamboril;TAMBORIL;-4.8344166666667;-40.320583333333;2000;11;0.0;0.0;0.0;0.0;0.0;0.0;0.0;0.0;0.0;0.0;0.0;0.0;0.0;0.0;0.0;0.0;0.0;0.0;0.0;0.0;0.0;0.0;0.0;0.0;0.0;0.0;0.0;0.0;0.0;0.0;0.0;888.0
Tamboril;TAMBORIL;-4.8344166666667;-40.320583333333;2000;12;34.0;0.0;0.0;0.0;0.0;0.0;0.0;0.0;0.0;0.0;0.0;0.0;0.0;0.0;0.0;18.8;10.0;5.2;0.0;0.0;0.0;0.0;0.0;0.0;0.0;0.0;0.0;0.0;0.0;0.0;0.0;0.0
Tamboril;TAMBORIL;-4.8344166666667;-40.320583333333;2001;1;14.4;0.0;0.0;0.0;0.0;0.0;0.0;0.0;0.0;0.0;0.0;0.0;0.0;9.2;5.2;0.0;0.0;0.0;0.0;0.0;0.0;0.0;0.0;0.0;0.0;0.0;0.0;0.0;0.0;0.0;0.0;0.0
Tamboril;TAMBORIL;-4.8344166666667;-40.320583333333;2001;2;128.6;9.2;0.0;4.2;3.6;3.0;0.0;0.0;0.0;0.0;56.2;0.0;0.0;6.2;10.6;0.0;0.0;0.0;0.0;0.0;0.0;0.0;0.0;0.0;0.0;0.0;19.4;16.2;0.0;888.0;888.0;888.0
Tamboril;TAMBORIL;-4.8344166666667;-40.320583333333;2001;3;182.7;13.0;19.0;1.6;0.0;0.0;0.0;0.0;0.0;0.0;7.2;5.2;35.3;1.2;17.0;23.0;3.2;2.2;0.0;0.0;1.4;0.0;2.8;0.0;0.0;0.0;0.0;0.0;2.6;27.6;20.4;0.0
Tamboril;TAMBORIL;-4.8344166666667;-40.320583333333;2001;4;189.4;0.0;0.0;9.8;46.2;0.0;0.0;0.0;0.0;0.0;0.0;17.0;0.0;24.0;5.2;3.4;0.0;4.8;21.4;36.6;0.0;0.0;0.0;0.0;0.0;0.0;0.0;0.0;0.0;0.0;21.0;888.0
Tamboril;TAMBORIL;-4.8344166666667;-40.320583333333;2001;5;10.4;1.4;0.0;0.0;0.0;0.0;0.0;0.0;0.0;0.0;1.2;2.8;0.0;0.0;0.0;0.0;0.0;0.0;0.0;0.0;0.0;5.0;0.0;0.0;0.0;0.0;0.0;0.0;0.0;0.0;0.0;0.0
Tamboril;TAMBORIL;-4.8344166666667;-40.320583333333;2001;6;11.2;3.4;3.0;0.0;3.6;0.0;0.0;0.0;0.0;0.0;0.0;0.0;0.0;0.0;0.0;0.0;0.0;0.0;0.0;0.0;0.0;0.0;0.0;0.0;0.0;0.0;0.0;0.0;1.2;0.0;0.0;888.0
Tamboril;TAMBORIL;-4.8344166666667;-40.320583333333;2001;7;0.0;0.0;0.0;0.0;0.0;0.0;0.0;0.0;0.0;0.0;0.0;0.0;0.0;0.0;0.0;0.0;0.0;0.0;0.0;0.0;0.0;0.0;0.0;0.0;0.0;0.0;0.0;0.0;0.0;0.0;0.0;0.0
Tamboril;TAMBORIL;-4.8344166666667;-40.320583333333;2001;8;0.0;0.0;0.0;0.0;0.0;0.0;0.0;0.0;0.0;0.0;0.0;0.0;0.0;0.0;0.0;0.0;0.0;0.0;0.0;0.0;0.0;0.0;0.0;0.0;0.0;0.0;0.0;0.0;0.0;0.0;0.0;0.0
Tamboril;TAMBORIL;-4.8344166666667;-40.320583333333;2001;9;0.0;0.0;0.0;0.0;0.0;0.0;0.0;0.0;0.0;0.0;0.0;0.0;0.0;0.0;0.0;0.0;0.0;0.0;0.0;0.0;0.0;0.0;0.0;0.0;0.0;0.0;0.0;0.0;0.0;0.0;0.0;888.0
Tamboril;TAMBORIL;-4.8344166666667;-40.320583333333;2001;10;0.0;0.0;0.0;0.0;0.0;0.0;0.0;0.0;0.0;0.0;0.0;0.0;0.0;0.0;0.0;0.0;0.0;0.0;0.0;0.0;0.0;0.0;0.0;0.0;0.0;0.0;0.0;0.0;0.0;0.0;0.0;0.0
Tamboril;TAMBORIL;-4.8344166666667;-40.320583333333;2001;11;0.0;0.0;0.0;0.0;0.0;0.0;0.0;0.0;0.0;0.0;0.0;0.0;0.0;0.0;0.0;0.0;0.0;0.0;0.0;0.0;0.0;0.0;0.0;0.0;0.0;0.0;0.0;0.0;0.0;0.0;0.0;888.0
Tamboril;TAMBORIL;-4.8344166666667;-40.320583333333;2001;12;0.0;0.0;0.0;0.0;0.0;0.0;0.0;0.0;0.0;0.0;0.0;0.0;0.0;0.0;0.0;0.0;0.0;0.0;0.0;0.0;0.0;0.0;0.0;0.0;0.0;0.0;0.0;0.0;0.0;0.0;0.0;0.0
Tamboril;TAMBORIL;-4.8344166666667;-40.320583333333;2002;1;214.6;0.0;29.0;19.8;0.0;0.0;0.0;9.4;32.6;0.0;4.2;0.0;0.0;45.4;0.0;0.0;25.4;20.6;17.6;0.0;0.0;0.0;0.0;4.4;0.0;0.0;3.6;2.6;0.0;0.0;0.0;0.0
Tamboril;TAMBORIL;-4.8344166666667;-40.320583333333;2002;2;15.2;0.0;0.0;0.0;0.0;1.4;0.0;9.0;0.0;0.0;0.0;0.0;0.0;0.0;2.2;2.6;0.0;0.0;0.0;0.0;0.0;0.0;0.0;0.0;0.0;0.0;0.0;0.0;0.0;888.0;888.0;888.0
Tamboril;TAMBORIL;-4.8344166666667;-40.320583333333;2002;3;160.9;0.0;0.0;0.0;0.0;53.4;0.0;0.0;24.4;7.5;0.0;0.0;0.0;0.0;0.0;0.0;7.2;6.6;8.0;0.0;25.6;6.4;0.0;0.0;1.8;0.0;7.6;0.0;12.4;0.0;0.0;0.0
Tamboril;TAMBORIL;-4.8344166666667;-40.320583333333;2002;4;187.9;0.0;0.0;4.0;0.0;12.8;0.0;40.0;0.0;0.0;0.0;32.8;0.0;28.0;0.0;3.0;0.0;0.0;0.0;0.0;0.0;0.0;0.0;0.0;1.0;0.0;62.9;0.0;0.0;3.4;0.0;888.0
Tamboril;TAMBORIL;-4.8344166666667;-40.320583333333;2002;5;58.4;0.0;0.0;19.0;0.0;0.0;0.0;16.0;10.8;0.0;0.0;0.0;0.0;0.0;0.0;0.0;1.0;0.0;0.0;0.0;0.0;0.0;0.0;0.0;0.0;0.0;11.6;0.0;0.0;0.0;0.0;0.0
Tamboril;TAMBORIL;-4.8344166666667;-40.320583333333;2002;6;23.0;23.0;0.0;0.0;0.0;0.0;0.0;0.0;0.0;0.0;0.0;0.0;0.0;0.0;0.0;0.0;0.0;0.0;0.0;0.0;0.0;0.0;0.0;0.0;0.0;0.0;0.0;0.0;0.0;0.0;0.0;888.0
Tamboril;TAMBORIL;-4.8344166666667;-40.320583333333;2002;7;0.0;0.0;0.0;0.0;0.0;0.0;0.0;0.0;0.0;0.0;0.0;0.0;0.0;0.0;0.0;0.0;0.0;0.0;0.0;0.0;0.0;0.0;0.0;0.0;0.0;0.0;0.0;0.0;0.0;0.0;0.0;0.0
Tamboril;TAMBORIL;-4.8344166666667;-40.320583333333;2002;8;0.0;0.0;0.0;0.0;0.0;0.0;0.0;0.0;0.0;0.0;0.0;0.0;0.0;0.0;0.0;0.0;0.0;0.0;0.0;0.0;0.0;0.0;0.0;0.0;0.0;0.0;0.0;0.0;0.0;0.0;0.0;0.0
Tamboril;TAMBORIL;-4.8344166666667;-40.320583333333;2002;9;0.0;0.0;0.0;0.0;0.0;0.0;0.0;0.0;0.0;0.0;0.0;0.0;0.0;0.0;0.0;0.0;0.0;0.0;0.0;0.0;0.0;0.0;0.0;0.0;0.0;0.0;0.0;0.0;0.0;0.0;0.0;888.0
Tamboril;TAMBORIL;-4.8344166666667;-40.320583333333;2002;10;0.0;0.0;0.0;0.0;0.0;0.0;0.0;0.0;0.0;0.0;0.0;0.0;0.0;0.0;0.0;0.0;0.0;0.0;0.0;0.0;0.0;0.0;0.0;0.0;0.0;0.0;0.0;0.0;0.0;0.0;0.0;0.0
Tamboril;TAMBORIL;-4.8344166666667;-40.320583333333;2002;11;0.0;0.0;0.0;0.0;0.0;0.0;0.0;0.0;0.0;0.0;0.0;0.0;0.0;0.0;0.0;0.0;0.0;0.0;0.0;0.0;0.0;0.0;0.0;0.0;0.0;0.0;0.0;0.0;0.0;0.0;0.0;888.0
Tamboril;TAMBORIL;-4.8344166666667;-40.320583333333;2002;12;37.0;0.0;0.0;0.0;0.0;0.0;0.0;0.0;0.0;0.0;0.0;37.0;0.0;0.0;0.0;0.0;0.0;0.0;0.0;0.0;0.0;0.0;0.0;0.0;0.0;0.0;0.0;0.0;0.0;0.0;0.0;0.0
Tamboril;TAMBORIL;-4.8344166666667;-40.320583333333;2003;1;85.2;0.0;3.0;0.0;0.0;0.0;0.0;0.0;0.0;0.0;0.0;0.0;0.0;0.0;0.0;0.0;0.0;0.0;0.0;0.0;33.0;8.6;30.8;0.0;0.0;0.0;0.0;0.0;7.6;2.2;0.0;0.0
Tamboril;TAMBORIL;-4.8344166666667;-40.320583333333;2003;2;71.8;0.0;0.0;8.6;0.0;0.0;3.6;0.0;0.0;0.0;0.0;3.2;7.6;15.6;0.0;0.0;0.0;0.0;9.6;5.0;0.0;0.0;0.0;0.0;5.2;6.0;3.4;0.0;4.0;888.0;888.0;888.0
Tamboril;TAMBORIL;-4.8344166666667;-40.320583333333;2003;3;180.0;5.0;0.0;0.0;16.0;3.0;0.0;0.0;5.2;0.0;0.0;1.2;0.0;0.0;0.0;10.0;7.0;4.2;3.2;16.0;6.2;9.8;0.0;23.0;48.2;0.0;5.4;0.0;0.0;0.0;6.8;9.8
Tamboril;TAMBORIL;-4.8344166666667;-40.320583333333;2003;4;126.4;21.8;0.0;5.2;0.0;28.0;0.0;0.0;15.8;0.0;0.0;1.0;0.0;0.0;0.0;0.0;0.0;0.0;0.0;0.0;0.0;0.0;0.0;0.0;0.0;43.8;4.2;0.0;5.0;0.0;1.6;888.0
Tamboril;TAMBORIL;-4.8344166666667;-40.320583333333;2003;5;26.1;0.0;0.0;14.4;3.2;4.1;0.0;0.0;0.0;0.0;0.0;0.0;0.0;0.0;4.4;0.0;0.0;0.0;0.0;0.0;0.0;0.0;0.0;0.0;0.0;0.0;0.0;0.0;0.0;0.0;0.0;0.0
Tamboril;TAMBORIL;-4.8344166666667;-40.320583333333;2003;6;27.6;0.0;0.0;0.0;0.0;7.6;0.0;0.0;0.0;0.0;0.0;0.0;0.0;0.0;0.0;0.0;14.0;6.0;0.0;0.0;0.0;0.0;0.0;0.0;0.0;0.0;0.0;0.0;0.0;0.0;0.0;888.0
Tamboril;TAMBORIL;-4.8344166666667;-40.320583333333;2003;7;0.8;0.8;0.0;0.0;0.0;0.0;0.0;0.0;0.0;0.0;0.0;0.0;0.0;0.0;0.0;0.0;0.0;0.0;0.0;0.0;0.0;0.0;0.0;0.0;0.0;0.0;0.0;0.0;0.0;0.0;0.0;0.0
Tamboril;TAMBORIL;-4.8344166666667;-40.320583333333;2003;8;0.0;0.0;0.0;0.0;0.0;0.0;0.0;0.0;0.0;0.0;0.0;0.0;0.0;0.0;0.0;0.0;0.0;0.0;0.0;0.0;0.0;0.0;0.0;0.0;0.0;0.0;0.0;0.0;0.0;0.0;0.0;0.0
Tamboril;TAMBORIL;-4.8344166666667;-40.320583333333;2003;9;0.0;0.0;0.0;0.0;0.0;0.0;0.0;0.0;0.0;0.0;0.0;0.0;0.0;0.0;0.0;0.0;0.0;0.0;0.0;0.0;0.0;0.0;0.0;0.0;0.0;0.0;0.0;0.0;0.0;0.0;0.0;888.0
Tamboril;TAMBORIL;-4.8344166666667;-40.320583333333;2003;10;0.0;0.0;0.0;0.0;0.0;0.0;0.0;0.0;0.0;0.0;0.0;0.0;0.0;0.0;0.0;0.0;0.0;0.0;0.0;0.0;0.0;0.0;0.0;0.0;0.0;0.0;0.0;0.0;0.0;0.0;0.0;0.0
Tamboril;TAMBORIL;-4.8344166666667;-40.320583333333;2003;11;0.0;0.0;0.0;0.0;0.0;0.0;0.0;0.0;0.0;0.0;0.0;0.0;0.0;0.0;0.0;0.0;0.0;0.0;0.0;0.0;0.0;0.0;0.0;0.0;0.0;0.0;0.0;0.0;0.0;0.0;0.0;888.0
Tamboril;TAMBORIL;-4.8344166666667;-40.320583333333;2003;12;0.0;0.0;0.0;0.0;0.0;0.0;0.0;0.0;0.0;0.0;0.0;0.0;0.0;0.0;0.0;0.0;0.0;0.0;0.0;0.0;0.0;0.0;0.0;0.0;0.0;0.0;0.0;0.0;0.0;0.0;0.0;0.0
Tamboril;TAMBORIL;-4.8344166666667;-40.320583333333;2004;1;361.4;0.0;0.0;0.0;0.0;0.0;0.0;0.0;0.0;0.0;0.0;0.0;14.4;0.0;0.0;32.6;0.0;0.0;31.0;0.0;0.0;0.0;15.4;0.0;51.0;60.8;34.2;53.0;5.0;11.2;15.8;37.0
Tamboril;TAMBORIL;-4.8344166666667;-40.320583333333;2004;2;336.0;0.0;0.0;50.0;9.8;2.0;13.8;17.0;30.0;60.0;0.0;0.0;0.0;6.6;0.0;0.0;93.6;12.4;0.0;0.0;0.0;0.0;0.0;0.0;0.0;5.6;0.0;0.0;9.0;26.2;888.0;888.0
Tamboril;TAMBORIL;-4.8344166666667;-40.320583333333;2004;3;115.4;2.0;0.0;0.0;4.4;0.0;0.0;0.0;58.0;6.0;0.0;0.0;17.0;0.0;0.0;0.0;0.0;7.6;9.4;0.0;0.0;0.0;0.0;0.0;0.0;0.0;0.0;11.0;0.0;0.0;0.0;0.0
Tamboril;TAMBORIL;-4.8344166666667;-40.320583333333;2004;4;43.0;0.0;0.0;0.0;2.2;0.0;0.0;0.8;0.0;0.0;0.0;0.0;0.0;0.0;0.0;0.0;0.0;0.0;0.0;4.0;0.0;0.0;0.0;12.6;0.0;0.0;4.0;19.4;0.0;0.0;0.0;888.0
Tamboril;TAMBORIL;-4.8344166666667;-40.320583333333;2004;5;31.8;0.0;0.0;0.0;0.0;7.0;0.0;0.0;0.0;0.0;0.0;0.4;0.0;0.0;0.0;0.0;0.0;0.0;0.0;0.0;0.0;16.0;0.0;0.0;0.0;4.4;0.0;0.0;0.0;3.0;1.0;0.0
Tamboril;TAMBORIL;-4.8344166666667;-40.320583333333;2004;6;39.5;0.0;0.0;0.0;0.0;0.0;0.0;0.0;0.0;0.8;0.0;0.0;0.0;0.0;0.0;6.0;1.5;0.0;2.0;9.0;0.0;0.0;10.6;0.0;0.0;0.0;8.2;0.0;1.4;0.0;0.0;888.0
Tamboril;TAMBORIL;-4.8344166666667;-40.320583333333;2004;7;24.8;0.0;0.0;0.0;0.0;10.0;0.0;0.0;0.0;0.0;0.0;0.0;0.0;0.0;0.0;0.0;0.0;13.8;0.0;0.0;0.0;0.0;0.0;0.0;0.0;0.0;0.0;0.0;0.0;0.0;1.0;0.0
Tamboril;TAMBORIL;-4.8344166666667;-40.320583333333;2004;8;12.0;0.0;0.0;0.0;0.0;0.0;0.0;12.0;0.0;0.0;0.0;0.0;0.0;0.0;0.0;0.0;0.0;0.0;0.0;0.0;0.0;0.0;0.0;0.0;0.0;0.0;0.0;0.0;0.0;0.0;0.0;0.0
Tamboril;TAMBORIL;-4.8344166666667;-40.320583333333;2004;9;0.0;0.0;0.0;0.0;0.0;0.0;0.0;0.0;0.0;0.0;0.0;0.0;0.0;0.0;0.0;0.0;0.0;0.0;0.0;0.0;0.0;0.0;0.0;0.0;0.0;0.0;0.0;0.0;0.0;0.0;0.0;888.0
Tamboril;TAMBORIL;-4.8344166666667;-40.320583333333;2004;10;0.0;0.0;0.0;0.0;0.0;0.0;0.0;0.0;0.0;0.0;0.0;0.0;0.0;0.0;0.0;0.0;0.0;0.0;0.0;0.0;0.0;0.0;0.0;0.0;0.0;0.0;0.0;0.0;0.0;0.0;0.0;0.0
Tamboril;TAMBORIL;-4.8344166666667;-40.320583333333;2004;11;0.0;0.0;0.0;0.0;0.0;0.0;0.0;0.0;0.0;0.0;0.0;0.0;0.0;0.0;0.0;0.0;0.0;0.0;0.0;0.0;0.0;0.0;0.0;0.0;0.0;0.0;0.0;0.0;0.0;0.0;0.0;888.0
Tamboril;TAMBORIL;-4.8344166666667;-40.320583333333;2004;12;4.9;0.0;0.0;0.0;0.0;0.0;0.0;0.0;0.0;0.0;0.0;0.0;0.0;0.0;0.0;0.0;0.0;0.0;0.0;0.0;0.0;0.0;0.0;0.0;0.0;0.0;0.0;0.0;0.0;4.9;0.0;0.0
Tamboril;TAMBORIL;-4.8344166666667;-40.320583333333;2005;1;145.0;0.0;0.0;0.0;0.0;0.0;0.0;0.0;0.0;0.0;0.0;0.0;0.0;0.0;0.0;4.4;22.0;0.0;0.0;0.0;30.8;0.0;0.0;0.0;14.4;1.2;72.2;0.0;0.0;0.0;0.0;0.0
Tamboril;TAMBORIL;-4.8344166666667;-40.320583333333;2005;2;36.7;0.0;0.0;0.0;0.0;0.0;0.0;0.0;0.0;0.0;0.0;0.0;0.0;0.0;0.0;7.5;2.0;17.0;10.2;0.0;0.0;0.0;0.0;0.0;0.0;0.0;0.0;0.0;0.0;888.0;888.0;888.0
Tamboril;TAMBORIL;-4.8344166666667;-40.320583333333;2005;3;154.1;0.0;0.0;0.0;0.0;0.0;0.0;0.0;0.0;0.0;0.0;0.0;0.0;0.0;0.0;0.0;0.0;0.0;0.0;10.0;20.2;5.0;3.4;0.0;0.0;30.0;45.0;27.0;0.0;10.5;3.0;0.0
Tamboril;TAMBORIL;-4.8344166666667;-40.320583333333;2005;4;33.6;0.0;0.0;0.0;0.0;0.0;0.0;0.0;6.0;0.0;0.0;0.0;0.0;0.0;9.0;0.0;0.0;0.0;0.0;0.0;0.0;0.0;0.0;0.0;0.0;0.0;5.6;13.0;0.0;0.0;0.0;888.0
Tamboril;TAMBORIL;-4.8344166666667;-40.320583333333;2005;5;115.9;5.0;0.0;58.0;0.0;0.0;0.0;0.0;0.0;0.0;0.0;0.0;0.6;0.0;17.2;0.0;0.0;0.6;0.0;34.5;0.0;0.0;0.0;0.0;0.0;0.0;0.0;0.0;0.0;0.0;0.0;0.0
Tamboril;TAMBORIL;-4.8344166666667;-40.320583333333;2005;6;6.6;1.0;0.0;2.2;0.0;0.0;0.0;0.0;0.0;0.0;0.0;0.0;0.0;0.0;3.2;0.0;0.2;0.0;0.0;0.0;0.0;0.0;0.0;0.0;0.0;0.0;0.0;0.0;0.0;0.0;0.0;888.0
Tamboril;TAMBORIL;-4.8344166666667;-40.320583333333;2005;7;2.0;0.0;0.0;0.0;2.0;0.0;0.0;0.0;0.0;0.0;0.0;0.0;0.0;0.0;0.0;0.0;0.0;0.0;0.0;0.0;0.0;0.0;0.0;0.0;0.0;0.0;0.0;0.0;0.0;0.0;0.0;0.0
Tamboril;TAMBORIL;-4.8344166666667;-40.320583333333;2005;8;0.0;0.0;0.0;0.0;0.0;0.0;0.0;0.0;0.0;0.0;0.0;0.0;0.0;0.0;0.0;0.0;0.0;0.0;0.0;0.0;0.0;0.0;0.0;0.0;0.0;0.0;0.0;0.0;0.0;0.0;0.0;0.0
Tamboril;TAMBORIL;-4.8344166666667;-40.320583333333;2005;9;0.0;0.0;0.0;0.0;0.0;0.0;0.0;0.0;0.0;0.0;0.0;0.0;0.0;0.0;0.0;0.0;0.0;0.0;0.0;0.0;0.0;0.0;0.0;0.0;0.0;0.0;0.0;0.0;0.0;0.0;0.0;888.0
Tamboril;TAMBORIL;-4.8344166666667;-40.320583333333;2005;10;0.0;0.0;0.0;0.0;0.0;0.0;0.0;0.0;0.0;0.0;0.0;0.0;0.0;0.0;0.0;0.0;0.0;0.0;0.0;0.0;0.0;0.0;0.0;0.0;0.0;0.0;0.0;0.0;0.0;0.0;0.0;0.0
Tamboril;TAMBORIL;-4.8344166666667;-40.320583333333;2005;11;0.0;0.0;0.0;0.0;0.0;0.0;0.0;0.0;0.0;0.0;0.0;0.0;0.0;0.0;0.0;0.0;0.0;0.0;0.0;0.0;0.0;0.0;0.0;0.0;0.0;0.0;0.0;0.0;0.0;0.0;0.0;888.0
Tamboril;TAMBORIL;-4.8344166666667;-40.320583333333;2005;12;28.6;0.0;0.0;0.0;0.0;0.0;0.0;0.0;21.0;0.0;0.0;0.0;0.0;0.0;0.0;0.0;0.0;0.0;0.0;0.0;0.0;0.0;0.0;0.0;0.0;0.0;7.6;0.0;0.0;0.0;0.0;0.0
Tamboril;TAMBORIL;-4.8344166666667;-40.320583333333;2006;1;11.0;11.0;0.0;0.0;0.0;0.0;0.0;0.0;0.0;0.0;0.0;0.0;0.0;0.0;0.0;0.0;0.0;0.0;0.0;0.0;0.0;0.0;0.0;0.0;0.0;0.0;0.0;0.0;0.0;0.0;0.0;0.0
Tamboril;TAMBORIL;-4.8344166666667;-40.320583333333;2006;2;118.0;0.0;0.0;0.0;0.0;5.8;0.0;0.0;0.0;0.0;5.9;15.2;0.0;0.0;0.0;7.4;1.0;15.8;9.2;0.0;0.0;0.0;0.0;8.9;45.4;3.4;0.0;0.0;0.0;888.0;888.0;888.0
Tamboril;TAMBORIL;-4.8344166666667;-40.320583333333;2006;3;220.4;47.4;0.0;16.4;2.9;5.2;0.0;0.0;0.0;0.0;0.0;19.2;2.4;0.0;22.8;2.6;7.0;0.0;0.0;23.0;0.0;0.0;0.0;0.0;22.0;0.0;0.0;0.0;0.0;0.0;30.0;19.5
Tamboril;TAMBORIL;-4.8344166666667;-40.320583333333;2006;4;89.6;0.0;0.0;0.0;0.0;0.0;15.0;2.4;0.0;0.0;0.0;0.0;4.2;18.0;0.0;0.0;0.0;22.0;3.6;0.0;0.0;8.4;0.0;3.4;0.0;0.0;0.0;0.0;12.6;0.0;0.0;888.0
Tamboril;TAMBORIL;-4.8344166666667;-40.320583333333;2006;5;88.0;0.0;0.0;0.0;0.0;1.0;0.0;0.0;11.8;7.4;8.8;5.0;0.0;0.0;5.6;0.0;7.0;0.0;0.0;0.0;0.0;19.4;4.0;0.0;18.0;0.0;0.0;0.0;0.0;0.0;0.0;0.0
Tamboril;TAMBORIL;-4.8344166666667;-40.320583333333;2006;6;14.2;0.0;0.0;0.0;0.0;0.0;3.8;0.0;0.0;0.0;0.0;0.0;0.0;3.8;0.0;0.0;0.0;0.0;0.0;0.0;0.0;0.0;0.0;0.0;0.0;6.6;0.0;0.0;0.0;0.0;0.0;888.0
Tamboril;TAMBORIL;-4.8344166666667;-40.320583333333;2006;7;3.2;0.0;0.0;0.0;0.0;0.0;0.0;3.2;0.0;0.0;0.0;0.0;0.0;0.0;0.0;0.0;0.0;0.0;0.0;0.0;0.0;0.0;0.0;0.0;0.0;0.0;0.0;0.0;0.0;0.0;0.0;0.0
Tamboril;TAMBORIL;-4.8344166666667;-40.320583333333;2006;8;2.0;0.0;0.0;0.0;0.0;0.0;0.0;0.0;0.0;0.0;0.0;1.0;0.0;0.0;0.0;0.0;0.0;1.0;0.0;0.0;0.0;0.0;0.0;0.0;0.0;0.0;0.0;0.0;0.0;0.0;0.0;0.0
Tamboril;TAMBORIL;-4.8344166666667;-40.320583333333;2006;9;0.0;0.0;0.0;0.0;0.0;0.0;0.0;0.0;0.0;0.0;0.0;0.0;0.0;0.0;0.0;0.0;0.0;0.0;0.0;0.0;0.0;0.0;0.0;0.0;0.0;0.0;0.0;0.0;0.0;0.0;0.0;888.0
Tamboril;TAMBORIL;-4.8344166666667;-40.320583333333;2006;10;0.0;0.0;0.0;0.0;0.0;0.0;0.0;0.0;0.0;0.0;0.0;0.0;0.0;0.0;0.0;0.0;0.0;0.0;0.0;0.0;0.0;0.0;0.0;0.0;0.0;0.0;0.0;0.0;0.0;0.0;0.0;0.0
Tamboril;TAMBORIL;-4.8344166666667;-40.320583333333;2006;11;0.0;0.0;0.0;0.0;0.0;0.0;0.0;0.0;0.0;0.0;0.0;0.0;0.0;0.0;0.0;0.0;0.0;0.0;0.0;0.0;0.0;0.0;0.0;0.0;0.0;0.0;0.0;0.0;0.0;0.0;0.0;888.0
Tamboril;TAMBORIL;-4.8344166666667;-40.320583333333;2006;12;0.0;0.0;0.0;0.0;0.0;0.0;0.0;0.0;0.0;0.0;0.0;0.0;0.0;0.0;0.0;0.0;0.0;0.0;0.0;0.0;0.0;0.0;0.0;0.0;0.0;0.0;0.0;0.0;0.0;0.0;0.0;0.0
Tamboril;TAMBORIL;-4.8344166666667;-40.320583333333;2007;1;21.4;1.4;15.0;0.0;0.0;0.0;0.0;0.0;0.0;0.0;0.0;0.0;0.0;0.0;0.0;0.0;0.0;0.0;0.0;0.0;0.0;0.0;0.0;0.0;0.0;0.0;0.0;0.0;0.0;0.0;0.0;5.0
Tamboril;TAMBORIL;-4.8344166666667;-40.320583333333;2007;2;240.4;0.0;23.4;20.2;1.0;0.0;16.0;0.0;0.0;1.0;0.0;0.0;0.0;65.0;1.0;12.6;0.0;39.0;12.0;0.0;41.4;0.0;0.0;7.8;0.0;0.0;0.0;0.0;0.0;888.0;888.0;888.0
Tamboril;TAMBORIL;-4.8344166666667;-40.320583333333;2007;3;64.8;23.8;0.0;0.0;0.0;0.0;1.0;0.0;4.2;0.0;11.2;0.0;0.0;0.0;5.0;2.6;0.0;0.0;0.0;0.0;10.2;0.0;0.0;0.0;0.0;0.0;0.0;0.0;6.8;0.0;0.0;0.0
Tamboril;TAMBORIL;-4.8344166666667;-40.320583333333;2007;4;73.0;4.8;13.8;0.0;0.0;0.0;0.0;0.0;0.0;0.0;0.0;0.0;0.0;0.0;0.0;0.0;0.0;0.0;6.0;0.0;0.0;10.8;0.0;7.2;0.0;0.0;0.0;20.2;0.0;10.2;0.0;888.0
Tamboril;TAMBORIL;-4.8344166666667;-40.320583333333;2007;5;4.1;0.0;4.1;0.0;0.0;0.0;0.0;0.0;0.0;0.0;0.0;0.0;0.0;0.0;0.0;0.0;0.0;0.0;0.0;0.0;0.0;0.0;0.0;0.0;0.0;0.0;0.0;0.0;0.0;0.0;0.0;0.0
Tamboril;TAMBORIL;-4.8344166666667;-40.320583333333;2007;6;12.2;8.4;0.0;0.0;0.0;0.0;0.0;0.0;0.0;0.0;0.0;0.0;0.0;0.0;0.0;0.0;0.0;0.0;3.8;0.0;0.0;0.0;0.0;0.0;0.0;0.0;0.0;0.0;0.0;0.0;0.0;888.0
Tamboril;TAMBORIL;-4.8344166666667;-40.320583333333;2007;7;0.0;0.0;0.0;0.0;0.0;0.0;0.0;0.0;0.0;0.0;0.0;0.0;0.0;0.0;0.0;0.0;0.0;0.0;0.0;0.0;0.0;0.0;0.0;0.0;0.0;0.0;0.0;0.0;0.0;0.0;0.0;0.0
Tamboril;TAMBORIL;-4.8344166666667;-40.320583333333;2007;8;0.0;0.0;0.0;0.0;0.0;0.0;0.0;0.0;0.0;0.0;0.0;0.0;0.0;0.0;0.0;0.0;0.0;0.0;0.0;0.0;0.0;0.0;0.0;0.0;0.0;0.0;0.0;0.0;0.0;0.0;0.0;0.0
Tamboril;TAMBORIL;-4.8344166666667;-40.320583333333;2007;9;0.0;0.0;0.0;0.0;0.0;0.0;0.0;0.0;0.0;0.0;0.0;0.0;0.0;0.0;0.0;0.0;0.0;0.0;0.0;0.0;0.0;0.0;0.0;0.0;0.0;0.0;0.0;0.0;0.0;0.0;0.0;888.0
Tamboril;TAMBORIL;-4.8344166666667;-40.320583333333;2007;10;0.0;0.0;0.0;0.0;0.0;0.0;0.0;0.0;0.0;0.0;0.0;0.0;0.0;0.0;0.0;0.0;0.0;0.0;0.0;0.0;0.0;0.0;0.0;0.0;0.0;0.0;0.0;0.0;0.0;0.0;0.0;0.0
Tamboril;TAMBORIL;-4.8344166666667;-40.320583333333;2007;11;0.0;0.0;0.0;0.0;0.0;0.0;0.0;0.0;0.0;0.0;0.0;0.0;0.0;0.0;0.0;0.0;0.0;0.0;0.0;0.0;0.0;0.0;0.0;0.0;0.0;0.0;0.0;0.0;0.0;0.0;0.0;888.0
Tamboril;TAMBORIL;-4.8344166666667;-40.320583333333;2007;12;56.4;0.0;0.0;0.0;0.0;0.0;0.0;0.0;0.0;0.0;0.0;0.0;0.0;0.0;0.0;0.0;41.4;15.0;0.0;0.0;0.0;0.0;0.0;0.0;0.0;0.0;0.0;0.0;0.0;0.0;0.0;0.0
Tamboril;TAMBORIL;-4.8344166666667;-40.320583333333;2008;1;31.8;1.4;0.0;0.0;0.0;0.0;0.0;0.0;0.0;0.0;0.0;0.0;0.0;3.2;0.0;0.0;8.8;0.0;0.0;0.0;0.0;0.0;3.8;3.0;7.2;0.0;0.0;0.0;0.0;0.0;0.0;4.4
Tamboril;TAMBORIL;-4.8344166666667;-40.320583333333;2008;2;61.2;21.0;0.0;0.0;0.0;0.0;0.0;0.0;0.0;0.0;0.0;0.0;0.0;5.8;0.0;0.0;0.0;0.0;0.0;0.0;0.0;0.0;0.0;0.0;0.0;0.0;0.0;4.4;0.0;30.0;888.0;888.0
Tamboril;TAMBORIL;-4.8344166666667;-40.320583333333;2008;3;403.4;14.0;10.4;0.0;0.0;4.8;3.8;0.0;13.8;22.8;0.0;0.0;0.0;18.6;5.0;3.2;12.4;10.8;31.0;7.0;10.0;12.0;13.0;0.0;14.8;2.4;56.0;18.4;29.0;9.2;40.0;41.0
Tamboril;TAMBORIL;-4.8344166666667;-40.320583333333;2008;4;131.6;11.6;20.0;4.0;9.4;13.8;19.8;0.8;3.2;23.0;0.2;0.0;0.0;0.0;14.0;5.6;3.0;0.0;1.3;0.0;0.0;0.0;0.5;0.0;0.0;0.0;1.4;0.0;0.0;0.0;0.0;888.0
Tamboril;TAMBORIL;-4.8344166666667;-40.320583333333;2008;5;71.0;1.0;0.0;0.0;4.0;7.0;23.0;0.0;0.0;18.0;12.0;0.0;1.4;0.0;0.0;0.0;0.0;0.0;4.6;0.0;0.0;0.0;0.0;0.0;0.0;0.0;0.0;0.0;0.0;0.0;0.0;0.0
Tamboril;TAMBORIL;-4.8344166666667;-40.320583333333;2008;6;3.0;0.0;0.0;0.0;0.0;0.0;0.0;0.0;0.0;3.0;0.0;0.0;0.0;0.0;0.0;0.0;0.0;0.0;0.0;0.0;0.0;0.0;0.0;0.0;0.0;0.0;0.0;0.0;0.0;0.0;0.0;888.0
Tamboril;TAMBORIL;-4.8344166666667;-40.320583333333;2008;7;7.0;0.0;0.0;0.0;0.0;0.0;0.0;0.0;0.0;0.0;0.0;0.0;0.0;0.0;0.0;0.0;0.0;0.0;0.0;0.0;0.0;0.0;0.0;0.0;0.0;0.0;0.0;0.0;7.0;0.0;0.0;0.0
Tamboril;TAMBORIL;-4.8344166666667;-40.320583333333;2008;8;1.0;0.0;0.0;0.0;0.0;0.0;0.0;0.0;0.0;1.0;0.0;0.0;0.0;0.0;0.0;0.0;0.0;0.0;0.0;0.0;0.0;0.0;0.0;0.0;0.0;0.0;0.0;0.0;0.0;0.0;0.0;0.0
Tamboril;TAMBORIL;-4.8344166666667;-40.320583333333;2008;9;0.0;0.0;0.0;0.0;0.0;0.0;0.0;0.0;0.0;0.0;0.0;0.0;0.0;0.0;0.0;0.0;0.0;0.0;0.0;0.0;0.0;0.0;0.0;0.0;0.0;0.0;0.0;0.0;0.0;0.0;0.0;888.0
Tamboril;TAMBORIL;-4.8344166666667;-40.320583333333;2008;10;0.0;0.0;0.0;0.0;0.0;0.0;0.0;0.0;0.0;0.0;0.0;0.0;0.0;0.0;0.0;0.0;0.0;0.0;0.0;0.0;0.0;0.0;0.0;0.0;0.0;0.0;0.0;0.0;0.0;0.0;0.0;0.0
Tamboril;TAMBORIL;-4.8344166666667;-40.320583333333;2008;11;0.0;0.0;0.0;0.0;0.0;0.0;0.0;0.0;0.0;0.0;0.0;0.0;0.0;0.0;0.0;0.0;0.0;0.0;0.0;0.0;0.0;0.0;0.0;0.0;0.0;0.0;0.0;0.0;0.0;0.0;0.0;888.0
Tamboril;TAMBORIL;-4.8344166666667;-40.320583333333;2008;12;37.0;0.0;4.0;0.0;0.0;0.0;0.0;0.0;0.0;0.0;0.0;12.0;2.5;0.0;0.0;0.0;0.0;0.0;0.0;0.0;0.0;18.5;0.0;0.0;0.0;0.0;0.0;0.0;0.0;0.0;0.0;0.0
Tamboril;TAMBORIL;-4.8344166666667;-40.320583333333;2009;1;146.3;0.0;0.0;0.0;0.0;0.0;0.0;0.0;0.0;0.0;0.0;0.0;0.0;0.0;0.0;0.0;0.0;0.0;0.0;0.0;0.0;22.4;10.2;9.0;20.8;30.2;28.7;0.0;0.0;0.0;0.0;25.0
Tamboril;TAMBORIL;-4.8344166666667;-40.320583333333;2009;2;135.0;0.0;41.8;0.0;1.8;0.0;0.0;0.0;0.0;0.0;0.0;0.0;0.0;0.0;7.6;0.0;0.0;4.8;0.0;0.0;0.0;24.8;36.0;7.0;9.2;0.0;0.0;0.0;2.0;888.0;888.0;888.0
Tamboril;TAMBORIL;-4.8344166666667;-40.320583333333;2009;3;368.7;3.0;19.4;1.0;4.0;9.3;0.0;0.0;22.2;0.0;0.0;0.0;11.2;20.4;26.2;39.4;32.8;12.0;26.0;0.0;0.0;0.0;0.0;0.0;5.8;36.4;3.0;0.0;0.0;7.0;7.4;82.2
Tamboril;TAMBORIL;-4.8344166666667;-40.320583333333;2009;4;498.3;0.0;8.5;4.4;28.0;28.5;7.8;0.0;3.4;4.0;43.4;35.3;76.0;4.2;32.5;0.0;0.0;0.0;12.0;0.0;19.0;4.5;26.2;17.3;0.0;86.6;0.0;10.2;30.1;8.9;7.5;888.0
Tamboril;TAMBORIL;-4.8344166666667;-40.320583333333;2009;5;145.0;1.4;19.7;23.5;0.0;19.2;4.0;1.0;0.0;0.0;12.4;26.0;0.0;0.0;0.0;11.4;7.0;0.0;5.2;1.2;0.0;0.0;0.0;9.0;0.0;0.0;0.0;0.0;4.0;0.0;0.0;0.0
Tamboril;TAMBORIL;-4.8344166666667;-40.320583333333;2009;6;12.0;0.0;0.0;2.0;0.0;4.2;0.0;2.0;0.0;0.0;0.0;1.6;0.0;0.0;0.0;0.0;0.0;0.0;0.0;0.0;0.0;0.0;0.0;0.0;0.0;2.2;0.0;0.0;0.0;0.0;0.0;888.0
Tamboril;TAMBORIL;-4.8344166666667;-40.320583333333;2009;7;9.2;0.0;0.0;2.2;0.0;0.0;0.0;0.0;999.0;0.0;0.0;0.0;0.0;0.0;0.0;0.0;0.0;0.0;0.0;0.0;0.0;0.0;0.0;6.0;1.0;0.0;0.0;0.0;0.0;0.0;0.0;0.0
Tamboril;TAMBORIL;-4.8344166666667;-40.320583333333;2009;8;5.0;0.0;0.0;0.0;0.0;0.0;0.0;0.0;0.0;0.0;0.0;0.0;0.0;0.0;0.0;0.0;0.0;0.0;0.0;0.0;0.0;0.0;0.0;0.0;0.0;0.0;5.0;0.0;0.0;0.0;0.0;0.0
Tamboril;TAMBORIL;-4.8344166666667;-40.320583333333;2009;9;0.0;0.0;0.0;0.0;0.0;0.0;0.0;0.0;0.0;0.0;0.0;0.0;0.0;0.0;0.0;0.0;0.0;0.0;0.0;0.0;0.0;0.0;0.0;0.0;0.0;0.0;0.0;0.0;0.0;0.0;0.0;888.0
Tamboril;TAMBORIL;-4.8344166666667;-40.320583333333;2009;10;0.0;0.0;0.0;0.0;0.0;0.0;0.0;0.0;0.0;0.0;0.0;0.0;0.0;0.0;0.0;0.0;0.0;0.0;0.0;0.0;0.0;0.0;0.0;0.0;0.0;0.0;0.0;0.0;0.0;0.0;0.0;0.0
Tamboril;TAMBORIL;-4.8344166666667;-40.320583333333;2009;11;0.0;0.0;0.0;0.0;0.0;0.0;0.0;0.0;0.0;0.0;0.0;0.0;0.0;0.0;0.0;0.0;0.0;0.0;0.0;0.0;0.0;0.0;0.0;0.0;0.0;0.0;0.0;0.0;0.0;0.0;0.0;888.0
Tamboril;TAMBORIL;-4.8344166666667;-40.320583333333;2009;12;0.0;0.0;0.0;0.0;0.0;0.0;0.0;0.0;0.0;0.0;0.0;0.0;0.0;0.0;0.0;0.0;0.0;0.0;0.0;0.0;0.0;0.0;0.0;0.0;0.0;0.0;0.0;0.0;0.0;0.0;0.0;0.0
Tamboril;TAMBORIL;-4.8344166666667;-40.320583333333;2010;1;187.6;52.0;13.2;25.8;0.0;0.0;0.0;0.0;0.0;15.4;0.0;0.0;0.0;0.0;0.0;0.0;0.0;0.0;0.0;0.0;62.0;0.0;0.0;0.0;0.0;0.0;19.2;0.0;0.0;0.0;0.0;0.0
Tamboril;TAMBORIL;-4.8344166666667;-40.320583333333;2010;2;20.8;0.0;0.0;0.0;0.0;0.0;0.0;0.0;0.0;0.0;4.0;0.0;2.0;0.0;14.8;0.0;0.0;0.0;0.0;0.0;0.0;0.0;0.0;0.0;0.0;0.0;0.0;0.0;0.0;888.0;888.0;888.0
Tamboril;TAMBORIL;-4.8344166666667;-40.320583333333;2010;3;77.2;0.0;0.0;0.0;0.0;0.0;0.0;5.0;1.2;0.0;0.0;0.0;0.0;0.0;0.0;2.0;0.0;0.0;0.0;0.0;3.0;1.5;0.0;11.0;0.0;0.0;6.3;0.0;9.2;38.0;0.0;0.0
Tamboril;TAMBORIL;-4.8344166666667;-40.320583333333;2010;4;51.2;0.0;0.0;5.2;0.0;0.0;0.0;0.0;5.2;6.8;7.4;0.0;16.4;5.2;0.0;0.0;0.0;0.0;0.0;5.0;0.0;0.0;0.0;0.0;0.0;0.0;0.0;0.0;0.0;0.0;0.0;888.0
Tamboril;TAMBORIL;-4.8344166666667;-40.320583333333;2010;5;18.2;0.0;0.0;0.0;0.0;0.0;0.0;0.0;0.0;0.0;0.0;0.0;0.0;0.0;0.0;0.0;0.0;0.0;0.0;0.0;0.0;0.0;0.0;0.0;0.0;0.0;0.0;0.0;0.0;0.0;0.0;18.2
Tamboril;TAMBORIL;-4.8344166666667;-40.320583333333;2010;6;10.0;0.0;0.0;6.8;3.2;0.0;0.0;0.0;0.0;0.0;0.0;0.0;0.0;0.0;0.0;0.0;0.0;0.0;0.0;0.0;0.0;0.0;0.0;0.0;0.0;0.0;0.0;0.0;0.0;0.0;0.0;888.0
Tamboril;TAMBORIL;-4.8344166666667;-40.320583333333;2010;7;0.0;0.0;0.0;0.0;0.0;0.0;0.0;0.0;0.0;0.0;0.0;0.0;0.0;0.0;0.0;0.0;0.0;0.0;0.0;0.0;0.0;0.0;0.0;0.0;0.0;0.0;0.0;0.0;0.0;0.0;0.0;0.0
Tamboril;TAMBORIL;-4.8344166666667;-40.320583333333;2010;8;0.0;0.0;0.0;0.0;0.0;0.0;0.0;0.0;0.0;0.0;0.0;0.0;0.0;0.0;0.0;0.0;0.0;0.0;0.0;0.0;0.0;0.0;0.0;0.0;0.0;0.0;0.0;0.0;0.0;0.0;0.0;0.0
Tamboril;TAMBORIL;-4.8344166666667;-40.320583333333;2010;9;0.0;0.0;0.0;0.0;0.0;0.0;0.0;0.0;0.0;0.0;0.0;0.0;0.0;0.0;0.0;0.0;0.0;0.0;0.0;0.0;0.0;0.0;0.0;0.0;0.0;0.0;0.0;0.0;0.0;0.0;0.0;888.0
Tamboril;TAMBORIL;-4.8344166666667;-40.320583333333;2010;10;0.0;0.0;0.0;0.0;0.0;0.0;0.0;0.0;0.0;0.0;0.0;0.0;0.0;0.0;0.0;0.0;0.0;0.0;0.0;0.0;0.0;0.0;0.0;0.0;0.0;0.0;0.0;0.0;0.0;0.0;0.0;0.0
Tamboril;TAMBORIL;-4.8344166666667;-40.320583333333;2010;11;0.0;0.0;0.0;0.0;0.0;0.0;0.0;0.0;0.0;0.0;0.0;0.0;0.0;0.0;0.0;0.0;0.0;0.0;0.0;0.0;0.0;0.0;0.0;0.0;0.0;0.0;0.0;0.0;0.0;0.0;0.0;888.0
Tamboril;TAMBORIL;-4.8344166666667;-40.320583333333;2010;12;126.3;0.0;0.0;0.0;0.0;0.0;0.0;0.0;0.0;0.0;0.0;0.0;0.0;21.4;0.0;19.5;0.0;0.0;78.4;0.0;0.0;0.0;0.0;0.0;0.0;0.0;0.0;0.0;0.0;0.0;0.0;7.0
Tamboril;TAMBORIL;-4.8344166666667;-40.320583333333;2011;1;150.1;0.0;0.0;0.0;0.0;0.0;0.0;0.0;0.0;0.0;55.0;0.0;0.0;0.0;0.0;0.0;0.0;0.0;0.0;0.0;18.3;19.2;3.8;0.0;16.6;25.0;12.2;0.0;0.0;0.0;0.0;0.0
Tamboril;TAMBORIL;-4.8344166666667;-40.320583333333;2011;2;111.6;0.0;0.0;5.8;0.0;0.0;0.0;0.0;0.0;0.0;0.0;0.0;0.0;0.0;0.0;0.0;0.0;0.0;0.0;0.0;13.4;6.8;9.2;0.0;0.0;0.0;11.0;0.0;65.4;888.0;888.0;888.0
Tamboril;TAMBORIL;-4.8344166666667;-40.320583333333;2011;3;164.4;17.8;5.2;0.0;19.8;0.0;24.0;0.0;0.0;50.0;0.0;10.4;0.0;0.0;0.0;11.2;0.0;3.6;0.0;1.8;0.0;0.0;0.0;0.0;0.0;14.0;0.0;0.0;3.2;3.4;0.0;0.0
Tamboril;TAMBORIL;-4.8344166666667;-40.320583333333;2011;4;113.7;0.0;0.0;0.0;0.0;0.0;6.8;0.0;0.0;0.0;0.0;12.0;2.4;3.4;2.0;0.0;0.0;0.0;0.0;0.0;0.0;0.0;0.0;0.0;0.0;19.0;4.1;0.0;14.0;48.0;2.0;888.0
Tamboril;TAMBORIL;-4.8344166666667;-40.320583333333;2011;5;120.0;21.0;4.2;0.0;8.0;0.0;3.0;0.0;0.0;0.0;0.0;65.4;0.0;0.0;0.0;0.0;0.0;0.0;18.4;0.0;0.0;0.0;0.0;0.0;0.0;0.0;0.0;0.0;0.0;0.0;0.0;0.0
Tamboril;TAMBORIL;-4.8344166666667;-40.320583333333;2011;6;29.2;0.0;0.0;0.0;0.0;0.0;0.0;0.0;0.0;0.0;0.0;0.0;0.0;0.0;0.0;0.0;0.0;0.0;8.8;0.0;0.0;0.0;0.0;0.0;20.4;0.0;0.0;0.0;0.0;0.0;0.0;888.0
Tamboril;TAMBORIL;-4.8344166666667;-40.320583333333;2011;7;22.5;0.0;0.0;0.0;0.0;0.0;15.8;2.1;0.0;0.0;0.0;0.0;0.0;4.6;0.0;0.0;0.0;0.0;0.0;0.0;0.0;0.0;0.0;0.0;0.0;0.0;0.0;0.0;0.0;0.0;0.0;0.0
Tamboril;TAMBORIL;-4.8344166666667;-40.320583333333;2011;8;10.0;10.0;0.0;0.0;0.0;0.0;0.0;0.0;0.0;0.0;0.0;0.0;0.0;0.0;0.0;0.0;0.0;0.0;0.0;0.0;0.0;0.0;0.0;0.0;0.0;0.0;0.0;0.0;0.0;0.0;0.0;0.0
Tamboril;TAMBORIL;-4.8344166666667;-40.320583333333;2011;9;0.0;0.0;0.0;0.0;0.0;0.0;0.0;0.0;0.0;0.0;0.0;0.0;0.0;0.0;0.0;0.0;0.0;0.0;0.0;0.0;0.0;0.0;0.0;0.0;0.0;0.0;0.0;0.0;0.0;0.0;0.0;888.0
Tamboril;TAMBORIL;-4.8344166666667;-40.320583333333;2011;10;20.8;0.0;0.0;0.0;0.0;0.0;0.0;0.0;0.0;0.0;0.0;0.0;0.0;7.0;0.0;0.0;0.0;0.0;0.0;0.0;0.0;13.8;0.0;0.0;0.0;0.0;0.0;0.0;0.0;0.0;0.0;0.0
Tamboril;TAMBORIL;-4.8344166666667;-40.320583333333;2011;11;0.0;0.0;0.0;0.0;0.0;0.0;0.0;0.0;0.0;0.0;0.0;0.0;0.0;0.0;0.0;0.0;0.0;0.0;0.0;0.0;0.0;0.0;0.0;0.0;0.0;0.0;0.0;0.0;0.0;0.0;0.0;888.0
Tamboril;TAMBORIL;-4.8344166666667;-40.320583333333;2011;12;0.0;0.0;0.0;0.0;0.0;0.0;0.0;0.0;0.0;0.0;0.0;0.0;0.0;0.0;0.0;0.0;0.0;0.0;0.0;0.0;0.0;0.0;0.0;0.0;0.0;0.0;0.0;0.0;0.0;0.0;0.0;0.0
Tamboril;TAMBORIL;-4.8344166666667;-40.320583333333;2012;1;38.2;0.0;0.0;0.0;0.0;0.0;0.0;0.0;0.0;0.0;0.0;0.0;0.0;0.0;0.0;0.0;0.0;0.0;0.0;14.8;23.4;0.0;0.0;0.0;0.0;0.0;0.0;0.0;0.0;0.0;0.0;0.0
Tamboril;TAMBORIL;-4.8344166666667;-40.320583333333;2012;2;92.6;0.0;0.0;0.0;0.0;0.0;0.0;0.0;0.0;0.0;0.0;0.0;0.0;0.0;0.0;0.0;1.0;0.0;0.0;23.0;8.0;0.0;0.0;0.0;0.0;0.0;52.5;0.0;4.6;3.5;888.0;888.0
Tamboril;TAMBORIL;-4.8344166666667;-40.320583333333;2012;3;43.0;0.0;0.0;0.0;20.2;0.0;0.0;0.0;0.0;0.0;0.0;6.6;0.0;0.0;0.0;0.0;0.0;0.0;0.0;0.0;6.2;0.0;0.0;0.0;0.0;0.0;0.0;0.0;10.0;0.0;0.0;0.0
Tamboril;TAMBORIL;-4.8344166666667;-40.320583333333;2012;4;41.5;0.0;0.0;0.0;0.0;0.0;0.0;0.0;0.0;0.0;0.0;0.0;0.0;0.0;0.0;1.5;1.0;5.0;0.0;13.0;0.0;0.0;21.0;0.0;0.0;0.0;0.0;0.0;0.0;0.0;0.0;888.0
Tamboril;TAMBORIL;-4.8344166666667;-40.320583333333;2012;5;0.0;0.0;0.0;0.0;0.0;0.0;0.0;0.0;0.0;0.0;0.0;0.0;0.0;0.0;0.0;0.0;0.0;0.0;0.0;0.0;0.0;0.0;0.0;0.0;0.0;0.0;0.0;0.0;0.0;0.0;0.0;0.0
Tamboril;TAMBORIL;-4.8344166666667;-40.320583333333;2012;6;0.0;0.0;0.0;0.0;0.0;0.0;0.0;0.0;0.0;0.0;0.0;0.0;0.0;0.0;0.0;0.0;0.0;0.0;0.0;0.0;0.0;0.0;0.0;0.0;0.0;0.0;0.0;0.0;0.0;0.0;0.0;888.0
Tamboril;TAMBORIL;-4.8344166666667;-40.320583333333;2012;7;0.0;0.0;0.0;0.0;0.0;0.0;0.0;0.0;0.0;0.0;0.0;0.0;0.0;0.0;0.0;0.0;0.0;0.0;0.0;0.0;0.0;0.0;0.0;0.0;0.0;0.0;0.0;0.0;0.0;0.0;0.0;0.0
Tamboril;TAMBORIL;-4.8344166666667;-40.320583333333;2012;8;0.0;0.0;0.0;0.0;0.0;0.0;0.0;0.0;0.0;0.0;0.0;0.0;0.0;0.0;0.0;0.0;0.0;0.0;0.0;0.0;0.0;0.0;0.0;0.0;0.0;0.0;0.0;0.0;0.0;0.0;0.0;0.0
Tamboril;TAMBORIL;-4.8344166666667;-40.320583333333;2012;9;0.0;0.0;0.0;0.0;0.0;0.0;0.0;0.0;0.0;0.0;0.0;0.0;0.0;0.0;0.0;0.0;0.0;0.0;0.0;0.0;0.0;0.0;0.0;0.0;0.0;0.0;0.0;0.0;0.0;0.0;0.0;888.0
Tamboril;TAMBORIL;-4.8344166666667;-40.320583333333;2012;10;0.0;0.0;0.0;0.0;0.0;0.0;0.0;0.0;0.0;0.0;0.0;0.0;0.0;0.0;0.0;0.0;0.0;0.0;0.0;0.0;0.0;0.0;0.0;0.0;0.0;0.0;0.0;0.0;0.0;0.0;0.0;0.0
Tamboril;TAMBORIL;-4.8344166666667;-40.320583333333;2012;11;0.0;0.0;0.0;0.0;0.0;0.0;0.0;0.0;0.0;0.0;0.0;0.0;0.0;0.0;0.0;0.0;0.0;0.0;0.0;0.0;0.0;0.0;0.0;0.0;0.0;0.0;0.0;0.0;0.0;0.0;0.0;888.0
Tamboril;TAMBORIL;-4.8344166666667;-40.320583333333;2012;12;0.0;0.0;0.0;0.0;0.0;0.0;0.0;0.0;0.0;0.0;0.0;0.0;0.0;0.0;0.0;0.0;0.0;0.0;0.0;0.0;0.0;0.0;0.0;0.0;0.0;0.0;0.0;0.0;0.0;0.0;0.0;0.0
Tamboril;TAMBORIL;-4.8344166666667;-40.320583333333;2013;1;30.0;0.0;0.0;0.0;1.2;0.0;0.0;0.0;0.0;0.0;0.0;0.0;0.0;0.0;0.0;0.0;0.0;0.0;0.0;0.0;12.4;0.0;16.4;0.0;0.0;0.0;0.0;0.0;0.0;0.0;0.0;0.0
Tamboril;TAMBORIL;-4.8344166666667;-40.320583333333;2013;2;46.0;0.0;0.0;0.0;0.0;0.0;0.0;0.0;0.0;0.0;0.0;0.0;0.0;0.0;0.0;28.0;4.0;0.0;0.0;14.0;0.0;0.0;0.0;0.0;0.0;0.0;0.0;0.0;0.0;888.0;888.0;888.0
Tamboril;TAMBORIL;-4.8344166666667;-40.320583333333;2013;3;42.8;0.0;0.0;0.0;0.0;0.0;0.0;0.0;0.0;0.0;0.0;0.0;0.0;0.0;0.0;0.0;0.0;0.0;0.0;0.0;0.0;0.0;0.0;0.0;18.0;8.0;2.4;0.0;3.4;11.0;0.0;0.0
Tamboril;TAMBORIL;-4.8344166666667;-40.320583333333;2013;4;105.4;5.0;0.0;0.0;0.0;4.9;0.0;0.0;8.4;0.0;5.5;0.0;0.0;0.0;0.0;0.0;0.0;0.0;12.0;5.0;20.0;7.0;0.0;0.0;0.0;0.0;10.6;0.0;0.0;0.0;27.0;888.0
Tamboril;TAMBORIL;-4.8344166666667;-40.320583333333;2013;5;67.4;3.0;0.0;0.0;0.0;0.0;0.0;0.0;0.0;0.0;14.2;4.0;0.0;0.0;0.0;24.4;0.0;0.0;9.0;0.0;0.0;0.0;0.0;0.0;0.0;12.8;0.0;0.0;0.0;0.0;0.0;0.0
Tamboril;TAMBORIL;-4.8344166666667;-40.320583333333;2013;6;20.6;0.0;0.0;0.0;0.0;0.0;0.0;0.0;0.0;0.0;0.0;0.0;0.0;0.0;7.8;0.0;0.0;0.0;0.0;0.0;0.0;0.0;7.8;5.0;0.0;0.0;0.0;0.0;0.0;0.0;0.0;888.0
Tamboril;TAMBORIL;-4.8344166666667;-40.320583333333;2013;7;8.4;0.0;0.0;0.0;5.0;0.0;0.0;0.0;0.0;0.0;0.0;0.0;0.0;0.0;0.0;3.4;0.0;0.0;0.0;0.0;0.0;0.0;0.0;0.0;0.0;0.0;0.0;0.0;0.0;0.0;0.0;0.0
Tamboril;TAMBORIL;-4.8344166666667;-40.320583333333;2013;8;0.0;0.0;0.0;0.0;0.0;0.0;0.0;0.0;0.0;0.0;0.0;0.0;0.0;0.0;0.0;0.0;0.0;0.0;0.0;0.0;0.0;0.0;0.0;0.0;0.0;0.0;0.0;0.0;0.0;0.0;0.0;0.0
Tamboril;TAMBORIL;-4.8344166666667;-40.320583333333;2013;9;0.0;0.0;0.0;0.0;0.0;0.0;0.0;0.0;0.0;0.0;0.0;0.0;0.0;0.0;0.0;0.0;0.0;0.0;0.0;0.0;0.0;0.0;0.0;0.0;0.0;0.0;0.0;0.0;0.0;0.0;0.0;888.0
Tamboril;TAMBORIL;-4.8344166666667;-40.320583333333;2013;10;0.0;0.0;0.0;0.0;0.0;0.0;0.0;0.0;0.0;0.0;0.0;0.0;0.0;0.0;0.0;0.0;0.0;0.0;0.0;0.0;0.0;0.0;0.0;0.0;0.0;0.0;0.0;0.0;0.0;0.0;0.0;0.0
Tamboril;TAMBORIL;-4.8344166666667;-40.320583333333;2013;11;101.2;0.0;0.0;0.0;7.2;0.0;0.0;0.0;0.0;0.0;0.0;0.0;0.0;0.0;0.0;0.0;0.0;0.0;0.0;0.0;94.0;999.0;999.0;999.0;999.0;999.0;999.0;999.0;999.0;999.0;999.0;888.0
Tamboril;TAMBORIL;-4.8344166666667;-40.320583333333;2013;12;122.4;0.0;0.0;0.0;0.0;0.0;0.0;0.0;0.0;0.0;0.0;0.0;0.0;0.0;0.0;0.0;0.0;0.0;0.0;0.0;94.0;15.0;0.0;13.4;0.0;0.0;0.0;0.0;0.0;0.0;0.0;0.0
Tamboril;TAMBORIL;-4.8344166666667;-40.320583333333;2014;1;57.8;0.0;0.0;0.0;0.0;0.0;0.0;7.0;15.4;0.0;19.4;0.0;0.0;0.0;0.0;0.0;0.0;0.0;0.0;0.0;0.0;0.0;0.0;0.0;0.0;0.0;0.0;0.0;0.0;0.0;0.0;16.0
Tamboril;TAMBORIL;-4.8344166666667;-40.320583333333;2014;2;35.3;0.0;0.0;0.0;0.0;0.0;0.0;0.0;0.0;0.0;0.0;0.0;0.0;0.0;0.0;11.0;0.0;18.0;1.5;0.0;4.8;0.0;0.0;0.0;0.0;0.0;0.0;0.0;0.0;888.0;888.0;888.0
Tamboril;TAMBORIL;-4.8344166666667;-40.320583333333;2014;3;82.9;0.0;0.0;0.0;0.0;0.0;0.0;0.0;4.7;1.8;7.4;8.8;5.0;0.0;0.0;0.0;0.0;6.8;0.0;0.0;0.0;0.0;0.0;0.0;0.0;0.0;0.0;0.0;0.0;0.0;15.4;33.0
Tamboril;TAMBORIL;-4.8344166666667;-40.320583333333;2014;4;91.7;0.0;0.0;0.0;0.0;5.2;16.0;13.6;2.6;0.0;0.0;1.4;20.5;0.0;0.0;0.0;0.0;0.0;0.0;4.4;0.0;0.0;0.0;0.0;0.0;0.0;0.0;22.0;6.0;0.0;0.0;888.0
Tamboril;TAMBORIL;-4.8344166666667;-40.320583333333;2014;5;64.4;0.0;5.8;0.0;0.0;0.0;0.0;8.0;0.0;0.0;0.0;20.0;7.0;0.0;0.0;0.0;2.0;0.0;0.0;0.0;0.0;0.0;0.0;5.6;0.0;0.0;0.0;0.0;0.0;0.0;16.0;0.0
Tamboril;TAMBORIL;-4.8344166666667;-40.320583333333;2014;6;0.0;0.0;0.0;0.0;0.0;0.0;0.0;0.0;0.0;0.0;0.0;0.0;0.0;0.0;0.0;0.0;0.0;0.0;0.0;0.0;0.0;0.0;0.0;0.0;0.0;0.0;0.0;0.0;0.0;0.0;0.0;888.0
Tamboril;TAMBORIL;-4.8344166666667;-40.320583333333;2014;7;0.0;0.0;0.0;0.0;0.0;0.0;0.0;0.0;0.0;0.0;0.0;0.0;0.0;0.0;0.0;0.0;0.0;0.0;0.0;0.0;0.0;0.0;0.0;0.0;0.0;0.0;0.0;0.0;0.0;0.0;0.0;0.0
Tamboril;TAMBORIL;-4.8344166666667;-40.320583333333;2014;8;0.0;0.0;0.0;0.0;0.0;0.0;0.0;0.0;0.0;0.0;0.0;0.0;0.0;0.0;0.0;0.0;0.0;0.0;0.0;0.0;0.0;0.0;0.0;0.0;0.0;0.0;0.0;0.0;0.0;0.0;0.0;0.0
Tamboril;TAMBORIL;-4.8344166666667;-40.320583333333;2014;9;0.0;0.0;0.0;0.0;0.0;0.0;0.0;0.0;0.0;0.0;0.0;0.0;0.0;0.0;0.0;0.0;0.0;0.0;0.0;0.0;0.0;0.0;0.0;0.0;0.0;0.0;0.0;0.0;0.0;0.0;0.0;888.0
Tamboril;TAMBORIL;-4.8344166666667;-40.320583333333;2014;10;0.0;0.0;0.0;0.0;0.0;0.0;0.0;0.0;0.0;0.0;0.0;0.0;0.0;0.0;0.0;0.0;0.0;0.0;0.0;0.0;0.0;0.0;0.0;0.0;0.0;0.0;0.0;0.0;0.0;0.0;0.0;0.0
Tamboril;TAMBORIL;-4.8344166666667;-40.320583333333;2014;11;83.5;0.0;0.0;0.0;0.0;0.0;0.0;0.0;0.0;0.0;0.0;0.0;0.0;0.0;0.0;0.0;0.0;0.0;80.0;0.0;3.5;0.0;0.0;0.0;0.0;0.0;0.0;0.0;0.0;0.0;0.0;888.0
Tamboril;TAMBORIL;-4.8344166666667;-40.320583333333;2014;12;0.0;0.0;0.0;0.0;0.0;0.0;0.0;0.0;0.0;0.0;0.0;0.0;0.0;0.0;0.0;0.0;0.0;0.0;0.0;0.0;0.0;0.0;0.0;0.0;0.0;0.0;0.0;0.0;0.0;0.0;0.0;0.0
Tamboril;TAMBORIL;-4.8344166666667;-40.320583333333;2015;1;27.0;0.0;0.0;13.0;0.0;14.0;0.0;0.0;0.0;0.0;0.0;0.0;0.0;0.0;0.0;0.0;0.0;0.0;0.0;0.0;0.0;0.0;0.0;0.0;0.0;0.0;0.0;0.0;0.0;0.0;0.0;0.0
Tamboril;TAMBORIL;-4.8344166666667;-40.320583333333;2015;2;74.5;0.0;0.0;0.0;3.4;2.6;0.0;0.0;0.0;0.0;0.0;0.0;0.0;0.0;0.0;0.0;0.0;0.0;0.0;0.0;1.4;6.5;0.0;22.0;22.0;4.6;10.0;0.0;2.0;888.0;888.0;888.0
Tamboril;TAMBORIL;-4.8344166666667;-40.320583333333;2015;3;209.4;2.4;3.0;6.4;0.0;2.0;0.0;6.4;0.0;0.0;4.4;0.0;0.0;0.0;0.0;0.0;0.0;0.0;0.0;0.0;0.0;0.0;114.0;38.2;6.0;0.0;5.0;7.0;5.2;0.0;2.0;7.4
Tamboril;TAMBORIL;-4.8344166666667;-40.320583333333;2015;4;72.1;2.0;3.0;0.0;0.0;0.0;0.0;4.4;1.1;3.6;14.0;11.2;11.2;0.0;10.8;0.0;0.0;0.0;0.0;0.0;0.0;0.0;4.2;6.6;0.0;0.0;0.0;0.0;0.0;0.0;0.0;888.0
Tamboril;TAMBORIL;-4.8344166666667;-40.320583333333;2015;5;4.0;0.0;0.0;0.0;0.0;0.0;0.0;0.0;4.0;0.0;0.0;0.0;0.0;0.0;0.0;0.0;0.0;0.0;0.0;0.0;0.0;0.0;0.0;0.0;0.0;0.0;0.0;0.0;0.0;0.0;0.0;0.0
Tamboril;TAMBORIL;-4.8344166666667;-40.320583333333;2015;6;57.7;0.0;0.0;0.0;8.0;16.5;0.0;0.0;15.8;0.0;0.0;0.0;0.0;0.0;0.0;0.0;0.0;0.0;0.0;0.0;0.0;0.0;0.0;0.0;0.0;3.2;14.2;0.0;0.0;0.0;0.0;888.0
Tamboril;TAMBORIL;-4.8344166666667;-40.320583333333;2015;7;10.0;0.0;0.0;0.0;0.0;0.0;10.0;0.0;0.0;0.0;0.0;0.0;0.0;0.0;0.0;0.0;0.0;0.0;0.0;0.0;0.0;0.0;0.0;0.0;0.0;0.0;0.0;0.0;0.0;0.0;0.0;0.0
Tamboril;TAMBORIL;-4.8344166666667;-40.320583333333;2015;8;0.0;0.0;0.0;0.0;0.0;0.0;0.0;0.0;0.0;0.0;0.0;0.0;0.0;0.0;0.0;0.0;0.0;0.0;0.0;0.0;0.0;0.0;0.0;0.0;0.0;0.0;0.0;0.0;0.0;0.0;0.0;0.0
Tamboril;TAMBORIL;-4.8344166666667;-40.320583333333;2015;9;0.0;0.0;0.0;0.0;0.0;0.0;0.0;0.0;0.0;0.0;0.0;0.0;0.0;0.0;0.0;0.0;0.0;0.0;0.0;0.0;0.0;0.0;0.0;0.0;0.0;0.0;0.0;0.0;0.0;0.0;0.0;888.0
Tamboril;TAMBORIL;-4.8344166666667;-40.320583333333;2015;10;0.0;0.0;0.0;0.0;0.0;0.0;0.0;0.0;0.0;0.0;0.0;0.0;0.0;0.0;0.0;0.0;0.0;0.0;0.0;0.0;0.0;0.0;0.0;0.0;0.0;0.0;0.0;0.0;0.0;0.0;0.0;0.0
Tamboril;TAMBORIL;-4.8344166666667;-40.320583333333;2015;11;0.0;0.0;0.0;0.0;0.0;0.0;0.0;0.0;0.0;0.0;0.0;0.0;0.0;0.0;0.0;0.0;0.0;0.0;0.0;0.0;0.0;0.0;0.0;0.0;0.0;0.0;0.0;0.0;0.0;0.0;0.0;888.0
Tamboril;TAMBORIL;-4.8344166666667;-40.320583333333;2015;12;16.2;0.0;0.0;0.0;0.0;0.0;0.0;0.0;0.0;0.0;0.0;0.0;0.0;0.0;0.0;0.0;0.0;0.0;4.2;0.0;0.0;0.0;0.0;0.0;0.0;0.0;0.0;0.0;0.0;12.0;0.0;0.0
Tamboril;TAMBORIL;-4.8344166666667;-40.320583333333;2016;1;147.2;0.0;0.0;0.0;0.0;0.0;0.0;0.0;0.0;7.2;0.0;7.0;0.0;0.0;0.0;0.0;0.0;0.0;0.0;57.0;6.0;16.0;17.0;0.0;0.0;29.0;5.0;2.0;1.0;0.0;0.0;0.0
Tamboril;TAMBORIL;-4.8344166666667;-40.320583333333;2016;2;13.2;6.0;7.2;0.0;0.0;0.0;0.0;0.0;0.0;0.0;0.0;0.0;0.0;0.0;0.0;0.0;0.0;0.0;0.0;0.0;0.0;0.0;0.0;0.0;0.0;0.0;0.0;0.0;0.0;0.0;888.0;888.0
Tamboril;TAMBORIL;-4.8344166666667;-40.320583333333;2016;3;118.0;0.0;0.0;0.0;3.0;0.0;0.0;0.0;0.0;0.0;0.0;6.0;0.0;0.0;6.0;0.0;3.4;0.0;2.0;0.0;0.0;0.0;0.0;0.0;0.0;0.0;0.0;0.0;6.6;0.0;91.0;0.0
Tamboril;TAMBORIL;-4.8344166666667;-40.320583333333;2016;4;98.2;4.5;5.2;0.0;19.4;22.0;3.2;5.0;7.5;0.0;0.0;0.0;17.8;0.0;0.0;0.0;0.0;0.0;0.0;8.0;0.0;0.0;0.0;5.6;0.0;0.0;0.0;0.0;0.0;0.0;0.0;888.0
Tamboril;TAMBORIL;-4.8344166666667;-40.320583333333;2016;5;34.3;0.0;0.0;9.4;4.4;0.0;0.0;0.0;0.0;0.0;0.0;0.0;0.0;0.0;0.0;20.5;0.0;0.0;0.0;0.0;0.0;0.0;0.0;0.0;0.0;0.0;0.0;0.0;0.0;0.0;0.0;0.0
Tamboril;TAMBORIL;-4.8344166666667;-40.320583333333;2016;6;13.2;0.0;0.0;0.0;0.0;0.0;0.0;8.4;0.0;0.0;0.0;0.0;0.0;0.0;0.0;0.0;0.0;0.0;0.0;0.0;0.0;0.0;0.0;4.8;0.0;0.0;0.0;0.0;0.0;0.0;0.0;888.0
Tamboril;TAMBORIL;-4.8344166666667;-40.320583333333;2016;7;0.0;0.0;0.0;0.0;0.0;0.0;0.0;0.0;0.0;0.0;0.0;0.0;0.0;0.0;0.0;0.0;0.0;0.0;0.0;0.0;0.0;0.0;0.0;0.0;0.0;0.0;0.0;0.0;0.0;0.0;0.0;0.0
Tamboril;TAMBORIL;-4.8344166666667;-40.320583333333;2016;8;0.0;0.0;0.0;0.0;0.0;0.0;0.0;0.0;0.0;0.0;0.0;0.0;0.0;0.0;0.0;0.0;0.0;0.0;0.0;0.0;0.0;0.0;0.0;0.0;0.0;0.0;0.0;0.0;0.0;0.0;0.0;0.0
Tamboril;TAMBORIL;-4.8344166666667;-40.320583333333;2016;9;0.0;0.0;0.0;0.0;0.0;0.0;0.0;0.0;0.0;0.0;0.0;0.0;0.0;0.0;0.0;0.0;0.0;0.0;0.0;0.0;0.0;0.0;0.0;0.0;0.0;0.0;0.0;0.0;0.0;0.0;0.0;888.0
Tamboril;TAMBORIL;-4.8344166666667;-40.320583333333;2016;10;0.0;0.0;0.0;0.0;0.0;0.0;0.0;0.0;0.0;0.0;0.0;0.0;0.0;0.0;0.0;0.0;0.0;0.0;0.0;0.0;0.0;0.0;0.0;0.0;0.0;0.0;0.0;0.0;0.0;0.0;0.0;0.0
Tamboril;TAMBORIL;-4.8344166666667;-40.320583333333;2016;11;0.0;0.0;0.0;0.0;0.0;0.0;0.0;0.0;0.0;0.0;0.0;0.0;0.0;0.0;0.0;0.0;0.0;0.0;0.0;0.0;0.0;0.0;0.0;0.0;0.0;0.0;0.0;0.0;0.0;0.0;0.0;888.0
Tamboril;TAMBORIL;-4.8344166666667;-40.320583333333;2016;12;25.5;0.0;0.0;0.0;0.0;0.0;0.0;0.0;0.0;0.0;0.0;0.0;0.0;0.0;0.0;0.0;0.0;0.0;22.5;0.0;0.0;0.0;0.0;0.0;0.0;0.0;0.0;0.0;0.0;0.0;3.0;0.0
Tamboril;TAMBORIL;-4.8344166666667;-40.320583333333;2017;1;68.0;0.0;0.0;0.0;0.0;0.0;0.0;0.0;0.0;0.0;0.0;0.0;0.0;0.0;0.0;0.0;0.0;10.2;0.0;0.0;30.8;0.0;0.0;0.0;0.0;0.0;0.0;0.0;27.0;0.0;0.0;0.0
Tamboril;TAMBORIL;-4.8344166666667;-40.320583333333;2017;2;176.9;0.0;0.0;0.0;0.0;0.0;0.0;0.0;0.0;21.3;11.2;0.0;26.0;0.0;0.0;0.0;0.0;0.0;59.2;0.0;45.0;14.2;0.0;0.0;0.0;0.0;0.0;0.0;0.0;888.0;888.0;888.0
Tamboril;TAMBORIL;-4.8344166666667;-40.320583333333;2017;3;145.6;0.0;6.4;48.8;0.0;0.0;0.0;0.0;0.0;0.0;0.0;13.0;0.0;19.0;0.0;0.0;0.0;0.0;13.4;32.6;0.0;0.0;0.0;3.4;6.0;3.0;0.0;0.0;0.0;0.0;0.0;0.0
Tamboril;TAMBORIL;-4.8344166666667;-40.320583333333;2017;4;121.4;8.4;0.0;4.0;0.0;0.0;0.0;0.0;0.0;26.0;0.0;0.0;3.4;34.4;0.0;0.0;0.0;0.0;0.0;3.0;11.4;0.0;0.0;30.8;0.0;0.0;0.0;0.0;0.0;0.0;0.0;888.0
Tamboril;TAMBORIL;-4.8344166666667;-40.320583333333;2017;5;16.4;0.0;0.0;0.0;0.0;0.0;0.0;0.0;0.0;0.0;6.4;0.0;0.0;0.0;0.0;0.0;0.0;0.0;0.0;0.0;0.0;0.0;0.0;0.0;0.0;0.0;0.0;0.0;0.0;10.0;0.0;0.0
Tamboril;TAMBORIL;-4.8344166666667;-40.320583333333;2017;6;0.0;0.0;0.0;0.0;0.0;0.0;0.0;0.0;0.0;0.0;0.0;0.0;0.0;0.0;0.0;0.0;0.0;0.0;0.0;0.0;0.0;0.0;0.0;0.0;0.0;0.0;0.0;0.0;0.0;0.0;0.0;888.0
Tamboril;TAMBORIL;-4.8344166666667;-40.320583333333;2017;7;0.0;0.0;0.0;0.0;0.0;0.0;0.0;0.0;0.0;0.0;0.0;0.0;0.0;0.0;0.0;0.0;0.0;0.0;0.0;0.0;0.0;0.0;0.0;0.0;0.0;0.0;0.0;0.0;0.0;0.0;0.0;0.0
Tamboril;TAMBORIL;-4.8344166666667;-40.320583333333;2017;8;0.0;0.0;0.0;0.0;0.0;0.0;0.0;0.0;0.0;0.0;0.0;0.0;0.0;0.0;0.0;0.0;0.0;0.0;0.0;0.0;0.0;0.0;0.0;0.0;0.0;0.0;0.0;0.0;0.0;0.0;0.0;0.0
Tamboril;TAMBORIL;-4.8344166666667;-40.320583333333;2017;9;0.0;0.0;0.0;0.0;0.0;0.0;0.0;0.0;0.0;0.0;0.0;0.0;0.0;0.0;0.0;0.0;0.0;0.0;0.0;0.0;0.0;0.0;0.0;0.0;0.0;0.0;0.0;0.0;0.0;0.0;0.0;888.0
Tamboril;TAMBORIL;-4.8344166666667;-40.320583333333;2017;10;0.0;0.0;0.0;0.0;0.0;0.0;0.0;0.0;0.0;0.0;0.0;0.0;0.0;0.0;0.0;0.0;0.0;0.0;0.0;0.0;0.0;0.0;0.0;0.0;0.0;0.0;0.0;0.0;0.0;0.0;0.0;0.0
Tamboril;TAMBORIL;-4.8344166666667;-40.320583333333;2017;11;0.0;0.0;0.0;0.0;0.0;0.0;0.0;0.0;0.0;0.0;0.0;0.0;0.0;0.0;0.0;0.0;0.0;0.0;0.0;0.0;0.0;0.0;0.0;0.0;0.0;0.0;0.0;0.0;0.0;0.0;0.0;888.0
Tamboril;TAMBORIL;-4.8344166666667;-40.320583333333;2017;12;35.0;0.0;0.0;0.0;0.0;0.0;0.0;0.0;0.0;0.0;0.0;0.0;0.0;0.0;0.0;0.0;0.0;0.0;0.0;0.0;0.0;0.0;0.0;0.0;35.0;0.0;0.0;0.0;0.0;0.0;0.0;0.0
Tamboril;TAMBORIL;-4.8344166666667;-40.320583333333;2018;1;67.4;0.0;0.0;0.0;11.0;0.0;0.0;0.0;0.0;0.0;0.0;0.0;0.0;0.0;0.0;0.0;0.0;0.0;0.0;0.0;18.0;18.0;0.0;0.0;0.0;0.0;0.0;0.0;20.4;0.0;0.0;0.0
Tamboril;TAMBORIL;-4.8344166666667;-40.320583333333;2018;2;162.3;0.0;0.0;0.0;0.0;0.0;0.0;2.0;14.1;10.0;0.0;0.0;0.0;0.0;0.0;43.0;2.0;7.0;0.0;0.0;0.0;0.0;44.8;0.0;0.0;6.6;27.0;5.8;0.0;888.0;888.0;888.0
Tamboril;TAMBORIL;-4.8344166666667;-40.320583333333;2018;3;126.9;4.2;20.0;0.0;0.0;11.6;2.1;0.0;0.0;0.0;0.0;4.0;23.0;0.0;8.6;0.0;0.0;0.0;0.0;0.0;6.0;0.0;0.0;2.2;0.0;0.0;0.0;0.0;0.0;0.0;38.0;7.2
Tamboril;TAMBORIL;-4.8344166666667;-40.320583333333;2018;4;133.0;0.0;2.0;0.0;0.0;0.0;0.0;12.4;45.6;8.6;23.2;9.0;16.5;5.0;0.0;0.0;0.0;8.2;0.0;0.0;0.0;0.0;0.0;0.0;0.0;0.0;0.0;0.0;0.0;0.0;2.5;888.0
Tamboril;TAMBORIL;-4.8344166666667;-40.320583333333;2018;5;12.8;1.4;0.0;1.2;0.0;0.0;0.0;0.0;0.0;0.0;0.0;0.0;0.0;0.0;0.0;0.0;0.0;0.0;0.0;10.2;0.0;0.0;0.0;0.0;0.0;0.0;0.0;0.0;0.0;0.0;0.0;0.0
Tamboril;TAMBORIL;-4.8344166666667;-40.320583333333;2018;6;3.2;0.0;0.0;0.0;0.0;3.2;0.0;0.0;0.0;0.0;0.0;0.0;0.0;0.0;0.0;0.0;0.0;0.0;0.0;0.0;0.0;0.0;0.0;0.0;0.0;0.0;0.0;0.0;0.0;0.0;0.0;888.0
Tamboril;TAMBORIL;-4.8344166666667;-40.320583333333;2018;7;0.0;0.0;0.0;0.0;0.0;0.0;0.0;0.0;0.0;0.0;0.0;0.0;0.0;0.0;0.0;0.0;0.0;0.0;0.0;0.0;0.0;0.0;0.0;0.0;0.0;0.0;0.0;0.0;0.0;0.0;0.0;0.0
Tamboril;TAMBORIL;-4.8344166666667;-40.320583333333;2018;8;0.0;0.0;0.0;0.0;0.0;0.0;0.0;0.0;0.0;0.0;0.0;0.0;0.0;0.0;0.0;0.0;0.0;0.0;0.0;0.0;0.0;0.0;0.0;0.0;0.0;0.0;0.0;0.0;0.0;0.0;0.0;0.0
Tamboril;TAMBORIL;-4.8344166666667;-40.320583333333;2018;9;0.0;0.0;0.0;0.0;0.0;0.0;0.0;0.0;0.0;0.0;0.0;0.0;0.0;0.0;0.0;0.0;0.0;0.0;0.0;0.0;0.0;0.0;0.0;0.0;0.0;0.0;0.0;0.0;0.0;0.0;0.0;888.0
Tamboril;TAMBORIL;-4.8344166666667;-40.320583333333;2018;10;0.0;0.0;0.0;0.0;999.0;999.0;999.0;999.0;999.0;999.0;999.0;999.0;999.0;999.0;999.0;999.0;999.0;999.0;999.0;999.0;999.0;999.0;999.0;999.0;999.0;999.0;999.0;999.0;999.0;999.0;999.0;999.0
