Municipios;Postos;Latitude;Longitude;Anos;Meses;Total;Dia1;Dia2;Dia3;Dia4;Dia5;Dia6;Dia7;Dia8;Dia9;Dia10;Dia11;Dia12;Dia13;Dia14;Dia15;Dia16;Dia17;Dia18;Dia19;Dia20;Dia21;Dia22;Dia23;Dia24;Dia25;Dia26;Dia27;Dia28;Dia29;Dia30;Dia31
Cascavel;CRISTAIS;-4.4976388888889;-38.3605;1988;2;0.0;0.0;0.0;0.0;0.0;0.0;0.0;0.0;0.0;0.0;0.0;0.0;0.0;0.0;999.0;999.0;0.0;999.0;0.0;0.0;0.0;0.0;0.0;0.0;0.0;999.0;999.0;0.0;0.0;999.0;888.0;888.0
Cascavel;CRISTAIS;-4.4976388888889;-38.3605;1988;3;2.0;999.0;0.0;0.0;0.0;0.0;999.0;999.0;999.0;0.0;999.0;999.0;999.0;999.0;0.0;0.0;0.0;2.0;0.0;0.0;0.0;999.0;0.0;999.0;999.0;999.0;0.0;999.0;0.0;0.0;999.0;0.0
Cascavel;CRISTAIS;-4.4976388888889;-38.3605;1988;4;20.0;0.0;0.0;0.0;0.0;0.0;0.0;0.0;999.0;0.0;999.0;999.0;0.0;0.0;999.0;999.0;0.0;0.0;999.0;999.0;0.0;999.0;14.0;999.0;999.0;0.0;0.0;6.0;999.0;999.0;999.0;888.0
Cascavel;CRISTAIS;-4.4976388888889;-38.3605;1988;5;0.0;0.0;999.0;0.0;0.0;999.0;0.0;999.0;0.0;0.0;0.0;0.0;0.0;0.0;0.0;0.0;999.0;0.0;0.0;0.0;0.0;0.0;0.0;999.0;0.0;0.0;0.0;0.0;0.0;0.0;0.0;0.0
Cascavel;CRISTAIS;-4.4976388888889;-38.3605;1988;6;0.0;0.0;0.0;0.0;0.0;0.0;0.0;0.0;0.0;0.0;999.0;999.0;999.0;999.0;999.0;999.0;999.0;999.0;999.0;999.0;999.0;999.0;999.0;999.0;999.0;999.0;999.0;999.0;999.0;999.0;999.0;888.0
Cascavel;CRISTAIS;-4.4976388888889;-38.3605;1988;10;0.0;999.0;999.0;999.0;999.0;999.0;999.0;999.0;999.0;999.0;999.0;999.0;999.0;999.0;999.0;999.0;999.0;999.0;999.0;999.0;999.0;999.0;999.0;999.0;999.0;999.0;999.0;999.0;999.0;999.0;999.0;0.0
Cascavel;CRISTAIS;-4.4976388888889;-38.3605;1997;1;25.2;0.0;0.0;0.0;0.0;0.0;0.0;0.0;0.0;0.0;0.0;0.0;0.0;0.0;0.0;0.0;0.0;0.0;0.0;0.0;0.3;2.6;0.0;0.0;2.2;20.1;0.0;0.0;0.0;0.0;0.0;0.0
Cascavel;CRISTAIS;-4.4976388888889;-38.3605;1997;2;28.6;0.0;0.0;0.0;0.0;0.0;0.0;0.0;0.0;0.0;0.0;0.0;0.0;0.0;3.9;7.4;0.0;0.0;0.0;3.8;13.5;0.0;0.0;0.0;0.0;0.0;0.0;0.0;0.0;888.0;888.0;888.0
Cascavel;CRISTAIS;-4.4976388888889;-38.3605;1997;3;279.9;1.0;0.0;1.2;2.6;0.0;0.0;0.0;0.0;0.0;0.0;0.0;0.0;0.0;0.0;0.0;0.0;0.0;0.0;0.0;0.0;0.0;0.0;52.0;0.4;74.5;56.1;2.4;40.1;49.6;0.0;0.0
Cascavel;CRISTAIS;-4.4976388888889;-38.3605;1997;4;282.6;22.8;46.8;17.0;1.5;13.9;1.5;0.5;6.0;0.0;0.0;8.7;0.0;22.2;24.2;0.0;0.0;0.0;0.0;4.1;0.0;0.0;0.0;0.0;0.0;28.7;40.0;9.4;1.3;11.6;22.4;888.0
Cascavel;CRISTAIS;-4.4976388888889;-38.3605;1997;6;0.0;0.0;0.0;0.0;0.0;0.0;0.0;0.0;0.0;0.0;0.0;0.0;0.0;0.0;0.0;0.0;0.0;0.0;0.0;0.0;0.0;0.0;0.0;0.0;0.0;0.0;0.0;0.0;0.0;0.0;0.0;888.0
Cascavel;CRISTAIS;-4.4976388888889;-38.3605;1997;7;1.5;0.0;0.0;0.0;1.4;0.0;0.0;0.0;0.0;0.0;0.0;0.0;0.1;0.0;0.0;0.0;0.0;0.0;0.0;0.0;0.0;0.0;0.0;0.0;0.0;0.0;0.0;0.0;0.0;0.0;0.0;0.0
Cascavel;CRISTAIS;-4.4976388888889;-38.3605;1997;8;0.0;0.0;0.0;0.0;0.0;0.0;0.0;0.0;0.0;0.0;0.0;0.0;0.0;0.0;0.0;0.0;0.0;0.0;0.0;0.0;0.0;0.0;0.0;0.0;0.0;0.0;0.0;0.0;0.0;0.0;0.0;0.0
Cascavel;CRISTAIS;-4.4976388888889;-38.3605;1997;9;0.0;0.0;0.0;0.0;0.0;0.0;0.0;0.0;0.0;0.0;0.0;0.0;0.0;0.0;0.0;0.0;0.0;0.0;0.0;0.0;0.0;0.0;0.0;0.0;0.0;0.0;0.0;0.0;0.0;0.0;0.0;888.0
Cascavel;CRISTAIS;-4.4976388888889;-38.3605;1997;10;0.0;0.0;0.0;0.0;0.0;0.0;0.0;0.0;0.0;0.0;0.0;0.0;0.0;0.0;0.0;0.0;0.0;0.0;0.0;0.0;0.0;0.0;0.0;0.0;0.0;0.0;0.0;0.0;0.0;0.0;0.0;0.0
Cascavel;CRISTAIS;-4.4976388888889;-38.3605;1997;11;2.5;0.0;0.0;0.0;0.0;0.0;0.0;0.0;0.0;0.0;0.0;0.0;0.0;0.0;0.0;0.0;0.0;0.0;0.0;1.2;1.3;0.0;0.0;0.0;0.0;0.0;0.0;0.0;0.0;0.0;0.0;888.0
Cascavel;CRISTAIS;-4.4976388888889;-38.3605;1997;12;12.9;0.0;0.0;0.0;0.0;0.0;0.0;0.0;0.0;0.0;0.0;0.0;0.0;0.0;4.2;0.0;0.0;0.0;0.0;0.0;0.0;0.0;0.0;0.0;1.6;0.0;0.0;0.0;0.0;7.1;0.0;0.0
Cascavel;CRISTAIS;-4.4976388888889;-38.3605;1998;1;185.1;23.4;16.6;4.0;0.0;0.0;0.0;0.0;0.0;0.0;7.5;0.0;0.0;0.0;3.5;17.8;0.0;0.0;0.0;0.0;14.7;29.4;13.8;0.0;0.0;0.0;0.0;2.3;43.7;2.5;5.9;0.0
Cascavel;CRISTAIS;-4.4976388888889;-38.3605;1998;2;34.5;0.0;11.2;0.0;0.0;0.0;0.0;0.0;0.0;0.0;0.0;0.0;0.0;0.0;0.0;0.0;0.0;4.7;0.0;18.6;0.0;0.0;0.0;0.0;0.0;0.0;0.0;0.0;0.0;888.0;888.0;888.0
Cascavel;CRISTAIS;-4.4976388888889;-38.3605;1998;3;89.7;0.0;0.0;0.0;0.0;0.0;0.0;0.0;0.0;0.0;3.6;0.0;0.0;0.0;0.0;0.0;0.0;0.0;0.0;3.7;0.0;4.2;11.1;14.5;3.0;21.4;14.0;0.0;0.5;13.7;0.0;0.0
Cascavel;CRISTAIS;-4.4976388888889;-38.3605;1998;4;71.6;0.0;13.0;3.3;0.0;0.0;0.0;0.0;0.0;0.0;0.0;0.0;5.8;0.0;36.5;0.0;0.0;0.0;0.0;0.0;0.0;0.0;0.0;0.0;0.0;0.0;1.3;11.1;0.0;0.6;0.0;888.0
Cascavel;CRISTAIS;-4.4976388888889;-38.3605;1998;5;21.7;0.0;0.0;0.0;0.0;0.0;0.0;0.0;0.0;0.0;1.3;16.6;0.0;0.0;0.0;0.0;0.0;0.0;0.0;0.0;0.0;0.0;0.0;0.0;3.8;0.0;0.0;0.0;0.0;0.0;0.0;0.0
Cascavel;CRISTAIS;-4.4976388888889;-38.3605;1998;6;1.7;0.0;0.0;0.0;0.0;0.0;0.0;0.0;0.0;0.0;0.0;0.0;0.0;0.0;0.0;0.0;0.0;0.0;0.0;0.0;0.0;0.0;0.0;0.0;0.0;0.0;0.0;1.7;0.0;0.0;0.0;888.0
Cascavel;CRISTAIS;-4.4976388888889;-38.3605;1998;7;22.7;0.0;0.0;0.0;0.0;0.0;2.3;0.0;0.0;0.0;0.0;0.0;0.0;0.0;0.0;8.6;4.8;0.0;0.0;0.0;7.0;0.0;0.0;0.0;0.0;0.0;0.0;0.0;0.0;0.0;0.0;0.0
Cascavel;CRISTAIS;-4.4976388888889;-38.3605;1998;8;13.5;0.0;0.0;0.0;0.0;0.0;0.0;0.0;0.0;0.0;0.0;0.0;0.0;0.0;0.0;8.6;4.8;0.0;0.0;0.0;0.0;0.0;0.0;0.0;0.0;0.0;0.1;0.0;0.0;0.0;0.0;0.0
Cascavel;CRISTAIS;-4.4976388888889;-38.3605;1998;9;0.0;0.0;0.0;0.0;0.0;0.0;0.0;0.0;0.0;0.0;0.0;0.0;0.0;0.0;0.0;0.0;0.0;0.0;0.0;0.0;0.0;0.0;0.0;0.0;0.0;0.0;0.0;0.0;0.0;0.0;0.0;888.0
Cascavel;CRISTAIS;-4.4976388888889;-38.3605;1998;10;0.0;0.0;0.0;0.0;0.0;0.0;0.0;0.0;0.0;0.0;0.0;0.0;0.0;0.0;0.0;0.0;0.0;0.0;0.0;0.0;0.0;0.0;0.0;0.0;0.0;0.0;0.0;0.0;0.0;0.0;0.0;0.0
Cascavel;CRISTAIS;-4.4976388888889;-38.3605;1998;11;0.1;0.0;0.0;0.0;0.0;0.0;0.0;0.0;0.0;0.0;0.0;0.0;0.0;0.0;0.0;0.0;0.0;0.0;0.0;0.0;0.0;0.0;0.0;0.0;0.0;0.0;0.0;0.0;0.0;0.1;0.0;888.0
Cascavel;CRISTAIS;-4.4976388888889;-38.3605;1998;12;5.5;0.0;0.0;0.0;0.0;0.0;0.1;0.0;0.0;0.0;0.0;0.0;0.0;0.0;0.0;0.0;0.0;0.0;0.0;0.0;0.0;2.0;0.0;0.0;0.0;0.0;0.0;0.0;0.0;3.2;0.2;0.0
Cascavel;CRISTAIS;-4.4976388888889;-38.3605;1999;1;68.0;0.0;0.0;0.0;0.0;0.0;0.0;0.0;0.0;52.6;0.0;0.0;0.0;4.4;0.0;0.0;0.0;0.0;0.0;0.0;0.0;1.1;2.0;0.3;0.0;0.0;0.5;0.0;0.0;0.0;6.6;0.5
Cascavel;CRISTAIS;-4.4976388888889;-38.3605;1999;2;23.2;0.0;0.0;0.0;0.0;0.0;0.0;0.0;0.0;0.0;0.0;0.0;1.5;0.0;0.0;0.0;0.0;0.0;0.0;0.0;4.6;0.0;1.7;1.8;2.5;0.0;6.3;0.0;4.8;888.0;888.0;888.0
Cascavel;CRISTAIS;-4.4976388888889;-38.3605;1999;3;190.1;0.0;19.6;0.0;0.2;7.7;0.0;0.0;0.0;0.0;8.1;0.0;8.2;26.1;2.1;10.4;0.0;1.7;7.3;41.6;15.6;3.0;11.6;4.1;4.8;8.2;4.8;0.0;2.8;0.0;2.2;0.0
Cascavel;CRISTAIS;-4.4976388888889;-38.3605;1999;4;84.1;0.0;0.0;0.0;0.0;3.1;10.9;2.7;0.0;0.0;0.0;0.0;0.0;13.5;1.5;2.7;0.0;0.0;0.0;0.0;0.0;0.0;0.0;0.0;6.5;0.0;0.1;0.0;2.7;2.6;37.8;888.0
Cascavel;CRISTAIS;-4.4976388888889;-38.3605;1999;5;149.4;7.7;13.8;0.0;0.0;2.5;3.2;3.4;0.0;0.0;3.0;4.8;7.7;0.0;0.0;36.0;27.8;0.0;11.5;0.0;0.0;0.0;5.6;0.0;15.4;0.0;0.0;0.0;7.0;0.0;0.0;0.0
Cascavel;CRISTAIS;-4.4976388888889;-38.3605;1999;6;41.4;0.0;0.0;0.0;0.0;10.3;0.0;0.0;0.0;0.0;0.0;3.6;0.0;0.0;0.0;0.0;0.0;0.0;0.0;0.0;0.0;0.0;0.0;0.0;0.0;0.0;25.0;0.0;0.0;2.5;0.0;888.0
Cascavel;CRISTAIS;-4.4976388888889;-38.3605;1999;7;0.0;0.0;0.0;0.0;0.0;0.0;0.0;0.0;0.0;0.0;0.0;0.0;0.0;0.0;0.0;0.0;0.0;0.0;0.0;0.0;0.0;0.0;0.0;0.0;0.0;0.0;0.0;0.0;0.0;0.0;0.0;0.0
Cascavel;CRISTAIS;-4.4976388888889;-38.3605;1999;8;0.0;0.0;0.0;0.0;0.0;0.0;0.0;0.0;0.0;0.0;0.0;0.0;0.0;0.0;0.0;0.0;0.0;0.0;0.0;0.0;0.0;0.0;0.0;0.0;0.0;0.0;0.0;0.0;0.0;0.0;0.0;0.0
Cascavel;CRISTAIS;-4.4976388888889;-38.3605;1999;9;0.0;0.0;0.0;0.0;0.0;0.0;0.0;0.0;0.0;0.0;0.0;0.0;0.0;0.0;0.0;0.0;0.0;0.0;0.0;0.0;0.0;0.0;0.0;0.0;0.0;0.0;0.0;0.0;0.0;0.0;0.0;888.0
Cascavel;CRISTAIS;-4.4976388888889;-38.3605;1999;10;0.4;0.0;0.0;0.0;0.0;0.0;0.0;0.0;0.0;0.0;0.1;0.1;0.0;0.0;0.0;0.0;0.0;0.0;0.0;0.1;0.1;0.0;0.0;0.0;0.0;0.0;0.0;0.0;0.0;0.0;0.0;0.0
Cascavel;CRISTAIS;-4.4976388888889;-38.3605;1999;11;37.5;0.0;0.0;0.0;0.0;0.0;0.0;0.0;0.0;0.0;0.0;0.0;21.8;3.0;0.0;0.0;0.0;0.0;0.0;0.1;0.0;0.0;0.0;0.0;0.0;0.0;3.1;9.5;0.0;0.0;0.0;888.0
Cascavel;CRISTAIS;-4.4976388888889;-38.3605;1999;12;27.2;0.0;0.0;0.0;0.9;0.0;0.0;0.0;0.0;7.8;0.0;0.0;0.0;0.0;0.0;0.0;0.0;0.0;0.0;0.0;0.0;0.0;1.8;0.0;16.7;0.0;0.0;0.0;0.0;0.0;0.0;0.0
Cascavel;CRISTAIS;-4.4976388888889;-38.3605;2000;1;93.7;0.0;0.0;0.0;5.2;5.8;3.3;18.4;0.0;0.0;7.8;0.0;0.9;0.0;4.3;0.0;0.0;17.6;7.6;1.0;0.0;0.0;0.0;15.5;0.0;0.0;0.0;2.3;0.0;0.0;4.0;0.0
Cascavel;CRISTAIS;-4.4976388888889;-38.3605;2000;2;120.8;0.0;0.0;0.0;0.0;0.0;0.0;0.0;0.0;0.0;0.0;0.0;4.2;0.0;0.0;1.5;10.0;0.0;21.6;7.2;0.0;20.0;0.0;17.2;10.8;25.2;0.0;2.5;0.0;0.6;888.0;888.0
Cascavel;CRISTAIS;-4.4976388888889;-38.3605;2000;3;154.7;0.0;12.8;0.0;0.0;0.0;0.0;0.0;0.0;30.7;0.0;24.4;0.8;0.0;4.3;7.2;5.7;0.0;0.0;2.2;0.0;0.0;0.0;0.0;0.0;0.0;3.0;1.6;3.0;55.0;4.0;0.0
Cascavel;CRISTAIS;-4.4976388888889;-38.3605;2000;4;212.9;0.0;14.3;0.9;0.0;1.2;0.5;0.0;21.9;5.7;5.0;0.0;9.5;0.0;24.6;0.0;8.5;28.4;0.0;14.8;2.6;0.0;9.2;0.0;4.1;24.8;12.4;17.6;0.0;3.1;3.8;888.0
Cascavel;CRISTAIS;-4.4976388888889;-38.3605;2000;5;129.3;33.4;0.0;0.2;0.0;0.0;21.9;0.0;0.6;0.0;0.0;0.0;0.0;0.0;34.8;7.4;0.0;0.0;27.7;0.0;0.0;0.0;0.0;0.0;0.0;0.0;0.0;0.0;0.0;0.0;3.3;0.0
Cascavel;CRISTAIS;-4.4976388888889;-38.3605;2000;6;41.6;2.7;0.0;0.0;0.0;0.0;0.0;0.0;0.0;0.0;2.0;0.0;2.1;0.0;0.0;1.3;27.0;0.0;0.0;0.0;0.0;2.9;0.0;0.0;0.0;0.0;0.0;2.4;1.2;0.0;0.0;888.0
Cascavel;CRISTAIS;-4.4976388888889;-38.3605;2000;7;49.9;0.0;0.0;0.0;0.0;0.0;0.0;0.0;0.0;0.0;0.0;7.4;7.7;19.3;0.0;0.0;0.0;0.0;0.0;0.0;0.0;5.6;2.6;0.0;0.0;0.0;0.0;0.0;7.3;0.0;0.0;0.0
Cascavel;CRISTAIS;-4.4976388888889;-38.3605;2000;8;80.7;0.2;36.6;0.0;0.0;0.0;0.0;18.7;8.8;0.4;7.5;0.0;0.0;0.0;0.0;3.8;0.0;0.0;0.0;0.0;0.0;0.0;0.0;0.0;0.0;4.7;0.0;0.0;0.0;0.0;0.0;0.0
Cascavel;CRISTAIS;-4.4976388888889;-38.3605;2000;9;23.1;0.0;0.0;0.0;0.0;0.0;0.0;0.0;0.0;0.3;0.0;0.0;0.0;14.8;0.0;8.0;0.0;0.0;0.0;0.0;0.0;0.0;0.0;0.0;0.0;0.0;0.0;0.0;0.0;0.0;0.0;888.0
Cascavel;CRISTAIS;-4.4976388888889;-38.3605;2000;10;0.0;0.0;0.0;0.0;0.0;0.0;0.0;0.0;0.0;0.0;0.0;0.0;0.0;0.0;0.0;0.0;0.0;0.0;0.0;0.0;0.0;0.0;0.0;0.0;0.0;0.0;0.0;0.0;0.0;0.0;0.0;0.0
Cascavel;CRISTAIS;-4.4976388888889;-38.3605;2000;11;0.0;0.0;0.0;0.0;0.0;0.0;0.0;0.0;0.0;0.0;0.0;0.0;0.0;0.0;0.0;0.0;0.0;0.0;0.0;0.0;0.0;0.0;0.0;0.0;0.0;0.0;0.0;0.0;0.0;0.0;0.0;888.0
Cascavel;CRISTAIS;-4.4976388888889;-38.3605;2000;12;7.4;0.0;0.0;0.0;0.0;0.0;0.0;0.0;0.0;0.0;0.0;0.0;0.0;0.0;0.0;5.0;2.4;0.0;0.0;0.0;0.0;0.0;0.0;0.0;0.0;0.0;0.0;0.0;0.0;0.0;0.0;0.0
Cascavel;CRISTAIS;-4.4976388888889;-38.3605;2001;1;99.9;0.0;0.0;0.0;0.0;0.0;0.0;6.3;0.0;3.6;0.0;0.0;0.0;2.2;77.3;0.0;0.0;0.0;0.0;0.0;0.0;0.0;0.0;0.0;0.0;0.0;0.0;0.0;0.0;0.0;0.0;10.5
Cascavel;CRISTAIS;-4.4976388888889;-38.3605;2001;2;23.0;0.0;0.0;0.0;0.8;0.0;0.0;0.0;0.0;4.9;0.0;0.0;1.8;8.4;3.9;0.0;0.0;0.0;0.0;0.0;3.2;0.0;0.0;0.0;0.0;0.0;0.0;0.0;0.0;888.0;888.0;888.0
Cascavel;CRISTAIS;-4.4976388888889;-38.3605;2001;3;140.7;0.3;0.0;0.0;0.0;0.0;0.0;0.0;0.0;1.7;0.0;13.4;7.3;21.3;5.9;7.0;17.3;0.0;0.0;0.0;0.0;4.5;3.2;6.4;0.0;6.2;0.0;0.0;0.0;42.8;3.4;0.0
Cascavel;CRISTAIS;-4.4976388888889;-38.3605;2001;4;317.9;20.6;47.0;3.2;5.4;6.0;0.0;1.0;0.0;0.0;11.0;71.3;2.6;0.0;9.5;65.2;4.7;2.0;14.8;19.5;0.3;0.0;1.8;4.9;0.3;0.0;0.0;0.0;14.7;4.0;8.1;888.0
Cascavel;CRISTAIS;-4.4976388888889;-38.3605;2001;5;12.2;0.0;0.0;0.0;0.1;0.0;0.0;0.2;0.0;0.0;0.0;2.8;0.0;0.0;0.0;0.0;0.0;0.0;0.0;0.0;0.0;6.8;0.0;0.0;0.0;2.3;0.0;0.0;0.0;0.0;0.0;0.0
Cascavel;CRISTAIS;-4.4976388888889;-38.3605;2001;6;26.7;0.2;7.8;0.0;1.6;0.0;0.0;0.7;9.7;0.0;0.0;1.2;0.7;0.0;1.9;0.0;0.0;0.0;0.0;0.0;0.0;0.0;0.0;0.6;0.0;0.0;0.0;0.0;0.0;2.3;0.0;888.0
Cascavel;CRISTAIS;-4.4976388888889;-38.3605;2001;7;3.1;0.0;0.0;0.0;0.0;0.0;0.0;0.0;0.0;0.0;0.0;0.0;0.0;0.0;0.0;0.0;0.0;0.0;0.0;0.0;3.1;0.0;0.0;0.0;0.0;0.0;0.0;0.0;0.0;0.0;0.0;0.0
Cascavel;CRISTAIS;-4.4976388888889;-38.3605;2001;8;0.0;0.0;0.0;0.0;0.0;0.0;0.0;0.0;0.0;0.0;0.0;0.0;0.0;0.0;0.0;0.0;0.0;0.0;0.0;0.0;0.0;0.0;0.0;0.0;0.0;0.0;0.0;0.0;0.0;0.0;0.0;0.0
Cascavel;CRISTAIS;-4.4976388888889;-38.3605;2001;9;0.0;0.0;0.0;0.0;0.0;0.0;0.0;0.0;0.0;0.0;0.0;0.0;0.0;0.0;0.0;0.0;0.0;0.0;0.0;0.0;0.0;0.0;0.0;0.0;0.0;0.0;0.0;0.0;0.0;0.0;0.0;888.0
Cascavel;CRISTAIS;-4.4976388888889;-38.3605;2001;10;0.0;0.0;0.0;0.0;0.0;0.0;0.0;0.0;0.0;0.0;0.0;0.0;0.0;0.0;0.0;0.0;0.0;0.0;0.0;0.0;0.0;0.0;0.0;0.0;0.0;0.0;0.0;0.0;0.0;0.0;0.0;0.0
Cascavel;CRISTAIS;-4.4976388888889;-38.3605;2001;11;0.0;0.0;0.0;0.0;0.0;0.0;0.0;0.0;0.0;0.0;0.0;0.0;0.0;0.0;0.0;0.0;0.0;0.0;0.0;0.0;0.0;0.0;0.0;0.0;0.0;0.0;0.0;0.0;0.0;0.0;0.0;888.0
Cascavel;CRISTAIS;-4.4976388888889;-38.3605;2001;12;0.0;0.0;0.0;0.0;0.0;0.0;0.0;0.0;0.0;0.0;0.0;0.0;0.0;0.0;0.0;0.0;0.0;0.0;0.0;0.0;0.0;0.0;0.0;0.0;0.0;0.0;0.0;0.0;0.0;0.0;0.0;0.0
Cascavel;CRISTAIS;-4.4976388888889;-38.3605;2002;1;186.2;2.7;0.0;0.0;0.0;0.0;3.6;2.2;1.6;17.9;0.7;0.0;1.2;73.1;0.0;0.0;0.0;0.0;3.3;0.0;0.0;0.0;51.6;0.0;0.0;2.8;8.2;14.2;3.1;0.0;0.0;0.0
Cascavel;CRISTAIS;-4.4976388888889;-38.3605;2002;2;61.2;22.9;0.0;0.0;0.0;0.0;0.0;0.0;0.0;0.0;13.6;0.0;0.0;16.0;0.0;4.8;0.0;3.4;0.0;0.0;0.0;0.0;0.0;0.0;0.0;0.0;0.0;0.0;0.5;888.0;888.0;888.0
Cascavel;CRISTAIS;-4.4976388888889;-38.3605;2002;3;197.5;0.0;0.0;0.0;12.0;3.1;0.0;1.7;0.0;28.6;0.0;11.5;0.6;4.3;0.0;0.0;8.7;27.3;7.4;7.0;1.7;0.0;0.0;1.5;20.0;0.0;12.1;0.6;31.0;17.4;1.0;0.0
Cascavel;CRISTAIS;-4.4976388888889;-38.3605;2002;4;217.0;0.0;0.0;0.0;27.9;0.0;0.0;0.0;0.0;0.0;18.0;5.0;55.0;41.0;10.0;4.0;0.0;0.0;0.0;0.0;0.0;0.0;14.0;2.0;0.0;0.0;32.4;7.7;0.0;0.0;0.0;888.0
Cascavel;CRISTAIS;-4.4976388888889;-38.3605;2002;5;123.3;4.0;34.2;4.5;0.0;0.0;0.6;12.1;0.0;0.0;0.0;13.4;2.3;9.0;0.0;5.3;0.0;0.0;0.0;0.0;0.0;0.0;0.0;1.1;0.0;0.9;24.0;5.5;0.0;2.1;4.3;0.0
Cascavel;CRISTAIS;-4.4976388888889;-38.3605;2002;6;52.0;33.4;0.0;0.0;0.0;0.0;0.0;0.0;2.9;2.2;0.0;0.0;0.0;2.6;0.0;0.0;10.9;0.0;0.0;0.0;0.0;0.0;0.0;0.0;0.0;0.0;0.0;0.0;0.0;0.0;0.0;888.0
Cascavel;CRISTAIS;-4.4976388888889;-38.3605;2002;7;0.0;0.0;0.0;0.0;0.0;0.0;0.0;0.0;0.0;0.0;0.0;0.0;0.0;0.0;0.0;0.0;0.0;0.0;0.0;0.0;0.0;0.0;0.0;0.0;0.0;0.0;0.0;0.0;0.0;0.0;0.0;0.0
Cascavel;CRISTAIS;-4.4976388888889;-38.3605;2002;8;5.2;0.0;0.0;0.0;0.0;0.0;0.0;0.0;0.0;0.0;0.0;0.0;0.0;0.0;0.0;0.0;0.0;0.0;0.0;5.2;0.0;0.0;0.0;0.0;0.0;0.0;0.0;0.0;0.0;0.0;0.0;0.0
Cascavel;CRISTAIS;-4.4976388888889;-38.3605;2002;9;0.0;0.0;0.0;0.0;0.0;0.0;0.0;0.0;0.0;0.0;0.0;0.0;0.0;0.0;0.0;0.0;0.0;0.0;0.0;0.0;0.0;0.0;0.0;0.0;0.0;0.0;0.0;0.0;0.0;0.0;0.0;888.0
Cascavel;CRISTAIS;-4.4976388888889;-38.3605;2002;10;0.0;0.0;0.0;0.0;0.0;0.0;0.0;0.0;0.0;0.0;0.0;0.0;0.0;0.0;0.0;0.0;0.0;0.0;0.0;0.0;0.0;0.0;0.0;0.0;0.0;0.0;0.0;0.0;0.0;0.0;0.0;0.0
Cascavel;CRISTAIS;-4.4976388888889;-38.3605;2002;11;0.0;0.0;0.0;0.0;0.0;0.0;0.0;0.0;0.0;0.0;0.0;0.0;0.0;0.0;0.0;0.0;0.0;0.0;0.0;0.0;0.0;0.0;0.0;0.0;0.0;0.0;0.0;0.0;0.0;0.0;0.0;888.0
Cascavel;CRISTAIS;-4.4976388888889;-38.3605;2002;12;20.6;2.3;0.0;0.0;0.0;0.0;0.0;0.0;0.0;14.1;0.0;0.0;0.0;0.0;0.0;0.0;0.0;0.0;0.0;0.0;0.0;0.0;0.0;0.0;4.2;0.0;0.0;0.0;0.0;0.0;0.0;0.0
Cascavel;CRISTAIS;-4.4976388888889;-38.3605;2003;1;101.9;0.0;0.0;0.0;0.0;0.0;0.0;0.0;0.0;0.0;0.0;0.0;0.0;0.0;0.0;0.0;0.0;0.0;0.0;0.0;21.0;27.4;10.3;0.0;16.7;3.7;6.9;0.0;15.9;0.0;0.0;0.0
Cascavel;CRISTAIS;-4.4976388888889;-38.3605;2003;2;146.9;4.4;0.0;10.5;0.0;0.0;18.2;0.0;0.0;0.0;0.0;0.0;3.9;0.0;8.9;0.0;1.8;0.0;0.0;2.4;0.0;25.0;0.0;5.4;32.4;7.5;8.0;0.0;18.5;888.0;888.0;888.0
Cascavel;CRISTAIS;-4.4976388888889;-38.3605;2003;3;173.8;0.0;0.0;0.0;8.6;3.2;0.0;0.0;0.0;5.4;0.0;0.0;9.7;0.0;5.3;0.0;73.9;5.6;0.0;19.9;0.0;15.9;0.0;0.0;8.9;5.9;1.0;0.0;0.0;3.1;7.4;0.0
Cascavel;CRISTAIS;-4.4976388888889;-38.3605;2003;4;227.1;4.7;2.1;23.1;0.0;0.0;0.0;0.0;56.2;26.4;6.2;26.8;0.0;0.0;0.0;0.0;0.0;0.0;0.0;14.0;0.0;0.0;12.9;11.1;0.0;0.0;34.7;0.0;0.0;8.9;0.0;888.0
Cascavel;CRISTAIS;-4.4976388888889;-38.3605;2003;5;54.6;19.3;0.0;0.0;0.0;14.4;0.0;0.0;0.0;0.0;0.0;9.2;0.0;0.0;0.0;0.0;0.0;0.0;0.0;5.9;5.8;0.0;0.0;0.0;0.0;0.0;0.0;0.0;0.0;0.0;0.0;0.0
Cascavel;CRISTAIS;-4.4976388888889;-38.3605;2003;6;42.5;0.0;0.0;0.0;18.7;3.4;0.0;0.0;0.0;0.0;0.0;0.0;0.0;0.0;0.0;9.7;9.1;1.6;0.0;0.0;0.0;0.0;0.0;0.0;0.0;0.0;0.0;0.0;0.0;0.0;0.0;888.0
Cascavel;CRISTAIS;-4.4976388888889;-38.3605;2003;7;0.0;0.0;0.0;0.0;0.0;0.0;0.0;0.0;0.0;0.0;0.0;0.0;0.0;0.0;0.0;0.0;0.0;0.0;0.0;0.0;0.0;0.0;0.0;0.0;0.0;0.0;0.0;0.0;0.0;0.0;0.0;0.0
Cascavel;CRISTAIS;-4.4976388888889;-38.3605;2003;8;0.0;0.0;0.0;0.0;0.0;0.0;0.0;0.0;0.0;0.0;0.0;0.0;0.0;0.0;0.0;0.0;0.0;0.0;0.0;0.0;0.0;0.0;0.0;0.0;0.0;0.0;0.0;0.0;0.0;0.0;0.0;0.0
Cascavel;CRISTAIS;-4.4976388888889;-38.3605;2003;9;0.0;0.0;0.0;0.0;0.0;0.0;0.0;0.0;0.0;0.0;0.0;0.0;0.0;0.0;0.0;0.0;0.0;0.0;0.0;0.0;0.0;0.0;0.0;0.0;0.0;0.0;0.0;0.0;0.0;0.0;0.0;888.0
Cascavel;CRISTAIS;-4.4976388888889;-38.3605;2003;10;0.0;0.0;0.0;0.0;0.0;0.0;0.0;0.0;0.0;0.0;0.0;0.0;0.0;0.0;0.0;0.0;0.0;0.0;0.0;0.0;0.0;0.0;0.0;0.0;0.0;0.0;0.0;0.0;0.0;0.0;0.0;0.0
Cascavel;CRISTAIS;-4.4976388888889;-38.3605;2003;11;0.0;0.0;0.0;0.0;0.0;0.0;0.0;0.0;0.0;0.0;0.0;0.0;0.0;0.0;0.0;0.0;0.0;0.0;0.0;0.0;0.0;0.0;0.0;0.0;0.0;0.0;0.0;0.0;0.0;0.0;0.0;888.0
Cascavel;CRISTAIS;-4.4976388888889;-38.3605;2003;12;0.0;0.0;0.0;0.0;0.0;0.0;0.0;0.0;0.0;0.0;0.0;0.0;0.0;0.0;0.0;0.0;0.0;0.0;0.0;0.0;0.0;0.0;0.0;0.0;0.0;0.0;0.0;0.0;0.0;0.0;0.0;0.0
Cascavel;CRISTAIS;-4.4976388888889;-38.3605;2004;1;373.4;0.0;0.0;0.0;0.0;0.0;0.0;0.0;0.0;0.0;0.0;0.0;0.0;6.2;0.0;126.4;0.0;42.3;0.0;0.0;29.3;41.1;0.0;6.4;65.4;0.0;15.8;13.1;27.4;0.0;0.0;0.0
Cascavel;CRISTAIS;-4.4976388888889;-38.3605;2004;2;266.1;7.7;0.0;33.0;2.9;20.0;0.0;17.9;8.0;0.0;0.0;0.0;0.0;30.3;35.3;3.3;60.1;0.0;0.0;0.0;0.0;0.0;0.0;0.0;16.4;19.6;0.0;7.1;0.0;4.5;888.0;888.0
Cascavel;CRISTAIS;-4.4976388888889;-38.3605;2004;3;113.9;7.0;0.0;0.0;0.0;0.0;0.0;18.3;9.8;3.1;0.0;44.2;5.6;3.0;0.0;0.0;3.5;4.2;0.0;0.0;0.0;0.0;0.0;0.0;8.9;0.0;2.0;0.0;0.0;4.3;0.0;0.0
Cascavel;CRISTAIS;-4.4976388888889;-38.3605;2004;4;62.6;0.0;2.6;0.0;0.0;5.6;0.0;0.0;0.0;0.0;0.0;0.0;0.0;0.0;0.0;0.0;0.0;0.0;0.0;0.0;10.3;6.3;26.3;11.5;0.0;0.0;0.0;0.0;0.0;0.0;0.0;888.0
Cascavel;CRISTAIS;-4.4976388888889;-38.3605;2004;5;5.1;0.0;0.0;0.0;0.0;0.0;0.0;0.0;0.0;0.0;3.7;0.0;0.0;0.0;0.0;0.0;0.0;0.0;0.0;0.0;0.0;0.0;0.0;0.0;0.0;0.0;0.0;0.0;0.0;0.0;1.4;0.0
Cascavel;CRISTAIS;-4.4976388888889;-38.3605;2004;6;99.1;0.0;6.5;0.0;0.0;0.0;9.2;4.2;19.9;0.0;3.0;0.0;0.0;0.0;0.0;3.4;2.2;0.0;20.4;3.0;5.3;0.0;0.6;2.7;0.0;0.0;0.0;0.0;4.1;14.6;0.0;888.0
Cascavel;CRISTAIS;-4.4976388888889;-38.3605;2004;7;25.2;0.0;0.0;0.0;13.2;0.0;0.0;0.0;0.0;0.0;0.0;0.0;0.0;0.0;1.4;0.0;0.0;10.6;0.0;0.0;0.0;0.0;0.0;0.0;0.0;0.0;0.0;0.0;0.0;0.0;0.0;0.0
Cascavel;CRISTAIS;-4.4976388888889;-38.3605;2004;8;0.0;0.0;0.0;0.0;0.0;0.0;0.0;0.0;0.0;0.0;0.0;0.0;0.0;0.0;0.0;0.0;0.0;0.0;0.0;0.0;0.0;0.0;0.0;0.0;0.0;0.0;0.0;0.0;0.0;0.0;0.0;0.0
Cascavel;CRISTAIS;-4.4976388888889;-38.3605;2004;9;0.0;0.0;0.0;0.0;0.0;0.0;0.0;0.0;0.0;0.0;0.0;0.0;0.0;0.0;0.0;0.0;0.0;0.0;0.0;0.0;0.0;0.0;0.0;0.0;0.0;0.0;0.0;0.0;0.0;0.0;0.0;888.0
Cascavel;CRISTAIS;-4.4976388888889;-38.3605;2004;10;0.0;0.0;0.0;0.0;0.0;0.0;0.0;0.0;0.0;0.0;0.0;0.0;0.0;0.0;0.0;0.0;0.0;0.0;0.0;0.0;0.0;0.0;0.0;0.0;0.0;0.0;0.0;0.0;0.0;0.0;0.0;0.0
Cascavel;CRISTAIS;-4.4976388888889;-38.3605;2004;11;0.0;0.0;0.0;0.0;0.0;0.0;0.0;0.0;0.0;0.0;0.0;0.0;0.0;0.0;0.0;0.0;0.0;0.0;0.0;0.0;0.0;0.0;0.0;0.0;0.0;0.0;0.0;0.0;0.0;0.0;0.0;888.0
Cascavel;CRISTAIS;-4.4976388888889;-38.3605;2004;12;0.0;0.0;0.0;0.0;0.0;0.0;0.0;0.0;0.0;0.0;0.0;0.0;0.0;0.0;0.0;0.0;0.0;0.0;0.0;0.0;0.0;0.0;0.0;0.0;0.0;0.0;0.0;0.0;0.0;0.0;0.0;0.0
Cascavel;CRISTAIS;-4.4976388888889;-38.3605;2005;1;0.0;0.0;0.0;0.0;0.0;0.0;0.0;0.0;0.0;0.0;0.0;0.0;0.0;0.0;0.0;0.0;0.0;0.0;0.0;0.0;0.0;0.0;0.0;0.0;0.0;0.0;0.0;0.0;0.0;0.0;0.0;0.0
Cascavel;CRISTAIS;-4.4976388888889;-38.3605;2005;2;34.9;0.0;0.0;0.0;0.0;0.0;0.0;2.6;0.0;0.0;0.0;0.0;0.0;0.0;0.0;0.0;28.0;2.7;0.0;0.0;0.0;0.0;0.0;0.0;0.0;0.0;1.6;0.0;0.0;888.0;888.0;888.0
Cascavel;CRISTAIS;-4.4976388888889;-38.3605;2005;3;154.9;0.0;0.0;0.0;0.0;0.0;0.0;0.0;0.0;0.0;0.0;0.0;0.0;0.0;0.0;0.0;0.0;0.0;0.0;60.6;22.9;3.5;1.7;14.6;12.3;0.0;11.4;0.0;14.8;0.0;8.0;5.1
Cascavel;CRISTAIS;-4.4976388888889;-38.3605;2005;4;176.1;1.1;0.0;0.0;7.1;1.4;0.0;1.0;6.1;8.3;11.2;38.7;4.8;0.0;4.2;24.2;18.0;6.7;0.0;2.2;13.8;1.3;0.0;0.0;0.0;0.0;10.3;2.0;0.0;1.2;12.5;888.0
Cascavel;CRISTAIS;-4.4976388888889;-38.3605;2005;5;182.5;0.0;0.0;5.5;0.0;0.0;0.0;0.0;0.0;55.8;0.0;4.2;0.0;4.9;4.3;0.0;0.0;3.5;14.4;5.7;0.0;0.0;24.7;0.0;15.1;0.0;0.0;16.5;0.0;11.2;0.0;16.7
Cascavel;CRISTAIS;-4.4976388888889;-38.3605;2005;6;98.8;5.2;4.3;2.1;3.4;0.0;15.0;0.0;0.0;11.6;13.5;0.0;0.0;0.0;0.0;2.0;0.0;0.0;0.0;19.1;0.0;0.0;3.5;8.6;0.0;0.0;0.0;5.0;5.5;0.0;0.0;888.0
Cascavel;CRISTAIS;-4.4976388888889;-38.3605;2005;7;9.4;0.0;0.0;0.0;0.0;0.0;0.0;0.0;0.0;0.0;0.0;0.0;0.0;0.0;0.0;0.0;0.0;0.0;0.0;0.0;0.0;9.4;0.0;0.0;0.0;0.0;0.0;0.0;0.0;0.0;0.0;0.0
Cascavel;CRISTAIS;-4.4976388888889;-38.3605;2005;8;0.0;0.0;0.0;0.0;0.0;0.0;0.0;0.0;0.0;0.0;0.0;0.0;0.0;0.0;0.0;0.0;0.0;0.0;0.0;0.0;0.0;0.0;0.0;0.0;0.0;0.0;0.0;0.0;0.0;0.0;0.0;0.0
Cascavel;CRISTAIS;-4.4976388888889;-38.3605;2005;9;0.0;0.0;0.0;0.0;0.0;0.0;0.0;0.0;0.0;0.0;0.0;0.0;0.0;0.0;0.0;0.0;0.0;0.0;0.0;0.0;0.0;0.0;0.0;0.0;0.0;0.0;0.0;0.0;0.0;0.0;0.0;888.0
Cascavel;CRISTAIS;-4.4976388888889;-38.3605;2005;10;0.0;0.0;0.0;0.0;0.0;0.0;0.0;0.0;0.0;0.0;0.0;0.0;0.0;0.0;0.0;0.0;0.0;0.0;0.0;0.0;0.0;0.0;0.0;0.0;0.0;0.0;0.0;0.0;0.0;0.0;0.0;0.0
Cascavel;CRISTAIS;-4.4976388888889;-38.3605;2005;11;0.0;0.0;0.0;0.0;0.0;0.0;0.0;0.0;0.0;0.0;0.0;0.0;0.0;0.0;0.0;0.0;0.0;0.0;0.0;0.0;0.0;0.0;0.0;0.0;0.0;0.0;0.0;0.0;0.0;0.0;0.0;888.0
Cascavel;CRISTAIS;-4.4976388888889;-38.3605;2005;12;9.2;0.0;0.0;0.0;0.0;0.0;0.0;0.0;0.0;0.0;0.0;0.0;0.0;0.0;0.0;0.0;0.0;0.0;0.0;0.0;0.0;0.0;0.0;0.0;0.0;0.0;0.0;0.0;9.2;0.0;0.0;0.0
Cascavel;CRISTAIS;-4.4976388888889;-38.3605;2006;1;0.0;0.0;0.0;0.0;0.0;0.0;0.0;0.0;0.0;0.0;0.0;0.0;0.0;0.0;0.0;0.0;0.0;0.0;0.0;0.0;0.0;0.0;0.0;0.0;0.0;0.0;0.0;0.0;0.0;0.0;0.0;0.0
Cascavel;CRISTAIS;-4.4976388888889;-38.3605;2006;2;74.4;0.0;0.0;0.0;3.9;0.0;0.0;0.0;0.0;0.0;0.0;0.0;0.0;0.0;0.0;0.0;0.0;9.3;13.3;1.9;1.2;0.0;0.0;0.0;0.0;0.0;11.6;0.0;33.2;888.0;888.0;888.0
Cascavel;CRISTAIS;-4.4976388888889;-38.3605;2006;3;214.0;57.3;0.0;28.8;0.0;4.7;0.0;0.0;0.0;0.0;0.0;0.0;0.0;8.6;0.0;5.9;0.0;0.0;0.0;0.0;22.3;0.0;25.9;5.1;10.7;0.0;0.0;3.6;9.7;4.0;0.0;27.4
Cascavel;CRISTAIS;-4.4976388888889;-38.3605;2006;4;257.7;2.3;8.1;0.0;0.0;38.0;0.0;0.0;5.4;0.0;0.0;4.7;10.0;0.0;26.2;10.4;11.1;1.8;0.0;10.4;11.7;19.0;32.1;8.8;7.6;19.9;1.0;0.0;12.7;1.0;15.5;888.0
Cascavel;CRISTAIS;-4.4976388888889;-38.3605;2006;5;170.6;27.1;0.0;0.0;8.4;0.0;51.2;0.0;12.3;1.8;11.3;4.5;0.0;7.8;10.4;7.5;3.3;0.0;0.0;0.0;0.0;0.0;0.0;0.0;0.0;0.0;8.8;3.2;0.0;0.0;0.0;13.0
Cascavel;CRISTAIS;-4.4976388888889;-38.3605;2006;6;76.3;0.0;0.0;0.0;0.0;0.0;4.0;0.0;7.2;2.4;0.0;0.0;0.0;26.8;0.0;0.0;0.0;3.6;0.0;0.0;0.0;0.0;5.4;0.0;0.0;0.0;0.0;2.5;9.3;15.1;0.0;888.0
Cascavel;CRISTAIS;-4.4976388888889;-38.3605;2006;7;0.0;0.0;0.0;0.0;0.0;0.0;0.0;0.0;0.0;0.0;0.0;0.0;0.0;0.0;0.0;0.0;0.0;0.0;0.0;0.0;0.0;0.0;0.0;0.0;0.0;0.0;0.0;0.0;0.0;0.0;0.0;0.0
Cascavel;CRISTAIS;-4.4976388888889;-38.3605;2006;8;0.0;0.0;0.0;0.0;0.0;0.0;0.0;0.0;0.0;0.0;0.0;0.0;0.0;0.0;0.0;0.0;0.0;0.0;0.0;0.0;0.0;0.0;0.0;0.0;0.0;0.0;0.0;0.0;0.0;0.0;0.0;0.0
Cascavel;CRISTAIS;-4.4976388888889;-38.3605;2006;9;1.1;0.0;0.0;0.7;0.0;0.0;0.0;0.0;0.0;0.0;0.0;0.0;0.0;0.0;0.0;0.0;0.4;0.0;0.0;0.0;0.0;0.0;0.0;0.0;0.0;0.0;0.0;0.0;0.0;0.0;0.0;888.0
Cascavel;CRISTAIS;-4.4976388888889;-38.3605;2006;10;0.0;0.0;0.0;0.0;0.0;0.0;0.0;0.0;0.0;0.0;0.0;0.0;0.0;0.0;0.0;0.0;0.0;0.0;0.0;0.0;0.0;0.0;0.0;0.0;0.0;0.0;0.0;0.0;0.0;0.0;0.0;0.0
Cascavel;CRISTAIS;-4.4976388888889;-38.3605;2006;11;0.0;0.0;0.0;0.0;0.0;0.0;0.0;0.0;0.0;0.0;0.0;0.0;0.0;0.0;0.0;0.0;0.0;0.0;0.0;0.0;0.0;0.0;0.0;0.0;0.0;0.0;0.0;0.0;0.0;0.0;0.0;888.0
Cascavel;CRISTAIS;-4.4976388888889;-38.3605;2006;12;13.4;0.0;0.0;0.0;0.0;0.0;0.0;0.0;0.0;0.0;0.0;0.0;0.0;0.0;0.0;0.0;0.0;0.0;0.0;0.0;0.0;0.0;0.0;0.0;0.0;0.0;0.0;0.0;0.0;4.2;0.0;9.2
Cascavel;CRISTAIS;-4.4976388888889;-38.3605;2007;1;4.0;0.0;0.0;0.0;0.0;0.0;0.0;0.0;0.0;0.0;0.0;0.0;0.0;0.0;0.0;0.0;0.0;0.0;4.0;0.0;0.0;0.0;0.0;0.0;0.0;0.0;0.0;0.0;0.0;0.0;0.0;0.0
Cascavel;CRISTAIS;-4.4976388888889;-38.3605;2007;2;154.4;0.0;0.0;0.0;4.2;17.8;5.4;0.0;3.8;0.0;0.0;0.0;0.0;0.0;17.4;49.8;0.0;8.5;13.6;0.0;0.0;8.5;0.0;9.2;14.2;0.0;2.0;0.0;0.0;888.0;888.0;888.0
Cascavel;CRISTAIS;-4.4976388888889;-38.3605;2007;3;102.9;5.6;12.1;0.0;2.6;13.6;1.6;0.0;9.5;0.0;0.0;0.0;6.1;9.8;0.0;0.0;9.1;0.0;4.3;2.6;13.2;0.0;0.0;0.0;0.0;5.2;0.0;0.0;0.0;7.6;0.0;0.0
Cascavel;CRISTAIS;-4.4976388888889;-38.3605;2007;4;210.6;7.7;14.9;0.0;0.0;0.0;0.0;0.0;0.0;0.0;4.0;14.3;0.0;1.5;0.0;0.0;0.0;3.0;53.2;6.4;1.6;22.0;10.8;0.0;6.0;0.0;10.5;28.2;26.5;0.0;0.0;888.0
Cascavel;CRISTAIS;-4.4976388888889;-38.3605;2007;5;155.9;22.5;15.2;6.9;0.0;40.7;0.0;0.0;0.0;0.0;0.0;0.0;0.0;3.2;0.0;0.0;0.0;0.0;0.0;0.0;7.1;0.0;0.0;0.0;0.0;0.0;0.0;28.2;26.5;5.6;0.0;0.0
Cascavel;CRISTAIS;-4.4976388888889;-38.3605;2007;6;20.5;0.0;0.0;2.2;0.0;0.0;3.4;0.0;0.0;0.0;0.0;0.0;0.0;0.0;14.9;0.0;0.0;0.0;0.0;0.0;0.0;0.0;0.0;0.0;0.0;0.0;0.0;0.0;0.0;0.0;0.0;888.0
Cascavel;CRISTAIS;-4.4976388888889;-38.3605;2007;7;7.2;0.0;0.0;0.0;0.0;0.0;0.0;0.0;0.0;5.2;0.0;0.0;0.0;0.0;2.0;0.0;0.0;0.0;0.0;0.0;0.0;0.0;0.0;0.0;0.0;0.0;0.0;0.0;0.0;0.0;0.0;0.0
Cascavel;CRISTAIS;-4.4976388888889;-38.3605;2007;8;0.0;0.0;0.0;0.0;0.0;0.0;0.0;0.0;0.0;0.0;0.0;0.0;0.0;0.0;0.0;0.0;0.0;0.0;0.0;0.0;0.0;0.0;0.0;0.0;0.0;0.0;0.0;0.0;0.0;0.0;0.0;0.0
Cascavel;CRISTAIS;-4.4976388888889;-38.3605;2007;9;0.0;0.0;0.0;0.0;0.0;0.0;0.0;0.0;0.0;0.0;0.0;0.0;0.0;0.0;0.0;0.0;0.0;0.0;0.0;0.0;0.0;0.0;0.0;0.0;0.0;0.0;0.0;0.0;0.0;0.0;0.0;888.0
Cascavel;CRISTAIS;-4.4976388888889;-38.3605;2007;10;0.0;0.0;0.0;0.0;0.0;0.0;0.0;0.0;0.0;0.0;0.0;0.0;0.0;0.0;0.0;0.0;0.0;0.0;0.0;0.0;0.0;0.0;0.0;0.0;0.0;0.0;0.0;0.0;0.0;0.0;0.0;0.0
Cascavel;CRISTAIS;-4.4976388888889;-38.3605;2007;11;0.0;0.0;0.0;0.0;0.0;0.0;0.0;0.0;0.0;0.0;0.0;0.0;0.0;0.0;0.0;0.0;0.0;0.0;0.0;0.0;0.0;0.0;0.0;0.0;0.0;0.0;0.0;0.0;0.0;0.0;0.0;888.0
Cascavel;CRISTAIS;-4.4976388888889;-38.3605;2007;12;5.0;0.0;0.0;0.0;0.0;0.0;0.0;0.0;0.0;0.0;0.0;0.0;0.0;0.0;0.0;0.0;0.0;0.0;0.0;0.0;0.0;0.0;0.0;5.0;0.0;0.0;0.0;0.0;0.0;0.0;0.0;0.0
Cascavel;CRISTAIS;-4.4976388888889;-38.3605;2008;1;35.2;0.0;0.0;6.0;0.0;0.0;0.0;0.0;0.0;0.0;0.0;0.0;0.0;0.0;0.0;0.0;0.0;8.3;0.0;0.0;0.0;0.0;1.9;5.8;3.5;0.0;0.0;0.0;0.0;9.7;0.0;0.0
Cascavel;CRISTAIS;-4.4976388888889;-38.3605;2008;2;0.0;0.0;0.0;0.0;0.0;0.0;0.0;0.0;0.0;0.0;0.0;0.0;0.0;0.0;0.0;0.0;0.0;0.0;0.0;0.0;0.0;0.0;0.0;0.0;0.0;0.0;0.0;0.0;0.0;0.0;888.0;888.0
Cascavel;CRISTAIS;-4.4976388888889;-38.3605;2008;3;283.6;3.0;0.0;0.0;0.0;16.5;0.0;3.5;9.2;19.2;7.2;1.0;8.6;2.2;0.0;13.8;0.0;12.6;1.4;28.0;0.0;63.4;27.0;0.0;5.6;1.8;0.0;2.8;14.5;0.0;35.8;6.5
Cascavel;CRISTAIS;-4.4976388888889;-38.3605;2008;4;214.3;2.6;0.0;0.0;0.0;8.5;43.1;0.0;25.7;17.9;0.0;33.4;0.0;0.0;4.6;3.8;0.0;11.0;2.5;1.0;0.0;27.4;16.5;0.0;3.2;0.0;3.8;0.0;0.0;5.5;3.8;888.0
Cascavel;CRISTAIS;-4.4976388888889;-38.3605;2008;5;95.3;0.0;0.0;0.0;0.0;4.2;0.0;0.0;3.2;6.6;6.5;5.4;0.0;19.2;0.0;0.0;0.0;0.0;3.0;2.6;0.0;0.0;17.2;0.0;16.0;1.0;0.0;0.0;10.4;0.0;0.0;0.0
Cascavel;CRISTAIS;-4.4976388888889;-38.3605;2008;6;81.2;0.0;0.0;0.0;0.0;37.0;27.2;0.0;0.0;9.8;0.0;0.0;0.0;0.0;0.0;0.0;7.2;0.0;0.0;0.0;0.0;0.0;0.0;0.0;0.0;0.0;0.0;0.0;0.0;0.0;0.0;888.0
Cascavel;CRISTAIS;-4.4976388888889;-38.3605;2008;7;21.2;0.0;3.6;0.0;0.0;0.0;3.8;1.8;0.0;0.0;0.0;0.0;0.0;9.2;0.0;0.0;0.0;2.8;0.0;0.0;0.0;0.0;0.0;0.0;0.0;0.0;0.0;0.0;0.0;0.0;0.0;0.0
Cascavel;CRISTAIS;-4.4976388888889;-38.3605;2008;8;3.3;0.0;0.0;0.0;0.0;0.0;0.0;0.0;0.0;3.3;0.0;0.0;0.0;0.0;0.0;0.0;0.0;0.0;0.0;0.0;0.0;0.0;0.0;0.0;0.0;0.0;0.0;0.0;0.0;0.0;0.0;0.0
Cascavel;CRISTAIS;-4.4976388888889;-38.3605;2008;9;0.0;0.0;0.0;0.0;0.0;0.0;0.0;0.0;0.0;0.0;0.0;0.0;0.0;0.0;0.0;0.0;0.0;0.0;0.0;0.0;0.0;0.0;0.0;0.0;0.0;0.0;0.0;0.0;0.0;0.0;0.0;888.0
Cascavel;CRISTAIS;-4.4976388888889;-38.3605;2008;10;0.0;0.0;0.0;0.0;0.0;0.0;0.0;0.0;0.0;0.0;0.0;0.0;0.0;0.0;0.0;0.0;0.0;0.0;0.0;0.0;0.0;0.0;0.0;0.0;0.0;0.0;0.0;0.0;0.0;0.0;0.0;0.0
Cascavel;CRISTAIS;-4.4976388888889;-38.3605;2008;11;0.0;0.0;0.0;0.0;0.0;0.0;0.0;0.0;0.0;0.0;0.0;0.0;0.0;0.0;0.0;0.0;0.0;0.0;0.0;0.0;0.0;0.0;0.0;0.0;0.0;0.0;0.0;0.0;0.0;0.0;0.0;888.0
Cascavel;CRISTAIS;-4.4976388888889;-38.3605;2008;12;0.0;0.0;0.0;0.0;0.0;0.0;0.0;0.0;0.0;0.0;0.0;0.0;0.0;0.0;0.0;0.0;0.0;0.0;0.0;0.0;0.0;0.0;0.0;0.0;0.0;0.0;0.0;0.0;0.0;0.0;0.0;0.0
Cascavel;CRISTAIS;-4.4976388888889;-38.3605;2009;1;48.9;0.0;0.0;0.0;0.0;0.0;0.0;0.0;0.0;0.0;0.0;0.0;0.0;0.0;0.0;0.0;0.0;4.2;0.0;0.0;0.0;0.0;7.1;2.5;0.0;33.4;0.0;0.0;0.0;0.0;0.0;1.7
Cascavel;CRISTAIS;-4.4976388888889;-38.3605;2009;2;173.8;0.0;25.3;12.3;0.0;0.0;0.0;0.0;0.0;0.0;0.0;0.0;0.0;0.0;28.4;14.5;0.0;0.0;0.0;1.7;2.0;9.8;12.3;50.3;17.2;0.0;0.0;0.0;0.0;888.0;888.0;888.0
Cascavel;CRISTAIS;-4.4976388888889;-38.3605;2009;3;330.9;18.2;0.0;16.7;4.0;14.3;5.6;0.0;7.7;0.0;0.0;8.1;42.1;5.6;27.8;0.0;18.6;42.7;17.0;1.4;7.1;0.0;14.2;15.5;11.6;11.2;7.0;0.0;1.6;3.0;6.5;23.4
Cascavel;CRISTAIS;-4.4976388888889;-38.3605;2009;4;360.4;11.8;30.5;1.4;17.3;26.2;6.3;0.0;6.0;3.2;24.6;0.0;0.0;59.4;10.8;8.2;5.0;19.6;0.0;0.0;44.8;13.8;17.4;0.0;0.0;33.2;10.8;0.0;10.1;0.0;0.0;888.0
Cascavel;CRISTAIS;-4.4976388888889;-38.3605;2009;5;181.4;0.0;2.5;23.8;0.0;11.2;0.0;4.0;9.2;0.8;0.0;9.4;4.8;0.0;26.4;23.8;0.0;2.2;9.2;0.0;0.0;6.8;0.0;9.4;5.4;1.4;27.4;3.7;999.0;999.0;999.0;999.0
Cascavel;CRISTAIS;-4.4976388888889;-38.3605;2009;6;94.3;0.0;0.0;24.8;14.0;4.2;0.0;0.0;2.2;0.0;0.0;0.0;0.0;7.7;0.0;9.2;0.0;0.0;0.0;0.0;0.0;0.0;5.2;0.0;0.0;27.0;0.0;0.0;0.0;0.0;0.0;888.0
Cascavel;CRISTAIS;-4.4976388888889;-38.3605;2009;7;47.8;0.0;0.0;2.0;0.0;0.0;0.0;7.8;0.0;0.0;0.0;0.0;19.5;0.0;0.0;0.0;0.0;0.0;0.0;0.0;0.0;0.0;8.8;4.7;5.0;0.0;0.0;0.0;0.0;0.0;0.0;0.0
Cascavel;CRISTAIS;-4.4976388888889;-38.3605;2009;8;57.0;0.0;0.0;0.0;0.0;0.0;0.0;4.3;0.0;0.0;3.2;0.0;0.0;0.0;0.0;0.0;0.0;0.0;0.0;0.0;0.0;0.0;0.0;0.0;0.0;0.0;24.8;24.7;0.0;0.0;0.0;0.0
Cascavel;CRISTAIS;-4.4976388888889;-38.3605;2009;9;0.0;0.0;0.0;0.0;0.0;0.0;0.0;0.0;0.0;0.0;0.0;0.0;0.0;0.0;0.0;0.0;0.0;0.0;0.0;0.0;0.0;0.0;0.0;0.0;0.0;0.0;0.0;0.0;0.0;0.0;0.0;888.0
Cascavel;CRISTAIS;-4.4976388888889;-38.3605;2009;10;0.0;0.0;0.0;0.0;0.0;0.0;0.0;0.0;0.0;0.0;0.0;0.0;0.0;0.0;0.0;0.0;0.0;0.0;0.0;0.0;0.0;0.0;0.0;0.0;0.0;0.0;0.0;0.0;0.0;0.0;0.0;0.0
Cascavel;CRISTAIS;-4.4976388888889;-38.3605;2009;11;0.0;0.0;0.0;0.0;0.0;0.0;0.0;0.0;0.0;0.0;0.0;0.0;0.0;0.0;0.0;0.0;0.0;0.0;0.0;0.0;0.0;0.0;0.0;0.0;0.0;0.0;0.0;0.0;0.0;0.0;0.0;888.0
Cascavel;CRISTAIS;-4.4976388888889;-38.3605;2009;12;0.0;0.0;0.0;0.0;0.0;0.0;0.0;0.0;0.0;0.0;0.0;0.0;0.0;0.0;0.0;0.0;0.0;0.0;0.0;0.0;0.0;0.0;0.0;0.0;0.0;0.0;0.0;0.0;0.0;0.0;0.0;0.0
Cascavel;CRISTAIS;-4.4976388888889;-38.3605;2010;1;69.3;0.0;30.7;20.0;4.6;0.0;0.0;0.0;0.0;0.0;0.0;0.0;0.0;0.0;0.0;0.0;0.0;0.0;0.0;0.0;7.2;0.0;0.0;0.0;0.0;0.0;0.0;0.0;6.8;0.0;0.0;0.0
Cascavel;CRISTAIS;-4.4976388888889;-38.3605;2010;2;0.0;0.0;0.0;0.0;0.0;0.0;0.0;0.0;0.0;0.0;0.0;0.0;0.0;0.0;0.0;0.0;0.0;0.0;0.0;0.0;0.0;0.0;0.0;0.0;0.0;0.0;0.0;0.0;0.0;888.0;888.0;888.0
Cascavel;CRISTAIS;-4.4976388888889;-38.3605;2010;3;70.6;0.0;0.0;0.0;0.0;0.0;0.0;0.0;0.0;0.0;7.6;0.0;0.0;0.0;0.0;0.0;0.0;0.0;0.0;0.0;0.0;17.1;0.0;15.9;0.0;9.3;4.3;0.5;15.9;0.0;0.0;0.0
Cascavel;CRISTAIS;-4.4976388888889;-38.3605;2010;4;110.6;0.0;0.0;0.0;0.0;0.0;0.0;0.0;0.0;0.0;0.0;13.3;10.6;12.4;0.0;0.0;0.0;14.6;23.6;8.2;8.9;0.0;0.0;0.0;0.0;0.0;0.0;0.0;0.0;19.0;0.0;888.0
Cascavel;CRISTAIS;-4.4976388888889;-38.3605;2010;5;35.7;0.0;16.6;3.2;0.0;4.0;9.5;0.0;0.0;0.0;0.0;0.0;0.0;0.0;2.4;0.0;0.0;0.0;0.0;0.0;0.0;0.0;0.0;0.0;0.0;0.0;0.0;0.0;0.0;0.0;0.0;0.0
Cascavel;CRISTAIS;-4.4976388888889;-38.3605;2011;1;148.0;0.0;0.0;0.0;8.1;0.0;0.0;0.0;8.5;0.0;40.7;10.5;0.0;0.0;0.0;0.0;0.0;0.0;0.0;0.0;12.1;14.4;27.4;0.0;6.5;19.8;0.0;0.0;0.0;0.0;0.0;0.0
Cascavel;CRISTAIS;-4.4976388888889;-38.3605;2011;2;66.9;2.5;0.0;0.0;0.0;0.0;0.0;0.0;0.0;0.0;0.0;0.0;0.0;0.0;11.3;0.0;0.0;0.0;8.4;7.3;5.0;2.3;0.0;0.0;4.7;0.0;21.4;3.0;1.0;888.0;888.0;888.0
Cascavel;CRISTAIS;-4.4976388888889;-38.3605;2011;3;208.8;15.8;8.7;0.0;0.0;43.2;0.0;0.0;4.7;15.5;7.0;0.0;24.8;0.0;0.0;34.4;0.0;0.0;0.0;27.0;0.0;0.0;0.0;0.0;6.7;16.7;0.0;0.0;4.3;0.0;0.0;0.0
Cascavel;CRISTAIS;-4.4976388888889;-38.3605;2011;4;257.2;0.0;25.6;22.5;22.6;7.3;15.3;0.0;0.0;9.3;0.0;22.3;0.0;0.0;7.3;9.6;4.6;0.0;5.1;69.6;0.0;0.0;0.0;0.0;0.0;29.1;7.0;0.0;0.0;0.0;0.0;888.0
Cascavel;CRISTAIS;-4.4976388888889;-38.3605;2011;5;17.0;0.0;0.0;0.0;0.0;0.0;0.0;0.0;0.0;0.0;3.0;5.5;0.0;0.0;0.0;0.0;2.5;6.0;0.0;0.0;0.0;0.0;0.0;0.0;0.0;0.0;0.0;0.0;0.0;0.0;0.0;0.0
Cascavel;CRISTAIS;-4.4976388888889;-38.3605;2011;6;36.5;0.0;0.0;0.0;32.3;0.0;0.0;0.0;0.0;0.0;0.0;0.0;0.0;0.0;0.0;0.0;0.0;0.0;0.0;0.0;4.2;0.0;0.0;0.0;0.0;0.0;0.0;0.0;0.0;0.0;0.0;888.0
Cascavel;CRISTAIS;-4.4976388888889;-38.3605;2011;7;29.4;0.0;0.0;0.0;0.0;0.0;0.0;0.0;0.0;7.6;0.0;0.0;0.0;21.8;0.0;0.0;0.0;0.0;0.0;0.0;0.0;0.0;0.0;0.0;0.0;0.0;0.0;0.0;0.0;0.0;0.0;0.0
Cascavel;CRISTAIS;-4.4976388888889;-38.3605;2011;8;0.0;0.0;0.0;0.0;0.0;0.0;0.0;0.0;0.0;0.0;0.0;0.0;0.0;0.0;0.0;0.0;0.0;0.0;0.0;0.0;0.0;0.0;0.0;0.0;0.0;0.0;0.0;0.0;0.0;0.0;0.0;0.0
Cascavel;CRISTAIS;-4.4976388888889;-38.3605;2011;9;0.0;0.0;0.0;0.0;0.0;0.0;0.0;0.0;0.0;0.0;0.0;0.0;0.0;0.0;0.0;0.0;0.0;0.0;0.0;0.0;0.0;0.0;0.0;0.0;0.0;0.0;0.0;0.0;0.0;0.0;0.0;888.0
Cascavel;CRISTAIS;-4.4976388888889;-38.3605;2011;10;49.1;0.0;0.0;0.0;0.0;0.0;0.0;0.0;0.0;0.0;0.0;0.0;0.0;0.0;0.0;0.0;0.0;0.0;0.0;0.0;0.0;49.1;0.0;0.0;0.0;0.0;0.0;0.0;0.0;0.0;0.0;0.0
Cascavel;CRISTAIS;-4.4976388888889;-38.3605;2011;11;6.3;0.0;6.3;0.0;0.0;0.0;0.0;0.0;0.0;0.0;0.0;0.0;0.0;0.0;0.0;0.0;0.0;0.0;0.0;0.0;0.0;0.0;0.0;0.0;0.0;0.0;0.0;0.0;0.0;0.0;0.0;888.0
Cascavel;CRISTAIS;-4.4976388888889;-38.3605;2011;12;18.0;0.0;0.0;0.0;0.0;0.0;0.0;0.0;0.0;0.0;0.0;0.0;0.0;0.0;0.0;0.0;0.0;0.0;0.0;0.0;0.0;18.0;0.0;0.0;0.0;0.0;0.0;0.0;0.0;0.0;0.0;0.0
Cascavel;CRISTAIS;-4.4976388888889;-38.3605;2012;1;19.1;0.0;0.0;0.0;0.0;0.0;0.0;0.0;0.0;0.0;0.0;0.0;0.0;0.0;0.0;0.0;0.0;0.0;0.0;0.0;4.7;5.5;0.0;0.0;8.9;0.0;0.0;0.0;0.0;0.0;0.0;0.0
Cascavel;CRISTAIS;-4.4976388888889;-38.3605;2012;2;242.5;0.0;0.0;0.0;0.0;0.0;0.0;0.0;0.0;0.0;0.0;0.0;0.0;0.0;0.0;0.0;0.0;35.5;53.3;10.0;0.0;31.8;0.0;0.0;0.0;10.0;101.9;0.0;0.0;0.0;888.0;888.0
Cascavel;CRISTAIS;-4.4976388888889;-38.3605;2012;3;33.7;0.0;0.0;0.0;0.0;0.0;0.0;0.0;0.0;9.2;0.0;0.0;0.0;0.0;0.0;14.6;0.0;0.0;0.0;2.2;0.0;0.0;7.7;0.0;0.0;0.0;0.0;0.0;0.0;0.0;0.0;0.0
Cascavel;CRISTAIS;-4.4976388888889;-38.3605;2012;4;3.7;0.0;0.0;0.0;0.0;0.0;0.0;0.0;0.0;0.0;0.0;0.0;0.0;0.0;0.0;0.0;3.7;0.0;0.0;0.0;0.0;0.0;0.0;0.0;0.0;0.0;0.0;0.0;0.0;0.0;0.0;888.0
Cascavel;CRISTAIS;-4.4976388888889;-38.3605;2012;5;0.0;0.0;0.0;0.0;0.0;0.0;0.0;0.0;0.0;0.0;0.0;0.0;0.0;0.0;0.0;0.0;0.0;0.0;0.0;0.0;0.0;0.0;0.0;0.0;0.0;0.0;0.0;0.0;0.0;0.0;0.0;0.0
Cascavel;CRISTAIS;-4.4976388888889;-38.3605;2012;6;0.0;0.0;0.0;0.0;0.0;0.0;0.0;0.0;0.0;0.0;0.0;0.0;0.0;0.0;0.0;0.0;0.0;0.0;0.0;0.0;0.0;0.0;0.0;0.0;0.0;0.0;0.0;0.0;0.0;0.0;0.0;888.0
Cascavel;CRISTAIS;-4.4976388888889;-38.3605;2012;7;0.0;0.0;0.0;0.0;0.0;0.0;0.0;0.0;0.0;0.0;0.0;0.0;0.0;0.0;0.0;0.0;0.0;0.0;0.0;0.0;0.0;0.0;0.0;0.0;0.0;0.0;0.0;0.0;0.0;0.0;0.0;0.0
Cascavel;CRISTAIS;-4.4976388888889;-38.3605;2012;8;0.0;0.0;0.0;0.0;0.0;0.0;0.0;0.0;0.0;0.0;0.0;0.0;0.0;0.0;0.0;0.0;0.0;0.0;0.0;0.0;0.0;0.0;0.0;0.0;0.0;0.0;0.0;0.0;0.0;0.0;0.0;0.0
Cascavel;CRISTAIS;-4.4976388888889;-38.3605;2012;9;0.0;0.0;0.0;0.0;0.0;0.0;0.0;0.0;0.0;0.0;0.0;0.0;0.0;0.0;0.0;0.0;0.0;0.0;0.0;0.0;0.0;0.0;0.0;0.0;0.0;0.0;0.0;0.0;0.0;0.0;0.0;888.0
Cascavel;CRISTAIS;-4.4976388888889;-38.3605;2012;10;0.0;0.0;0.0;0.0;0.0;0.0;0.0;0.0;0.0;0.0;0.0;0.0;0.0;0.0;0.0;0.0;0.0;0.0;0.0;0.0;0.0;0.0;0.0;0.0;0.0;0.0;0.0;0.0;0.0;0.0;0.0;0.0
Cascavel;CRISTAIS;-4.4976388888889;-38.3605;2012;11;0.0;0.0;0.0;0.0;0.0;0.0;0.0;0.0;0.0;0.0;0.0;0.0;0.0;0.0;0.0;0.0;0.0;0.0;0.0;0.0;0.0;0.0;0.0;0.0;0.0;0.0;0.0;0.0;0.0;0.0;0.0;888.0
Cascavel;CRISTAIS;-4.4976388888889;-38.3605;2012;12;0.0;0.0;0.0;0.0;0.0;0.0;0.0;0.0;0.0;0.0;0.0;0.0;0.0;0.0;0.0;0.0;0.0;0.0;0.0;0.0;0.0;0.0;0.0;0.0;0.0;0.0;0.0;0.0;0.0;0.0;0.0;0.0
Cascavel;CRISTAIS;-4.4976388888889;-38.3605;2013;1;17.2;0.0;0.0;0.0;0.0;0.0;0.0;0.0;0.0;0.0;0.0;0.0;0.0;0.0;0.0;0.0;0.0;0.0;0.0;8.1;4.0;5.1;0.0;0.0;0.0;0.0;0.0;0.0;0.0;0.0;0.0;0.0
Cascavel;CRISTAIS;-4.4976388888889;-38.3605;2013;2;41.8;0.0;0.0;0.0;0.0;0.0;5.1;0.0;0.0;0.0;0.0;0.0;0.0;0.0;0.0;0.0;16.1;5.4;5.5;5.1;4.6;0.0;0.0;0.0;0.0;0.0;0.0;0.0;0.0;888.0;888.0;888.0
Cascavel;CRISTAIS;-4.4976388888889;-38.3605;2013;3;58.7;0.0;0.0;0.0;0.0;0.0;0.0;0.0;0.0;0.0;0.0;0.0;0.0;0.0;0.0;0.0;0.0;0.0;0.0;14.9;6.3;0.0;0.0;0.0;28.5;9.0;0.0;0.0;0.0;0.0;0.0;0.0
Cascavel;CRISTAIS;-4.4976388888889;-38.3605;2013;4;108.2;0.0;0.0;0.0;15.6;0.0;0.0;0.0;0.0;0.0;0.0;0.0;0.0;0.0;0.0;0.0;0.0;0.0;0.0;6.1;31.5;0.0;13.1;15.0;11.5;15.4;0.0;0.0;0.0;0.0;0.0;888.0
Cascavel;CRISTAIS;-4.4976388888889;-38.3605;2013;5;145.4;4.4;18.4;0.0;0.0;0.0;0.0;0.0;0.0;5.0;0.0;0.0;0.0;0.0;0.0;11.8;17.2;0.0;24.0;56.2;0.0;0.0;0.0;0.0;0.0;8.4;0.0;0.0;0.0;0.0;0.0;0.0
Cascavel;CRISTAIS;-4.4976388888889;-38.3605;2013;6;72.0;0.0;0.0;1.2;0.0;0.0;0.0;9.8;0.0;0.0;0.0;0.0;1.0;9.3;12.2;0.0;0.0;0.0;0.0;0.0;0.0;0.0;4.5;0.0;0.0;0.0;0.0;0.0;0.0;0.0;34.0;888.0
Cascavel;CRISTAIS;-4.4976388888889;-38.3605;2013;7;48.1;0.0;0.0;15.6;0.0;0.0;0.0;0.0;0.0;0.0;0.0;0.0;0.0;0.0;0.0;32.5;0.0;0.0;0.0;0.0;0.0;0.0;0.0;0.0;0.0;0.0;0.0;0.0;0.0;0.0;0.0;0.0
Cascavel;CRISTAIS;-4.4976388888889;-38.3605;2013;8;0.0;0.0;0.0;0.0;0.0;0.0;0.0;0.0;0.0;0.0;0.0;0.0;0.0;0.0;0.0;0.0;0.0;0.0;0.0;0.0;0.0;0.0;0.0;0.0;0.0;0.0;0.0;0.0;0.0;0.0;0.0;0.0
Cascavel;CRISTAIS;-4.4976388888889;-38.3605;2013;9;0.0;0.0;0.0;0.0;0.0;0.0;0.0;0.0;0.0;0.0;0.0;0.0;0.0;0.0;0.0;0.0;0.0;0.0;0.0;0.0;0.0;0.0;0.0;0.0;0.0;0.0;0.0;0.0;0.0;0.0;0.0;888.0
Cascavel;CRISTAIS;-4.4976388888889;-38.3605;2013;10;0.0;0.0;0.0;0.0;0.0;0.0;0.0;0.0;0.0;0.0;0.0;0.0;0.0;0.0;0.0;0.0;0.0;0.0;0.0;0.0;0.0;0.0;0.0;0.0;0.0;0.0;0.0;0.0;0.0;0.0;0.0;0.0
Cascavel;CRISTAIS;-4.4976388888889;-38.3605;2013;11;0.0;0.0;0.0;0.0;0.0;0.0;0.0;0.0;0.0;0.0;0.0;0.0;0.0;0.0;0.0;0.0;0.0;0.0;0.0;0.0;0.0;0.0;0.0;0.0;0.0;0.0;0.0;0.0;0.0;0.0;0.0;888.0
Cascavel;CRISTAIS;-4.4976388888889;-38.3605;2013;12;0.0;0.0;0.0;0.0;0.0;0.0;0.0;0.0;0.0;0.0;0.0;0.0;0.0;0.0;0.0;0.0;0.0;0.0;0.0;0.0;0.0;0.0;0.0;0.0;0.0;0.0;0.0;0.0;0.0;0.0;0.0;0.0
Cascavel;CRISTAIS;-4.4976388888889;-38.3605;2014;1;8.4;0.0;0.0;8.4;0.0;0.0;0.0;0.0;0.0;0.0;0.0;0.0;0.0;0.0;0.0;0.0;0.0;0.0;0.0;0.0;0.0;0.0;0.0;0.0;0.0;0.0;0.0;0.0;0.0;0.0;0.0;0.0
Cascavel;CRISTAIS;-4.4976388888889;-38.3605;2014;2;124.8;0.0;12.0;0.0;0.0;0.0;0.0;0.0;0.0;16.2;0.0;0.0;0.0;53.1;0.0;0.0;0.0;27.6;0.0;0.0;10.6;5.3;0.0;0.0;0.0;0.0;0.0;0.0;0.0;888.0;888.0;888.0
Cascavel;CRISTAIS;-4.4976388888889;-38.3605;2014;3;116.0;0.0;0.0;0.0;0.0;0.0;0.0;0.0;6.7;0.0;10.6;29.0;15.0;0.0;0.0;0.0;9.7;4.7;0.0;18.0;0.0;0.0;0.0;0.0;0.0;0.0;0.0;0.0;0.0;0.0;0.0;22.3
Cascavel;CRISTAIS;-4.4976388888889;-38.3605;2014;4;203.9;11.0;2.7;0.0;9.4;0.0;53.9;11.5;8.2;10.7;6.6;0.0;4.0;0.0;0.0;0.0;0.0;0.0;0.0;10.7;0.0;0.0;0.0;6.0;0.0;0.0;0.0;15.2;22.9;31.1;0.0;888.0
Cascavel;CRISTAIS;-4.4976388888889;-38.3605;2014;5;93.6;6.5;9.0;0.0;0.0;1.5;0.0;0.0;0.0;0.0;0.0;9.0;6.1;0.0;0.0;34.5;0.0;0.0;0.0;12.6;0.0;0.0;10.5;0.0;0.0;0.0;0.0;0.0;0.0;3.9;0.0;0.0
Cascavel;CRISTAIS;-4.4976388888889;-38.3605;2014;6;0.0;0.0;0.0;0.0;0.0;0.0;0.0;0.0;0.0;0.0;0.0;0.0;0.0;0.0;0.0;0.0;0.0;0.0;0.0;0.0;0.0;0.0;0.0;0.0;0.0;0.0;0.0;0.0;0.0;0.0;0.0;888.0
Cascavel;CRISTAIS;-4.4976388888889;-38.3605;2014;7;0.0;0.0;0.0;0.0;0.0;0.0;0.0;0.0;0.0;0.0;0.0;0.0;0.0;0.0;0.0;0.0;0.0;0.0;0.0;0.0;0.0;0.0;0.0;0.0;0.0;0.0;0.0;0.0;0.0;0.0;0.0;0.0
Cascavel;CRISTAIS;-4.4976388888889;-38.3605;2014;8;0.0;0.0;0.0;0.0;0.0;0.0;0.0;0.0;0.0;0.0;0.0;0.0;0.0;0.0;0.0;0.0;0.0;0.0;0.0;0.0;0.0;0.0;0.0;0.0;0.0;0.0;0.0;0.0;0.0;0.0;0.0;0.0
Cascavel;CRISTAIS;-4.4976388888889;-38.3605;2014;9;12.6;0.0;0.0;0.0;0.0;0.0;0.0;0.0;0.0;0.0;0.0;0.0;0.0;0.0;0.0;0.0;0.0;0.0;0.0;12.6;0.0;0.0;0.0;0.0;0.0;0.0;0.0;0.0;0.0;0.0;0.0;888.0
Cascavel;CRISTAIS;-4.4976388888889;-38.3605;2014;10;0.0;0.0;0.0;0.0;0.0;0.0;0.0;0.0;0.0;0.0;0.0;0.0;0.0;0.0;0.0;0.0;0.0;0.0;0.0;0.0;0.0;0.0;0.0;0.0;0.0;0.0;0.0;0.0;0.0;0.0;0.0;0.0
Cascavel;CRISTAIS;-4.4976388888889;-38.3605;2014;11;0.0;0.0;0.0;0.0;0.0;0.0;0.0;0.0;0.0;0.0;0.0;0.0;0.0;0.0;0.0;0.0;0.0;0.0;0.0;0.0;0.0;0.0;0.0;0.0;0.0;0.0;0.0;0.0;0.0;0.0;0.0;888.0
Cascavel;CRISTAIS;-4.4976388888889;-38.3605;2014;12;0.0;0.0;0.0;0.0;0.0;0.0;0.0;0.0;0.0;0.0;0.0;0.0;0.0;0.0;0.0;0.0;0.0;0.0;0.0;0.0;0.0;0.0;0.0;0.0;0.0;0.0;0.0;0.0;0.0;0.0;0.0;0.0
Cascavel;CRISTAIS;-4.4976388888889;-38.3605;2015;1;65.7;0.0;0.0;2.3;33.0;30.4;0.0;0.0;0.0;0.0;0.0;0.0;0.0;0.0;0.0;0.0;0.0;0.0;0.0;0.0;0.0;0.0;0.0;0.0;0.0;0.0;0.0;0.0;0.0;0.0;0.0;0.0
Cascavel;CRISTAIS;-4.4976388888889;-38.3605;2015;2;100.2;0.0;0.0;0.0;0.0;7.9;0.0;0.0;0.0;0.0;0.0;0.0;0.0;0.0;0.0;0.0;0.0;0.0;0.0;0.0;0.0;0.0;0.0;27.0;0.0;0.0;32.7;9.6;23.0;888.0;888.0;888.0
Cascavel;CRISTAIS;-4.4976388888889;-38.3605;2015;3;194.6;12.3;5.2;0.0;0.0;1.4;0.0;0.0;8.3;10.0;33.7;0.0;0.0;0.0;0.0;0.0;0.0;0.0;0.0;0.0;0.0;0.0;37.8;26.1;3.2;0.0;0.0;2.2;0.0;0.0;45.2;9.2
Cascavel;CRISTAIS;-4.4976388888889;-38.3605;2015;4;162.0;0.0;0.0;22.8;11.9;4.3;13.5;0.0;0.0;66.2;4.7;0.0;0.0;10.0;0.0;0.0;0.0;0.0;0.0;0.0;0.0;0.0;0.0;13.0;1.6;9.8;4.2;0.0;0.0;0.0;0.0;888.0
Cascavel;CRISTAIS;-4.4976388888889;-38.3605;2015;5;6.2;0.0;0.0;0.0;0.0;0.0;0.0;0.0;0.0;6.2;0.0;0.0;0.0;0.0;0.0;0.0;0.0;0.0;0.0;0.0;0.0;0.0;0.0;0.0;0.0;0.0;0.0;0.0;0.0;0.0;0.0;0.0
Cascavel;CRISTAIS;-4.4976388888889;-38.3605;2015;6;31.2;0.0;0.0;0.0;0.0;0.0;0.0;7.0;6.7;0.0;0.0;0.0;0.0;0.0;0.0;0.0;0.0;0.0;0.0;0.0;0.0;0.0;0.0;5.8;0.0;0.0;11.7;0.0;0.0;0.0;0.0;888.0
Cascavel;CRISTAIS;-4.4976388888889;-38.3605;2015;7;72.1;0.0;0.0;0.0;0.0;72.1;0.0;0.0;0.0;0.0;0.0;0.0;0.0;0.0;0.0;0.0;0.0;0.0;0.0;0.0;0.0;0.0;0.0;0.0;0.0;0.0;0.0;0.0;0.0;0.0;0.0;0.0
Cascavel;CRISTAIS;-4.4976388888889;-38.3605;2015;8;0.0;0.0;0.0;0.0;0.0;0.0;0.0;0.0;0.0;0.0;0.0;0.0;0.0;0.0;0.0;0.0;0.0;0.0;0.0;0.0;0.0;0.0;0.0;0.0;0.0;0.0;0.0;0.0;0.0;0.0;0.0;0.0
Cascavel;CRISTAIS;-4.4976388888889;-38.3605;2015;9;0.0;0.0;0.0;0.0;0.0;0.0;0.0;0.0;0.0;0.0;0.0;0.0;0.0;0.0;0.0;0.0;0.0;0.0;0.0;0.0;0.0;0.0;0.0;0.0;0.0;0.0;0.0;0.0;0.0;0.0;0.0;888.0
Cascavel;CRISTAIS;-4.4976388888889;-38.3605;2015;10;0.0;0.0;0.0;0.0;0.0;0.0;0.0;0.0;0.0;0.0;0.0;0.0;0.0;0.0;0.0;0.0;0.0;0.0;0.0;0.0;0.0;0.0;0.0;0.0;0.0;0.0;0.0;0.0;0.0;0.0;0.0;0.0
Cascavel;CRISTAIS;-4.4976388888889;-38.3605;2015;11;0.0;0.0;0.0;0.0;0.0;0.0;0.0;0.0;0.0;0.0;0.0;0.0;0.0;0.0;0.0;0.0;0.0;0.0;0.0;0.0;0.0;0.0;0.0;0.0;0.0;0.0;0.0;0.0;0.0;0.0;0.0;888.0
Cascavel;CRISTAIS;-4.4976388888889;-38.3605;2015;12;0.0;0.0;0.0;0.0;0.0;0.0;0.0;0.0;0.0;0.0;0.0;0.0;0.0;0.0;0.0;0.0;0.0;0.0;0.0;0.0;0.0;0.0;0.0;0.0;0.0;0.0;0.0;0.0;0.0;0.0;0.0;0.0
Cascavel;CRISTAIS;-4.4976388888889;-38.3605;2016;1;134.2;0.0;0.0;0.0;0.0;0.0;0.0;0.0;0.0;64.0;0.0;0.0;0.0;0.0;0.0;0.0;0.0;9.4;0.0;9.6;0.0;4.2;6.2;26.6;14.2;0.0;0.0;0.0;0.0;0.0;0.0;0.0
Cascavel;CRISTAIS;-4.4976388888889;-38.3605;2016;2;55.5;37.6;0.0;4.3;0.0;0.0;0.0;0.0;0.0;0.0;0.0;0.0;0.0;0.0;0.0;0.0;0.0;0.0;0.0;13.6;0.0;0.0;0.0;0.0;0.0;0.0;0.0;0.0;0.0;0.0;888.0;888.0
Cascavel;CRISTAIS;-4.4976388888889;-38.3605;2016;3;39.3;0.0;0.0;0.0;4.9;0.0;0.0;0.0;0.0;0.0;0.0;0.0;0.0;0.0;3.0;0.0;0.0;0.0;4.7;0.0;0.0;0.0;0.0;0.0;0.0;0.0;0.0;0.0;0.0;8.5;18.2;0.0
Cascavel;CRISTAIS;-4.4976388888889;-38.3605;2016;4;73.1;0.0;7.3;19.2;0.0;0.0;13.3;0.0;0.0;0.0;4.3;0.0;0.0;0.0;11.0;0.0;0.0;0.0;6.0;3.5;0.0;0.0;8.5;0.0;0.0;0.0;0.0;0.0;0.0;0.0;0.0;888.0
Cascavel;CRISTAIS;-4.4976388888889;-38.3605;2016;5;51.2;0.0;6.2;28.6;0.0;0.0;0.0;0.0;0.0;0.0;7.4;0.0;0.0;0.0;0.0;0.0;0.0;0.0;0.0;0.0;0.0;0.0;0.0;0.0;0.0;0.0;0.0;0.0;0.0;0.0;0.0;9.0
Cascavel;CRISTAIS;-4.4976388888889;-38.3605;2016;6;26.4;0.0;0.0;0.0;14.7;0.0;0.0;0.0;11.7;0.0;0.0;0.0;0.0;0.0;0.0;0.0;0.0;0.0;0.0;0.0;0.0;0.0;0.0;0.0;0.0;0.0;0.0;0.0;0.0;0.0;0.0;888.0
Cascavel;CRISTAIS;-4.4976388888889;-38.3605;2016;7;0.0;0.0;0.0;0.0;0.0;0.0;0.0;0.0;0.0;0.0;0.0;0.0;0.0;0.0;0.0;0.0;0.0;0.0;0.0;0.0;0.0;0.0;0.0;0.0;0.0;0.0;0.0;0.0;0.0;0.0;0.0;0.0
Cascavel;CRISTAIS;-4.4976388888889;-38.3605;2016;8;0.0;0.0;0.0;0.0;0.0;0.0;0.0;0.0;0.0;0.0;0.0;0.0;0.0;0.0;0.0;0.0;0.0;0.0;0.0;0.0;0.0;0.0;0.0;0.0;0.0;0.0;0.0;0.0;0.0;0.0;0.0;0.0
Cascavel;CRISTAIS;-4.4976388888889;-38.3605;2016;9;0.0;0.0;0.0;0.0;0.0;0.0;0.0;0.0;0.0;0.0;0.0;0.0;0.0;0.0;0.0;0.0;0.0;0.0;0.0;0.0;0.0;0.0;0.0;0.0;0.0;0.0;0.0;0.0;0.0;0.0;0.0;888.0
Cascavel;CRISTAIS;-4.4976388888889;-38.3605;2016;10;0.0;0.0;0.0;0.0;0.0;0.0;0.0;0.0;0.0;0.0;0.0;0.0;0.0;0.0;0.0;0.0;0.0;0.0;0.0;0.0;0.0;0.0;0.0;0.0;0.0;0.0;0.0;0.0;0.0;0.0;0.0;0.0
Cascavel;CRISTAIS;-4.4976388888889;-38.3605;2016;11;0.0;0.0;0.0;0.0;0.0;0.0;0.0;0.0;0.0;0.0;0.0;0.0;0.0;0.0;0.0;0.0;0.0;0.0;0.0;0.0;0.0;0.0;0.0;0.0;0.0;0.0;0.0;0.0;0.0;0.0;0.0;888.0
Cascavel;CRISTAIS;-4.4976388888889;-38.3605;2016;12;28.6;0.0;0.0;0.0;0.0;0.0;0.0;0.0;0.0;0.0;0.0;0.0;0.0;0.0;0.0;0.0;0.0;0.0;5.4;16.0;0.0;0.0;0.0;7.2;0.0;0.0;0.0;0.0;0.0;0.0;0.0;0.0
Cascavel;CRISTAIS;-4.4976388888889;-38.3605;2017;1;55.4;0.0;0.0;0.0;0.0;0.0;0.0;0.0;0.0;0.0;0.0;3.4;4.0;0.0;0.0;0.0;0.0;0.0;2.0;0.0;5.8;0.0;0.0;0.0;0.0;0.0;0.0;0.0;5.8;34.4;0.0;0.0
Cascavel;CRISTAIS;-4.4976388888889;-38.3605;2017;2;193.5;0.0;0.0;0.0;0.0;0.0;0.0;0.0;0.0;0.0;7.4;52.6;0.0;0.0;19.0;0.0;0.0;0.0;81.2;0.0;25.5;0.0;0.0;0.0;0.0;0.0;0.0;0.0;7.8;888.0;888.0;888.0
Cascavel;CRISTAIS;-4.4976388888889;-38.3605;2017;3;180.8;22.7;21.6;64.0;2.1;5.3;0.0;0.0;1.8;0.0;0.0;23.2;0.0;0.0;0.0;0.0;6.0;7.6;0.0;0.0;0.0;0.0;0.0;13.0;9.8;0.0;0.0;0.0;3.7;0.0;0.0;0.0
Cascavel;CRISTAIS;-4.4976388888889;-38.3605;2017;4;118.0;49.4;25.2;0.0;3.4;4.8;3.6;0.0;0.0;0.0;0.0;0.0;0.0;0.0;0.0;13.0;6.0;0.0;0.0;0.0;0.0;0.0;4.6;0.0;0.0;0.0;0.0;0.0;0.0;0.0;8.0;888.0
Cascavel;CRISTAIS;-4.4976388888889;-38.3605;2017;5;43.4;0.0;0.0;0.0;0.0;0.0;0.0;0.0;0.0;43.4;0.0;0.0;0.0;0.0;0.0;0.0;0.0;0.0;0.0;0.0;0.0;0.0;0.0;0.0;0.0;0.0;0.0;0.0;0.0;0.0;0.0;0.0
Cascavel;CRISTAIS;-4.4976388888889;-38.3605;2017;6;0.0;0.0;0.0;0.0;0.0;0.0;0.0;0.0;0.0;0.0;0.0;0.0;0.0;0.0;0.0;0.0;0.0;0.0;0.0;0.0;0.0;0.0;0.0;0.0;0.0;0.0;0.0;0.0;0.0;0.0;0.0;888.0
Cascavel;CRISTAIS;-4.4976388888889;-38.3605;2017;7;120.8;31.0;38.2;11.3;0.0;0.0;0.0;0.0;0.0;0.0;0.0;0.0;0.0;0.0;0.0;0.0;0.0;0.0;0.0;0.0;0.0;34.8;5.5;0.0;0.0;0.0;0.0;0.0;0.0;0.0;0.0;0.0
Cascavel;CRISTAIS;-4.4976388888889;-38.3605;2017;8;0.0;0.0;0.0;0.0;0.0;0.0;0.0;0.0;0.0;0.0;0.0;0.0;0.0;0.0;0.0;0.0;0.0;0.0;0.0;0.0;0.0;0.0;0.0;0.0;0.0;0.0;0.0;0.0;0.0;0.0;0.0;0.0
Cascavel;CRISTAIS;-4.4976388888889;-38.3605;2017;9;0.0;0.0;0.0;0.0;0.0;0.0;0.0;0.0;0.0;0.0;0.0;0.0;0.0;0.0;0.0;0.0;0.0;0.0;0.0;0.0;0.0;0.0;0.0;0.0;0.0;0.0;0.0;0.0;0.0;0.0;0.0;888.0
Cascavel;CRISTAIS;-4.4976388888889;-38.3605;2017;10;0.0;0.0;0.0;0.0;0.0;0.0;0.0;0.0;0.0;0.0;0.0;0.0;0.0;0.0;0.0;0.0;0.0;0.0;0.0;0.0;0.0;0.0;0.0;0.0;0.0;0.0;0.0;0.0;0.0;0.0;0.0;0.0
Cascavel;CRISTAIS;-4.4976388888889;-38.3605;2017;11;0.0;0.0;0.0;0.0;0.0;0.0;0.0;0.0;0.0;0.0;0.0;0.0;0.0;0.0;0.0;0.0;0.0;0.0;0.0;0.0;0.0;0.0;0.0;0.0;0.0;0.0;0.0;0.0;0.0;0.0;0.0;888.0
Cascavel;CRISTAIS;-4.4976388888889;-38.3605;2017;12;31.8;0.0;0.0;0.0;0.0;0.0;0.0;0.0;0.0;0.0;0.0;0.0;0.0;0.0;0.0;0.0;0.0;0.0;0.0;0.0;0.0;0.0;13.6;0.0;0.0;11.0;3.4;0.0;0.0;0.0;0.0;3.8
Cascavel;CRISTAIS;-4.4976388888889;-38.3605;2018;1;75.5;0.0;0.0;0.0;0.0;0.0;0.0;0.0;9.5;3.5;0.0;7.3;0.0;0.0;0.0;0.0;0.0;0.0;0.0;6.6;0.0;4.0;0.0;0.0;16.0;0.0;0.0;9.0;19.6;0.0;0.0;0.0
Cascavel;CRISTAIS;-4.4976388888889;-38.3605;2018;2;168.7;0.0;0.0;0.0;0.0;4.5;0.0;0.0;0.0;0.0;8.6;10.6;7.3;0.0;6.0;22.6;0.0;23.2;0.0;23.2;14.2;0.0;0.0;0.0;0.0;35.2;0.0;7.0;6.3;888.0;888.0;888.0
Cascavel;CRISTAIS;-4.4976388888889;-38.3605;2018;3;79.6;0.0;12.6;10.0;0.0;0.0;4.4;0.0;0.0;0.0;0.0;0.0;0.0;0.0;0.0;3.4;0.0;0.0;0.0;0.0;0.0;0.0;7.4;0.0;0.0;0.0;0.0;6.8;26.2;5.7;0.0;3.1
Cascavel;CRISTAIS;-4.4976388888889;-38.3605;2018;4;356.8;5.0;63.1;0.0;0.0;0.0;6.4;0.0;60.6;0.0;38.6;0.0;16.5;23.0;0.0;0.0;40.0;36.0;0.0;0.0;0.0;15.4;20.2;4.2;3.6;0.0;0.0;0.0;0.0;19.4;4.8;888.0
Cascavel;CRISTAIS;-4.4976388888889;-38.3605;2018;5;96.8;4.0;26.8;0.0;0.0;0.0;25.4;0.0;0.0;0.0;0.0;0.0;2.2;0.0;0.0;0.0;3.2;0.0;27.4;2.0;0.0;0.0;5.8;0.0;0.0;0.0;0.0;0.0;0.0;0.0;0.0;0.0
Cascavel;CRISTAIS;-4.4976388888889;-38.3605;2018;6;8.4;0.0;0.0;0.0;0.0;0.0;0.0;0.0;8.4;0.0;0.0;0.0;0.0;0.0;0.0;0.0;0.0;0.0;0.0;0.0;0.0;0.0;0.0;0.0;0.0;0.0;0.0;0.0;0.0;0.0;0.0;888.0
Cascavel;CRISTAIS;-4.4976388888889;-38.3605;2018;7;0.0;0.0;0.0;0.0;0.0;0.0;0.0;0.0;0.0;0.0;0.0;0.0;0.0;0.0;0.0;0.0;0.0;0.0;0.0;0.0;0.0;0.0;0.0;0.0;0.0;0.0;0.0;0.0;0.0;0.0;0.0;0.0
Cascavel;CRISTAIS;-4.4976388888889;-38.3605;2018;8;0.0;0.0;0.0;0.0;0.0;0.0;0.0;0.0;0.0;0.0;0.0;0.0;0.0;0.0;0.0;0.0;0.0;0.0;0.0;0.0;0.0;0.0;0.0;0.0;0.0;0.0;0.0;0.0;0.0;0.0;0.0;0.0
Cascavel;CRISTAIS;-4.4976388888889;-38.3605;2018;9;0.0;0.0;0.0;0.0;0.0;0.0;0.0;0.0;0.0;0.0;0.0;0.0;0.0;0.0;0.0;0.0;0.0;0.0;0.0;0.0;0.0;0.0;0.0;0.0;0.0;0.0;0.0;0.0;0.0;0.0;0.0;888.0
Cascavel;CRISTAIS;-4.4976388888889;-38.3605;2018;10;0.0;0.0;0.0;0.0;999.0;999.0;999.0;999.0;999.0;999.0;999.0;999.0;999.0;999.0;999.0;999.0;999.0;999.0;999.0;999.0;999.0;999.0;999.0;999.0;999.0;999.0;999.0;999.0;999.0;999.0;999.0;999.0
