Municipios;Postos;Latitude;Longitude;Anos;Meses;Total;Dia1;Dia2;Dia3;Dia4;Dia5;Dia6;Dia7;Dia8;Dia9;Dia10;Dia11;Dia12;Dia13;Dia14;Dia15;Dia16;Dia17;Dia18;Dia19;Dia20;Dia21;Dia22;Dia23;Dia24;Dia25;Dia26;Dia27;Dia28;Dia29;Dia30;Dia31
Beberibe;BOQUEIRAO DO CESARIO;-4.5906388888889;-38.21175;1983;1;6.6;2.4;0.0;0.0;0.0;0.0;0.0;0.0;0.0;0.0;0.0;0.0;0.0;0.0;0.0;0.0;0.0;0.0;0.0;0.0;0.0;0.0;0.0;0.0;0.0;0.0;0.0;0.0;0.0;0.0;4.2;0.0
Beberibe;BOQUEIRAO DO CESARIO;-4.5906388888889;-38.21175;1983;2;128.2;0.0;0.0;0.0;0.0;28.0;0.0;0.0;0.0;0.0;2.2;0.0;0.0;18.6;79.4;0.0;0.0;0.0;0.0;0.0;0.0;0.0;0.0;0.0;0.0;0.0;0.0;0.0;0.0;888.0;888.0;888.0
Beberibe;BOQUEIRAO DO CESARIO;-4.5906388888889;-38.21175;1983;3;100.1;0.0;0.0;0.0;0.0;2.0;3.8;0.0;0.0;0.0;0.0;0.0;0.0;0.0;0.0;0.0;0.0;0.0;1.4;0.0;0.0;0.0;0.0;0.0;0.0;60.8;13.7;0.8;14.2;0.6;2.8;0.0
Beberibe;BOQUEIRAO DO CESARIO;-4.5906388888889;-38.21175;1983;5;26.2;0.0;3.0;3.8;0.0;0.0;0.0;0.0;0.0;3.1;0.0;9.6;3.8;0.0;0.0;0.0;0.0;0.0;0.0;0.0;0.0;0.0;0.0;0.0;0.0;0.0;0.0;0.0;0.0;0.0;1.8;1.1
Beberibe;BOQUEIRAO DO CESARIO;-4.5906388888889;-38.21175;1983;6;0.0;0.0;0.0;0.0;0.0;0.0;0.0;0.0;0.0;0.0;0.0;0.0;0.0;0.0;0.0;0.0;0.0;0.0;0.0;0.0;0.0;0.0;0.0;0.0;0.0;0.0;0.0;0.0;0.0;0.0;0.0;888.0
Beberibe;BOQUEIRAO DO CESARIO;-4.5906388888889;-38.21175;1983;7;0.0;0.0;0.0;0.0;0.0;0.0;0.0;0.0;0.0;0.0;0.0;0.0;0.0;0.0;0.0;0.0;0.0;0.0;0.0;0.0;0.0;0.0;0.0;0.0;0.0;0.0;0.0;0.0;0.0;0.0;0.0;0.0
Beberibe;BOQUEIRAO DO CESARIO;-4.5906388888889;-38.21175;1983;8;0.0;0.0;0.0;0.0;0.0;0.0;0.0;0.0;0.0;0.0;0.0;0.0;0.0;0.0;0.0;0.0;0.0;0.0;0.0;0.0;0.0;0.0;0.0;0.0;0.0;0.0;0.0;0.0;0.0;0.0;0.0;0.0
Beberibe;BOQUEIRAO DO CESARIO;-4.5906388888889;-38.21175;1983;9;0.0;0.0;0.0;0.0;0.0;0.0;0.0;0.0;0.0;0.0;0.0;0.0;0.0;0.0;0.0;0.0;0.0;0.0;0.0;0.0;0.0;0.0;0.0;0.0;0.0;0.0;0.0;0.0;0.0;0.0;0.0;888.0
Beberibe;BOQUEIRAO DO CESARIO;-4.5906388888889;-38.21175;1983;10;0.0;0.0;0.0;0.0;0.0;0.0;0.0;0.0;0.0;0.0;0.0;0.0;0.0;0.0;0.0;0.0;0.0;0.0;0.0;0.0;0.0;0.0;0.0;0.0;0.0;0.0;0.0;0.0;0.0;0.0;0.0;0.0
Beberibe;BOQUEIRAO DO CESARIO;-4.5906388888889;-38.21175;1988;2;0.0;0.0;999.0;0.0;0.0;0.0;0.0;0.0;0.0;0.0;0.0;0.0;0.0;999.0;999.0;999.0;0.0;0.0;0.0;999.0;0.0;0.0;999.0;0.0;0.0;999.0;0.0;0.0;0.0;999.0;888.0;888.0
Beberibe;BOQUEIRAO DO CESARIO;-4.5906388888889;-38.21175;1988;3;0.0;999.0;0.0;0.0;0.0;0.0;999.0;0.0;0.0;0.0;999.0;999.0;999.0;0.0;0.0;0.0;999.0;0.0;999.0;999.0;0.0;0.0;0.0;999.0;999.0;999.0;999.0;999.0;0.0;0.0;0.0;999.0
Beberibe;BOQUEIRAO DO CESARIO;-4.5906388888889;-38.21175;1988;4;0.0;999.0;0.0;0.0;0.0;0.0;0.0;0.0;999.0;999.0;0.0;999.0;999.0;999.0;999.0;999.0;999.0;999.0;0.0;999.0;999.0;0.0;0.0;0.0;0.0;999.0;0.0;0.0;0.0;999.0;999.0;888.0
Beberibe;BOQUEIRAO DO CESARIO;-4.5906388888889;-38.21175;1988;5;0.0;999.0;999.0;0.0;999.0;999.0;0.0;999.0;0.0;0.0;0.0;999.0;0.0;0.0;0.0;999.0;999.0;999.0;999.0;0.0;0.0;0.0;999.0;0.0;999.0;0.0;0.0;0.0;0.0;0.0;0.0;0.0
Beberibe;BOQUEIRAO DO CESARIO;-4.5906388888889;-38.21175;1988;6;0.0;0.0;0.0;0.0;0.0;0.0;0.0;0.0;0.0;0.0;999.0;999.0;999.0;999.0;999.0;999.0;999.0;999.0;999.0;999.0;999.0;999.0;999.0;999.0;999.0;999.0;999.0;999.0;999.0;999.0;999.0;888.0
Beberibe;BOQUEIRAO DO CESARIO;-4.5906388888889;-38.21175;1988;10;0.0;999.0;999.0;999.0;999.0;999.0;999.0;999.0;999.0;999.0;999.0;999.0;999.0;999.0;999.0;999.0;999.0;999.0;999.0;999.0;999.0;999.0;999.0;999.0;999.0;999.0;999.0;999.0;999.0;999.0;999.0;0.0
Beberibe;BOQUEIRAO DO CESARIO;-4.5906388888889;-38.21175;1988;12;0.0;999.0;999.0;999.0;999.0;999.0;999.0;999.0;999.0;999.0;999.0;999.0;999.0;999.0;0.0;999.0;999.0;999.0;999.0;999.0;999.0;999.0;999.0;999.0;999.0;999.0;999.0;999.0;999.0;999.0;999.0;999.0
Beberibe;BOQUEIRAO DO CESARIO;-4.5906388888889;-38.21175;1989;1;0.0;0.0;0.0;0.0;0.0;999.0;0.0;999.0;0.0;0.0;0.0;0.0;0.0;999.0;999.0;0.0;0.0;0.0;0.0;0.0;0.0;0.0;999.0;999.0;999.0;999.0;0.0;0.0;0.0;0.0;0.0;0.0
Beberibe;BOQUEIRAO DO CESARIO;-4.5906388888889;-38.21175;1989;2;0.0;0.0;0.0;0.0;0.0;0.0;0.0;0.0;999.0;0.0;0.0;0.0;0.0;0.0;0.0;999.0;999.0;999.0;0.0;0.0;0.0;0.0;999.0;0.0;0.0;0.0;0.0;0.0;0.0;888.0;888.0;888.0
Beberibe;BOQUEIRAO DO CESARIO;-4.5906388888889;-38.21175;1989;3;0.0;0.0;0.0;0.0;0.0;0.0;0.0;999.0;999.0;0.0;999.0;999.0;999.0;999.0;999.0;999.0;999.0;999.0;999.0;999.0;999.0;999.0;999.0;999.0;999.0;999.0;999.0;999.0;999.0;999.0;999.0;999.0
Beberibe;BOQUEIRAO DO CESARIO;-4.5906388888889;-38.21175;1989;4;171.7;999.0;999.0;999.0;999.0;41.4;999.0;999.0;999.0;999.0;999.0;999.0;999.0;8.8;999.0;999.0;999.0;80.2;999.0;999.0;999.0;999.0;999.0;999.0;999.0;999.0;999.0;41.3;999.0;999.0;999.0;888.0
Beberibe;BOQUEIRAO DO CESARIO;-4.5906388888889;-38.21175;1989;5;31.0;999.0;999.0;999.0;999.0;999.0;999.0;999.0;999.0;999.0;999.0;999.0;999.0;31.0;999.0;999.0;999.0;999.0;999.0;999.0;999.0;999.0;999.0;999.0;999.0;999.0;999.0;999.0;999.0;999.0;999.0;999.0
Beberibe;BOQUEIRAO DO CESARIO;-4.5906388888889;-38.21175;1989;7;0.0;0.0;0.0;0.0;999.0;0.0;999.0;999.0;999.0;999.0;999.0;999.0;999.0;999.0;999.0;999.0;999.0;999.0;999.0;999.0;999.0;999.0;999.0;999.0;999.0;999.0;999.0;999.0;999.0;999.0;999.0;999.0
Beberibe;BOQUEIRAO DO CESARIO;-4.5906388888889;-38.21175;1989;8;0.0;999.0;0.0;999.0;999.0;999.0;999.0;999.0;0.0;999.0;0.0;0.0;999.0;999.0;0.0;999.0;999.0;0.0;999.0;999.0;999.0;0.0;999.0;0.0;999.0;999.0;999.0;999.0;999.0;999.0;999.0;999.0
Beberibe;BOQUEIRAO DO CESARIO;-4.5906388888889;-38.21175;1989;9;0.0;999.0;999.0;999.0;999.0;999.0;999.0;0.0;999.0;999.0;999.0;999.0;999.0;999.0;999.0;999.0;999.0;999.0;999.0;999.0;999.0;999.0;999.0;999.0;999.0;999.0;999.0;999.0;999.0;999.0;999.0;888.0
Beberibe;BOQUEIRAO DO CESARIO;-4.5906388888889;-38.21175;1990;3;0.0;0.0;999.0;999.0;999.0;999.0;999.0;999.0;999.0;999.0;999.0;999.0;999.0;999.0;999.0;999.0;999.0;999.0;999.0;999.0;999.0;999.0;999.0;999.0;999.0;999.0;999.0;999.0;999.0;999.0;999.0;999.0
Beberibe;BOQUEIRAO DO CESARIO;-4.5906388888889;-38.21175;1990;4;60.2;999.0;999.0;999.0;999.0;11.2;15.0;999.0;999.0;999.0;999.0;999.0;999.0;999.0;999.0;999.0;999.0;999.0;999.0;999.0;999.0;999.0;999.0;999.0;999.0;34.0;999.0;999.0;999.0;999.0;999.0;888.0
Beberibe;BOQUEIRAO DO CESARIO;-4.5906388888889;-38.21175;1990;5;8.7;999.0;8.7;999.0;999.0;999.0;999.0;999.0;999.0;999.0;999.0;999.0;999.0;999.0;999.0;999.0;999.0;999.0;999.0;999.0;999.0;999.0;999.0;999.0;999.0;999.0;999.0;999.0;999.0;999.0;999.0;999.0
Beberibe;BOQUEIRAO DO CESARIO;-4.5906388888889;-38.21175;1991;3;32.2;999.0;999.0;999.0;999.0;999.0;999.0;999.0;999.0;999.0;999.0;999.0;999.0;999.0;999.0;21.9;999.0;999.0;10.3;999.0;999.0;999.0;999.0;999.0;999.0;999.0;999.0;999.0;999.0;999.0;999.0;999.0
Beberibe;BOQUEIRAO DO CESARIO;-4.5906388888889;-38.21175;1991;5;0.0;999.0;999.0;999.0;999.0;999.0;999.0;999.0;999.0;999.0;999.0;0.0;999.0;999.0;999.0;999.0;999.0;999.0;999.0;999.0;999.0;999.0;999.0;999.0;999.0;999.0;999.0;999.0;999.0;999.0;999.0;999.0
Beberibe;BOQUEIRAO DO CESARIO;-4.5906388888889;-38.21175;1992;4;6.0;999.0;999.0;999.0;999.0;999.0;999.0;999.0;999.0;999.0;999.0;6.0;999.0;999.0;999.0;999.0;999.0;999.0;999.0;999.0;999.0;999.0;999.0;999.0;999.0;999.0;999.0;999.0;999.0;999.0;999.0;888.0
Beberibe;BOQUEIRAO DO CESARIO;-4.5906388888889;-38.21175;1992;9;0.0;0.0;0.0;0.0;0.0;0.0;0.0;0.0;0.0;0.0;0.0;0.0;0.0;0.0;0.0;0.0;0.0;0.0;0.0;0.0;0.0;0.0;0.0;0.0;0.0;0.0;0.0;0.0;0.0;0.0;0.0;888.0
Beberibe;BOQUEIRAO DO CESARIO;-4.5906388888889;-38.21175;1997;10;0.0;0.0;0.0;0.0;0.0;0.0;0.0;0.0;0.0;0.0;0.0;0.0;0.0;0.0;0.0;0.0;0.0;0.0;0.0;0.0;0.0;0.0;0.0;0.0;0.0;0.0;0.0;0.0;0.0;0.0;0.0;0.0
Beberibe;BOQUEIRAO DO CESARIO;-4.5906388888889;-38.21175;1997;11;0.0;0.0;0.0;0.0;0.0;0.0;0.0;0.0;0.0;0.0;0.0;0.0;0.0;0.0;0.0;0.0;0.0;0.0;0.0;0.0;0.0;0.0;0.0;0.0;0.0;0.0;0.0;0.0;0.0;0.0;0.0;888.0
Beberibe;BOQUEIRAO DO CESARIO;-4.5906388888889;-38.21175;1998;4;87.0;6.0;1.0;6.0;0.0;0.0;0.0;0.0;10.0;0.0;0.0;0.0;6.0;24.0;0.0;0.0;0.0;0.0;0.0;0.0;0.0;0.0;0.0;0.0;0.0;11.0;11.0;12.0;0.0;0.0;0.0;888.0
Beberibe;BOQUEIRAO DO CESARIO;-4.5906388888889;-38.21175;1998;5;0.0;0.0;0.0;0.0;0.0;0.0;0.0;0.0;0.0;0.0;0.0;0.0;0.0;0.0;0.0;0.0;0.0;0.0;0.0;0.0;0.0;0.0;0.0;0.0;0.0;0.0;0.0;0.0;0.0;0.0;0.0;0.0
Beberibe;BOQUEIRAO DO CESARIO;-4.5906388888889;-38.21175;1998;6;0.0;0.0;0.0;0.0;0.0;0.0;0.0;0.0;0.0;0.0;0.0;0.0;0.0;0.0;0.0;0.0;0.0;0.0;0.0;0.0;0.0;0.0;0.0;0.0;0.0;0.0;0.0;0.0;0.0;0.0;0.0;888.0
Beberibe;BOQUEIRAO DO CESARIO;-4.5906388888889;-38.21175;1998;7;0.0;0.0;0.0;0.0;0.0;0.0;0.0;0.0;0.0;0.0;0.0;0.0;0.0;0.0;0.0;0.0;0.0;0.0;0.0;0.0;0.0;0.0;0.0;0.0;0.0;0.0;0.0;0.0;0.0;0.0;0.0;0.0
Beberibe;BOQUEIRAO DO CESARIO;-4.5906388888889;-38.21175;1998;8;0.0;0.0;0.0;0.0;0.0;0.0;0.0;0.0;0.0;0.0;0.0;0.0;0.0;0.0;0.0;0.0;0.0;0.0;0.0;0.0;0.0;0.0;0.0;0.0;0.0;0.0;0.0;0.0;0.0;0.0;0.0;0.0
Beberibe;BOQUEIRAO DO CESARIO;-4.5906388888889;-38.21175;1998;9;0.0;0.0;0.0;0.0;0.0;0.0;0.0;0.0;0.0;0.0;0.0;0.0;0.0;0.0;0.0;0.0;0.0;0.0;0.0;0.0;0.0;0.0;0.0;0.0;0.0;0.0;0.0;0.0;0.0;0.0;0.0;888.0
Beberibe;BOQUEIRAO DO CESARIO;-4.5906388888889;-38.21175;1998;12;0.0;0.0;0.0;0.0;0.0;0.0;0.0;0.0;0.0;0.0;0.0;0.0;0.0;0.0;0.0;0.0;0.0;0.0;0.0;0.0;0.0;0.0;0.0;0.0;0.0;0.0;0.0;0.0;0.0;0.0;0.0;0.0
Beberibe;BOQUEIRAO DO CESARIO;-4.5906388888889;-38.21175;1999;1;75.0;0.0;0.0;0.0;0.0;0.0;0.0;0.0;73.0;0.0;0.0;0.0;0.0;0.0;0.0;0.0;0.0;0.0;0.0;0.0;0.0;0.0;0.0;0.0;0.0;0.0;2.0;0.0;0.0;0.0;0.0;0.0
Beberibe;BOQUEIRAO DO CESARIO;-4.5906388888889;-38.21175;1999;2;30.0;0.0;0.0;0.0;0.0;0.0;0.0;0.0;0.0;0.0;0.0;0.0;0.0;0.0;0.0;8.0;0.0;13.0;0.0;0.0;0.0;0.0;0.0;5.0;4.0;0.0;0.0;0.0;0.0;888.0;888.0;888.0
Beberibe;BOQUEIRAO DO CESARIO;-4.5906388888889;-38.21175;1999;3;178.5;0.0;0.0;0.0;0.0;10.0;0.0;0.0;6.0;0.0;11.0;0.0;31.0;14.5;0.0;10.0;39.0;11.0;0.0;22.0;0.0;0.0;0.0;3.0;0.0;0.0;14.0;0.0;7.0;0.0;0.0;0.0
Beberibe;BOQUEIRAO DO CESARIO;-4.5906388888889;-38.21175;1999;4;104.0;0.0;0.0;0.0;0.0;0.0;22.0;0.0;0.0;0.0;0.0;0.0;0.0;5.0;0.0;5.0;0.0;0.0;0.0;0.0;0.0;12.5;0.0;0.0;5.0;0.0;0.0;4.5;0.0;50.0;0.0;888.0
Beberibe;BOQUEIRAO DO CESARIO;-4.5906388888889;-38.21175;1999;5;65.0;6.0;27.0;0.0;0.0;0.0;0.0;0.0;0.0;0.0;0.0;0.0;0.0;0.0;0.0;5.2;8.2;0.0;0.0;0.0;0.0;5.8;0.0;0.0;4.8;0.0;0.0;0.0;8.0;0.0;0.0;0.0
Beberibe;BOQUEIRAO DO CESARIO;-4.5906388888889;-38.21175;1999;6;0.0;0.0;0.0;0.0;0.0;0.0;0.0;0.0;0.0;0.0;0.0;0.0;0.0;0.0;0.0;0.0;0.0;0.0;0.0;0.0;0.0;0.0;0.0;0.0;0.0;0.0;0.0;0.0;0.0;0.0;0.0;888.0
Beberibe;BOQUEIRAO DO CESARIO;-4.5906388888889;-38.21175;1999;7;0.0;0.0;0.0;0.0;0.0;0.0;0.0;0.0;0.0;0.0;0.0;0.0;0.0;0.0;0.0;0.0;0.0;0.0;0.0;0.0;0.0;0.0;0.0;0.0;0.0;0.0;0.0;0.0;0.0;0.0;0.0;0.0
Beberibe;BOQUEIRAO DO CESARIO;-4.5906388888889;-38.21175;1999;8;0.0;0.0;0.0;0.0;0.0;0.0;0.0;0.0;0.0;0.0;0.0;0.0;0.0;0.0;0.0;0.0;0.0;0.0;0.0;0.0;0.0;0.0;0.0;0.0;0.0;0.0;0.0;0.0;0.0;0.0;0.0;0.0
Beberibe;BOQUEIRAO DO CESARIO;-4.5906388888889;-38.21175;1999;9;0.0;0.0;0.0;0.0;0.0;0.0;0.0;0.0;0.0;0.0;0.0;0.0;0.0;0.0;0.0;0.0;0.0;0.0;0.0;0.0;0.0;0.0;0.0;0.0;0.0;0.0;0.0;0.0;0.0;0.0;0.0;888.0
Beberibe;BOQUEIRAO DO CESARIO;-4.5906388888889;-38.21175;1999;10;0.0;0.0;0.0;0.0;0.0;0.0;0.0;0.0;0.0;0.0;0.0;0.0;0.0;0.0;0.0;0.0;0.0;0.0;0.0;0.0;0.0;0.0;0.0;0.0;0.0;0.0;0.0;0.0;0.0;0.0;0.0;0.0
Beberibe;BOQUEIRAO DO CESARIO;-4.5906388888889;-38.21175;1999;11;0.0;0.0;0.0;0.0;0.0;0.0;0.0;0.0;0.0;0.0;0.0;0.0;0.0;0.0;0.0;0.0;0.0;0.0;0.0;0.0;0.0;0.0;0.0;0.0;0.0;0.0;0.0;0.0;0.0;0.0;0.0;888.0
Beberibe;BOQUEIRAO DO CESARIO;-4.5906388888889;-38.21175;1999;12;42.7;0.0;0.0;0.0;0.0;0.0;0.0;0.0;0.0;5.0;0.0;0.0;0.0;0.0;0.0;0.0;0.0;0.0;0.0;0.0;0.0;0.0;0.0;6.1;7.2;0.0;18.6;0.0;0.0;0.0;0.0;5.8
Beberibe;BOQUEIRAO DO CESARIO;-4.5906388888889;-38.21175;2000;1;170.6;0.0;13.0;0.0;0.0;32.0;18.0;35.0;0.0;6.0;22.0;4.0;0.0;0.0;0.0;5.4;8.8;6.4;0.0;0.0;0.0;8.0;0.0;12.0;0.0;0.0;0.0;0.0;0.0;0.0;0.0;0.0
Beberibe;BOQUEIRAO DO CESARIO;-4.5906388888889;-38.21175;2000;2;123.2;0.0;0.0;0.0;0.0;0.0;0.0;0.0;0.0;0.0;0.0;8.0;0.0;0.0;0.0;0.0;48.0;0.0;10.0;0.0;0.0;14.0;0.0;5.4;12.0;4.0;6.0;7.8;8.0;0.0;888.0;888.0
Beberibe;BOQUEIRAO DO CESARIO;-4.5906388888889;-38.21175;2000;3;170.4;0.0;13.0;0.0;0.0;0.0;0.0;0.0;12.8;6.0;0.0;32.0;0.0;0.0;0.0;0.0;0.0;0.0;0.0;16.0;0.0;0.0;0.0;0.0;0.0;0.0;0.0;0.0;13.6;77.0;0.0;0.0
Beberibe;BOQUEIRAO DO CESARIO;-4.5906388888889;-38.21175;2000;4;212.4;0.0;0.0;0.0;0.0;7.0;0.0;5.0;5.0;12.0;6.0;2.6;5.0;7.8;20.0;0.0;6.0;12.0;41.0;0.0;0.0;0.0;0.0;0.0;23.0;0.0;12.0;12.0;12.0;0.0;24.0;888.0
Beberibe;BOQUEIRAO DO CESARIO;-4.5906388888889;-38.21175;2000;5;113.1;39.0;0.0;16.0;0.0;0.0;0.0;7.0;9.0;0.0;10.0;0.0;0.0;12.0;0.0;6.5;0.0;0.0;9.6;0.0;0.0;0.0;0.0;0.0;0.0;0.0;0.0;0.0;0.0;0.0;4.0;0.0
Beberibe;BOQUEIRAO DO CESARIO;-4.5906388888889;-38.21175;2000;6;31.0;3.0;0.0;0.0;0.0;0.0;0.0;0.0;0.0;7.0;0.0;0.0;0.0;0.0;0.0;0.0;10.0;0.0;0.0;0.0;0.0;0.0;0.0;0.0;0.0;0.0;0.0;11.0;0.0;0.0;0.0;888.0
Beberibe;BOQUEIRAO DO CESARIO;-4.5906388888889;-38.21175;2000;7;0.0;0.0;0.0;0.0;0.0;0.0;0.0;0.0;0.0;0.0;0.0;0.0;0.0;0.0;0.0;0.0;0.0;0.0;0.0;0.0;0.0;0.0;0.0;0.0;0.0;0.0;0.0;0.0;0.0;0.0;0.0;0.0
Beberibe;BOQUEIRAO DO CESARIO;-4.5906388888889;-38.21175;2000;8;0.0;0.0;0.0;0.0;0.0;0.0;0.0;0.0;0.0;0.0;0.0;0.0;0.0;0.0;0.0;0.0;0.0;0.0;0.0;0.0;0.0;0.0;0.0;0.0;0.0;0.0;0.0;0.0;0.0;0.0;0.0;0.0
Beberibe;BOQUEIRAO DO CESARIO;-4.5906388888889;-38.21175;2000;9;0.0;0.0;0.0;0.0;0.0;0.0;0.0;0.0;0.0;0.0;0.0;0.0;0.0;0.0;0.0;0.0;0.0;0.0;0.0;0.0;0.0;0.0;0.0;0.0;0.0;0.0;0.0;0.0;0.0;0.0;0.0;888.0
Beberibe;BOQUEIRAO DO CESARIO;-4.5906388888889;-38.21175;2000;10;0.0;0.0;0.0;0.0;0.0;0.0;0.0;0.0;0.0;0.0;0.0;0.0;0.0;0.0;0.0;0.0;0.0;0.0;0.0;0.0;0.0;0.0;0.0;0.0;0.0;0.0;0.0;0.0;0.0;0.0;0.0;0.0
Beberibe;BOQUEIRAO DO CESARIO;-4.5906388888889;-38.21175;2000;11;0.0;0.0;0.0;0.0;0.0;0.0;0.0;0.0;0.0;0.0;0.0;0.0;0.0;0.0;0.0;0.0;0.0;0.0;0.0;0.0;0.0;0.0;0.0;0.0;0.0;0.0;0.0;0.0;0.0;0.0;0.0;888.0
Beberibe;BOQUEIRAO DO CESARIO;-4.5906388888889;-38.21175;2000;12;0.0;0.0;0.0;0.0;0.0;0.0;0.0;0.0;0.0;0.0;0.0;0.0;0.0;0.0;0.0;0.0;0.0;0.0;0.0;0.0;0.0;0.0;0.0;0.0;0.0;0.0;0.0;0.0;0.0;0.0;0.0;0.0
Beberibe;BOQUEIRAO DO CESARIO;-4.5906388888889;-38.21175;2001;1;82.4;0.0;0.0;6.0;0.0;0.0;0.0;0.0;0.0;0.0;0.0;0.0;0.0;0.0;65.0;0.0;0.0;0.0;0.0;0.0;0.0;0.0;0.0;0.0;0.0;0.0;0.0;0.0;0.0;0.0;0.0;11.4
Beberibe;BOQUEIRAO DO CESARIO;-4.5906388888889;-38.21175;2001;2;15.0;0.0;6.0;0.0;0.0;0.0;0.0;0.0;0.0;0.0;0.0;0.0;0.0;0.0;6.0;0.0;0.0;0.0;0.0;2.0;1.0;0.0;0.0;0.0;0.0;0.0;0.0;0.0;0.0;888.0;888.0;888.0
Beberibe;BOQUEIRAO DO CESARIO;-4.5906388888889;-38.21175;2001;3;85.6;0.0;0.0;0.0;0.0;0.0;0.0;0.0;0.0;5.0;0.0;0.0;14.8;13.2;0.0;0.0;16.6;0.0;0.0;0.0;0.0;0.0;0.0;0.0;0.0;0.0;0.0;0.0;0.0;36.0;0.0;0.0
Beberibe;BOQUEIRAO DO CESARIO;-4.5906388888889;-38.21175;2001;4;436.4;0.0;90.0;14.0;14.6;0.0;0.0;0.0;0.0;0.0;47.0;106.0;4.0;3.0;56.0;47.0;5.0;6.0;5.6;10.0;2.0;5.0;5.6;5.0;0.0;0.0;0.0;0.0;4.6;6.0;0.0;888.0
Beberibe;BOQUEIRAO DO CESARIO;-4.5906388888889;-38.21175;2001;5;10.8;0.0;0.0;0.0;6.8;0.0;0.0;0.0;0.0;0.0;0.0;0.0;4.0;0.0;0.0;0.0;0.0;0.0;0.0;0.0;0.0;0.0;0.0;0.0;0.0;0.0;0.0;0.0;0.0;0.0;0.0;0.0
Beberibe;BOQUEIRAO DO CESARIO;-4.5906388888889;-38.21175;2001;6;29.0;0.0;16.0;0.0;4.0;0.0;0.0;0.0;0.0;0.0;0.0;0.0;0.0;0.0;0.0;9.0;0.0;0.0;0.0;0.0;0.0;0.0;0.0;0.0;0.0;0.0;0.0;0.0;0.0;0.0;0.0;888.0
Beberibe;BOQUEIRAO DO CESARIO;-4.5906388888889;-38.21175;2001;7;0.0;0.0;0.0;0.0;0.0;0.0;0.0;0.0;0.0;0.0;0.0;0.0;0.0;0.0;0.0;0.0;0.0;0.0;0.0;0.0;0.0;0.0;0.0;0.0;0.0;0.0;0.0;0.0;0.0;0.0;0.0;0.0
Beberibe;BOQUEIRAO DO CESARIO;-4.5906388888889;-38.21175;2001;8;0.0;0.0;0.0;0.0;0.0;0.0;0.0;0.0;0.0;0.0;0.0;0.0;0.0;0.0;0.0;0.0;0.0;0.0;0.0;0.0;0.0;0.0;0.0;0.0;0.0;0.0;0.0;0.0;0.0;0.0;0.0;0.0
Beberibe;BOQUEIRAO DO CESARIO;-4.5906388888889;-38.21175;2001;9;0.0;0.0;0.0;0.0;0.0;0.0;0.0;0.0;0.0;0.0;0.0;0.0;0.0;0.0;0.0;0.0;0.0;0.0;0.0;0.0;0.0;0.0;0.0;0.0;0.0;0.0;0.0;0.0;0.0;0.0;0.0;888.0
Beberibe;BOQUEIRAO DO CESARIO;-4.5906388888889;-38.21175;2001;10;0.0;0.0;0.0;0.0;0.0;0.0;0.0;0.0;0.0;0.0;0.0;0.0;0.0;0.0;0.0;0.0;0.0;0.0;0.0;0.0;0.0;0.0;0.0;0.0;0.0;0.0;0.0;0.0;0.0;0.0;0.0;0.0
Beberibe;BOQUEIRAO DO CESARIO;-4.5906388888889;-38.21175;2001;11;0.0;0.0;0.0;0.0;0.0;0.0;0.0;0.0;0.0;0.0;0.0;0.0;0.0;0.0;0.0;0.0;0.0;0.0;0.0;0.0;0.0;0.0;0.0;0.0;0.0;0.0;0.0;0.0;0.0;0.0;0.0;888.0
Beberibe;BOQUEIRAO DO CESARIO;-4.5906388888889;-38.21175;2001;12;0.0;0.0;0.0;0.0;0.0;0.0;0.0;0.0;0.0;0.0;0.0;0.0;0.0;0.0;0.0;0.0;0.0;0.0;0.0;0.0;0.0;0.0;0.0;0.0;0.0;0.0;0.0;0.0;0.0;0.0;0.0;0.0
Beberibe;BOQUEIRAO DO CESARIO;-4.5906388888889;-38.21175;2002;1;206.0;0.0;0.0;5.0;0.0;0.0;0.0;0.0;16.0;42.0;0.0;0.0;0.0;81.0;4.0;0.0;0.0;4.0;8.0;0.0;0.0;0.0;27.0;1.0;0.0;0.0;4.0;2.0;11.0;1.0;0.0;0.0
Beberibe;BOQUEIRAO DO CESARIO;-4.5906388888889;-38.21175;2002;2;15.0;0.0;0.0;0.0;0.0;0.0;0.0;0.0;0.0;0.0;5.0;0.0;0.0;2.0;0.0;0.0;0.0;0.0;0.0;8.0;0.0;0.0;0.0;0.0;0.0;0.0;0.0;0.0;0.0;888.0;888.0;888.0
Beberibe;BOQUEIRAO DO CESARIO;-4.5906388888889;-38.21175;2002;3;248.0;0.0;0.0;0.0;8.0;11.0;12.0;4.0;6.0;31.0;0.0;0.0;0.0;4.0;0.0;0.0;7.0;0.0;8.0;0.0;10.0;0.0;0.0;0.0;24.0;6.0;27.0;1.0;35.0;51.0;2.0;1.0
Beberibe;BOQUEIRAO DO CESARIO;-4.5906388888889;-38.21175;2002;4;247.8;8.0;9.0;0.0;37.0;0.0;16.0;55.0;14.0;6.0;11.0;6.0;0.0;28.0;25.0;21.0;0.0;0.0;0.0;0.0;0.0;3.0;2.8;6.0;0.0;0.0;0.0;0.0;0.0;0.0;0.0;888.0
Beberibe;BOQUEIRAO DO CESARIO;-4.5906388888889;-38.21175;2002;5;145.0;0.0;18.2;0.0;0.0;0.0;0.0;24.0;2.4;2.4;0.0;21.0;6.0;47.0;0.0;24.0;0.0;0.0;0.0;0.0;0.0;0.0;0.0;0.0;0.0;0.0;0.0;0.0;0.0;0.0;0.0;0.0
Beberibe;BOQUEIRAO DO CESARIO;-4.5906388888889;-38.21175;2002;6;60.0;36.4;0.0;0.0;0.0;0.0;0.0;0.0;8.6;15.0;0.0;0.0;0.0;0.0;0.0;0.0;0.0;0.0;0.0;0.0;0.0;0.0;0.0;0.0;0.0;0.0;0.0;0.0;0.0;0.0;0.0;888.0
Beberibe;BOQUEIRAO DO CESARIO;-4.5906388888889;-38.21175;2002;7;0.0;0.0;0.0;0.0;0.0;0.0;0.0;0.0;0.0;0.0;0.0;0.0;0.0;0.0;0.0;0.0;0.0;0.0;0.0;0.0;0.0;0.0;0.0;0.0;0.0;0.0;0.0;0.0;0.0;0.0;0.0;0.0
Beberibe;BOQUEIRAO DO CESARIO;-4.5906388888889;-38.21175;2002;8;0.0;0.0;0.0;0.0;0.0;0.0;0.0;0.0;0.0;0.0;0.0;0.0;0.0;0.0;0.0;0.0;0.0;0.0;0.0;0.0;0.0;0.0;0.0;0.0;0.0;0.0;0.0;0.0;0.0;0.0;0.0;0.0
Beberibe;BOQUEIRAO DO CESARIO;-4.5906388888889;-38.21175;2002;9;0.0;0.0;0.0;0.0;0.0;0.0;0.0;0.0;0.0;0.0;0.0;0.0;0.0;0.0;0.0;0.0;0.0;0.0;0.0;0.0;0.0;0.0;0.0;0.0;0.0;0.0;0.0;0.0;0.0;0.0;0.0;888.0
Beberibe;BOQUEIRAO DO CESARIO;-4.5906388888889;-38.21175;2002;10;0.0;0.0;0.0;0.0;0.0;0.0;0.0;0.0;0.0;0.0;0.0;0.0;0.0;0.0;0.0;0.0;0.0;0.0;0.0;0.0;0.0;0.0;0.0;0.0;0.0;0.0;0.0;0.0;0.0;0.0;0.0;0.0
Beberibe;BOQUEIRAO DO CESARIO;-4.5906388888889;-38.21175;2002;11;0.0;0.0;0.0;0.0;0.0;0.0;0.0;0.0;0.0;0.0;0.0;0.0;0.0;0.0;0.0;0.0;0.0;0.0;0.0;0.0;0.0;0.0;0.0;0.0;0.0;0.0;0.0;0.0;0.0;0.0;0.0;888.0
Beberibe;BOQUEIRAO DO CESARIO;-4.5906388888889;-38.21175;2002;12;0.0;0.0;0.0;0.0;0.0;0.0;0.0;0.0;0.0;0.0;0.0;0.0;0.0;0.0;0.0;0.0;0.0;0.0;0.0;0.0;0.0;0.0;0.0;0.0;0.0;0.0;0.0;0.0;0.0;0.0;0.0;0.0
Beberibe;BOQUEIRAO DO CESARIO;-4.5906388888889;-38.21175;2003;1;45.0;0.0;0.0;0.0;0.0;0.0;0.0;0.0;0.0;0.0;0.0;0.0;0.0;0.0;0.0;0.0;0.0;0.0;0.0;0.0;0.0;0.0;37.0;0.0;8.0;0.0;0.0;0.0;0.0;0.0;0.0;0.0
Beberibe;BOQUEIRAO DO CESARIO;-4.5906388888889;-38.21175;2003;2;69.0;13.0;0.0;0.0;0.0;0.0;27.0;0.0;0.0;0.0;0.0;0.0;0.0;0.0;0.0;0.0;0.0;0.0;0.0;19.0;0.0;0.0;0.0;0.0;0.0;10.0;0.0;0.0;0.0;888.0;888.0;888.0
Beberibe;BOQUEIRAO DO CESARIO;-4.5906388888889;-38.21175;2003;3;227.0;0.0;0.0;0.0;43.0;0.0;0.0;14.0;0.0;0.0;29.0;10.0;0.0;0.0;0.0;0.0;35.0;0.0;3.0;0.0;0.0;36.0;0.0;0.0;10.0;0.0;9.0;0.0;0.0;25.0;13.0;0.0
Beberibe;BOQUEIRAO DO CESARIO;-4.5906388888889;-38.21175;2003;4;256.5;9.0;0.0;33.0;0.0;0.0;0.0;4.0;8.0;30.0;26.0;31.0;0.0;0.0;0.0;0.0;0.0;0.0;0.0;38.0;0.0;0.0;13.0;10.0;7.5;42.0;0.0;0.0;0.0;0.0;5.0;888.0
Beberibe;BOQUEIRAO DO CESARIO;-4.5906388888889;-38.21175;2003;5;78.0;32.0;0.0;0.0;0.0;28.0;0.0;0.0;0.0;0.0;0.0;0.0;0.0;0.0;0.0;0.0;0.0;10.0;0.0;0.0;8.0;0.0;0.0;0.0;0.0;0.0;0.0;0.0;0.0;0.0;0.0;0.0
Beberibe;BOQUEIRAO DO CESARIO;-4.5906388888889;-38.21175;2003;6;32.0;0.0;0.0;0.0;0.0;8.0;0.0;0.0;0.0;0.0;0.0;0.0;0.0;0.0;0.0;0.0;19.0;5.0;0.0;0.0;0.0;0.0;0.0;0.0;0.0;0.0;0.0;0.0;0.0;0.0;0.0;888.0
Beberibe;BOQUEIRAO DO CESARIO;-4.5906388888889;-38.21175;2003;7;0.0;0.0;0.0;0.0;0.0;0.0;0.0;0.0;0.0;0.0;0.0;0.0;0.0;0.0;0.0;0.0;0.0;0.0;0.0;0.0;0.0;0.0;0.0;0.0;0.0;0.0;0.0;0.0;0.0;0.0;0.0;0.0
Beberibe;BOQUEIRAO DO CESARIO;-4.5906388888889;-38.21175;2003;8;0.0;0.0;0.0;0.0;0.0;0.0;0.0;0.0;0.0;0.0;0.0;0.0;0.0;0.0;0.0;0.0;0.0;0.0;0.0;0.0;0.0;0.0;0.0;0.0;0.0;0.0;0.0;0.0;0.0;0.0;0.0;0.0
Beberibe;BOQUEIRAO DO CESARIO;-4.5906388888889;-38.21175;2003;9;0.0;0.0;0.0;0.0;0.0;0.0;0.0;0.0;0.0;0.0;0.0;0.0;0.0;0.0;0.0;0.0;0.0;0.0;0.0;0.0;0.0;0.0;0.0;0.0;0.0;0.0;0.0;0.0;0.0;0.0;0.0;888.0
Beberibe;BOQUEIRAO DO CESARIO;-4.5906388888889;-38.21175;2003;10;0.0;0.0;0.0;0.0;0.0;0.0;0.0;0.0;0.0;0.0;0.0;0.0;0.0;0.0;0.0;0.0;0.0;0.0;0.0;0.0;0.0;0.0;0.0;0.0;0.0;0.0;0.0;0.0;0.0;0.0;0.0;0.0
Beberibe;BOQUEIRAO DO CESARIO;-4.5906388888889;-38.21175;2003;11;0.0;0.0;0.0;0.0;0.0;0.0;0.0;0.0;0.0;0.0;0.0;0.0;0.0;0.0;0.0;0.0;0.0;0.0;0.0;0.0;0.0;0.0;0.0;0.0;0.0;0.0;0.0;0.0;0.0;0.0;0.0;888.0
Beberibe;BOQUEIRAO DO CESARIO;-4.5906388888889;-38.21175;2003;12;0.0;0.0;0.0;0.0;0.0;0.0;0.0;0.0;0.0;0.0;0.0;0.0;0.0;0.0;0.0;0.0;0.0;0.0;0.0;0.0;0.0;0.0;0.0;0.0;0.0;0.0;0.0;0.0;0.0;0.0;0.0;0.0
Beberibe;BOQUEIRAO DO CESARIO;-4.5906388888889;-38.21175;2004;1;240.0;0.0;0.0;0.0;0.0;0.0;0.0;0.0;0.0;0.0;0.0;0.0;0.0;10.0;0.0;11.0;0.0;0.0;24.0;7.0;4.0;0.0;5.0;5.0;32.0;3.0;14.0;32.0;13.0;19.0;59.0;2.0
Beberibe;BOQUEIRAO DO CESARIO;-4.5906388888889;-38.21175;2004;2;328.0;2.0;7.0;40.0;9.0;7.0;28.0;4.0;7.0;3.0;3.0;0.0;0.0;28.0;45.0;0.0;70.0;10.0;0.0;0.0;0.0;0.0;0.0;0.0;4.0;8.0;0.0;40.0;5.0;8.0;888.0;888.0
Beberibe;BOQUEIRAO DO CESARIO;-4.5906388888889;-38.21175;2004;3;91.0;8.0;0.0;0.0;0.0;0.0;0.0;16.0;17.0;0.0;0.0;9.0;16.0;8.0;0.0;0.0;0.0;5.0;0.0;0.0;0.0;0.0;12.0;0.0;0.0;0.0;0.0;0.0;0.0;0.0;0.0;0.0
Beberibe;BOQUEIRAO DO CESARIO;-4.5906388888889;-38.21175;2004;4;84.0;0.0;5.0;0.0;0.0;0.0;0.0;0.0;0.0;0.0;0.0;0.0;0.0;0.0;0.0;3.0;7.0;0.0;0.0;0.0;11.0;0.0;6.0;34.0;0.0;0.0;18.0;0.0;0.0;0.0;0.0;888.0
Beberibe;BOQUEIRAO DO CESARIO;-4.5906388888889;-38.21175;2004;5;16.0;0.0;0.0;0.0;0.0;0.0;0.0;8.0;0.0;0.0;8.0;0.0;0.0;0.0;0.0;0.0;0.0;0.0;0.0;0.0;0.0;0.0;0.0;0.0;0.0;0.0;0.0;0.0;0.0;0.0;0.0;0.0
Beberibe;BOQUEIRAO DO CESARIO;-4.5906388888889;-38.21175;2004;6;117.5;0.0;19.0;0.0;0.0;0.0;16.0;16.0;0.0;0.0;3.0;0.0;0.0;0.0;0.0;6.0;0.0;0.0;7.0;0.0;9.0;0.0;8.0;8.0;0.0;0.0;0.0;0.0;4.5;21.0;0.0;888.0
Beberibe;BOQUEIRAO DO CESARIO;-4.5906388888889;-38.21175;2004;7;34.5;3.0;0.0;0.0;7.0;0.0;0.0;0.0;2.0;0.0;0.0;0.0;0.0;0.0;6.5;0.0;0.0;16.0;0.0;0.0;0.0;0.0;0.0;0.0;0.0;0.0;0.0;0.0;0.0;0.0;0.0;0.0
Beberibe;BOQUEIRAO DO CESARIO;-4.5906388888889;-38.21175;2004;8;0.0;0.0;0.0;0.0;0.0;0.0;0.0;0.0;0.0;0.0;0.0;0.0;0.0;0.0;0.0;0.0;0.0;0.0;0.0;0.0;0.0;0.0;0.0;0.0;0.0;0.0;0.0;0.0;0.0;0.0;0.0;0.0
Beberibe;BOQUEIRAO DO CESARIO;-4.5906388888889;-38.21175;2004;9;0.0;0.0;0.0;0.0;0.0;0.0;0.0;0.0;0.0;0.0;0.0;0.0;0.0;0.0;0.0;0.0;0.0;0.0;0.0;0.0;0.0;0.0;0.0;0.0;0.0;0.0;0.0;0.0;0.0;0.0;0.0;888.0
Beberibe;BOQUEIRAO DO CESARIO;-4.5906388888889;-38.21175;2004;10;0.0;0.0;0.0;0.0;0.0;0.0;0.0;0.0;0.0;0.0;0.0;0.0;0.0;0.0;0.0;0.0;0.0;0.0;0.0;0.0;0.0;0.0;0.0;0.0;0.0;0.0;0.0;0.0;0.0;0.0;0.0;0.0
Beberibe;BOQUEIRAO DO CESARIO;-4.5906388888889;-38.21175;2004;11;0.0;0.0;0.0;0.0;0.0;0.0;0.0;0.0;0.0;0.0;0.0;0.0;0.0;0.0;0.0;0.0;0.0;0.0;0.0;0.0;0.0;0.0;0.0;0.0;0.0;0.0;0.0;0.0;0.0;0.0;0.0;888.0
Beberibe;BOQUEIRAO DO CESARIO;-4.5906388888889;-38.21175;2004;12;0.0;0.0;0.0;0.0;0.0;0.0;0.0;0.0;0.0;0.0;0.0;0.0;0.0;0.0;0.0;0.0;0.0;0.0;0.0;0.0;0.0;0.0;0.0;0.0;0.0;0.0;0.0;0.0;0.0;0.0;0.0;0.0
Beberibe;BOQUEIRAO DO CESARIO;-4.5906388888889;-38.21175;2005;1;0.0;0.0;0.0;0.0;0.0;0.0;0.0;0.0;0.0;0.0;0.0;0.0;0.0;0.0;0.0;0.0;0.0;0.0;0.0;0.0;0.0;0.0;0.0;0.0;0.0;0.0;0.0;0.0;0.0;0.0;0.0;0.0
Beberibe;BOQUEIRAO DO CESARIO;-4.5906388888889;-38.21175;2005;2;29.0;0.0;0.0;0.0;0.0;0.0;0.0;0.0;0.0;0.0;0.0;0.0;0.0;0.0;0.0;0.0;18.0;0.0;6.0;0.0;0.0;0.0;0.0;0.0;0.0;0.0;5.0;0.0;0.0;888.0;888.0;888.0
Beberibe;BOQUEIRAO DO CESARIO;-4.5906388888889;-38.21175;2005;3;200.0;0.0;0.0;0.0;0.0;0.0;0.0;0.0;0.0;0.0;0.0;0.0;0.0;0.0;0.0;0.0;0.0;0.0;0.0;31.0;31.0;22.0;8.0;18.0;8.0;8.0;11.0;0.0;43.0;0.0;9.0;11.0
Beberibe;BOQUEIRAO DO CESARIO;-4.5906388888889;-38.21175;2005;4;102.0;0.0;8.0;0.0;2.0;6.0;0.0;0.0;5.0;0.0;5.0;32.0;6.0;0.0;7.0;10.0;11.0;0.0;0.0;0.0;0.0;2.0;0.0;0.0;0.0;0.0;0.0;0.0;0.0;7.0;1.0;888.0
Beberibe;BOQUEIRAO DO CESARIO;-4.5906388888889;-38.21175;2005;5;140.5;5.0;0.0;20.0;1.0;0.0;0.0;3.0;0.0;8.0;0.0;0.0;6.0;3.0;8.0;0.0;0.0;0.0;8.0;5.0;4.0;13.0;18.5;3.0;0.0;0.0;0.0;17.0;1.0;13.0;2.0;2.0
Beberibe;BOQUEIRAO DO CESARIO;-4.5906388888889;-38.21175;2005;6;81.0;2.0;5.0;6.0;0.0;0.0;8.0;0.0;0.0;10.0;14.0;0.0;0.0;0.0;0.0;3.0;0.0;0.0;0.0;8.0;0.0;0.0;4.0;3.0;0.0;0.0;0.0;8.0;6.0;4.0;0.0;888.0
Beberibe;BOQUEIRAO DO CESARIO;-4.5906388888889;-38.21175;2005;7;8.0;0.0;0.0;0.0;0.0;0.0;0.0;0.0;0.0;0.0;0.0;0.0;0.0;0.0;0.0;0.0;0.0;0.0;0.0;0.0;0.0;8.0;0.0;0.0;0.0;0.0;0.0;0.0;0.0;0.0;0.0;0.0
Beberibe;BOQUEIRAO DO CESARIO;-4.5906388888889;-38.21175;2005;8;0.0;0.0;0.0;0.0;0.0;0.0;0.0;0.0;0.0;0.0;0.0;0.0;0.0;0.0;0.0;0.0;0.0;0.0;0.0;0.0;0.0;0.0;0.0;0.0;0.0;0.0;0.0;0.0;0.0;0.0;0.0;0.0
Beberibe;BOQUEIRAO DO CESARIO;-4.5906388888889;-38.21175;2005;9;0.0;0.0;0.0;0.0;0.0;0.0;0.0;0.0;0.0;0.0;0.0;0.0;0.0;0.0;0.0;0.0;0.0;0.0;0.0;0.0;0.0;0.0;0.0;0.0;0.0;0.0;0.0;0.0;0.0;0.0;0.0;888.0
Beberibe;BOQUEIRAO DO CESARIO;-4.5906388888889;-38.21175;2005;10;0.0;0.0;0.0;0.0;0.0;0.0;0.0;0.0;0.0;0.0;0.0;0.0;0.0;0.0;0.0;0.0;0.0;0.0;0.0;0.0;0.0;0.0;0.0;0.0;0.0;0.0;0.0;0.0;0.0;0.0;0.0;0.0
Beberibe;BOQUEIRAO DO CESARIO;-4.5906388888889;-38.21175;2005;11;0.0;0.0;0.0;0.0;0.0;0.0;0.0;0.0;0.0;0.0;0.0;0.0;0.0;0.0;0.0;0.0;0.0;0.0;0.0;0.0;0.0;0.0;0.0;0.0;0.0;0.0;0.0;0.0;0.0;0.0;0.0;888.0
Beberibe;BOQUEIRAO DO CESARIO;-4.5906388888889;-38.21175;2005;12;2.0;0.0;0.0;0.0;0.0;0.0;0.0;0.0;0.0;0.0;0.0;0.0;0.0;0.0;0.0;0.0;0.0;0.0;0.0;0.0;0.0;0.0;0.0;2.0;0.0;0.0;0.0;0.0;0.0;0.0;0.0;0.0
Beberibe;BOQUEIRAO DO CESARIO;-4.5906388888889;-38.21175;2006;1;0.0;0.0;0.0;0.0;0.0;0.0;0.0;0.0;0.0;0.0;0.0;0.0;0.0;0.0;0.0;0.0;0.0;0.0;0.0;0.0;0.0;0.0;0.0;0.0;0.0;0.0;0.0;0.0;0.0;0.0;0.0;0.0
Beberibe;BOQUEIRAO DO CESARIO;-4.5906388888889;-38.21175;2006;2;109.0;6.0;0.0;0.0;0.0;0.0;0.0;0.0;0.0;0.0;0.0;0.0;0.0;0.0;0.0;0.0;0.0;26.0;0.0;13.0;0.0;0.0;9.0;8.0;39.0;2.0;0.0;0.0;6.0;888.0;888.0;888.0
Beberibe;BOQUEIRAO DO CESARIO;-4.5906388888889;-38.21175;2006;3;230.0;23.0;13.0;34.0;5.0;0.0;0.0;0.0;0.0;0.0;0.0;0.0;0.0;10.0;27.0;4.0;0.0;0.0;0.0;16.0;15.0;0.0;24.0;20.0;19.0;0.0;0.0;3.0;2.0;4.0;7.0;4.0
Beberibe;BOQUEIRAO DO CESARIO;-4.5906388888889;-38.21175;2006;4;268.4;9.0;4.0;4.0;4.0;20.0;0.0;0.0;3.0;0.0;0.0;3.0;25.0;4.0;22.0;32.0;28.0;0.0;0.0;0.0;0.0;36.0;20.0;2.0;5.4;18.0;0.0;0.0;0.0;7.0;22.0;888.0
Beberibe;BOQUEIRAO DO CESARIO;-4.5906388888889;-38.21175;2006;5;200.4;25.0;0.0;7.4;3.0;0.0;83.0;0.0;3.0;0.0;27.0;0.0;0.0;0.0;14.0;0.0;5.0;0.0;0.0;0.0;0.0;0.0;0.0;0.0;2.0;0.0;0.0;13.0;0.0;0.0;0.0;18.0
Beberibe;BOQUEIRAO DO CESARIO;-4.5906388888889;-38.21175;2006;6;133.0;0.0;0.0;0.0;0.0;0.0;5.8;0.0;18.0;0.0;3.0;0.0;0.0;72.0;0.0;0.0;0.0;9.2;0.0;0.0;0.0;0.0;13.0;0.0;0.0;0.0;0.0;0.0;12.0;0.0;0.0;888.0
Beberibe;BOQUEIRAO DO CESARIO;-4.5906388888889;-38.21175;2006;7;0.0;0.0;0.0;0.0;0.0;0.0;0.0;0.0;0.0;0.0;0.0;0.0;0.0;0.0;0.0;0.0;0.0;0.0;0.0;0.0;0.0;0.0;0.0;0.0;0.0;0.0;0.0;0.0;0.0;0.0;0.0;0.0
Beberibe;BOQUEIRAO DO CESARIO;-4.5906388888889;-38.21175;2006;8;0.0;0.0;0.0;0.0;0.0;0.0;0.0;0.0;0.0;0.0;0.0;0.0;0.0;0.0;0.0;0.0;0.0;0.0;0.0;0.0;0.0;0.0;0.0;0.0;0.0;0.0;0.0;0.0;0.0;0.0;0.0;0.0
Beberibe;BOQUEIRAO DO CESARIO;-4.5906388888889;-38.21175;2006;9;0.0;0.0;0.0;0.0;0.0;0.0;0.0;0.0;0.0;0.0;0.0;0.0;0.0;0.0;0.0;0.0;0.0;0.0;0.0;0.0;0.0;0.0;0.0;0.0;0.0;0.0;0.0;0.0;0.0;0.0;0.0;888.0
Beberibe;BOQUEIRAO DO CESARIO;-4.5906388888889;-38.21175;2006;10;0.0;0.0;0.0;0.0;0.0;0.0;0.0;0.0;0.0;0.0;0.0;0.0;0.0;0.0;0.0;0.0;0.0;0.0;0.0;0.0;0.0;0.0;0.0;0.0;0.0;0.0;0.0;0.0;0.0;0.0;0.0;0.0
Beberibe;BOQUEIRAO DO CESARIO;-4.5906388888889;-38.21175;2006;11;0.0;0.0;0.0;0.0;0.0;0.0;0.0;0.0;0.0;0.0;0.0;0.0;0.0;0.0;0.0;0.0;0.0;0.0;0.0;0.0;0.0;0.0;0.0;0.0;0.0;0.0;0.0;0.0;0.0;0.0;0.0;888.0
Beberibe;BOQUEIRAO DO CESARIO;-4.5906388888889;-38.21175;2006;12;0.0;0.0;0.0;0.0;0.0;0.0;0.0;0.0;0.0;0.0;0.0;0.0;0.0;0.0;0.0;0.0;0.0;0.0;0.0;0.0;0.0;0.0;0.0;0.0;0.0;0.0;0.0;0.0;0.0;0.0;0.0;0.0
Beberibe;BOQUEIRAO DO CESARIO;-4.5906388888889;-38.21175;2007;1;12.0;0.0;0.0;0.0;0.0;0.0;12.0;0.0;0.0;0.0;0.0;0.0;0.0;0.0;0.0;0.0;0.0;0.0;0.0;0.0;0.0;0.0;0.0;0.0;0.0;0.0;0.0;0.0;0.0;0.0;0.0;0.0
Beberibe;BOQUEIRAO DO CESARIO;-4.5906388888889;-38.21175;2007;2;186.0;0.0;0.0;0.0;12.0;28.0;0.0;3.0;2.0;0.0;0.0;0.0;0.0;18.0;8.0;6.0;10.0;22.0;15.0;0.0;0.0;2.0;10.0;12.0;17.0;0.0;3.0;4.0;14.0;888.0;888.0;888.0
Beberibe;BOQUEIRAO DO CESARIO;-4.5906388888889;-38.21175;2007;3;144.0;25.0;0.0;0.0;7.0;25.0;0.0;0.0;0.0;0.0;12.0;0.0;20.0;27.0;0.0;0.0;0.0;0.0;0.0;10.0;10.0;0.0;0.0;0.0;0.0;0.0;0.0;0.0;8.0;0.0;0.0;0.0
Beberibe;BOQUEIRAO DO CESARIO;-4.5906388888889;-38.21175;2007;4;222.3;0.0;0.0;0.0;0.0;0.0;0.0;0.0;0.0;0.0;0.0;0.0;0.0;10.0;0.0;0.0;4.0;0.0;52.0;16.0;5.0;50.0;16.0;0.0;13.0;0.0;6.0;18.5;28.8;3.0;0.0;888.0
Beberibe;BOQUEIRAO DO CESARIO;-4.5906388888889;-38.21175;2007;5;70.0;15.0;0.0;12.0;0.0;43.0;0.0;0.0;0.0;0.0;0.0;0.0;0.0;0.0;0.0;0.0;0.0;0.0;0.0;0.0;0.0;0.0;0.0;0.0;0.0;0.0;0.0;0.0;0.0;0.0;0.0;0.0
Beberibe;BOQUEIRAO DO CESARIO;-4.5906388888889;-38.21175;2007;6;44.0;0.0;0.0;0.0;0.0;0.0;22.0;0.0;0.0;0.0;0.0;0.0;0.0;18.0;0.0;0.0;0.0;0.0;0.0;0.0;0.0;4.0;0.0;0.0;0.0;0.0;0.0;0.0;0.0;0.0;0.0;888.0
Beberibe;BOQUEIRAO DO CESARIO;-4.5906388888889;-38.21175;2007;7;0.0;0.0;0.0;0.0;0.0;0.0;0.0;0.0;0.0;0.0;0.0;0.0;0.0;0.0;0.0;0.0;0.0;0.0;0.0;0.0;0.0;0.0;0.0;0.0;0.0;0.0;0.0;0.0;0.0;0.0;0.0;0.0
Beberibe;BOQUEIRAO DO CESARIO;-4.5906388888889;-38.21175;2007;8;0.0;0.0;0.0;0.0;0.0;0.0;0.0;0.0;0.0;0.0;0.0;0.0;0.0;0.0;0.0;0.0;0.0;0.0;0.0;0.0;0.0;0.0;0.0;0.0;0.0;0.0;0.0;0.0;0.0;0.0;0.0;0.0
Beberibe;BOQUEIRAO DO CESARIO;-4.5906388888889;-38.21175;2007;9;0.0;0.0;0.0;0.0;0.0;0.0;0.0;0.0;0.0;0.0;0.0;0.0;0.0;0.0;0.0;0.0;0.0;0.0;0.0;0.0;0.0;0.0;0.0;0.0;0.0;0.0;0.0;0.0;0.0;0.0;0.0;888.0
Beberibe;BOQUEIRAO DO CESARIO;-4.5906388888889;-38.21175;2007;10;0.0;0.0;0.0;0.0;0.0;0.0;0.0;0.0;0.0;0.0;0.0;0.0;0.0;0.0;0.0;0.0;0.0;0.0;0.0;0.0;0.0;0.0;0.0;0.0;0.0;0.0;0.0;0.0;0.0;0.0;0.0;0.0
Beberibe;BOQUEIRAO DO CESARIO;-4.5906388888889;-38.21175;2007;11;0.0;0.0;0.0;0.0;0.0;0.0;0.0;0.0;0.0;0.0;0.0;0.0;0.0;0.0;0.0;0.0;0.0;0.0;0.0;0.0;0.0;0.0;0.0;0.0;0.0;0.0;0.0;0.0;0.0;0.0;0.0;888.0
Beberibe;BOQUEIRAO DO CESARIO;-4.5906388888889;-38.21175;2007;12;0.0;0.0;0.0;0.0;0.0;0.0;0.0;0.0;0.0;0.0;0.0;0.0;0.0;0.0;0.0;0.0;0.0;0.0;0.0;0.0;0.0;0.0;0.0;0.0;0.0;0.0;0.0;0.0;0.0;0.0;0.0;0.0
Beberibe;BOQUEIRAO DO CESARIO;-4.5906388888889;-38.21175;2008;1;0.0;0.0;0.0;0.0;0.0;0.0;0.0;0.0;0.0;0.0;0.0;0.0;0.0;0.0;0.0;0.0;0.0;0.0;0.0;0.0;0.0;0.0;0.0;0.0;0.0;0.0;0.0;0.0;0.0;0.0;0.0;0.0
Beberibe;BOQUEIRAO DO CESARIO;-4.5906388888889;-38.21175;2008;2;13.0;0.0;0.0;0.0;0.0;0.0;0.0;0.0;0.0;0.0;0.0;0.0;0.0;0.0;0.0;0.0;0.0;0.0;0.0;0.0;0.0;0.0;0.0;0.0;0.0;0.0;5.0;0.0;0.0;8.0;888.0;888.0
Beberibe;BOQUEIRAO DO CESARIO;-4.5906388888889;-38.21175;2008;3;162.0;0.0;0.0;0.0;0.0;0.0;0.0;12.0;0.0;10.0;4.0;6.0;8.0;9.0;5.0;12.0;4.0;21.0;0.0;0.0;0.0;23.0;8.0;5.0;14.0;0.0;0.0;0.0;0.0;4.0;13.0;4.0
Beberibe;BOQUEIRAO DO CESARIO;-4.5906388888889;-38.21175;2008;4;37.0;6.0;5.0;4.0;0.0;0.0;7.0;6.0;4.0;5.0;0.0;0.0;0.0;0.0;0.0;0.0;0.0;0.0;0.0;0.0;0.0;0.0;0.0;0.0;0.0;0.0;0.0;0.0;0.0;0.0;0.0;888.0
Beberibe;BOQUEIRAO DO CESARIO;-4.5906388888889;-38.21175;2008;5;0.0;0.0;0.0;0.0;0.0;0.0;0.0;0.0;0.0;0.0;0.0;0.0;0.0;0.0;0.0;0.0;0.0;0.0;0.0;0.0;0.0;0.0;0.0;0.0;0.0;0.0;0.0;0.0;0.0;0.0;0.0;0.0
Beberibe;BOQUEIRAO DO CESARIO;-4.5906388888889;-38.21175;2008;6;0.0;0.0;0.0;0.0;0.0;0.0;0.0;0.0;0.0;0.0;0.0;0.0;0.0;0.0;0.0;0.0;0.0;0.0;0.0;0.0;0.0;0.0;0.0;0.0;0.0;0.0;0.0;0.0;0.0;0.0;0.0;888.0
Beberibe;BOQUEIRAO DO CESARIO;-4.5906388888889;-38.21175;2008;7;0.0;0.0;0.0;0.0;0.0;0.0;0.0;0.0;0.0;0.0;0.0;0.0;0.0;0.0;0.0;0.0;0.0;0.0;0.0;0.0;0.0;0.0;0.0;0.0;0.0;0.0;0.0;0.0;0.0;0.0;0.0;0.0
Beberibe;BOQUEIRAO DO CESARIO;-4.5906388888889;-38.21175;2008;8;0.0;0.0;0.0;0.0;0.0;0.0;0.0;0.0;0.0;0.0;0.0;0.0;0.0;0.0;0.0;0.0;0.0;0.0;0.0;0.0;0.0;0.0;0.0;0.0;0.0;0.0;0.0;0.0;0.0;0.0;0.0;0.0
Beberibe;BOQUEIRAO DO CESARIO;-4.5906388888889;-38.21175;2008;9;0.0;0.0;0.0;0.0;0.0;0.0;0.0;0.0;0.0;0.0;0.0;0.0;0.0;0.0;0.0;0.0;0.0;0.0;0.0;0.0;0.0;0.0;0.0;0.0;0.0;0.0;0.0;0.0;0.0;0.0;0.0;888.0
Beberibe;BOQUEIRAO DO CESARIO;-4.5906388888889;-38.21175;2008;10;0.0;0.0;0.0;0.0;0.0;0.0;0.0;0.0;0.0;0.0;0.0;0.0;0.0;0.0;0.0;0.0;0.0;0.0;0.0;0.0;0.0;0.0;0.0;0.0;0.0;0.0;0.0;0.0;0.0;0.0;0.0;0.0
Beberibe;BOQUEIRAO DO CESARIO;-4.5906388888889;-38.21175;2008;11;0.0;0.0;0.0;0.0;0.0;0.0;0.0;0.0;0.0;0.0;0.0;0.0;0.0;0.0;0.0;0.0;0.0;0.0;0.0;0.0;0.0;0.0;0.0;0.0;0.0;0.0;0.0;0.0;0.0;0.0;0.0;888.0
Beberibe;BOQUEIRAO DO CESARIO;-4.5906388888889;-38.21175;2008;12;0.0;0.0;0.0;0.0;0.0;0.0;0.0;0.0;0.0;0.0;0.0;0.0;0.0;0.0;0.0;0.0;0.0;0.0;0.0;0.0;0.0;0.0;0.0;0.0;0.0;0.0;0.0;0.0;0.0;0.0;0.0;0.0
Beberibe;BOQUEIRAO DO CESARIO;-4.5906388888889;-38.21175;2009;1;41.0;0.0;0.0;0.0;0.0;0.0;0.0;0.0;0.0;0.0;0.0;0.0;0.0;0.0;0.0;0.0;0.0;0.0;0.0;0.0;0.0;18.0;12.0;0.0;0.0;11.0;0.0;0.0;0.0;0.0;0.0;0.0
Beberibe;BOQUEIRAO DO CESARIO;-4.5906388888889;-38.21175;2009;2;109.0;0.0;18.0;12.0;0.0;0.0;0.0;0.0;0.0;0.0;0.0;0.0;0.0;0.0;28.0;0.0;0.0;0.0;0.0;0.0;0.0;0.0;12.0;18.0;0.0;0.0;11.0;0.0;10.0;888.0;888.0;888.0
Beberibe;BOQUEIRAO DO CESARIO;-4.5906388888889;-38.21175;2009;3;191.0;14.0;10.0;0.0;18.0;0.0;0.0;0.0;12.0;10.0;0.0;0.0;16.0;0.0;12.0;0.0;25.0;26.0;0.0;0.0;0.0;16.0;0.0;6.0;0.0;0.0;0.0;0.0;16.0;6.0;4.0;0.0
Beberibe;BOQUEIRAO DO CESARIO;-4.5906388888889;-38.21175;2009;4;453.0;54.0;9.0;0.0;0.0;39.0;50.0;22.0;21.0;0.0;36.0;0.0;0.0;90.0;0.0;0.0;0.0;0.0;0.0;0.0;48.0;18.0;22.0;0.0;0.0;0.0;0.0;44.0;0.0;0.0;0.0;888.0
Beberibe;BOQUEIRAO DO CESARIO;-4.5906388888889;-38.21175;2009;5;270.0;0.0;0.0;44.0;0.0;12.0;0.0;0.0;18.0;21.0;0.0;46.0;0.0;0.0;0.0;13.0;0.0;21.0;0.0;0.0;0.0;18.0;0.0;38.0;0.0;18.0;0.0;21.0;0.0;0.0;0.0;0.0
Beberibe;BOQUEIRAO DO CESARIO;-4.5906388888889;-38.21175;2009;6;48.0;0.0;0.0;0.0;0.0;0.0;0.0;0.0;0.0;0.0;0.0;0.0;0.0;0.0;0.0;0.0;0.0;0.0;0.0;0.0;0.0;0.0;0.0;8.0;0.0;28.0;0.0;0.0;0.0;0.0;12.0;888.0
Beberibe;BOQUEIRAO DO CESARIO;-4.5906388888889;-38.21175;2009;7;0.0;0.0;0.0;0.0;0.0;0.0;0.0;0.0;0.0;0.0;0.0;0.0;0.0;0.0;0.0;0.0;0.0;0.0;0.0;0.0;0.0;0.0;0.0;0.0;0.0;0.0;0.0;0.0;0.0;0.0;0.0;0.0
Beberibe;BOQUEIRAO DO CESARIO;-4.5906388888889;-38.21175;2009;8;0.0;0.0;0.0;0.0;0.0;0.0;0.0;0.0;0.0;0.0;0.0;0.0;0.0;0.0;0.0;0.0;0.0;0.0;0.0;0.0;0.0;0.0;0.0;0.0;0.0;0.0;0.0;0.0;0.0;0.0;0.0;0.0
Beberibe;BOQUEIRAO DO CESARIO;-4.5906388888889;-38.21175;2009;9;0.0;0.0;0.0;0.0;0.0;0.0;0.0;0.0;0.0;0.0;0.0;0.0;0.0;0.0;0.0;0.0;0.0;0.0;0.0;0.0;0.0;0.0;0.0;0.0;0.0;0.0;0.0;0.0;0.0;0.0;0.0;888.0
Beberibe;BOQUEIRAO DO CESARIO;-4.5906388888889;-38.21175;2009;10;0.0;0.0;0.0;0.0;0.0;0.0;0.0;0.0;0.0;0.0;0.0;0.0;0.0;0.0;0.0;0.0;0.0;0.0;0.0;0.0;0.0;0.0;0.0;0.0;0.0;0.0;0.0;0.0;0.0;0.0;0.0;0.0
Beberibe;BOQUEIRAO DO CESARIO;-4.5906388888889;-38.21175;2009;11;0.0;0.0;0.0;0.0;0.0;0.0;0.0;0.0;0.0;0.0;0.0;0.0;0.0;0.0;0.0;0.0;0.0;0.0;0.0;0.0;0.0;0.0;0.0;0.0;0.0;0.0;0.0;0.0;0.0;0.0;0.0;888.0
Beberibe;BOQUEIRAO DO CESARIO;-4.5906388888889;-38.21175;2009;12;0.0;0.0;0.0;0.0;0.0;0.0;0.0;0.0;0.0;0.0;0.0;0.0;0.0;0.0;0.0;0.0;0.0;0.0;0.0;0.0;0.0;0.0;0.0;0.0;0.0;0.0;0.0;0.0;0.0;0.0;0.0;0.0
Beberibe;BOQUEIRAO DO CESARIO;-4.5906388888889;-38.21175;2010;1;0.0;0.0;0.0;0.0;0.0;0.0;0.0;0.0;0.0;0.0;0.0;0.0;0.0;0.0;0.0;0.0;0.0;0.0;0.0;0.0;0.0;0.0;0.0;0.0;0.0;0.0;0.0;0.0;0.0;0.0;0.0;0.0
Beberibe;BOQUEIRAO DO CESARIO;-4.5906388888889;-38.21175;2010;2;0.0;0.0;0.0;0.0;0.0;0.0;0.0;0.0;0.0;0.0;0.0;0.0;0.0;0.0;0.0;0.0;0.0;0.0;0.0;0.0;0.0;0.0;0.0;0.0;0.0;0.0;0.0;0.0;0.0;888.0;888.0;888.0
Beberibe;BOQUEIRAO DO CESARIO;-4.5906388888889;-38.21175;2010;3;79.0;0.0;0.0;0.0;0.0;0.0;0.0;0.0;0.0;0.0;0.0;0.0;0.0;0.0;0.0;0.0;0.0;0.0;0.0;8.0;0.0;12.0;0.0;14.0;0.0;0.0;32.0;8.0;5.0;0.0;0.0;0.0
Beberibe;BOQUEIRAO DO CESARIO;-4.5906388888889;-38.21175;2010;4;120.0;0.0;0.0;0.0;0.0;0.0;0.0;0.0;0.0;0.0;0.0;28.0;5.0;33.0;0.0;0.0;0.0;0.0;26.0;6.0;22.0;0.0;0.0;0.0;0.0;0.0;0.0;0.0;0.0;0.0;0.0;888.0
Beberibe;BOQUEIRAO DO CESARIO;-4.5906388888889;-38.21175;2010;5;14.0;0.0;0.0;0.0;0.0;0.0;0.0;0.0;7.0;7.0;0.0;0.0;0.0;0.0;0.0;0.0;0.0;0.0;0.0;0.0;0.0;0.0;0.0;0.0;0.0;0.0;0.0;0.0;0.0;0.0;0.0;0.0
Beberibe;BOQUEIRAO DO CESARIO;-4.5906388888889;-38.21175;2010;6;0.0;0.0;0.0;0.0;0.0;0.0;0.0;0.0;0.0;0.0;0.0;0.0;0.0;0.0;0.0;0.0;0.0;0.0;0.0;0.0;0.0;0.0;0.0;0.0;0.0;0.0;0.0;0.0;0.0;0.0;0.0;888.0
Beberibe;BOQUEIRAO DO CESARIO;-4.5906388888889;-38.21175;2010;7;0.0;0.0;0.0;0.0;0.0;0.0;999.0;999.0;999.0;999.0;999.0;999.0;999.0;999.0;999.0;999.0;999.0;999.0;999.0;999.0;999.0;999.0;999.0;999.0;999.0;999.0;999.0;999.0;999.0;999.0;999.0;999.0
Beberibe;BOQUEIRAO DO CESARIO;-4.5906388888889;-38.21175;2012;1;20.0;0.0;0.0;0.0;0.0;0.0;0.0;0.0;0.0;5.0;0.0;0.0;0.0;0.0;0.0;0.0;8.0;0.0;0.0;0.0;0.0;7.0;0.0;0.0;0.0;0.0;0.0;0.0;0.0;0.0;0.0;0.0
Beberibe;BOQUEIRAO DO CESARIO;-4.5906388888889;-38.21175;2012;2;374.0;0.0;0.0;0.0;0.0;0.0;0.0;0.0;0.0;0.0;0.0;5.0;0.0;0.0;0.0;0.0;0.0;71.0;0.0;0.0;37.0;77.0;0.0;0.0;4.0;0.0;180.0;0.0;0.0;0.0;888.0;888.0
Beberibe;BOQUEIRAO DO CESARIO;-4.5906388888889;-38.21175;2012;3;31.0;0.0;0.0;0.0;0.0;0.0;0.0;0.0;0.0;0.0;0.0;31.0;0.0;0.0;0.0;0.0;0.0;0.0;0.0;0.0;0.0;0.0;0.0;0.0;0.0;0.0;0.0;0.0;0.0;0.0;0.0;0.0
Beberibe;BOQUEIRAO DO CESARIO;-4.5906388888889;-38.21175;2012;4;0.0;0.0;0.0;0.0;0.0;0.0;0.0;0.0;0.0;0.0;0.0;0.0;0.0;0.0;0.0;0.0;0.0;0.0;0.0;0.0;0.0;0.0;0.0;0.0;0.0;0.0;0.0;0.0;0.0;0.0;0.0;888.0
Beberibe;BOQUEIRAO DO CESARIO;-4.5906388888889;-38.21175;2012;5;0.0;0.0;0.0;0.0;0.0;0.0;0.0;0.0;0.0;0.0;0.0;0.0;0.0;0.0;0.0;0.0;0.0;0.0;0.0;0.0;0.0;0.0;0.0;0.0;0.0;0.0;0.0;0.0;0.0;0.0;0.0;0.0
Beberibe;BOQUEIRAO DO CESARIO;-4.5906388888889;-38.21175;2012;6;0.0;0.0;0.0;0.0;0.0;0.0;0.0;0.0;0.0;0.0;0.0;0.0;0.0;0.0;0.0;0.0;0.0;0.0;0.0;0.0;0.0;0.0;0.0;0.0;0.0;0.0;0.0;0.0;0.0;0.0;0.0;888.0
Beberibe;BOQUEIRAO DO CESARIO;-4.5906388888889;-38.21175;2012;7;0.0;0.0;0.0;0.0;0.0;0.0;0.0;0.0;0.0;0.0;0.0;0.0;0.0;0.0;0.0;0.0;0.0;0.0;0.0;0.0;0.0;0.0;0.0;0.0;0.0;0.0;0.0;0.0;0.0;0.0;0.0;0.0
Beberibe;BOQUEIRAO DO CESARIO;-4.5906388888889;-38.21175;2012;8;0.0;0.0;0.0;0.0;0.0;0.0;0.0;0.0;0.0;0.0;0.0;0.0;0.0;0.0;0.0;0.0;0.0;0.0;0.0;0.0;0.0;0.0;0.0;0.0;0.0;0.0;0.0;0.0;0.0;0.0;0.0;0.0
Beberibe;BOQUEIRAO DO CESARIO;-4.5906388888889;-38.21175;2012;9;0.0;0.0;0.0;0.0;0.0;0.0;0.0;0.0;0.0;0.0;0.0;0.0;0.0;0.0;0.0;0.0;0.0;0.0;0.0;0.0;0.0;0.0;0.0;0.0;0.0;0.0;0.0;0.0;0.0;0.0;0.0;888.0
Beberibe;BOQUEIRAO DO CESARIO;-4.5906388888889;-38.21175;2012;10;0.0;0.0;0.0;0.0;0.0;0.0;0.0;0.0;0.0;0.0;0.0;0.0;0.0;0.0;0.0;0.0;0.0;0.0;0.0;0.0;0.0;0.0;0.0;0.0;0.0;0.0;0.0;0.0;0.0;0.0;0.0;0.0
Beberibe;BOQUEIRAO DO CESARIO;-4.5906388888889;-38.21175;2012;11;0.0;0.0;0.0;0.0;0.0;0.0;0.0;0.0;0.0;0.0;0.0;0.0;0.0;0.0;0.0;0.0;0.0;0.0;0.0;0.0;0.0;0.0;0.0;0.0;0.0;0.0;0.0;0.0;0.0;0.0;0.0;888.0
Beberibe;BOQUEIRAO DO CESARIO;-4.5906388888889;-38.21175;2012;12;0.0;0.0;0.0;0.0;0.0;0.0;0.0;0.0;0.0;0.0;0.0;0.0;0.0;0.0;0.0;0.0;0.0;0.0;0.0;0.0;0.0;0.0;0.0;0.0;0.0;0.0;0.0;0.0;0.0;0.0;0.0;0.0
Beberibe;BOQUEIRAO DO CESARIO;-4.5906388888889;-38.21175;2013;1;0.0;0.0;0.0;0.0;0.0;0.0;0.0;0.0;0.0;0.0;0.0;0.0;0.0;0.0;0.0;0.0;0.0;0.0;0.0;0.0;0.0;0.0;0.0;0.0;0.0;0.0;0.0;0.0;0.0;0.0;0.0;0.0
Beberibe;BOQUEIRAO DO CESARIO;-4.5906388888889;-38.21175;2013;2;31.0;0.0;0.0;0.0;0.0;0.0;0.0;0.0;0.0;0.0;0.0;0.0;0.0;0.0;0.0;0.0;0.0;0.0;0.0;31.0;0.0;0.0;0.0;0.0;0.0;0.0;0.0;0.0;0.0;888.0;888.0;888.0
Beberibe;BOQUEIRAO DO CESARIO;-4.5906388888889;-38.21175;2013;3;113.0;0.0;0.0;0.0;0.0;0.0;0.0;0.0;0.0;0.0;0.0;0.0;0.0;0.0;0.0;0.0;0.0;0.0;0.0;23.0;37.0;0.0;0.0;23.0;19.0;0.0;0.0;0.0;0.0;11.0;0.0;0.0
Beberibe;BOQUEIRAO DO CESARIO;-4.5906388888889;-38.21175;2013;4;130.0;0.0;0.0;0.0;0.0;0.0;0.0;0.0;0.0;0.0;10.0;0.0;0.0;0.0;0.0;0.0;0.0;0.0;0.0;39.0;27.0;0.0;10.0;0.0;0.0;44.0;0.0;0.0;0.0;0.0;0.0;888.0
Beberibe;BOQUEIRAO DO CESARIO;-4.5906388888889;-38.21175;2013;5;16.0;10.0;6.0;0.0;0.0;0.0;0.0;0.0;0.0;0.0;0.0;0.0;0.0;0.0;0.0;0.0;0.0;0.0;0.0;0.0;0.0;0.0;0.0;0.0;0.0;0.0;0.0;0.0;0.0;0.0;0.0;0.0
Beberibe;BOQUEIRAO DO CESARIO;-4.5906388888889;-38.21175;2013;6;0.0;0.0;0.0;0.0;0.0;0.0;0.0;0.0;0.0;0.0;0.0;0.0;0.0;0.0;0.0;0.0;0.0;0.0;0.0;0.0;0.0;0.0;0.0;0.0;0.0;0.0;0.0;0.0;0.0;0.0;0.0;888.0
Beberibe;BOQUEIRAO DO CESARIO;-4.5906388888889;-38.21175;2013;7;176.0;0.0;35.0;45.0;78.0;0.0;0.0;0.0;0.0;0.0;0.0;0.0;0.0;0.0;18.0;0.0;0.0;0.0;0.0;0.0;0.0;0.0;0.0;0.0;0.0;0.0;0.0;0.0;0.0;0.0;0.0;0.0
Beberibe;BOQUEIRAO DO CESARIO;-4.5906388888889;-38.21175;2013;8;0.0;0.0;0.0;0.0;0.0;0.0;0.0;0.0;0.0;0.0;0.0;0.0;0.0;0.0;0.0;0.0;0.0;0.0;0.0;0.0;0.0;0.0;0.0;0.0;0.0;0.0;0.0;0.0;0.0;0.0;0.0;0.0
Beberibe;BOQUEIRAO DO CESARIO;-4.5906388888889;-38.21175;2013;9;0.0;0.0;0.0;0.0;0.0;0.0;0.0;0.0;0.0;0.0;0.0;0.0;0.0;0.0;0.0;0.0;0.0;0.0;0.0;0.0;0.0;0.0;0.0;0.0;0.0;0.0;0.0;0.0;0.0;0.0;0.0;888.0
Beberibe;BOQUEIRAO DO CESARIO;-4.5906388888889;-38.21175;2013;10;0.0;0.0;0.0;0.0;0.0;0.0;0.0;0.0;0.0;0.0;0.0;0.0;0.0;0.0;0.0;0.0;0.0;0.0;0.0;0.0;0.0;0.0;0.0;0.0;0.0;0.0;0.0;0.0;0.0;0.0;0.0;0.0
Beberibe;BOQUEIRAO DO CESARIO;-4.5906388888889;-38.21175;2013;11;0.0;0.0;0.0;0.0;0.0;0.0;0.0;0.0;0.0;0.0;0.0;0.0;0.0;0.0;0.0;0.0;0.0;0.0;0.0;0.0;0.0;0.0;0.0;0.0;0.0;0.0;0.0;0.0;0.0;0.0;0.0;888.0
Beberibe;BOQUEIRAO DO CESARIO;-4.5906388888889;-38.21175;2013;12;0.0;0.0;0.0;0.0;0.0;0.0;0.0;0.0;0.0;0.0;0.0;0.0;0.0;0.0;0.0;0.0;0.0;0.0;0.0;0.0;0.0;0.0;0.0;0.0;0.0;0.0;0.0;0.0;0.0;0.0;0.0;0.0
Beberibe;BOQUEIRAO DO CESARIO;-4.5906388888889;-38.21175;2018;1;0.0;0.0;0.0;0.0;0.0;0.0;0.0;0.0;0.0;0.0;0.0;0.0;0.0;0.0;0.0;0.0;0.0;0.0;0.0;0.0;0.0;0.0;0.0;0.0;0.0;0.0;0.0;0.0;0.0;0.0;0.0;0.0
Beberibe;BOQUEIRAO DO CESARIO;-4.5906388888889;-38.21175;2018;2;144.0;0.0;0.0;4.0;0.0;0.0;7.0;0.0;0.0;0.0;0.0;0.0;70.0;9.0;11.0;9.0;5.0;5.0;5.0;5.0;0.0;4.0;0.0;0.0;6.0;0.0;0.0;4.0;0.0;888.0;888.0;888.0
Beberibe;BOQUEIRAO DO CESARIO;-4.5906388888889;-38.21175;2018;3;143.0;0.0;0.0;0.0;0.0;0.0;0.0;0.0;0.0;0.0;0.0;0.0;0.0;0.0;0.0;0.0;0.0;7.0;0.0;0.0;0.0;3.0;0.0;15.0;0.0;0.0;0.0;10.0;35.0;48.0;25.0;0.0
Beberibe;BOQUEIRAO DO CESARIO;-4.5906388888889;-38.21175;2018;4;449.0;0.0;25.0;0.0;15.0;0.0;2.0;10.0;35.0;35.0;72.0;5.0;32.0;61.0;0.0;0.0;73.0;35.0;0.0;0.0;0.0;4.0;0.0;11.0;6.0;13.0;0.0;0.0;9.0;0.0;6.0;888.0
Beberibe;BOQUEIRAO DO CESARIO;-4.5906388888889;-38.21175;2018;5;75.0;0.0;23.0;0.0;0.0;30.0;0.0;0.0;0.0;0.0;0.0;0.0;0.0;0.0;0.0;0.0;0.0;0.0;15.0;7.0;0.0;0.0;0.0;0.0;0.0;0.0;0.0;0.0;0.0;0.0;0.0;0.0
Beberibe;BOQUEIRAO DO CESARIO;-4.5906388888889;-38.21175;2018;6;8.0;0.0;0.0;0.0;0.0;0.0;0.0;0.0;8.0;999.0;999.0;999.0;999.0;999.0;999.0;999.0;999.0;999.0;999.0;999.0;999.0;999.0;999.0;999.0;999.0;999.0;999.0;999.0;999.0;999.0;999.0;888.0
