Municipios;Postos;Latitude;Longitude;Anos;Meses;Total;Dia1;Dia2;Dia3;Dia4;Dia5;Dia6;Dia7;Dia8;Dia9;Dia10;Dia11;Dia12;Dia13;Dia14;Dia15;Dia16;Dia17;Dia18;Dia19;Dia20;Dia21;Dia22;Dia23;Dia24;Dia25;Dia26;Dia27;Dia28;Dia29;Dia30;Dia31
Quiterianópolis;MONTEIRO;-5.7194166666667;-40.700916666667;1988;2;0.0;0.0;999.0;0.0;0.0;0.0;999.0;999.0;0.0;0.0;0.0;0.0;0.0;999.0;999.0;999.0;0.0;999.0;0.0;999.0;0.0;0.0;999.0;0.0;999.0;0.0;999.0;0.0;0.0;999.0;888.0;888.0
Quiterianópolis;MONTEIRO;-5.7194166666667;-40.700916666667;1988;3;0.0;999.0;999.0;0.0;0.0;0.0;999.0;0.0;0.0;0.0;0.0;0.0;0.0;0.0;0.0;999.0;999.0;0.0;999.0;0.0;999.0;0.0;999.0;999.0;999.0;999.0;999.0;999.0;0.0;0.0;999.0;999.0
Quiterianópolis;MONTEIRO;-5.7194166666667;-40.700916666667;1988;4;0.0;999.0;999.0;0.0;0.0;999.0;0.0;0.0;999.0;999.0;0.0;0.0;0.0;0.0;999.0;999.0;0.0;999.0;0.0;0.0;999.0;999.0;999.0;999.0;999.0;999.0;999.0;999.0;999.0;999.0;999.0;888.0
Quiterianópolis;MONTEIRO;-5.7194166666667;-40.700916666667;1988;5;0.0;999.0;999.0;0.0;999.0;999.0;0.0;999.0;999.0;0.0;0.0;0.0;0.0;0.0;0.0;999.0;999.0;0.0;0.0;0.0;0.0;0.0;999.0;0.0;999.0;0.0;999.0;0.0;999.0;0.0;0.0;999.0
Quiterianópolis;MONTEIRO;-5.7194166666667;-40.700916666667;1988;6;0.0;0.0;0.0;0.0;0.0;0.0;0.0;0.0;0.0;0.0;999.0;999.0;999.0;999.0;999.0;999.0;999.0;999.0;999.0;999.0;999.0;999.0;999.0;999.0;999.0;999.0;999.0;999.0;999.0;999.0;999.0;888.0
Quiterianópolis;MONTEIRO;-5.7194166666667;-40.700916666667;1988;10;0.0;999.0;999.0;999.0;999.0;999.0;999.0;999.0;999.0;999.0;999.0;999.0;999.0;999.0;999.0;999.0;999.0;999.0;999.0;999.0;999.0;999.0;999.0;999.0;999.0;999.0;999.0;999.0;999.0;999.0;999.0;0.0
Quiterianópolis;MONTEIRO;-5.7194166666667;-40.700916666667;1988;12;0.0;999.0;999.0;999.0;999.0;999.0;999.0;999.0;999.0;999.0;999.0;999.0;999.0;999.0;0.0;999.0;0.0;0.0;999.0;999.0;999.0;999.0;999.0;999.0;999.0;999.0;999.0;999.0;999.0;999.0;999.0;999.0
Quiterianópolis;MONTEIRO;-5.7194166666667;-40.700916666667;1998;4;37.0;0.0;15.0;22.0;0.0;0.0;0.0;0.0;0.0;0.0;0.0;0.0;0.0;0.0;0.0;0.0;0.0;0.0;0.0;0.0;0.0;0.0;0.0;0.0;0.0;0.0;0.0;0.0;0.0;0.0;0.0;888.0
Quiterianópolis;MONTEIRO;-5.7194166666667;-40.700916666667;1998;5;0.0;0.0;0.0;0.0;0.0;0.0;0.0;0.0;0.0;0.0;0.0;0.0;0.0;0.0;0.0;0.0;0.0;0.0;0.0;0.0;0.0;0.0;0.0;0.0;0.0;0.0;0.0;0.0;0.0;0.0;0.0;0.0
Quiterianópolis;MONTEIRO;-5.7194166666667;-40.700916666667;1998;6;0.0;0.0;0.0;0.0;0.0;0.0;0.0;0.0;0.0;0.0;0.0;0.0;0.0;0.0;0.0;0.0;0.0;0.0;0.0;0.0;0.0;0.0;0.0;0.0;0.0;0.0;0.0;0.0;0.0;0.0;0.0;888.0
Quiterianópolis;MONTEIRO;-5.7194166666667;-40.700916666667;1998;7;0.0;0.0;0.0;0.0;0.0;0.0;0.0;0.0;0.0;0.0;0.0;0.0;0.0;0.0;0.0;0.0;0.0;0.0;0.0;0.0;0.0;0.0;0.0;0.0;0.0;0.0;0.0;0.0;0.0;0.0;0.0;0.0
Quiterianópolis;MONTEIRO;-5.7194166666667;-40.700916666667;1998;8;0.0;0.0;0.0;0.0;0.0;0.0;0.0;0.0;0.0;0.0;0.0;0.0;0.0;0.0;0.0;0.0;0.0;0.0;0.0;0.0;0.0;0.0;0.0;0.0;0.0;0.0;0.0;0.0;0.0;0.0;0.0;0.0
Quiterianópolis;MONTEIRO;-5.7194166666667;-40.700916666667;1998;9;0.0;0.0;0.0;0.0;0.0;0.0;0.0;0.0;0.0;0.0;0.0;0.0;0.0;0.0;0.0;0.0;0.0;0.0;0.0;0.0;0.0;0.0;0.0;0.0;0.0;0.0;0.0;0.0;0.0;0.0;0.0;888.0
Quiterianópolis;MONTEIRO;-5.7194166666667;-40.700916666667;1998;12;36.5;0.0;0.0;0.0;0.0;0.0;0.0;0.0;0.0;0.0;0.0;0.0;0.0;0.0;0.0;0.0;0.0;0.0;0.0;0.0;0.0;0.0;36.5;0.0;0.0;0.0;0.0;0.0;0.0;0.0;0.0;0.0
Quiterianópolis;MONTEIRO;-5.7194166666667;-40.700916666667;1999;1;152.9;0.0;0.0;0.0;0.0;0.0;0.0;0.0;0.0;44.2;15.0;0.0;0.0;0.0;0.0;0.0;0.0;0.0;4.5;13.0;17.0;7.0;14.0;2.2;0.0;10.0;8.0;0.0;0.0;0.0;10.0;8.0
Quiterianópolis;MONTEIRO;-5.7194166666667;-40.700916666667;1999;2;24.4;0.0;0.0;0.0;0.0;0.0;0.0;1.4;0.0;0.0;0.0;0.0;5.0;0.0;0.0;0.0;0.0;0.0;0.0;18.0;0.0;0.0;0.0;0.0;0.0;0.0;0.0;0.0;0.0;888.0;888.0;888.0
Quiterianópolis;MONTEIRO;-5.7194166666667;-40.700916666667;1999;3;188.7;4.0;0.0;0.0;8.0;0.0;0.0;13.4;0.0;14.0;0.0;0.0;0.0;35.0;3.0;0.0;22.2;21.6;4.0;21.2;0.0;3.3;4.0;5.0;0.0;0.0;27.0;0.0;0.0;3.0;0.0;0.0
Quiterianópolis;MONTEIRO;-5.7194166666667;-40.700916666667;1999;4;89.3;0.0;0.0;0.0;0.0;0.0;35.0;10.3;0.0;6.0;8.0;0.0;17.0;0.0;0.0;0.0;0.0;0.0;0.0;0.0;0.0;0.0;0.0;0.0;0.0;0.0;0.0;0.0;0.0;0.0;13.0;888.0
Quiterianópolis;MONTEIRO;-5.7194166666667;-40.700916666667;1999;5;194.2;0.0;0.0;0.0;0.0;0.0;17.2;0.0;0.0;0.0;0.0;0.0;17.0;0.0;0.0;0.0;0.0;160.0;0.0;0.0;0.0;0.0;0.0;0.0;0.0;0.0;0.0;0.0;0.0;0.0;0.0;0.0
Quiterianópolis;MONTEIRO;-5.7194166666667;-40.700916666667;1999;6;0.0;0.0;0.0;0.0;0.0;0.0;0.0;0.0;0.0;0.0;0.0;0.0;0.0;0.0;0.0;0.0;0.0;0.0;0.0;0.0;0.0;0.0;0.0;0.0;0.0;0.0;0.0;0.0;0.0;0.0;0.0;888.0
Quiterianópolis;MONTEIRO;-5.7194166666667;-40.700916666667;1999;7;0.0;0.0;0.0;0.0;0.0;0.0;0.0;0.0;0.0;0.0;0.0;0.0;0.0;0.0;0.0;0.0;0.0;0.0;0.0;0.0;0.0;0.0;0.0;0.0;0.0;0.0;0.0;0.0;0.0;0.0;0.0;0.0
Quiterianópolis;MONTEIRO;-5.7194166666667;-40.700916666667;1999;8;0.0;0.0;0.0;0.0;0.0;0.0;0.0;0.0;0.0;0.0;0.0;0.0;0.0;0.0;0.0;0.0;0.0;0.0;0.0;0.0;0.0;0.0;0.0;0.0;0.0;0.0;0.0;0.0;0.0;0.0;0.0;0.0
Quiterianópolis;MONTEIRO;-5.7194166666667;-40.700916666667;1999;9;0.0;0.0;0.0;0.0;0.0;0.0;0.0;0.0;0.0;0.0;0.0;0.0;0.0;0.0;0.0;0.0;0.0;0.0;0.0;0.0;0.0;0.0;0.0;0.0;0.0;0.0;0.0;0.0;0.0;0.0;0.0;888.0
Quiterianópolis;MONTEIRO;-5.7194166666667;-40.700916666667;1999;10;0.0;0.0;0.0;0.0;0.0;0.0;0.0;0.0;0.0;0.0;0.0;0.0;0.0;0.0;0.0;0.0;0.0;0.0;0.0;0.0;0.0;0.0;0.0;0.0;0.0;0.0;0.0;0.0;0.0;0.0;0.0;0.0
Quiterianópolis;MONTEIRO;-5.7194166666667;-40.700916666667;1999;11;0.0;0.0;0.0;0.0;0.0;0.0;0.0;0.0;0.0;0.0;0.0;0.0;0.0;0.0;0.0;0.0;0.0;0.0;0.0;0.0;0.0;0.0;0.0;0.0;0.0;0.0;0.0;0.0;0.0;0.0;0.0;888.0
Quiterianópolis;MONTEIRO;-5.7194166666667;-40.700916666667;1999;12;51.6;0.0;0.0;0.0;0.0;0.0;0.0;0.0;0.0;0.0;0.0;0.0;0.0;0.0;0.0;0.0;0.0;0.0;0.0;0.0;0.0;8.0;6.3;22.3;10.0;0.0;0.0;5.0;0.0;0.0;0.0;0.0
Quiterianópolis;MONTEIRO;-5.7194166666667;-40.700916666667;2000;1;71.8;0.0;0.0;5.0;4.3;0.0;13.4;0.0;25.0;5.0;14.1;0.0;0.0;0.0;0.0;0.0;0.0;5.0;0.0;0.0;0.0;0.0;0.0;0.0;0.0;0.0;0.0;0.0;0.0;0.0;0.0;0.0
Quiterianópolis;MONTEIRO;-5.7194166666667;-40.700916666667;2000;2;195.8;0.0;0.0;0.0;74.2;0.0;0.0;0.0;0.0;0.0;0.0;0.0;0.0;0.0;30.4;5.2;0.0;0.0;8.4;6.4;5.2;2.0;27.6;17.0;11.4;0.0;8.0;0.0;0.0;0.0;888.0;888.0
Quiterianópolis;MONTEIRO;-5.7194166666667;-40.700916666667;2000;3;217.8;5.0;0.0;0.0;12.4;4.2;0.0;0.0;0.0;7.3;7.3;7.2;0.0;0.0;57.0;0.0;0.0;0.0;0.0;0.0;33.2;7.4;0.0;0.0;5.4;0.0;7.4;0.0;0.0;64.0;0.0;0.0
Quiterianópolis;MONTEIRO;-5.7194166666667;-40.700916666667;2000;4;150.4;0.0;0.0;0.0;0.0;0.0;0.0;0.0;0.0;18.2;5.4;10.4;0.0;0.0;17.0;0.0;26.2;0.0;51.2;0.0;9.0;0.0;0.0;13.0;0.0;0.0;0.0;0.0;0.0;0.0;0.0;888.0
Quiterianópolis;MONTEIRO;-5.7194166666667;-40.700916666667;2000;5;16.0;0.0;0.0;0.0;0.0;0.0;0.0;0.0;0.0;0.0;0.0;0.0;0.0;0.0;0.0;0.0;0.0;0.0;0.0;0.0;0.0;0.0;0.0;0.0;0.0;0.0;0.0;0.0;0.0;0.0;0.0;16.0
Quiterianópolis;MONTEIRO;-5.7194166666667;-40.700916666667;2000;6;0.0;0.0;0.0;0.0;0.0;0.0;0.0;0.0;0.0;0.0;0.0;0.0;0.0;0.0;0.0;0.0;0.0;0.0;0.0;0.0;0.0;0.0;0.0;0.0;0.0;0.0;0.0;0.0;0.0;0.0;0.0;888.0
Quiterianópolis;MONTEIRO;-5.7194166666667;-40.700916666667;2000;7;0.0;0.0;0.0;0.0;0.0;0.0;0.0;0.0;0.0;0.0;0.0;0.0;0.0;0.0;0.0;0.0;0.0;0.0;0.0;0.0;0.0;0.0;0.0;0.0;0.0;0.0;0.0;0.0;0.0;0.0;0.0;0.0
Quiterianópolis;MONTEIRO;-5.7194166666667;-40.700916666667;2000;8;0.0;0.0;0.0;0.0;0.0;0.0;0.0;0.0;0.0;0.0;0.0;0.0;0.0;0.0;0.0;0.0;0.0;0.0;0.0;0.0;0.0;0.0;0.0;0.0;0.0;0.0;0.0;0.0;0.0;0.0;0.0;0.0
Quiterianópolis;MONTEIRO;-5.7194166666667;-40.700916666667;2000;9;18.4;0.0;0.0;0.0;0.0;0.0;0.0;0.0;18.4;0.0;0.0;0.0;0.0;0.0;0.0;0.0;0.0;0.0;0.0;0.0;0.0;0.0;0.0;0.0;0.0;0.0;0.0;0.0;0.0;0.0;0.0;888.0
Quiterianópolis;MONTEIRO;-5.7194166666667;-40.700916666667;2000;10;0.0;0.0;999.0;0.0;0.0;0.0;0.0;0.0;0.0;0.0;0.0;0.0;0.0;0.0;0.0;0.0;0.0;0.0;0.0;0.0;0.0;0.0;0.0;0.0;0.0;0.0;0.0;0.0;0.0;0.0;0.0;0.0
Quiterianópolis;MONTEIRO;-5.7194166666667;-40.700916666667;2000;11;15.0;0.0;0.0;0.0;0.0;0.0;0.0;0.0;0.0;15.0;0.0;0.0;0.0;0.0;0.0;0.0;0.0;0.0;0.0;0.0;0.0;0.0;0.0;0.0;0.0;0.0;0.0;0.0;0.0;0.0;0.0;888.0
Quiterianópolis;MONTEIRO;-5.7194166666667;-40.700916666667;2000;12;46.8;0.0;0.0;0.0;0.0;0.0;0.0;0.0;0.0;0.0;0.0;0.0;0.0;0.0;11.0;10.4;18.2;7.2;0.0;0.0;0.0;0.0;0.0;0.0;0.0;0.0;0.0;0.0;0.0;0.0;0.0;0.0
Quiterianópolis;MONTEIRO;-5.7194166666667;-40.700916666667;2001;1;44.0;0.0;0.0;0.0;0.0;7.0;0.0;0.0;0.0;0.0;0.0;0.0;0.0;37.0;0.0;0.0;0.0;0.0;0.0;0.0;0.0;0.0;0.0;0.0;0.0;0.0;0.0;0.0;0.0;0.0;0.0;0.0
Quiterianópolis;MONTEIRO;-5.7194166666667;-40.700916666667;2001;2;106.2;0.0;0.0;0.0;0.0;0.0;0.0;0.0;0.0;0.0;32.2;0.0;0.0;6.0;36.0;0.0;0.0;0.0;0.0;0.0;0.0;0.0;0.0;0.0;32.0;0.0;0.0;0.0;0.0;888.0;888.0;888.0
Quiterianópolis;MONTEIRO;-5.7194166666667;-40.700916666667;2001;3;241.5;40.0;0.0;0.0;0.0;0.0;0.0;0.0;0.0;0.0;0.0;17.2;0.0;9.0;62.0;7.0;0.0;0.0;0.0;5.3;0.0;0.0;14.4;4.4;0.0;6.0;4.2;0.0;0.0;0.0;72.0;0.0
Quiterianópolis;MONTEIRO;-5.7194166666667;-40.700916666667;2001;4;124.4;5.0;2.0;14.0;0.0;0.0;0.0;0.0;0.0;0.0;0.0;16.0;0.0;24.0;38.4;0.0;0.0;25.0;0.0;0.0;0.0;0.0;0.0;0.0;0.0;0.0;0.0;0.0;0.0;0.0;0.0;888.0
Quiterianópolis;MONTEIRO;-5.7194166666667;-40.700916666667;2001;5;0.0;0.0;0.0;0.0;0.0;0.0;0.0;0.0;0.0;0.0;0.0;0.0;0.0;0.0;0.0;0.0;0.0;0.0;0.0;0.0;0.0;0.0;0.0;0.0;0.0;0.0;0.0;0.0;0.0;0.0;0.0;0.0
Quiterianópolis;MONTEIRO;-5.7194166666667;-40.700916666667;2001;6;0.0;0.0;0.0;0.0;0.0;0.0;0.0;0.0;0.0;0.0;0.0;0.0;0.0;0.0;0.0;0.0;0.0;0.0;0.0;0.0;0.0;0.0;0.0;0.0;0.0;0.0;0.0;0.0;0.0;0.0;0.0;888.0
Quiterianópolis;MONTEIRO;-5.7194166666667;-40.700916666667;2001;7;0.0;0.0;0.0;0.0;0.0;0.0;0.0;0.0;0.0;0.0;0.0;0.0;0.0;0.0;0.0;0.0;0.0;0.0;0.0;0.0;0.0;0.0;0.0;0.0;0.0;0.0;0.0;0.0;0.0;0.0;0.0;0.0
Quiterianópolis;MONTEIRO;-5.7194166666667;-40.700916666667;2001;8;0.0;0.0;0.0;0.0;0.0;0.0;0.0;0.0;0.0;0.0;0.0;0.0;0.0;0.0;0.0;0.0;0.0;0.0;0.0;0.0;0.0;0.0;0.0;0.0;0.0;0.0;0.0;0.0;0.0;0.0;0.0;0.0
Quiterianópolis;MONTEIRO;-5.7194166666667;-40.700916666667;2001;9;0.0;0.0;0.0;0.0;0.0;0.0;0.0;0.0;0.0;0.0;0.0;0.0;0.0;0.0;0.0;0.0;0.0;0.0;0.0;0.0;0.0;0.0;0.0;0.0;0.0;0.0;0.0;0.0;0.0;0.0;0.0;888.0
Quiterianópolis;MONTEIRO;-5.7194166666667;-40.700916666667;2001;10;0.0;0.0;0.0;0.0;0.0;0.0;0.0;0.0;0.0;0.0;0.0;0.0;0.0;0.0;0.0;0.0;0.0;0.0;0.0;0.0;0.0;0.0;0.0;0.0;0.0;0.0;0.0;0.0;0.0;0.0;0.0;0.0
Quiterianópolis;MONTEIRO;-5.7194166666667;-40.700916666667;2001;11;0.0;0.0;0.0;0.0;0.0;0.0;0.0;0.0;0.0;0.0;0.0;0.0;0.0;0.0;0.0;0.0;0.0;0.0;0.0;0.0;0.0;0.0;0.0;0.0;0.0;0.0;0.0;0.0;0.0;0.0;0.0;888.0
Quiterianópolis;MONTEIRO;-5.7194166666667;-40.700916666667;2001;12;0.0;0.0;0.0;0.0;0.0;0.0;0.0;0.0;0.0;0.0;0.0;0.0;0.0;0.0;0.0;0.0;0.0;0.0;0.0;0.0;0.0;0.0;0.0;0.0;0.0;0.0;0.0;0.0;0.0;0.0;0.0;0.0
Quiterianópolis;MONTEIRO;-5.7194166666667;-40.700916666667;2002;1;200.0;0.0;22.0;10.0;0.0;0.0;16.0;12.2;30.2;57.0;0.0;0.0;0.0;10.4;0.0;0.0;0.0;16.0;13.2;0.0;0.0;0.0;4.0;0.0;0.0;0.0;0.0;9.0;0.0;0.0;0.0;0.0
Quiterianópolis;MONTEIRO;-5.7194166666667;-40.700916666667;2002;2;40.0;0.0;0.0;0.0;0.0;0.0;0.0;0.0;0.0;33.0;0.0;0.0;0.0;7.0;0.0;0.0;0.0;0.0;0.0;0.0;0.0;0.0;0.0;0.0;0.0;0.0;0.0;0.0;0.0;888.0;888.0;888.0
Quiterianópolis;MONTEIRO;-5.7194166666667;-40.700916666667;2002;3;144.8;0.0;0.0;0.0;16.0;37.0;10.0;16.2;0.0;0.0;0.0;0.0;0.0;0.0;0.0;0.0;0.0;0.0;0.0;9.0;0.0;0.0;0.0;0.0;26.3;0.0;30.3;0.0;0.0;0.0;0.0;0.0
Quiterianópolis;MONTEIRO;-5.7194166666667;-40.700916666667;2002;4;180.7;0.0;0.0;0.0;0.0;0.0;0.0;28.3;32.2;12.0;0.0;30.0;0.0;35.0;0.0;0.0;0.0;0.0;0.0;0.0;0.0;0.0;0.0;0.0;0.0;0.0;0.0;0.0;0.0;43.2;0.0;888.0
Quiterianópolis;MONTEIRO;-5.7194166666667;-40.700916666667;2002;5;38.5;0.0;13.3;25.2;0.0;0.0;0.0;0.0;0.0;0.0;0.0;0.0;0.0;0.0;0.0;0.0;0.0;0.0;0.0;0.0;0.0;0.0;0.0;0.0;0.0;0.0;0.0;0.0;0.0;0.0;0.0;0.0
Quiterianópolis;MONTEIRO;-5.7194166666667;-40.700916666667;2002;6;19.2;0.0;0.0;0.0;0.0;0.0;0.0;0.0;0.0;0.0;0.0;0.0;0.0;19.2;0.0;0.0;0.0;0.0;0.0;0.0;0.0;0.0;0.0;0.0;0.0;0.0;0.0;0.0;0.0;0.0;0.0;888.0
Quiterianópolis;MONTEIRO;-5.7194166666667;-40.700916666667;2002;7;0.0;0.0;0.0;0.0;0.0;0.0;0.0;0.0;0.0;0.0;0.0;0.0;0.0;0.0;0.0;0.0;0.0;0.0;0.0;0.0;0.0;0.0;0.0;0.0;0.0;0.0;0.0;0.0;0.0;0.0;0.0;0.0
Quiterianópolis;MONTEIRO;-5.7194166666667;-40.700916666667;2002;8;0.0;0.0;0.0;0.0;0.0;0.0;0.0;0.0;0.0;0.0;0.0;0.0;0.0;0.0;0.0;0.0;0.0;0.0;0.0;0.0;0.0;0.0;0.0;0.0;0.0;0.0;0.0;0.0;0.0;0.0;0.0;0.0
Quiterianópolis;MONTEIRO;-5.7194166666667;-40.700916666667;2002;9;0.0;0.0;0.0;0.0;0.0;0.0;0.0;0.0;0.0;0.0;0.0;0.0;0.0;0.0;0.0;0.0;0.0;0.0;0.0;0.0;0.0;0.0;0.0;0.0;0.0;0.0;0.0;0.0;0.0;0.0;0.0;888.0
Quiterianópolis;MONTEIRO;-5.7194166666667;-40.700916666667;2002;10;0.0;0.0;0.0;0.0;0.0;0.0;0.0;0.0;0.0;0.0;0.0;0.0;0.0;0.0;0.0;0.0;0.0;0.0;0.0;0.0;0.0;0.0;0.0;0.0;0.0;0.0;0.0;0.0;0.0;0.0;0.0;0.0
Quiterianópolis;MONTEIRO;-5.7194166666667;-40.700916666667;2002;11;0.0;0.0;0.0;0.0;0.0;0.0;0.0;0.0;0.0;0.0;0.0;0.0;0.0;0.0;0.0;0.0;0.0;0.0;0.0;0.0;0.0;0.0;0.0;0.0;0.0;0.0;0.0;0.0;0.0;0.0;0.0;888.0
Quiterianópolis;MONTEIRO;-5.7194166666667;-40.700916666667;2002;12;7.0;0.0;0.0;0.0;0.0;0.0;0.0;0.0;0.0;0.0;0.0;0.0;0.0;0.0;0.0;0.0;0.0;0.0;0.0;0.0;0.0;0.0;0.0;0.0;0.0;7.0;0.0;0.0;0.0;0.0;0.0;0.0
Quiterianópolis;MONTEIRO;-5.7194166666667;-40.700916666667;2003;1;72.8;0.0;0.0;0.0;0.0;0.0;0.0;0.0;0.0;0.0;0.0;0.0;0.0;0.0;0.0;0.0;0.0;0.0;0.0;9.0;8.2;0.0;42.2;0.0;0.0;0.0;0.0;0.0;0.0;0.0;0.0;13.4
Quiterianópolis;MONTEIRO;-5.7194166666667;-40.700916666667;2003;2;211.3;0.0;0.0;0.0;0.0;5.0;0.0;0.0;0.0;0.0;0.0;4.3;10.0;53.0;0.0;0.0;0.0;0.0;8.2;0.0;12.2;6.3;32.0;0.0;0.0;12.0;68.3;0.0;0.0;888.0;888.0;888.0
Quiterianópolis;MONTEIRO;-5.7194166666667;-40.700916666667;2003;3;324.2;31.3;0.0;6.2;24.4;0.0;0.0;0.0;36.2;0.0;0.0;0.0;0.0;0.0;0.0;0.0;15.0;23.2;0.0;42.2;0.0;50.0;0.0;42.0;24.4;0.0;17.3;0.0;0.0;0.0;12.0;0.0
Quiterianópolis;MONTEIRO;-5.7194166666667;-40.700916666667;2003;4;90.3;11.0;0.0;0.0;0.0;0.0;12.0;0.0;0.0;0.0;30.3;0.0;0.0;0.0;0.0;0.0;0.0;0.0;0.0;0.0;7.0;0.0;0.0;0.0;0.0;0.0;0.0;0.0;30.0;0.0;0.0;888.0
Quiterianópolis;MONTEIRO;-5.7194166666667;-40.700916666667;2003;5;48.0;0.0;8.3;0.0;0.0;35.3;4.4;0.0;0.0;0.0;0.0;0.0;0.0;0.0;0.0;0.0;0.0;0.0;0.0;0.0;0.0;0.0;0.0;0.0;0.0;0.0;0.0;0.0;0.0;0.0;0.0;0.0
Quiterianópolis;MONTEIRO;-5.7194166666667;-40.700916666667;2003;6;0.0;0.0;0.0;0.0;0.0;0.0;0.0;0.0;0.0;0.0;0.0;0.0;0.0;0.0;0.0;0.0;0.0;0.0;0.0;0.0;0.0;0.0;0.0;0.0;0.0;0.0;0.0;0.0;0.0;0.0;0.0;888.0
Quiterianópolis;MONTEIRO;-5.7194166666667;-40.700916666667;2003;7;0.0;0.0;0.0;0.0;0.0;0.0;0.0;0.0;0.0;0.0;0.0;0.0;0.0;0.0;0.0;0.0;0.0;0.0;0.0;0.0;0.0;0.0;0.0;0.0;0.0;0.0;0.0;0.0;0.0;0.0;0.0;0.0
Quiterianópolis;MONTEIRO;-5.7194166666667;-40.700916666667;2003;8;0.0;0.0;0.0;0.0;0.0;0.0;0.0;0.0;0.0;0.0;0.0;0.0;0.0;0.0;0.0;0.0;0.0;0.0;0.0;0.0;0.0;0.0;0.0;0.0;0.0;0.0;0.0;0.0;0.0;0.0;0.0;0.0
Quiterianópolis;MONTEIRO;-5.7194166666667;-40.700916666667;2003;9;0.0;0.0;0.0;0.0;0.0;0.0;0.0;0.0;0.0;0.0;0.0;0.0;0.0;0.0;0.0;0.0;0.0;0.0;0.0;0.0;0.0;0.0;0.0;0.0;0.0;0.0;0.0;0.0;0.0;0.0;0.0;888.0
Quiterianópolis;MONTEIRO;-5.7194166666667;-40.700916666667;2003;10;0.0;0.0;0.0;0.0;0.0;0.0;0.0;0.0;0.0;0.0;0.0;0.0;0.0;0.0;0.0;0.0;0.0;0.0;0.0;0.0;0.0;0.0;0.0;0.0;0.0;0.0;0.0;0.0;0.0;0.0;0.0;0.0
Quiterianópolis;MONTEIRO;-5.7194166666667;-40.700916666667;2003;11;0.0;0.0;0.0;0.0;0.0;0.0;0.0;0.0;0.0;0.0;0.0;0.0;0.0;0.0;0.0;0.0;0.0;0.0;0.0;0.0;0.0;0.0;0.0;0.0;0.0;0.0;0.0;0.0;0.0;0.0;0.0;888.0
Quiterianópolis;MONTEIRO;-5.7194166666667;-40.700916666667;2003;12;17.3;0.0;0.0;0.0;0.0;0.0;0.0;0.0;0.0;0.0;0.0;0.0;0.0;0.0;0.0;0.0;0.0;0.0;0.0;0.0;0.0;0.0;0.0;0.0;0.0;0.0;0.0;0.0;0.0;17.3;0.0;0.0
Quiterianópolis;MONTEIRO;-5.7194166666667;-40.700916666667;2004;1;566.9;0.0;0.0;0.0;0.0;0.0;0.0;0.0;0.0;0.0;19.0;0.0;41.3;11.0;0.0;4.3;0.0;10.0;42.2;0.0;15.0;56.0;10.3;0.0;28.5;67.0;7.0;86.0;30.0;27.0;50.0;62.3
Quiterianópolis;MONTEIRO;-5.7194166666667;-40.700916666667;2004;2;119.1;0.0;0.0;0.0;0.0;0.0;14.0;0.0;0.0;0.0;0.0;0.0;0.0;0.0;0.0;0.0;46.0;8.0;0.0;0.0;0.0;0.0;0.0;0.0;20.1;0.0;0.0;0.0;31.0;0.0;888.0;888.0
Quiterianópolis;MONTEIRO;-5.7194166666667;-40.700916666667;2004;3;43.3;0.0;0.0;0.0;0.0;0.0;0.0;0.0;16.0;0.0;0.0;0.0;0.0;0.0;0.0;0.0;0.0;0.0;27.3;0.0;0.0;0.0;0.0;0.0;0.0;0.0;0.0;0.0;0.0;0.0;0.0;0.0
Quiterianópolis;MONTEIRO;-5.7194166666667;-40.700916666667;2004;4;184.0;0.0;0.0;0.0;0.0;0.0;0.0;35.0;0.0;0.0;0.0;0.0;0.0;0.0;0.0;0.0;0.0;0.0;0.0;0.0;0.0;0.0;0.0;0.0;0.0;0.0;129.0;20.0;0.0;0.0;0.0;888.0
Quiterianópolis;MONTEIRO;-5.7194166666667;-40.700916666667;2004;5;14.0;0.0;0.0;0.0;0.0;0.0;0.0;0.0;0.0;0.0;0.0;0.0;0.0;0.0;0.0;0.0;0.0;0.0;0.0;0.0;0.0;14.0;0.0;0.0;0.0;0.0;0.0;0.0;0.0;0.0;0.0;0.0
Quiterianópolis;MONTEIRO;-5.7194166666667;-40.700916666667;2004;6;23.3;0.0;0.0;10.0;0.0;0.0;0.0;0.0;0.0;0.0;0.0;0.0;0.0;0.0;0.0;0.0;0.0;0.0;13.3;0.0;0.0;0.0;0.0;0.0;0.0;0.0;0.0;0.0;0.0;0.0;0.0;888.0
Quiterianópolis;MONTEIRO;-5.7194166666667;-40.700916666667;2004;7;0.0;0.0;0.0;0.0;0.0;0.0;0.0;0.0;0.0;0.0;0.0;0.0;0.0;0.0;0.0;0.0;0.0;0.0;0.0;0.0;0.0;0.0;0.0;0.0;0.0;0.0;0.0;0.0;0.0;0.0;0.0;0.0
Quiterianópolis;MONTEIRO;-5.7194166666667;-40.700916666667;2004;8;0.0;0.0;0.0;0.0;0.0;0.0;0.0;0.0;0.0;0.0;0.0;0.0;0.0;0.0;0.0;0.0;0.0;0.0;0.0;0.0;0.0;0.0;0.0;0.0;0.0;0.0;0.0;0.0;0.0;0.0;0.0;0.0
Quiterianópolis;MONTEIRO;-5.7194166666667;-40.700916666667;2004;9;0.0;0.0;0.0;0.0;0.0;0.0;0.0;0.0;0.0;0.0;0.0;0.0;0.0;0.0;0.0;0.0;0.0;0.0;0.0;0.0;0.0;0.0;0.0;0.0;0.0;0.0;0.0;0.0;0.0;0.0;0.0;888.0
Quiterianópolis;MONTEIRO;-5.7194166666667;-40.700916666667;2004;10;0.0;0.0;0.0;0.0;0.0;0.0;0.0;0.0;0.0;0.0;0.0;0.0;0.0;0.0;0.0;0.0;0.0;0.0;0.0;0.0;0.0;0.0;0.0;0.0;0.0;0.0;0.0;0.0;0.0;0.0;0.0;0.0
Quiterianópolis;MONTEIRO;-5.7194166666667;-40.700916666667;2004;11;0.0;0.0;0.0;0.0;0.0;0.0;0.0;0.0;0.0;0.0;0.0;0.0;0.0;0.0;0.0;0.0;0.0;0.0;0.0;0.0;0.0;0.0;0.0;0.0;0.0;0.0;0.0;0.0;0.0;0.0;0.0;888.0
Quiterianópolis;MONTEIRO;-5.7194166666667;-40.700916666667;2004;12;30.2;0.0;0.0;0.0;0.0;0.0;0.0;0.0;0.0;0.0;0.0;0.0;0.0;0.0;0.0;0.0;0.0;0.0;0.0;0.0;0.0;0.0;0.0;0.0;0.0;0.0;0.0;0.0;0.0;30.2;0.0;0.0
Quiterianópolis;MONTEIRO;-5.7194166666667;-40.700916666667;2005;1;38.0;0.0;0.0;0.0;0.0;0.0;0.0;0.0;0.0;0.0;0.0;0.0;0.0;0.0;0.0;0.0;0.0;0.0;0.0;0.0;0.0;0.0;0.0;0.0;0.0;0.0;38.0;0.0;0.0;0.0;0.0;0.0
Quiterianópolis;MONTEIRO;-5.7194166666667;-40.700916666667;2005;2;63.0;0.0;0.0;0.0;0.0;0.0;0.0;0.0;0.0;0.0;0.0;0.0;41.0;0.0;0.0;0.0;0.0;0.0;7.0;0.0;0.0;0.0;0.0;0.0;0.0;0.0;15.0;0.0;0.0;888.0;888.0;888.0
Quiterianópolis;MONTEIRO;-5.7194166666667;-40.700916666667;2005;3;324.7;0.0;0.0;0.0;0.0;0.0;0.0;0.0;0.0;0.0;0.0;0.0;0.0;0.0;0.0;0.0;14.2;0.0;0.0;21.0;15.0;27.0;8.4;2.0;24.0;106.0;17.4;6.4;33.3;11.0;18.0;21.0
Quiterianópolis;MONTEIRO;-5.7194166666667;-40.700916666667;2005;4;65.0;0.0;0.0;0.0;0.0;0.0;0.0;0.0;0.0;0.0;0.0;0.0;0.0;0.0;0.0;0.0;0.0;0.0;0.0;0.0;0.0;0.0;0.0;0.0;0.0;0.0;0.0;65.0;0.0;0.0;0.0;888.0
Quiterianópolis;MONTEIRO;-5.7194166666667;-40.700916666667;2005;5;19.2;0.0;0.0;0.0;0.0;0.0;0.0;0.0;0.0;0.0;0.0;0.0;0.0;0.0;0.0;0.0;0.0;0.0;0.0;0.0;0.0;0.0;0.0;19.2;0.0;0.0;0.0;0.0;0.0;0.0;0.0;0.0
Quiterianópolis;MONTEIRO;-5.7194166666667;-40.700916666667;2005;6;11.0;0.0;0.0;0.0;0.0;0.0;0.0;0.0;0.0;0.0;0.0;0.0;0.0;0.0;0.0;0.0;0.0;0.0;0.0;0.0;0.0;0.0;0.0;0.0;0.0;0.0;0.0;11.0;0.0;0.0;0.0;888.0
Quiterianópolis;MONTEIRO;-5.7194166666667;-40.700916666667;2005;7;0.0;0.0;0.0;0.0;0.0;0.0;0.0;0.0;0.0;0.0;0.0;0.0;0.0;0.0;0.0;0.0;0.0;0.0;0.0;0.0;0.0;0.0;0.0;0.0;0.0;0.0;0.0;0.0;0.0;0.0;0.0;0.0
Quiterianópolis;MONTEIRO;-5.7194166666667;-40.700916666667;2005;8;0.0;0.0;0.0;0.0;0.0;0.0;0.0;0.0;0.0;0.0;0.0;0.0;0.0;0.0;0.0;0.0;0.0;0.0;0.0;0.0;0.0;0.0;0.0;0.0;0.0;0.0;0.0;0.0;0.0;0.0;0.0;0.0
Quiterianópolis;MONTEIRO;-5.7194166666667;-40.700916666667;2005;9;0.0;0.0;0.0;0.0;0.0;0.0;0.0;0.0;0.0;0.0;0.0;0.0;0.0;0.0;0.0;0.0;0.0;0.0;0.0;0.0;0.0;0.0;0.0;0.0;0.0;0.0;0.0;0.0;0.0;0.0;0.0;888.0
Quiterianópolis;MONTEIRO;-5.7194166666667;-40.700916666667;2005;10;0.0;0.0;0.0;0.0;0.0;0.0;0.0;0.0;0.0;0.0;0.0;0.0;0.0;0.0;0.0;0.0;0.0;0.0;0.0;0.0;0.0;0.0;0.0;0.0;0.0;0.0;0.0;0.0;0.0;0.0;0.0;0.0
Quiterianópolis;MONTEIRO;-5.7194166666667;-40.700916666667;2005;11;0.0;0.0;0.0;0.0;0.0;0.0;0.0;0.0;0.0;0.0;0.0;0.0;0.0;0.0;0.0;0.0;0.0;0.0;0.0;0.0;0.0;0.0;0.0;0.0;0.0;0.0;0.0;0.0;0.0;0.0;0.0;888.0
Quiterianópolis;MONTEIRO;-5.7194166666667;-40.700916666667;2005;12;0.0;0.0;0.0;0.0;0.0;0.0;0.0;0.0;0.0;0.0;0.0;0.0;0.0;0.0;0.0;0.0;0.0;0.0;0.0;0.0;0.0;0.0;0.0;0.0;0.0;0.0;0.0;0.0;0.0;0.0;0.0;0.0
Quiterianópolis;MONTEIRO;-5.7194166666667;-40.700916666667;2006;1;0.0;0.0;0.0;0.0;0.0;0.0;0.0;0.0;0.0;0.0;0.0;0.0;0.0;0.0;0.0;0.0;0.0;0.0;0.0;0.0;0.0;0.0;0.0;0.0;0.0;0.0;0.0;0.0;0.0;0.0;0.0;0.0
Quiterianópolis;MONTEIRO;-5.7194166666667;-40.700916666667;2006;2;36.0;0.0;0.0;0.0;0.0;0.0;0.0;0.0;0.0;0.0;0.0;0.0;0.0;0.0;0.0;0.0;0.0;0.0;0.0;16.0;5.3;0.0;0.0;0.0;0.0;0.0;12.3;2.4;0.0;888.0;888.0;888.0
Quiterianópolis;MONTEIRO;-5.7194166666667;-40.700916666667;2006;3;202.3;0.0;10.0;50.0;0.0;0.0;0.0;0.0;0.0;6.3;0.0;0.0;0.0;0.0;0.0;30.0;0.0;0.0;0.0;0.0;0.0;0.0;0.0;0.0;106.0;0.0;0.0;0.0;0.0;0.0;0.0;0.0
Quiterianópolis;MONTEIRO;-5.7194166666667;-40.700916666667;2006;4;131.4;0.0;0.0;0.0;0.0;0.0;3.0;9.0;0.0;0.0;0.0;0.0;0.0;0.0;27.0;20.0;0.0;0.0;0.0;33.0;7.4;0.0;0.0;0.0;0.0;10.0;7.0;0.0;0.0;0.0;15.0;888.0
Quiterianópolis;MONTEIRO;-5.7194166666667;-40.700916666667;2006;5;117.0;0.0;23.0;0.0;0.0;6.0;0.0;0.0;0.0;8.0;10.0;0.0;0.0;0.0;5.0;0.0;0.0;12.0;0.0;0.0;7.0;7.0;0.0;0.0;32.0;0.0;0.0;7.0;0.0;0.0;0.0;0.0
Quiterianópolis;MONTEIRO;-5.7194166666667;-40.700916666667;2006;6;0.0;0.0;0.0;0.0;0.0;0.0;0.0;0.0;0.0;0.0;0.0;0.0;0.0;0.0;0.0;0.0;0.0;0.0;0.0;0.0;0.0;0.0;0.0;0.0;0.0;0.0;0.0;0.0;0.0;0.0;0.0;888.0
Quiterianópolis;MONTEIRO;-5.7194166666667;-40.700916666667;2006;7;0.0;0.0;0.0;0.0;0.0;0.0;0.0;0.0;0.0;0.0;0.0;0.0;0.0;0.0;0.0;0.0;0.0;0.0;0.0;0.0;0.0;0.0;0.0;0.0;0.0;0.0;0.0;0.0;0.0;0.0;0.0;0.0
Quiterianópolis;MONTEIRO;-5.7194166666667;-40.700916666667;2006;8;0.0;0.0;0.0;0.0;0.0;0.0;0.0;0.0;0.0;0.0;0.0;0.0;0.0;0.0;0.0;0.0;0.0;0.0;0.0;0.0;0.0;0.0;0.0;0.0;0.0;0.0;0.0;0.0;0.0;0.0;0.0;0.0
Quiterianópolis;MONTEIRO;-5.7194166666667;-40.700916666667;2006;9;0.0;0.0;0.0;0.0;0.0;0.0;0.0;0.0;0.0;0.0;0.0;0.0;0.0;0.0;0.0;0.0;0.0;0.0;0.0;0.0;0.0;0.0;0.0;0.0;0.0;0.0;0.0;0.0;0.0;0.0;0.0;888.0
Quiterianópolis;MONTEIRO;-5.7194166666667;-40.700916666667;2006;10;0.0;0.0;0.0;0.0;0.0;0.0;0.0;0.0;0.0;0.0;0.0;0.0;0.0;0.0;0.0;0.0;0.0;0.0;0.0;0.0;0.0;0.0;0.0;0.0;0.0;0.0;0.0;0.0;0.0;0.0;0.0;0.0
Quiterianópolis;MONTEIRO;-5.7194166666667;-40.700916666667;2006;11;0.0;0.0;0.0;0.0;0.0;0.0;0.0;0.0;0.0;0.0;0.0;0.0;0.0;0.0;0.0;0.0;0.0;0.0;0.0;0.0;0.0;0.0;0.0;0.0;0.0;0.0;0.0;0.0;0.0;0.0;0.0;888.0
Quiterianópolis;MONTEIRO;-5.7194166666667;-40.700916666667;2006;12;0.0;0.0;0.0;0.0;0.0;0.0;0.0;0.0;0.0;0.0;0.0;0.0;0.0;0.0;0.0;0.0;0.0;0.0;0.0;0.0;0.0;0.0;0.0;0.0;0.0;0.0;0.0;0.0;0.0;0.0;0.0;0.0
Quiterianópolis;MONTEIRO;-5.7194166666667;-40.700916666667;2007;1;0.0;0.0;0.0;0.0;0.0;0.0;0.0;0.0;0.0;0.0;0.0;0.0;0.0;0.0;0.0;0.0;0.0;0.0;0.0;0.0;0.0;0.0;0.0;0.0;0.0;0.0;0.0;0.0;0.0;0.0;0.0;0.0
Quiterianópolis;MONTEIRO;-5.7194166666667;-40.700916666667;2007;2;343.0;0.0;0.0;0.0;0.0;0.0;0.0;0.0;0.0;31.0;0.0;0.0;0.0;51.0;17.0;0.0;0.0;43.0;95.0;0.0;36.0;0.0;12.0;35.0;23.0;0.0;0.0;0.0;0.0;888.0;888.0;888.0
Quiterianópolis;MONTEIRO;-5.7194166666667;-40.700916666667;2007;3;51.0;0.0;21.0;0.0;0.0;0.0;0.0;0.0;0.0;0.0;0.0;0.0;0.0;0.0;0.0;0.0;30.0;0.0;0.0;0.0;0.0;0.0;0.0;0.0;0.0;0.0;0.0;0.0;0.0;0.0;0.0;0.0
Quiterianópolis;MONTEIRO;-5.7194166666667;-40.700916666667;2007;4;101.3;0.0;0.0;0.0;0.0;12.0;0.0;0.0;0.0;0.0;0.0;0.0;0.0;0.0;0.0;0.0;0.0;0.0;31.0;0.0;0.0;0.0;29.0;0.0;0.0;0.0;15.0;14.3;0.0;0.0;0.0;888.0
Quiterianópolis;MONTEIRO;-5.7194166666667;-40.700916666667;2007;5;0.0;0.0;0.0;0.0;0.0;0.0;0.0;0.0;0.0;0.0;0.0;0.0;0.0;0.0;0.0;0.0;0.0;0.0;0.0;0.0;0.0;0.0;0.0;0.0;0.0;0.0;0.0;0.0;0.0;0.0;0.0;0.0
Quiterianópolis;MONTEIRO;-5.7194166666667;-40.700916666667;2007;6;0.0;0.0;0.0;0.0;0.0;0.0;0.0;0.0;0.0;0.0;0.0;0.0;0.0;0.0;0.0;0.0;0.0;0.0;0.0;0.0;0.0;0.0;0.0;0.0;0.0;0.0;0.0;0.0;0.0;0.0;0.0;888.0
Quiterianópolis;MONTEIRO;-5.7194166666667;-40.700916666667;2007;7;0.0;0.0;0.0;0.0;0.0;0.0;0.0;0.0;0.0;0.0;0.0;0.0;0.0;0.0;0.0;0.0;0.0;0.0;0.0;0.0;0.0;0.0;0.0;0.0;0.0;0.0;0.0;0.0;0.0;0.0;0.0;0.0
Quiterianópolis;MONTEIRO;-5.7194166666667;-40.700916666667;2007;8;0.0;0.0;0.0;0.0;0.0;0.0;0.0;0.0;0.0;0.0;0.0;0.0;0.0;0.0;0.0;0.0;0.0;0.0;0.0;0.0;0.0;0.0;0.0;0.0;0.0;0.0;0.0;0.0;0.0;0.0;0.0;0.0
Quiterianópolis;MONTEIRO;-5.7194166666667;-40.700916666667;2007;9;0.0;0.0;0.0;0.0;0.0;0.0;0.0;0.0;0.0;0.0;0.0;0.0;0.0;0.0;0.0;0.0;0.0;0.0;0.0;0.0;0.0;0.0;0.0;0.0;0.0;0.0;0.0;0.0;0.0;0.0;0.0;888.0
Quiterianópolis;MONTEIRO;-5.7194166666667;-40.700916666667;2007;10;0.0;0.0;0.0;0.0;0.0;0.0;0.0;0.0;0.0;0.0;0.0;0.0;0.0;0.0;0.0;0.0;0.0;0.0;0.0;0.0;0.0;0.0;0.0;0.0;0.0;0.0;0.0;0.0;0.0;0.0;0.0;0.0
Quiterianópolis;MONTEIRO;-5.7194166666667;-40.700916666667;2007;11;0.0;0.0;0.0;0.0;0.0;0.0;0.0;0.0;0.0;0.0;0.0;0.0;0.0;0.0;0.0;0.0;0.0;0.0;0.0;0.0;0.0;0.0;0.0;0.0;0.0;0.0;0.0;0.0;0.0;0.0;0.0;888.0
Quiterianópolis;MONTEIRO;-5.7194166666667;-40.700916666667;2007;12;28.0;0.0;0.0;0.0;0.0;0.0;0.0;0.0;0.0;0.0;0.0;0.0;0.0;0.0;0.0;0.0;28.0;0.0;0.0;0.0;0.0;0.0;0.0;0.0;0.0;0.0;0.0;0.0;0.0;0.0;0.0;0.0
Quiterianópolis;MONTEIRO;-5.7194166666667;-40.700916666667;2008;1;36.0;0.0;0.0;0.0;0.0;0.0;0.0;0.0;0.0;0.0;0.0;0.0;0.0;0.0;0.0;0.0;0.0;0.0;0.0;29.0;0.0;0.0;0.0;0.0;0.0;0.0;0.0;0.0;0.0;0.0;0.0;7.0
Quiterianópolis;MONTEIRO;-5.7194166666667;-40.700916666667;2008;2;93.0;44.0;0.0;0.0;0.0;0.0;0.0;0.0;0.0;0.0;0.0;0.0;0.0;0.0;0.0;0.0;0.0;0.0;0.0;0.0;0.0;0.0;0.0;0.0;0.0;0.0;0.0;0.0;6.0;43.0;888.0;888.0
Quiterianópolis;MONTEIRO;-5.7194166666667;-40.700916666667;2008;3;442.1;11.3;0.0;0.0;0.0;0.0;0.0;0.0;16.0;0.0;0.0;0.0;0.0;4.0;9.0;11.0;18.3;18.2;0.0;33.0;78.0;18.3;0.0;9.0;14.3;0.0;77.3;0.0;21.0;6.0;77.4;20.0
Quiterianópolis;MONTEIRO;-5.7194166666667;-40.700916666667;2008;4;209.5;5.0;15.0;14.2;0.0;13.3;18.0;0.0;0.0;9.0;0.0;10.0;7.0;29.0;41.0;0.0;19.0;0.0;0.0;0.0;0.0;0.0;14.0;0.0;0.0;0.0;0.0;0.0;0.0;0.0;15.0;888.0
Quiterianópolis;MONTEIRO;-5.7194166666667;-40.700916666667;2008;5;16.0;0.0;16.0;0.0;0.0;0.0;0.0;0.0;0.0;0.0;0.0;0.0;0.0;0.0;0.0;0.0;0.0;0.0;0.0;0.0;0.0;0.0;0.0;0.0;0.0;0.0;0.0;0.0;0.0;0.0;0.0;0.0
Quiterianópolis;MONTEIRO;-5.7194166666667;-40.700916666667;2008;6;0.0;0.0;0.0;0.0;0.0;0.0;0.0;0.0;0.0;0.0;0.0;0.0;0.0;0.0;0.0;0.0;0.0;0.0;0.0;0.0;0.0;0.0;0.0;0.0;0.0;0.0;0.0;0.0;0.0;0.0;0.0;888.0
Quiterianópolis;MONTEIRO;-5.7194166666667;-40.700916666667;2008;7;0.0;0.0;0.0;0.0;0.0;0.0;0.0;0.0;0.0;0.0;0.0;0.0;0.0;0.0;0.0;0.0;0.0;0.0;0.0;0.0;0.0;0.0;0.0;0.0;0.0;0.0;0.0;0.0;0.0;0.0;0.0;0.0
Quiterianópolis;MONTEIRO;-5.7194166666667;-40.700916666667;2008;8;0.0;0.0;0.0;0.0;0.0;0.0;0.0;0.0;0.0;0.0;0.0;0.0;0.0;0.0;0.0;0.0;0.0;0.0;0.0;0.0;0.0;0.0;0.0;0.0;0.0;0.0;0.0;0.0;0.0;0.0;0.0;0.0
Quiterianópolis;MONTEIRO;-5.7194166666667;-40.700916666667;2008;9;0.0;0.0;0.0;0.0;0.0;0.0;0.0;0.0;0.0;0.0;0.0;0.0;0.0;0.0;0.0;0.0;0.0;999.0;0.0;0.0;0.0;0.0;0.0;0.0;0.0;0.0;0.0;0.0;0.0;0.0;0.0;888.0
Quiterianópolis;MONTEIRO;-5.7194166666667;-40.700916666667;2008;10;0.0;0.0;0.0;0.0;0.0;0.0;0.0;0.0;0.0;0.0;0.0;0.0;0.0;0.0;0.0;0.0;0.0;0.0;0.0;0.0;0.0;0.0;0.0;0.0;0.0;0.0;0.0;0.0;0.0;0.0;0.0;0.0
Quiterianópolis;MONTEIRO;-5.7194166666667;-40.700916666667;2008;11;0.0;0.0;0.0;0.0;0.0;0.0;0.0;0.0;0.0;0.0;0.0;0.0;0.0;0.0;0.0;0.0;0.0;0.0;0.0;0.0;0.0;0.0;0.0;0.0;0.0;0.0;0.0;0.0;0.0;0.0;0.0;888.0
Quiterianópolis;MONTEIRO;-5.7194166666667;-40.700916666667;2008;12;0.0;0.0;0.0;0.0;0.0;0.0;0.0;0.0;0.0;0.0;0.0;0.0;0.0;0.0;0.0;0.0;0.0;0.0;0.0;0.0;0.0;0.0;0.0;0.0;0.0;0.0;0.0;0.0;0.0;0.0;0.0;0.0
Quiterianópolis;MONTEIRO;-5.7194166666667;-40.700916666667;2009;1;219.0;0.0;0.0;0.0;0.0;0.0;0.0;0.0;0.0;0.0;0.0;0.0;0.0;0.0;0.0;0.0;0.0;0.0;0.0;0.0;0.0;61.0;140.0;0.0;0.0;0.0;18.0;0.0;0.0;0.0;0.0;0.0
Quiterianópolis;MONTEIRO;-5.7194166666667;-40.700916666667;2009;2;248.0;0.0;95.0;0.0;0.0;0.0;0.0;0.0;0.0;0.0;0.0;0.0;0.0;0.0;0.0;0.0;0.0;0.0;0.0;0.0;0.0;0.0;63.0;33.0;57.0;0.0;0.0;0.0;0.0;888.0;888.0;888.0
Quiterianópolis;MONTEIRO;-5.7194166666667;-40.700916666667;2009;3;59.3;0.0;18.3;0.0;0.0;0.0;0.0;0.0;0.0;0.0;0.0;0.0;0.0;0.0;27.0;0.0;0.0;0.0;0.0;0.0;14.0;0.0;0.0;0.0;0.0;0.0;0.0;0.0;0.0;0.0;0.0;0.0
Quiterianópolis;MONTEIRO;-5.7194166666667;-40.700916666667;2009;4;434.0;0.0;19.0;0.0;0.0;0.0;0.0;0.0;0.0;28.0;88.0;0.0;0.0;76.0;0.0;0.0;0.0;10.0;0.0;7.0;52.0;13.0;15.0;37.0;0.0;43.0;9.0;0.0;0.0;37.0;0.0;888.0
Quiterianópolis;MONTEIRO;-5.7194166666667;-40.700916666667;2009;5;36.0;0.0;0.0;0.0;0.0;12.0;0.0;0.0;0.0;8.0;0.0;0.0;0.0;0.0;0.0;0.0;0.0;0.0;0.0;0.0;0.0;0.0;0.0;0.0;16.0;0.0;0.0;0.0;0.0;0.0;0.0;0.0
Quiterianópolis;MONTEIRO;-5.7194166666667;-40.700916666667;2009;6;0.0;0.0;0.0;0.0;0.0;0.0;0.0;0.0;0.0;0.0;0.0;0.0;0.0;0.0;0.0;0.0;0.0;0.0;0.0;0.0;0.0;0.0;0.0;0.0;0.0;0.0;0.0;0.0;0.0;0.0;0.0;888.0
Quiterianópolis;MONTEIRO;-5.7194166666667;-40.700916666667;2009;7;0.0;0.0;0.0;0.0;0.0;0.0;0.0;0.0;0.0;0.0;0.0;0.0;0.0;0.0;0.0;0.0;0.0;0.0;0.0;0.0;0.0;0.0;0.0;0.0;0.0;0.0;0.0;0.0;0.0;0.0;0.0;0.0
Quiterianópolis;MONTEIRO;-5.7194166666667;-40.700916666667;2009;8;0.0;0.0;0.0;0.0;0.0;0.0;0.0;0.0;0.0;0.0;0.0;0.0;0.0;0.0;0.0;0.0;0.0;0.0;0.0;0.0;0.0;0.0;0.0;0.0;0.0;0.0;0.0;0.0;0.0;0.0;0.0;0.0
Quiterianópolis;MONTEIRO;-5.7194166666667;-40.700916666667;2009;9;0.0;0.0;0.0;0.0;0.0;0.0;0.0;0.0;0.0;0.0;0.0;0.0;0.0;0.0;0.0;0.0;0.0;0.0;0.0;0.0;0.0;0.0;0.0;0.0;0.0;0.0;0.0;0.0;0.0;0.0;0.0;888.0
Quiterianópolis;MONTEIRO;-5.7194166666667;-40.700916666667;2009;10;0.0;0.0;0.0;0.0;0.0;0.0;0.0;0.0;0.0;0.0;0.0;0.0;0.0;0.0;0.0;0.0;0.0;0.0;0.0;0.0;0.0;0.0;0.0;0.0;0.0;0.0;0.0;0.0;0.0;0.0;0.0;0.0
Quiterianópolis;MONTEIRO;-5.7194166666667;-40.700916666667;2009;11;0.0;0.0;0.0;0.0;0.0;0.0;0.0;0.0;0.0;0.0;0.0;0.0;0.0;0.0;0.0;0.0;0.0;0.0;0.0;0.0;0.0;0.0;0.0;0.0;0.0;0.0;0.0;0.0;0.0;0.0;0.0;888.0
Quiterianópolis;MONTEIRO;-5.7194166666667;-40.700916666667;2009;12;0.0;0.0;0.0;0.0;0.0;0.0;0.0;0.0;0.0;0.0;0.0;0.0;0.0;0.0;0.0;0.0;0.0;0.0;0.0;0.0;0.0;0.0;0.0;0.0;0.0;0.0;0.0;0.0;0.0;0.0;0.0;0.0
Quiterianópolis;MONTEIRO;-5.7194166666667;-40.700916666667;2010;1;191.0;63.0;36.0;0.0;22.0;0.0;0.0;0.0;0.0;0.0;0.0;0.0;0.0;0.0;0.0;0.0;0.0;0.0;0.0;0.0;0.0;0.0;0.0;0.0;0.0;0.0;70.0;0.0;0.0;0.0;0.0;0.0
Quiterianópolis;MONTEIRO;-5.7194166666667;-40.700916666667;2010;2;0.0;0.0;0.0;0.0;0.0;0.0;0.0;999.0;999.0;999.0;999.0;999.0;999.0;999.0;999.0;999.0;999.0;999.0;999.0;999.0;999.0;999.0;999.0;999.0;999.0;999.0;999.0;999.0;999.0;888.0;888.0;888.0
Quiterianópolis;MONTEIRO;-5.7194166666667;-40.700916666667;2010;4;94.0;0.0;0.0;0.0;0.0;0.0;0.0;0.0;0.0;94.0;0.0;0.0;0.0;0.0;0.0;0.0;0.0;0.0;0.0;0.0;0.0;0.0;0.0;0.0;0.0;0.0;0.0;0.0;0.0;0.0;0.0;888.0
Quiterianópolis;MONTEIRO;-5.7194166666667;-40.700916666667;2011;1;34.0;0.0;0.0;0.0;0.0;0.0;0.0;0.0;0.0;0.0;0.0;0.0;0.0;0.0;0.0;0.0;0.0;0.0;0.0;0.0;0.0;28.0;6.0;0.0;0.0;0.0;0.0;0.0;0.0;0.0;0.0;0.0
Quiterianópolis;MONTEIRO;-5.7194166666667;-40.700916666667;2011;6;0.0;0.0;999.0;999.0;999.0;999.0;999.0;999.0;999.0;999.0;999.0;999.0;999.0;999.0;999.0;999.0;999.0;999.0;999.0;999.0;999.0;999.0;999.0;999.0;999.0;999.0;999.0;999.0;999.0;999.0;999.0;888.0
Quiterianópolis;MONTEIRO;-5.7194166666667;-40.700916666667;2012;3;23.0;0.0;2.0;0.0;0.0;0.0;0.0;0.0;0.0;2.0;19.0;0.0;0.0;0.0;0.0;0.0;0.0;0.0;0.0;0.0;0.0;0.0;0.0;0.0;0.0;0.0;0.0;0.0;0.0;0.0;0.0;0.0
Quiterianópolis;MONTEIRO;-5.7194166666667;-40.700916666667;2012;4;32.0;0.0;0.0;5.0;0.0;0.0;0.0;0.0;0.0;0.0;2.0;0.0;0.0;0.0;0.0;0.0;0.0;11.0;0.0;0.0;0.0;13.0;1.0;0.0;0.0;0.0;0.0;0.0;0.0;0.0;0.0;888.0
Quiterianópolis;MONTEIRO;-5.7194166666667;-40.700916666667;2012;5;0.0;0.0;0.0;0.0;0.0;0.0;0.0;0.0;0.0;0.0;0.0;0.0;0.0;0.0;0.0;0.0;0.0;0.0;0.0;0.0;0.0;0.0;0.0;0.0;0.0;0.0;0.0;0.0;0.0;0.0;0.0;0.0
Quiterianópolis;MONTEIRO;-5.7194166666667;-40.700916666667;2015;3;95.0;13.0;14.0;0.0;0.0;0.0;20.0;0.0;0.0;9.0;0.0;0.0;0.0;0.0;0.0;0.0;0.0;0.0;0.0;0.0;0.0;0.0;4.0;22.0;0.0;4.0;0.0;0.0;0.0;0.0;9.0;0.0
Quiterianópolis;MONTEIRO;-5.7194166666667;-40.700916666667;2016;1;397.0;0.0;0.0;0.0;0.0;0.0;112.0;7.0;0.0;0.0;0.0;0.0;0.0;0.0;90.0;9.0;0.0;0.0;0.0;7.0;0.0;49.0;0.0;30.0;60.0;33.0;0.0;0.0;0.0;0.0;0.0;0.0
Quiterianópolis;MONTEIRO;-5.7194166666667;-40.700916666667;2016;2;14.0;0.0;14.0;0.0;0.0;0.0;0.0;0.0;0.0;0.0;0.0;0.0;0.0;0.0;0.0;0.0;0.0;0.0;0.0;0.0;0.0;0.0;0.0;0.0;0.0;0.0;0.0;0.0;0.0;0.0;888.0;888.0
Quiterianópolis;MONTEIRO;-5.7194166666667;-40.700916666667;2016;3;0.0;0.0;0.0;0.0;0.0;0.0;0.0;0.0;0.0;0.0;0.0;0.0;0.0;0.0;0.0;0.0;0.0;0.0;0.0;0.0;0.0;0.0;0.0;0.0;0.0;0.0;0.0;0.0;0.0;0.0;0.0;0.0
Quiterianópolis;MONTEIRO;-5.7194166666667;-40.700916666667;2016;4;0.0;0.0;0.0;0.0;0.0;0.0;0.0;0.0;0.0;0.0;0.0;0.0;0.0;0.0;0.0;0.0;0.0;0.0;0.0;0.0;0.0;0.0;0.0;0.0;0.0;0.0;0.0;0.0;0.0;0.0;0.0;888.0
Quiterianópolis;MONTEIRO;-5.7194166666667;-40.700916666667;2016;5;0.0;0.0;0.0;0.0;0.0;0.0;0.0;0.0;0.0;0.0;0.0;0.0;0.0;0.0;0.0;0.0;0.0;0.0;0.0;0.0;0.0;0.0;0.0;0.0;0.0;0.0;0.0;0.0;0.0;0.0;0.0;0.0
Quiterianópolis;MONTEIRO;-5.7194166666667;-40.700916666667;2016;6;0.0;0.0;0.0;0.0;0.0;0.0;0.0;0.0;0.0;0.0;0.0;0.0;0.0;0.0;0.0;0.0;0.0;0.0;0.0;0.0;0.0;0.0;0.0;0.0;0.0;0.0;0.0;0.0;0.0;0.0;0.0;888.0
Quiterianópolis;MONTEIRO;-5.7194166666667;-40.700916666667;2016;7;0.0;0.0;0.0;0.0;0.0;0.0;0.0;0.0;0.0;0.0;0.0;0.0;0.0;0.0;0.0;0.0;0.0;0.0;0.0;0.0;0.0;0.0;0.0;0.0;0.0;0.0;0.0;0.0;0.0;0.0;0.0;0.0
Quiterianópolis;MONTEIRO;-5.7194166666667;-40.700916666667;2016;8;0.0;0.0;0.0;0.0;0.0;0.0;0.0;0.0;0.0;0.0;0.0;0.0;0.0;0.0;0.0;0.0;0.0;0.0;0.0;0.0;0.0;0.0;0.0;0.0;0.0;0.0;0.0;0.0;0.0;0.0;0.0;0.0
Quiterianópolis;MONTEIRO;-5.7194166666667;-40.700916666667;2016;9;0.0;0.0;0.0;0.0;0.0;0.0;0.0;0.0;0.0;0.0;0.0;0.0;0.0;0.0;0.0;0.0;0.0;0.0;0.0;0.0;0.0;0.0;0.0;0.0;0.0;0.0;0.0;0.0;0.0;0.0;0.0;888.0
Quiterianópolis;MONTEIRO;-5.7194166666667;-40.700916666667;2016;10;0.0;0.0;0.0;0.0;0.0;0.0;0.0;0.0;0.0;0.0;0.0;0.0;0.0;0.0;0.0;0.0;0.0;0.0;0.0;0.0;0.0;0.0;0.0;0.0;0.0;0.0;0.0;0.0;0.0;0.0;0.0;0.0
Quiterianópolis;MONTEIRO;-5.7194166666667;-40.700916666667;2016;11;0.0;0.0;0.0;0.0;0.0;0.0;0.0;0.0;0.0;0.0;0.0;0.0;0.0;0.0;0.0;0.0;0.0;0.0;0.0;0.0;0.0;0.0;0.0;0.0;0.0;0.0;0.0;0.0;0.0;0.0;0.0;888.0
Quiterianópolis;MONTEIRO;-5.7194166666667;-40.700916666667;2016;12;55.0;0.0;0.0;0.0;0.0;0.0;0.0;0.0;0.0;0.0;0.0;0.0;0.0;0.0;0.0;0.0;0.0;0.0;45.0;10.0;0.0;0.0;0.0;0.0;0.0;0.0;0.0;0.0;0.0;0.0;0.0;0.0
Quiterianópolis;MONTEIRO;-5.7194166666667;-40.700916666667;2017;1;0.0;0.0;0.0;0.0;0.0;0.0;0.0;0.0;0.0;0.0;0.0;0.0;0.0;0.0;0.0;0.0;0.0;0.0;0.0;0.0;0.0;0.0;0.0;0.0;0.0;0.0;0.0;0.0;0.0;0.0;0.0;0.0
Quiterianópolis;MONTEIRO;-5.7194166666667;-40.700916666667;2017;2;84.0;0.0;0.0;0.0;0.0;0.0;0.0;0.0;0.0;0.0;0.0;21.0;0.0;0.0;0.0;0.0;0.0;0.0;0.0;31.0;0.0;0.0;0.0;0.0;32.0;0.0;0.0;0.0;0.0;888.0;888.0;888.0
Quiterianópolis;MONTEIRO;-5.7194166666667;-40.700916666667;2017;3;20.0;0.0;0.0;0.0;0.0;0.0;0.0;0.0;0.0;0.0;0.0;0.0;0.0;0.0;0.0;0.0;0.0;0.0;0.0;0.0;0.0;0.0;0.0;0.0;0.0;0.0;0.0;0.0;0.0;0.0;0.0;20.0
Quiterianópolis;MONTEIRO;-5.7194166666667;-40.700916666667;2017;4;0.0;0.0;0.0;0.0;0.0;0.0;0.0;0.0;0.0;0.0;0.0;0.0;0.0;0.0;0.0;0.0;0.0;0.0;0.0;0.0;0.0;0.0;0.0;0.0;0.0;0.0;0.0;0.0;0.0;0.0;0.0;888.0
Quiterianópolis;MONTEIRO;-5.7194166666667;-40.700916666667;2017;5;0.0;0.0;0.0;0.0;0.0;0.0;0.0;0.0;0.0;0.0;0.0;0.0;0.0;0.0;0.0;0.0;0.0;0.0;0.0;0.0;0.0;0.0;0.0;0.0;0.0;0.0;0.0;0.0;0.0;0.0;0.0;0.0
Quiterianópolis;MONTEIRO;-5.7194166666667;-40.700916666667;2017;6;0.0;0.0;0.0;0.0;0.0;0.0;0.0;0.0;0.0;0.0;0.0;0.0;0.0;0.0;0.0;0.0;0.0;0.0;0.0;0.0;0.0;0.0;0.0;0.0;0.0;0.0;0.0;0.0;0.0;0.0;0.0;888.0
Quiterianópolis;MONTEIRO;-5.7194166666667;-40.700916666667;2017;7;0.0;0.0;0.0;0.0;0.0;0.0;0.0;0.0;0.0;0.0;0.0;0.0;0.0;0.0;0.0;0.0;0.0;0.0;0.0;0.0;0.0;0.0;0.0;0.0;0.0;0.0;0.0;0.0;0.0;0.0;0.0;0.0
Quiterianópolis;MONTEIRO;-5.7194166666667;-40.700916666667;2017;8;0.0;0.0;0.0;0.0;0.0;0.0;0.0;0.0;0.0;0.0;0.0;0.0;0.0;0.0;0.0;0.0;0.0;0.0;0.0;0.0;0.0;0.0;0.0;0.0;0.0;0.0;0.0;0.0;0.0;0.0;0.0;0.0
Quiterianópolis;MONTEIRO;-5.7194166666667;-40.700916666667;2017;9;0.0;0.0;0.0;0.0;0.0;0.0;0.0;0.0;0.0;0.0;0.0;0.0;0.0;0.0;0.0;0.0;0.0;0.0;0.0;0.0;0.0;0.0;0.0;0.0;0.0;0.0;0.0;0.0;0.0;0.0;0.0;888.0
Quiterianópolis;MONTEIRO;-5.7194166666667;-40.700916666667;2017;10;0.0;0.0;0.0;0.0;0.0;0.0;0.0;0.0;0.0;0.0;0.0;0.0;0.0;0.0;0.0;0.0;0.0;0.0;0.0;0.0;0.0;0.0;0.0;0.0;0.0;0.0;0.0;0.0;0.0;0.0;0.0;0.0
Quiterianópolis;MONTEIRO;-5.7194166666667;-40.700916666667;2017;11;0.0;0.0;0.0;0.0;0.0;0.0;0.0;0.0;0.0;0.0;0.0;0.0;0.0;0.0;0.0;0.0;0.0;0.0;0.0;0.0;0.0;0.0;0.0;0.0;0.0;0.0;0.0;0.0;0.0;0.0;0.0;888.0
Quiterianópolis;MONTEIRO;-5.7194166666667;-40.700916666667;2017;12;0.0;0.0;0.0;0.0;0.0;0.0;0.0;0.0;0.0;0.0;0.0;0.0;0.0;0.0;0.0;0.0;0.0;0.0;0.0;0.0;0.0;0.0;0.0;0.0;0.0;0.0;0.0;0.0;0.0;0.0;0.0;0.0
Quiterianópolis;MONTEIRO;-5.7194166666667;-40.700916666667;2018;1;52.0;0.0;0.0;0.0;0.0;0.0;0.0;0.0;0.0;0.0;0.0;0.0;0.0;0.0;0.0;0.0;0.0;0.0;0.0;45.0;7.0;0.0;0.0;0.0;0.0;0.0;0.0;0.0;0.0;0.0;0.0;0.0
Quiterianópolis;MONTEIRO;-5.7194166666667;-40.700916666667;2018;2;153.0;0.0;0.0;0.0;0.0;0.0;0.0;0.0;0.0;0.0;32.0;0.0;0.0;0.0;28.0;12.0;0.0;7.0;17.0;0.0;0.0;0.0;34.0;23.0;0.0;0.0;0.0;0.0;0.0;888.0;888.0;888.0
Quiterianópolis;MONTEIRO;-5.7194166666667;-40.700916666667;2018;3;197.0;7.0;80.0;0.0;0.0;0.0;0.0;0.0;0.0;0.0;0.0;0.0;13.0;15.0;0.0;0.0;0.0;0.0;0.0;0.0;0.0;0.0;0.0;0.0;0.0;0.0;30.0;0.0;0.0;12.0;0.0;40.0
Quiterianópolis;MONTEIRO;-5.7194166666667;-40.700916666667;2018;4;136.0;0.0;0.0;0.0;20.0;0.0;0.0;17.0;40.0;0.0;10.0;0.0;37.0;0.0;0.0;0.0;12.0;0.0;0.0;0.0;0.0;0.0;0.0;0.0;0.0;0.0;0.0;0.0;0.0;0.0;0.0;888.0
Quiterianópolis;MONTEIRO;-5.7194166666667;-40.700916666667;2018;5;0.0;0.0;0.0;0.0;0.0;0.0;0.0;0.0;0.0;0.0;0.0;0.0;0.0;0.0;0.0;0.0;0.0;0.0;0.0;0.0;0.0;0.0;0.0;0.0;0.0;0.0;0.0;0.0;0.0;0.0;0.0;0.0
Quiterianópolis;MONTEIRO;-5.7194166666667;-40.700916666667;2018;6;0.0;0.0;0.0;0.0;0.0;0.0;0.0;0.0;0.0;0.0;0.0;0.0;0.0;0.0;0.0;0.0;0.0;0.0;0.0;0.0;0.0;0.0;0.0;0.0;0.0;0.0;0.0;0.0;0.0;0.0;0.0;888.0
Quiterianópolis;MONTEIRO;-5.7194166666667;-40.700916666667;2018;7;0.0;0.0;0.0;0.0;0.0;0.0;0.0;0.0;0.0;0.0;0.0;0.0;0.0;0.0;0.0;0.0;0.0;0.0;0.0;0.0;0.0;0.0;0.0;0.0;0.0;0.0;0.0;0.0;0.0;0.0;0.0;0.0
Quiterianópolis;MONTEIRO;-5.7194166666667;-40.700916666667;2018;8;0.0;0.0;0.0;0.0;0.0;0.0;0.0;0.0;0.0;0.0;0.0;0.0;0.0;0.0;0.0;0.0;0.0;0.0;0.0;0.0;0.0;0.0;0.0;0.0;0.0;0.0;0.0;0.0;0.0;0.0;0.0;0.0
Quiterianópolis;MONTEIRO;-5.7194166666667;-40.700916666667;2018;9;0.0;0.0;0.0;0.0;0.0;0.0;999.0;999.0;999.0;999.0;999.0;999.0;999.0;999.0;999.0;999.0;999.0;999.0;999.0;999.0;999.0;999.0;999.0;999.0;999.0;999.0;999.0;999.0;999.0;999.0;999.0;888.0
