Municipios;Postos;Latitude;Longitude;Anos;Meses;Total;Dia1;Dia2;Dia3;Dia4;Dia5;Dia6;Dia7;Dia8;Dia9;Dia10;Dia11;Dia12;Dia13;Dia14;Dia15;Dia16;Dia17;Dia18;Dia19;Dia20;Dia21;Dia22;Dia23;Dia24;Dia25;Dia26;Dia27;Dia28;Dia29;Dia30;Dia31
Parambu;NOVO ASSIS;-6.0276944444444;-40.581611111111;1988;2;0.0;0.0;999.0;999.0;999.0;0.0;0.0;999.0;0.0;0.0;0.0;999.0;0.0;999.0;0.0;999.0;999.0;0.0;0.0;999.0;0.0;999.0;999.0;0.0;0.0;0.0;0.0;999.0;0.0;999.0;888.0;888.0
Parambu;NOVO ASSIS;-6.0276944444444;-40.581611111111;1988;3;0.0;0.0;999.0;999.0;999.0;0.0;0.0;999.0;999.0;999.0;0.0;999.0;999.0;999.0;999.0;999.0;999.0;999.0;0.0;999.0;999.0;999.0;0.0;999.0;999.0;999.0;0.0;0.0;999.0;999.0;0.0;999.0
Parambu;NOVO ASSIS;-6.0276944444444;-40.581611111111;1988;4;160.0;999.0;0.0;999.0;999.0;0.0;999.0;0.0;999.0;999.0;0.0;18.0;3.0;15.0;10.0;43.0;0.0;4.0;13.0;12.0;10.0;32.0;999.0;999.0;999.0;0.0;0.0;999.0;999.0;999.0;0.0;888.0
Parambu;NOVO ASSIS;-6.0276944444444;-40.581611111111;1988;5;0.0;999.0;999.0;999.0;999.0;999.0;999.0;999.0;999.0;0.0;999.0;999.0;0.0;0.0;0.0;0.0;999.0;0.0;999.0;0.0;0.0;0.0;0.0;0.0;999.0;0.0;0.0;0.0;0.0;0.0;0.0;0.0
Parambu;NOVO ASSIS;-6.0276944444444;-40.581611111111;1988;6;0.0;0.0;999.0;0.0;0.0;0.0;999.0;0.0;0.0;0.0;999.0;999.0;999.0;999.0;999.0;999.0;999.0;999.0;999.0;999.0;999.0;999.0;999.0;999.0;999.0;999.0;999.0;999.0;999.0;999.0;999.0;888.0
Parambu;NOVO ASSIS;-6.0276944444444;-40.581611111111;1988;10;0.0;999.0;999.0;999.0;999.0;999.0;999.0;999.0;999.0;999.0;999.0;999.0;999.0;999.0;999.0;999.0;999.0;999.0;999.0;999.0;999.0;999.0;999.0;999.0;999.0;999.0;999.0;999.0;999.0;999.0;999.0;0.0
Parambu;NOVO ASSIS;-6.0276944444444;-40.581611111111;1998;4;56.1;0.0;0.0;48.0;6.0;2.1;0.0;0.0;0.0;0.0;0.0;0.0;0.0;0.0;0.0;0.0;0.0;0.0;0.0;0.0;0.0;0.0;0.0;0.0;0.0;0.0;0.0;0.0;0.0;0.0;0.0;888.0
Parambu;NOVO ASSIS;-6.0276944444444;-40.581611111111;1998;5;4.2;0.0;0.0;0.0;0.0;0.0;0.0;0.0;4.2;0.0;0.0;0.0;0.0;0.0;0.0;0.0;0.0;0.0;0.0;0.0;0.0;0.0;0.0;0.0;0.0;0.0;0.0;0.0;0.0;0.0;0.0;0.0
Parambu;NOVO ASSIS;-6.0276944444444;-40.581611111111;1998;6;0.0;0.0;0.0;0.0;0.0;0.0;0.0;0.0;0.0;0.0;0.0;0.0;0.0;0.0;0.0;0.0;0.0;0.0;0.0;0.0;0.0;0.0;0.0;0.0;0.0;0.0;0.0;0.0;0.0;0.0;0.0;888.0
Parambu;NOVO ASSIS;-6.0276944444444;-40.581611111111;1998;7;0.0;0.0;0.0;0.0;0.0;0.0;0.0;0.0;0.0;0.0;0.0;0.0;0.0;0.0;0.0;0.0;0.0;0.0;0.0;0.0;0.0;0.0;0.0;0.0;0.0;0.0;0.0;0.0;0.0;0.0;0.0;0.0
Parambu;NOVO ASSIS;-6.0276944444444;-40.581611111111;1998;8;0.0;0.0;0.0;0.0;0.0;0.0;0.0;0.0;0.0;0.0;0.0;0.0;0.0;0.0;0.0;0.0;0.0;0.0;0.0;0.0;0.0;0.0;0.0;0.0;0.0;0.0;0.0;0.0;0.0;0.0;0.0;0.0
Parambu;NOVO ASSIS;-6.0276944444444;-40.581611111111;1998;9;0.0;0.0;0.0;0.0;0.0;0.0;0.0;0.0;0.0;0.0;0.0;0.0;0.0;0.0;0.0;0.0;0.0;0.0;0.0;0.0;0.0;0.0;0.0;0.0;0.0;0.0;0.0;0.0;0.0;0.0;0.0;888.0
Parambu;NOVO ASSIS;-6.0276944444444;-40.581611111111;1998;12;8.0;0.0;0.0;0.0;0.0;0.0;0.0;0.0;0.0;0.0;0.0;0.0;0.0;0.0;0.0;0.0;0.0;0.0;0.0;0.0;0.0;0.0;0.0;0.0;0.0;0.0;0.0;0.0;0.0;0.0;0.0;8.0
Parambu;NOVO ASSIS;-6.0276944444444;-40.581611111111;1999;1;35.3;0.0;0.0;0.0;0.0;0.0;0.0;0.0;0.0;0.0;0.0;0.0;0.0;0.0;0.0;0.0;0.0;0.0;13.2;0.0;0.0;0.0;0.0;0.0;0.0;0.0;0.0;0.0;0.0;0.0;4.1;18.0
Parambu;NOVO ASSIS;-6.0276944444444;-40.581611111111;1999;2;109.2;0.0;0.0;0.0;0.0;0.0;8.0;0.0;0.0;0.0;0.0;0.0;0.0;20.2;0.0;0.0;0.0;0.0;0.0;39.0;17.0;0.0;0.0;0.0;0.0;0.0;0.0;25.0;0.0;888.0;888.0;888.0
Parambu;NOVO ASSIS;-6.0276944444444;-40.581611111111;1999;3;259.0;0.0;0.0;0.0;4.0;0.0;11.0;0.0;0.0;8.0;0.0;0.0;0.0;28.0;0.0;0.0;100.0;0.0;0.0;18.0;65.0;0.0;15.0;0.0;0.0;0.0;0.0;0.0;0.0;0.0;10.0;0.0
Parambu;NOVO ASSIS;-6.0276944444444;-40.581611111111;1999;4;132.0;0.0;0.0;0.0;0.0;0.0;0.0;12.0;0.0;12.0;0.0;12.0;0.0;55.0;10.0;0.0;0.0;0.0;0.0;0.0;0.0;0.0;0.0;0.0;0.0;17.0;0.0;0.0;0.0;0.0;14.0;888.0
Parambu;NOVO ASSIS;-6.0276944444444;-40.581611111111;1999;5;42.0;0.0;8.0;0.0;0.0;0.0;0.0;0.0;0.0;0.0;0.0;19.0;0.0;0.0;0.0;0.0;0.0;15.0;0.0;0.0;0.0;0.0;0.0;0.0;0.0;0.0;0.0;0.0;0.0;0.0;0.0;0.0
Parambu;NOVO ASSIS;-6.0276944444444;-40.581611111111;1999;6;0.0;0.0;0.0;0.0;0.0;0.0;0.0;0.0;0.0;0.0;0.0;0.0;0.0;0.0;0.0;0.0;0.0;0.0;0.0;0.0;0.0;0.0;0.0;0.0;0.0;0.0;0.0;0.0;0.0;0.0;0.0;888.0
Parambu;NOVO ASSIS;-6.0276944444444;-40.581611111111;1999;7;0.0;0.0;0.0;0.0;0.0;0.0;0.0;0.0;0.0;0.0;0.0;0.0;0.0;0.0;0.0;0.0;0.0;0.0;0.0;0.0;0.0;0.0;0.0;0.0;0.0;0.0;0.0;0.0;0.0;0.0;0.0;0.0
Parambu;NOVO ASSIS;-6.0276944444444;-40.581611111111;1999;8;0.0;0.0;0.0;0.0;0.0;0.0;0.0;0.0;0.0;0.0;0.0;0.0;0.0;0.0;0.0;0.0;0.0;0.0;0.0;0.0;0.0;0.0;0.0;0.0;0.0;0.0;0.0;0.0;0.0;0.0;0.0;0.0
Parambu;NOVO ASSIS;-6.0276944444444;-40.581611111111;1999;9;0.0;0.0;0.0;0.0;0.0;0.0;0.0;0.0;0.0;0.0;0.0;0.0;0.0;0.0;0.0;0.0;0.0;0.0;0.0;0.0;0.0;0.0;0.0;0.0;0.0;0.0;0.0;0.0;0.0;0.0;0.0;888.0
Parambu;NOVO ASSIS;-6.0276944444444;-40.581611111111;1999;10;0.0;0.0;0.0;0.0;0.0;0.0;0.0;0.0;0.0;0.0;0.0;0.0;0.0;0.0;0.0;0.0;0.0;0.0;0.0;0.0;0.0;0.0;0.0;0.0;0.0;0.0;0.0;0.0;0.0;0.0;0.0;0.0
Parambu;NOVO ASSIS;-6.0276944444444;-40.581611111111;1999;11;30.0;0.0;0.0;0.0;0.0;0.0;0.0;0.0;0.0;0.0;0.0;0.0;0.0;0.0;0.0;0.0;0.0;0.0;0.0;0.0;0.0;0.0;0.0;0.0;0.0;10.0;10.0;10.0;0.0;0.0;0.0;888.0
Parambu;NOVO ASSIS;-6.0276944444444;-40.581611111111;1999;12;106.0;0.0;0.0;0.0;0.0;0.0;0.0;0.0;0.0;0.0;0.0;0.0;0.0;0.0;0.0;0.0;0.0;0.0;0.0;0.0;0.0;50.0;0.0;12.0;0.0;0.0;0.0;0.0;27.0;0.0;17.0;0.0
Parambu;NOVO ASSIS;-6.0276944444444;-40.581611111111;2000;1;145.0;0.0;0.0;0.0;0.0;0.0;60.0;8.0;0.0;0.0;50.0;5.0;0.0;0.0;0.0;0.0;15.0;0.0;0.0;0.0;0.0;0.0;0.0;0.0;7.0;0.0;0.0;0.0;0.0;0.0;0.0;0.0
Parambu;NOVO ASSIS;-6.0276944444444;-40.581611111111;2000;2;76.0;0.0;0.0;0.0;0.0;0.0;0.0;0.0;10.0;0.0;0.0;0.0;0.0;0.0;10.0;0.0;0.0;0.0;40.0;0.0;0.0;0.0;16.0;0.0;0.0;0.0;0.0;0.0;0.0;0.0;888.0;888.0
Parambu;NOVO ASSIS;-6.0276944444444;-40.581611111111;2000;3;136.0;0.0;8.0;0.0;0.0;0.0;0.0;0.0;0.0;7.0;0.0;0.0;0.0;0.0;45.0;11.0;0.0;0.0;0.0;0.0;20.0;0.0;0.0;0.0;20.0;0.0;0.0;0.0;25.0;0.0;0.0;0.0
Parambu;NOVO ASSIS;-6.0276944444444;-40.581611111111;2000;4;113.0;0.0;24.0;0.0;0.0;0.0;0.0;0.0;0.0;0.0;19.0;0.0;0.0;15.0;0.0;0.0;0.0;50.0;5.0;0.0;0.0;0.0;0.0;0.0;0.0;0.0;0.0;0.0;0.0;0.0;0.0;888.0
Parambu;NOVO ASSIS;-6.0276944444444;-40.581611111111;2000;5;31.0;0.0;0.0;0.0;0.0;0.0;0.0;0.0;21.0;0.0;0.0;0.0;0.0;0.0;0.0;0.0;0.0;0.0;0.0;0.0;0.0;0.0;0.0;0.0;0.0;0.0;0.0;0.0;0.0;0.0;0.0;10.0
Parambu;NOVO ASSIS;-6.0276944444444;-40.581611111111;2000;6;0.0;0.0;0.0;0.0;0.0;0.0;0.0;0.0;0.0;0.0;0.0;0.0;0.0;0.0;0.0;0.0;0.0;0.0;0.0;0.0;0.0;0.0;0.0;0.0;0.0;0.0;0.0;0.0;0.0;0.0;0.0;888.0
Parambu;NOVO ASSIS;-6.0276944444444;-40.581611111111;2000;7;0.0;0.0;0.0;0.0;0.0;0.0;0.0;0.0;0.0;0.0;0.0;0.0;0.0;0.0;0.0;0.0;0.0;0.0;0.0;0.0;0.0;0.0;0.0;0.0;0.0;0.0;0.0;0.0;0.0;0.0;0.0;0.0
Parambu;NOVO ASSIS;-6.0276944444444;-40.581611111111;2000;8;0.0;0.0;0.0;0.0;0.0;0.0;0.0;0.0;0.0;0.0;0.0;0.0;0.0;0.0;0.0;0.0;0.0;0.0;0.0;0.0;0.0;0.0;0.0;0.0;0.0;0.0;0.0;0.0;0.0;0.0;0.0;0.0
Parambu;NOVO ASSIS;-6.0276944444444;-40.581611111111;2000;9;0.0;0.0;0.0;0.0;0.0;0.0;0.0;0.0;0.0;0.0;0.0;0.0;0.0;0.0;0.0;0.0;0.0;0.0;0.0;0.0;0.0;0.0;0.0;0.0;0.0;0.0;0.0;0.0;0.0;0.0;0.0;888.0
Parambu;NOVO ASSIS;-6.0276944444444;-40.581611111111;2000;10;0.0;0.0;0.0;0.0;0.0;0.0;0.0;0.0;0.0;0.0;0.0;0.0;0.0;0.0;0.0;0.0;0.0;0.0;0.0;0.0;0.0;0.0;0.0;0.0;0.0;0.0;0.0;0.0;0.0;0.0;0.0;0.0
Parambu;NOVO ASSIS;-6.0276944444444;-40.581611111111;2000;11;22.0;0.0;0.0;0.0;0.0;0.0;0.0;0.0;0.0;22.0;0.0;0.0;0.0;0.0;0.0;0.0;0.0;0.0;0.0;0.0;0.0;0.0;0.0;0.0;0.0;0.0;0.0;0.0;0.0;0.0;0.0;888.0
Parambu;NOVO ASSIS;-6.0276944444444;-40.581611111111;2000;12;22.0;0.0;0.0;0.0;0.0;0.0;0.0;0.0;0.0;0.0;0.0;0.0;0.0;0.0;0.0;15.0;7.0;0.0;0.0;0.0;0.0;0.0;0.0;0.0;0.0;0.0;0.0;0.0;0.0;0.0;0.0;0.0
Parambu;NOVO ASSIS;-6.0276944444444;-40.581611111111;2001;1;0.0;0.0;999.0;999.0;999.0;999.0;999.0;999.0;999.0;999.0;999.0;999.0;999.0;999.0;999.0;999.0;999.0;999.0;999.0;999.0;999.0;999.0;999.0;999.0;999.0;999.0;999.0;999.0;999.0;999.0;999.0;999.0
Parambu;NOVO ASSIS;-6.0276944444444;-40.581611111111;2001;2;0.0;0.0;999.0;999.0;999.0;999.0;999.0;999.0;999.0;999.0;999.0;999.0;999.0;999.0;999.0;999.0;999.0;999.0;999.0;999.0;999.0;999.0;999.0;999.0;999.0;999.0;999.0;999.0;999.0;888.0;888.0;888.0
Parambu;NOVO ASSIS;-6.0276944444444;-40.581611111111;2001;3;0.0;0.0;999.0;999.0;999.0;999.0;999.0;999.0;999.0;999.0;999.0;999.0;999.0;999.0;999.0;999.0;999.0;999.0;999.0;999.0;999.0;999.0;999.0;999.0;999.0;999.0;999.0;999.0;999.0;999.0;999.0;999.0
Parambu;NOVO ASSIS;-6.0276944444444;-40.581611111111;2001;4;0.0;0.0;999.0;999.0;999.0;999.0;999.0;999.0;999.0;999.0;999.0;999.0;999.0;999.0;999.0;999.0;999.0;999.0;999.0;999.0;999.0;999.0;999.0;999.0;999.0;999.0;999.0;999.0;999.0;999.0;999.0;888.0
Parambu;NOVO ASSIS;-6.0276944444444;-40.581611111111;2001;5;0.0;0.0;999.0;999.0;999.0;999.0;999.0;999.0;999.0;999.0;999.0;999.0;999.0;999.0;999.0;999.0;999.0;999.0;999.0;999.0;999.0;999.0;999.0;999.0;999.0;999.0;999.0;999.0;999.0;999.0;999.0;999.0
Parambu;NOVO ASSIS;-6.0276944444444;-40.581611111111;2001;12;0.0;0.0;0.0;0.0;0.0;0.0;0.0;0.0;0.0;0.0;0.0;0.0;0.0;0.0;0.0;0.0;0.0;0.0;0.0;0.0;0.0;0.0;0.0;0.0;0.0;0.0;0.0;0.0;0.0;0.0;0.0;0.0
Parambu;NOVO ASSIS;-6.0276944444444;-40.581611111111;2002;1;0.0;0.0;999.0;999.0;999.0;999.0;999.0;999.0;999.0;999.0;999.0;999.0;999.0;999.0;999.0;999.0;999.0;999.0;999.0;999.0;999.0;999.0;999.0;999.0;999.0;999.0;999.0;999.0;999.0;999.0;999.0;999.0
Parambu;NOVO ASSIS;-6.0276944444444;-40.581611111111;2002;2;0.0;0.0;0.0;0.0;0.0;0.0;0.0;0.0;0.0;0.0;0.0;0.0;0.0;0.0;0.0;0.0;0.0;0.0;0.0;0.0;0.0;0.0;0.0;0.0;0.0;0.0;0.0;0.0;0.0;888.0;888.0;888.0
Parambu;NOVO ASSIS;-6.0276944444444;-40.581611111111;2002;4;0.0;0.0;999.0;999.0;999.0;999.0;999.0;999.0;999.0;999.0;999.0;999.0;999.0;999.0;999.0;999.0;999.0;999.0;999.0;999.0;999.0;999.0;999.0;999.0;999.0;999.0;999.0;999.0;999.0;999.0;999.0;888.0
Parambu;NOVO ASSIS;-6.0276944444444;-40.581611111111;2002;5;0.0;0.0;999.0;999.0;999.0;999.0;999.0;999.0;999.0;999.0;999.0;999.0;999.0;999.0;999.0;999.0;999.0;999.0;999.0;999.0;999.0;999.0;999.0;999.0;999.0;999.0;999.0;999.0;999.0;999.0;999.0;999.0
Parambu;NOVO ASSIS;-6.0276944444444;-40.581611111111;2002;6;0.0;0.0;999.0;999.0;999.0;999.0;999.0;999.0;999.0;999.0;999.0;999.0;999.0;999.0;999.0;999.0;999.0;999.0;999.0;999.0;999.0;999.0;999.0;999.0;999.0;999.0;999.0;999.0;999.0;999.0;999.0;888.0
Parambu;NOVO ASSIS;-6.0276944444444;-40.581611111111;2002;12;0.0;0.0;0.0;0.0;0.0;0.0;0.0;0.0;0.0;0.0;0.0;0.0;0.0;999.0;999.0;999.0;999.0;999.0;999.0;999.0;999.0;999.0;999.0;999.0;999.0;999.0;999.0;999.0;999.0;999.0;999.0;999.0
Parambu;NOVO ASSIS;-6.0276944444444;-40.581611111111;2003;1;101.0;0.0;0.0;0.0;0.0;0.0;0.0;0.0;0.0;0.0;0.0;0.0;0.0;0.0;0.0;0.0;0.0;0.0;0.0;0.0;48.0;0.0;44.0;0.0;0.0;0.0;0.0;0.0;0.0;0.0;0.0;9.0
Parambu;NOVO ASSIS;-6.0276944444444;-40.581611111111;2003;2;63.2;0.0;0.0;0.0;0.0;0.0;0.0;0.0;0.0;0.0;0.0;0.0;0.0;18.2;0.0;0.0;0.0;0.0;11.0;0.0;0.0;5.0;0.0;0.0;11.0;0.0;0.0;0.0;18.0;888.0;888.0;888.0
Parambu;NOVO ASSIS;-6.0276944444444;-40.581611111111;2003;3;230.2;0.0;0.0;0.0;0.0;32.0;1.0;0.0;0.0;0.0;0.0;0.0;0.0;0.0;0.0;12.0;16.0;8.0;0.0;20.0;58.0;1.2;0.0;0.0;42.0;0.0;15.0;0.0;0.0;0.0;0.0;25.0
Parambu;NOVO ASSIS;-6.0276944444444;-40.581611111111;2003;4;26.0;0.0;0.0;0.0;0.0;0.0;0.0;0.0;0.0;0.0;0.0;0.0;0.0;0.0;0.0;0.0;0.0;0.0;0.0;0.0;0.0;0.0;0.0;0.0;0.0;0.0;0.0;0.0;26.0;0.0;0.0;888.0
Parambu;NOVO ASSIS;-6.0276944444444;-40.581611111111;2003;5;38.0;0.0;0.0;0.0;0.0;36.0;2.0;0.0;0.0;0.0;0.0;0.0;0.0;0.0;0.0;0.0;0.0;0.0;0.0;0.0;0.0;0.0;0.0;0.0;0.0;0.0;0.0;0.0;0.0;0.0;0.0;0.0
Parambu;NOVO ASSIS;-6.0276944444444;-40.581611111111;2003;6;8.0;0.0;0.0;0.0;0.0;0.0;0.0;0.0;0.0;0.0;0.0;0.0;8.0;0.0;0.0;0.0;0.0;0.0;0.0;0.0;0.0;0.0;0.0;0.0;0.0;0.0;0.0;0.0;0.0;0.0;0.0;888.0
Parambu;NOVO ASSIS;-6.0276944444444;-40.581611111111;2003;7;0.0;0.0;0.0;0.0;0.0;0.0;0.0;0.0;0.0;0.0;0.0;0.0;0.0;0.0;0.0;0.0;0.0;0.0;0.0;0.0;0.0;0.0;0.0;0.0;0.0;0.0;0.0;0.0;0.0;0.0;0.0;0.0
Parambu;NOVO ASSIS;-6.0276944444444;-40.581611111111;2003;8;0.0;0.0;0.0;0.0;0.0;0.0;0.0;0.0;0.0;0.0;0.0;0.0;0.0;0.0;0.0;0.0;0.0;0.0;0.0;0.0;0.0;0.0;0.0;0.0;0.0;0.0;0.0;0.0;0.0;0.0;0.0;0.0
Parambu;NOVO ASSIS;-6.0276944444444;-40.581611111111;2003;9;0.0;0.0;0.0;0.0;0.0;0.0;0.0;0.0;0.0;0.0;0.0;0.0;0.0;0.0;0.0;0.0;0.0;0.0;0.0;0.0;0.0;0.0;0.0;0.0;0.0;0.0;0.0;0.0;0.0;0.0;0.0;888.0
Parambu;NOVO ASSIS;-6.0276944444444;-40.581611111111;2003;10;0.0;0.0;0.0;0.0;0.0;0.0;0.0;0.0;0.0;0.0;0.0;0.0;0.0;0.0;0.0;0.0;0.0;0.0;0.0;0.0;0.0;0.0;0.0;0.0;0.0;0.0;0.0;0.0;0.0;0.0;0.0;0.0
Parambu;NOVO ASSIS;-6.0276944444444;-40.581611111111;2003;11;0.0;0.0;0.0;0.0;0.0;0.0;0.0;0.0;0.0;0.0;0.0;0.0;0.0;0.0;0.0;0.0;0.0;0.0;0.0;0.0;0.0;0.0;0.0;0.0;0.0;0.0;0.0;0.0;0.0;0.0;0.0;888.0
Parambu;NOVO ASSIS;-6.0276944444444;-40.581611111111;2003;12;23.0;0.0;0.0;0.0;0.0;0.0;0.0;0.0;0.0;0.0;0.0;0.0;0.0;0.0;0.0;0.0;12.0;0.0;0.0;0.0;0.0;11.0;0.0;0.0;0.0;0.0;0.0;0.0;0.0;0.0;0.0;0.0
Parambu;NOVO ASSIS;-6.0276944444444;-40.581611111111;2004;1;491.0;0.0;0.0;0.0;0.0;0.0;0.0;0.0;0.0;0.0;63.0;0.0;20.0;0.0;0.0;0.0;0.0;100.0;21.0;0.0;0.0;0.0;14.0;17.0;10.0;48.0;54.0;24.0;29.0;47.0;14.0;30.0
Parambu;NOVO ASSIS;-6.0276944444444;-40.581611111111;2004;2;142.0;0.0;0.0;0.0;0.0;27.0;15.0;0.0;0.0;4.0;0.0;0.0;0.0;0.0;0.0;0.0;16.0;14.0;0.0;0.0;0.0;0.0;0.0;0.0;0.0;32.0;22.0;12.0;0.0;0.0;888.0;888.0
Parambu;NOVO ASSIS;-6.0276944444444;-40.581611111111;2004;3;38.0;0.0;0.0;0.0;0.0;0.0;0.0;0.0;0.0;0.0;0.0;0.0;0.0;10.0;0.0;0.0;0.0;28.0;0.0;0.0;0.0;0.0;0.0;0.0;0.0;0.0;0.0;0.0;0.0;0.0;0.0;0.0
Parambu;NOVO ASSIS;-6.0276944444444;-40.581611111111;2004;4;44.0;0.0;0.0;0.0;0.0;6.0;0.0;33.0;0.0;5.0;0.0;0.0;0.0;0.0;0.0;0.0;0.0;0.0;0.0;0.0;0.0;0.0;0.0;0.0;0.0;0.0;0.0;0.0;0.0;0.0;0.0;888.0
Parambu;NOVO ASSIS;-6.0276944444444;-40.581611111111;2004;5;15.0;0.0;0.0;0.0;0.0;0.0;0.0;0.0;0.0;0.0;0.0;0.0;0.0;0.0;0.0;0.0;0.0;0.0;0.0;0.0;0.0;0.0;0.0;0.0;0.0;0.0;0.0;0.0;0.0;15.0;0.0;0.0
Parambu;NOVO ASSIS;-6.0276944444444;-40.581611111111;2004;6;30.0;0.0;0.0;0.0;12.0;0.0;0.0;0.0;0.0;0.0;0.0;0.0;0.0;0.0;0.0;0.0;0.0;0.0;18.0;0.0;0.0;0.0;0.0;0.0;0.0;0.0;0.0;0.0;0.0;0.0;0.0;888.0
Parambu;NOVO ASSIS;-6.0276944444444;-40.581611111111;2004;7;0.0;0.0;0.0;0.0;0.0;0.0;0.0;0.0;0.0;0.0;0.0;0.0;0.0;0.0;0.0;0.0;0.0;0.0;0.0;0.0;0.0;0.0;0.0;0.0;0.0;0.0;0.0;0.0;0.0;0.0;0.0;0.0
Parambu;NOVO ASSIS;-6.0276944444444;-40.581611111111;2004;8;0.0;0.0;0.0;0.0;0.0;0.0;0.0;0.0;0.0;0.0;0.0;0.0;0.0;0.0;0.0;0.0;0.0;0.0;0.0;0.0;0.0;0.0;0.0;0.0;0.0;0.0;0.0;0.0;0.0;0.0;0.0;0.0
Parambu;NOVO ASSIS;-6.0276944444444;-40.581611111111;2004;9;0.0;0.0;0.0;0.0;0.0;0.0;0.0;0.0;0.0;0.0;0.0;0.0;0.0;0.0;0.0;0.0;0.0;0.0;0.0;0.0;0.0;0.0;0.0;0.0;0.0;0.0;0.0;0.0;0.0;0.0;0.0;888.0
Parambu;NOVO ASSIS;-6.0276944444444;-40.581611111111;2004;10;0.0;0.0;0.0;0.0;0.0;0.0;0.0;0.0;0.0;0.0;0.0;0.0;0.0;0.0;0.0;0.0;0.0;0.0;0.0;0.0;0.0;0.0;0.0;0.0;0.0;0.0;0.0;0.0;0.0;0.0;0.0;0.0
Parambu;NOVO ASSIS;-6.0276944444444;-40.581611111111;2004;11;0.0;0.0;0.0;0.0;0.0;0.0;0.0;0.0;0.0;0.0;0.0;0.0;0.0;0.0;0.0;0.0;0.0;0.0;0.0;0.0;0.0;0.0;0.0;0.0;0.0;0.0;0.0;0.0;0.0;0.0;0.0;888.0
Parambu;NOVO ASSIS;-6.0276944444444;-40.581611111111;2004;12;0.0;0.0;0.0;0.0;0.0;0.0;0.0;0.0;0.0;0.0;0.0;0.0;0.0;0.0;0.0;0.0;0.0;0.0;0.0;0.0;0.0;0.0;0.0;0.0;0.0;0.0;0.0;0.0;0.0;0.0;0.0;0.0
Parambu;NOVO ASSIS;-6.0276944444444;-40.581611111111;2005;1;111.0;0.0;0.0;0.0;0.0;0.0;0.0;0.0;0.0;0.0;0.0;0.0;0.0;0.0;0.0;2.0;31.0;15.0;0.0;0.0;0.0;0.0;0.0;5.0;0.0;0.0;34.0;24.0;0.0;0.0;0.0;0.0
Parambu;NOVO ASSIS;-6.0276944444444;-40.581611111111;2005;2;0.0;0.0;0.0;0.0;0.0;0.0;0.0;0.0;0.0;0.0;0.0;0.0;0.0;0.0;0.0;0.0;0.0;0.0;0.0;0.0;0.0;0.0;0.0;0.0;0.0;0.0;0.0;0.0;0.0;888.0;888.0;888.0
Parambu;NOVO ASSIS;-6.0276944444444;-40.581611111111;2005;3;174.0;0.0;0.0;0.0;0.0;0.0;0.0;0.0;0.0;0.0;0.0;0.0;0.0;0.0;0.0;0.0;0.0;0.0;0.0;18.0;4.0;0.0;8.0;13.0;7.0;10.0;37.0;0.0;19.0;21.0;0.0;37.0
Parambu;NOVO ASSIS;-6.0276944444444;-40.581611111111;2005;4;52.0;5.0;0.0;0.0;0.0;0.0;0.0;0.0;0.0;0.0;0.0;0.0;0.0;0.0;0.0;0.0;0.0;0.0;0.0;0.0;0.0;0.0;0.0;0.0;0.0;0.0;0.0;27.0;0.0;10.0;10.0;888.0
Parambu;NOVO ASSIS;-6.0276944444444;-40.581611111111;2005;5;99.0;0.0;0.0;85.0;0.0;0.0;0.0;0.0;0.0;0.0;0.0;0.0;0.0;0.0;0.0;0.0;0.0;0.0;0.0;0.0;0.0;0.0;0.0;14.0;0.0;0.0;0.0;0.0;0.0;0.0;0.0;0.0
Parambu;NOVO ASSIS;-6.0276944444444;-40.581611111111;2005;6;0.0;0.0;0.0;0.0;0.0;0.0;0.0;0.0;0.0;0.0;0.0;0.0;0.0;0.0;0.0;0.0;0.0;0.0;0.0;0.0;0.0;0.0;0.0;0.0;0.0;0.0;0.0;0.0;0.0;0.0;0.0;888.0
Parambu;NOVO ASSIS;-6.0276944444444;-40.581611111111;2005;7;0.0;0.0;0.0;0.0;0.0;0.0;0.0;0.0;0.0;0.0;0.0;0.0;0.0;0.0;0.0;0.0;0.0;0.0;0.0;0.0;0.0;0.0;0.0;0.0;0.0;0.0;0.0;0.0;0.0;0.0;0.0;0.0
Parambu;NOVO ASSIS;-6.0276944444444;-40.581611111111;2005;8;0.0;0.0;0.0;0.0;0.0;0.0;0.0;0.0;0.0;0.0;0.0;0.0;0.0;0.0;0.0;0.0;0.0;0.0;0.0;0.0;0.0;0.0;0.0;0.0;0.0;0.0;0.0;0.0;0.0;0.0;0.0;0.0
Parambu;NOVO ASSIS;-6.0276944444444;-40.581611111111;2005;9;0.0;0.0;0.0;0.0;0.0;0.0;0.0;0.0;0.0;0.0;0.0;0.0;0.0;0.0;0.0;0.0;0.0;0.0;0.0;0.0;0.0;0.0;0.0;0.0;0.0;0.0;0.0;0.0;0.0;0.0;0.0;888.0
Parambu;NOVO ASSIS;-6.0276944444444;-40.581611111111;2005;10;0.0;0.0;0.0;0.0;0.0;0.0;0.0;0.0;0.0;0.0;0.0;0.0;0.0;0.0;0.0;0.0;0.0;0.0;0.0;0.0;0.0;0.0;0.0;0.0;0.0;0.0;0.0;0.0;0.0;0.0;0.0;0.0
Parambu;NOVO ASSIS;-6.0276944444444;-40.581611111111;2005;11;0.0;0.0;0.0;0.0;0.0;0.0;0.0;0.0;0.0;0.0;0.0;0.0;0.0;0.0;0.0;0.0;0.0;0.0;0.0;0.0;0.0;0.0;0.0;0.0;0.0;0.0;0.0;0.0;0.0;0.0;0.0;888.0
Parambu;NOVO ASSIS;-6.0276944444444;-40.581611111111;2005;12;87.0;0.0;0.0;0.0;0.0;0.0;0.0;87.0;0.0;0.0;0.0;0.0;0.0;0.0;0.0;0.0;0.0;0.0;0.0;0.0;0.0;0.0;0.0;0.0;0.0;0.0;0.0;0.0;0.0;0.0;0.0;0.0
Parambu;NOVO ASSIS;-6.0276944444444;-40.581611111111;2006;1;31.0;0.0;7.0;0.0;0.0;0.0;0.0;0.0;0.0;0.0;0.0;24.0;0.0;0.0;0.0;0.0;0.0;0.0;0.0;0.0;0.0;0.0;0.0;0.0;0.0;0.0;0.0;0.0;0.0;0.0;0.0;0.0
Parambu;NOVO ASSIS;-6.0276944444444;-40.581611111111;2006;2;125.5;0.0;0.0;0.0;0.0;0.0;0.0;0.0;0.0;0.0;5.0;0.0;0.0;3.0;8.0;9.0;0.0;0.0;0.0;8.3;0.0;0.0;0.0;72.0;0.0;14.0;0.0;6.2;0.0;888.0;888.0;888.0
Parambu;NOVO ASSIS;-6.0276944444444;-40.581611111111;2006;3;110.5;0.0;3.3;0.0;0.0;0.0;0.0;0.0;0.0;0.0;0.0;0.0;0.0;10.0;3.0;10.0;0.0;0.0;0.0;0.0;15.0;0.0;5.2;0.0;51.0;0.0;0.0;0.0;13.0;0.0;0.0;0.0
Parambu;NOVO ASSIS;-6.0276944444444;-40.581611111111;2006;4;78.0;0.0;0.0;0.0;0.0;0.0;15.0;0.0;0.0;0.0;0.0;0.0;0.0;0.0;0.0;0.0;0.0;0.0;0.0;0.0;0.0;0.0;0.0;0.0;0.0;33.0;0.0;0.0;5.0;0.0;25.0;888.0
Parambu;NOVO ASSIS;-6.0276944444444;-40.581611111111;2006;5;57.0;0.0;0.0;0.0;0.0;0.0;0.0;0.0;0.0;0.0;0.0;0.0;0.0;8.0;15.0;5.0;0.0;0.0;0.0;0.0;29.0;0.0;0.0;0.0;0.0;0.0;0.0;0.0;0.0;0.0;0.0;0.0
Parambu;NOVO ASSIS;-6.0276944444444;-40.581611111111;2006;6;0.0;0.0;0.0;0.0;0.0;0.0;0.0;0.0;0.0;0.0;0.0;0.0;0.0;0.0;0.0;0.0;0.0;0.0;0.0;0.0;0.0;0.0;0.0;0.0;0.0;0.0;0.0;0.0;0.0;0.0;0.0;888.0
Parambu;NOVO ASSIS;-6.0276944444444;-40.581611111111;2006;7;0.0;0.0;0.0;0.0;0.0;0.0;0.0;0.0;0.0;0.0;0.0;0.0;0.0;0.0;0.0;0.0;0.0;0.0;0.0;0.0;0.0;0.0;0.0;0.0;0.0;0.0;0.0;0.0;0.0;0.0;0.0;0.0
Parambu;NOVO ASSIS;-6.0276944444444;-40.581611111111;2006;8;0.0;0.0;0.0;0.0;0.0;0.0;0.0;0.0;0.0;0.0;0.0;0.0;0.0;0.0;0.0;0.0;0.0;0.0;0.0;0.0;0.0;0.0;0.0;0.0;0.0;0.0;0.0;0.0;0.0;0.0;0.0;0.0
Parambu;NOVO ASSIS;-6.0276944444444;-40.581611111111;2006;9;0.0;0.0;0.0;0.0;0.0;0.0;0.0;0.0;0.0;0.0;0.0;0.0;0.0;0.0;0.0;0.0;0.0;0.0;0.0;0.0;0.0;0.0;0.0;0.0;0.0;0.0;0.0;0.0;0.0;0.0;0.0;888.0
Parambu;NOVO ASSIS;-6.0276944444444;-40.581611111111;2006;10;0.0;0.0;0.0;0.0;0.0;0.0;0.0;0.0;0.0;0.0;0.0;0.0;0.0;0.0;0.0;0.0;0.0;0.0;0.0;0.0;0.0;0.0;0.0;0.0;0.0;0.0;0.0;0.0;0.0;0.0;0.0;999.0
Parambu;NOVO ASSIS;-6.0276944444444;-40.581611111111;2006;11;12.0;0.0;0.0;0.0;0.0;0.0;0.0;0.0;0.0;0.0;0.0;0.0;0.0;0.0;0.0;12.0;0.0;0.0;0.0;0.0;0.0;0.0;0.0;0.0;0.0;0.0;0.0;0.0;0.0;0.0;0.0;888.0
Parambu;NOVO ASSIS;-6.0276944444444;-40.581611111111;2006;12;33.0;0.0;0.0;0.0;0.0;0.0;0.0;0.0;0.0;0.0;0.0;0.0;0.0;0.0;0.0;0.0;0.0;0.0;0.0;0.0;0.0;0.0;0.0;0.0;0.0;0.0;8.0;0.0;0.0;0.0;0.0;25.0
Parambu;NOVO ASSIS;-6.0276944444444;-40.581611111111;2007;1;5.0;0.0;0.0;0.0;0.0;5.0;0.0;0.0;0.0;0.0;0.0;0.0;0.0;0.0;0.0;0.0;0.0;0.0;0.0;0.0;0.0;0.0;0.0;0.0;0.0;0.0;0.0;0.0;0.0;0.0;0.0;0.0
Parambu;NOVO ASSIS;-6.0276944444444;-40.581611111111;2007;2;273.0;0.0;0.0;0.0;0.0;0.0;0.0;0.0;0.0;44.0;0.0;0.0;0.0;0.0;30.0;0.0;14.0;20.0;50.0;6.0;32.0;6.0;0.0;65.0;0.0;0.0;6.0;0.0;0.0;888.0;888.0;888.0
Parambu;NOVO ASSIS;-6.0276944444444;-40.581611111111;2007;3;42.0;0.0;8.0;0.0;0.0;27.0;0.0;0.0;0.0;0.0;4.0;0.0;0.0;0.0;0.0;0.0;0.0;0.0;0.0;3.0;0.0;0.0;0.0;0.0;0.0;0.0;0.0;0.0;0.0;0.0;0.0;0.0
Parambu;NOVO ASSIS;-6.0276944444444;-40.581611111111;2007;4;39.0;0.0;0.0;3.0;0.0;0.0;0.0;0.0;0.0;13.0;0.0;0.0;0.0;0.0;0.0;0.0;0.0;0.0;0.0;23.0;0.0;0.0;0.0;0.0;0.0;0.0;0.0;0.0;0.0;0.0;0.0;888.0
Parambu;NOVO ASSIS;-6.0276944444444;-40.581611111111;2007;5;0.0;0.0;0.0;0.0;0.0;0.0;0.0;0.0;0.0;0.0;0.0;0.0;0.0;0.0;0.0;0.0;0.0;0.0;0.0;0.0;0.0;0.0;0.0;0.0;0.0;0.0;0.0;0.0;0.0;0.0;0.0;0.0
Parambu;NOVO ASSIS;-6.0276944444444;-40.581611111111;2007;6;0.0;0.0;0.0;0.0;0.0;0.0;0.0;0.0;0.0;0.0;0.0;0.0;0.0;0.0;0.0;0.0;0.0;0.0;0.0;0.0;0.0;0.0;0.0;0.0;0.0;0.0;0.0;0.0;0.0;0.0;0.0;888.0
Parambu;NOVO ASSIS;-6.0276944444444;-40.581611111111;2007;7;0.0;0.0;0.0;0.0;0.0;0.0;0.0;0.0;0.0;0.0;0.0;0.0;0.0;0.0;0.0;0.0;0.0;0.0;0.0;0.0;0.0;0.0;0.0;0.0;0.0;0.0;0.0;0.0;0.0;0.0;0.0;0.0
Parambu;NOVO ASSIS;-6.0276944444444;-40.581611111111;2007;8;0.0;0.0;0.0;0.0;0.0;0.0;0.0;0.0;0.0;0.0;0.0;0.0;0.0;0.0;0.0;0.0;0.0;0.0;0.0;0.0;0.0;0.0;0.0;0.0;0.0;0.0;0.0;0.0;0.0;0.0;0.0;0.0
Parambu;NOVO ASSIS;-6.0276944444444;-40.581611111111;2007;9;0.0;0.0;0.0;0.0;0.0;0.0;0.0;0.0;0.0;0.0;0.0;0.0;0.0;0.0;0.0;0.0;0.0;0.0;0.0;0.0;0.0;0.0;0.0;0.0;0.0;0.0;0.0;0.0;0.0;0.0;0.0;888.0
Parambu;NOVO ASSIS;-6.0276944444444;-40.581611111111;2007;10;0.0;0.0;0.0;0.0;0.0;0.0;0.0;0.0;0.0;0.0;0.0;0.0;0.0;0.0;0.0;0.0;0.0;0.0;0.0;0.0;0.0;0.0;0.0;0.0;0.0;0.0;0.0;0.0;0.0;0.0;0.0;0.0
Parambu;NOVO ASSIS;-6.0276944444444;-40.581611111111;2007;11;0.0;0.0;0.0;0.0;0.0;0.0;0.0;0.0;0.0;0.0;0.0;0.0;0.0;0.0;0.0;0.0;0.0;0.0;0.0;0.0;0.0;0.0;0.0;0.0;0.0;0.0;0.0;0.0;0.0;0.0;0.0;888.0
Parambu;NOVO ASSIS;-6.0276944444444;-40.581611111111;2007;12;43.0;0.0;0.0;0.0;0.0;0.0;0.0;0.0;0.0;0.0;0.0;0.0;0.0;0.0;0.0;0.0;0.0;43.0;0.0;0.0;0.0;0.0;0.0;0.0;0.0;0.0;0.0;0.0;0.0;0.0;0.0;0.0
Parambu;NOVO ASSIS;-6.0276944444444;-40.581611111111;2008;1;36.0;0.0;0.0;0.0;0.0;0.0;0.0;0.0;0.0;0.0;0.0;0.0;0.0;0.0;0.0;10.0;15.0;0.0;0.0;6.0;2.0;0.0;0.0;0.0;0.0;3.0;0.0;0.0;0.0;0.0;0.0;0.0
Parambu;NOVO ASSIS;-6.0276944444444;-40.581611111111;2008;2;143.3;21.0;38.0;0.0;0.0;0.0;0.0;0.0;0.0;0.0;0.0;0.0;0.0;0.0;0.0;5.3;0.0;0.0;13.0;0.0;0.0;0.0;0.0;0.0;0.0;0.0;6.0;0.0;26.0;34.0;888.0;888.0
Parambu;NOVO ASSIS;-6.0276944444444;-40.581611111111;2008;3;289.0;35.0;0.0;0.0;0.0;0.0;0.0;0.0;0.0;19.0;6.0;2.0;0.0;7.0;0.0;10.0;0.0;31.0;0.0;0.0;22.0;18.0;21.0;18.0;15.0;4.0;3.0;2.0;0.0;43.0;21.0;12.0
Parambu;NOVO ASSIS;-6.0276944444444;-40.581611111111;2008;4;159.3;31.0;27.0;9.0;0.0;0.0;5.0;2.0;0.0;0.0;11.0;0.0;0.0;16.0;0.0;0.0;13.0;0.0;0.0;0.0;0.0;0.0;0.0;0.0;6.0;0.0;8.3;0.0;0.0;6.0;25.0;888.0
Parambu;NOVO ASSIS;-6.0276944444444;-40.581611111111;2008;5;6.0;0.0;6.0;0.0;0.0;0.0;0.0;0.0;0.0;0.0;0.0;0.0;0.0;0.0;0.0;0.0;0.0;0.0;0.0;0.0;0.0;0.0;0.0;0.0;0.0;0.0;0.0;0.0;0.0;0.0;0.0;0.0
Parambu;NOVO ASSIS;-6.0276944444444;-40.581611111111;2008;6;0.0;0.0;0.0;0.0;0.0;0.0;0.0;0.0;0.0;0.0;0.0;0.0;0.0;0.0;0.0;0.0;0.0;0.0;0.0;0.0;0.0;0.0;0.0;0.0;0.0;0.0;0.0;0.0;0.0;0.0;0.0;888.0
Parambu;NOVO ASSIS;-6.0276944444444;-40.581611111111;2008;7;3.0;0.0;3.0;0.0;0.0;0.0;0.0;0.0;0.0;0.0;0.0;0.0;0.0;0.0;0.0;0.0;0.0;0.0;0.0;0.0;0.0;0.0;0.0;0.0;0.0;0.0;0.0;0.0;0.0;0.0;0.0;0.0
Parambu;NOVO ASSIS;-6.0276944444444;-40.581611111111;2008;8;2.0;0.0;0.0;0.0;0.0;0.0;2.0;0.0;0.0;0.0;0.0;0.0;0.0;0.0;0.0;0.0;0.0;0.0;0.0;0.0;0.0;0.0;0.0;0.0;0.0;0.0;0.0;0.0;0.0;0.0;0.0;0.0
Parambu;NOVO ASSIS;-6.0276944444444;-40.581611111111;2008;9;0.0;0.0;0.0;0.0;0.0;0.0;0.0;0.0;0.0;0.0;0.0;0.0;0.0;0.0;0.0;0.0;0.0;0.0;0.0;0.0;0.0;0.0;0.0;0.0;0.0;0.0;0.0;0.0;0.0;0.0;0.0;888.0
Parambu;NOVO ASSIS;-6.0276944444444;-40.581611111111;2008;10;0.0;0.0;0.0;0.0;0.0;0.0;0.0;0.0;0.0;0.0;0.0;0.0;0.0;0.0;0.0;0.0;0.0;0.0;0.0;0.0;0.0;0.0;0.0;0.0;0.0;0.0;0.0;0.0;0.0;0.0;0.0;0.0
Parambu;NOVO ASSIS;-6.0276944444444;-40.581611111111;2008;11;0.0;0.0;0.0;0.0;0.0;0.0;0.0;0.0;0.0;0.0;0.0;0.0;0.0;0.0;0.0;0.0;0.0;0.0;0.0;0.0;0.0;0.0;0.0;0.0;0.0;0.0;0.0;0.0;0.0;0.0;0.0;888.0
Parambu;NOVO ASSIS;-6.0276944444444;-40.581611111111;2008;12;8.0;0.0;0.0;0.0;0.0;0.0;0.0;0.0;8.0;0.0;0.0;0.0;0.0;0.0;0.0;0.0;0.0;0.0;0.0;0.0;0.0;0.0;0.0;0.0;0.0;0.0;0.0;0.0;0.0;0.0;0.0;0.0
Parambu;NOVO ASSIS;-6.0276944444444;-40.581611111111;2009;1;163.0;0.0;0.0;0.0;0.0;0.0;0.0;0.0;0.0;0.0;0.0;0.0;0.0;0.0;0.0;0.0;0.0;6.0;44.0;0.0;0.0;0.0;105.0;0.0;8.0;0.0;0.0;0.0;0.0;0.0;0.0;0.0
Parambu;NOVO ASSIS;-6.0276944444444;-40.581611111111;2009;2;42.0;0.0;0.0;0.0;0.0;0.0;0.0;0.0;0.0;0.0;0.0;0.0;0.0;0.0;0.0;0.0;0.0;0.0;0.0;0.0;10.0;6.0;0.0;0.0;12.0;0.0;0.0;14.0;0.0;888.0;888.0;888.0
Parambu;NOVO ASSIS;-6.0276944444444;-40.581611111111;2009;3;64.0;2.0;21.0;0.0;0.0;19.0;0.0;0.0;0.0;0.0;0.0;0.0;0.0;5.0;0.0;0.0;0.0;9.0;0.0;0.0;0.0;0.0;0.0;0.0;0.0;0.0;0.0;0.0;0.0;0.0;0.0;8.0
Parambu;NOVO ASSIS;-6.0276944444444;-40.581611111111;2009;4;231.0;11.0;27.0;8.0;0.0;0.0;0.0;0.0;8.0;0.0;0.0;0.0;23.0;13.0;0.0;6.0;5.0;0.0;0.0;0.0;0.0;15.0;16.0;68.0;6.0;0.0;0.0;19.0;0.0;0.0;6.0;888.0
Parambu;NOVO ASSIS;-6.0276944444444;-40.581611111111;2009;5;115.0;0.0;5.0;0.0;0.0;13.0;0.0;16.0;24.0;0.0;0.0;0.0;7.0;0.0;0.0;0.0;0.0;0.0;0.0;0.0;7.0;25.0;0.0;0.0;0.0;0.0;0.0;18.0;0.0;0.0;0.0;0.0
Parambu;NOVO ASSIS;-6.0276944444444;-40.581611111111;2009;6;0.0;0.0;0.0;0.0;0.0;0.0;0.0;0.0;0.0;0.0;0.0;0.0;0.0;0.0;0.0;0.0;0.0;0.0;0.0;0.0;0.0;0.0;0.0;0.0;0.0;0.0;0.0;0.0;0.0;0.0;0.0;888.0
Parambu;NOVO ASSIS;-6.0276944444444;-40.581611111111;2009;7;33.2;0.0;0.0;0.0;0.0;0.0;0.0;0.0;0.0;0.0;0.0;0.0;0.0;0.0;0.0;0.0;0.0;0.0;0.0;0.0;0.0;0.0;8.0;7.2;18.0;0.0;0.0;0.0;0.0;0.0;0.0;0.0
Parambu;NOVO ASSIS;-6.0276944444444;-40.581611111111;2011;1;150.9;0.0;0.0;7.0;0.0;0.0;0.0;0.0;0.0;8.3;14.2;0.0;0.0;0.0;0.0;0.0;0.0;0.0;0.0;0.0;0.0;25.0;8.0;5.0;29.0;0.0;19.0;0.0;28.4;0.0;1.0;6.0
Parambu;NOVO ASSIS;-6.0276944444444;-40.581611111111;2011;2;126.2;11.0;0.0;0.0;0.0;0.0;0.0;0.0;0.0;0.0;0.0;0.0;0.0;0.0;0.0;0.0;7.0;4.0;22.0;0.0;0.0;7.2;0.0;0.0;0.0;5.0;60.0;0.0;10.0;888.0;888.0;888.0
Parambu;NOVO ASSIS;-6.0276944444444;-40.581611111111;2011;3;46.4;0.0;0.0;4.0;0.0;9.0;0.0;0.0;0.0;3.2;0.0;0.0;0.0;0.0;22.0;0.0;0.0;0.0;0.0;0.0;0.0;0.0;0.0;0.0;0.0;0.0;0.0;0.0;8.2;0.0;0.0;0.0
Parambu;NOVO ASSIS;-6.0276944444444;-40.581611111111;2011;4;81.5;0.0;0.0;0.0;0.0;0.0;0.0;0.0;0.0;0.0;10.3;0.0;0.0;21.2;0.0;0.0;0.0;15.0;0.0;0.0;35.0;0.0;0.0;0.0;0.0;0.0;0.0;0.0;0.0;0.0;0.0;888.0
Parambu;NOVO ASSIS;-6.0276944444444;-40.581611111111;2011;5;40.0;0.0;0.0;0.0;10.0;17.0;13.0;0.0;0.0;0.0;0.0;0.0;0.0;0.0;0.0;0.0;0.0;0.0;0.0;0.0;0.0;0.0;0.0;0.0;0.0;0.0;0.0;0.0;0.0;0.0;0.0;0.0
Parambu;NOVO ASSIS;-6.0276944444444;-40.581611111111;2011;6;0.0;0.0;0.0;0.0;0.0;0.0;0.0;0.0;0.0;0.0;0.0;0.0;0.0;0.0;0.0;0.0;0.0;0.0;0.0;0.0;0.0;0.0;0.0;0.0;0.0;0.0;0.0;0.0;0.0;0.0;0.0;888.0
Parambu;NOVO ASSIS;-6.0276944444444;-40.581611111111;2011;7;0.0;0.0;0.0;0.0;0.0;0.0;0.0;0.0;0.0;0.0;0.0;0.0;0.0;0.0;0.0;0.0;0.0;0.0;0.0;0.0;0.0;0.0;0.0;0.0;0.0;0.0;0.0;0.0;0.0;0.0;0.0;0.0
Parambu;NOVO ASSIS;-6.0276944444444;-40.581611111111;2011;8;0.0;0.0;0.0;0.0;0.0;0.0;0.0;0.0;0.0;0.0;0.0;0.0;0.0;0.0;0.0;0.0;0.0;0.0;0.0;0.0;0.0;0.0;0.0;0.0;0.0;0.0;0.0;0.0;0.0;0.0;0.0;0.0
Parambu;NOVO ASSIS;-6.0276944444444;-40.581611111111;2011;9;0.0;0.0;0.0;0.0;0.0;0.0;0.0;0.0;0.0;0.0;0.0;0.0;0.0;0.0;0.0;0.0;0.0;0.0;0.0;0.0;0.0;0.0;0.0;0.0;0.0;0.0;0.0;0.0;0.0;0.0;0.0;888.0
Parambu;NOVO ASSIS;-6.0276944444444;-40.581611111111;2011;10;55.0;0.0;0.0;0.0;0.0;0.0;0.0;0.0;0.0;0.0;0.0;0.0;0.0;0.0;0.0;0.0;0.0;0.0;0.0;0.0;55.0;0.0;0.0;0.0;0.0;0.0;0.0;0.0;0.0;0.0;0.0;0.0
Parambu;NOVO ASSIS;-6.0276944444444;-40.581611111111;2011;11;0.0;0.0;0.0;0.0;0.0;0.0;0.0;0.0;0.0;0.0;0.0;0.0;0.0;0.0;0.0;0.0;0.0;0.0;0.0;0.0;0.0;0.0;0.0;0.0;0.0;0.0;0.0;0.0;0.0;0.0;0.0;888.0
Parambu;NOVO ASSIS;-6.0276944444444;-40.581611111111;2011;12;0.0;0.0;0.0;0.0;0.0;0.0;0.0;0.0;0.0;0.0;0.0;0.0;0.0;0.0;0.0;0.0;0.0;0.0;0.0;0.0;0.0;0.0;0.0;0.0;0.0;0.0;0.0;0.0;0.0;0.0;0.0;0.0
Parambu;NOVO ASSIS;-6.0276944444444;-40.581611111111;2012;1;118.0;0.0;0.0;0.0;0.0;0.0;0.0;0.0;0.0;0.0;0.0;0.0;0.0;0.0;0.0;0.0;0.0;0.0;0.0;0.0;0.0;60.0;8.0;0.0;0.0;50.0;0.0;0.0;0.0;0.0;0.0;0.0
Parambu;NOVO ASSIS;-6.0276944444444;-40.581611111111;2012;2;53.0;0.0;0.0;0.0;0.0;0.0;0.0;0.0;0.0;0.0;0.0;0.0;0.0;0.0;0.0;0.0;0.0;21.0;17.0;0.0;0.0;15.0;0.0;0.0;0.0;0.0;0.0;0.0;0.0;0.0;888.0;888.0
Parambu;NOVO ASSIS;-6.0276944444444;-40.581611111111;2012;3;15.0;0.0;0.0;0.0;0.0;0.0;0.0;0.0;0.0;0.0;0.0;5.0;0.0;10.0;0.0;0.0;0.0;0.0;0.0;0.0;0.0;0.0;0.0;999.0;999.0;999.0;999.0;999.0;999.0;999.0;999.0;999.0
Parambu;NOVO ASSIS;-6.0276944444444;-40.581611111111;2013;1;22.5;0.0;0.0;0.0;0.0;20.0;0.0;0.0;0.0;0.0;0.0;0.0;0.0;0.0;0.0;0.0;0.0;0.0;0.0;2.5;0.0;0.0;0.0;0.0;0.0;0.0;0.0;0.0;0.0;0.0;0.0;0.0
Parambu;NOVO ASSIS;-6.0276944444444;-40.581611111111;2013;2;33.0;0.0;0.0;0.0;0.0;0.0;0.0;0.0;0.0;0.0;15.0;0.0;0.0;0.0;12.0;0.0;0.0;6.0;0.0;0.0;0.0;0.0;0.0;0.0;0.0;0.0;0.0;0.0;0.0;888.0;888.0;888.0
Parambu;NOVO ASSIS;-6.0276944444444;-40.581611111111;2013;3;52.0;0.0;0.0;0.0;0.0;0.0;0.0;0.0;0.0;0.0;0.0;0.0;0.0;0.0;0.0;0.0;0.0;0.0;0.0;0.0;0.0;17.0;0.0;0.0;18.0;3.0;0.0;3.0;0.0;8.0;3.0;0.0
Parambu;NOVO ASSIS;-6.0276944444444;-40.581611111111;2013;4;107.0;0.0;0.0;0.0;0.0;12.0;0.0;0.0;2.0;0.0;0.0;0.0;0.0;0.0;0.0;0.0;6.0;8.0;0.0;50.0;8.0;0.0;0.0;0.0;0.0;0.0;15.0;6.0;0.0;0.0;0.0;888.0
Parambu;NOVO ASSIS;-6.0276944444444;-40.581611111111;2013;5;91.0;0.0;0.0;5.0;0.0;0.0;0.0;0.0;16.0;24.0;0.0;0.0;0.0;0.0;0.0;29.0;0.0;0.0;0.0;0.0;0.0;0.0;0.0;0.0;0.0;17.0;0.0;0.0;0.0;0.0;0.0;0.0
Parambu;NOVO ASSIS;-6.0276944444444;-40.581611111111;2013;6;8.0;0.0;0.0;0.0;0.0;8.0;0.0;0.0;0.0;0.0;0.0;0.0;0.0;0.0;0.0;0.0;0.0;0.0;0.0;0.0;0.0;0.0;0.0;0.0;0.0;0.0;0.0;0.0;0.0;0.0;0.0;888.0
Parambu;NOVO ASSIS;-6.0276944444444;-40.581611111111;2013;7;0.0;0.0;0.0;0.0;0.0;0.0;0.0;0.0;0.0;0.0;0.0;0.0;0.0;0.0;0.0;0.0;0.0;0.0;0.0;0.0;0.0;0.0;0.0;0.0;0.0;0.0;0.0;0.0;0.0;0.0;0.0;0.0
Parambu;NOVO ASSIS;-6.0276944444444;-40.581611111111;2013;8;0.0;0.0;0.0;0.0;0.0;0.0;0.0;0.0;0.0;0.0;0.0;0.0;0.0;0.0;0.0;0.0;0.0;0.0;0.0;0.0;0.0;0.0;0.0;0.0;0.0;0.0;0.0;0.0;0.0;0.0;0.0;0.0
Parambu;NOVO ASSIS;-6.0276944444444;-40.581611111111;2013;9;0.0;0.0;0.0;0.0;0.0;0.0;0.0;0.0;0.0;0.0;0.0;0.0;0.0;0.0;0.0;0.0;0.0;0.0;0.0;0.0;0.0;0.0;0.0;0.0;0.0;0.0;0.0;0.0;0.0;0.0;0.0;888.0
Parambu;NOVO ASSIS;-6.0276944444444;-40.581611111111;2013;10;0.0;0.0;0.0;0.0;0.0;0.0;0.0;0.0;0.0;0.0;0.0;0.0;0.0;0.0;0.0;0.0;0.0;0.0;0.0;0.0;0.0;0.0;0.0;0.0;0.0;0.0;0.0;0.0;0.0;0.0;0.0;0.0
Parambu;NOVO ASSIS;-6.0276944444444;-40.581611111111;2013;11;55.0;0.0;0.0;55.0;0.0;0.0;0.0;0.0;0.0;0.0;0.0;0.0;0.0;0.0;0.0;0.0;0.0;0.0;0.0;0.0;0.0;0.0;0.0;0.0;0.0;0.0;0.0;0.0;0.0;0.0;0.0;888.0
Parambu;NOVO ASSIS;-6.0276944444444;-40.581611111111;2013;12;27.0;0.0;0.0;0.0;0.0;0.0;0.0;0.0;0.0;0.0;0.0;0.0;0.0;0.0;0.0;0.0;0.0;0.0;0.0;0.0;0.0;0.0;27.0;0.0;0.0;0.0;0.0;0.0;0.0;0.0;0.0;0.0
Parambu;NOVO ASSIS;-6.0276944444444;-40.581611111111;2014;1;37.0;0.0;0.0;0.0;0.0;12.0;0.0;0.0;0.0;0.0;0.0;0.0;0.0;0.0;0.0;0.0;0.0;0.0;0.0;0.0;0.0;7.0;0.0;0.0;0.0;0.0;0.0;0.0;0.0;0.0;0.0;18.0
Parambu;NOVO ASSIS;-6.0276944444444;-40.581611111111;2014;2;48.3;0.0;0.0;0.0;11.3;0.0;0.0;0.0;0.0;0.0;14.0;0.0;0.0;4.0;0.0;0.0;0.0;19.0;0.0;0.0;0.0;0.0;0.0;0.0;0.0;0.0;0.0;0.0;0.0;888.0;888.0;888.0
Parambu;NOVO ASSIS;-6.0276944444444;-40.581611111111;2014;3;114.0;0.0;0.0;0.0;0.0;0.0;0.0;0.0;0.0;41.0;4.0;0.0;0.0;7.0;0.0;11.0;0.0;0.0;0.0;0.0;0.0;0.0;0.0;0.0;0.0;0.0;0.0;0.0;0.0;0.0;5.0;46.0
Parambu;NOVO ASSIS;-6.0276944444444;-40.581611111111;2014;4;130.0;0.0;0.0;23.0;0.0;0.0;0.0;10.0;9.0;0.0;0.0;9.0;0.0;10.0;0.0;0.0;0.0;33.0;0.0;0.0;0.0;0.0;0.0;0.0;0.0;0.0;0.0;0.0;0.0;36.0;0.0;888.0
Parambu;NOVO ASSIS;-6.0276944444444;-40.581611111111;2014;5;48.0;0.0;0.0;0.0;0.0;0.0;0.0;0.0;0.0;0.0;0.0;0.0;0.0;0.0;0.0;0.0;0.0;0.0;0.0;0.0;0.0;0.0;9.0;9.0;0.0;0.0;0.0;0.0;0.0;27.0;3.0;0.0
Parambu;NOVO ASSIS;-6.0276944444444;-40.581611111111;2014;6;0.0;0.0;0.0;0.0;0.0;0.0;0.0;0.0;0.0;0.0;0.0;0.0;0.0;0.0;0.0;0.0;0.0;0.0;0.0;0.0;0.0;0.0;0.0;0.0;0.0;0.0;0.0;0.0;0.0;0.0;0.0;888.0
Parambu;NOVO ASSIS;-6.0276944444444;-40.581611111111;2014;7;0.0;0.0;0.0;0.0;0.0;0.0;0.0;0.0;0.0;0.0;0.0;0.0;0.0;0.0;0.0;0.0;0.0;0.0;0.0;0.0;0.0;0.0;0.0;0.0;0.0;0.0;0.0;0.0;0.0;0.0;0.0;0.0
Parambu;NOVO ASSIS;-6.0276944444444;-40.581611111111;2014;8;0.0;0.0;0.0;0.0;0.0;0.0;0.0;0.0;0.0;0.0;0.0;0.0;0.0;0.0;0.0;0.0;0.0;0.0;0.0;0.0;0.0;0.0;0.0;0.0;0.0;0.0;0.0;0.0;0.0;0.0;0.0;0.0
Parambu;NOVO ASSIS;-6.0276944444444;-40.581611111111;2014;9;0.0;0.0;0.0;0.0;0.0;0.0;0.0;0.0;0.0;0.0;0.0;0.0;0.0;0.0;0.0;0.0;0.0;0.0;0.0;0.0;0.0;0.0;0.0;0.0;0.0;0.0;0.0;0.0;0.0;0.0;0.0;888.0
Parambu;NOVO ASSIS;-6.0276944444444;-40.581611111111;2014;10;9.0;0.0;0.0;9.0;0.0;0.0;0.0;0.0;0.0;0.0;0.0;0.0;0.0;0.0;0.0;0.0;0.0;0.0;0.0;0.0;0.0;0.0;0.0;0.0;0.0;0.0;0.0;0.0;0.0;0.0;0.0;0.0
Parambu;NOVO ASSIS;-6.0276944444444;-40.581611111111;2014;11;33.0;0.0;0.0;23.0;0.0;0.0;0.0;0.0;0.0;0.0;0.0;0.0;0.0;0.0;0.0;0.0;0.0;0.0;0.0;10.0;0.0;0.0;0.0;0.0;0.0;0.0;0.0;0.0;0.0;0.0;0.0;888.0
Parambu;NOVO ASSIS;-6.0276944444444;-40.581611111111;2014;12;0.0;0.0;0.0;0.0;0.0;0.0;0.0;0.0;0.0;0.0;0.0;0.0;0.0;0.0;0.0;0.0;0.0;0.0;0.0;0.0;0.0;0.0;0.0;0.0;0.0;0.0;0.0;0.0;0.0;0.0;0.0;0.0
Parambu;NOVO ASSIS;-6.0276944444444;-40.581611111111;2015;1;9.0;0.0;0.0;9.0;0.0;0.0;0.0;0.0;0.0;0.0;0.0;0.0;0.0;0.0;0.0;0.0;0.0;0.0;0.0;0.0;0.0;0.0;0.0;0.0;0.0;0.0;0.0;0.0;0.0;0.0;0.0;0.0
Parambu;NOVO ASSIS;-6.0276944444444;-40.581611111111;2015;2;137.0;0.0;0.0;0.0;15.0;9.0;0.0;0.0;0.0;0.0;0.0;13.0;0.0;0.0;0.0;0.0;0.0;0.0;0.0;25.0;50.0;0.0;0.0;13.0;0.0;12.0;0.0;0.0;0.0;888.0;888.0;888.0
Parambu;NOVO ASSIS;-6.0276944444444;-40.581611111111;2015;3;116.0;0.0;5.0;0.0;0.0;0.0;26.0;0.0;0.0;0.0;0.0;18.0;0.0;0.0;0.0;0.0;0.0;0.0;0.0;0.0;0.0;4.0;7.0;20.0;2.0;0.0;25.0;0.0;0.0;0.0;3.0;6.0
Parambu;NOVO ASSIS;-6.0276944444444;-40.581611111111;2015;4;35.0;0.0;0.0;0.0;0.0;0.0;0.0;0.0;0.0;0.0;13.0;1.0;5.0;0.0;0.0;0.0;0.0;0.0;0.0;0.0;0.0;0.0;0.0;0.0;16.0;0.0;0.0;0.0;0.0;0.0;0.0;888.0
Parambu;NOVO ASSIS;-6.0276944444444;-40.581611111111;2015;5;18.0;0.0;3.0;0.0;0.0;0.0;0.0;0.0;0.0;0.0;0.0;0.0;0.0;0.0;0.0;0.0;0.0;0.0;0.0;0.0;15.0;0.0;0.0;0.0;0.0;0.0;0.0;0.0;0.0;0.0;0.0;0.0
Parambu;NOVO ASSIS;-6.0276944444444;-40.581611111111;2015;6;14.0;0.0;0.0;0.0;0.0;0.0;0.0;0.0;0.0;0.0;0.0;0.0;0.0;0.0;0.0;0.0;0.0;0.0;0.0;0.0;0.0;0.0;0.0;0.0;14.0;0.0;0.0;0.0;0.0;0.0;0.0;888.0
Parambu;NOVO ASSIS;-6.0276944444444;-40.581611111111;2015;7;0.0;0.0;0.0;0.0;0.0;0.0;0.0;0.0;0.0;0.0;0.0;0.0;0.0;0.0;0.0;0.0;0.0;0.0;0.0;0.0;0.0;0.0;0.0;0.0;0.0;0.0;0.0;0.0;0.0;0.0;0.0;0.0
Parambu;NOVO ASSIS;-6.0276944444444;-40.581611111111;2015;8;0.0;0.0;0.0;0.0;0.0;0.0;0.0;0.0;0.0;0.0;0.0;0.0;0.0;0.0;0.0;0.0;0.0;0.0;0.0;0.0;0.0;0.0;0.0;0.0;0.0;0.0;0.0;0.0;0.0;0.0;0.0;0.0
Parambu;NOVO ASSIS;-6.0276944444444;-40.581611111111;2015;9;0.0;0.0;0.0;0.0;0.0;0.0;0.0;0.0;0.0;0.0;0.0;0.0;0.0;0.0;0.0;0.0;0.0;0.0;0.0;0.0;0.0;0.0;0.0;0.0;0.0;0.0;0.0;0.0;0.0;0.0;0.0;888.0
Parambu;NOVO ASSIS;-6.0276944444444;-40.581611111111;2015;10;0.0;0.0;0.0;0.0;0.0;0.0;0.0;0.0;0.0;0.0;0.0;0.0;0.0;0.0;0.0;0.0;0.0;0.0;0.0;0.0;0.0;0.0;0.0;0.0;0.0;0.0;0.0;0.0;0.0;0.0;0.0;0.0
Parambu;NOVO ASSIS;-6.0276944444444;-40.581611111111;2015;11;0.0;0.0;0.0;0.0;0.0;0.0;0.0;0.0;0.0;0.0;0.0;0.0;0.0;0.0;0.0;0.0;0.0;0.0;0.0;0.0;0.0;0.0;0.0;0.0;0.0;0.0;0.0;0.0;0.0;0.0;0.0;888.0
Parambu;NOVO ASSIS;-6.0276944444444;-40.581611111111;2015;12;15.0;0.0;0.0;0.0;0.0;0.0;0.0;0.0;0.0;0.0;0.0;0.0;0.0;0.0;0.0;0.0;0.0;0.0;0.0;0.0;0.0;0.0;0.0;7.0;0.0;0.0;0.0;0.0;8.0;0.0;0.0;0.0
Parambu;NOVO ASSIS;-6.0276944444444;-40.581611111111;2016;1;351.0;0.0;0.0;0.0;0.0;0.0;0.0;81.0;5.0;3.0;0.0;0.0;0.0;0.0;73.0;0.0;0.0;0.0;0.0;0.0;0.0;75.0;45.0;20.0;26.0;23.0;0.0;0.0;0.0;0.0;0.0;0.0
Parambu;NOVO ASSIS;-6.0276944444444;-40.581611111111;2016;2;18.0;10.0;0.0;2.0;0.0;6.0;0.0;0.0;0.0;0.0;0.0;0.0;0.0;0.0;0.0;0.0;0.0;0.0;0.0;0.0;0.0;0.0;0.0;0.0;0.0;0.0;0.0;0.0;0.0;0.0;888.0;888.0
Parambu;NOVO ASSIS;-6.0276944444444;-40.581611111111;2016;3;55.0;0.0;0.0;0.0;0.0;0.0;0.0;0.0;0.0;24.0;0.0;2.0;0.0;0.0;10.0;0.0;0.0;12.0;0.0;0.0;0.0;0.0;0.0;0.0;0.0;0.0;0.0;0.0;0.0;7.0;0.0;0.0
Parambu;NOVO ASSIS;-6.0276944444444;-40.581611111111;2016;4;25.0;0.0;0.0;0.0;4.0;3.0;0.0;0.0;0.0;0.0;0.0;10.0;0.0;0.0;0.0;0.0;8.0;0.0;0.0;0.0;0.0;0.0;0.0;0.0;0.0;0.0;0.0;0.0;0.0;0.0;0.0;888.0
Parambu;NOVO ASSIS;-6.0276944444444;-40.581611111111;2016;5;56.0;0.0;14.0;42.0;0.0;0.0;0.0;0.0;0.0;0.0;0.0;0.0;0.0;0.0;0.0;0.0;0.0;0.0;0.0;0.0;0.0;0.0;0.0;0.0;0.0;0.0;0.0;0.0;0.0;0.0;0.0;0.0
Parambu;NOVO ASSIS;-6.0276944444444;-40.581611111111;2016;6;0.0;0.0;0.0;0.0;0.0;0.0;0.0;0.0;0.0;0.0;0.0;0.0;0.0;0.0;0.0;0.0;0.0;0.0;0.0;0.0;0.0;0.0;0.0;0.0;0.0;0.0;0.0;0.0;0.0;0.0;0.0;888.0
Parambu;NOVO ASSIS;-6.0276944444444;-40.581611111111;2016;7;0.0;0.0;0.0;0.0;0.0;0.0;0.0;0.0;0.0;0.0;0.0;0.0;0.0;0.0;0.0;0.0;0.0;0.0;0.0;0.0;0.0;0.0;0.0;0.0;0.0;0.0;0.0;0.0;0.0;0.0;0.0;0.0
Parambu;NOVO ASSIS;-6.0276944444444;-40.581611111111;2016;8;0.0;0.0;0.0;0.0;0.0;0.0;0.0;0.0;0.0;0.0;0.0;0.0;0.0;0.0;0.0;0.0;0.0;0.0;0.0;0.0;0.0;0.0;0.0;0.0;0.0;0.0;0.0;0.0;0.0;0.0;0.0;0.0
Parambu;NOVO ASSIS;-6.0276944444444;-40.581611111111;2016;9;0.0;0.0;0.0;0.0;0.0;0.0;0.0;0.0;0.0;0.0;0.0;0.0;0.0;0.0;0.0;0.0;0.0;0.0;0.0;0.0;0.0;0.0;0.0;0.0;0.0;0.0;0.0;0.0;0.0;0.0;0.0;888.0
Parambu;NOVO ASSIS;-6.0276944444444;-40.581611111111;2016;10;0.0;0.0;0.0;0.0;0.0;0.0;0.0;0.0;0.0;0.0;0.0;0.0;0.0;0.0;0.0;0.0;0.0;0.0;0.0;0.0;0.0;0.0;0.0;0.0;0.0;0.0;0.0;0.0;0.0;0.0;0.0;0.0
Parambu;NOVO ASSIS;-6.0276944444444;-40.581611111111;2016;11;0.0;0.0;0.0;0.0;0.0;0.0;0.0;0.0;0.0;0.0;0.0;0.0;0.0;0.0;0.0;0.0;0.0;0.0;0.0;0.0;0.0;0.0;0.0;0.0;0.0;0.0;0.0;0.0;0.0;0.0;0.0;888.0
Parambu;NOVO ASSIS;-6.0276944444444;-40.581611111111;2016;12;80.0;0.0;0.0;0.0;0.0;0.0;0.0;0.0;0.0;0.0;0.0;0.0;0.0;40.0;40.0;0.0;0.0;0.0;0.0;0.0;0.0;0.0;0.0;0.0;0.0;0.0;0.0;0.0;0.0;0.0;0.0;0.0
Parambu;NOVO ASSIS;-6.0276944444444;-40.581611111111;2017;1;73.5;0.0;0.0;0.0;0.0;0.0;0.0;0.0;0.0;0.0;0.0;0.0;0.0;0.0;0.0;0.0;0.0;19.0;0.0;0.0;40.0;0.0;0.0;1.3;3.0;0.0;0.0;0.0;7.0;3.2;0.0;0.0
Parambu;NOVO ASSIS;-6.0276944444444;-40.581611111111;2017;2;183.3;0.0;0.0;0.0;0.0;0.0;0.0;0.0;0.0;0.0;0.0;94.0;0.0;0.0;0.0;0.0;0.0;0.0;0.0;13.0;33.0;20.0;0.0;0.0;0.0;0.0;12.0;0.0;11.3;888.0;888.0;888.0
Parambu;NOVO ASSIS;-6.0276944444444;-40.581611111111;2017;3;144.2;0.0;13.0;8.0;0.0;25.0;0.0;0.0;0.0;7.2;0.0;0.0;45.0;0.0;0.0;0.0;0.0;28.0;0.0;0.0;8.0;0.0;0.0;10.0;0.0;0.0;0.0;0.0;0.0;0.0;0.0;0.0
Parambu;NOVO ASSIS;-6.0276944444444;-40.581611111111;2017;4;57.0;0.0;14.0;22.0;0.0;0.0;0.0;0.0;0.0;0.0;0.0;0.0;0.0;21.0;0.0;0.0;0.0;0.0;0.0;0.0;0.0;0.0;0.0;0.0;0.0;0.0;0.0;0.0;0.0;0.0;0.0;888.0
Parambu;NOVO ASSIS;-6.0276944444444;-40.581611111111;2017;5;0.0;0.0;0.0;0.0;0.0;0.0;0.0;0.0;0.0;0.0;0.0;0.0;0.0;0.0;0.0;0.0;0.0;0.0;0.0;0.0;0.0;0.0;0.0;0.0;0.0;0.0;0.0;0.0;0.0;0.0;0.0;0.0
Parambu;NOVO ASSIS;-6.0276944444444;-40.581611111111;2017;6;0.0;0.0;0.0;0.0;0.0;0.0;0.0;0.0;0.0;0.0;0.0;0.0;0.0;0.0;0.0;0.0;0.0;0.0;0.0;0.0;0.0;0.0;0.0;0.0;0.0;0.0;0.0;0.0;0.0;0.0;0.0;888.0
Parambu;NOVO ASSIS;-6.0276944444444;-40.581611111111;2017;7;0.0;0.0;0.0;0.0;0.0;0.0;0.0;0.0;0.0;0.0;0.0;0.0;0.0;0.0;0.0;0.0;0.0;0.0;0.0;0.0;0.0;0.0;0.0;0.0;0.0;0.0;0.0;0.0;0.0;0.0;0.0;0.0
Parambu;NOVO ASSIS;-6.0276944444444;-40.581611111111;2017;8;0.0;0.0;0.0;0.0;0.0;0.0;0.0;0.0;0.0;0.0;0.0;0.0;0.0;0.0;0.0;0.0;0.0;0.0;0.0;0.0;0.0;0.0;0.0;0.0;0.0;0.0;0.0;0.0;0.0;0.0;0.0;0.0
Parambu;NOVO ASSIS;-6.0276944444444;-40.581611111111;2017;9;0.0;0.0;0.0;0.0;0.0;0.0;0.0;0.0;0.0;0.0;0.0;0.0;0.0;0.0;0.0;0.0;0.0;0.0;0.0;0.0;0.0;0.0;0.0;0.0;0.0;0.0;0.0;0.0;0.0;0.0;0.0;888.0
Parambu;NOVO ASSIS;-6.0276944444444;-40.581611111111;2017;10;0.0;0.0;0.0;0.0;0.0;0.0;0.0;0.0;0.0;0.0;0.0;0.0;0.0;0.0;0.0;0.0;0.0;0.0;0.0;0.0;0.0;0.0;0.0;0.0;0.0;0.0;0.0;0.0;0.0;0.0;0.0;0.0
Parambu;NOVO ASSIS;-6.0276944444444;-40.581611111111;2017;11;0.0;0.0;0.0;0.0;0.0;0.0;0.0;0.0;0.0;0.0;0.0;0.0;0.0;0.0;0.0;0.0;0.0;0.0;0.0;0.0;0.0;0.0;0.0;0.0;0.0;0.0;0.0;0.0;0.0;0.0;0.0;888.0
Parambu;NOVO ASSIS;-6.0276944444444;-40.581611111111;2017;12;39.0;0.0;0.0;0.0;0.0;0.0;0.0;0.0;0.0;0.0;0.0;0.0;0.0;0.0;0.0;0.0;0.0;0.0;0.0;0.0;0.0;0.0;13.0;13.0;13.0;0.0;0.0;0.0;0.0;0.0;0.0;0.0
Parambu;NOVO ASSIS;-6.0276944444444;-40.581611111111;2018;1;18.3;0.0;0.0;0.0;0.0;0.0;0.0;0.0;0.0;0.0;0.0;0.0;0.0;0.0;0.0;0.0;0.0;0.0;0.0;10.0;0.0;0.0;0.0;0.0;0.0;8.3;0.0;0.0;0.0;0.0;0.0;0.0
Parambu;NOVO ASSIS;-6.0276944444444;-40.581611111111;2018;2;187.0;0.0;0.0;0.0;0.0;0.0;0.0;0.0;0.0;0.0;0.0;5.0;0.0;0.0;40.0;27.0;0.0;20.0;40.0;0.0;0.0;30.0;15.0;5.0;0.0;0.0;0.0;0.0;5.0;888.0;888.0;888.0
Parambu;NOVO ASSIS;-6.0276944444444;-40.581611111111;2018;3;182.0;0.0;26.0;56.0;0.0;0.0;0.0;0.0;0.0;0.0;5.0;0.0;4.0;0.0;23.0;0.0;0.0;0.0;0.0;0.0;0.0;0.0;0.0;26.0;0.0;30.0;0.0;0.0;0.0;0.0;0.0;12.0
Parambu;NOVO ASSIS;-6.0276944444444;-40.581611111111;2018;4;83.3;25.0;4.0;0.0;0.0;20.0;11.0;0.0;3.0;0.0;0.0;0.0;0.0;10.3;0.0;0.0;0.0;0.0;0.0;0.0;0.0;0.0;10.0;0.0;0.0;0.0;0.0;0.0;0.0;0.0;0.0;888.0
Parambu;NOVO ASSIS;-6.0276944444444;-40.581611111111;2018;5;0.0;0.0;0.0;0.0;0.0;0.0;0.0;0.0;0.0;0.0;0.0;0.0;0.0;0.0;0.0;0.0;0.0;0.0;0.0;0.0;0.0;0.0;0.0;0.0;0.0;0.0;0.0;0.0;0.0;0.0;0.0;0.0
Parambu;NOVO ASSIS;-6.0276944444444;-40.581611111111;2018;6;0.0;0.0;0.0;0.0;0.0;0.0;0.0;0.0;0.0;0.0;0.0;0.0;0.0;0.0;0.0;0.0;0.0;0.0;0.0;0.0;0.0;0.0;0.0;0.0;0.0;0.0;0.0;0.0;0.0;0.0;0.0;888.0
Parambu;NOVO ASSIS;-6.0276944444444;-40.581611111111;2018;7;0.0;0.0;0.0;0.0;0.0;0.0;0.0;0.0;0.0;0.0;0.0;0.0;0.0;0.0;0.0;0.0;0.0;0.0;0.0;0.0;0.0;0.0;0.0;0.0;0.0;0.0;0.0;0.0;0.0;0.0;0.0;0.0
Parambu;NOVO ASSIS;-6.0276944444444;-40.581611111111;2018;8;0.0;0.0;0.0;0.0;0.0;0.0;0.0;0.0;0.0;0.0;0.0;0.0;0.0;0.0;0.0;0.0;0.0;0.0;0.0;0.0;0.0;0.0;0.0;0.0;0.0;0.0;0.0;0.0;0.0;0.0;0.0;0.0
Parambu;NOVO ASSIS;-6.0276944444444;-40.581611111111;2018;9;0.0;0.0;0.0;0.0;0.0;0.0;0.0;0.0;0.0;0.0;0.0;0.0;0.0;0.0;0.0;0.0;0.0;0.0;0.0;0.0;0.0;0.0;0.0;0.0;0.0;0.0;0.0;0.0;0.0;0.0;0.0;888.0
Parambu;NOVO ASSIS;-6.0276944444444;-40.581611111111;2018;10;0.0;0.0;0.0;0.0;999.0;999.0;999.0;999.0;999.0;999.0;999.0;999.0;999.0;999.0;999.0;999.0;999.0;999.0;999.0;999.0;999.0;999.0;999.0;999.0;999.0;999.0;999.0;999.0;999.0;999.0;999.0;999.0
