Municipios;Postos;Latitude;Longitude;Anos;Meses;Total;Dia1;Dia2;Dia3;Dia4;Dia5;Dia6;Dia7;Dia8;Dia9;Dia10;Dia11;Dia12;Dia13;Dia14;Dia15;Dia16;Dia17;Dia18;Dia19;Dia20;Dia21;Dia22;Dia23;Dia24;Dia25;Dia26;Dia27;Dia28;Dia29;Dia30;Dia31
Limoeiro do Norte;BIXOPA;-4.98936111111;-38.2028333333;1988;2;69.0;0.0;0.0;0.0;0.0;0.0;39.0;999.0;999.0;0.0;0.0;0.0;0.0;0.0;999.0;7.0;0.0;0.0;0.0;23.0;0.0;0.0;0.0;0.0;0.0;999.0;0.0;0.0;0.0;999.0;888.0;888.0
Limoeiro do Norte;BIXOPA;-4.98936111111;-38.2028333333;1988;3;109.0;4.0;0.0;0.0;0.0;0.0;0.0;0.0;0.0;0.0;0.0;999.0;7.0;0.0;14.0;30.0;0.0;0.0;0.0;0.0;999.0;0.0;5.0;0.0;4.0;0.0;2.0;28.0;15.0;0.0;0.0;0.0
Limoeiro do Norte;BIXOPA;-4.98936111111;-38.2028333333;1988;4;101.0;0.0;0.0;3.0;0.0;0.0;999.0;999.0;0.0;5.0;0.0;0.0;999.0;999.0;3.0;41.0;2.0;999.0;999.0;999.0;999.0;999.0;0.0;0.0;999.0;12.0;0.0;0.0;27.0;999.0;8.0;888.0
Limoeiro do Norte;BIXOPA;-4.98936111111;-38.2028333333;1988;5;111.0;0.0;39.0;999.0;16.0;37.0;999.0;999.0;0.0;0.0;0.0;999.0;0.0;0.0;0.0;0.0;0.0;999.0;999.0;0.0;0.0;0.0;0.0;0.0;19.0;999.0;0.0;0.0;0.0;0.0;0.0;0.0
Limoeiro do Norte;BIXOPA;-4.98936111111;-38.2028333333;1988;6;0.0;0.0;0.0;0.0;0.0;0.0;0.0;0.0;0.0;0.0;999.0;999.0;999.0;999.0;999.0;999.0;999.0;999.0;999.0;999.0;999.0;999.0;999.0;999.0;999.0;999.0;999.0;999.0;999.0;999.0;999.0;888.0
Limoeiro do Norte;BIXOPA;-4.98936111111;-38.2028333333;1988;10;0.0;999.0;999.0;999.0;999.0;999.0;999.0;999.0;999.0;999.0;999.0;999.0;999.0;999.0;999.0;999.0;999.0;999.0;999.0;999.0;999.0;999.0;999.0;999.0;999.0;999.0;999.0;999.0;999.0;999.0;999.0;0.0
Limoeiro do Norte;BIXOPA;-4.98936111111;-38.2028333333;1988;12;0.0;999.0;999.0;999.0;999.0;999.0;999.0;999.0;999.0;999.0;999.0;999.0;999.0;999.0;0.0;999.0;0.0;0.0;0.0;999.0;0.0;999.0;0.0;999.0;999.0;0.0;999.0;0.0;999.0;999.0;999.0;999.0
Limoeiro do Norte;BIXOPA;-4.98936111111;-38.2028333333;1989;1;0.0;0.0;0.0;999.0;0.0;999.0;0.0;0.0;0.0;0.0;0.0;0.0;999.0;999.0;999.0;999.0;0.0;0.0;0.0;999.0;0.0;0.0;999.0;0.0;999.0;0.0;0.0;0.0;0.0;0.0;999.0;0.0
Limoeiro do Norte;BIXOPA;-4.98936111111;-38.2028333333;1989;2;0.0;0.0;0.0;0.0;999.0;0.0;0.0;0.0;0.0;0.0;0.0;0.0;0.0;0.0;0.0;0.0;0.0;0.0;0.0;0.0;0.0;999.0;0.0;0.0;999.0;0.0;0.0;0.0;0.0;888.0;888.0;888.0
Limoeiro do Norte;BIXOPA;-4.98936111111;-38.2028333333;1989;3;39.0;999.0;0.0;0.0;0.0;0.0;0.0;999.0;999.0;999.0;999.0;999.0;999.0;999.0;999.0;999.0;999.0;999.0;999.0;999.0;999.0;4.0;17.0;999.0;999.0;999.0;18.0;999.0;999.0;999.0;999.0;999.0
Limoeiro do Norte;BIXOPA;-4.98936111111;-38.2028333333;1989;4;257.0;999.0;35.0;7.0;19.0;12.0;999.0;999.0;999.0;999.0;22.0;999.0;999.0;999.0;999.0;999.0;999.0;31.0;52.0;0.0;999.0;999.0;999.0;21.0;999.0;4.0;12.0;999.0;42.0;999.0;999.0;888.0
Limoeiro do Norte;BIXOPA;-4.98936111111;-38.2028333333;1989;5;22.0;999.0;999.0;999.0;999.0;999.0;999.0;999.0;999.0;999.0;7.0;999.0;999.0;15.0;999.0;999.0;999.0;999.0;999.0;999.0;999.0;999.0;999.0;999.0;999.0;999.0;999.0;999.0;999.0;999.0;999.0;999.0
Limoeiro do Norte;BIXOPA;-4.98936111111;-38.2028333333;1989;6;0.0;999.0;999.0;999.0;999.0;999.0;999.0;999.0;999.0;999.0;999.0;999.0;999.0;999.0;999.0;999.0;999.0;999.0;999.0;0.0;999.0;999.0;999.0;999.0;999.0;999.0;999.0;999.0;999.0;999.0;999.0;888.0
Limoeiro do Norte;BIXOPA;-4.98936111111;-38.2028333333;1989;7;0.0;0.0;0.0;0.0;999.0;999.0;999.0;999.0;999.0;999.0;999.0;999.0;999.0;999.0;999.0;999.0;999.0;999.0;999.0;999.0;999.0;999.0;999.0;999.0;999.0;0.0;999.0;999.0;999.0;999.0;999.0;999.0
Limoeiro do Norte;BIXOPA;-4.98936111111;-38.2028333333;1989;8;0.0;999.0;999.0;999.0;999.0;999.0;999.0;999.0;999.0;999.0;999.0;999.0;999.0;999.0;999.0;999.0;0.0;999.0;999.0;999.0;999.0;999.0;0.0;999.0;999.0;999.0;999.0;999.0;999.0;999.0;999.0;999.0
Limoeiro do Norte;BIXOPA;-4.98936111111;-38.2028333333;1990;3;0.0;0.0;999.0;999.0;999.0;999.0;999.0;999.0;999.0;999.0;999.0;999.0;999.0;999.0;999.0;999.0;999.0;999.0;999.0;999.0;999.0;999.0;999.0;999.0;999.0;999.0;999.0;999.0;999.0;999.0;999.0;999.0
Limoeiro do Norte;BIXOPA;-4.98936111111;-38.2028333333;1992;9;0.0;0.0;0.0;0.0;0.0;0.0;0.0;0.0;0.0;0.0;0.0;0.0;0.0;0.0;0.0;0.0;0.0;0.0;0.0;0.0;0.0;0.0;0.0;0.0;0.0;0.0;0.0;0.0;0.0;0.0;0.0;888.0
Limoeiro do Norte;BIXOPA;-4.98936111111;-38.2028333333;1997;10;0.0;0.0;0.0;0.0;0.0;0.0;0.0;0.0;0.0;0.0;0.0;0.0;0.0;0.0;0.0;0.0;0.0;0.0;0.0;0.0;0.0;0.0;0.0;0.0;0.0;0.0;0.0;0.0;0.0;0.0;0.0;0.0
Limoeiro do Norte;BIXOPA;-4.98936111111;-38.2028333333;1997;11;0.0;0.0;0.0;0.0;0.0;0.0;0.0;0.0;0.0;0.0;0.0;0.0;0.0;0.0;0.0;0.0;0.0;0.0;0.0;0.0;0.0;0.0;0.0;0.0;0.0;0.0;0.0;0.0;0.0;0.0;0.0;888.0
Limoeiro do Norte;BIXOPA;-4.98936111111;-38.2028333333;1998;5;0.0;0.0;999.0;999.0;999.0;999.0;999.0;999.0;999.0;999.0;999.0;999.0;999.0;999.0;999.0;999.0;999.0;999.0;999.0;999.0;999.0;999.0;999.0;999.0;999.0;999.0;999.0;999.0;999.0;999.0;999.0;999.0
Limoeiro do Norte;BIXOPA;-4.98936111111;-38.2028333333;1998;7;0.0;0.0;0.0;0.0;0.0;0.0;0.0;0.0;0.0;0.0;0.0;0.0;0.0;0.0;0.0;0.0;0.0;0.0;0.0;0.0;0.0;0.0;0.0;0.0;0.0;0.0;0.0;0.0;0.0;0.0;0.0;0.0
Limoeiro do Norte;BIXOPA;-4.98936111111;-38.2028333333;1998;8;0.0;0.0;0.0;0.0;0.0;0.0;0.0;0.0;0.0;0.0;0.0;0.0;0.0;0.0;0.0;0.0;0.0;0.0;0.0;0.0;0.0;0.0;0.0;0.0;0.0;0.0;0.0;0.0;0.0;0.0;0.0;0.0
Limoeiro do Norte;BIXOPA;-4.98936111111;-38.2028333333;1998;9;0.0;0.0;0.0;0.0;0.0;0.0;0.0;0.0;0.0;0.0;0.0;0.0;0.0;0.0;0.0;0.0;0.0;0.0;0.0;0.0;0.0;0.0;0.0;0.0;0.0;0.0;0.0;0.0;0.0;0.0;0.0;888.0
Limoeiro do Norte;BIXOPA;-4.98936111111;-38.2028333333;1998;12;0.0;0.0;0.0;0.0;0.0;0.0;0.0;0.0;0.0;0.0;0.0;0.0;0.0;0.0;0.0;0.0;0.0;0.0;0.0;0.0;0.0;0.0;0.0;0.0;0.0;0.0;0.0;0.0;0.0;0.0;0.0;0.0
Limoeiro do Norte;BIXOPA;-4.98936111111;-38.2028333333;1999;1;72.0;0.0;0.0;0.0;0.0;0.0;0.0;0.0;0.0;70.0;0.0;0.0;0.0;0.0;0.0;0.0;0.0;0.0;2.0;0.0;0.0;0.0;0.0;0.0;0.0;0.0;0.0;0.0;0.0;0.0;0.0;0.0
Limoeiro do Norte;BIXOPA;-4.98936111111;-38.2028333333;1999;2;9.0;0.0;0.0;0.0;0.0;0.0;0.0;0.0;0.0;0.0;0.0;0.0;0.0;0.0;0.0;0.0;0.0;0.0;0.0;0.0;0.0;0.0;1.0;4.0;2.0;0.0;0.0;0.0;2.0;888.0;888.0;888.0
Limoeiro do Norte;BIXOPA;-4.98936111111;-38.2028333333;1999;3;178.0;1.0;0.0;0.0;3.0;0.0;0.0;2.0;2.0;0.0;0.0;0.0;7.0;0.0;27.0;11.0;0.0;0.0;3.0;20.0;16.0;8.0;0.0;0.0;0.0;30.0;32.0;16.0;0.0;0.0;0.0;0.0
Limoeiro do Norte;BIXOPA;-4.98936111111;-38.2028333333;1999;4;120.0;0.0;0.0;0.0;0.0;29.0;0.0;9.0;0.0;0.0;0.0;0.0;22.0;19.0;0.0;18.0;0.0;0.0;0.0;3.0;0.0;0.0;5.0;0.0;0.0;0.0;0.0;0.0;8.0;0.0;7.0;888.0
Limoeiro do Norte;BIXOPA;-4.98936111111;-38.2028333333;1999;5;151.0;0.0;0.0;0.0;2.0;0.0;5.0;0.0;0.0;22.0;30.0;0.0;8.0;2.0;28.0;46.0;0.0;0.0;0.0;0.0;0.0;0.0;0.0;3.0;0.0;0.0;0.0;5.0;0.0;0.0;0.0;0.0
Limoeiro do Norte;BIXOPA;-4.98936111111;-38.2028333333;1999;6;19.0;0.0;0.0;0.0;0.0;0.0;0.0;0.0;0.0;0.0;11.0;8.0;0.0;0.0;0.0;0.0;0.0;0.0;0.0;0.0;0.0;0.0;0.0;0.0;0.0;0.0;0.0;0.0;0.0;0.0;0.0;888.0
Limoeiro do Norte;BIXOPA;-4.98936111111;-38.2028333333;1999;7;0.0;0.0;0.0;0.0;0.0;0.0;0.0;0.0;0.0;0.0;0.0;0.0;0.0;0.0;0.0;0.0;0.0;0.0;0.0;0.0;0.0;0.0;0.0;0.0;0.0;0.0;0.0;0.0;0.0;0.0;0.0;0.0
Limoeiro do Norte;BIXOPA;-4.98936111111;-38.2028333333;1999;8;0.0;0.0;0.0;0.0;0.0;0.0;0.0;0.0;0.0;0.0;0.0;0.0;0.0;0.0;0.0;0.0;0.0;0.0;0.0;0.0;0.0;0.0;0.0;0.0;0.0;0.0;0.0;0.0;0.0;0.0;0.0;0.0
Limoeiro do Norte;BIXOPA;-4.98936111111;-38.2028333333;1999;9;0.0;0.0;0.0;0.0;0.0;0.0;0.0;0.0;0.0;0.0;0.0;0.0;0.0;0.0;0.0;0.0;0.0;0.0;0.0;0.0;0.0;0.0;0.0;0.0;0.0;0.0;0.0;0.0;0.0;0.0;0.0;888.0
Limoeiro do Norte;BIXOPA;-4.98936111111;-38.2028333333;1999;10;0.0;0.0;0.0;0.0;0.0;0.0;0.0;0.0;0.0;0.0;0.0;0.0;0.0;0.0;0.0;0.0;0.0;0.0;0.0;0.0;0.0;0.0;0.0;0.0;0.0;0.0;0.0;0.0;0.0;0.0;0.0;0.0
Limoeiro do Norte;BIXOPA;-4.98936111111;-38.2028333333;1999;11;0.0;0.0;0.0;0.0;0.0;0.0;0.0;0.0;0.0;0.0;0.0;0.0;0.0;0.0;0.0;0.0;0.0;0.0;0.0;0.0;0.0;0.0;0.0;0.0;0.0;0.0;0.0;0.0;0.0;0.0;0.0;888.0
Limoeiro do Norte;BIXOPA;-4.98936111111;-38.2028333333;1999;12;92.0;0.0;0.0;0.0;0.0;0.0;0.0;0.0;0.0;0.0;0.0;0.0;0.0;0.0;0.0;0.0;0.0;0.0;0.0;0.0;0.0;0.0;2.0;13.0;0.0;0.0;5.0;0.0;72.0;0.0;0.0;0.0
Limoeiro do Norte;BIXOPA;-4.98936111111;-38.2028333333;2000;1;121.0;0.0;0.0;0.0;0.0;11.0;4.0;8.0;19.0;25.0;10.0;0.0;0.0;0.0;0.0;0.0;20.0;8.0;16.0;0.0;0.0;0.0;0.0;0.0;0.0;0.0;0.0;0.0;0.0;0.0;0.0;0.0
Limoeiro do Norte;BIXOPA;-4.98936111111;-38.2028333333;2000;2;146.0;0.0;0.0;0.0;0.0;0.0;0.0;0.0;0.0;6.0;0.0;0.0;0.0;0.0;0.0;4.0;15.0;0.0;22.0;0.0;0.0;19.0;17.0;31.0;0.0;7.0;25.0;0.0;0.0;0.0;888.0;888.0
Limoeiro do Norte;BIXOPA;-4.98936111111;-38.2028333333;2000;3;140.4;0.0;26.0;0.0;3.0;0.0;0.0;5.0;0.0;0.0;26.0;11.0;0.0;0.0;0.0;0.0;10.0;0.0;0.0;0.0;21.0;0.0;0.0;0.0;0.0;0.0;17.0;0.0;2.0;6.0;0.0;13.4
Limoeiro do Norte;BIXOPA;-4.98936111111;-38.2028333333;2000;4;238.8;3.0;9.6;0.0;0.0;0.0;0.0;0.0;0.0;5.2;0.0;0.0;0.0;11.4;36.2;4.0;6.0;35.2;18.0;7.4;12.2;5.6;5.4;0.0;5.0;16.4;7.0;19.0;0.0;7.2;25.0;888.0
Limoeiro do Norte;BIXOPA;-4.98936111111;-38.2028333333;2000;5;56.0;0.0;0.0;0.0;0.0;6.0;27.4;5.0;0.0;0.0;0.0;0.0;0.0;0.0;4.2;6.4;0.0;0.0;7.0;0.0;0.0;0.0;0.0;0.0;0.0;0.0;0.0;0.0;0.0;0.0;0.0;0.0
Limoeiro do Norte;BIXOPA;-4.98936111111;-38.2028333333;2000;6;58.6;0.0;0.0;0.0;0.0;0.0;0.0;19.4;21.2;5.0;0.0;0.0;0.0;0.0;0.0;0.0;0.0;0.0;0.0;0.0;0.0;0.0;0.0;0.0;0.0;0.0;0.0;11.0;2.0;0.0;0.0;888.0
Limoeiro do Norte;BIXOPA;-4.98936111111;-38.2028333333;2000;7;33.6;0.0;0.0;0.0;0.0;0.0;0.0;0.0;0.0;0.0;0.0;2.0;4.2;2.0;0.0;0.0;0.0;0.0;0.0;0.0;0.0;0.0;0.0;0.0;0.0;0.0;0.0;0.0;22.4;3.0;0.0;0.0
Limoeiro do Norte;BIXOPA;-4.98936111111;-38.2028333333;2000;8;132.6;0.0;93.0;0.0;0.0;0.0;11.0;19.0;3.2;6.4;0.0;0.0;0.0;0.0;0.0;0.0;0.0;0.0;0.0;0.0;0.0;0.0;0.0;0.0;0.0;0.0;0.0;0.0;0.0;0.0;0.0;0.0
Limoeiro do Norte;BIXOPA;-4.98936111111;-38.2028333333;2000;9;25.0;0.0;0.0;0.0;0.0;0.0;0.0;0.0;0.0;0.0;0.0;0.0;12.0;8.0;5.0;0.0;0.0;0.0;0.0;0.0;0.0;0.0;0.0;0.0;0.0;0.0;0.0;0.0;0.0;0.0;0.0;888.0
Limoeiro do Norte;BIXOPA;-4.98936111111;-38.2028333333;2000;10;0.0;0.0;0.0;0.0;0.0;0.0;0.0;0.0;0.0;0.0;0.0;0.0;0.0;0.0;0.0;0.0;0.0;0.0;0.0;0.0;0.0;0.0;0.0;0.0;0.0;0.0;0.0;0.0;0.0;0.0;0.0;0.0
Limoeiro do Norte;BIXOPA;-4.98936111111;-38.2028333333;2000;11;0.0;0.0;0.0;0.0;0.0;0.0;0.0;0.0;0.0;0.0;0.0;0.0;0.0;0.0;0.0;0.0;0.0;0.0;0.0;0.0;0.0;0.0;0.0;0.0;0.0;0.0;0.0;0.0;0.0;0.0;0.0;888.0
Limoeiro do Norte;BIXOPA;-4.98936111111;-38.2028333333;2000;12;16.0;0.0;0.0;0.0;0.0;0.0;0.0;0.0;0.0;0.0;0.0;0.0;0.0;0.0;0.0;8.0;5.0;3.0;0.0;0.0;0.0;0.0;0.0;0.0;0.0;0.0;0.0;0.0;0.0;0.0;0.0;0.0
Limoeiro do Norte;BIXOPA;-4.98936111111;-38.2028333333;2001;1;198.2;0.0;0.0;0.0;0.0;0.0;0.0;0.0;0.0;0.0;0.0;0.0;33.0;31.0;0.0;0.0;0.0;0.0;11.4;0.0;0.0;0.0;0.0;0.0;20.2;5.0;32.4;0.0;4.2;3.0;22.0;36.0
Limoeiro do Norte;BIXOPA;-4.98936111111;-38.2028333333;2001;2;28.2;0.0;0.0;0.0;0.0;0.0;0.0;2.0;0.0;5.2;0.0;0.0;0.0;21.0;0.0;0.0;0.0;0.0;0.0;0.0;0.0;0.0;0.0;0.0;0.0;0.0;0.0;0.0;0.0;888.0;888.0;888.0
Limoeiro do Norte;BIXOPA;-4.98936111111;-38.2028333333;2001;3;138.8;6.0;5.2;0.0;0.0;0.0;0.0;0.0;0.0;9.0;3.0;4.0;8.2;5.0;0.0;10.0;0.0;0.0;0.0;14.0;12.2;15.0;9.0;0.0;0.0;0.0;0.0;0.0;0.0;38.2;0.0;0.0
Limoeiro do Norte;BIXOPA;-4.98936111111;-38.2028333333;2001;4;176.8;0.0;48.6;0.0;53.0;0.0;0.0;0.0;0.0;0.0;0.0;6.0;0.0;11.0;0.0;34.0;6.0;3.2;0.0;0.0;0.0;7.0;0.0;0.0;0.0;0.0;0.0;0.0;0.0;0.0;8.0;888.0
Limoeiro do Norte;BIXOPA;-4.98936111111;-38.2028333333;2001;5;10.0;0.0;0.0;0.0;0.0;0.0;0.0;0.0;0.0;0.0;0.0;0.0;0.0;0.0;0.0;0.0;0.0;0.0;0.0;0.0;0.0;5.0;0.0;0.0;0.0;3.0;2.0;0.0;0.0;0.0;0.0;0.0
Limoeiro do Norte;BIXOPA;-4.98936111111;-38.2028333333;2001;6;69.0;0.0;40.0;0.0;0.0;6.0;0.0;0.0;0.0;0.0;0.0;23.0;0.0;0.0;0.0;0.0;0.0;0.0;0.0;0.0;0.0;0.0;0.0;0.0;0.0;0.0;0.0;0.0;0.0;0.0;0.0;888.0
Limoeiro do Norte;BIXOPA;-4.98936111111;-38.2028333333;2001;7;0.0;0.0;0.0;0.0;0.0;0.0;0.0;0.0;0.0;0.0;0.0;0.0;0.0;0.0;0.0;0.0;0.0;0.0;0.0;0.0;0.0;0.0;0.0;0.0;0.0;0.0;0.0;0.0;0.0;0.0;0.0;0.0
Limoeiro do Norte;BIXOPA;-4.98936111111;-38.2028333333;2001;8;0.0;0.0;0.0;0.0;0.0;0.0;0.0;0.0;0.0;0.0;0.0;0.0;0.0;0.0;0.0;0.0;0.0;0.0;0.0;0.0;0.0;0.0;0.0;0.0;0.0;0.0;0.0;0.0;0.0;0.0;0.0;0.0
Limoeiro do Norte;BIXOPA;-4.98936111111;-38.2028333333;2001;9;0.0;0.0;0.0;0.0;0.0;0.0;0.0;0.0;0.0;0.0;0.0;0.0;0.0;0.0;0.0;0.0;0.0;0.0;0.0;0.0;0.0;0.0;0.0;0.0;0.0;0.0;0.0;0.0;0.0;0.0;0.0;888.0
Limoeiro do Norte;BIXOPA;-4.98936111111;-38.2028333333;2001;10;0.0;0.0;0.0;0.0;0.0;0.0;0.0;0.0;0.0;0.0;0.0;0.0;0.0;0.0;0.0;0.0;0.0;0.0;0.0;0.0;0.0;0.0;0.0;0.0;0.0;0.0;0.0;0.0;0.0;0.0;0.0;0.0
Limoeiro do Norte;BIXOPA;-4.98936111111;-38.2028333333;2001;11;0.0;0.0;0.0;0.0;0.0;0.0;0.0;0.0;0.0;0.0;0.0;0.0;0.0;0.0;0.0;0.0;0.0;0.0;0.0;0.0;0.0;0.0;0.0;0.0;0.0;0.0;0.0;0.0;0.0;0.0;0.0;888.0
Limoeiro do Norte;BIXOPA;-4.98936111111;-38.2028333333;2001;12;0.0;0.0;0.0;0.0;0.0;0.0;0.0;0.0;0.0;0.0;0.0;0.0;0.0;0.0;0.0;0.0;0.0;0.0;0.0;0.0;0.0;0.0;0.0;0.0;0.0;0.0;0.0;0.0;0.0;0.0;0.0;0.0
Limoeiro do Norte;BIXOPA;-4.98936111111;-38.2028333333;2002;1;214.2;0.0;0.0;0.0;0.0;0.0;23.0;15.0;10.0;0.0;13.0;0.0;0.0;47.0;8.0;0.0;0.0;11.4;0.0;0.0;0.0;0.0;0.0;0.0;20.2;5.0;32.4;0.0;4.2;3.0;22.0;0.0
Limoeiro do Norte;BIXOPA;-4.98936111111;-38.2028333333;2002;2;161.8;0.0;0.0;0.0;6.0;0.0;0.0;0.0;0.0;0.0;0.0;0.0;94.0;44.6;5.0;3.0;0.0;0.0;0.0;9.2;0.0;0.0;0.0;0.0;0.0;0.0;0.0;0.0;0.0;888.0;888.0;888.0
Limoeiro do Norte;BIXOPA;-4.98936111111;-38.2028333333;2002;3;220.2;0.0;0.0;0.0;0.0;64.0;25.0;0.0;3.2;0.0;0.0;0.0;0.0;0.0;0.0;0.0;0.0;34.0;0.0;0.0;0.0;0.0;0.0;31.0;0.0;10.0;12.0;0.0;24.0;9.0;8.0;0.0
Limoeiro do Norte;BIXOPA;-4.98936111111;-38.2028333333;2002;4;196.6;0.0;7.0;10.0;0.0;0.0;4.0;42.4;7.0;0.0;0.0;3.0;5.0;33.0;0.0;0.0;0.0;0.0;0.0;7.0;0.0;0.0;0.0;0.0;0.0;0.0;24.2;0.0;0.0;54.0;0.0;888.0
Limoeiro do Norte;BIXOPA;-4.98936111111;-38.2028333333;2002;5;159.4;0.0;0.0;16.0;0.0;0.0;9.0;26.0;0.0;0.0;0.0;10.4;0.0;0.0;0.0;16.4;48.0;0.0;0.0;0.0;0.0;10.4;0.0;11.2;0.0;0.0;0.0;12.0;0.0;0.0;0.0;0.0
Limoeiro do Norte;BIXOPA;-4.98936111111;-38.2028333333;2002;6;71.8;40.2;0.0;0.0;0.0;0.0;0.0;3.4;2.0;0.0;0.0;0.0;0.0;0.0;0.0;0.0;15.2;0.0;0.0;11.0;0.0;0.0;0.0;0.0;0.0;0.0;0.0;0.0;0.0;0.0;0.0;888.0
Limoeiro do Norte;BIXOPA;-4.98936111111;-38.2028333333;2002;7;0.0;0.0;0.0;0.0;0.0;0.0;0.0;0.0;0.0;0.0;0.0;0.0;0.0;0.0;0.0;0.0;0.0;0.0;0.0;0.0;0.0;0.0;0.0;0.0;0.0;0.0;0.0;0.0;0.0;0.0;0.0;0.0
Limoeiro do Norte;BIXOPA;-4.98936111111;-38.2028333333;2002;8;0.0;0.0;0.0;0.0;0.0;0.0;0.0;0.0;0.0;0.0;0.0;0.0;0.0;0.0;0.0;0.0;0.0;0.0;0.0;0.0;0.0;0.0;0.0;0.0;0.0;0.0;0.0;0.0;0.0;0.0;0.0;0.0
Limoeiro do Norte;BIXOPA;-4.98936111111;-38.2028333333;2002;9;0.0;0.0;0.0;0.0;0.0;0.0;0.0;0.0;0.0;0.0;0.0;0.0;0.0;0.0;0.0;0.0;0.0;0.0;0.0;0.0;0.0;0.0;0.0;0.0;0.0;0.0;0.0;0.0;0.0;0.0;0.0;888.0
Limoeiro do Norte;BIXOPA;-4.98936111111;-38.2028333333;2002;10;0.0;0.0;0.0;0.0;0.0;0.0;0.0;0.0;0.0;0.0;0.0;0.0;0.0;0.0;0.0;0.0;0.0;0.0;0.0;0.0;0.0;0.0;0.0;0.0;0.0;0.0;0.0;0.0;0.0;0.0;0.0;0.0
Limoeiro do Norte;BIXOPA;-4.98936111111;-38.2028333333;2002;11;0.0;0.0;0.0;0.0;0.0;0.0;0.0;0.0;0.0;0.0;0.0;0.0;0.0;0.0;0.0;0.0;0.0;0.0;0.0;0.0;0.0;0.0;0.0;0.0;0.0;0.0;0.0;0.0;0.0;0.0;0.0;888.0
Limoeiro do Norte;BIXOPA;-4.98936111111;-38.2028333333;2002;12;0.0;0.0;0.0;0.0;0.0;0.0;0.0;0.0;0.0;0.0;0.0;0.0;0.0;0.0;0.0;0.0;0.0;0.0;0.0;0.0;0.0;0.0;0.0;0.0;0.0;0.0;0.0;0.0;0.0;0.0;0.0;0.0
Limoeiro do Norte;BIXOPA;-4.98936111111;-38.2028333333;2003;1;136.8;0.0;0.0;0.0;0.0;0.0;0.0;0.0;0.0;0.0;0.0;0.0;0.0;0.0;0.0;0.0;0.0;0.0;0.0;12.0;10.4;0.0;3.0;0.0;0.0;13.4;0.0;0.0;86.4;6.0;2.6;3.0
Limoeiro do Norte;BIXOPA;-4.98936111111;-38.2028333333;2003;2;170.0;3.0;0.0;0.0;0.0;0.0;7.0;0.0;0.0;0.0;0.0;0.0;5.0;0.0;0.0;0.0;0.0;0.0;29.0;0.0;0.0;40.0;0.0;0.0;33.6;6.4;46.0;0.0;0.0;888.0;888.0;888.0
Limoeiro do Norte;BIXOPA;-4.98936111111;-38.2028333333;2003;3;189.9;0.0;20.3;0.0;31.0;11.0;0.0;58.0;0.0;0.0;3.0;0.0;4.0;8.4;2.0;0.0;0.0;4.0;6.0;5.2;3.0;5.0;0.0;7.0;8.4;0.0;0.0;0.0;0.0;0.0;0.0;13.6
Limoeiro do Norte;BIXOPA;-4.98936111111;-38.2028333333;2003;4;132.2;2.0;26.2;15.4;0.0;0.0;0.0;11.6;0.0;0.0;2.0;24.4;0.0;0.0;0.0;0.0;0.0;0.0;0.0;0.0;0.0;0.0;13.0;12.2;0.0;12.0;0.0;0.0;8.0;5.4;0.0;888.0
Limoeiro do Norte;BIXOPA;-4.98936111111;-38.2028333333;2003;5;0.0;0.0;0.0;0.0;0.0;0.0;0.0;0.0;0.0;0.0;0.0;0.0;0.0;0.0;0.0;0.0;0.0;0.0;0.0;0.0;0.0;0.0;0.0;0.0;0.0;0.0;0.0;0.0;0.0;0.0;0.0;0.0
Limoeiro do Norte;BIXOPA;-4.98936111111;-38.2028333333;2003;6;34.0;0.0;0.0;0.0;0.0;34.0;0.0;0.0;0.0;0.0;0.0;0.0;0.0;0.0;0.0;0.0;0.0;0.0;0.0;0.0;0.0;0.0;0.0;0.0;0.0;0.0;0.0;0.0;0.0;0.0;0.0;888.0
Limoeiro do Norte;BIXOPA;-4.98936111111;-38.2028333333;2003;7;0.0;0.0;0.0;0.0;0.0;0.0;0.0;0.0;0.0;0.0;0.0;0.0;0.0;0.0;0.0;0.0;0.0;0.0;0.0;0.0;0.0;0.0;0.0;0.0;0.0;0.0;0.0;0.0;0.0;0.0;0.0;0.0
Limoeiro do Norte;BIXOPA;-4.98936111111;-38.2028333333;2003;8;0.0;0.0;0.0;0.0;0.0;0.0;0.0;0.0;0.0;0.0;0.0;0.0;0.0;0.0;0.0;0.0;0.0;0.0;0.0;0.0;0.0;0.0;0.0;0.0;0.0;0.0;0.0;0.0;0.0;0.0;0.0;0.0
Limoeiro do Norte;BIXOPA;-4.98936111111;-38.2028333333;2003;9;0.0;0.0;0.0;0.0;0.0;0.0;0.0;0.0;0.0;0.0;0.0;0.0;0.0;0.0;0.0;0.0;0.0;0.0;0.0;0.0;0.0;0.0;0.0;0.0;0.0;0.0;0.0;0.0;0.0;0.0;0.0;888.0
Limoeiro do Norte;BIXOPA;-4.98936111111;-38.2028333333;2003;10;0.0;0.0;0.0;0.0;0.0;0.0;0.0;0.0;0.0;0.0;0.0;0.0;0.0;0.0;0.0;0.0;0.0;0.0;0.0;0.0;0.0;0.0;0.0;0.0;0.0;0.0;0.0;0.0;0.0;0.0;0.0;0.0
Limoeiro do Norte;BIXOPA;-4.98936111111;-38.2028333333;2003;11;0.0;0.0;0.0;0.0;0.0;0.0;0.0;0.0;0.0;0.0;0.0;0.0;0.0;0.0;0.0;0.0;0.0;0.0;0.0;0.0;0.0;0.0;0.0;0.0;0.0;0.0;0.0;0.0;0.0;0.0;0.0;888.0
Limoeiro do Norte;BIXOPA;-4.98936111111;-38.2028333333;2003;12;12.0;0.0;0.0;0.0;0.0;0.0;0.0;0.0;0.0;0.0;0.0;0.0;0.0;0.0;0.0;0.0;0.0;0.0;12.0;0.0;0.0;0.0;0.0;0.0;0.0;0.0;0.0;0.0;0.0;0.0;0.0;0.0
Limoeiro do Norte;BIXOPA;-4.98936111111;-38.2028333333;2004;1;355.4;0.0;0.0;0.0;0.0;0.0;0.0;0.0;0.0;0.0;0.0;0.0;0.0;0.0;14.0;24.2;0.0;0.0;92.0;0.0;2.0;4.2;7.4;32.0;21.0;7.2;22.0;16.0;38.0;43.0;20.4;12.0
Limoeiro do Norte;BIXOPA;-4.98936111111;-38.2028333333;2004;2;274.6;0.0;14.0;14.0;16.4;9.0;60.0;8.0;4.0;0.0;0.0;0.0;0.0;0.0;0.0;48.0;38.4;0.0;0.0;0.0;0.0;0.0;0.0;0.0;0.0;39.4;0.0;13.0;7.4;3.0;888.0;888.0
Limoeiro do Norte;BIXOPA;-4.98936111111;-38.2028333333;2004;3;152.7;2.0;0.0;0.0;0.0;0.0;19.0;13.2;24.0;0.0;3.0;4.3;12.4;19.0;4.0;9.8;0.0;0.0;0.0;0.0;0.0;0.0;0.0;0.0;42.0;0.0;0.0;0.0;0.0;0.0;0.0;0.0
Limoeiro do Norte;BIXOPA;-4.98936111111;-38.2028333333;2004;4;77.0;0.0;0.0;0.0;0.0;0.0;0.0;0.0;0.0;0.0;0.0;0.0;0.0;0.0;0.0;0.0;0.0;0.0;0.0;28.0;9.8;5.0;11.0;7.2;6.0;0.0;0.0;10.0;0.0;0.0;0.0;888.0
Limoeiro do Norte;BIXOPA;-4.98936111111;-38.2028333333;2004;5;27.0;0.0;0.0;0.0;0.0;15.0;3.0;4.0;2.0;3.0;0.0;0.0;0.0;0.0;0.0;0.0;0.0;0.0;0.0;0.0;0.0;0.0;0.0;0.0;0.0;0.0;0.0;0.0;0.0;0.0;0.0;0.0
Limoeiro do Norte;BIXOPA;-4.98936111111;-38.2028333333;2004;6;98.0;0.0;0.0;0.0;0.0;0.0;0.0;0.0;0.0;0.0;0.0;0.0;0.0;0.0;0.0;0.0;0.0;0.0;40.0;0.0;0.0;32.0;26.0;0.0;0.0;0.0;0.0;0.0;0.0;0.0;0.0;888.0
Limoeiro do Norte;BIXOPA;-4.98936111111;-38.2028333333;2004;7;0.0;0.0;0.0;0.0;0.0;0.0;0.0;0.0;0.0;0.0;0.0;0.0;0.0;0.0;0.0;0.0;0.0;0.0;0.0;0.0;0.0;0.0;0.0;0.0;0.0;0.0;0.0;0.0;0.0;0.0;0.0;0.0
Limoeiro do Norte;BIXOPA;-4.98936111111;-38.2028333333;2004;8;0.0;0.0;0.0;0.0;0.0;0.0;0.0;0.0;0.0;0.0;0.0;0.0;0.0;0.0;0.0;0.0;0.0;0.0;0.0;0.0;0.0;0.0;0.0;0.0;0.0;0.0;0.0;0.0;0.0;0.0;0.0;0.0
Limoeiro do Norte;BIXOPA;-4.98936111111;-38.2028333333;2004;9;0.0;0.0;0.0;0.0;0.0;0.0;0.0;0.0;0.0;0.0;0.0;0.0;0.0;0.0;0.0;0.0;0.0;0.0;0.0;0.0;0.0;0.0;0.0;0.0;0.0;0.0;0.0;0.0;0.0;0.0;0.0;888.0
Limoeiro do Norte;BIXOPA;-4.98936111111;-38.2028333333;2004;10;0.0;0.0;0.0;0.0;0.0;0.0;0.0;0.0;0.0;0.0;0.0;0.0;0.0;0.0;0.0;0.0;0.0;0.0;0.0;0.0;0.0;0.0;0.0;0.0;0.0;0.0;0.0;0.0;0.0;0.0;0.0;0.0
Limoeiro do Norte;BIXOPA;-4.98936111111;-38.2028333333;2004;11;0.0;0.0;0.0;0.0;0.0;0.0;0.0;0.0;0.0;0.0;0.0;0.0;0.0;0.0;0.0;0.0;0.0;0.0;0.0;0.0;0.0;0.0;0.0;0.0;0.0;0.0;0.0;0.0;0.0;0.0;0.0;888.0
Limoeiro do Norte;BIXOPA;-4.98936111111;-38.2028333333;2004;12;0.0;0.0;0.0;0.0;0.0;0.0;0.0;0.0;0.0;0.0;0.0;0.0;0.0;0.0;0.0;0.0;0.0;0.0;0.0;0.0;0.0;0.0;0.0;0.0;0.0;0.0;0.0;0.0;0.0;0.0;0.0;0.0
Limoeiro do Norte;BIXOPA;-4.98936111111;-38.2028333333;2005;1;60.6;0.0;0.0;0.0;0.0;0.0;0.0;0.0;0.0;0.0;0.0;0.0;0.0;0.0;0.0;0.0;0.0;0.0;0.0;0.0;19.0;0.0;0.0;0.0;3.0;38.6;0.0;0.0;0.0;0.0;0.0;0.0
Limoeiro do Norte;BIXOPA;-4.98936111111;-38.2028333333;2005;2;84.0;0.0;42.0;0.0;3.0;0.0;0.0;0.0;0.0;0.0;0.0;0.0;0.0;0.0;0.0;0.0;30.0;3.0;0.0;0.0;0.0;0.0;0.0;0.0;0.0;0.0;6.0;0.0;0.0;888.0;888.0;888.0
Limoeiro do Norte;BIXOPA;-4.98936111111;-38.2028333333;2005;3;328.0;0.0;0.0;0.0;0.0;0.0;0.0;0.0;0.0;0.0;0.0;0.0;0.0;0.0;0.0;0.0;0.0;0.0;0.0;4.0;12.6;7.2;23.0;41.0;52.0;42.0;52.0;42.0;15.0;0.0;0.0;37.2
Limoeiro do Norte;BIXOPA;-4.98936111111;-38.2028333333;2005;4;132.6;0.0;0.0;0.0;0.0;7.0;5.0;11.4;9.6;5.0;4.2;38.0;5.0;0.0;0.0;5.0;4.0;8.4;14.0;5.0;11.0;0.0;0.0;0.0;0.0;0.0;0.0;0.0;0.0;0.0;0.0;888.0
Limoeiro do Norte;BIXOPA;-4.98936111111;-38.2028333333;2005;5;162.8;0.0;0.0;0.0;0.0;0.0;0.0;0.0;0.0;0.0;0.0;0.0;35.0;12.0;0.0;0.0;0.0;31.0;24.2;11.2;10.0;8.4;0.0;0.0;7.6;13.2;0.0;4.0;6.2;0.0;0.0;0.0
Limoeiro do Norte;BIXOPA;-4.98936111111;-38.2028333333;2005;6;100.8;0.0;0.0;63.2;0.0;0.0;0.0;0.0;0.0;8.0;0.0;0.0;0.0;0.0;6.2;0.0;0.0;0.0;11.4;12.0;0.0;0.0;0.0;0.0;0.0;0.0;0.0;0.0;0.0;0.0;0.0;888.0
Limoeiro do Norte;BIXOPA;-4.98936111111;-38.2028333333;2005;7;11.0;0.0;0.0;0.0;0.0;0.0;0.0;0.0;6.0;0.0;0.0;0.0;0.0;0.0;0.0;0.0;0.0;0.0;0.0;0.0;0.0;5.0;0.0;0.0;0.0;0.0;0.0;0.0;0.0;0.0;0.0;0.0
Limoeiro do Norte;BIXOPA;-4.98936111111;-38.2028333333;2005;8;0.0;0.0;0.0;0.0;0.0;0.0;0.0;0.0;0.0;0.0;0.0;0.0;0.0;0.0;0.0;0.0;0.0;0.0;0.0;0.0;0.0;0.0;0.0;0.0;0.0;0.0;0.0;0.0;0.0;0.0;0.0;0.0
Limoeiro do Norte;BIXOPA;-4.98936111111;-38.2028333333;2005;9;0.0;0.0;0.0;0.0;0.0;0.0;0.0;0.0;0.0;0.0;0.0;0.0;0.0;0.0;0.0;0.0;0.0;0.0;0.0;0.0;0.0;0.0;0.0;0.0;0.0;0.0;0.0;0.0;0.0;0.0;0.0;888.0
Limoeiro do Norte;BIXOPA;-4.98936111111;-38.2028333333;2005;10;0.0;0.0;0.0;0.0;0.0;0.0;0.0;0.0;0.0;0.0;0.0;0.0;0.0;0.0;0.0;0.0;0.0;0.0;0.0;0.0;0.0;0.0;0.0;0.0;0.0;0.0;0.0;0.0;0.0;0.0;0.0;0.0
Limoeiro do Norte;BIXOPA;-4.98936111111;-38.2028333333;2005;11;0.0;0.0;0.0;0.0;0.0;0.0;0.0;0.0;0.0;0.0;0.0;0.0;0.0;0.0;0.0;0.0;0.0;0.0;0.0;0.0;0.0;0.0;0.0;0.0;0.0;0.0;0.0;0.0;0.0;0.0;0.0;888.0
Limoeiro do Norte;BIXOPA;-4.98936111111;-38.2028333333;2005;12;0.0;0.0;0.0;0.0;0.0;0.0;0.0;0.0;0.0;0.0;0.0;0.0;0.0;0.0;0.0;0.0;0.0;0.0;0.0;0.0;0.0;0.0;0.0;0.0;0.0;0.0;0.0;0.0;0.0;0.0;0.0;0.0
Limoeiro do Norte;BIXOPA;-4.98936111111;-38.2028333333;2006;1;6.0;4.0;0.0;0.0;0.0;0.0;0.0;0.0;0.0;0.0;0.0;0.0;0.0;0.0;0.0;0.0;0.0;0.0;0.0;0.0;2.0;0.0;0.0;0.0;0.0;0.0;0.0;0.0;0.0;0.0;0.0;0.0
Limoeiro do Norte;BIXOPA;-4.98936111111;-38.2028333333;2006;2;53.6;0.0;0.0;0.0;0.0;0.0;0.0;0.0;0.0;0.0;0.0;0.0;0.0;0.0;0.0;0.0;4.0;6.2;0.0;3.2;5.0;0.0;0.0;15.0;5.0;8.6;0.0;0.0;6.6;888.0;888.0;888.0
Limoeiro do Norte;BIXOPA;-4.98936111111;-38.2028333333;2006;3;107.8;17.0;3.0;0.0;0.0;0.0;0.0;0.0;0.0;0.0;0.0;0.0;0.0;0.0;0.0;18.0;0.0;0.0;0.0;0.0;26.0;19.4;0.0;4.0;5.0;3.2;0.0;5.2;0.0;7.0;0.0;0.0
Limoeiro do Norte;BIXOPA;-4.98936111111;-38.2028333333;2006;4;297.8;7.0;0.0;0.0;0.0;35.4;0.0;0.0;0.0;0.0;44.0;4.6;48.4;0.0;0.0;2.0;10.0;0.0;9.0;0.0;0.0;7.0;53.0;6.0;11.0;11.0;0.0;4.0;5.0;35.4;5.0;888.0
Limoeiro do Norte;BIXOPA;-4.98936111111;-38.2028333333;2006;5;197.3;18.0;0.0;0.0;0.0;4.0;27.2;7.0;35.3;4.0;13.6;15.2;0.0;0.0;56.0;0.0;0.0;0.0;0.0;0.0;0.0;0.0;0.0;0.0;8.0;0.0;0.0;5.0;0.0;4.0;0.0;0.0
Limoeiro do Norte;BIXOPA;-4.98936111111;-38.2028333333;2006;6;70.6;0.0;0.0;0.0;0.0;0.0;0.0;0.0;0.0;0.0;0.0;0.0;3.0;8.2;0.0;0.0;0.0;0.0;0.0;0.0;0.0;0.0;33.4;0.0;0.0;0.0;0.0;0.0;0.0;26.0;0.0;888.0
Limoeiro do Norte;BIXOPA;-4.98936111111;-38.2028333333;2006;7;0.0;0.0;0.0;0.0;0.0;0.0;0.0;0.0;0.0;0.0;0.0;0.0;0.0;0.0;0.0;0.0;0.0;0.0;0.0;0.0;0.0;0.0;0.0;0.0;0.0;0.0;0.0;0.0;0.0;0.0;0.0;0.0
Limoeiro do Norte;BIXOPA;-4.98936111111;-38.2028333333;2006;8;0.0;0.0;0.0;0.0;0.0;0.0;0.0;0.0;0.0;0.0;0.0;0.0;0.0;0.0;0.0;0.0;0.0;0.0;0.0;0.0;0.0;0.0;0.0;0.0;0.0;0.0;0.0;0.0;0.0;0.0;0.0;0.0
Limoeiro do Norte;BIXOPA;-4.98936111111;-38.2028333333;2006;9;0.0;0.0;0.0;0.0;0.0;0.0;0.0;0.0;0.0;0.0;0.0;0.0;0.0;0.0;0.0;0.0;0.0;0.0;0.0;0.0;0.0;0.0;0.0;0.0;0.0;0.0;0.0;0.0;0.0;0.0;0.0;888.0
Limoeiro do Norte;BIXOPA;-4.98936111111;-38.2028333333;2006;10;0.0;0.0;0.0;0.0;0.0;0.0;0.0;0.0;0.0;0.0;0.0;0.0;0.0;0.0;0.0;0.0;0.0;0.0;0.0;0.0;0.0;0.0;0.0;0.0;0.0;0.0;0.0;0.0;0.0;0.0;0.0;0.0
Limoeiro do Norte;BIXOPA;-4.98936111111;-38.2028333333;2006;11;0.0;0.0;0.0;0.0;0.0;0.0;0.0;0.0;0.0;0.0;0.0;0.0;0.0;0.0;0.0;0.0;0.0;0.0;0.0;0.0;0.0;0.0;0.0;0.0;0.0;0.0;0.0;0.0;0.0;0.0;0.0;888.0
Limoeiro do Norte;BIXOPA;-4.98936111111;-38.2028333333;2006;12;0.0;0.0;0.0;0.0;0.0;0.0;0.0;0.0;0.0;0.0;0.0;0.0;0.0;0.0;0.0;0.0;0.0;0.0;0.0;0.0;0.0;0.0;0.0;0.0;0.0;0.0;0.0;0.0;0.0;0.0;0.0;0.0
Limoeiro do Norte;BIXOPA;-4.98936111111;-38.2028333333;2007;1;64.6;0.0;5.0;0.0;40.0;4.2;0.0;0.0;0.0;0.0;15.4;0.0;0.0;0.0;0.0;0.0;0.0;0.0;0.0;0.0;0.0;0.0;0.0;0.0;0.0;0.0;0.0;0.0;0.0;0.0;0.0;0.0
Limoeiro do Norte;BIXOPA;-4.98936111111;-38.2028333333;2007;2;114.8;0.0;0.0;0.0;0.0;0.0;13.0;0.0;0.0;0.0;0.0;0.0;0.0;6.4;0.0;21.2;4.0;3.0;22.6;0.0;3.4;2.0;6.0;26.2;7.0;0.0;0.0;0.0;0.0;888.0;888.0;888.0
Limoeiro do Norte;BIXOPA;-4.98936111111;-38.2028333333;2007;3;182.7;46.0;0.0;0.0;0.0;11.2;15.0;0.0;5.4;0.0;0.0;0.0;64.2;7.0;0.0;0.0;0.0;5.0;10.5;6.4;0.0;0.0;0.0;0.0;0.0;5.0;0.0;0.0;2.0;0.0;0.0;5.0
Limoeiro do Norte;BIXOPA;-4.98936111111;-38.2028333333;2007;4;174.2;0.0;0.0;0.0;0.0;0.0;0.0;0.0;0.0;0.0;0.0;0.0;0.0;0.0;0.0;0.0;0.0;0.0;10.2;5.0;11.0;31.0;7.0;0.0;0.0;34.4;7.0;18.0;28.3;0.0;22.3;888.0
Limoeiro do Norte;BIXOPA;-4.98936111111;-38.2028333333;2007;5;67.0;7.0;5.2;0.0;3.4;0.0;0.0;0.0;0.0;0.0;0.0;0.0;0.0;0.0;0.0;0.0;0.0;0.0;0.0;0.0;0.0;0.0;0.0;0.0;0.0;51.4;0.0;0.0;0.0;0.0;0.0;0.0
Limoeiro do Norte;BIXOPA;-4.98936111111;-38.2028333333;2007;6;85.2;32.2;0.0;18.4;0.0;8.0;0.0;0.0;0.0;0.0;0.0;0.0;0.0;6.4;20.2;0.0;0.0;0.0;0.0;0.0;0.0;0.0;0.0;0.0;0.0;0.0;0.0;0.0;0.0;0.0;0.0;888.0
Limoeiro do Norte;BIXOPA;-4.98936111111;-38.2028333333;2007;7;0.0;0.0;0.0;0.0;0.0;0.0;0.0;0.0;0.0;0.0;0.0;0.0;0.0;0.0;0.0;0.0;0.0;0.0;0.0;0.0;0.0;0.0;0.0;0.0;0.0;0.0;0.0;0.0;0.0;0.0;0.0;0.0
Limoeiro do Norte;BIXOPA;-4.98936111111;-38.2028333333;2007;8;0.0;0.0;0.0;0.0;0.0;0.0;0.0;0.0;0.0;0.0;0.0;0.0;0.0;0.0;0.0;0.0;0.0;0.0;0.0;0.0;0.0;0.0;0.0;0.0;0.0;0.0;0.0;0.0;0.0;0.0;0.0;0.0
Limoeiro do Norte;BIXOPA;-4.98936111111;-38.2028333333;2007;9;0.0;0.0;0.0;0.0;0.0;0.0;0.0;0.0;0.0;0.0;0.0;0.0;0.0;0.0;0.0;0.0;0.0;0.0;0.0;0.0;0.0;0.0;0.0;0.0;0.0;0.0;0.0;0.0;0.0;0.0;0.0;888.0
Limoeiro do Norte;BIXOPA;-4.98936111111;-38.2028333333;2007;10;0.0;0.0;0.0;0.0;0.0;0.0;0.0;0.0;0.0;0.0;0.0;0.0;0.0;0.0;0.0;0.0;0.0;0.0;0.0;0.0;0.0;0.0;0.0;0.0;0.0;0.0;0.0;0.0;0.0;0.0;0.0;0.0
Limoeiro do Norte;BIXOPA;-4.98936111111;-38.2028333333;2007;11;0.0;0.0;0.0;0.0;0.0;0.0;0.0;0.0;0.0;0.0;0.0;0.0;0.0;0.0;0.0;0.0;0.0;0.0;0.0;0.0;0.0;0.0;0.0;0.0;0.0;0.0;0.0;0.0;0.0;0.0;0.0;888.0
Limoeiro do Norte;BIXOPA;-4.98936111111;-38.2028333333;2007;12;0.0;0.0;0.0;0.0;0.0;0.0;0.0;0.0;0.0;0.0;0.0;0.0;0.0;0.0;0.0;0.0;0.0;0.0;0.0;0.0;0.0;0.0;0.0;0.0;0.0;0.0;0.0;0.0;0.0;0.0;0.0;0.0
Limoeiro do Norte;BIXOPA;-4.98936111111;-38.2028333333;2008;1;45.6;0.0;0.0;0.0;0.0;0.0;0.0;0.0;0.0;0.0;0.0;0.0;0.0;0.0;0.0;5.0;0.0;6.4;12.4;0.0;0.0;0.0;0.0;7.4;3.0;9.4;0.0;0.0;0.0;2.0;0.0;0.0
Limoeiro do Norte;BIXOPA;-4.98936111111;-38.2028333333;2008;2;0.0;0.0;0.0;0.0;0.0;0.0;0.0;0.0;0.0;0.0;0.0;0.0;0.0;0.0;0.0;0.0;0.0;0.0;0.0;0.0;0.0;0.0;0.0;0.0;0.0;0.0;0.0;0.0;0.0;0.0;888.0;888.0
Limoeiro do Norte;BIXOPA;-4.98936111111;-38.2028333333;2008;3;480.6;0.0;0.0;0.0;10.2;58.0;0.0;6.0;18.2;28.0;19.2;0.0;0.0;10.0;18.2;0.0;0.0;11.4;0.0;0.0;21.0;64.4;8.0;10.4;47.0;26.2;0.0;15.0;20.4;0.0;68.0;21.0
Limoeiro do Norte;BIXOPA;-4.98936111111;-38.2028333333;2008;4;230.4;10.2;41.0;7.0;0.0;11.0;22.4;9.0;10.2;0.0;0.0;0.0;31.0;0.0;0.0;12.4;0.0;0.0;0.0;0.0;8.4;6.0;4.2;13.4;15.0;0.0;0.0;0.0;0.0;16.0;13.2;888.0
Limoeiro do Norte;BIXOPA;-4.98936111111;-38.2028333333;2008;5;95.2;0.0;0.0;0.0;0.0;0.0;0.0;0.0;0.0;13.0;6.2;10.4;17.2;0.0;0.0;0.0;0.0;0.0;36.0;0.0;0.0;0.0;0.0;0.0;0.0;0.0;0.0;0.0;0.0;0.0;12.4;0.0
Limoeiro do Norte;BIXOPA;-4.98936111111;-38.2028333333;2008;6;4.0;0.0;4.0;0.0;0.0;0.0;0.0;0.0;0.0;0.0;0.0;0.0;0.0;0.0;0.0;0.0;0.0;0.0;0.0;0.0;0.0;0.0;0.0;0.0;0.0;0.0;0.0;0.0;0.0;0.0;0.0;888.0
Limoeiro do Norte;BIXOPA;-4.98936111111;-38.2028333333;2008;7;0.0;0.0;0.0;0.0;0.0;0.0;0.0;0.0;0.0;0.0;0.0;0.0;0.0;0.0;0.0;0.0;0.0;0.0;0.0;0.0;0.0;0.0;0.0;0.0;0.0;0.0;0.0;0.0;0.0;0.0;0.0;0.0
Limoeiro do Norte;BIXOPA;-4.98936111111;-38.2028333333;2008;8;14.0;0.0;0.0;0.0;0.0;0.0;0.0;0.0;5.0;9.0;0.0;0.0;0.0;0.0;0.0;0.0;0.0;0.0;0.0;0.0;0.0;0.0;0.0;0.0;0.0;0.0;0.0;0.0;0.0;0.0;0.0;0.0
Limoeiro do Norte;BIXOPA;-4.98936111111;-38.2028333333;2008;9;0.0;0.0;0.0;0.0;0.0;0.0;0.0;0.0;0.0;0.0;0.0;0.0;0.0;0.0;0.0;0.0;0.0;0.0;0.0;0.0;0.0;0.0;0.0;0.0;0.0;0.0;0.0;0.0;0.0;0.0;0.0;888.0
Limoeiro do Norte;BIXOPA;-4.98936111111;-38.2028333333;2008;10;0.0;0.0;0.0;0.0;0.0;0.0;0.0;0.0;0.0;0.0;0.0;0.0;0.0;0.0;0.0;0.0;0.0;0.0;0.0;0.0;0.0;0.0;0.0;0.0;0.0;0.0;0.0;0.0;0.0;0.0;0.0;0.0
Limoeiro do Norte;BIXOPA;-4.98936111111;-38.2028333333;2008;11;0.0;0.0;0.0;0.0;0.0;0.0;0.0;0.0;0.0;0.0;0.0;0.0;0.0;0.0;0.0;0.0;0.0;0.0;0.0;0.0;0.0;0.0;0.0;0.0;0.0;0.0;0.0;0.0;0.0;0.0;0.0;888.0
Limoeiro do Norte;BIXOPA;-4.98936111111;-38.2028333333;2008;12;0.0;0.0;0.0;0.0;0.0;0.0;0.0;0.0;0.0;0.0;0.0;0.0;0.0;0.0;0.0;0.0;0.0;0.0;0.0;0.0;0.0;0.0;0.0;0.0;0.0;0.0;0.0;0.0;0.0;0.0;0.0;0.0
Limoeiro do Norte;BIXOPA;-4.98936111111;-38.2028333333;2009;1;61.6;0.0;0.0;0.0;0.0;0.0;0.0;0.0;0.0;0.0;0.0;0.0;0.0;0.0;0.0;0.0;0.0;0.0;0.0;0.0;0.0;0.0;26.0;0.0;0.0;13.4;0.0;0.0;0.0;0.0;0.0;22.2
Limoeiro do Norte;BIXOPA;-4.98936111111;-38.2028333333;2009;2;278.6;11.2;65.4;25.2;50.0;4.0;0.0;0.0;0.0;0.0;0.0;0.0;0.0;0.0;0.0;0.0;0.0;0.0;0.0;0.0;0.0;35.4;0.0;20.2;14.0;4.2;6.0;27.0;16.0;888.0;888.0;888.0
Limoeiro do Norte;BIXOPA;-4.98936111111;-38.2028333333;2009;3;286.4;5.0;7.2;6.6;10.4;4.0;0.0;0.0;0.0;0.0;0.0;0.0;22.0;92.0;32.0;0.0;13.0;0.0;0.0;0.0;0.0;0.0;0.0;0.0;0.0;62.0;0.0;0.0;0.0;0.0;25.2;7.0
Limoeiro do Norte;BIXOPA;-4.98936111111;-38.2028333333;2009;4;414.6;0.0;0.0;45.0;7.0;4.0;0.0;9.2;5.0;19.0;8.2;18.4;10.2;70.0;45.0;0.0;0.0;0.0;0.0;0.0;14.0;34.2;25.4;9.2;0.0;56.4;0.0;10.4;6.0;0.0;18.0;888.0
Limoeiro do Norte;BIXOPA;-4.98936111111;-38.2028333333;2009;5;298.6;23.0;0.0;0.0;23.0;8.2;0.0;0.0;0.0;0.0;0.0;64.4;6.0;11.0;8.4;0.0;0.0;0.0;38.0;0.0;0.0;0.0;0.0;29.4;9.0;10.6;35.0;12.4;15.0;5.2;0.0;0.0
Limoeiro do Norte;BIXOPA;-4.98936111111;-38.2028333333;2009;6;23.0;0.0;0.0;0.0;0.0;23.0;0.0;0.0;0.0;0.0;0.0;0.0;0.0;0.0;0.0;0.0;0.0;0.0;0.0;0.0;0.0;0.0;0.0;0.0;0.0;0.0;0.0;0.0;0.0;0.0;0.0;888.0
Limoeiro do Norte;BIXOPA;-4.98936111111;-38.2028333333;2009;7;0.0;0.0;0.0;0.0;0.0;0.0;0.0;0.0;0.0;0.0;0.0;0.0;0.0;0.0;0.0;0.0;0.0;0.0;0.0;0.0;0.0;0.0;0.0;0.0;0.0;0.0;0.0;0.0;0.0;0.0;0.0;0.0
Limoeiro do Norte;BIXOPA;-4.98936111111;-38.2028333333;2009;8;0.0;0.0;0.0;0.0;0.0;0.0;0.0;0.0;0.0;0.0;0.0;0.0;0.0;0.0;0.0;0.0;0.0;0.0;0.0;0.0;0.0;0.0;0.0;0.0;0.0;0.0;0.0;0.0;0.0;0.0;0.0;0.0
Limoeiro do Norte;BIXOPA;-4.98936111111;-38.2028333333;2009;9;0.0;0.0;0.0;0.0;0.0;0.0;0.0;0.0;0.0;0.0;0.0;0.0;0.0;0.0;0.0;0.0;0.0;0.0;0.0;0.0;0.0;0.0;0.0;0.0;0.0;0.0;0.0;0.0;0.0;0.0;0.0;888.0
Limoeiro do Norte;BIXOPA;-4.98936111111;-38.2028333333;2009;10;0.0;0.0;0.0;0.0;0.0;0.0;0.0;0.0;0.0;0.0;0.0;0.0;0.0;0.0;0.0;0.0;0.0;0.0;0.0;0.0;0.0;0.0;0.0;0.0;0.0;0.0;0.0;0.0;0.0;0.0;0.0;0.0
Limoeiro do Norte;BIXOPA;-4.98936111111;-38.2028333333;2009;11;0.0;0.0;0.0;0.0;0.0;0.0;0.0;0.0;0.0;0.0;0.0;0.0;0.0;0.0;0.0;0.0;0.0;0.0;0.0;0.0;0.0;0.0;0.0;0.0;0.0;0.0;0.0;0.0;0.0;0.0;0.0;888.0
Limoeiro do Norte;BIXOPA;-4.98936111111;-38.2028333333;2009;12;10.0;0.0;10.0;0.0;0.0;0.0;0.0;0.0;0.0;0.0;0.0;0.0;0.0;0.0;0.0;0.0;0.0;0.0;0.0;0.0;0.0;0.0;0.0;0.0;0.0;0.0;0.0;0.0;0.0;0.0;0.0;0.0
Limoeiro do Norte;BIXOPA;-4.98936111111;-38.2028333333;2010;1;80.0;0.0;18.4;0.0;0.0;0.0;0.0;0.0;0.0;0.0;17.6;0.0;0.0;0.0;0.0;0.0;0.0;0.0;0.0;0.0;0.0;0.0;0.0;0.0;0.0;0.0;0.0;9.0;35.0;0.0;0.0;0.0
Limoeiro do Norte;BIXOPA;-4.98936111111;-38.2028333333;2010;2;36.4;0.0;0.0;0.0;0.0;0.0;0.0;0.0;0.0;0.0;9.0;0.0;0.0;0.0;0.0;7.4;0.0;0.0;0.0;0.0;0.0;0.0;20.0;0.0;0.0;0.0;0.0;0.0;0.0;888.0;888.0;888.0
Limoeiro do Norte;BIXOPA;-4.98936111111;-38.2028333333;2010;3;99.0;0.0;0.0;0.0;0.0;0.0;0.0;0.0;0.0;0.0;0.0;0.0;0.0;0.0;0.0;0.0;0.0;0.0;0.0;0.0;0.0;84.0;0.0;0.0;0.0;0.0;0.0;0.0;0.0;15.0;0.0;0.0
Limoeiro do Norte;BIXOPA;-4.98936111111;-38.2028333333;2010;4;251.8;0.0;15.4;6.0;7.2;10.4;0.0;8.4;10.0;20.6;22.4;42.0;25.4;0.0;0.0;0.0;0.0;12.0;9.4;40.0;4.2;0.0;0.0;8.0;0.0;0.0;10.4;0.0;0.0;0.0;0.0;888.0
Limoeiro do Norte;BIXOPA;-4.98936111111;-38.2028333333;2010;5;109.0;32.0;0.0;39.0;0.0;0.0;0.0;0.0;0.0;0.0;0.0;0.0;34.0;4.0;0.0;0.0;0.0;0.0;0.0;0.0;0.0;0.0;0.0;0.0;0.0;0.0;0.0;0.0;0.0;0.0;0.0;0.0
Limoeiro do Norte;BIXOPA;-4.98936111111;-38.2028333333;2010;6;12.0;0.0;0.0;0.0;0.0;12.0;0.0;0.0;0.0;0.0;0.0;0.0;0.0;0.0;0.0;0.0;0.0;0.0;0.0;0.0;0.0;0.0;0.0;0.0;0.0;0.0;0.0;0.0;0.0;0.0;0.0;888.0
Limoeiro do Norte;BIXOPA;-4.98936111111;-38.2028333333;2010;7;0.0;0.0;0.0;0.0;0.0;0.0;0.0;0.0;0.0;0.0;0.0;0.0;0.0;0.0;0.0;0.0;0.0;0.0;0.0;0.0;0.0;0.0;0.0;0.0;0.0;0.0;0.0;0.0;0.0;0.0;0.0;0.0
Limoeiro do Norte;BIXOPA;-4.98936111111;-38.2028333333;2010;8;0.0;0.0;0.0;0.0;0.0;0.0;0.0;0.0;0.0;0.0;0.0;0.0;0.0;0.0;0.0;0.0;0.0;0.0;0.0;0.0;0.0;0.0;0.0;0.0;0.0;0.0;0.0;0.0;0.0;0.0;0.0;0.0
Limoeiro do Norte;BIXOPA;-4.98936111111;-38.2028333333;2010;9;0.0;0.0;0.0;0.0;0.0;0.0;0.0;0.0;0.0;0.0;0.0;0.0;0.0;0.0;0.0;0.0;0.0;0.0;0.0;0.0;0.0;0.0;0.0;0.0;0.0;0.0;0.0;0.0;0.0;0.0;0.0;888.0
Limoeiro do Norte;BIXOPA;-4.98936111111;-38.2028333333;2010;10;9.0;0.0;0.0;0.0;0.0;0.0;0.0;0.0;0.0;0.0;0.0;0.0;0.0;0.0;0.0;0.0;0.0;0.0;0.0;0.0;0.0;0.0;0.0;0.0;9.0;0.0;0.0;0.0;0.0;0.0;0.0;0.0
Limoeiro do Norte;BIXOPA;-4.98936111111;-38.2028333333;2010;11;0.0;0.0;0.0;0.0;0.0;0.0;0.0;0.0;0.0;0.0;0.0;0.0;0.0;0.0;0.0;0.0;0.0;0.0;0.0;0.0;0.0;0.0;0.0;0.0;0.0;0.0;0.0;0.0;0.0;0.0;0.0;888.0
Limoeiro do Norte;BIXOPA;-4.98936111111;-38.2028333333;2010;12;93.4;0.0;0.0;0.0;0.0;0.0;0.0;0.0;0.0;0.0;9.0;0.0;0.0;0.0;0.0;0.0;0.0;0.0;76.0;0.0;8.4;0.0;0.0;0.0;0.0;0.0;0.0;0.0;0.0;0.0;0.0;0.0
Limoeiro do Norte;BIXOPA;-4.98936111111;-38.2028333333;2011;1;235.2;0.0;0.0;0.0;0.0;0.0;0.0;0.0;0.0;0.0;0.0;83.4;0.0;0.0;0.0;0.0;0.0;0.0;0.0;0.0;9.0;4.0;12.4;11.6;6.2;41.0;20.2;0.0;0.0;19.0;25.4;3.0
Limoeiro do Norte;BIXOPA;-4.98936111111;-38.2028333333;2011;2;112.2;11.4;8.2;0.0;4.0;0.0;0.0;0.0;0.0;0.0;0.0;0.0;13.4;12.0;0.0;0.0;4.0;0.0;17.0;20.4;0.0;5.4;0.0;6.0;0.0;4.0;6.4;0.0;0.0;888.0;888.0;888.0
Limoeiro do Norte;BIXOPA;-4.98936111111;-38.2028333333;2011;3;291.6;19.4;0.0;8.0;0.0;92.4;23.6;5.0;19.4;23.0;9.0;5.4;10.2;4.0;23.4;0.0;0.0;9.0;0.0;0.0;0.0;0.0;9.4;0.0;0.0;0.0;19.4;11.0;0.0;0.0;0.0;0.0
Limoeiro do Norte;BIXOPA;-4.98936111111;-38.2028333333;2011;4;214.6;0.0;13.0;11.4;26.0;0.0;0.0;0.0;0.0;0.0;6.4;11.6;4.0;18.0;10.4;0.0;0.0;0.0;0.0;29.0;5.0;26.4;0.0;0.0;28.0;9.0;0.0;0.0;5.4;11.0;0.0;888.0
Limoeiro do Norte;BIXOPA;-4.98936111111;-38.2028333333;2011;5;267.8;0.0;8.0;16.0;13.2;82.0;15.4;21.0;8.0;0.0;0.0;17.6;0.0;0.0;0.0;0.0;0.0;0.0;54.2;19.0;0.0;0.0;0.0;0.0;13.4;0.0;0.0;0.0;0.0;0.0;0.0;0.0
Limoeiro do Norte;BIXOPA;-4.98936111111;-38.2028333333;2012;1;29.0;0.0;0.0;0.0;0.0;0.0;0.0;0.0;0.0;0.0;0.0;0.0;0.0;0.0;0.0;0.0;0.0;0.0;0.0;20.0;0.0;0.0;0.0;0.0;9.0;0.0;0.0;0.0;0.0;0.0;0.0;0.0
Limoeiro do Norte;BIXOPA;-4.98936111111;-38.2028333333;2012;2;128.2;0.0;0.0;0.0;0.0;0.0;0.0;0.0;0.0;0.0;0.0;0.0;0.0;0.0;0.0;0.0;21.0;9.0;12.0;11.4;18.2;10.6;0.0;0.0;0.0;0.0;46.0;0.0;0.0;0.0;888.0;888.0
Limoeiro do Norte;BIXOPA;-4.98936111111;-38.2028333333;2012;3;36.4;0.0;0.0;0.0;0.0;0.0;0.0;0.0;0.0;0.0;0.0;12.4;9.0;0.0;15.0;0.0;0.0;0.0;0.0;0.0;0.0;0.0;0.0;0.0;0.0;0.0;0.0;0.0;0.0;0.0;0.0;0.0
Limoeiro do Norte;BIXOPA;-4.98936111111;-38.2028333333;2012;4;55.4;0.0;0.0;0.0;0.0;0.0;0.0;0.0;48.0;0.0;0.0;0.0;0.0;0.0;0.0;7.4;0.0;0.0;0.0;0.0;0.0;0.0;0.0;0.0;0.0;0.0;0.0;0.0;0.0;0.0;0.0;888.0
Limoeiro do Norte;BIXOPA;-4.98936111111;-38.2028333333;2012;5;0.0;0.0;0.0;0.0;0.0;0.0;0.0;0.0;0.0;0.0;0.0;0.0;0.0;0.0;0.0;0.0;0.0;0.0;0.0;0.0;0.0;0.0;0.0;0.0;0.0;0.0;0.0;0.0;0.0;0.0;0.0;0.0
Limoeiro do Norte;BIXOPA;-4.98936111111;-38.2028333333;2012;6;0.0;0.0;0.0;0.0;0.0;0.0;0.0;0.0;0.0;0.0;0.0;0.0;0.0;0.0;0.0;0.0;0.0;0.0;0.0;0.0;0.0;0.0;0.0;0.0;0.0;0.0;0.0;0.0;0.0;0.0;0.0;888.0
Limoeiro do Norte;BIXOPA;-4.98936111111;-38.2028333333;2012;7;0.0;0.0;0.0;0.0;0.0;0.0;0.0;0.0;0.0;0.0;0.0;0.0;0.0;0.0;0.0;0.0;0.0;0.0;0.0;0.0;0.0;0.0;0.0;0.0;0.0;0.0;0.0;0.0;0.0;0.0;0.0;0.0
Limoeiro do Norte;BIXOPA;-4.98936111111;-38.2028333333;2012;8;0.0;0.0;0.0;0.0;0.0;0.0;0.0;0.0;0.0;0.0;0.0;0.0;0.0;0.0;0.0;0.0;0.0;0.0;0.0;0.0;0.0;0.0;0.0;0.0;0.0;0.0;0.0;0.0;0.0;0.0;0.0;0.0
Limoeiro do Norte;BIXOPA;-4.98936111111;-38.2028333333;2012;9;0.0;0.0;0.0;0.0;0.0;0.0;0.0;0.0;0.0;0.0;0.0;0.0;0.0;0.0;0.0;0.0;0.0;0.0;0.0;0.0;0.0;0.0;0.0;0.0;0.0;0.0;0.0;0.0;0.0;0.0;0.0;888.0
Limoeiro do Norte;BIXOPA;-4.98936111111;-38.2028333333;2012;10;0.0;0.0;0.0;0.0;0.0;0.0;0.0;0.0;0.0;0.0;0.0;0.0;0.0;0.0;0.0;0.0;0.0;0.0;0.0;0.0;0.0;0.0;0.0;0.0;0.0;0.0;0.0;0.0;0.0;0.0;0.0;999.0
Limoeiro do Norte;BIXOPA;-4.98936111111;-38.2028333333;2013;1;0.0;0.0;0.0;0.0;0.0;0.0;0.0;0.0;0.0;0.0;0.0;0.0;0.0;0.0;0.0;0.0;0.0;0.0;0.0;0.0;0.0;0.0;0.0;0.0;0.0;0.0;0.0;0.0;0.0;0.0;0.0;0.0
Limoeiro do Norte;BIXOPA;-4.98936111111;-38.2028333333;2013;2;50.4;0.0;0.0;0.0;0.0;0.0;0.0;0.0;0.0;0.0;0.0;0.0;0.0;0.0;0.0;0.0;13.0;16.0;5.0;16.4;0.0;0.0;0.0;0.0;0.0;0.0;0.0;0.0;0.0;888.0;888.0;888.0
Limoeiro do Norte;BIXOPA;-4.98936111111;-38.2028333333;2013;3;73.8;0.0;0.0;0.0;0.0;0.0;0.0;0.0;0.0;0.0;0.0;0.0;0.0;0.0;0.0;0.0;0.0;0.0;0.0;15.0;25.4;0.0;0.0;0.0;0.0;11.4;0.0;22.0;0.0;0.0;0.0;0.0
Limoeiro do Norte;BIXOPA;-4.98936111111;-38.2028333333;2013;4;289.6;0.0;0.0;0.0;0.0;0.0;0.0;0.0;0.0;0.0;0.0;0.0;0.0;0.0;0.0;0.0;0.0;0.0;0.0;43.0;80.0;0.0;38.0;17.4;9.0;15.2;0.0;79.0;8.0;0.0;0.0;888.0
Limoeiro do Norte;BIXOPA;-4.98936111111;-38.2028333333;2013;5;18.4;3.0;0.0;0.0;0.0;0.0;0.0;0.0;0.0;0.0;0.0;0.0;0.0;0.0;0.0;0.0;15.4;0.0;0.0;0.0;0.0;0.0;0.0;0.0;0.0;0.0;0.0;0.0;0.0;0.0;0.0;0.0
Limoeiro do Norte;BIXOPA;-4.98936111111;-38.2028333333;2013;6;164.2;0.0;0.0;0.0;0.0;0.0;0.0;0.0;0.0;0.0;0.0;0.0;0.0;0.0;0.0;0.0;0.0;0.0;0.0;0.0;0.0;0.0;44.0;16.2;0.0;0.0;0.0;0.0;0.0;0.0;104.0;888.0
Limoeiro do Norte;BIXOPA;-4.98936111111;-38.2028333333;2013;7;49.4;0.0;0.0;0.0;0.0;0.0;15.4;0.0;0.0;0.0;0.0;0.0;0.0;0.0;0.0;28.0;6.0;0.0;0.0;0.0;0.0;0.0;0.0;0.0;0.0;0.0;0.0;0.0;0.0;0.0;0.0;0.0
Limoeiro do Norte;BIXOPA;-4.98936111111;-38.2028333333;2013;8;0.0;0.0;0.0;0.0;0.0;0.0;0.0;0.0;0.0;0.0;0.0;0.0;0.0;0.0;0.0;0.0;0.0;0.0;0.0;0.0;0.0;0.0;0.0;0.0;0.0;0.0;0.0;0.0;0.0;0.0;0.0;0.0
Limoeiro do Norte;BIXOPA;-4.98936111111;-38.2028333333;2013;9;0.0;0.0;0.0;0.0;0.0;0.0;0.0;0.0;0.0;0.0;0.0;0.0;0.0;0.0;0.0;0.0;0.0;0.0;0.0;0.0;0.0;0.0;0.0;0.0;0.0;0.0;0.0;0.0;0.0;0.0;0.0;888.0
Limoeiro do Norte;BIXOPA;-4.98936111111;-38.2028333333;2013;10;0.0;0.0;0.0;0.0;0.0;0.0;0.0;0.0;0.0;0.0;0.0;0.0;0.0;0.0;0.0;0.0;0.0;0.0;0.0;0.0;0.0;0.0;0.0;0.0;0.0;0.0;0.0;0.0;0.0;0.0;0.0;0.0
Limoeiro do Norte;BIXOPA;-4.98936111111;-38.2028333333;2013;11;0.0;0.0;0.0;0.0;0.0;0.0;0.0;0.0;0.0;0.0;0.0;0.0;0.0;0.0;0.0;0.0;0.0;0.0;0.0;0.0;0.0;0.0;0.0;0.0;0.0;0.0;0.0;0.0;0.0;0.0;0.0;888.0
Limoeiro do Norte;BIXOPA;-4.98936111111;-38.2028333333;2013;12;0.0;0.0;0.0;0.0;0.0;0.0;0.0;0.0;0.0;0.0;0.0;0.0;0.0;0.0;0.0;0.0;0.0;0.0;0.0;0.0;0.0;0.0;0.0;0.0;0.0;0.0;0.0;0.0;0.0;0.0;0.0;0.0
Limoeiro do Norte;BIXOPA;-4.98936111111;-38.2028333333;2014;1;0.0;0.0;0.0;0.0;0.0;0.0;0.0;0.0;0.0;0.0;0.0;0.0;0.0;0.0;0.0;0.0;0.0;0.0;0.0;0.0;0.0;0.0;0.0;0.0;0.0;0.0;0.0;0.0;0.0;0.0;0.0;0.0
Limoeiro do Norte;BIXOPA;-4.98936111111;-38.2028333333;2014;2;32.0;0.0;0.0;0.0;0.0;0.0;0.0;0.0;0.0;0.0;0.0;0.0;0.0;0.0;0.0;0.0;0.0;17.0;8.0;7.0;0.0;0.0;0.0;0.0;0.0;0.0;0.0;0.0;0.0;888.0;888.0;888.0
Limoeiro do Norte;BIXOPA;-4.98936111111;-38.2028333333;2014;3;164.4;0.0;0.0;0.0;0.0;0.0;0.0;57.0;0.0;7.0;0.0;13.0;8.0;10.4;0.0;7.0;0.0;9.6;25.0;0.0;0.0;0.0;0.0;0.0;0.0;0.0;0.0;0.0;8.0;14.4;5.0;0.0
Limoeiro do Norte;BIXOPA;-4.98936111111;-38.2028333333;2014;4;83.0;0.0;0.0;0.0;16.4;4.0;7.2;3.0;6.0;34.0;12.4;0.0;0.0;0.0;0.0;0.0;0.0;0.0;0.0;0.0;0.0;0.0;0.0;0.0;0.0;0.0;0.0;0.0;0.0;0.0;0.0;888.0
Limoeiro do Norte;BIXOPA;-4.98936111111;-38.2028333333;2014;5;64.4;0.0;0.0;0.0;0.0;0.0;0.0;0.0;0.0;0.0;24.4;7.0;0.0;0.0;30.0;3.0;0.0;0.0;0.0;0.0;0.0;0.0;0.0;0.0;0.0;0.0;0.0;0.0;0.0;0.0;0.0;0.0
Limoeiro do Norte;BIXOPA;-4.98936111111;-38.2028333333;2014;6;0.0;0.0;0.0;0.0;0.0;0.0;0.0;0.0;0.0;0.0;0.0;0.0;0.0;0.0;0.0;0.0;0.0;0.0;999.0;0.0;0.0;0.0;0.0;0.0;0.0;0.0;0.0;0.0;0.0;0.0;0.0;888.0
Limoeiro do Norte;BIXOPA;-4.98936111111;-38.2028333333;2014;7;0.0;0.0;0.0;0.0;0.0;0.0;0.0;0.0;0.0;0.0;0.0;0.0;0.0;0.0;0.0;0.0;0.0;0.0;0.0;0.0;0.0;0.0;0.0;0.0;0.0;0.0;0.0;0.0;0.0;0.0;0.0;0.0
Limoeiro do Norte;BIXOPA;-4.98936111111;-38.2028333333;2014;8;0.0;0.0;0.0;0.0;0.0;0.0;0.0;0.0;0.0;0.0;0.0;0.0;0.0;0.0;0.0;0.0;0.0;0.0;0.0;0.0;0.0;0.0;0.0;0.0;0.0;0.0;0.0;0.0;0.0;0.0;0.0;0.0
Limoeiro do Norte;BIXOPA;-4.98936111111;-38.2028333333;2014;9;0.0;0.0;0.0;0.0;0.0;0.0;0.0;0.0;0.0;0.0;0.0;0.0;0.0;0.0;0.0;0.0;0.0;0.0;0.0;0.0;0.0;0.0;0.0;0.0;0.0;0.0;0.0;0.0;0.0;0.0;0.0;888.0
Limoeiro do Norte;BIXOPA;-4.98936111111;-38.2028333333;2014;10;0.0;0.0;0.0;0.0;0.0;0.0;0.0;0.0;0.0;0.0;0.0;0.0;0.0;0.0;0.0;0.0;0.0;0.0;0.0;0.0;0.0;0.0;0.0;0.0;0.0;0.0;0.0;0.0;0.0;0.0;0.0;0.0
Limoeiro do Norte;BIXOPA;-4.98936111111;-38.2028333333;2014;11;0.0;0.0;0.0;0.0;0.0;0.0;0.0;0.0;0.0;0.0;0.0;0.0;0.0;0.0;0.0;0.0;0.0;0.0;0.0;0.0;0.0;0.0;0.0;0.0;0.0;0.0;0.0;0.0;0.0;0.0;0.0;888.0
Limoeiro do Norte;BIXOPA;-4.98936111111;-38.2028333333;2014;12;0.0;0.0;0.0;0.0;0.0;0.0;0.0;0.0;0.0;0.0;0.0;0.0;0.0;0.0;0.0;0.0;0.0;0.0;0.0;0.0;0.0;0.0;0.0;0.0;0.0;0.0;0.0;0.0;0.0;0.0;0.0;0.0
Limoeiro do Norte;BIXOPA;-4.98936111111;-38.2028333333;2015;1;30.2;0.0;0.0;0.0;28.2;0.0;0.0;0.0;0.0;0.0;0.0;0.0;0.0;0.0;0.0;0.0;0.0;0.0;0.0;2.0;0.0;0.0;0.0;0.0;0.0;0.0;0.0;0.0;0.0;0.0;0.0;0.0
Limoeiro do Norte;BIXOPA;-4.98936111111;-38.2028333333;2015;2;71.0;0.0;0.0;0.0;0.0;5.4;0.0;0.0;0.0;0.0;0.0;0.0;0.0;0.0;0.0;0.0;0.0;0.0;0.0;20.4;3.2;7.4;4.0;3.0;0.0;0.0;27.6;0.0;0.0;888.0;888.0;888.0
Limoeiro do Norte;BIXOPA;-4.98936111111;-38.2028333333;2015;3;229.0;0.0;0.0;0.0;0.0;0.0;4.0;0.0;0.0;51.0;0.0;11.4;34.2;5.0;0.0;8.0;0.0;29.4;0.0;5.0;0.0;6.4;20.2;3.0;0.0;5.0;0.0;0.0;0.0;10.0;20.4;16.0
Limoeiro do Norte;BIXOPA;-4.98936111111;-38.2028333333;2015;4;82.4;0.0;8.0;0.0;15.2;3.0;0.0;6.0;10.2;19.6;0.0;0.0;14.0;0.0;6.4;0.0;0.0;0.0;0.0;0.0;0.0;0.0;0.0;0.0;0.0;0.0;0.0;0.0;0.0;0.0;0.0;888.0
Limoeiro do Norte;BIXOPA;-4.98936111111;-38.2028333333;2015;5;0.0;0.0;0.0;0.0;0.0;0.0;0.0;0.0;0.0;0.0;0.0;0.0;0.0;0.0;0.0;0.0;0.0;0.0;0.0;0.0;0.0;0.0;0.0;0.0;0.0;0.0;0.0;0.0;0.0;0.0;0.0;0.0
Limoeiro do Norte;BIXOPA;-4.98936111111;-38.2028333333;2015;6;16.0;0.0;0.0;0.0;0.0;0.0;0.0;0.0;0.0;0.0;0.0;0.0;0.0;0.0;0.0;0.0;0.0;0.0;0.0;0.0;0.0;0.0;0.0;0.0;0.0;16.0;0.0;0.0;0.0;0.0;0.0;888.0
Limoeiro do Norte;BIXOPA;-4.98936111111;-38.2028333333;2015;7;0.0;0.0;0.0;0.0;0.0;0.0;0.0;0.0;0.0;0.0;0.0;0.0;0.0;0.0;0.0;0.0;0.0;0.0;0.0;0.0;0.0;0.0;0.0;0.0;0.0;0.0;0.0;0.0;0.0;0.0;0.0;0.0
Limoeiro do Norte;BIXOPA;-4.98936111111;-38.2028333333;2015;8;0.0;0.0;0.0;0.0;0.0;0.0;0.0;0.0;0.0;0.0;0.0;0.0;0.0;0.0;0.0;0.0;0.0;0.0;0.0;0.0;0.0;0.0;0.0;0.0;0.0;0.0;0.0;0.0;0.0;0.0;0.0;0.0
Limoeiro do Norte;BIXOPA;-4.98936111111;-38.2028333333;2015;9;0.0;0.0;0.0;0.0;0.0;0.0;0.0;0.0;0.0;0.0;0.0;0.0;0.0;0.0;0.0;0.0;0.0;0.0;0.0;0.0;0.0;0.0;0.0;0.0;0.0;0.0;0.0;0.0;0.0;0.0;0.0;888.0
Limoeiro do Norte;BIXOPA;-4.98936111111;-38.2028333333;2015;10;0.0;0.0;0.0;0.0;0.0;0.0;0.0;0.0;0.0;0.0;0.0;0.0;0.0;0.0;0.0;0.0;0.0;0.0;0.0;0.0;0.0;0.0;0.0;0.0;0.0;0.0;0.0;0.0;0.0;0.0;0.0;0.0
Limoeiro do Norte;BIXOPA;-4.98936111111;-38.2028333333;2015;11;0.0;0.0;0.0;0.0;0.0;0.0;0.0;0.0;0.0;0.0;0.0;0.0;0.0;0.0;0.0;0.0;0.0;0.0;0.0;0.0;0.0;0.0;0.0;0.0;0.0;0.0;0.0;0.0;0.0;0.0;0.0;888.0
Limoeiro do Norte;BIXOPA;-4.98936111111;-38.2028333333;2015;12;0.0;0.0;0.0;0.0;0.0;0.0;0.0;0.0;0.0;0.0;0.0;0.0;0.0;0.0;999.0;0.0;0.0;0.0;0.0;0.0;0.0;0.0;0.0;0.0;0.0;0.0;0.0;0.0;0.0;0.0;0.0;0.0
Limoeiro do Norte;BIXOPA;-4.98936111111;-38.2028333333;2016;1;214.4;0.0;0.0;0.0;0.0;0.0;0.0;0.0;0.0;87.0;0.0;0.0;0.0;0.0;38.0;0.0;0.0;0.0;0.0;40.4;0.0;9.0;11.0;16.0;13.0;0.0;0.0;0.0;0.0;0.0;0.0;0.0
Limoeiro do Norte;BIXOPA;-4.98936111111;-38.2028333333;2016;2;163.4;7.0;28.2;16.4;3.2;0.0;0.0;0.0;0.0;0.0;0.0;0.0;0.0;0.0;0.0;0.0;0.0;0.0;0.0;0.0;15.6;0.0;36.0;57.0;0.0;0.0;0.0;0.0;0.0;0.0;888.0;888.0
Limoeiro do Norte;BIXOPA;-4.98936111111;-38.2028333333;2016;3;101.6;0.0;0.0;0.0;4.2;38.0;0.0;0.0;0.0;0.0;0.0;0.0;0.0;5.0;0.0;0.0;0.0;0.0;0.0;0.0;0.0;0.0;0.0;0.0;0.0;0.0;19.4;0.0;0.0;0.0;35.0;0.0
Limoeiro do Norte;BIXOPA;-4.98936111111;-38.2028333333;2016;4;37.4;0.0;0.0;0.0;0.0;0.0;0.0;0.0;0.0;0.0;0.0;0.0;0.0;0.0;4.0;12.0;6.0;0.0;0.0;0.0;0.0;0.0;4.0;11.4;0.0;0.0;0.0;0.0;0.0;0.0;0.0;888.0
Limoeiro do Norte;BIXOPA;-4.98936111111;-38.2028333333;2016;5;40.6;0.0;0.0;9.0;5.0;0.0;0.0;0.0;11.4;0.0;0.0;15.2;0.0;0.0;0.0;0.0;0.0;0.0;0.0;0.0;0.0;0.0;0.0;0.0;0.0;0.0;0.0;0.0;0.0;0.0;0.0;0.0
Limoeiro do Norte;BIXOPA;-4.98936111111;-38.2028333333;2016;6;10.0;0.0;0.0;0.0;10.0;0.0;0.0;0.0;0.0;0.0;0.0;0.0;0.0;0.0;0.0;0.0;0.0;0.0;0.0;0.0;0.0;0.0;0.0;0.0;0.0;0.0;0.0;0.0;0.0;0.0;0.0;888.0
Limoeiro do Norte;BIXOPA;-4.98936111111;-38.2028333333;2016;7;0.0;0.0;0.0;0.0;0.0;0.0;0.0;0.0;0.0;0.0;0.0;0.0;0.0;0.0;0.0;0.0;0.0;0.0;0.0;0.0;0.0;0.0;999.0;0.0;0.0;0.0;0.0;0.0;0.0;0.0;0.0;0.0
Limoeiro do Norte;BIXOPA;-4.98936111111;-38.2028333333;2016;8;0.0;0.0;0.0;0.0;0.0;0.0;0.0;0.0;0.0;0.0;0.0;0.0;0.0;0.0;0.0;0.0;0.0;0.0;0.0;0.0;0.0;0.0;0.0;0.0;0.0;0.0;0.0;0.0;0.0;0.0;0.0;0.0
Limoeiro do Norte;BIXOPA;-4.98936111111;-38.2028333333;2016;9;0.0;0.0;0.0;0.0;0.0;0.0;0.0;0.0;0.0;0.0;0.0;0.0;0.0;0.0;0.0;0.0;0.0;0.0;0.0;0.0;0.0;0.0;0.0;0.0;0.0;0.0;0.0;0.0;0.0;0.0;0.0;888.0
Limoeiro do Norte;BIXOPA;-4.98936111111;-38.2028333333;2016;10;0.0;0.0;0.0;0.0;0.0;0.0;0.0;0.0;0.0;0.0;0.0;0.0;0.0;0.0;0.0;0.0;0.0;0.0;0.0;0.0;0.0;0.0;0.0;0.0;0.0;0.0;0.0;0.0;0.0;0.0;0.0;0.0
Limoeiro do Norte;BIXOPA;-4.98936111111;-38.2028333333;2016;11;0.0;0.0;0.0;0.0;0.0;0.0;0.0;0.0;0.0;0.0;0.0;0.0;0.0;0.0;0.0;0.0;0.0;0.0;0.0;0.0;0.0;0.0;0.0;0.0;0.0;0.0;0.0;0.0;0.0;0.0;0.0;888.0
Limoeiro do Norte;BIXOPA;-4.98936111111;-38.2028333333;2016;12;3.0;0.0;0.0;0.0;0.0;0.0;0.0;0.0;0.0;0.0;0.0;0.0;0.0;0.0;0.0;0.0;0.0;0.0;0.0;0.0;3.0;0.0;0.0;0.0;0.0;0.0;0.0;0.0;0.0;0.0;0.0;0.0
Limoeiro do Norte;BIXOPA;-4.98936111111;-38.2028333333;2017;1;20.0;0.0;0.0;0.0;0.0;0.0;0.0;0.0;0.0;0.0;0.0;20.0;0.0;0.0;0.0;0.0;0.0;0.0;0.0;0.0;0.0;0.0;0.0;0.0;0.0;0.0;0.0;0.0;0.0;0.0;0.0;0.0
Limoeiro do Norte;BIXOPA;-4.98936111111;-38.2028333333;2017;2;252.2;0.0;0.0;0.0;0.0;0.0;0.0;0.0;0.0;0.0;0.0;0.0;12.4;28.0;11.0;0.0;0.0;0.0;88.0;0.0;21.4;0.0;0.0;0.0;0.0;36.0;0.0;23.4;32.0;888.0;888.0;888.0
Limoeiro do Norte;BIXOPA;-4.98936111111;-38.2028333333;2017;3;193.2;16.0;6.0;0.0;10.4;0.0;0.0;0.0;0.0;0.0;0.0;0.0;0.0;0.0;12.0;5.0;92.0;0.0;0.0;5.0;0.0;0.0;0.0;0.0;0.0;10.4;0.0;15.0;8.4;6.0;7.0;0.0
Limoeiro do Norte;BIXOPA;-4.98936111111;-38.2028333333;2017;4;173.0;22.0;63.0;0.0;0.0;0.0;19.0;0.0;0.0;0.0;5.0;0.0;56.0;0.0;0.0;8.0;0.0;0.0;0.0;0.0;0.0;0.0;0.0;0.0;0.0;0.0;0.0;0.0;0.0;0.0;0.0;888.0
Limoeiro do Norte;BIXOPA;-4.98936111111;-38.2028333333;2017;5;86.8;26.0;0.0;0.0;0.0;0.0;0.0;0.0;0.0;38.4;0.0;0.0;0.0;0.0;0.0;0.0;0.0;0.0;0.0;0.0;0.0;0.0;0.0;0.0;0.0;0.0;0.0;0.0;0.0;22.4;0.0;0.0
Limoeiro do Norte;BIXOPA;-4.98936111111;-38.2028333333;2017;6;9.0;0.0;0.0;0.0;0.0;9.0;0.0;0.0;0.0;0.0;0.0;0.0;0.0;0.0;0.0;0.0;0.0;0.0;0.0;0.0;0.0;0.0;0.0;0.0;0.0;0.0;0.0;0.0;0.0;0.0;0.0;888.0
Limoeiro do Norte;BIXOPA;-4.98936111111;-38.2028333333;2017;7;0.0;0.0;0.0;0.0;0.0;0.0;0.0;0.0;0.0;0.0;0.0;0.0;0.0;0.0;0.0;0.0;0.0;0.0;0.0;0.0;0.0;0.0;0.0;0.0;0.0;0.0;0.0;0.0;0.0;0.0;0.0;0.0
Limoeiro do Norte;BIXOPA;-4.98936111111;-38.2028333333;2017;8;0.0;0.0;0.0;0.0;0.0;0.0;0.0;0.0;0.0;0.0;0.0;0.0;0.0;0.0;0.0;0.0;0.0;0.0;0.0;0.0;0.0;0.0;0.0;0.0;0.0;0.0;0.0;0.0;0.0;0.0;0.0;0.0
Limoeiro do Norte;BIXOPA;-4.98936111111;-38.2028333333;2017;9;0.0;0.0;0.0;0.0;0.0;0.0;0.0;0.0;0.0;0.0;0.0;0.0;0.0;0.0;0.0;999.0;0.0;0.0;0.0;0.0;0.0;0.0;0.0;0.0;0.0;0.0;0.0;0.0;0.0;0.0;0.0;888.0
Limoeiro do Norte;BIXOPA;-4.98936111111;-38.2028333333;2017;10;0.0;0.0;0.0;0.0;0.0;0.0;0.0;0.0;0.0;0.0;0.0;0.0;0.0;0.0;0.0;0.0;0.0;0.0;0.0;0.0;0.0;0.0;0.0;0.0;0.0;0.0;0.0;0.0;0.0;0.0;0.0;0.0
Limoeiro do Norte;BIXOPA;-4.98936111111;-38.2028333333;2017;11;0.0;0.0;0.0;0.0;0.0;0.0;0.0;0.0;0.0;0.0;0.0;0.0;0.0;0.0;0.0;0.0;0.0;0.0;0.0;0.0;0.0;0.0;0.0;0.0;0.0;0.0;0.0;0.0;0.0;0.0;0.0;888.0
Limoeiro do Norte;BIXOPA;-4.98936111111;-38.2028333333;2017;12;0.0;0.0;0.0;0.0;0.0;0.0;0.0;0.0;0.0;0.0;0.0;0.0;0.0;0.0;0.0;0.0;0.0;0.0;0.0;0.0;0.0;0.0;0.0;0.0;0.0;0.0;0.0;0.0;0.0;0.0;0.0;0.0
Limoeiro do Norte;BIXOPA;-4.98936111111;-38.2028333333;2018;1;56.4;0.0;0.0;0.0;0.0;0.0;0.0;0.0;0.0;0.0;0.0;16.0;0.0;0.0;23.0;0.0;0.0;0.0;0.0;0.0;0.0;13.0;0.0;0.0;0.0;0.0;0.0;0.0;0.0;4.4;0.0;0.0
Limoeiro do Norte;BIXOPA;-4.98936111111;-38.2028333333;2018;2;136.0;0.0;0.0;0.0;0.0;0.0;0.0;27.4;0.0;0.0;0.0;0.0;0.0;0.0;13.0;31.0;19.0;8.0;11.0;7.0;6.0;0.0;0.0;0.0;10.2;3.4;0.0;0.0;0.0;888.0;888.0;888.0
Limoeiro do Norte;BIXOPA;-4.98936111111;-38.2028333333;2018;3;218.4;3.0;0.0;5.0;21.0;0.0;0.0;0.0;0.0;0.0;0.0;0.0;0.0;0.0;0.0;0.0;0.0;0.0;0.0;0.0;0.0;0.0;0.0;0.0;0.0;0.0;0.0;0.0;86.0;65.0;22.4;16.0
Limoeiro do Norte;BIXOPA;-4.98936111111;-38.2028333333;2018;4;426.8;0.0;8.0;5.0;0.0;6.0;0.0;0.0;79.0;0.0;6.4;0.0;91.0;43.4;0.0;0.0;38.0;0.0;8.0;0.0;6.0;0.0;0.0;0.0;78.0;0.0;15.0;0.0;0.0;43.0;0.0;888.0
Limoeiro do Norte;BIXOPA;-4.98936111111;-38.2028333333;2018;5;145.6;52.0;0.0;0.0;0.0;0.0;0.0;0.0;0.0;0.0;0.0;0.0;23.0;0.0;0.0;0.0;0.0;44.6;0.0;26.0;0.0;0.0;0.0;0.0;0.0;0.0;0.0;0.0;0.0;0.0;0.0;0.0
Limoeiro do Norte;BIXOPA;-4.98936111111;-38.2028333333;2018;6;0.0;0.0;0.0;0.0;0.0;0.0;0.0;0.0;0.0;0.0;0.0;0.0;0.0;0.0;0.0;0.0;0.0;0.0;0.0;0.0;0.0;0.0;0.0;0.0;0.0;0.0;0.0;0.0;0.0;0.0;0.0;888.0
Limoeiro do Norte;BIXOPA;-4.98936111111;-38.2028333333;2018;7;0.0;0.0;0.0;0.0;0.0;0.0;0.0;0.0;0.0;0.0;0.0;0.0;0.0;0.0;0.0;0.0;0.0;0.0;0.0;0.0;0.0;0.0;0.0;0.0;0.0;0.0;0.0;0.0;0.0;0.0;0.0;0.0
Limoeiro do Norte;BIXOPA;-4.98936111111;-38.2028333333;2018;8;0.0;0.0;0.0;0.0;0.0;0.0;0.0;0.0;0.0;0.0;0.0;0.0;0.0;0.0;0.0;0.0;0.0;0.0;0.0;0.0;0.0;0.0;0.0;0.0;0.0;0.0;0.0;0.0;0.0;0.0;0.0;0.0
Limoeiro do Norte;BIXOPA;-4.98936111111;-38.2028333333;2018;9;0.0;0.0;0.0;0.0;0.0;999.0;999.0;999.0;999.0;999.0;999.0;999.0;999.0;999.0;999.0;999.0;999.0;999.0;999.0;999.0;999.0;999.0;999.0;999.0;999.0;999.0;999.0;999.0;999.0;999.0;999.0;888.0
