Municipios;Postos;Latitude;Longitude;Anos;Meses;Total;Dia1;Dia2;Dia3;Dia4;Dia5;Dia6;Dia7;Dia8;Dia9;Dia10;Dia11;Dia12;Dia13;Dia14;Dia15;Dia16;Dia17;Dia18;Dia19;Dia20;Dia21;Dia22;Dia23;Dia24;Dia25;Dia26;Dia27;Dia28;Dia29;Dia30;Dia31
Baturité;BATURITE;-4.333;-38.866694444444;1974;1;242.0;0.0;0.0;0.0;0.0;0.0;0.0;0.0;0.0;0.0;0.0;0.0;0.0;0.0;0.0;0.0;0.0;0.0;0.0;0.0;22.0;45.0;0.0;47.0;15.0;65.0;10.0;0.0;38.0;0.0;0.0;0.0
Baturité;BATURITE;-4.333;-38.866694444444;1974;2;144.0;41.0;0.0;27.0;0.0;0.0;0.0;0.0;10.0;0.0;0.0;0.0;4.0;0.0;0.0;0.0;0.0;0.0;13.0;0.0;11.0;0.0;10.0;0.0;15.0;0.0;0.0;0.0;13.0;888.0;888.0;888.0
Baturité;BATURITE;-4.333;-38.866694444444;1974;3;241.0;0.0;0.0;21.0;5.0;0.0;0.0;0.0;29.0;25.0;33.0;0.0;35.0;8.0;8.0;0.0;6.0;5.0;9.0;10.0;20.0;0.0;7.0;10.0;4.0;0.0;6.0;0.0;0.0;0.0;0.0;0.0
Baturité;BATURITE;-4.333;-38.866694444444;1974;4;284.0;0.0;0.0;0.0;9.0;0.0;0.0;0.0;8.0;9.0;18.0;14.0;0.0;0.0;27.0;10.0;27.0;0.0;6.0;8.0;4.0;13.0;14.0;21.0;0.0;6.0;42.0;35.0;2.0;2.0;9.0;888.0
Baturité;BATURITE;-4.333;-38.866694444444;1974;5;189.4;0.0;0.0;0.0;0.0;0.0;0.0;11.2;0.0;0.0;0.0;0.0;0.0;0.0;0.0;5.4;0.0;0.0;0.0;0.0;0.0;60.2;0.0;20.0;3.0;35.6;0.0;0.0;3.0;0.0;0.0;51.0
Baturité;BATURITE;-4.333;-38.866694444444;1974;6;111.0;9.0;0.0;0.0;0.0;0.0;12.0;0.0;0.0;0.0;0.0;0.0;0.0;0.0;0.0;0.0;0.0;10.0;9.0;42.0;9.0;4.0;0.0;0.0;0.0;0.0;0.0;0.0;16.0;0.0;0.0;888.0
Baturité;BATURITE;-4.333;-38.866694444444;1974;7;41.0;0.0;0.0;0.0;0.0;0.0;0.0;7.0;0.0;15.0;0.0;3.0;0.0;0.0;0.0;5.0;11.0;0.0;0.0;0.0;0.0;0.0;0.0;0.0;0.0;0.0;0.0;0.0;0.0;0.0;0.0;0.0
Baturité;BATURITE;-4.333;-38.866694444444;1974;8;0.0;0.0;0.0;0.0;0.0;0.0;0.0;0.0;0.0;0.0;0.0;0.0;0.0;0.0;0.0;0.0;0.0;0.0;0.0;0.0;0.0;0.0;0.0;0.0;0.0;0.0;0.0;0.0;0.0;0.0;0.0;0.0
Baturité;BATURITE;-4.333;-38.866694444444;1974;9;0.0;0.0;0.0;0.0;0.0;0.0;0.0;0.0;0.0;0.0;0.0;0.0;0.0;0.0;0.0;0.0;0.0;0.0;0.0;0.0;0.0;0.0;0.0;0.0;0.0;0.0;0.0;0.0;0.0;0.0;0.0;888.0
Baturité;BATURITE;-4.333;-38.866694444444;1974;10;0.0;0.0;0.0;0.0;0.0;0.0;0.0;0.0;0.0;0.0;0.0;0.0;0.0;0.0;0.0;0.0;0.0;0.0;0.0;0.0;0.0;0.0;0.0;0.0;0.0;0.0;0.0;0.0;0.0;0.0;0.0;0.0
Baturité;BATURITE;-4.333;-38.866694444444;1974;11;0.0;0.0;0.0;0.0;0.0;0.0;0.0;0.0;0.0;0.0;0.0;0.0;0.0;0.0;0.0;0.0;0.0;0.0;0.0;0.0;0.0;0.0;0.0;0.0;0.0;0.0;0.0;0.0;0.0;0.0;0.0;888.0
Baturité;BATURITE;-4.333;-38.866694444444;1974;12;0.0;0.0;0.0;0.0;0.0;0.0;0.0;0.0;0.0;0.0;0.0;0.0;0.0;0.0;0.0;0.0;0.0;0.0;0.0;0.0;0.0;0.0;0.0;0.0;0.0;0.0;0.0;0.0;0.0;0.0;0.0;0.0
Baturité;BATURITE;-4.333;-38.866694444444;1975;1;60.0;0.0;0.0;0.0;0.0;0.0;0.0;0.0;0.0;0.0;0.0;0.0;0.0;0.0;0.0;0.0;0.0;0.0;0.0;0.0;4.0;0.0;0.0;0.0;23.0;0.0;0.0;1.0;0.0;0.0;0.0;32.0
Baturité;BATURITE;-4.333;-38.866694444444;1975;2;187.0;0.0;0.0;40.0;10.0;0.0;0.0;0.0;26.0;4.0;11.0;5.0;0.0;0.0;8.0;13.0;12.0;4.0;7.0;8.0;0.0;0.0;0.0;3.0;18.0;0.0;0.0;12.0;6.0;888.0;888.0;888.0
Baturité;BATURITE;-4.333;-38.866694444444;1975;3;309.0;32.0;13.0;3.0;24.0;27.0;14.0;6.0;28.0;9.0;4.0;3.0;11.0;0.0;51.0;31.0;31.0;0.0;13.0;0.0;0.0;6.0;3.0;0.0;0.0;0.0;0.0;0.0;0.0;0.0;0.0;0.0
Baturité;BATURITE;-4.333;-38.866694444444;1975;4;135.0;0.0;0.0;14.0;0.0;0.0;0.0;21.0;8.0;0.0;0.0;0.0;13.0;10.0;14.0;0.0;0.0;0.0;0.0;0.0;0.0;0.0;3.0;16.0;22.0;11.0;0.0;0.0;0.0;3.0;0.0;888.0
Baturité;BATURITE;-4.333;-38.866694444444;1975;5;203.0;0.0;0.0;9.0;0.0;11.0;0.0;0.0;23.0;0.0;0.0;0.0;0.0;0.0;0.0;0.0;0.0;0.0;26.0;0.0;11.0;0.0;2.0;13.0;42.0;28.0;0.0;10.0;0.0;0.0;28.0;0.0
Baturité;BATURITE;-4.333;-38.866694444444;1975;6;95.0;0.0;0.0;6.0;0.0;0.0;0.0;0.0;0.0;0.0;0.0;0.0;0.0;0.0;0.0;0.0;0.0;0.0;18.0;19.0;0.0;0.0;0.0;23.0;0.0;0.0;0.0;0.0;0.0;29.0;0.0;888.0
Baturité;BATURITE;-4.333;-38.866694444444;1975;7;85.0;0.0;0.0;6.0;0.0;0.0;0.0;0.0;0.0;0.0;0.0;0.0;0.0;0.0;0.0;0.0;0.0;0.0;18.0;19.0;0.0;0.0;0.0;21.0;0.0;0.0;0.0;0.0;0.0;21.0;0.0;0.0
Baturité;BATURITE;-4.333;-38.866694444444;1975;8;0.0;0.0;0.0;0.0;0.0;0.0;0.0;0.0;0.0;0.0;0.0;0.0;0.0;0.0;0.0;0.0;0.0;0.0;0.0;0.0;0.0;0.0;0.0;0.0;0.0;0.0;0.0;0.0;0.0;0.0;0.0;0.0
Baturité;BATURITE;-4.333;-38.866694444444;1975;9;0.0;0.0;0.0;0.0;0.0;0.0;0.0;0.0;0.0;0.0;0.0;0.0;0.0;0.0;0.0;0.0;0.0;0.0;0.0;0.0;0.0;0.0;0.0;0.0;0.0;0.0;0.0;0.0;0.0;0.0;0.0;888.0
Baturité;BATURITE;-4.333;-38.866694444444;1975;10;0.0;0.0;0.0;0.0;0.0;0.0;0.0;0.0;0.0;0.0;0.0;0.0;0.0;0.0;0.0;0.0;0.0;0.0;0.0;0.0;0.0;0.0;0.0;0.0;0.0;0.0;0.0;0.0;0.0;0.0;0.0;0.0
Baturité;BATURITE;-4.333;-38.866694444444;1975;11;0.0;0.0;0.0;0.0;0.0;0.0;0.0;0.0;0.0;0.0;0.0;0.0;0.0;0.0;0.0;0.0;0.0;0.0;0.0;0.0;0.0;0.0;0.0;0.0;0.0;0.0;0.0;0.0;0.0;0.0;0.0;888.0
Baturité;BATURITE;-4.333;-38.866694444444;1975;12;36.0;4.0;5.0;0.0;0.0;0.0;0.0;0.0;0.0;0.0;0.0;21.0;0.0;0.0;0.0;0.0;0.0;0.0;0.0;0.0;6.0;0.0;0.0;0.0;0.0;0.0;0.0;0.0;0.0;0.0;0.0;0.0
Baturité;BATURITE;-4.333;-38.866694444444;1976;1;41.0;0.0;0.0;0.0;0.0;0.0;0.0;0.0;0.0;6.0;0.0;0.0;0.0;0.0;0.0;2.0;0.0;0.0;0.0;0.0;0.0;0.0;0.0;0.0;0.0;0.0;25.0;0.0;0.0;0.0;8.0;0.0
Baturité;BATURITE;-4.333;-38.866694444444;1976;2;136.0;0.0;0.0;11.0;0.0;7.0;0.0;0.0;0.0;0.0;0.0;15.0;0.0;3.0;2.0;0.0;6.0;0.0;17.0;0.0;2.0;0.0;20.0;32.0;0.0;9.0;12.0;0.0;0.0;0.0;888.0;888.0
Baturité;BATURITE;-4.333;-38.866694444444;1976;3;234.0;0.0;0.0;0.0;65.0;13.0;5.0;0.0;10.0;0.0;0.0;15.0;0.0;7.0;5.0;8.0;7.0;2.0;0.0;15.0;8.0;0.0;0.0;0.0;0.0;0.0;2.0;0.0;0.0;2.0;36.0;34.0
Baturité;BATURITE;-4.333;-38.866694444444;1976;4;125.0;5.0;18.0;5.0;0.0;0.0;0.0;2.0;0.0;0.0;15.0;0.0;18.0;0.0;20.0;0.0;0.0;0.0;12.0;0.0;0.0;8.0;0.0;8.0;0.0;8.0;6.0;0.0;0.0;0.0;0.0;888.0
Baturité;BATURITE;-4.333;-38.866694444444;1976;5;31.0;0.0;0.0;0.0;0.0;0.0;6.0;0.0;0.0;0.0;0.0;0.0;0.0;0.0;0.0;0.0;0.0;0.0;0.0;0.0;0.0;0.0;11.0;0.0;0.0;0.0;0.0;14.0;0.0;0.0;0.0;0.0
Baturité;BATURITE;-4.333;-38.866694444444;1976;6;21.0;0.0;0.0;0.0;0.0;0.0;0.0;7.0;8.0;0.0;0.0;0.0;0.0;0.0;0.0;0.0;6.0;0.0;0.0;0.0;0.0;0.0;0.0;0.0;0.0;0.0;0.0;0.0;0.0;0.0;0.0;888.0
Baturité;BATURITE;-4.333;-38.866694444444;1976;7;8.0;0.0;0.0;0.0;0.0;0.0;0.0;0.0;0.0;0.0;0.0;0.0;0.0;0.0;0.0;0.0;0.0;0.0;0.0;0.0;0.0;0.0;0.0;0.0;0.0;0.0;0.0;0.0;0.0;8.0;0.0;0.0
Baturité;BATURITE;-4.333;-38.866694444444;1976;8;0.0;0.0;0.0;0.0;0.0;0.0;0.0;0.0;0.0;0.0;0.0;0.0;0.0;0.0;0.0;0.0;0.0;0.0;0.0;0.0;0.0;0.0;0.0;0.0;0.0;0.0;0.0;0.0;0.0;0.0;0.0;0.0
Baturité;BATURITE;-4.333;-38.866694444444;1976;9;0.0;0.0;0.0;0.0;0.0;0.0;0.0;0.0;0.0;0.0;0.0;0.0;0.0;0.0;0.0;0.0;0.0;0.0;0.0;0.0;0.0;0.0;0.0;0.0;0.0;0.0;0.0;0.0;0.0;0.0;0.0;888.0
Baturité;BATURITE;-4.333;-38.866694444444;1976;10;13.0;0.0;0.0;0.0;0.0;0.0;0.0;0.0;0.0;0.0;0.0;0.0;0.0;0.0;0.0;0.0;0.0;0.0;5.0;8.0;0.0;0.0;0.0;0.0;0.0;0.0;0.0;0.0;0.0;0.0;0.0;0.0
Baturité;BATURITE;-4.333;-38.866694444444;1976;11;0.0;0.0;0.0;0.0;0.0;0.0;0.0;0.0;0.0;0.0;0.0;0.0;0.0;0.0;0.0;0.0;0.0;0.0;0.0;0.0;0.0;0.0;0.0;0.0;0.0;0.0;0.0;0.0;0.0;0.0;0.0;888.0
Baturité;BATURITE;-4.333;-38.866694444444;1976;12;0.0;0.0;0.0;0.0;0.0;0.0;0.0;0.0;0.0;0.0;0.0;0.0;0.0;0.0;0.0;0.0;0.0;0.0;0.0;0.0;0.0;0.0;0.0;0.0;0.0;0.0;0.0;0.0;0.0;0.0;0.0;0.0
Baturité;BATURITE;-4.333;-38.866694444444;1977;1;195.0;0.0;0.0;0.0;0.0;0.0;4.0;0.0;0.0;0.0;23.0;8.0;0.0;0.0;3.0;17.0;0.0;1.0;4.0;0.0;0.0;0.0;0.0;0.0;4.0;0.0;0.0;89.0;0.0;9.0;27.0;6.0
Baturité;BATURITE;-4.333;-38.866694444444;1977;2;146.0;19.0;7.0;0.0;0.0;0.0;24.0;0.0;5.0;0.0;6.0;0.0;2.0;0.0;0.0;0.0;3.0;0.0;2.0;3.0;3.0;14.0;14.0;15.0;25.0;0.0;0.0;4.0;0.0;888.0;888.0;888.0
Baturité;BATURITE;-4.333;-38.866694444444;1977;3;280.0;0.0;0.0;0.0;2.0;37.0;6.0;0.0;0.0;0.0;5.0;7.0;5.0;40.0;6.0;16.0;1.0;0.0;6.0;7.0;7.0;27.0;21.0;0.0;0.0;4.0;21.0;18.0;8.0;0.0;17.0;19.0
Baturité;BATURITE;-4.333;-38.866694444444;1977;4;234.0;9.0;0.0;13.0;0.0;0.0;22.0;0.0;0.0;10.0;9.0;12.0;0.0;15.0;0.0;4.0;13.0;0.0;8.0;0.0;10.0;8.0;0.0;3.0;0.0;19.0;24.0;0.0;35.0;0.0;20.0;888.0
Baturité;BATURITE;-4.333;-38.866694444444;1977;5;167.0;0.0;0.0;62.0;0.0;16.0;14.0;0.0;0.0;0.0;6.0;18.0;5.0;2.0;22.0;2.0;0.0;0.0;0.0;0.0;6.0;0.0;0.0;4.0;0.0;0.0;10.0;0.0;0.0;0.0;0.0;0.0
Baturité;BATURITE;-4.333;-38.866694444444;1977;6;165.0;33.0;15.0;0.0;0.0;3.0;0.0;0.0;0.0;0.0;28.0;19.0;0.0;0.0;0.0;0.0;0.0;10.0;0.0;0.0;3.0;6.0;10.0;13.0;15.0;10.0;0.0;0.0;0.0;0.0;0.0;888.0
Baturité;BATURITE;-4.333;-38.866694444444;1977;7;88.0;0.0;0.0;0.0;0.0;23.0;0.0;9.0;4.0;0.0;0.0;10.0;10.0;0.0;0.0;0.0;3.0;29.0;0.0;0.0;0.0;0.0;0.0;0.0;0.0;0.0;0.0;0.0;0.0;0.0;0.0;0.0
Baturité;BATURITE;-4.333;-38.866694444444;1977;8;0.0;0.0;0.0;0.0;0.0;0.0;0.0;0.0;0.0;0.0;0.0;0.0;0.0;0.0;0.0;0.0;0.0;0.0;0.0;0.0;0.0;0.0;0.0;0.0;0.0;0.0;0.0;0.0;0.0;0.0;0.0;0.0
Baturité;BATURITE;-4.333;-38.866694444444;1977;9;0.0;0.0;0.0;0.0;0.0;0.0;0.0;0.0;0.0;0.0;0.0;0.0;0.0;0.0;0.0;0.0;0.0;0.0;0.0;0.0;0.0;0.0;0.0;0.0;0.0;0.0;0.0;0.0;0.0;0.0;0.0;888.0
Baturité;BATURITE;-4.333;-38.866694444444;1977;10;0.0;0.0;0.0;0.0;0.0;0.0;0.0;0.0;0.0;0.0;0.0;0.0;0.0;0.0;0.0;0.0;0.0;0.0;0.0;0.0;0.0;0.0;0.0;0.0;0.0;0.0;0.0;0.0;0.0;0.0;0.0;0.0
Baturité;BATURITE;-4.333;-38.866694444444;1977;11;0.0;0.0;0.0;0.0;0.0;0.0;0.0;0.0;0.0;0.0;0.0;0.0;0.0;0.0;0.0;0.0;0.0;0.0;0.0;0.0;0.0;0.0;0.0;0.0;0.0;0.0;0.0;0.0;0.0;0.0;0.0;888.0
Baturité;BATURITE;-4.333;-38.866694444444;1977;12;21.0;0.0;0.0;0.0;0.0;0.0;0.0;0.0;0.0;0.0;0.0;0.0;0.0;0.0;0.0;0.0;0.0;0.0;0.0;0.0;0.0;0.0;17.0;0.0;0.0;0.0;4.0;0.0;0.0;0.0;0.0;0.0
Baturité;BATURITE;-4.333;-38.866694444444;1978;1;0.0;0.0;0.0;0.0;0.0;0.0;0.0;0.0;0.0;0.0;0.0;0.0;0.0;0.0;0.0;0.0;0.0;0.0;0.0;0.0;0.0;0.0;0.0;0.0;0.0;0.0;0.0;0.0;0.0;0.0;0.0;0.0
Baturité;BATURITE;-4.333;-38.866694444444;1978;2;231.0;0.0;0.0;4.0;0.0;0.0;0.0;2.0;0.0;4.0;33.0;84.0;84.0;16.0;0.0;4.0;0.0;0.0;0.0;0.0;0.0;0.0;0.0;0.0;0.0;0.0;0.0;0.0;0.0;888.0;888.0;888.0
Baturité;BATURITE;-4.333;-38.866694444444;1978;3;174.0;0.0;4.0;0.0;0.0;2.0;9.0;0.0;0.0;8.0;0.0;0.0;9.0;6.0;22.0;0.0;7.0;24.0;0.0;0.0;7.0;6.0;0.0;0.0;0.0;0.0;17.0;0.0;0.0;0.0;53.0;0.0
Baturité;BATURITE;-4.333;-38.866694444444;1978;4;240.9;10.8;15.1;0.0;0.0;0.0;0.0;1.0;0.0;0.0;28.5;30.0;9.4;0.0;5.0;6.0;0.0;35.7;0.0;0.0;0.0;39.0;0.0;42.0;13.8;0.0;0.0;0.0;4.6;0.0;0.0;888.0
Baturité;BATURITE;-4.333;-38.866694444444;1978;5;195.0;37.0;0.0;0.0;0.0;0.0;0.0;0.0;0.0;2.0;24.0;0.0;31.0;16.0;6.0;6.0;11.0;7.0;0.0;6.0;5.0;14.0;7.0;0.0;0.0;0.0;0.0;0.0;0.0;0.0;0.0;23.0
Baturité;BATURITE;-4.333;-38.866694444444;1978;6;88.0;0.0;0.0;0.0;0.0;0.0;0.0;0.0;0.0;0.0;0.0;0.0;0.0;0.0;34.0;9.0;7.0;0.0;0.0;0.0;0.0;0.0;0.0;0.0;8.0;0.0;8.0;0.0;17.0;5.0;0.0;888.0
Baturité;BATURITE;-4.333;-38.866694444444;1978;7;68.0;0.0;0.0;0.0;0.0;0.0;0.0;0.0;0.0;5.0;0.0;26.0;0.0;0.0;0.0;0.0;0.0;0.0;0.0;0.0;20.0;2.0;0.0;0.0;0.0;0.0;0.0;0.0;0.0;15.0;0.0;0.0
Baturité;BATURITE;-4.333;-38.866694444444;1978;8;10.0;0.0;0.0;0.0;0.0;0.0;0.0;0.0;0.0;0.0;0.0;6.0;0.0;0.0;0.0;0.0;0.0;0.0;0.0;0.0;0.0;0.0;0.0;0.0;0.0;0.0;0.0;0.0;0.0;3.0;0.0;1.0
Baturité;BATURITE;-4.333;-38.866694444444;1978;9;0.0;0.0;0.0;0.0;0.0;0.0;0.0;0.0;0.0;0.0;0.0;0.0;0.0;0.0;0.0;0.0;0.0;0.0;0.0;0.0;0.0;0.0;0.0;0.0;0.0;0.0;0.0;0.0;0.0;0.0;0.0;888.0
Baturité;BATURITE;-4.333;-38.866694444444;1978;10;14.0;0.0;0.0;0.0;0.0;0.0;0.0;0.0;0.0;0.0;0.0;0.0;0.0;0.0;0.0;0.0;12.0;0.0;0.0;0.0;0.0;0.0;0.0;0.0;0.0;0.0;2.0;0.0;0.0;0.0;0.0;0.0
Baturité;BATURITE;-4.333;-38.866694444444;1978;11;38.0;0.0;0.0;0.0;0.0;0.0;0.0;0.0;0.0;0.0;0.0;0.0;0.0;0.0;0.0;0.0;0.0;0.0;0.0;0.0;0.0;0.0;0.0;0.0;0.0;0.0;0.0;0.0;0.0;18.0;20.0;888.0
Baturité;BATURITE;-4.333;-38.866694444444;1978;12;16.0;4.0;0.0;0.0;0.0;5.0;7.0;0.0;0.0;0.0;0.0;0.0;0.0;0.0;0.0;0.0;0.0;0.0;0.0;0.0;0.0;0.0;0.0;0.0;0.0;0.0;0.0;0.0;0.0;0.0;0.0;0.0
Baturité;BATURITE;-4.333;-38.866694444444;1979;1;61.0;0.0;0.0;0.0;0.0;0.0;0.0;0.0;0.0;0.0;0.0;0.0;0.0;0.0;0.0;0.0;0.0;8.0;33.0;0.0;0.0;0.0;0.0;7.0;0.0;3.0;7.0;2.0;1.0;0.0;0.0;0.0
Baturité;BATURITE;-4.333;-38.866694444444;1979;2;63.0;0.0;0.0;0.0;0.0;0.0;0.0;0.0;0.0;0.0;0.0;0.0;0.0;0.0;0.0;0.0;3.0;0.0;0.0;0.0;0.0;3.0;0.0;8.0;16.0;21.0;0.0;0.0;12.0;888.0;888.0;888.0
Baturité;BATURITE;-4.333;-38.866694444444;1979;3;127.0;22.0;0.0;3.0;0.0;7.0;0.0;0.0;0.0;0.0;5.0;2.0;10.0;3.0;9.0;23.0;0.0;0.0;0.0;0.0;0.0;0.0;0.0;0.0;0.0;7.0;0.0;0.0;33.0;0.0;3.0;0.0
Baturité;BATURITE;-4.333;-38.866694444444;1979;4;130.0;0.0;0.0;0.0;0.0;0.0;0.0;0.0;0.0;0.0;0.0;0.0;0.0;0.0;0.0;0.0;6.0;0.0;73.0;13.0;0.0;0.0;0.0;2.0;4.0;3.0;0.0;7.0;0.0;22.0;0.0;888.0
Baturité;BATURITE;-4.333;-38.866694444444;1979;5;106.0;0.0;0.0;0.0;7.0;0.0;0.0;0.0;0.0;0.0;0.0;17.0;6.0;0.0;26.0;0.0;11.0;6.0;10.0;6.0;5.0;0.0;0.0;0.0;0.0;0.0;0.0;0.0;2.0;9.0;1.0;0.0
Baturité;BATURITE;-4.333;-38.866694444444;1979;6;46.0;14.0;0.0;0.0;0.0;0.0;0.0;0.0;0.0;0.0;0.0;32.0;0.0;0.0;0.0;0.0;0.0;0.0;0.0;0.0;0.0;0.0;0.0;0.0;0.0;0.0;0.0;0.0;0.0;0.0;0.0;888.0
Baturité;BATURITE;-4.333;-38.866694444444;1979;7;0.0;0.0;0.0;0.0;0.0;0.0;0.0;0.0;0.0;0.0;0.0;0.0;0.0;0.0;0.0;0.0;0.0;0.0;0.0;0.0;0.0;0.0;0.0;0.0;0.0;0.0;0.0;0.0;0.0;0.0;0.0;0.0
Baturité;BATURITE;-4.333;-38.866694444444;1979;8;10.0;0.0;0.0;0.0;0.0;0.0;0.0;0.0;0.0;0.0;0.0;0.0;0.0;0.0;0.0;0.0;0.0;0.0;0.0;0.0;0.0;0.0;0.0;0.0;0.0;0.0;0.0;10.0;0.0;0.0;0.0;0.0
Baturité;BATURITE;-4.333;-38.866694444444;1979;9;0.0;0.0;0.0;0.0;0.0;0.0;0.0;0.0;0.0;0.0;0.0;0.0;0.0;0.0;0.0;0.0;0.0;0.0;0.0;0.0;0.0;0.0;0.0;0.0;0.0;0.0;0.0;0.0;0.0;0.0;0.0;888.0
Baturité;BATURITE;-4.333;-38.866694444444;1979;10;0.0;0.0;0.0;0.0;0.0;0.0;0.0;0.0;0.0;0.0;0.0;0.0;0.0;0.0;0.0;0.0;0.0;0.0;0.0;0.0;0.0;0.0;0.0;0.0;0.0;0.0;0.0;0.0;0.0;0.0;0.0;0.0
Baturité;BATURITE;-4.333;-38.866694444444;1979;11;55.0;0.0;0.0;0.0;0.0;0.0;0.0;0.0;39.0;0.0;0.0;0.0;0.0;0.0;0.0;0.0;16.0;0.0;0.0;0.0;0.0;0.0;0.0;0.0;0.0;0.0;0.0;0.0;0.0;0.0;0.0;888.0
Baturité;BATURITE;-4.333;-38.866694444444;1979;12;0.0;0.0;0.0;0.0;0.0;0.0;0.0;0.0;0.0;0.0;0.0;0.0;0.0;0.0;0.0;0.0;0.0;0.0;0.0;0.0;0.0;0.0;0.0;0.0;0.0;0.0;0.0;0.0;0.0;0.0;0.0;0.0
Baturité;BATURITE;-4.333;-38.866694444444;1980;1;64.0;0.0;0.0;0.0;0.0;0.0;0.0;0.0;0.0;0.0;0.0;26.0;1.0;0.0;8.0;17.0;10.0;0.0;0.0;2.0;0.0;0.0;0.0;0.0;0.0;0.0;0.0;0.0;0.0;0.0;0.0;0.0
Baturité;BATURITE;-4.333;-38.866694444444;1980;2;303.0;0.0;0.0;0.0;0.0;0.0;30.0;0.0;4.0;1.0;23.0;5.0;0.0;0.0;15.0;26.0;0.0;5.0;7.0;35.0;0.0;52.0;22.0;3.0;14.0;27.0;16.0;6.0;6.0;6.0;888.0;888.0
Baturité;BATURITE;-4.333;-38.866694444444;1980;3;201.0;0.0;0.0;0.0;17.0;6.0;62.0;2.0;0.0;0.0;0.0;0.0;49.0;12.0;22.0;2.0;2.0;0.0;0.0;0.0;0.0;0.0;18.0;2.0;0.0;0.0;0.0;0.0;0.0;0.0;0.0;7.0
Baturité;BATURITE;-4.333;-38.866694444444;1980;4;153.0;0.0;10.0;64.0;0.0;0.0;0.0;54.0;15.0;0.0;0.0;0.0;3.0;0.0;0.0;0.0;0.0;0.0;0.0;0.0;0.0;0.0;0.0;7.0;0.0;0.0;0.0;0.0;0.0;0.0;0.0;888.0
Baturité;BATURITE;-4.333;-38.866694444444;1980;5;34.0;0.0;7.0;0.0;0.0;0.0;0.0;0.0;0.0;0.0;0.0;0.0;0.0;0.0;0.0;4.0;0.0;0.0;0.0;0.0;0.0;0.0;7.0;14.0;1.0;1.0;0.0;0.0;0.0;0.0;0.0;0.0
Baturité;BATURITE;-4.333;-38.866694444444;1980;6;102.0;0.0;0.0;0.0;0.0;15.0;0.0;0.0;0.0;43.0;9.0;22.0;0.0;0.0;0.0;0.0;0.0;5.0;0.0;0.0;0.0;7.0;0.0;0.0;0.0;1.0;0.0;0.0;0.0;0.0;0.0;888.0
Baturité;BATURITE;-4.333;-38.866694444444;1980;7;0.0;0.0;0.0;0.0;0.0;0.0;0.0;0.0;0.0;0.0;0.0;0.0;0.0;0.0;0.0;0.0;0.0;0.0;0.0;0.0;0.0;0.0;0.0;0.0;0.0;0.0;0.0;0.0;0.0;0.0;0.0;0.0
Baturité;BATURITE;-4.333;-38.866694444444;1980;8;0.0;0.0;0.0;0.0;0.0;0.0;0.0;0.0;0.0;0.0;0.0;0.0;0.0;0.0;0.0;0.0;0.0;0.0;0.0;0.0;0.0;0.0;0.0;0.0;0.0;0.0;0.0;0.0;0.0;0.0;0.0;0.0
Baturité;BATURITE;-4.333;-38.866694444444;1980;9;0.0;0.0;0.0;0.0;0.0;0.0;0.0;0.0;0.0;0.0;0.0;0.0;0.0;0.0;0.0;0.0;0.0;0.0;0.0;0.0;0.0;0.0;0.0;0.0;0.0;0.0;0.0;0.0;0.0;0.0;0.0;888.0
Baturité;BATURITE;-4.333;-38.866694444444;1980;10;0.0;0.0;0.0;0.0;0.0;0.0;0.0;0.0;0.0;0.0;0.0;0.0;0.0;0.0;0.0;0.0;0.0;0.0;0.0;0.0;0.0;0.0;0.0;0.0;0.0;0.0;0.0;0.0;0.0;0.0;0.0;0.0
Baturité;BATURITE;-4.333;-38.866694444444;1980;11;0.0;0.0;0.0;0.0;0.0;0.0;0.0;0.0;0.0;0.0;0.0;0.0;0.0;0.0;0.0;0.0;0.0;0.0;0.0;0.0;0.0;0.0;0.0;0.0;0.0;0.0;0.0;0.0;0.0;0.0;0.0;888.0
Baturité;BATURITE;-4.333;-38.866694444444;1980;12;6.0;0.0;2.0;0.0;0.0;0.0;0.0;0.0;0.0;0.0;0.0;0.0;0.0;0.0;0.0;0.0;0.0;0.0;0.0;0.0;0.0;0.0;0.0;0.0;0.0;0.0;0.0;0.0;2.0;2.0;0.0;0.0
Baturité;BATURITE;-4.333;-38.866694444444;1981;1;17.0;0.0;0.0;0.0;0.0;0.0;0.0;0.0;0.0;0.0;0.0;7.0;0.0;0.0;0.0;0.0;0.0;2.0;0.0;1.0;2.0;0.0;0.0;0.0;0.0;0.0;0.0;1.0;4.0;0.0;0.0;0.0
Baturité;BATURITE;-4.333;-38.866694444444;1981;2;35.0;0.0;0.0;0.0;0.0;3.0;15.0;0.0;0.0;0.0;0.0;0.0;0.0;0.0;0.0;0.0;0.0;0.0;12.0;5.0;0.0;0.0;0.0;0.0;0.0;0.0;0.0;0.0;0.0;888.0;888.0;888.0
Baturité;BATURITE;-4.333;-38.866694444444;1981;3;363.0;0.0;0.0;0.0;0.0;0.0;0.0;0.0;0.0;0.0;0.0;0.0;4.0;4.0;46.0;21.0;40.0;20.0;23.0;36.0;4.0;20.0;0.0;9.0;27.0;19.0;25.0;17.0;0.0;45.0;3.0;0.0
Baturité;BATURITE;-4.333;-38.866694444444;1981;4;43.0;10.0;9.0;4.0;0.0;0.0;13.0;1.0;0.0;0.0;0.0;0.0;3.0;0.0;0.0;0.0;0.0;0.0;0.0;0.0;0.0;0.0;0.0;3.0;0.0;0.0;0.0;0.0;0.0;0.0;0.0;888.0
Baturité;BATURITE;-4.333;-38.866694444444;1981;5;70.0;0.0;7.0;18.0;0.0;0.0;0.0;0.0;8.0;0.0;0.0;0.0;0.0;0.0;0.0;0.0;1.0;0.0;0.0;0.0;0.0;31.0;5.0;0.0;0.0;0.0;0.0;0.0;0.0;0.0;0.0;0.0
Baturité;BATURITE;-4.333;-38.866694444444;1981;6;28.0;0.0;0.0;0.0;0.0;0.0;0.0;0.0;10.0;3.0;0.0;4.0;0.0;11.0;0.0;0.0;0.0;0.0;0.0;0.0;0.0;0.0;0.0;0.0;0.0;0.0;0.0;0.0;0.0;0.0;0.0;888.0
Baturité;BATURITE;-4.333;-38.866694444444;1981;7;0.0;0.0;0.0;0.0;0.0;0.0;0.0;0.0;0.0;0.0;0.0;0.0;0.0;0.0;0.0;0.0;0.0;0.0;0.0;0.0;0.0;0.0;0.0;0.0;0.0;0.0;0.0;0.0;0.0;0.0;0.0;0.0
Baturité;BATURITE;-4.333;-38.866694444444;1981;8;0.0;0.0;0.0;0.0;0.0;0.0;0.0;0.0;0.0;0.0;0.0;0.0;0.0;0.0;0.0;0.0;0.0;0.0;0.0;0.0;0.0;0.0;0.0;0.0;0.0;0.0;0.0;0.0;0.0;0.0;0.0;0.0
Baturité;BATURITE;-4.333;-38.866694444444;1981;9;0.0;0.0;0.0;0.0;0.0;0.0;0.0;0.0;0.0;0.0;0.0;0.0;0.0;0.0;0.0;0.0;0.0;0.0;0.0;0.0;0.0;0.0;0.0;0.0;0.0;0.0;0.0;0.0;0.0;0.0;0.0;888.0
Baturité;BATURITE;-4.333;-38.866694444444;1981;10;0.0;0.0;0.0;0.0;0.0;0.0;0.0;0.0;0.0;0.0;0.0;0.0;0.0;0.0;0.0;0.0;0.0;0.0;0.0;0.0;0.0;0.0;0.0;0.0;0.0;0.0;0.0;0.0;0.0;0.0;0.0;0.0
Baturité;BATURITE;-4.333;-38.866694444444;1981;11;0.0;0.0;0.0;0.0;0.0;0.0;0.0;0.0;0.0;0.0;0.0;0.0;0.0;0.0;0.0;0.0;0.0;0.0;0.0;0.0;0.0;0.0;0.0;0.0;0.0;0.0;0.0;0.0;0.0;0.0;0.0;888.0
Baturité;BATURITE;-4.333;-38.866694444444;1981;12;105.0;0.0;0.0;0.0;0.0;0.0;0.0;0.0;0.0;0.0;0.0;0.0;0.0;0.0;0.0;0.0;0.0;0.0;0.0;0.0;0.0;87.0;6.0;0.0;12.0;0.0;0.0;0.0;0.0;0.0;0.0;0.0
Baturité;BATURITE;-4.333;-38.866694444444;1982;1;87.7;0.0;0.0;0.0;0.0;0.0;0.0;0.0;7.0;0.0;0.0;16.0;0.0;0.0;0.0;0.0;0.0;0.0;0.0;0.0;0.0;0.0;0.0;8.8;7.4;0.0;0.0;24.5;17.0;3.0;0.0;4.0
Baturité;BATURITE;-4.333;-38.866694444444;1982;2;83.2;0.0;0.0;6.0;0.0;0.0;0.0;0.0;0.0;6.2;0.0;0.0;0.0;0.0;0.0;12.9;0.0;0.0;0.0;11.3;0.0;0.0;21.8;0.0;3.0;3.2;1.2;0.0;17.6;888.0;888.0;888.0
Baturité;BATURITE;-4.333;-38.866694444444;1982;3;202.1;0.0;5.6;37.0;2.4;0.0;0.0;2.2;19.6;30.2;29.7;0.0;5.2;0.0;0.0;0.0;13.6;1.6;0.0;0.0;0.0;7.8;0.0;0.0;9.6;9.0;11.0;0.0;17.6;0.0;0.0;0.0
Baturité;BATURITE;-4.333;-38.866694444444;1982;4;206.6;0.0;12.6;1.4;7.2;13.0;0.0;1.0;0.0;0.0;0.0;0.0;0.0;28.0;16.8;1.0;0.0;0.0;11.0;0.0;0.0;35.0;3.0;9.0;0.0;0.0;8.2;3.4;30.4;1.4;24.2;888.0
Baturité;BATURITE;-4.333;-38.866694444444;1982;5;206.6;1.0;1.2;0.0;0.0;0.0;0.0;19.0;27.0;13.0;0.0;11.2;54.2;31.6;0.0;0.0;0.0;3.6;0.0;21.6;0.0;0.0;3.6;1.0;0.0;0.0;0.0;0.0;0.0;0.0;0.0;18.6
Baturité;BATURITE;-4.333;-38.866694444444;1982;6;73.2;0.0;9.6;13.4;0.0;0.0;0.0;29.0;2.0;0.0;0.0;0.0;0.0;0.0;0.0;0.0;10.2;0.0;0.0;0.0;0.0;0.0;0.0;0.0;9.0;0.0;0.0;0.0;0.0;0.0;0.0;888.0
Baturité;BATURITE;-4.333;-38.866694444444;1982;7;14.0;0.0;0.0;0.0;0.0;0.0;0.0;0.0;0.0;0.0;0.0;0.0;0.0;0.0;0.0;9.0;0.0;0.0;0.0;1.8;0.0;0.0;0.0;0.0;0.0;3.2;0.0;0.0;0.0;0.0;0.0;0.0
Baturité;BATURITE;-4.333;-38.866694444444;1982;8;6.8;0.0;0.0;0.0;0.0;0.0;0.0;0.0;0.0;0.0;0.0;0.0;0.0;0.0;0.0;0.0;0.0;0.0;0.0;0.0;0.0;0.0;0.0;0.0;0.0;0.0;0.0;0.0;0.0;0.0;0.0;6.8
Baturité;BATURITE;-4.333;-38.866694444444;1982;9;12.0;0.0;0.0;0.0;0.0;0.0;0.0;0.0;0.0;0.0;0.0;0.0;0.0;0.0;0.0;0.0;0.0;0.0;0.0;0.0;0.0;0.0;0.0;0.0;0.0;0.0;12.0;0.0;0.0;0.0;0.0;888.0
Baturité;BATURITE;-4.333;-38.866694444444;1982;10;16.0;0.0;0.0;0.0;0.0;0.0;0.0;0.0;0.0;0.0;0.0;0.0;0.0;0.0;0.0;0.0;0.0;0.0;0.0;0.0;0.0;0.0;0.0;0.0;0.0;16.0;0.0;0.0;0.0;0.0;0.0;0.0
Baturité;BATURITE;-4.333;-38.866694444444;1982;11;7.0;0.0;0.0;0.0;0.0;0.0;0.0;0.0;0.0;4.0;0.0;0.0;1.0;0.0;0.0;0.0;0.0;0.0;0.0;0.0;0.0;0.0;0.0;0.0;0.0;0.0;0.0;0.0;0.0;0.0;2.0;888.0
Baturité;BATURITE;-4.333;-38.866694444444;1982;12;4.0;0.0;0.0;4.0;0.0;0.0;0.0;0.0;0.0;0.0;0.0;0.0;0.0;0.0;0.0;0.0;0.0;0.0;0.0;0.0;0.0;0.0;0.0;0.0;0.0;0.0;0.0;0.0;0.0;0.0;0.0;0.0
Baturité;BATURITE;-4.333;-38.866694444444;1983;1;3.0;0.0;0.0;0.0;0.0;0.0;0.0;0.0;0.0;0.0;0.0;0.0;0.0;0.0;0.0;0.0;0.0;0.0;0.0;0.0;0.0;0.0;0.0;0.0;0.0;0.0;0.0;0.0;0.0;1.0;2.0;0.0
Baturité;BATURITE;-4.333;-38.866694444444;1983;2;225.0;0.0;0.0;0.0;2.0;5.0;17.0;10.0;0.0;9.0;8.0;0.0;0.0;25.0;134.0;0.0;0.0;0.0;8.0;0.0;6.0;1.0;0.0;0.0;0.0;0.0;0.0;0.0;0.0;888.0;888.0;888.0
Baturité;BATURITE;-4.333;-38.866694444444;1983;3;188.7;0.0;0.0;0.0;0.0;58.6;23.2;5.8;0.0;0.0;0.0;0.0;0.0;5.1;0.0;0.0;0.0;14.8;0.0;0.0;0.0;0.0;0.0;0.0;0.0;42.4;0.0;22.4;16.4;0.0;0.0;0.0
Baturité;BATURITE;-4.333;-38.866694444444;1983;4;101.3;0.0;0.0;0.8;0.0;5.2;0.0;14.6;0.0;2.8;0.0;0.0;0.0;0.0;0.0;0.0;61.2;16.7;0.0;0.0;0.0;0.0;0.0;0.0;0.0;0.0;0.0;0.0;0.0;0.0;0.0;888.0
Baturité;BATURITE;-4.333;-38.866694444444;1983;5;88.0;0.0;0.0;5.0;0.0;0.0;0.0;0.0;23.0;2.0;11.0;11.0;0.0;0.0;0.0;0.0;0.0;0.0;0.0;0.0;0.0;0.0;0.0;2.0;0.0;0.0;0.0;0.0;0.0;2.0;2.0;30.0
Baturité;BATURITE;-4.333;-38.866694444444;1983;6;11.0;0.0;0.0;0.0;0.0;0.0;0.0;0.0;0.0;0.0;5.0;0.0;6.0;0.0;0.0;0.0;0.0;0.0;0.0;0.0;0.0;0.0;0.0;0.0;0.0;0.0;0.0;0.0;0.0;0.0;0.0;888.0
Baturité;BATURITE;-4.333;-38.866694444444;1983;7;0.0;0.0;0.0;0.0;0.0;0.0;0.0;0.0;0.0;0.0;0.0;0.0;0.0;0.0;0.0;0.0;0.0;0.0;0.0;0.0;0.0;0.0;0.0;0.0;0.0;0.0;0.0;0.0;0.0;0.0;0.0;0.0
Baturité;BATURITE;-4.333;-38.866694444444;1983;8;0.0;0.0;0.0;0.0;0.0;0.0;0.0;0.0;0.0;0.0;0.0;0.0;0.0;0.0;0.0;0.0;0.0;0.0;0.0;0.0;0.0;0.0;0.0;0.0;0.0;0.0;0.0;0.0;0.0;0.0;0.0;0.0
Baturité;BATURITE;-4.333;-38.866694444444;1983;9;0.0;0.0;0.0;0.0;0.0;0.0;0.0;0.0;0.0;0.0;0.0;0.0;0.0;0.0;0.0;0.0;0.0;0.0;0.0;0.0;0.0;0.0;0.0;0.0;0.0;0.0;0.0;0.0;0.0;0.0;0.0;888.0
Baturité;BATURITE;-4.333;-38.866694444444;1983;10;0.0;0.0;0.0;0.0;0.0;0.0;0.0;0.0;0.0;0.0;0.0;0.0;0.0;0.0;0.0;0.0;0.0;0.0;0.0;0.0;0.0;0.0;0.0;0.0;0.0;0.0;0.0;0.0;0.0;0.0;0.0;0.0
Baturité;BATURITE;-4.333;-38.866694444444;1983;11;0.0;0.0;0.0;0.0;0.0;0.0;0.0;0.0;0.0;0.0;0.0;0.0;0.0;0.0;0.0;0.0;0.0;0.0;0.0;0.0;0.0;0.0;0.0;0.0;0.0;0.0;0.0;0.0;0.0;0.0;0.0;888.0
Baturité;BATURITE;-4.333;-38.866694444444;1983;12;0.0;0.0;0.0;0.0;0.0;0.0;0.0;0.0;0.0;0.0;0.0;0.0;0.0;0.0;0.0;0.0;0.0;0.0;0.0;0.0;0.0;0.0;0.0;0.0;0.0;0.0;0.0;0.0;0.0;0.0;0.0;0.0
Baturité;BATURITE;-4.333;-38.866694444444;1984;1;35.0;0.0;0.0;25.0;0.0;0.0;0.0;0.0;0.0;3.0;3.0;4.0;0.0;0.0;0.0;0.0;0.0;0.0;0.0;0.0;0.0;0.0;0.0;0.0;0.0;0.0;0.0;0.0;0.0;0.0;0.0;0.0
Baturité;BATURITE;-4.333;-38.866694444444;1984;2;84.0;0.0;7.0;0.0;0.0;7.0;0.0;32.0;0.0;0.0;0.0;8.0;0.0;0.0;0.0;0.0;0.0;0.0;0.0;0.0;0.0;0.0;0.0;0.0;0.0;0.0;0.0;0.0;0.0;30.0;888.0;888.0
Baturité;BATURITE;-4.333;-38.866694444444;1984;3;278.4;0.0;17.0;7.0;1.0;14.0;5.0;30.0;0.0;0.0;0.0;0.0;0.0;25.0;19.0;30.0;0.0;0.0;20.0;0.0;13.0;11.0;7.6;0.0;8.0;12.0;35.4;10.0;0.0;4.4;5.0;4.0
Baturité;BATURITE;-4.333;-38.866694444444;1984;4;204.2;1.0;12.2;1.2;0.0;0.0;0.0;0.0;3.0;10.0;48.6;10.6;0.0;2.0;0.0;8.0;4.0;10.0;13.6;7.0;9.0;5.0;10.0;7.0;5.4;7.6;6.0;0.0;9.0;7.0;7.0;888.0
Baturité;BATURITE;-4.333;-38.866694444444;1984;5;183.0;0.0;8.0;7.0;10.0;7.0;7.0;1.0;0.0;11.0;0.0;0.0;19.0;0.0;9.0;2.0;0.0;0.0;9.0;0.0;10.0;56.0;15.0;1.0;0.0;4.0;0.0;0.0;0.0;0.0;1.0;6.0
Baturité;BATURITE;-4.333;-38.866694444444;1984;6;98.0;8.0;8.0;0.0;0.0;39.0;0.0;14.0;8.0;0.0;0.0;0.0;0.0;0.0;0.0;0.0;0.0;0.0;0.0;0.0;13.0;7.0;1.0;0.0;0.0;0.0;0.0;0.0;0.0;0.0;0.0;888.0
Baturité;BATURITE;-4.333;-38.866694444444;1984;7;85.0;0.0;0.0;0.0;0.0;0.0;22.0;8.0;0.0;0.0;0.0;0.0;0.0;0.0;0.0;0.0;13.0;8.0;21.0;0.0;13.0;0.0;0.0;0.0;0.0;0.0;0.0;0.0;0.0;0.0;0.0;0.0
Baturité;BATURITE;-4.333;-38.866694444444;1984;8;22.0;0.0;0.0;0.0;0.0;0.0;0.0;0.0;0.0;0.0;0.0;0.0;0.0;0.0;0.0;0.0;0.0;0.0;0.0;0.0;0.0;0.0;0.0;0.0;0.0;0.0;0.0;0.0;0.0;6.0;0.0;16.0
Baturité;BATURITE;-4.333;-38.866694444444;1984;9;0.0;0.0;0.0;0.0;0.0;0.0;0.0;0.0;0.0;0.0;0.0;0.0;0.0;0.0;0.0;0.0;0.0;0.0;0.0;0.0;0.0;0.0;0.0;0.0;0.0;0.0;0.0;0.0;0.0;0.0;0.0;888.0
Baturité;BATURITE;-4.333;-38.866694444444;1984;10;5.0;0.0;0.0;0.0;0.0;0.0;0.0;0.0;0.0;1.0;0.0;0.0;0.0;0.0;0.0;0.0;0.0;0.0;0.0;0.0;0.0;0.0;0.0;0.0;0.0;0.0;0.0;2.0;0.0;2.0;0.0;0.0
Baturité;BATURITE;-4.333;-38.866694444444;1984;11;0.0;0.0;0.0;0.0;0.0;0.0;0.0;0.0;0.0;0.0;0.0;0.0;0.0;0.0;0.0;0.0;0.0;0.0;0.0;0.0;0.0;0.0;0.0;0.0;0.0;0.0;0.0;0.0;0.0;0.0;0.0;888.0
Baturité;BATURITE;-4.333;-38.866694444444;1984;12;11.0;0.0;0.0;0.0;0.0;4.0;7.0;0.0;0.0;0.0;0.0;0.0;0.0;0.0;0.0;0.0;0.0;0.0;0.0;0.0;0.0;0.0;0.0;0.0;0.0;0.0;0.0;0.0;0.0;0.0;0.0;0.0
Baturité;BATURITE;-4.333;-38.866694444444;1985;1;187.0;0.0;30.0;0.0;3.0;0.0;3.0;1.0;7.0;8.0;5.0;7.0;8.0;5.0;0.0;4.0;0.0;4.0;4.0;18.0;20.0;1.0;0.0;7.0;11.0;15.0;0.0;0.0;16.0;0.0;6.0;4.0
Baturité;BATURITE;-4.333;-38.866694444444;1985;2;227.0;5.0;0.0;17.0;23.0;0.0;0.0;0.0;6.0;9.0;2.0;8.0;1.0;6.0;7.0;0.0;9.0;0.0;0.0;35.0;28.0;0.0;19.0;19.0;21.0;10.0;2.0;0.0;0.0;888.0;888.0;888.0
Baturité;BATURITE;-4.333;-38.866694444444;1985;3;333.2;9.0;2.0;46.0;14.0;2.0;7.0;18.8;4.8;0.6;0.0;5.6;0.0;14.4;0.0;20.0;0.0;8.0;7.0;32.0;8.0;1.0;7.8;9.2;8.0;61.0;2.5;0.0;25.5;14.0;1.0;4.0
Baturité;BATURITE;-4.333;-38.866694444444;1985;4;344.1;0.0;6.0;13.2;5.0;0.0;0.0;9.0;1.0;0.0;4.5;29.0;13.0;0.0;10.0;0.0;18.0;18.0;13.0;20.0;10.0;22.0;13.0;24.0;10.0;15.4;3.0;0.0;30.0;25.0;32.0;888.0
Baturité;BATURITE;-4.333;-38.866694444444;1985;5;276.4;0.0;0.0;6.0;21.0;7.5;5.0;20.5;29.4;10.0;0.0;0.0;0.0;98.0;0.0;13.0;7.5;0.0;10.5;0.0;18.0;6.5;1.5;4.5;0.0;0.0;0.0;14.5;0.0;0.0;0.0;3.0
Baturité;BATURITE;-4.333;-38.866694444444;1985;6;294.7;0.0;9.7;0.0;2.0;11.5;12.0;0.0;0.0;0.0;1.0;0.0;51.0;27.0;97.0;0.0;0.0;12.5;18.0;1.0;0.0;0.0;0.0;42.0;0.0;0.0;0.0;0.0;0.0;0.0;10.0;888.0
Baturité;BATURITE;-4.333;-38.866694444444;1985;7;234.0;14.0;0.0;3.0;4.0;1.0;0.0;0.0;14.0;20.0;0.0;0.0;33.0;14.0;0.0;70.0;10.0;0.0;0.0;20.0;0.0;0.0;0.0;0.0;15.0;0.0;0.0;10.0;0.0;6.0;0.0;0.0
Baturité;BATURITE;-4.333;-38.866694444444;1985;8;42.0;1.0;0.0;0.0;0.0;0.0;7.0;0.0;8.0;0.0;0.0;0.0;0.0;0.0;7.0;0.0;0.0;0.0;0.0;0.0;0.0;0.0;0.0;0.0;0.0;16.0;0.0;0.0;0.0;3.0;0.0;0.0
Baturité;BATURITE;-4.333;-38.866694444444;1985;9;0.0;0.0;0.0;0.0;0.0;0.0;0.0;0.0;0.0;0.0;0.0;0.0;0.0;0.0;0.0;0.0;0.0;0.0;0.0;0.0;0.0;0.0;0.0;0.0;0.0;0.0;0.0;0.0;0.0;0.0;0.0;888.0
Baturité;BATURITE;-4.333;-38.866694444444;1985;10;5.0;0.0;0.0;0.0;2.0;3.0;0.0;0.0;0.0;0.0;0.0;0.0;0.0;0.0;0.0;0.0;0.0;0.0;0.0;0.0;0.0;0.0;0.0;0.0;0.0;0.0;0.0;0.0;0.0;0.0;0.0;0.0
Baturité;BATURITE;-4.333;-38.866694444444;1985;11;0.0;0.0;0.0;0.0;0.0;0.0;0.0;0.0;0.0;0.0;0.0;0.0;0.0;0.0;0.0;0.0;0.0;0.0;0.0;0.0;0.0;0.0;0.0;0.0;0.0;0.0;0.0;0.0;0.0;0.0;0.0;888.0
Baturité;BATURITE;-4.333;-38.866694444444;1985;12;53.0;0.0;0.0;0.0;0.0;0.0;0.0;0.0;0.0;0.0;0.0;0.0;0.0;0.0;0.0;0.0;8.0;5.0;0.0;0.0;0.0;0.0;0.0;4.0;0.0;0.0;0.0;0.0;0.0;0.0;0.0;36.0
Baturité;BATURITE;-4.333;-38.866694444444;1986;1;101.0;0.0;0.0;0.0;0.0;0.0;21.0;7.0;0.0;0.0;0.0;5.0;0.0;0.0;0.0;0.0;0.0;0.0;0.0;0.0;0.0;0.0;0.0;0.0;14.5;0.0;0.0;0.0;0.0;20.5;10.0;23.0
Baturité;BATURITE;-4.333;-38.866694444444;1986;2;209.0;50.0;8.0;7.0;0.0;7.5;3.0;0.0;5.0;5.0;0.0;0.0;0.0;0.0;0.0;54.0;0.0;2.0;16.5;18.0;0.0;18.0;8.0;0.0;0.0;0.0;0.0;0.0;7.0;888.0;888.0;888.0
Baturité;BATURITE;-4.333;-38.866694444444;1986;3;267.0;8.0;0.0;8.0;6.0;9.0;0.0;0.0;10.0;8.0;3.0;0.0;3.0;9.0;0.0;1.5;0.0;15.0;0.0;0.0;12.0;5.0;10.5;5.0;71.0;24.5;4.5;0.0;0.0;0.0;8.0;46.0
Baturité;BATURITE;-4.333;-38.866694444444;1986;4;412.5;7.0;36.0;24.0;0.0;17.0;39.0;0.0;18.0;0.0;23.0;17.0;3.0;9.0;0.0;1.5;26.0;6.0;15.0;0.0;22.0;11.0;5.0;14.0;0.0;3.0;11.0;10.0;15.0;5.0;75.0;888.0
Baturité;BATURITE;-4.333;-38.866694444444;1986;5;202.0;0.0;15.0;13.0;0.0;5.0;0.0;0.0;4.0;13.0;13.0;0.0;11.0;0.0;0.0;0.0;2.0;0.0;5.0;0.0;0.0;0.0;10.0;13.0;18.0;0.0;11.0;57.0;1.0;0.0;7.0;4.0
Baturité;BATURITE;-4.333;-38.866694444444;1986;6;156.0;3.0;47.0;0.0;0.0;10.0;17.0;0.0;0.0;4.0;7.0;0.0;2.0;22.0;6.0;4.0;0.0;0.0;7.0;16.0;0.0;0.0;3.0;0.0;0.0;0.0;8.0;0.0;0.0;0.0;0.0;888.0
Baturité;BATURITE;-4.333;-38.866694444444;1986;7;36.0;3.0;5.0;0.0;2.0;0.0;0.0;0.0;0.0;0.0;0.0;0.0;0.0;10.0;14.0;0.0;0.0;2.0;0.0;0.0;0.0;0.0;0.0;0.0;0.0;0.0;0.0;0.0;0.0;0.0;0.0;0.0
Baturité;BATURITE;-4.333;-38.866694444444;1986;8;31.0;0.0;0.0;0.0;0.0;0.0;11.0;0.0;0.0;0.0;0.0;0.0;0.0;0.0;0.0;0.0;0.0;0.0;0.0;5.0;15.0;0.0;0.0;0.0;0.0;0.0;0.0;0.0;0.0;0.0;0.0;0.0
Baturité;BATURITE;-4.333;-38.866694444444;1986;9;12.0;0.0;0.0;0.0;0.0;0.0;0.0;0.0;0.0;0.0;0.0;0.0;3.0;3.0;0.0;0.0;0.0;0.0;0.0;0.0;0.0;0.0;0.0;0.0;0.0;0.0;0.0;0.0;3.0;3.0;0.0;888.0
Baturité;BATURITE;-4.333;-38.866694444444;1986;10;28.0;7.0;0.0;0.0;0.0;0.0;0.0;0.0;0.0;4.0;4.0;2.0;0.0;0.0;0.0;0.0;0.0;0.0;0.0;0.0;0.0;0.0;11.0;0.0;0.0;0.0;0.0;0.0;0.0;0.0;0.0;0.0
Baturité;BATURITE;-4.333;-38.866694444444;1986;11;0.0;0.0;0.0;0.0;0.0;0.0;0.0;0.0;0.0;0.0;0.0;0.0;0.0;0.0;0.0;0.0;0.0;0.0;0.0;0.0;0.0;0.0;0.0;0.0;0.0;0.0;0.0;0.0;0.0;0.0;0.0;888.0
Baturité;BATURITE;-4.333;-38.866694444444;1986;12;46.0;0.0;0.0;0.0;0.0;0.0;0.0;0.0;0.0;0.0;0.0;0.0;0.0;0.0;0.0;0.0;8.0;5.0;0.0;0.0;0.0;0.0;0.0;0.0;4.0;0.0;5.0;0.0;3.0;0.0;0.0;21.0
Baturité;BATURITE;-4.333;-38.866694444444;1987;1;45.0;0.0;0.0;0.0;0.0;10.0;0.0;0.0;0.0;3.0;0.0;0.0;6.0;0.0;0.0;0.0;0.0;0.0;0.0;0.0;0.0;0.0;26.0;0.0;0.0;0.0;0.0;0.0;0.0;0.0;0.0;0.0
Baturité;BATURITE;-4.333;-38.866694444444;1987;2;81.0;0.0;0.0;0.0;0.0;0.0;0.0;0.0;12.0;2.0;10.0;9.0;20.0;4.0;6.0;0.0;8.0;6.0;0.0;0.0;0.0;0.0;4.0;0.0;0.0;0.0;0.0;0.0;0.0;888.0;888.0;888.0
Baturité;BATURITE;-4.333;-38.866694444444;1987;3;352.0;0.0;0.0;7.0;0.0;0.0;4.0;0.0;0.0;40.0;31.0;0.0;9.0;17.0;0.0;0.0;10.0;12.0;20.0;30.0;31.0;0.0;0.0;6.0;10.0;9.0;35.0;30.0;13.0;5.0;3.0;30.0
Baturité;BATURITE;-4.333;-38.866694444444;1987;4;192.0;2.0;0.0;20.0;0.0;10.0;1.0;0.0;30.0;16.0;10.0;6.0;0.0;23.0;0.0;0.0;0.0;0.0;0.0;11.0;3.0;6.0;3.0;5.0;26.0;3.0;10.0;3.0;3.0;0.0;1.0;888.0
Baturité;BATURITE;-4.333;-38.866694444444;1987;5;60.0;0.0;0.0;5.0;6.0;11.0;13.0;5.0;6.0;0.0;0.0;0.0;4.0;0.0;0.0;0.0;0.0;0.0;0.0;0.0;0.0;0.0;0.0;0.0;0.0;0.0;0.0;0.0;2.0;0.0;0.0;8.0
Baturité;BATURITE;-4.333;-38.866694444444;1987;6;137.0;8.0;0.0;0.0;0.0;0.0;0.0;1.0;17.0;0.0;0.0;15.0;3.0;47.0;2.0;7.0;0.0;0.0;0.0;0.0;37.0;0.0;0.0;0.0;0.0;0.0;0.0;0.0;0.0;0.0;0.0;888.0
Baturité;BATURITE;-4.333;-38.866694444444;1987;7;0.0;0.0;0.0;0.0;0.0;0.0;0.0;0.0;0.0;0.0;0.0;0.0;0.0;0.0;0.0;0.0;0.0;0.0;0.0;0.0;0.0;0.0;0.0;0.0;0.0;0.0;0.0;0.0;0.0;0.0;0.0;0.0
Baturité;BATURITE;-4.333;-38.866694444444;1987;8;0.0;0.0;0.0;0.0;0.0;0.0;0.0;0.0;0.0;0.0;0.0;0.0;0.0;0.0;0.0;0.0;0.0;0.0;0.0;0.0;0.0;0.0;0.0;0.0;0.0;0.0;0.0;0.0;0.0;0.0;0.0;0.0
Baturité;BATURITE;-4.333;-38.866694444444;1987;9;0.0;0.0;0.0;0.0;0.0;0.0;0.0;0.0;0.0;0.0;0.0;0.0;0.0;0.0;0.0;0.0;0.0;0.0;0.0;0.0;0.0;0.0;0.0;0.0;0.0;0.0;0.0;0.0;0.0;0.0;0.0;888.0
Baturité;BATURITE;-4.333;-38.866694444444;1987;10;2.0;0.0;0.0;0.0;0.0;0.0;1.0;1.0;0.0;0.0;0.0;0.0;0.0;0.0;0.0;0.0;0.0;0.0;0.0;0.0;0.0;0.0;0.0;0.0;0.0;0.0;0.0;0.0;0.0;0.0;0.0;0.0
Baturité;BATURITE;-4.333;-38.866694444444;1987;11;0.0;0.0;0.0;0.0;0.0;0.0;0.0;0.0;0.0;0.0;0.0;0.0;0.0;0.0;0.0;0.0;0.0;0.0;0.0;0.0;0.0;0.0;0.0;0.0;0.0;0.0;0.0;0.0;0.0;0.0;0.0;888.0
Baturité;BATURITE;-4.333;-38.866694444444;1987;12;0.0;0.0;0.0;0.0;0.0;0.0;0.0;0.0;0.0;0.0;0.0;0.0;0.0;0.0;0.0;0.0;0.0;0.0;0.0;0.0;0.0;0.0;0.0;0.0;0.0;0.0;0.0;0.0;0.0;0.0;0.0;0.0
Baturité;BATURITE;-4.333;-38.866694444444;1988;1;94.0;0.0;0.0;0.0;0.0;0.0;0.0;0.0;0.0;5.0;0.0;0.0;0.0;9.0;0.0;0.0;0.0;2.0;1.0;5.0;6.0;2.0;1.0;0.0;6.0;12.0;21.0;20.0;4.0;0.0;0.0;0.0
Baturité;BATURITE;-4.333;-38.866694444444;1988;2;133.5;0.0;0.0;0.0;12.5;0.0;5.0;0.0;0.0;0.0;0.0;0.0;0.0;8.0;9.0;13.0;17.0;0.0;0.0;5.0;0.0;0.0;21.0;0.0;2.0;0.0;2.0;0.0;0.0;39.0;888.0;888.0
Baturité;BATURITE;-4.333;-38.866694444444;1988;3;197.5;0.0;0.0;5.0;0.0;0.0;8.0;0.0;0.0;0.0;0.0;16.0;6.0;4.0;0.0;0.0;7.0;0.0;16.0;0.0;7.0;25.0;0.0;8.0;3.0;7.0;15.0;35.0;5.5;2.0;0.0;28.0
Baturité;BATURITE;-4.333;-38.866694444444;1988;4;367.0;0.0;22.0;35.0;11.0;3.0;0.0;7.0;25.0;12.0;0.0;35.0;6.0;18.0;19.0;90.0;0.0;7.0;3.0;6.0;6.0;11.0;0.0;7.0;2.0;0.0;0.0;4.0;5.0;3.0;30.0;888.0
Baturité;BATURITE;-4.333;-38.866694444444;1988;5;363.3;0.0;25.0;0.0;22.0;56.0;4.0;0.0;114.8;0.0;0.0;48.0;0.0;0.0;0.0;21.0;8.0;0.0;0.0;7.5;0.0;0.0;17.0;17.0;13.0;10.0;0.0;0.0;0.0;0.0;0.0;0.0
Baturité;BATURITE;-4.333;-38.866694444444;1988;6;175.0;0.0;0.0;0.0;0.0;0.0;0.0;0.0;0.0;8.0;59.0;0.0;0.0;0.0;0.0;0.0;30.0;14.0;0.0;0.0;0.0;0.0;0.0;6.0;18.0;0.0;40.0;0.0;0.0;0.0;0.0;888.0
Baturité;BATURITE;-4.333;-38.866694444444;1988;7;91.0;0.0;0.0;0.0;0.0;0.0;0.0;2.0;0.0;0.0;0.0;0.0;0.0;14.0;0.0;33.0;0.0;18.0;0.0;0.0;0.0;0.0;0.0;0.0;0.0;24.0;0.0;0.0;0.0;0.0;0.0;0.0
Baturité;BATURITE;-4.333;-38.866694444444;1988;8;14.0;0.0;0.0;0.0;0.0;0.0;0.0;0.0;0.0;0.0;0.0;0.0;0.0;0.0;0.0;0.0;0.0;14.0;0.0;0.0;0.0;0.0;0.0;0.0;0.0;0.0;0.0;0.0;0.0;0.0;0.0;0.0
Baturité;BATURITE;-4.333;-38.866694444444;1988;9;0.0;0.0;0.0;0.0;0.0;0.0;0.0;0.0;0.0;0.0;0.0;0.0;0.0;0.0;0.0;0.0;0.0;0.0;0.0;0.0;0.0;0.0;0.0;0.0;0.0;0.0;0.0;0.0;0.0;0.0;0.0;888.0
Baturité;BATURITE;-4.333;-38.866694444444;1988;10;0.0;0.0;0.0;0.0;0.0;0.0;0.0;0.0;0.0;0.0;0.0;0.0;0.0;0.0;0.0;0.0;0.0;0.0;0.0;0.0;0.0;0.0;0.0;0.0;0.0;0.0;0.0;0.0;0.0;0.0;0.0;0.0
Baturité;BATURITE;-4.333;-38.866694444444;1988;11;0.0;0.0;0.0;0.0;0.0;0.0;0.0;0.0;0.0;0.0;0.0;0.0;0.0;0.0;0.0;0.0;0.0;0.0;0.0;0.0;0.0;0.0;0.0;0.0;0.0;0.0;0.0;0.0;0.0;0.0;0.0;888.0
Baturité;BATURITE;-4.333;-38.866694444444;1988;12;150.0;0.0;0.0;0.0;0.0;0.0;0.0;0.0;0.0;0.0;0.0;0.0;0.0;0.0;0.0;100.0;0.0;0.0;0.0;0.0;23.0;0.0;0.0;0.0;27.0;0.0;0.0;0.0;0.0;0.0;0.0;0.0
Baturité;BATURITE;-4.333;-38.866694444444;1989;1;108.0;0.0;0.0;0.0;0.0;17.0;0.0;0.0;10.0;0.0;0.0;0.0;0.0;0.0;0.0;0.0;0.0;0.0;0.0;15.0;0.0;0.0;0.0;29.0;0.0;0.0;18.0;0.0;10.0;9.0;0.0;0.0
Baturité;BATURITE;-4.333;-38.866694444444;1989;2;57.0;0.0;0.0;0.0;0.0;0.0;0.0;0.0;0.0;0.0;0.0;0.0;0.0;0.0;0.0;0.0;15.0;16.0;0.0;0.0;8.0;8.0;0.0;10.0;0.0;0.0;0.0;0.0;0.0;888.0;888.0;888.0
Baturité;BATURITE;-4.333;-38.866694444444;1989;3;251.5;15.0;0.0;0.0;0.0;0.0;0.0;16.5;0.0;0.0;3.0;0.0;0.0;0.0;0.0;0.0;0.0;35.0;0.0;21.0;12.0;35.0;4.0;7.0;0.0;0.0;0.0;0.0;28.0;0.0;46.0;29.0
Baturité;BATURITE;-4.333;-38.866694444444;1989;4;267.0;0.0;0.0;9.0;16.0;15.0;0.0;0.0;0.0;15.0;18.0;20.0;23.0;0.0;0.0;15.0;0.0;0.0;0.0;61.0;0.0;4.0;20.0;0.0;6.0;13.0;0.0;22.0;6.0;4.0;0.0;888.0
Baturité;BATURITE;-4.333;-38.866694444444;1989;5;222.0;5.0;8.0;6.0;5.0;35.0;0.0;0.0;0.0;0.0;7.0;22.0;0.0;28.0;0.0;15.0;0.0;0.0;0.0;22.0;0.0;38.0;0.0;0.0;0.0;0.0;0.0;0.0;18.0;0.0;13.0;0.0
Baturité;BATURITE;-4.333;-38.866694444444;1989;6;312.0;3.0;16.0;21.0;12.0;0.0;0.0;0.0;0.0;0.0;0.0;0.0;80.0;0.0;49.0;13.0;29.0;0.0;18.0;0.0;3.0;0.0;0.0;0.0;0.0;0.0;0.0;35.0;25.0;0.0;8.0;888.0
Baturité;BATURITE;-4.333;-38.866694444444;1989;7;233.0;0.0;0.0;0.0;0.0;0.0;84.0;4.0;11.0;76.0;17.0;0.0;0.0;0.0;0.0;0.0;0.0;0.0;0.0;0.0;0.0;4.0;3.0;0.0;17.0;4.0;3.0;10.0;0.0;0.0;0.0;0.0
Baturité;BATURITE;-4.333;-38.866694444444;1989;8;0.0;0.0;0.0;0.0;0.0;0.0;0.0;0.0;0.0;0.0;0.0;0.0;0.0;0.0;0.0;0.0;0.0;0.0;0.0;0.0;0.0;0.0;0.0;0.0;0.0;0.0;0.0;0.0;0.0;0.0;0.0;0.0
Baturité;BATURITE;-4.333;-38.866694444444;1989;9;0.0;0.0;0.0;0.0;0.0;0.0;0.0;0.0;0.0;0.0;0.0;0.0;0.0;0.0;0.0;0.0;0.0;0.0;0.0;0.0;0.0;0.0;0.0;0.0;0.0;0.0;0.0;0.0;0.0;0.0;0.0;888.0
Baturité;BATURITE;-4.333;-38.866694444444;1989;10;0.0;0.0;0.0;0.0;0.0;0.0;0.0;0.0;0.0;0.0;0.0;0.0;0.0;0.0;0.0;0.0;0.0;0.0;0.0;0.0;0.0;0.0;0.0;0.0;0.0;0.0;0.0;0.0;0.0;0.0;0.0;0.0
Baturité;BATURITE;-4.333;-38.866694444444;1989;11;0.0;0.0;0.0;0.0;0.0;0.0;0.0;0.0;0.0;0.0;0.0;0.0;0.0;0.0;0.0;0.0;0.0;0.0;0.0;0.0;0.0;0.0;0.0;0.0;0.0;0.0;0.0;0.0;0.0;0.0;0.0;888.0
Baturité;BATURITE;-4.333;-38.866694444444;1989;12;59.0;0.0;0.0;0.0;0.0;0.0;0.0;0.0;0.0;0.0;0.0;0.0;0.0;0.0;0.0;0.0;0.0;0.0;0.0;0.0;0.0;0.0;13.0;0.0;0.0;0.0;10.0;5.0;11.0;20.0;0.0;0.0
Baturité;BATURITE;-4.333;-38.866694444444;1990;1;23.0;0.0;0.0;0.0;0.0;0.0;0.0;0.0;0.0;0.0;0.0;0.0;0.0;0.0;0.0;0.0;0.0;0.0;0.0;0.0;0.0;0.0;0.0;0.0;0.0;0.0;0.0;0.0;0.0;0.0;0.0;23.0
Baturité;BATURITE;-4.333;-38.866694444444;1990;2;74.5;0.0;0.0;0.0;0.0;0.0;0.0;0.0;0.0;0.0;12.0;0.0;0.0;0.0;0.0;0.0;0.0;0.0;0.0;0.0;0.0;0.0;0.0;45.0;0.0;0.0;17.0;0.5;0.0;888.0;888.0;888.0
Baturité;BATURITE;-4.333;-38.866694444444;1990;3;80.5;6.0;2.0;5.0;15.0;5.0;2.5;0.0;0.0;0.0;0.0;0.0;0.0;0.0;0.0;0.0;0.0;0.0;0.0;0.0;0.0;0.0;0.0;0.0;7.0;8.0;13.0;0.0;0.0;17.0;0.0;0.0
Baturité;BATURITE;-4.333;-38.866694444444;1990;4;203.0;11.0;0.0;3.0;20.0;12.0;4.0;18.0;0.0;0.0;0.0;0.0;0.0;0.0;0.0;0.0;0.0;0.0;0.0;1.0;15.0;0.0;0.0;0.0;0.0;37.0;9.0;37.0;21.0;15.0;0.0;888.0
Baturité;BATURITE;-4.333;-38.866694444444;1990;5;145.0;48.0;52.0;0.0;0.0;0.0;0.0;0.0;0.0;0.0;0.0;0.0;0.0;0.0;19.0;4.0;4.0;0.0;0.0;0.0;0.0;0.0;0.0;0.0;0.0;0.0;0.0;0.0;8.0;0.0;0.0;10.0
Baturité;BATURITE;-4.333;-38.866694444444;1990;6;35.0;0.0;0.0;2.0;23.0;0.0;0.0;10.0;0.0;0.0;0.0;0.0;0.0;0.0;0.0;0.0;0.0;0.0;0.0;0.0;0.0;0.0;0.0;0.0;0.0;0.0;0.0;0.0;0.0;0.0;0.0;888.0
Baturité;BATURITE;-4.333;-38.866694444444;1990;7;67.0;0.0;0.0;30.0;0.0;0.0;0.0;0.0;0.0;0.0;0.0;0.0;0.0;0.0;0.0;0.0;0.0;0.0;37.0;0.0;0.0;0.0;0.0;0.0;0.0;0.0;0.0;0.0;0.0;0.0;0.0;0.0
Baturité;BATURITE;-4.333;-38.866694444444;1990;8;0.0;0.0;0.0;0.0;0.0;0.0;0.0;0.0;0.0;0.0;0.0;0.0;0.0;0.0;0.0;0.0;0.0;0.0;0.0;0.0;0.0;0.0;0.0;0.0;0.0;0.0;0.0;0.0;0.0;0.0;0.0;0.0
Baturité;BATURITE;-4.333;-38.866694444444;1990;9;0.0;0.0;0.0;0.0;0.0;0.0;0.0;0.0;0.0;0.0;0.0;0.0;0.0;0.0;0.0;0.0;0.0;0.0;0.0;0.0;0.0;0.0;0.0;0.0;0.0;0.0;0.0;0.0;0.0;0.0;0.0;888.0
Baturité;BATURITE;-4.333;-38.866694444444;1990;10;0.0;0.0;0.0;0.0;0.0;0.0;0.0;0.0;0.0;0.0;0.0;0.0;0.0;0.0;0.0;0.0;0.0;0.0;0.0;0.0;0.0;0.0;0.0;0.0;0.0;0.0;0.0;0.0;0.0;0.0;0.0;0.0
Baturité;BATURITE;-4.333;-38.866694444444;1990;11;0.0;0.0;0.0;0.0;0.0;0.0;0.0;0.0;0.0;0.0;0.0;0.0;0.0;0.0;0.0;0.0;0.0;0.0;0.0;0.0;0.0;0.0;0.0;0.0;0.0;0.0;0.0;0.0;0.0;0.0;0.0;888.0
Baturité;BATURITE;-4.333;-38.866694444444;1990;12;0.0;0.0;0.0;0.0;0.0;0.0;0.0;0.0;0.0;0.0;0.0;0.0;0.0;0.0;0.0;0.0;0.0;0.0;0.0;0.0;0.0;0.0;0.0;0.0;0.0;0.0;0.0;0.0;0.0;0.0;0.0;0.0
Baturité;BATURITE;-4.333;-38.866694444444;1991;1;46.0;0.0;0.0;8.0;0.0;0.0;0.0;0.0;0.0;22.0;0.0;0.0;0.0;0.0;0.0;0.0;0.0;0.0;0.0;16.0;0.0;0.0;0.0;0.0;0.0;0.0;0.0;0.0;0.0;0.0;0.0;0.0
Baturité;BATURITE;-4.333;-38.866694444444;1991;2;79.0;28.0;0.0;3.0;18.0;0.0;0.0;9.0;0.0;0.0;0.0;0.0;0.0;0.0;0.0;0.0;0.0;0.0;7.0;0.0;0.0;0.0;0.0;0.0;0.0;0.0;12.0;0.0;2.0;888.0;888.0;888.0
Baturité;BATURITE;-4.333;-38.866694444444;1991;3;226.0;0.0;0.0;0.0;0.0;0.0;14.0;0.0;0.0;0.0;45.0;0.0;10.0;5.0;9.0;5.0;12.0;0.0;11.0;0.0;6.0;0.0;0.0;0.0;0.0;33.0;12.0;0.0;19.0;10.0;35.0;0.0
Baturité;BATURITE;-4.333;-38.866694444444;1991;4;138.0;27.0;4.0;5.0;2.0;7.0;0.0;0.0;13.0;5.0;8.0;0.0;0.0;0.0;5.0;0.0;11.0;4.0;0.0;0.0;0.0;0.0;18.0;0.0;0.0;7.0;0.0;3.0;0.0;0.0;19.0;888.0
Baturité;BATURITE;-4.333;-38.866694444444;1991;5;209.0;15.0;14.0;8.0;30.0;54.0;9.0;8.0;0.0;0.0;6.0;0.0;3.0;0.0;0.0;3.0;0.0;0.0;0.0;0.0;12.0;0.0;0.0;0.0;0.0;41.0;6.0;0.0;0.0;0.0;0.0;0.0
Baturité;BATURITE;-4.333;-38.866694444444;1991;6;37.0;0.0;0.0;0.0;8.0;8.0;7.0;8.0;2.0;0.0;0.0;4.0;0.0;0.0;0.0;0.0;0.0;0.0;0.0;0.0;0.0;0.0;0.0;0.0;0.0;0.0;0.0;0.0;0.0;0.0;0.0;888.0
Baturité;BATURITE;-4.333;-38.866694444444;1991;7;7.0;0.0;0.0;0.0;0.0;0.0;0.0;0.0;0.0;0.0;0.0;0.0;0.0;0.0;7.0;0.0;0.0;0.0;0.0;0.0;0.0;0.0;0.0;0.0;0.0;0.0;0.0;0.0;0.0;0.0;0.0;0.0
Baturité;BATURITE;-4.333;-38.866694444444;1991;8;0.0;0.0;0.0;0.0;0.0;0.0;0.0;0.0;0.0;0.0;0.0;0.0;0.0;0.0;0.0;0.0;0.0;0.0;0.0;0.0;0.0;0.0;0.0;0.0;0.0;0.0;0.0;0.0;0.0;0.0;0.0;0.0
Baturité;BATURITE;-4.333;-38.866694444444;1991;9;0.0;0.0;0.0;0.0;0.0;0.0;0.0;0.0;0.0;0.0;0.0;0.0;0.0;0.0;0.0;0.0;0.0;0.0;0.0;0.0;0.0;0.0;0.0;0.0;0.0;0.0;0.0;0.0;0.0;0.0;0.0;888.0
Baturité;BATURITE;-4.333;-38.866694444444;1991;10;0.0;0.0;0.0;0.0;0.0;0.0;0.0;0.0;0.0;0.0;0.0;0.0;0.0;0.0;0.0;0.0;0.0;0.0;0.0;0.0;0.0;0.0;0.0;0.0;0.0;0.0;0.0;0.0;0.0;0.0;0.0;0.0
Baturité;BATURITE;-4.333;-38.866694444444;1991;11;0.0;0.0;0.0;0.0;0.0;0.0;0.0;0.0;0.0;0.0;0.0;0.0;0.0;0.0;0.0;0.0;0.0;0.0;0.0;0.0;0.0;0.0;0.0;0.0;0.0;0.0;0.0;0.0;0.0;0.0;0.0;888.0
Baturité;BATURITE;-4.333;-38.866694444444;1991;12;0.0;0.0;0.0;0.0;0.0;0.0;0.0;0.0;0.0;0.0;0.0;0.0;0.0;0.0;0.0;0.0;0.0;0.0;0.0;0.0;0.0;0.0;0.0;0.0;0.0;0.0;0.0;0.0;0.0;0.0;0.0;0.0
Baturité;BATURITE;-4.333;-38.866694444444;1992;1;155.5;0.0;0.0;0.0;0.0;0.0;0.0;0.0;0.0;0.0;0.0;0.0;0.0;0.0;0.0;0.0;0.0;0.0;32.0;0.0;3.0;0.0;0.0;0.0;0.0;43.0;0.0;18.0;0.0;28.0;17.0;14.5
Baturité;BATURITE;-4.333;-38.866694444444;1992;2;387.0;0.0;2.0;4.0;0.0;0.0;0.0;0.0;0.0;0.0;0.0;6.0;47.0;25.0;22.0;0.0;62.0;2.0;28.0;22.0;17.0;111.0;17.0;0.0;2.0;4.0;0.0;0.0;0.0;16.0;888.0;888.0
Baturité;BATURITE;-4.333;-38.866694444444;1992;3;202.0;0.0;0.0;0.0;0.0;0.0;0.0;0.0;0.0;0.0;0.0;0.0;3.0;6.0;9.0;0.0;34.0;17.0;18.0;11.0;0.0;0.0;0.0;15.0;6.0;0.0;0.0;12.0;14.0;22.0;5.0;30.0
Baturité;BATURITE;-4.333;-38.866694444444;1992;4;210.0;10.0;0.0;35.0;13.0;17.0;28.0;32.0;0.0;2.0;4.0;8.0;0.0;0.0;6.0;15.0;12.0;0.0;0.0;0.0;0.0;0.0;2.0;12.0;0.0;0.0;0.0;0.0;0.0;0.0;14.0;888.0
Baturité;BATURITE;-4.333;-38.866694444444;1992;5;19.0;0.0;0.0;0.0;0.0;0.0;2.0;7.0;2.0;8.0;0.0;0.0;0.0;0.0;0.0;0.0;0.0;0.0;0.0;0.0;0.0;0.0;0.0;0.0;0.0;0.0;0.0;0.0;0.0;0.0;0.0;0.0
Baturité;BATURITE;-4.333;-38.866694444444;1992;6;47.0;16.0;19.0;0.0;0.0;0.0;0.0;0.0;6.0;6.0;0.0;0.0;0.0;0.0;0.0;0.0;0.0;0.0;0.0;0.0;0.0;0.0;0.0;0.0;0.0;0.0;0.0;0.0;0.0;0.0;0.0;888.0
Baturité;BATURITE;-4.333;-38.866694444444;1992;7;0.0;0.0;0.0;0.0;0.0;0.0;0.0;0.0;0.0;0.0;0.0;0.0;0.0;0.0;0.0;0.0;0.0;0.0;0.0;0.0;0.0;0.0;0.0;0.0;0.0;0.0;0.0;0.0;0.0;0.0;0.0;0.0
Baturité;BATURITE;-4.333;-38.866694444444;1992;8;0.0;0.0;0.0;0.0;0.0;0.0;0.0;0.0;0.0;0.0;0.0;0.0;0.0;0.0;0.0;0.0;0.0;0.0;0.0;0.0;0.0;0.0;0.0;0.0;0.0;0.0;0.0;0.0;0.0;0.0;0.0;0.0
Baturité;BATURITE;-4.333;-38.866694444444;1992;9;0.0;0.0;0.0;0.0;0.0;0.0;0.0;0.0;0.0;0.0;0.0;0.0;0.0;0.0;0.0;0.0;0.0;0.0;0.0;0.0;0.0;0.0;0.0;0.0;0.0;0.0;0.0;0.0;0.0;0.0;0.0;888.0
Baturité;BATURITE;-4.333;-38.866694444444;1992;10;0.0;0.0;0.0;0.0;0.0;0.0;0.0;0.0;0.0;0.0;0.0;0.0;0.0;0.0;0.0;0.0;0.0;0.0;0.0;0.0;0.0;0.0;0.0;0.0;0.0;0.0;0.0;0.0;0.0;0.0;0.0;0.0
Baturité;BATURITE;-4.333;-38.866694444444;1992;11;0.0;0.0;0.0;0.0;0.0;0.0;0.0;0.0;0.0;0.0;0.0;0.0;0.0;0.0;0.0;0.0;0.0;0.0;0.0;0.0;0.0;0.0;0.0;0.0;0.0;0.0;0.0;0.0;0.0;0.0;0.0;888.0
Baturité;BATURITE;-4.333;-38.866694444444;1992;12;0.0;0.0;0.0;0.0;0.0;0.0;0.0;0.0;0.0;0.0;0.0;0.0;0.0;0.0;0.0;0.0;0.0;0.0;0.0;0.0;0.0;0.0;0.0;0.0;0.0;0.0;0.0;0.0;0.0;0.0;0.0;0.0
Baturité;BATURITE;-4.333;-38.866694444444;1993;1;34.0;0.0;0.0;0.0;0.0;0.0;0.0;0.0;0.0;0.0;0.0;12.0;0.0;0.0;0.0;0.0;16.0;0.0;0.0;6.0;0.0;0.0;0.0;0.0;0.0;0.0;0.0;0.0;0.0;0.0;0.0;0.0
Baturité;BATURITE;-4.333;-38.866694444444;1993;2;30.0;0.0;0.0;0.0;0.0;0.0;0.0;0.0;0.0;0.0;0.0;0.0;0.0;0.0;0.0;0.0;0.0;0.0;0.0;12.0;0.0;0.0;0.0;0.0;15.0;3.0;0.0;0.0;0.0;888.0;888.0;888.0
Baturité;BATURITE;-4.333;-38.866694444444;1993;3;158.0;0.0;3.0;7.0;9.0;0.0;0.0;0.0;0.0;0.0;0.0;0.0;6.0;0.0;0.0;0.0;0.0;0.0;0.0;0.0;0.0;0.0;4.0;0.0;0.0;0.0;0.0;18.0;63.0;12.0;0.0;36.0
Baturité;BATURITE;-4.333;-38.866694444444;1993;4;95.0;0.0;0.0;0.0;0.0;5.0;0.0;0.0;0.0;0.0;0.0;0.0;0.0;0.0;0.0;0.0;0.0;0.0;0.0;0.0;0.0;0.0;5.0;35.0;0.0;0.0;29.0;5.0;3.0;13.0;0.0;888.0
Baturité;BATURITE;-4.333;-38.866694444444;1993;5;22.5;0.0;0.0;3.0;0.0;0.0;0.0;0.0;0.0;0.0;0.0;0.0;0.0;0.0;0.0;0.0;0.0;0.0;0.0;0.0;0.0;0.0;0.0;19.5;0.0;0.0;0.0;0.0;0.0;0.0;0.0;0.0
Baturité;BATURITE;-4.333;-38.866694444444;1993;6;24.0;0.0;0.0;0.0;0.0;0.0;0.0;0.0;0.0;0.0;3.0;21.0;0.0;0.0;0.0;0.0;0.0;0.0;0.0;0.0;0.0;0.0;0.0;0.0;0.0;0.0;0.0;0.0;0.0;0.0;0.0;888.0
Baturité;BATURITE;-4.333;-38.866694444444;1993;7;41.0;0.0;0.0;0.0;0.0;0.0;0.0;0.0;0.0;0.0;31.0;0.0;0.0;0.0;10.0;0.0;0.0;0.0;0.0;0.0;0.0;0.0;0.0;0.0;0.0;0.0;0.0;0.0;0.0;0.0;0.0;0.0
Baturité;BATURITE;-4.333;-38.866694444444;1993;8;0.0;0.0;0.0;0.0;0.0;0.0;0.0;0.0;0.0;0.0;0.0;0.0;0.0;0.0;0.0;0.0;0.0;0.0;0.0;0.0;0.0;0.0;0.0;0.0;0.0;0.0;0.0;0.0;0.0;0.0;0.0;0.0
Baturité;BATURITE;-4.333;-38.866694444444;1993;9;0.0;0.0;0.0;0.0;0.0;0.0;0.0;0.0;0.0;0.0;0.0;0.0;0.0;0.0;0.0;0.0;0.0;0.0;0.0;0.0;0.0;0.0;0.0;0.0;0.0;0.0;0.0;0.0;0.0;0.0;0.0;888.0
Baturité;BATURITE;-4.333;-38.866694444444;1993;10;0.0;0.0;0.0;0.0;0.0;0.0;0.0;0.0;0.0;0.0;0.0;0.0;0.0;0.0;0.0;0.0;0.0;0.0;0.0;0.0;0.0;0.0;0.0;0.0;0.0;0.0;0.0;0.0;0.0;0.0;0.0;0.0
Baturité;BATURITE;-4.333;-38.866694444444;1993;11;0.0;0.0;0.0;0.0;0.0;0.0;0.0;0.0;0.0;0.0;0.0;0.0;0.0;0.0;0.0;0.0;0.0;0.0;0.0;0.0;0.0;0.0;0.0;0.0;0.0;0.0;0.0;0.0;0.0;0.0;0.0;888.0
Baturité;BATURITE;-4.333;-38.866694444444;1993;12;30.0;0.0;0.0;0.0;0.0;0.0;0.0;0.0;0.0;0.0;0.0;30.0;0.0;0.0;0.0;0.0;0.0;0.0;0.0;0.0;0.0;0.0;0.0;0.0;0.0;0.0;0.0;0.0;0.0;0.0;0.0;0.0
Baturité;BATURITE;-4.333;-38.866694444444;1994;1;97.0;5.0;0.0;0.0;20.0;18.0;7.0;0.0;0.0;0.0;2.0;0.0;0.0;0.0;0.0;5.0;19.0;0.0;0.0;0.0;0.0;0.0;11.0;0.0;0.0;0.0;0.0;0.0;10.0;0.0;0.0;0.0
Baturité;BATURITE;-4.333;-38.866694444444;1994;2;164.0;0.0;0.0;0.0;0.0;0.0;0.0;20.0;0.0;22.0;2.0;0.0;0.0;0.0;7.0;6.0;0.0;27.0;9.0;0.0;0.0;31.0;0.0;0.0;0.0;0.0;16.0;11.0;13.0;888.0;888.0;888.0
Baturité;BATURITE;-4.333;-38.866694444444;1994;3;276.5;0.0;0.0;0.0;0.0;0.0;0.0;0.0;0.0;0.0;0.0;0.0;0.0;0.0;0.0;11.0;14.0;0.0;0.0;28.0;16.0;0.0;23.0;24.0;35.0;24.0;43.0;14.5;0.0;0.0;38.0;6.0
Baturité;BATURITE;-4.333;-38.866694444444;1994;4;250.0;0.0;0.0;21.0;10.0;0.0;0.0;58.0;0.0;14.0;0.0;0.0;0.0;0.0;0.0;38.0;0.0;4.0;24.0;6.0;22.0;0.0;0.0;0.0;0.0;0.0;0.0;17.0;36.0;0.0;0.0;888.0
Baturité;BATURITE;-4.333;-38.866694444444;1994;5;248.0;0.0;16.0;0.0;0.0;0.0;0.0;0.0;35.0;0.0;0.0;0.0;4.0;0.0;45.0;8.0;20.0;0.0;0.0;27.0;0.0;50.0;21.0;0.0;0.0;0.0;0.0;22.0;0.0;0.0;0.0;0.0
Baturité;BATURITE;-4.333;-38.866694444444;1994;6;243.0;0.0;0.0;0.0;0.0;0.0;0.0;55.0;0.0;0.0;0.0;0.0;0.0;10.0;0.0;0.0;23.0;0.0;0.0;0.0;0.0;6.0;0.0;0.0;0.0;0.0;10.0;8.0;0.0;85.0;46.0;888.0
Baturité;BATURITE;-4.333;-38.866694444444;1994;7;80.0;0.0;0.0;0.0;0.0;0.0;0.0;0.0;0.0;45.0;0.0;0.0;0.0;0.0;0.0;0.0;13.0;0.0;0.0;12.0;10.0;0.0;0.0;0.0;0.0;0.0;0.0;0.0;0.0;0.0;0.0;0.0
Baturité;BATURITE;-4.333;-38.866694444444;1994;8;0.0;0.0;0.0;0.0;0.0;0.0;0.0;0.0;0.0;0.0;0.0;0.0;0.0;0.0;0.0;0.0;0.0;0.0;0.0;0.0;0.0;0.0;0.0;0.0;0.0;0.0;0.0;0.0;0.0;0.0;0.0;0.0
Baturité;BATURITE;-4.333;-38.866694444444;1994;9;0.0;0.0;0.0;0.0;0.0;0.0;0.0;0.0;0.0;0.0;0.0;0.0;0.0;0.0;0.0;0.0;0.0;0.0;0.0;0.0;0.0;0.0;0.0;0.0;0.0;0.0;0.0;0.0;0.0;0.0;0.0;888.0
Baturité;BATURITE;-4.333;-38.866694444444;1994;10;0.0;0.0;0.0;0.0;0.0;0.0;0.0;0.0;0.0;0.0;0.0;0.0;0.0;0.0;0.0;0.0;0.0;0.0;0.0;0.0;0.0;0.0;0.0;0.0;0.0;0.0;0.0;0.0;0.0;0.0;0.0;0.0
Baturité;BATURITE;-4.333;-38.866694444444;1994;11;0.0;0.0;0.0;0.0;0.0;0.0;0.0;0.0;0.0;0.0;0.0;0.0;0.0;0.0;0.0;0.0;0.0;0.0;0.0;0.0;0.0;0.0;0.0;0.0;0.0;0.0;0.0;0.0;0.0;0.0;0.0;888.0
Baturité;BATURITE;-4.333;-38.866694444444;1994;12;86.0;0.0;0.0;0.0;0.0;0.0;0.0;0.0;0.0;0.0;0.0;0.0;0.0;0.0;0.0;12.0;0.0;0.0;0.0;0.0;0.0;0.0;0.0;0.0;0.0;0.0;0.0;19.0;18.0;18.0;19.0;0.0
Baturité;BATURITE;-4.333;-38.866694444444;1995;1;69.8;0.0;0.0;0.0;0.0;0.0;0.0;0.0;15.0;0.0;2.0;0.0;0.0;0.0;0.0;5.0;0.0;0.0;8.0;1.8;0.0;0.0;0.0;0.0;0.0;0.0;0.0;0.0;26.0;12.0;0.0;0.0
Baturité;BATURITE;-4.333;-38.866694444444;1995;2;122.5;0.0;0.0;23.0;3.0;0.0;0.0;0.0;3.0;14.0;3.0;10.0;0.0;0.0;0.0;0.0;0.0;5.0;0.0;10.0;0.0;14.0;0.0;0.0;0.0;25.5;12.0;0.0;0.0;888.0;888.0;888.0
Baturité;BATURITE;-4.333;-38.866694444444;1995;3;151.5;0.0;2.0;0.0;10.0;0.0;0.0;3.0;5.0;0.0;0.0;0.0;0.0;0.0;0.0;25.0;3.0;0.0;0.0;13.0;48.0;16.0;5.0;0.0;0.0;0.0;2.5;0.0;9.0;0.0;2.0;8.0
Baturité;BATURITE;-4.333;-38.866694444444;1995;4;347.1;0.0;0.0;0.0;0.0;0.0;27.0;18.5;78.0;21.0;18.0;20.0;12.0;6.0;4.0;29.0;26.0;11.0;5.0;0.0;0.0;22.0;0.0;0.0;0.0;4.0;5.0;0.6;28.0;0.0;12.0;888.0
Baturité;BATURITE;-4.333;-38.866694444444;1995;5;176.9;0.0;2.3;10.0;0.0;0.0;0.0;0.0;0.0;1.3;0.2;0.1;6.3;1.2;0.0;11.1;23.2;9.0;8.2;5.2;0.0;4.0;7.0;6.0;7.2;8.0;0.4;1.0;5.0;3.0;28.2;29.0
Baturité;BATURITE;-4.333;-38.866694444444;1995;6;116.0;0.0;2.0;15.0;22.0;10.0;0.0;0.0;0.0;0.0;0.0;0.0;0.0;0.0;5.0;5.0;6.0;0.0;0.0;3.0;0.0;5.0;15.0;0.0;0.0;0.0;25.0;3.0;0.0;0.0;0.0;888.0
Baturité;BATURITE;-4.333;-38.866694444444;1995;7;86.0;5.0;0.0;0.0;50.0;0.0;0.0;0.0;0.0;0.0;4.0;0.0;0.0;0.0;0.0;0.0;0.0;17.0;0.0;0.0;0.0;0.0;0.0;0.0;0.0;0.0;0.0;10.0;0.0;0.0;0.0;0.0
Baturité;BATURITE;-4.333;-38.866694444444;1995;8;0.0;0.0;0.0;0.0;0.0;0.0;0.0;0.0;0.0;0.0;0.0;0.0;0.0;0.0;0.0;0.0;0.0;0.0;0.0;0.0;0.0;0.0;0.0;0.0;0.0;0.0;0.0;0.0;0.0;0.0;0.0;0.0
Baturité;BATURITE;-4.333;-38.866694444444;1995;9;2.0;0.0;0.0;0.0;0.0;0.0;0.0;0.0;0.0;0.0;0.0;0.0;0.0;0.0;0.0;0.0;0.0;0.0;0.0;0.0;0.0;0.0;0.0;0.0;0.0;0.0;0.0;0.0;0.0;2.0;0.0;888.0
Baturité;BATURITE;-4.333;-38.866694444444;1995;10;4.5;0.0;0.0;0.0;0.0;0.0;0.0;0.0;0.0;0.0;2.0;0.0;0.0;0.0;0.0;0.0;0.0;0.0;0.0;0.0;0.0;0.0;0.0;0.0;0.0;0.0;0.0;0.0;0.0;0.0;1.5;1.0
Baturité;BATURITE;-4.333;-38.866694444444;1995;11;13.5;0.0;0.0;0.0;0.0;0.0;0.0;0.0;4.0;0.0;0.0;0.0;0.0;4.0;0.0;0.0;0.0;0.0;0.0;0.0;0.0;0.0;0.0;0.0;5.5;0.0;0.0;0.0;0.0;0.0;0.0;888.0
Baturité;BATURITE;-4.333;-38.866694444444;1995;12;3.0;0.0;0.0;0.0;0.0;0.0;0.0;0.0;0.0;0.0;0.0;0.0;0.0;0.0;0.0;0.0;0.0;0.0;0.0;0.0;0.0;0.0;0.0;0.0;0.0;0.0;0.0;0.0;3.0;0.0;0.0;0.0
Baturité;BATURITE;-4.333;-38.866694444444;1996;1;204.3;0.0;0.0;0.0;10.0;0.0;16.0;0.0;14.0;0.0;0.0;0.0;4.5;0.0;12.5;35.5;2.0;46.0;22.5;8.5;0.0;0.0;5.8;0.0;24.0;0.0;0.0;0.0;0.0;0.0;0.0;3.0
Baturité;BATURITE;-4.333;-38.866694444444;1996;2;105.5;0.0;3.0;0.0;0.0;0.0;4.0;0.0;0.0;0.0;0.0;0.0;1.5;2.5;9.5;4.0;12.0;0.0;0.0;21.0;28.0;0.0;0.0;0.0;2.5;0.0;10.0;5.5;2.0;0.0;888.0;888.0
Baturité;BATURITE;-4.333;-38.866694444444;1996;3;313.1;16.0;14.0;4.5;0.0;19.0;31.0;5.0;0.0;0.0;0.0;0.0;11.5;21.5;6.3;0.0;0.0;51.7;7.4;0.0;28.0;0.0;0.0;0.0;13.6;1.5;9.6;18.4;42.5;5.0;0.0;6.6
Baturité;BATURITE;-4.333;-38.866694444444;1996;4;326.7;27.8;51.8;12.5;0.0;5.5;12.0;8.5;9.5;6.5;14.3;0.0;0.0;0.0;15.6;28.0;7.1;0.7;0.0;0.0;19.8;14.0;0.0;5.5;41.4;6.4;3.8;0.0;20.0;10.2;5.8;888.0
Baturité;BATURITE;-4.333;-38.866694444444;1996;5;189.8;0.0;21.2;18.2;37.0;5.2;6.8;16.0;7.4;0.5;0.0;0.0;0.0;0.8;0.0;2.9;0.0;0.0;0.0;0.0;2.8;0.0;0.0;0.0;0.0;0.8;0.0;12.0;0.0;0.0;22.0;36.2
Baturité;BATURITE;-4.333;-38.866694444444;1996;6;41.4;0.0;0.0;10.2;0.0;0.0;0.0;1.0;0.0;0.0;11.8;0.0;0.0;0.0;0.0;0.0;0.0;0.0;0.0;2.8;0.0;0.0;0.0;0.0;0.0;0.0;0.0;0.0;15.6;0.0;0.0;888.0
Baturité;BATURITE;-4.333;-38.866694444444;1996;7;0.0;0.0;0.0;0.0;0.0;0.0;0.0;0.0;0.0;0.0;0.0;0.0;0.0;0.0;0.0;0.0;0.0;0.0;0.0;0.0;0.0;0.0;0.0;0.0;0.0;0.0;0.0;0.0;0.0;0.0;0.0;0.0
Baturité;BATURITE;-4.333;-38.866694444444;1996;8;36.6;0.0;0.0;7.5;8.5;8.5;0.0;0.0;0.0;0.0;0.0;0.0;0.0;0.0;0.0;0.0;0.0;0.0;0.0;10.1;2.0;0.0;0.0;0.0;0.0;0.0;0.0;0.0;0.0;0.0;0.0;0.0
Baturité;BATURITE;-4.333;-38.866694444444;1996;9;8.2;0.0;0.0;0.0;0.0;0.0;0.0;0.0;0.0;0.0;0.0;0.0;0.0;0.0;0.0;0.0;0.0;0.0;0.0;0.0;0.0;0.0;0.0;0.0;0.0;0.0;0.0;2.0;0.0;0.0;6.2;888.0
Baturité;BATURITE;-4.333;-38.866694444444;1996;10;25.9;0.0;0.0;0.0;0.0;0.0;0.0;0.0;0.0;0.0;0.0;0.0;0.0;0.0;2.0;0.0;0.0;10.0;2.5;0.0;0.0;0.0;0.0;0.0;0.0;11.4;0.0;0.0;0.0;0.0;0.0;0.0
Baturité;BATURITE;-4.333;-38.866694444444;1996;11;32.8;0.0;0.0;0.0;0.0;0.0;0.0;0.0;0.0;0.0;0.0;0.0;0.0;0.0;0.0;0.0;0.0;0.0;15.0;0.0;16.0;1.8;0.0;0.0;0.0;0.0;0.0;0.0;0.0;0.0;0.0;888.0
Baturité;BATURITE;-4.333;-38.866694444444;1996;12;0.0;0.0;0.0;0.0;0.0;0.0;0.0;0.0;0.0;0.0;0.0;0.0;0.0;0.0;0.0;0.0;0.0;0.0;0.0;0.0;0.0;0.0;0.0;0.0;0.0;0.0;0.0;0.0;0.0;0.0;0.0;0.0
Baturité;BATURITE;-4.333;-38.866694444444;1997;1;27.1;0.0;0.0;0.0;0.0;0.0;0.0;0.0;0.0;0.0;0.0;0.0;0.0;0.0;0.0;0.0;0.0;0.0;0.0;0.0;0.0;0.0;0.0;0.0;0.0;7.8;6.5;4.4;8.4;0.0;0.0;0.0
Baturité;BATURITE;-4.333;-38.866694444444;1997;2;39.6;0.0;0.0;3.6;0.0;0.0;0.0;0.0;0.0;16.2;0.0;0.0;0.0;0.4;1.4;0.0;0.0;3.2;1.4;1.0;0.6;0.4;11.4;0.0;0.0;0.0;0.0;0.0;0.0;888.0;888.0;888.0
Baturité;BATURITE;-4.333;-38.866694444444;1997;3;146.1;0.0;0.0;3.9;19.0;1.8;0.0;0.0;4.8;0.0;0.0;0.0;0.0;0.3;0.0;0.0;0.0;0.0;0.0;0.0;0.0;11.7;9.8;2.0;11.4;0.8;4.1;33.5;5.0;37.0;1.0;0.0
Baturité;BATURITE;-4.333;-38.866694444444;1997;4;195.5;0.0;20.8;6.4;13.9;1.2;0.0;16.0;1.7;0.8;0.0;5.8;3.8;11.0;11.5;0.7;9.0;0.0;0.0;5.0;0.0;2.9;8.3;0.0;1.8;12.9;36.0;0.0;6.9;0.0;19.1;888.0
Baturité;BATURITE;-4.333;-38.866694444444;1997;5;183.3;0.0;3.0;43.9;2.8;0.0;3.6;3.8;10.2;24.3;0.0;0.0;0.0;36.6;0.0;4.8;18.8;2.0;0.0;1.5;5.9;0.7;0.4;0.0;9.0;4.5;2.7;0.0;4.8;0.0;0.0;0.0
Baturité;BATURITE;-4.333;-38.866694444444;1997;6;10.8;0.0;0.0;0.0;0.0;0.0;0.0;0.0;0.0;0.0;0.0;0.0;0.0;0.0;0.0;0.0;0.0;0.0;0.0;0.0;0.0;0.0;0.0;0.0;0.0;0.0;0.0;0.0;0.0;10.8;0.0;888.0
Baturité;BATURITE;-4.333;-38.866694444444;1997;7;23.6;0.0;0.0;0.0;5.0;0.0;18.6;0.0;0.0;0.0;0.0;0.0;0.0;0.0;0.0;0.0;0.0;0.0;0.0;0.0;0.0;0.0;0.0;0.0;0.0;0.0;0.0;0.0;0.0;0.0;0.0;0.0
Baturité;BATURITE;-4.333;-38.866694444444;1997;8;0.0;0.0;0.0;0.0;0.0;0.0;0.0;0.0;0.0;0.0;0.0;0.0;0.0;0.0;0.0;0.0;0.0;0.0;0.0;0.0;0.0;0.0;0.0;0.0;0.0;0.0;0.0;0.0;0.0;0.0;0.0;0.0
Baturité;BATURITE;-4.333;-38.866694444444;1997;9;0.0;0.0;0.0;0.0;0.0;0.0;0.0;0.0;0.0;0.0;0.0;0.0;0.0;0.0;0.0;0.0;0.0;0.0;0.0;0.0;0.0;0.0;0.0;0.0;0.0;0.0;0.0;0.0;0.0;0.0;0.0;888.0
Baturité;BATURITE;-4.333;-38.866694444444;1997;10;0.0;0.0;0.0;0.0;0.0;0.0;0.0;0.0;0.0;0.0;0.0;0.0;0.0;0.0;0.0;0.0;0.0;0.0;0.0;0.0;0.0;0.0;0.0;0.0;0.0;0.0;0.0;0.0;0.0;0.0;0.0;0.0
Baturité;BATURITE;-4.333;-38.866694444444;1997;11;0.0;0.0;0.0;0.0;0.0;0.0;0.0;0.0;0.0;0.0;0.0;0.0;0.0;0.0;0.0;0.0;0.0;0.0;0.0;0.0;0.0;0.0;0.0;0.0;0.0;0.0;0.0;0.0;0.0;0.0;0.0;888.0
Baturité;BATURITE;-4.333;-38.866694444444;1997;12;54.4;0.0;0.0;0.0;0.0;0.0;0.0;0.0;0.0;0.0;0.0;0.0;0.0;0.0;0.0;0.0;0.0;0.0;0.0;0.0;0.0;0.0;0.0;38.8;0.0;0.0;0.0;0.0;0.0;0.0;15.6;0.0
Baturité;BATURITE;-4.333;-38.866694444444;1998;1;180.5;0.0;8.2;0.0;9.2;0.0;0.0;0.0;0.0;0.0;0.0;0.0;1.2;6.0;22.0;1.6;0.0;0.5;10.0;12.2;22.6;34.9;19.2;0.0;0.0;0.0;1.5;0.0;14.8;4.0;12.6;0.0
Baturité;BATURITE;-4.333;-38.866694444444;1998;2;97.5;0.0;23.1;4.3;0.5;0.0;0.0;0.0;0.0;0.0;0.0;0.0;0.0;0.0;1.2;0.0;0.0;0.0;14.9;38.2;15.3;0.0;0.0;0.0;0.0;0.0;0.0;0.0;0.0;888.0;888.0;888.0
Baturité;BATURITE;-4.333;-38.866694444444;1998;3;162.0;0.0;0.0;10.0;0.0;2.2;0.0;2.3;0.0;0.0;6.2;3.6;1.6;20.5;2.5;0.0;0.6;0.2;3.7;5.4;4.0;2.7;23.0;5.4;11.5;0.4;10.8;0.0;35.2;9.5;0.7;0.0
Baturité;BATURITE;-4.333;-38.866694444444;1998;4;91.3;5.7;13.6;8.5;0.0;0.0;0.0;0.0;10.0;0.0;0.0;0.0;3.4;2.2;0.0;7.3;2.5;0.0;0.0;0.8;0.0;0.0;0.0;0.0;0.0;13.5;0.0;9.0;0.0;0.0;14.8;888.0
Baturité;BATURITE;-4.333;-38.866694444444;1998;5;16.0;0.0;0.0;0.0;0.0;0.0;0.0;0.0;0.0;0.0;0.0;16.0;0.0;0.0;0.0;0.0;0.0;0.0;0.0;0.0;0.0;0.0;0.0;0.0;0.0;0.0;0.0;0.0;0.0;0.0;0.0;0.0
Baturité;BATURITE;-4.333;-38.866694444444;1998;6;0.0;0.0;0.0;0.0;0.0;0.0;0.0;0.0;0.0;0.0;0.0;0.0;0.0;0.0;0.0;0.0;0.0;0.0;0.0;0.0;0.0;0.0;0.0;0.0;0.0;0.0;0.0;0.0;0.0;0.0;0.0;888.0
Baturité;BATURITE;-4.333;-38.866694444444;1998;7;0.0;0.0;0.0;0.0;0.0;0.0;0.0;0.0;0.0;0.0;0.0;0.0;0.0;0.0;0.0;0.0;0.0;0.0;0.0;0.0;0.0;0.0;0.0;0.0;0.0;0.0;0.0;0.0;0.0;0.0;0.0;0.0
Baturité;BATURITE;-4.333;-38.866694444444;1998;8;0.0;0.0;0.0;0.0;0.0;0.0;0.0;0.0;0.0;0.0;0.0;0.0;0.0;0.0;0.0;0.0;0.0;0.0;0.0;0.0;0.0;0.0;0.0;0.0;0.0;0.0;0.0;0.0;0.0;0.0;0.0;0.0
Baturité;BATURITE;-4.333;-38.866694444444;1998;9;0.0;0.0;0.0;0.0;0.0;0.0;0.0;0.0;0.0;0.0;0.0;0.0;0.0;0.0;0.0;0.0;0.0;0.0;0.0;0.0;0.0;0.0;0.0;0.0;0.0;0.0;0.0;0.0;0.0;0.0;0.0;888.0
Baturité;BATURITE;-4.333;-38.866694444444;1998;10;0.0;0.0;0.0;0.0;0.0;0.0;0.0;0.0;0.0;0.0;0.0;0.0;0.0;0.0;0.0;0.0;0.0;0.0;0.0;0.0;0.0;0.0;0.0;0.0;0.0;0.0;0.0;0.0;0.0;0.0;0.0;0.0
Baturité;BATURITE;-4.333;-38.866694444444;1998;11;0.0;0.0;0.0;0.0;0.0;0.0;0.0;0.0;0.0;0.0;0.0;0.0;0.0;0.0;0.0;0.0;0.0;0.0;0.0;0.0;0.0;0.0;0.0;0.0;0.0;0.0;0.0;0.0;0.0;0.0;0.0;888.0
Baturité;BATURITE;-4.333;-38.866694444444;1998;12;23.6;0.0;0.0;0.0;0.0;0.0;0.0;0.0;0.0;0.0;0.0;0.0;0.0;0.0;0.0;0.0;0.0;0.0;0.0;0.0;0.0;0.0;0.0;16.8;0.0;0.0;0.0;0.0;0.0;6.8;0.0;0.0
Baturité;BATURITE;-4.333;-38.866694444444;1999;1;38.6;0.0;0.0;0.0;0.0;0.0;0.0;0.0;0.0;6.4;0.0;0.5;0.0;2.1;0.0;0.0;0.0;0.0;1.0;6.0;3.8;3.2;2.5;8.2;0.0;0.7;0.0;0.0;0.0;0.0;0.0;4.2
Baturité;BATURITE;-4.333;-38.866694444444;1999;2;78.1;0.0;0.0;0.0;2.5;0.0;0.0;2.8;0.0;0.0;0.0;4.5;0.0;0.0;0.0;0.0;0.0;29.0;1.6;0.0;0.0;0.0;8.5;11.4;0.0;0.0;4.8;6.8;6.2;888.0;888.0;888.0
Baturité;BATURITE;-4.333;-38.866694444444;1999;3;175.4;6.8;6.4;0.0;1.0;11.7;0.0;0.0;0.2;0.0;0.0;0.0;4.5;5.0;0.0;6.6;2.4;5.2;0.6;34.8;2.8;1.2;3.6;33.0;1.0;1.9;13.8;8.4;3.2;5.2;15.9;0.2
Baturité;BATURITE;-4.333;-38.866694444444;1999;4;200.2;0.0;1.6;0.0;0.0;3.2;13.8;0.0;0.0;0.0;7.9;7.9;8.6;33.6;27.6;17.2;6.0;0.0;0.0;0.0;0.0;29.7;0.0;0.0;8.0;0.0;4.6;3.0;0.0;9.3;18.2;888.0
Baturité;BATURITE;-4.333;-38.866694444444;1999;5;173.7;13.7;9.8;0.0;0.0;0.8;37.1;13.1;2.2;1.2;9.6;1.2;9.0;7.7;0.0;2.3;8.7;22.3;0.0;6.2;0.0;0.0;5.4;0.0;7.8;9.0;0.0;0.0;6.4;0.2;0.0;0.0
Baturité;BATURITE;-4.333;-38.866694444444;1999;6;63.8;0.0;0.0;0.0;0.0;0.0;0.0;0.0;0.0;0.0;0.0;48.0;15.8;0.0;0.0;0.0;0.0;0.0;0.0;0.0;0.0;0.0;0.0;0.0;0.0;0.0;0.0;0.0;0.0;0.0;0.0;888.0
Baturité;BATURITE;-4.333;-38.866694444444;1999;7;15.4;0.0;0.0;0.0;0.0;0.0;0.0;15.4;0.0;0.0;0.0;0.0;0.0;0.0;0.0;0.0;0.0;0.0;0.0;0.0;0.0;0.0;0.0;0.0;0.0;0.0;0.0;0.0;0.0;0.0;0.0;0.0
Baturité;BATURITE;-4.333;-38.866694444444;1999;8;0.0;0.0;0.0;0.0;0.0;0.0;0.0;0.0;0.0;0.0;0.0;0.0;0.0;0.0;0.0;0.0;0.0;0.0;0.0;0.0;0.0;0.0;0.0;0.0;0.0;0.0;0.0;0.0;0.0;0.0;0.0;0.0
Baturité;BATURITE;-4.333;-38.866694444444;1999;9;12.8;0.0;0.0;0.0;0.0;0.0;0.0;0.0;0.0;0.0;0.0;0.0;0.0;12.8;0.0;0.0;0.0;0.0;0.0;0.0;0.0;0.0;0.0;0.0;0.0;0.0;0.0;0.0;0.0;0.0;0.0;888.0
Baturité;BATURITE;-4.333;-38.866694444444;1999;10;0.0;0.0;0.0;0.0;0.0;0.0;0.0;0.0;0.0;0.0;0.0;0.0;0.0;0.0;0.0;0.0;0.0;0.0;0.0;0.0;0.0;0.0;0.0;0.0;0.0;0.0;0.0;0.0;0.0;0.0;0.0;0.0
Baturité;BATURITE;-4.333;-38.866694444444;1999;11;8.3;0.0;0.0;0.0;0.0;0.0;0.0;0.0;0.0;0.0;0.0;0.0;0.0;0.0;0.0;0.0;0.0;0.0;0.0;0.0;0.0;0.0;0.0;0.0;0.0;0.0;8.3;0.0;0.0;0.0;0.0;888.0
Baturité;BATURITE;-4.333;-38.866694444444;1999;12;41.0;0.0;0.0;0.0;0.0;0.0;0.0;0.0;0.0;4.1;0.0;0.0;0.0;0.0;0.0;0.0;0.0;0.0;0.0;0.0;0.0;0.0;6.2;15.6;1.3;0.0;3.8;0.0;9.0;0.0;0.0;1.0
Baturité;BATURITE;-4.333;-38.866694444444;2000;1;264.4;0.0;0.0;0.0;61.0;25.0;38.0;17.0;5.3;7.0;20.3;14.1;0.0;5.3;4.7;19.0;6.4;6.5;8.0;14.4;10.4;0.0;0.0;0.0;0.0;0.0;0.0;0.0;2.0;0.0;0.0;0.0
Baturité;BATURITE;-4.333;-38.866694444444;2000;2;176.1;0.0;0.0;0.0;0.0;0.0;0.0;0.0;0.0;0.0;17.3;0.0;0.0;5.0;1.5;0.0;0.0;9.0;5.4;15.4;0.0;2.2;0.0;31.3;15.3;22.0;20.8;28.3;2.1;0.5;888.0;888.0
Baturité;BATURITE;-4.333;-38.866694444444;2000;3;322.1;4.1;3.1;22.2;16.2;5.0;0.0;0.0;0.0;5.8;13.6;27.4;7.0;2.6;3.2;6.0;2.2;0.0;0.2;99.4;4.6;0.0;0.0;12.8;1.7;3.8;3.2;18.0;2.8;38.9;1.6;16.7
Baturité;BATURITE;-4.333;-38.866694444444;2000;4;327.2;7.0;30.2;16.1;0.0;0.0;0.0;2.0;15.2;11.2;2.2;15.8;4.8;0.5;61.8;0.0;1.8;1.6;4.4;3.9;29.6;4.5;6.0;0.0;7.2;27.0;28.9;0.6;2.4;8.8;33.7;888.0
Baturité;BATURITE;-4.333;-38.866694444444;2000;5;142.8;21.0;0.0;6.6;14.2;0.0;24.0;16.2;0.9;0.6;0.2;0.0;0.0;0.0;11.6;2.0;0.0;0.4;38.7;1.0;0.0;0.0;0.0;0.0;0.0;0.0;0.0;0.0;0.0;0.0;5.4;0.0
Baturité;BATURITE;-4.333;-38.866694444444;2000;6;119.8;0.0;0.0;0.0;0.0;0.0;0.0;14.6;0.0;30.2;3.8;0.0;3.2;0.0;0.0;23.4;18.0;20.2;0.6;0.0;0.0;0.0;0.0;0.0;0.0;0.0;0.0;5.8;0.0;0.0;0.0;888.0
Baturité;BATURITE;-4.333;-38.866694444444;2000;7;149.1;0.0;0.0;0.0;0.0;0.0;0.0;0.0;0.0;0.0;0.0;8.8;48.2;22.3;0.0;4.8;0.0;0.0;0.0;0.0;0.0;25.4;0.4;0.0;0.0;0.0;3.0;0.0;36.2;0.0;0.0;0.0
Baturité;BATURITE;-4.333;-38.866694444444;2000;8;131.2;5.0;61.6;2.8;0.0;0.0;0.0;20.2;5.7;4.8;15.0;0.0;0.0;0.0;0.0;0.0;0.0;0.0;0.0;0.0;0.0;0.0;0.0;0.0;0.0;14.6;1.5;0.0;0.0;0.0;0.0;0.0
Baturité;BATURITE;-4.333;-38.866694444444;2000;9;48.7;0.0;0.0;0.0;0.0;0.0;0.0;0.0;1.4;0.0;0.0;5.0;0.4;17.8;0.0;2.9;0.0;2.2;19.0;0.0;0.0;0.0;0.0;0.0;0.0;0.0;0.0;0.0;0.0;0.0;0.0;888.0
Baturité;BATURITE;-4.333;-38.866694444444;2000;10;0.0;0.0;0.0;0.0;0.0;0.0;0.0;0.0;0.0;0.0;0.0;0.0;0.0;0.0;0.0;0.0;0.0;0.0;0.0;0.0;0.0;0.0;0.0;0.0;0.0;0.0;0.0;0.0;0.0;0.0;0.0;0.0
Baturité;BATURITE;-4.333;-38.866694444444;2000;11;0.0;0.0;0.0;0.0;0.0;0.0;0.0;0.0;0.0;0.0;0.0;0.0;0.0;0.0;0.0;0.0;0.0;0.0;0.0;0.0;0.0;0.0;0.0;0.0;0.0;0.0;0.0;0.0;0.0;0.0;0.0;888.0
Baturité;BATURITE;-4.333;-38.866694444444;2000;12;18.1;0.0;0.0;0.0;0.0;0.0;0.0;0.0;0.0;0.0;0.0;0.0;0.0;0.8;0.0;6.2;6.4;0.8;0.0;0.0;0.0;0.0;0.0;3.4;0.0;0.0;0.0;0.5;0.0;0.0;0.0;0.0
Baturité;BATURITE;-4.333;-38.866694444444;2001;1;49.0;0.0;0.0;0.0;0.0;0.0;0.0;6.2;0.0;1.2;5.2;0.0;3.8;5.6;18.1;0.0;5.1;0.0;0.0;0.0;0.0;3.2;0.0;0.0;0.0;0.0;0.0;0.0;0.0;0.0;0.0;0.6
Baturité;BATURITE;-4.333;-38.866694444444;2001;2;50.2;6.8;0.0;0.0;0.0;1.8;0.0;0.0;0.0;0.0;13.4;0.0;11.8;0.8;6.2;0.0;0.0;0.0;0.0;0.0;0.0;8.0;0.0;0.0;0.0;0.0;1.4;0.0;0.0;888.0;888.0;888.0
Baturité;BATURITE;-4.333;-38.866694444444;2001;3;120.0;3.2;0.0;0.0;0.0;0.0;0.0;0.0;0.0;12.7;26.4;9.2;5.4;9.8;2.4;10.2;3.6;0.0;0.0;0.0;4.8;0.0;6.8;0.0;0.0;6.2;3.3;0.0;6.0;6.2;3.8;0.0
Baturité;BATURITE;-4.333;-38.866694444444;2001;4;360.4;6.4;6.6;7.2;0.0;0.0;12.0;2.6;3.2;0.0;0.0;118.0;1.1;1.6;7.3;3.4;1.2;7.1;5.8;69.7;2.5;21.9;8.8;0.0;0.0;16.2;0.0;0.0;35.6;15.8;6.4;888.0
Baturité;BATURITE;-4.333;-38.866694444444;2001;5;70.9;0.0;0.0;0.0;1.9;2.2;9.7;27.8;0.4;0.0;6.1;16.4;0.3;0.0;0.0;0.0;0.0;0.0;0.0;0.0;0.0;1.4;0.0;0.0;1.0;0.4;0.0;0.0;1.4;0.0;0.7;1.2
Baturité;BATURITE;-4.333;-38.866694444444;2001;6;61.0;2.6;0.0;1.3;6.4;26.7;0.0;0.0;1.3;0.0;0.0;0.6;3.2;0.0;6.8;2.3;0.0;0.0;0.0;0.0;0.0;0.0;0.0;3.6;0.0;0.0;0.0;2.3;2.9;1.0;0.0;888.0
Baturité;BATURITE;-4.333;-38.866694444444;2001;7;0.0;0.0;0.0;0.0;0.0;0.0;0.0;0.0;0.0;0.0;0.0;0.0;0.0;0.0;0.0;0.0;0.0;0.0;0.0;0.0;0.0;0.0;0.0;0.0;0.0;0.0;0.0;0.0;0.0;0.0;0.0;0.0
Baturité;BATURITE;-4.333;-38.866694444444;2001;8;0.0;0.0;0.0;0.0;0.0;0.0;0.0;0.0;0.0;0.0;0.0;0.0;0.0;0.0;0.0;0.0;0.0;0.0;0.0;0.0;0.0;0.0;0.0;0.0;0.0;0.0;0.0;0.0;0.0;0.0;0.0;0.0
Baturité;BATURITE;-4.333;-38.866694444444;2001;9;0.0;0.0;0.0;0.0;0.0;0.0;0.0;0.0;0.0;0.0;0.0;0.0;0.0;0.0;0.0;0.0;0.0;0.0;0.0;0.0;0.0;0.0;0.0;0.0;0.0;0.0;0.0;0.0;0.0;0.0;0.0;888.0
Baturité;BATURITE;-4.333;-38.866694444444;2001;10;0.0;0.0;0.0;0.0;0.0;0.0;0.0;0.0;0.0;0.0;0.0;0.0;0.0;0.0;0.0;0.0;0.0;0.0;0.0;0.0;0.0;0.0;0.0;0.0;0.0;0.0;0.0;0.0;0.0;0.0;0.0;0.0
Baturité;BATURITE;-4.333;-38.866694444444;2001;11;17.8;0.0;0.0;3.2;0.0;0.0;0.0;0.0;0.0;0.0;0.0;1.6;0.0;0.0;0.0;0.0;0.0;0.0;0.0;0.0;0.0;0.0;0.0;0.0;0.0;0.0;6.4;3.4;3.2;0.0;0.0;888.0
Baturité;BATURITE;-4.333;-38.866694444444;2001;12;24.6;0.0;0.0;0.0;0.0;1.6;0.0;0.0;0.0;5.2;0.0;8.6;2.2;0.0;0.0;0.0;0.0;2.2;0.0;0.0;0.0;0.0;0.0;0.0;0.0;0.0;0.0;0.0;4.8;0.0;0.0;0.0
Baturité;BATURITE;-4.333;-38.866694444444;2002;1;527.3;3.0;19.0;0.0;0.0;2.0;22.4;12.2;82.0;69.8;8.2;1.0;4.2;49.3;11.2;0.4;0.0;12.6;70.0;11.0;0.0;1.4;13.2;1.2;1.6;0.0;60.3;41.4;15.5;3.4;10.0;1.0
Baturité;BATURITE;-4.333;-38.866694444444;2002;2;59.0;1.6;0.0;0.0;0.0;0.0;0.0;0.0;0.0;0.0;10.6;0.0;10.3;4.0;4.2;4.1;0.0;0.0;0.8;14.2;0.0;0.0;0.0;0.0;0.0;0.0;9.2;0.0;0.0;888.0;888.0;888.0
Baturité;BATURITE;-4.333;-38.866694444444;2002;3;281.8;0.0;0.0;1.8;5.0;16.2;0.0;28.0;10.4;5.2;11.8;0.0;9.8;5.0;0.0;0.0;11.0;0.0;4.4;15.6;15.0;1.0;0.0;5.1;26.8;1.4;1.0;13.4;42.9;35.0;9.0;7.0
Baturité;BATURITE;-4.333;-38.866694444444;2002;4;295.1;5.6;1.9;0.0;58.0;2.4;8.6;19.0;20.2;0.0;41.7;19.0;0.0;6.0;2.6;9.0;0.0;0.0;3.4;0.0;0.0;10.6;10.2;1.0;0.0;4.0;7.0;38.0;16.4;10.5;0.0;888.0
Baturité;BATURITE;-4.333;-38.866694444444;2002;5;180.2;21.4;29.2;2.4;0.0;0.0;4.0;7.4;1.0;0.0;0.6;26.0;26.8;0.0;0.0;0.0;0.0;6.1;0.0;0.0;3.0;0.0;0.0;19.6;13.5;0.0;16.4;2.8;0.0;0.0;0.0;0.0
Baturité;BATURITE;-4.333;-38.866694444444;2002;6;144.9;31.0;0.0;0.0;0.0;0.0;0.0;0.0;8.5;8.1;0.0;0.0;0.0;15.9;21.6;0.0;9.0;0.0;1.4;28.5;3.7;8.0;5.0;0.0;0.0;0.0;4.2;0.0;0.0;0.0;0.0;888.0
Baturité;BATURITE;-4.333;-38.866694444444;2002;7;29.8;7.2;5.6;0.0;5.0;0.0;0.0;0.0;0.0;0.0;2.0;10.0;0.0;0.0;0.0;0.0;0.0;0.0;0.0;0.0;0.0;0.0;0.0;0.0;0.0;0.0;0.0;0.0;0.0;0.0;0.0;0.0
Baturité;BATURITE;-4.333;-38.866694444444;2002;8;0.0;0.0;0.0;0.0;0.0;0.0;0.0;0.0;0.0;0.0;0.0;0.0;0.0;0.0;0.0;0.0;0.0;0.0;0.0;0.0;0.0;0.0;0.0;0.0;0.0;0.0;0.0;0.0;0.0;0.0;0.0;0.0
Baturité;BATURITE;-4.333;-38.866694444444;2002;9;0.0;0.0;0.0;0.0;0.0;0.0;0.0;0.0;0.0;0.0;0.0;0.0;0.0;0.0;0.0;0.0;0.0;0.0;0.0;0.0;0.0;0.0;0.0;0.0;0.0;0.0;0.0;0.0;0.0;0.0;0.0;888.0
Baturité;BATURITE;-4.333;-38.866694444444;2002;10;0.0;0.0;0.0;0.0;0.0;0.0;0.0;0.0;0.0;0.0;0.0;0.0;0.0;0.0;0.0;0.0;0.0;0.0;0.0;0.0;0.0;0.0;0.0;0.0;0.0;0.0;0.0;0.0;0.0;0.0;0.0;0.0
Baturité;BATURITE;-4.333;-38.866694444444;2002;11;0.0;0.0;0.0;0.0;0.0;0.0;0.0;0.0;0.0;0.0;0.0;0.0;0.0;0.0;0.0;0.0;0.0;0.0;0.0;0.0;0.0;0.0;0.0;0.0;0.0;0.0;0.0;0.0;0.0;0.0;0.0;888.0
Baturité;BATURITE;-4.333;-38.866694444444;2002;12;0.0;0.0;0.0;0.0;0.0;0.0;0.0;0.0;0.0;0.0;0.0;0.0;0.0;0.0;0.0;0.0;0.0;0.0;0.0;0.0;0.0;0.0;0.0;0.0;0.0;0.0;0.0;0.0;0.0;0.0;0.0;0.0
Baturité;BATURITE;-4.333;-38.866694444444;2003;1;62.5;0.0;0.0;0.0;0.0;0.0;0.0;0.0;0.0;0.0;0.0;0.0;0.0;0.0;0.0;0.0;0.0;0.0;0.0;2.3;7.6;5.0;0.0;0.6;1.2;2.0;6.0;5.8;4.6;0.0;13.8;13.6
Baturité;BATURITE;-4.333;-38.866694444444;2003;2;202.7;9.0;9.6;14.8;3.4;0.0;20.4;0.0;0.0;0.0;1.2;0.0;7.0;3.4;1.6;0.0;2.8;2.4;0.0;7.6;0.0;53.0;0.0;21.0;10.2;10.6;3.3;3.2;18.2;888.0;888.0;888.0
Baturité;BATURITE;-4.333;-38.866694444444;2003;3;277.4;23.2;0.0;6.6;36.5;11.0;0.0;2.9;7.6;0.0;0.0;11.3;12.7;11.5;20.6;8.8;4.3;0.0;2.3;15.0;0.0;17.5;0.0;0.0;23.7;4.8;4.0;5.2;1.6;35.4;10.9;0.0
Baturité;BATURITE;-4.333;-38.866694444444;2003;4;330.0;18.2;5.0;33.0;0.0;46.3;0.0;13.0;4.9;18.0;31.4;21.0;9.3;0.0;0.0;0.0;0.0;0.0;0.0;9.6;4.7;0.0;26.4;17.7;0.0;1.7;12.8;11.4;21.3;0.3;24.0;888.0
Baturité;BATURITE;-4.333;-38.866694444444;2003;5;203.1;51.8;0.7;0.0;0.0;47.0;0.0;0.0;0.0;11.0;0.0;32.8;0.0;2.0;0.0;3.0;18.3;0.0;0.0;10.0;4.2;0.0;0.0;0.0;0.0;0.0;0.0;0.0;0.0;4.2;4.7;13.4
Baturité;BATURITE;-4.333;-38.866694444444;2003;6;134.2;1.8;0.0;0.0;0.0;45.7;15.6;0.0;0.0;0.0;6.2;3.0;6.2;0.0;0.0;9.6;9.2;4.0;0.0;0.0;0.0;31.4;1.5;0.0;0.0;0.0;0.0;0.0;0.0;0.0;0.0;888.0
Baturité;BATURITE;-4.333;-38.866694444444;2003;7;13.1;0.0;0.0;0.0;0.0;0.0;0.0;0.0;0.0;0.0;0.0;0.0;13.1;0.0;0.0;0.0;0.0;0.0;0.0;0.0;0.0;0.0;0.0;0.0;0.0;0.0;0.0;0.0;0.0;0.0;0.0;0.0
Baturité;BATURITE;-4.333;-38.866694444444;2003;8;20.8;0.0;0.0;0.0;0.0;0.0;0.0;0.0;0.0;0.0;0.0;0.0;0.0;0.0;0.0;0.0;0.0;0.0;0.0;0.0;0.0;0.0;0.0;0.0;7.0;0.0;0.0;3.0;10.8;0.0;0.0;0.0
Baturité;BATURITE;-4.333;-38.866694444444;2003;9;0.0;0.0;0.0;0.0;0.0;0.0;0.0;0.0;0.0;0.0;0.0;0.0;0.0;0.0;0.0;0.0;0.0;0.0;0.0;0.0;0.0;0.0;0.0;0.0;0.0;0.0;0.0;0.0;0.0;0.0;0.0;888.0
Baturité;BATURITE;-4.333;-38.866694444444;2003;10;0.0;0.0;0.0;0.0;0.0;0.0;0.0;0.0;0.0;0.0;0.0;0.0;0.0;0.0;0.0;0.0;0.0;0.0;0.0;0.0;0.0;0.0;0.0;0.0;0.0;0.0;0.0;0.0;0.0;0.0;0.0;0.0
Baturité;BATURITE;-4.333;-38.866694444444;2003;11;14.5;5.0;0.0;0.0;0.0;0.0;0.3;0.0;0.0;0.0;0.0;0.0;5.6;0.0;0.0;0.0;0.0;0.0;0.0;0.0;0.0;0.0;0.0;0.0;0.0;0.0;3.6;0.0;0.0;0.0;0.0;888.0
Baturité;BATURITE;-4.333;-38.866694444444;2003;12;21.1;4.0;0.0;0.0;0.0;0.0;0.0;0.0;0.0;0.0;0.0;5.2;3.0;0.0;0.0;4.4;0.0;1.5;0.0;0.0;0.0;3.0;0.0;0.0;0.0;0.0;0.0;0.0;0.0;0.0;0.0;0.0
Baturité;BATURITE;-4.333;-38.866694444444;2004;1;333.1;0.0;0.0;5.6;0.0;0.0;0.0;0.0;0.0;2.7;0.0;0.0;12.8;7.9;12.4;41.2;0.0;0.0;21.7;0.0;0.0;16.0;20.0;37.0;34.8;8.4;21.5;4.0;48.0;17.7;15.9;5.5
Baturité;BATURITE;-4.333;-38.866694444444;2004;2;299.5;3.0;8.4;13.0;17.9;3.2;21.0;23.7;2.0;19.4;5.3;0.0;0.0;30.8;50.5;11.0;14.2;26.4;0.0;0.0;0.0;2.0;2.4;0.0;14.0;6.8;4.5;2.4;0.0;17.6;888.0;888.0
Baturité;BATURITE;-4.333;-38.866694444444;2004;3;141.6;7.8;0.0;0.0;0.0;4.8;0.0;13.0;14.2;3.4;0.0;14.6;5.0;3.0;0.0;4.0;0.6;18.0;14.2;6.7;0.0;0.0;3.0;8.3;3.8;0.0;4.2;0.0;13.0;0.0;0.0;0.0
Baturité;BATURITE;-4.333;-38.866694444444;2004;4;122.0;2.0;11.5;0.0;0.0;12.4;0.0;0.0;0.0;8.9;0.0;0.0;0.0;0.0;0.0;0.0;0.0;0.0;3.0;25.2;0.0;0.0;2.0;28.0;0.0;0.0;18.0;11.0;0.0;0.0;0.0;888.0
Baturité;BATURITE;-4.333;-38.866694444444;2004;5;62.3;5.0;0.0;0.0;0.0;24.0;2.9;2.0;0.0;1.4;0.0;3.2;0.0;0.0;0.0;0.0;0.0;0.0;12.0;0.0;6.0;2.0;0.0;0.0;0.0;2.4;0.0;0.0;0.0;0.0;1.4;0.0
Baturité;BATURITE;-4.333;-38.866694444444;2004;6;243.9;30.8;34.0;0.0;0.0;0.0;2.0;5.0;14.6;0.0;9.3;0.0;4.6;0.0;0.0;5.0;0.0;0.0;14.2;8.0;4.6;35.8;15.0;2.0;0.0;0.0;0.0;15.6;26.4;17.0;0.0;888.0
Baturité;BATURITE;-4.333;-38.866694444444;2004;7;60.9;0.0;0.0;0.0;19.0;0.0;0.0;0.0;0.0;0.5;1.0;0.0;0.0;0.0;0.0;1.7;30.6;0.0;0.0;0.0;0.0;0.0;8.1;0.0;0.0;0.0;0.0;0.0;0.0;0.0;0.0;0.0
Baturité;BATURITE;-4.333;-38.866694444444;2004;8;0.0;0.0;0.0;0.0;0.0;0.0;0.0;0.0;0.0;0.0;0.0;0.0;0.0;0.0;0.0;0.0;0.0;0.0;0.0;0.0;0.0;0.0;0.0;0.0;0.0;0.0;0.0;0.0;0.0;0.0;0.0;0.0
Baturité;BATURITE;-4.333;-38.866694444444;2004;9;0.0;0.0;0.0;0.0;0.0;0.0;0.0;0.0;0.0;0.0;0.0;0.0;0.0;0.0;0.0;0.0;0.0;0.0;0.0;0.0;0.0;0.0;0.0;0.0;0.0;0.0;0.0;0.0;0.0;0.0;0.0;888.0
Baturité;BATURITE;-4.333;-38.866694444444;2004;10;0.0;0.0;0.0;0.0;0.0;0.0;0.0;0.0;0.0;0.0;0.0;0.0;0.0;0.0;0.0;0.0;0.0;0.0;0.0;0.0;0.0;0.0;0.0;0.0;0.0;0.0;0.0;0.0;0.0;0.0;0.0;0.0
Baturité;BATURITE;-4.333;-38.866694444444;2004;11;0.0;0.0;0.0;0.0;0.0;0.0;0.0;0.0;0.0;0.0;0.0;0.0;0.0;0.0;0.0;0.0;0.0;0.0;0.0;0.0;0.0;0.0;0.0;0.0;0.0;0.0;0.0;0.0;0.0;0.0;0.0;888.0
Baturité;BATURITE;-4.333;-38.866694444444;2004;12;0.0;0.0;0.0;0.0;0.0;0.0;0.0;0.0;0.0;0.0;0.0;0.0;0.0;0.0;0.0;0.0;0.0;0.0;0.0;0.0;0.0;0.0;0.0;0.0;0.0;0.0;0.0;0.0;0.0;0.0;0.0;0.0
Baturité;BATURITE;-4.333;-38.866694444444;2005;1;34.8;0.0;0.0;0.0;0.0;0.0;0.0;0.0;0.0;0.0;0.0;0.0;0.0;0.0;0.0;0.0;0.0;0.0;0.0;3.2;0.0;0.0;0.0;0.0;0.0;26.4;5.2;0.0;0.0;0.0;0.0;0.0
Baturité;BATURITE;-4.333;-38.866694444444;2005;2;72.7;0.0;0.0;0.0;0.0;0.0;0.0;0.0;4.0;0.0;0.0;0.0;0.0;0.0;0.0;0.0;34.2;15.6;0.0;0.0;0.0;0.0;0.0;15.6;0.0;0.0;2.0;1.3;0.0;888.0;888.0;888.0
Baturité;BATURITE;-4.333;-38.866694444444;2005;3;127.4;0.0;0.0;0.3;0.0;0.0;0.0;0.0;0.0;0.0;0.0;0.6;5.0;0.0;4.0;0.0;0.0;0.0;0.0;7.0;3.0;13.8;3.0;29.4;10.3;9.5;12.2;12.0;4.3;0.0;1.2;11.8
Baturité;BATURITE;-4.333;-38.866694444444;2005;4;300.9;9.0;0.0;0.0;4.6;8.8;0.0;0.0;18.0;23.6;6.4;40.5;55.4;0.0;5.4;37.0;13.5;8.0;0.0;1.8;5.2;0.0;0.0;0.0;0.0;0.0;0.0;0.0;0.0;7.8;55.9;888.0
Baturité;BATURITE;-4.333;-38.866694444444;2005;5;259.7;0.0;0.0;4.0;15.0;4.2;0.3;5.1;0.0;2.8;0.0;0.0;29.0;13.0;27.5;0.0;1.6;5.7;5.9;3.8;16.6;14.0;12.3;15.6;53.4;4.2;2.0;5.0;3.0;9.3;0.0;6.4
Baturité;BATURITE;-4.333;-38.866694444444;2005;6;240.5;5.2;20.8;25.6;3.0;2.8;5.0;7.6;2.0;107.0;11.2;0.0;0.0;2.8;9.0;0.0;0.0;0.0;6.3;8.0;0.0;0.4;0.0;0.0;1.2;0.0;0.0;16.4;6.2;0.0;0.0;888.0
Baturité;BATURITE;-4.333;-38.866694444444;2005;7;13.9;0.0;0.0;0.0;0.5;0.0;0.8;0.0;12.6;0.0;0.0;0.0;0.0;0.0;0.0;0.0;0.0;0.0;0.0;0.0;0.0;0.0;0.0;0.0;0.0;0.0;0.0;0.0;0.0;0.0;0.0;0.0
Baturité;BATURITE;-4.333;-38.866694444444;2005;8;0.0;0.0;0.0;0.0;0.0;0.0;0.0;0.0;0.0;0.0;0.0;0.0;0.0;0.0;0.0;0.0;0.0;0.0;0.0;0.0;0.0;0.0;0.0;0.0;0.0;0.0;0.0;0.0;0.0;0.0;0.0;0.0
Baturité;BATURITE;-4.333;-38.866694444444;2005;9;0.0;0.0;0.0;0.0;0.0;0.0;0.0;0.0;0.0;0.0;0.0;0.0;0.0;0.0;0.0;0.0;0.0;0.0;0.0;0.0;0.0;0.0;0.0;0.0;0.0;0.0;0.0;0.0;0.0;0.0;0.0;888.0
Baturité;BATURITE;-4.333;-38.866694444444;2005;10;0.0;0.0;0.0;0.0;0.0;0.0;0.0;0.0;0.0;0.0;0.0;0.0;0.0;0.0;0.0;0.0;0.0;0.0;0.0;0.0;0.0;0.0;0.0;0.0;0.0;0.0;0.0;0.0;0.0;0.0;0.0;0.0
Baturité;BATURITE;-4.333;-38.866694444444;2005;11;0.0;0.0;0.0;0.0;0.0;0.0;0.0;0.0;0.0;0.0;0.0;0.0;0.0;0.0;0.0;0.0;0.0;0.0;0.0;0.0;0.0;0.0;0.0;0.0;0.0;0.0;0.0;0.0;0.0;0.0;0.0;888.0
Baturité;BATURITE;-4.333;-38.866694444444;2005;12;18.4;0.0;0.0;0.0;0.0;0.0;0.0;0.0;0.0;0.0;0.0;0.0;0.0;0.0;0.0;0.0;0.0;0.0;0.0;0.0;0.0;0.0;0.0;0.0;0.0;18.4;0.0;0.0;0.0;0.0;0.0;0.0
Baturité;BATURITE;-4.333;-38.866694444444;2006;1;2.6;0.0;0.0;0.0;0.0;0.0;0.0;0.0;0.0;0.0;0.0;0.0;0.0;0.0;0.0;0.0;0.0;0.0;0.0;0.0;2.6;0.0;0.0;0.0;0.0;0.0;0.0;0.0;0.0;0.0;0.0;0.0
Baturité;BATURITE;-4.333;-38.866694444444;2006;2;48.7;0.0;11.8;0.0;6.9;4.0;0.0;0.0;0.0;0.0;0.0;0.0;6.2;0.0;0.8;1.2;0.4;6.0;1.2;1.5;5.3;0.0;0.0;0.0;0.0;0.0;3.4;0.0;0.0;888.0;888.0;888.0
Baturité;BATURITE;-4.333;-38.866694444444;2006;3;220.3;2.1;6.0;9.2;2.0;9.0;0.0;0.0;0.0;0.0;0.0;0.0;0.0;26.8;5.2;20.4;20.2;7.9;2.6;3.3;9.0;1.4;14.6;8.4;30.0;0.0;7.8;19.0;0.0;6.6;2.0;6.8
Baturité;BATURITE;-4.333;-38.866694444444;2006;4;242.7;16.0;11.3;0.8;0.0;5.0;0.0;0.0;27.0;0.0;0.0;13.0;23.2;0.8;0.0;2.4;40.2;21.2;1.0;0.0;0.0;9.2;17.3;5.8;11.0;12.2;9.4;1.6;0.8;8.4;5.1;888.0
Baturité;BATURITE;-4.333;-38.866694444444;2006;5;259.4;58.9;1.8;6.6;0.8;6.0;11.4;2.8;9.8;15.6;11.0;30.6;2.4;0.0;9.0;17.6;20.4;4.4;0.0;0.0;1.2;4.5;0.0;0.2;5.0;0.0;5.0;7.2;0.0;4.4;1.0;21.8
Baturité;BATURITE;-4.333;-38.866694444444;2006;6;222.0;0.0;0.0;0.0;0.0;0.6;5.0;0.0;0.0;4.2;0.0;0.0;44.6;26.2;20.0;0.0;3.8;5.0;6.0;0.0;0.0;0.0;43.0;0.0;2.0;0.0;5.0;6.4;26.0;24.2;0.0;888.0
Baturité;BATURITE;-4.333;-38.866694444444;2006;7;61.4;0.0;0.0;0.0;0.0;0.0;6.8;27.0;0.0;0.0;0.0;0.0;2.4;21.0;0.0;0.0;0.0;0.0;0.8;0.4;0.0;0.0;0.0;0.0;0.0;0.0;0.0;3.0;0.0;0.0;0.0;0.0
Baturité;BATURITE;-4.333;-38.866694444444;2006;8;29.0;0.0;0.0;0.0;0.0;0.0;0.0;0.0;1.2;0.0;0.0;0.0;1.6;0.0;0.0;0.0;23.2;0.0;0.0;0.0;0.0;0.0;0.0;0.0;0.0;0.0;0.0;0.0;0.0;3.0;0.0;0.0
Baturité;BATURITE;-4.333;-38.866694444444;2006;9;0.0;0.0;0.0;0.0;0.0;0.0;0.0;0.0;0.0;0.0;0.0;0.0;0.0;0.0;0.0;0.0;0.0;0.0;0.0;0.0;0.0;0.0;0.0;0.0;0.0;0.0;0.0;0.0;0.0;0.0;0.0;888.0
Baturité;BATURITE;-4.333;-38.866694444444;2006;10;0.0;0.0;0.0;0.0;0.0;0.0;0.0;0.0;0.0;0.0;0.0;0.0;0.0;0.0;0.0;0.0;0.0;0.0;0.0;0.0;0.0;0.0;0.0;0.0;0.0;0.0;0.0;0.0;0.0;0.0;0.0;0.0
Baturité;BATURITE;-4.333;-38.866694444444;2006;11;12.9;0.0;0.0;8.2;0.0;0.0;0.0;0.0;0.0;0.0;0.0;0.0;0.0;0.0;0.5;0.0;0.0;0.0;0.0;0.0;0.0;0.0;0.0;1.4;0.0;0.0;0.0;0.0;0.0;2.8;0.0;888.0
Baturité;BATURITE;-4.333;-38.866694444444;2006;12;11.6;0.0;0.0;0.0;0.0;0.0;0.0;0.0;0.0;0.0;0.0;0.0;0.0;0.0;0.0;0.0;3.0;0.0;0.0;0.0;0.0;0.0;0.0;0.0;3.2;0.0;3.6;0.0;0.0;1.8;0.0;0.0
Baturité;BATURITE;-4.333;-38.866694444444;2007;1;44.9;0.0;19.0;1.8;14.6;3.4;2.3;3.2;0.0;0.0;0.0;0.0;0.0;0.0;0.0;0.0;0.0;0.0;0.0;0.0;0.0;0.0;0.0;0.0;0.0;0.0;0.0;0.0;0.0;0.0;0.0;0.6
Baturité;BATURITE;-4.333;-38.866694444444;2007;2;174.0;0.0;0.0;0.0;1.3;1.4;2.3;1.2;0.0;0.0;0.0;0.0;0.0;0.6;1.4;19.8;30.2;19.1;21.0;0.0;11.0;1.6;23.7;19.6;19.8;0.0;0.0;0.0;0.0;888.0;888.0;888.0
Baturité;BATURITE;-4.333;-38.866694444444;2007;3;164.4;16.4;35.0;1.4;0.0;6.0;24.6;4.5;19.0;0.0;0.0;0.0;4.2;0.4;7.8;8.0;13.8;0.0;0.0;2.6;0.4;0.0;1.6;0.8;0.0;2.4;0.5;0.0;0.0;15.0;0.0;0.0
Baturité;BATURITE;-4.333;-38.866694444444;2007;4;348.3;5.0;0.0;0.0;0.0;14.2;3.4;0.0;0.0;15.0;0.0;30.4;3.3;0.0;1.3;0.0;1.4;39.0;53.0;12.4;1.5;14.5;30.4;0.0;14.0;20.5;0.0;33.2;8.0;35.8;12.0;888.0
Baturité;BATURITE;-4.333;-38.866694444444;2007;5;138.7;7.2;63.6;6.6;0.0;27.0;4.8;0.0;7.6;0.0;0.0;0.0;0.0;12.5;4.0;0.0;0.0;0.0;0.0;0.0;2.2;0.0;0.0;3.2;0.0;0.0;0.0;0.0;0.0;0.0;0.0;0.0
Baturité;BATURITE;-4.333;-38.866694444444;2007;6;83.4;10.3;2.8;22.0;3.0;0.0;18.0;2.7;0.0;0.0;2.4;0.0;0.2;0.0;12.0;0.0;0.0;0.0;2.0;0.0;0.0;0.0;0.0;0.0;0.0;0.0;0.0;0.0;0.0;8.0;0.0;888.0
Baturité;BATURITE;-4.333;-38.866694444444;2007;7;8.6;0.0;0.0;0.0;0.0;0.0;0.0;0.0;0.0;8.6;0.0;0.0;0.0;0.0;0.0;0.0;0.0;0.0;0.0;0.0;0.0;0.0;0.0;0.0;0.0;0.0;0.0;0.0;0.0;0.0;0.0;0.0
Baturité;BATURITE;-4.333;-38.866694444444;2007;8;8.0;8.0;0.0;0.0;0.0;0.0;0.0;0.0;0.0;0.0;0.0;0.0;0.0;0.0;0.0;0.0;0.0;0.0;0.0;0.0;0.0;0.0;0.0;0.0;0.0;0.0;0.0;0.0;0.0;0.0;0.0;0.0
Baturité;BATURITE;-4.333;-38.866694444444;2007;9;0.0;0.0;0.0;0.0;0.0;0.0;0.0;0.0;0.0;0.0;0.0;0.0;0.0;0.0;0.0;0.0;0.0;0.0;0.0;0.0;0.0;0.0;0.0;0.0;0.0;0.0;0.0;0.0;0.0;0.0;0.0;888.0
Baturité;BATURITE;-4.333;-38.866694444444;2007;10;0.0;0.0;0.0;0.0;0.0;0.0;0.0;0.0;0.0;0.0;0.0;0.0;0.0;0.0;0.0;0.0;0.0;0.0;0.0;0.0;0.0;0.0;0.0;0.0;0.0;0.0;0.0;0.0;0.0;0.0;0.0;0.0
Baturité;BATURITE;-4.333;-38.866694444444;2007;11;2.4;0.0;0.0;0.0;0.0;0.0;0.0;0.0;0.0;0.0;0.0;0.0;0.0;0.0;0.0;1.4;0.0;0.0;0.0;0.0;0.0;0.0;0.0;0.0;0.0;0.0;0.0;0.0;0.0;0.0;1.0;888.0
Baturité;BATURITE;-4.333;-38.866694444444;2007;12;25.3;0.0;0.0;0.0;0.0;0.0;0.0;0.0;0.0;0.0;4.6;0.0;0.0;2.0;1.5;0.8;0.8;0.6;0.0;0.0;0.0;0.0;0.0;3.4;0.3;0.0;7.2;0.9;0.0;0.0;0.0;3.2
Baturité;BATURITE;-4.333;-38.866694444444;2008;1;129.6;0.0;0.0;18.0;0.0;0.0;0.0;2.2;0.0;0.0;0.0;0.0;1.4;8.4;25.0;0.2;2.8;2.5;13.0;0.0;0.6;0.4;0.0;12.6;0.0;4.0;0.0;0.0;2.0;10.0;26.0;0.5
Baturité;BATURITE;-4.333;-38.866694444444;2008;2;42.4;9.8;0.0;0.0;0.0;0.0;0.0;0.0;0.0;0.0;0.0;4.0;0.0;0.0;0.0;0.0;3.0;9.0;0.0;0.0;9.2;6.4;1.0;0.0;0.0;0.0;0.0;0.0;0.0;0.0;888.0;888.0
Baturité;BATURITE;-4.333;-38.866694444444;2008;3;207.6;1.8;0.0;0.0;5.6;20.0;0.0;31.0;13.0;16.0;12.8;0.0;4.6;9.4;0.0;0.0;0.0;7.0;6.0;1.6;0.0;24.0;0.0;3.0;0.0;7.0;0.0;16.0;2.8;0.0;25.0;1.0
Baturité;BATURITE;-4.333;-38.866694444444;2008;4;408.9;12.0;22.8;2.8;2.6;42.0;15.0;0.0;18.0;41.0;1.2;7.0;20.6;0.8;0.0;35.0;0.0;5.4;2.0;0.0;9.0;40.0;28.0;0.0;11.0;0.4;3.6;0.0;0.3;56.0;32.4;888.0
Baturité;BATURITE;-4.333;-38.866694444444;2008;5;149.8;0.0;0.0;0.2;0.0;16.4;3.8;0.0;0.0;0.0;0.0;16.2;0.8;33.0;0.0;1.7;0.5;5.2;19.8;3.7;0.0;0.0;0.0;8.0;0.5;4.5;0.4;0.0;14.6;0.0;1.2;19.3
Baturité;BATURITE;-4.333;-38.866694444444;2008;6;33.2;0.0;0.0;0.0;0.0;0.0;1.2;0.0;0.0;21.6;0.0;0.0;0.0;0.0;0.0;0.0;0.4;6.6;0.0;0.0;0.0;0.0;0.0;0.0;3.4;0.0;0.0;0.0;0.0;0.0;0.0;888.0
Baturité;BATURITE;-4.333;-38.866694444444;2008;7;48.3;2.0;12.6;0.0;0.0;0.0;1.6;2.4;1.3;0.0;0.0;0.0;0.0;17.0;0.0;0.0;0.0;2.0;2.4;1.2;0.0;0.0;0.0;0.0;0.0;0.0;0.0;5.0;0.8;0.0;0.0;0.0
Baturité;BATURITE;-4.333;-38.866694444444;2008;8;39.6;0.0;0.0;0.7;0.0;0.0;0.0;1.6;3.8;33.5;0.0;0.0;0.0;0.0;0.0;0.0;0.0;0.0;0.0;0.0;0.0;0.0;0.0;0.0;0.0;0.0;0.0;0.0;0.0;0.0;0.0;0.0
Baturité;BATURITE;-4.333;-38.866694444444;2008;9;0.0;0.0;0.0;0.0;0.0;0.0;0.0;0.0;0.0;0.0;0.0;0.0;0.0;0.0;0.0;0.0;0.0;0.0;0.0;0.0;0.0;0.0;0.0;0.0;0.0;0.0;0.0;0.0;0.0;0.0;0.0;888.0
Baturité;BATURITE;-4.333;-38.866694444444;2008;10;0.0;0.0;0.0;0.0;0.0;0.0;0.0;0.0;0.0;0.0;0.0;0.0;0.0;0.0;0.0;0.0;0.0;0.0;0.0;0.0;0.0;0.0;0.0;0.0;0.0;0.0;0.0;0.0;0.0;0.0;0.0;0.0
Baturité;BATURITE;-4.333;-38.866694444444;2008;11;0.0;0.0;0.0;0.0;0.0;0.0;0.0;0.0;0.0;0.0;0.0;0.0;0.0;0.0;0.0;0.0;0.0;0.0;0.0;0.0;0.0;0.0;0.0;0.0;0.0;0.0;0.0;0.0;0.0;0.0;0.0;888.0
Baturité;BATURITE;-4.333;-38.866694444444;2008;12;0.0;0.0;0.0;0.0;0.0;0.0;0.0;0.0;0.0;0.0;0.0;0.0;0.0;0.0;0.0;0.0;0.0;0.0;0.0;0.0;0.0;0.0;0.0;0.0;0.0;0.0;0.0;0.0;0.0;0.0;0.0;0.0
Baturité;BATURITE;-4.333;-38.866694444444;2009;1;39.3;0.0;0.0;0.0;0.0;0.0;0.0;2.4;0.0;0.0;0.3;0.0;0.0;0.0;2.0;0.0;0.0;2.6;10.5;0.0;0.0;0.0;11.5;0.0;0.0;0.0;10.0;0.0;0.0;0.0;0.0;0.0
Baturité;BATURITE;-4.333;-38.866694444444;2009;2;226.9;9.0;38.0;25.0;1.2;0.0;2.7;0.0;0.0;0.8;0.0;0.0;1.0;0.0;19.8;10.0;0.6;1.8;0.3;11.0;0.0;6.6;6.8;42.0;33.2;3.5;0.0;4.6;9.0;888.0;888.0;888.0
Baturité;BATURITE;-4.333;-38.866694444444;2009;3;323.7;16.8;3.9;7.0;52.8;5.0;3.8;0.2;27.5;0.0;1.0;7.0;34.0;2.2;10.8;0.0;7.0;6.7;0.0;0.0;14.8;1.5;18.5;14.8;16.0;4.4;9.0;10.6;1.0;15.0;30.0;2.4
Baturité;BATURITE;-4.333;-38.866694444444;2009;4;261.7;2.5;4.0;1.2;14.8;6.0;0.0;0.0;0.0;33.0;30.0;6.2;0.0;28.0;3.5;1.4;6.2;9.2;12.5;0.0;16.0;5.4;47.0;0.0;0.0;14.6;4.3;0.0;9.4;0.0;6.5;888.0
Baturité;BATURITE;-4.333;-38.866694444444;2009;5;273.5;1.2;0.0;34.0;4.0;30.0;22.0;2.4;3.8;8.0;0.0;8.4;8.6;2.3;18.0;2.0;10.6;0.0;14.6;4.2;0.0;4.0;5.7;7.6;20.0;20.4;10.0;12.8;3.6;14.0;0.0;1.3
Baturité;BATURITE;-4.333;-38.866694444444;2009;6;136.3;2.6;0.2;34.0;2.0;10.3;2.2;21.6;0.0;0.0;1.3;4.0;0.2;0.0;0.0;3.0;0.0;0.2;0.0;0.0;1.8;0.4;0.0;13.5;1.8;22.6;1.5;0.3;9.4;3.4;0.0;888.0
Baturité;BATURITE;-4.333;-38.866694444444;2009;7;101.4;0.0;0.0;4.2;0.0;0.0;1.4;7.0;13.0;0.0;0.0;3.4;2.4;9.0;0.0;0.0;0.0;2.0;0.0;0.0;0.0;0.0;4.0;29.4;25.6;0.0;0.0;0.0;0.0;0.0;0.0;0.0
Baturité;BATURITE;-4.333;-38.866694444444;2009;8;49.8;0.0;0.0;0.0;0.0;0.0;3.5;0.0;2.6;0.0;4.4;0.0;0.0;0.0;0.0;0.0;0.0;0.0;0.0;0.0;0.0;0.0;0.0;0.0;0.0;0.7;17.0;21.6;0.0;0.0;0.0;0.0
Baturité;BATURITE;-4.333;-38.866694444444;2009;9;0.0;0.0;0.0;0.0;0.0;0.0;0.0;0.0;0.0;0.0;0.0;0.0;0.0;0.0;0.0;0.0;0.0;0.0;0.0;0.0;0.0;0.0;0.0;0.0;0.0;0.0;0.0;0.0;0.0;0.0;0.0;888.0
Baturité;BATURITE;-4.333;-38.866694444444;2009;10;0.0;0.0;0.0;0.0;0.0;0.0;0.0;0.0;0.0;0.0;0.0;0.0;0.0;0.0;0.0;0.0;0.0;0.0;0.0;0.0;0.0;0.0;0.0;0.0;0.0;0.0;0.0;0.0;0.0;0.0;0.0;0.0
Baturité;BATURITE;-4.333;-38.866694444444;2009;11;0.0;0.0;0.0;0.0;0.0;0.0;0.0;0.0;0.0;0.0;0.0;0.0;0.0;0.0;0.0;0.0;0.0;0.0;0.0;0.0;0.0;0.0;0.0;0.0;0.0;0.0;0.0;0.0;0.0;0.0;0.0;888.0
Baturité;BATURITE;-4.333;-38.866694444444;2009;12;0.0;0.0;0.0;0.0;0.0;0.0;0.0;0.0;0.0;0.0;0.0;0.0;0.0;0.0;0.0;0.0;0.0;0.0;0.0;0.0;0.0;0.0;0.0;0.0;0.0;0.0;0.0;0.0;0.0;0.0;0.0;0.0
Baturité;BATURITE;-4.333;-38.866694444444;2010;1;142.3;0.0;8.7;6.4;35.0;0.0;0.0;0.4;0.0;0.0;1.2;0.0;0.0;0.0;0.0;0.0;0.0;0.0;0.0;0.0;17.2;0.0;0.0;0.0;0.0;0.9;0.8;34.0;25.0;10.2;1.5;1.0
Baturité;BATURITE;-4.333;-38.866694444444;2010;2;29.3;3.0;0.0;0.0;0.0;0.0;0.0;0.0;0.3;0.0;26.0;0.0;0.0;0.0;0.0;0.0;0.0;0.0;0.0;0.0;0.0;0.0;0.0;0.0;0.0;0.0;0.0;0.0;0.0;888.0;888.0;888.0
Baturité;BATURITE;-4.333;-38.866694444444;2010;3;72.4;0.0;0.0;0.0;0.0;0.0;0.0;0.0;0.0;0.0;0.0;0.0;0.0;0.0;3.8;0.0;0.0;0.0;0.0;0.0;12.4;11.2;18.0;0.0;0.0;0.0;18.6;0.0;0.0;8.4;0.0;0.0
Baturité;BATURITE;-4.333;-38.866694444444;2010;4;187.3;0.0;0.0;1.2;5.0;0.0;0.0;2.4;0.0;0.8;7.4;45.4;6.8;2.0;0.0;0.0;0.0;9.6;15.2;3.0;32.1;1.2;5.8;8.0;19.0;9.2;12.0;0.0;0.0;1.2;0.0;888.0
Baturité;BATURITE;-4.333;-38.866694444444;2010;5;22.5;1.5;0.0;2.4;0.0;0.0;0.0;9.4;0.0;0.0;0.0;0.0;0.0;0.0;0.0;0.0;0.0;0.0;0.0;0.0;0.0;0.0;0.0;0.0;0.6;0.0;0.0;7.0;1.6;0.0;0.0;0.0
Baturité;BATURITE;-4.333;-38.866694444444;2010;6;31.1;2.5;0.0;0.0;6.0;15.0;0.0;0.0;0.0;0.0;0.0;0.0;0.0;0.0;0.0;0.0;0.0;0.0;7.6;0.0;0.0;0.0;0.0;0.0;0.0;0.0;0.0;0.0;0.0;0.0;0.0;888.0
Baturité;BATURITE;-4.333;-38.866694444444;2010;7;0.0;0.0;0.0;0.0;0.0;0.0;0.0;0.0;0.0;0.0;0.0;0.0;0.0;0.0;0.0;0.0;0.0;0.0;0.0;0.0;0.0;0.0;0.0;0.0;0.0;0.0;0.0;0.0;0.0;0.0;0.0;0.0
Baturité;BATURITE;-4.333;-38.866694444444;2010;8;0.0;0.0;0.0;0.0;0.0;0.0;0.0;0.0;0.0;0.0;0.0;0.0;0.0;0.0;0.0;0.0;0.0;0.0;0.0;0.0;0.0;0.0;0.0;0.0;0.0;0.0;0.0;0.0;0.0;0.0;0.0;0.0
Baturité;BATURITE;-4.333;-38.866694444444;2010;9;0.0;0.0;0.0;0.0;0.0;0.0;0.0;0.0;0.0;0.0;0.0;0.0;0.0;0.0;0.0;0.0;0.0;0.0;0.0;0.0;0.0;0.0;0.0;0.0;0.0;0.0;0.0;0.0;0.0;0.0;0.0;888.0
Baturité;BATURITE;-4.333;-38.866694444444;2010;10;0.0;0.0;0.0;0.0;0.0;0.0;0.0;0.0;0.0;0.0;0.0;0.0;0.0;0.0;0.0;0.0;0.0;0.0;0.0;0.0;0.0;0.0;0.0;0.0;0.0;0.0;0.0;0.0;0.0;0.0;0.0;0.0
Baturité;BATURITE;-4.333;-38.866694444444;2010;11;0.0;0.0;0.0;0.0;0.0;0.0;0.0;0.0;0.0;0.0;0.0;0.0;0.0;0.0;0.0;0.0;0.0;0.0;0.0;0.0;0.0;0.0;0.0;0.0;0.0;0.0;0.0;0.0;0.0;0.0;0.0;888.0
Baturité;BATURITE;-4.333;-38.866694444444;2010;12;115.7;0.0;0.0;0.0;0.0;0.0;0.0;0.0;0.0;0.0;0.0;0.0;0.0;3.6;36.0;14.5;0.0;0.0;25.0;11.8;1.4;0.0;0.0;6.4;0.0;2.0;13.0;0.0;0.0;0.0;2.0;0.0
Baturité;BATURITE;-4.333;-38.866694444444;2011;1;252.2;0.0;2.4;0.8;7.0;12.4;3.8;0.0;0.4;23.4;49.0;2.0;1.2;4.3;3.8;0.0;0.0;0.0;1.6;1.2;23.0;3.2;3.3;0.0;13.0;54.8;14.0;0.0;4.4;13.0;7.2;3.0
Baturité;BATURITE;-4.333;-38.866694444444;2011;2;132.8;9.0;0.0;0.0;4.0;0.0;5.8;0.0;0.0;10.8;6.6;3.0;1.0;3.4;3.2;0.0;0.0;0.0;0.0;8.0;18.8;9.6;14.8;13.0;0.0;0.8;18.0;2.4;0.6;888.0;888.0;888.0
Baturité;BATURITE;-4.333;-38.866694444444;2011;3;221.3;0.5;0.0;0.0;0.0;2.3;0.0;33.8;8.6;53.5;8.0;42.0;10.6;1.2;0.3;0.0;0.0;0.0;0.0;0.0;0.4;0.0;0.0;0.0;0.0;12.4;0.0;8.6;4.2;30.4;4.5;0.0
Baturité;BATURITE;-4.333;-38.866694444444;2011;4;143.0;0.8;5.4;15.8;9.0;10.0;0.0;0.0;0.0;8.3;0.0;18.0;3.6;1.0;10.4;6.8;1.4;0.0;10.4;3.8;0.0;0.0;0.5;4.8;8.2;17.8;1.0;0.0;1.4;4.6;0.0;888.0
Baturité;BATURITE;-4.333;-38.866694444444;2011;5;141.8;0.0;34.0;2.4;8.0;0.0;0.0;0.0;0.0;0.0;12.0;51.0;2.0;0.0;0.0;0.0;14.0;0.0;0.0;6.2;3.0;0.0;0.0;0.0;2.2;7.0;0.0;0.0;0.0;0.0;0.0;0.0
Baturité;BATURITE;-4.333;-38.866694444444;2011;6;41.4;0.0;0.0;0.0;11.2;0.4;0.0;0.0;0.0;0.9;0.0;0.0;2.4;0.0;0.0;0.0;0.0;0.0;0.0;1.4;4.0;0.0;17.5;1.0;0.0;0.0;0.0;0.0;0.0;0.0;2.6;888.0
Baturité;BATURITE;-4.333;-38.866694444444;2011;7;121.4;0.0;0.0;0.0;0.0;0.0;6.0;0.0;0.8;33.0;21.6;0.0;0.0;35.6;0.0;0.0;0.0;15.0;4.6;0.0;0.0;0.0;0.0;0.0;0.0;0.4;0.0;0.0;0.0;0.0;0.0;4.4
Baturité;BATURITE;-4.333;-38.866694444444;2011;8;30.4;4.6;0.0;0.0;0.0;0.0;0.0;0.0;0.0;0.0;0.0;0.0;0.0;0.0;0.0;0.0;0.0;0.0;0.0;0.0;0.0;0.0;0.0;0.0;0.0;0.0;24.6;1.2;0.0;0.0;0.0;0.0
Baturité;BATURITE;-4.333;-38.866694444444;2011;9;3.6;0.0;0.0;0.0;0.0;0.0;0.0;0.0;0.0;0.0;0.0;0.0;0.0;0.0;0.0;0.0;0.0;0.0;0.0;3.6;0.0;0.0;0.0;0.0;0.0;0.0;0.0;0.0;999.0;999.0;999.0;888.0
Baturité;BATURITE;-4.333;-38.866694444444;2011;10;57.3;0.0;0.0;0.0;0.0;0.0;0.0;0.0;0.0;0.0;0.0;0.0;0.0;7.8;0.0;1.4;0.0;3.2;0.0;0.0;16.6;11.5;14.0;0.0;0.0;0.0;0.0;0.0;0.0;2.0;0.0;0.8
Baturité;BATURITE;-4.333;-38.866694444444;2011;11;15.5;0.0;1.4;5.7;3.0;0.0;0.0;0.0;0.0;0.0;0.0;0.0;0.0;0.0;4.0;0.0;0.0;0.0;0.0;0.0;0.0;0.0;0.8;0.6;0.0;0.0;0.0;0.0;0.0;0.0;0.0;888.0
Baturité;BATURITE;-4.333;-38.866694444444;2011;12;6.7;0.0;0.0;0.0;0.0;0.0;0.0;0.7;0.0;0.0;0.0;0.0;0.0;0.0;0.0;0.0;0.0;0.0;0.0;0.0;0.0;1.2;2.0;2.8;0.0;0.0;0.0;0.0;0.0;999.0;0.0;0.0
Baturité;BATURITE;-4.333;-38.866694444444;2012;1;34.5;0.0;0.0;0.0;0.0;0.0;0.0;0.0;0.0;0.0;0.0;0.0;0.0;0.0;0.0;0.0;0.0;0.0;0.0;0.0;0.0;0.0;0.0;0.0;34.5;0.0;0.0;0.0;0.0;0.0;0.0;0.0
Baturité;BATURITE;-4.333;-38.866694444444;2012;2;222.5;0.0;0.0;0.0;0.0;0.0;0.0;0.0;0.0;0.0;0.0;0.0;0.0;0.0;0.0;2.6;0.2;10.0;70.0;6.8;22.0;5.0;1.0;0.0;0.0;2.2;74.0;8.6;15.6;4.5;888.0;888.0
Baturité;BATURITE;-4.333;-38.866694444444;2012;3;105.3;14.2;0.0;0.0;1.0;0.0;3.0;1.6;0.0;13.4;4.0;4.3;0.0;0.4;0.0;0.5;7.0;0.0;0.0;0.0;9.6;0.0;9.8;0.2;0.0;1.6;2.0;19.6;2.4;10.7;0.0;0.0
Baturité;BATURITE;-4.333;-38.866694444444;2012;4;43.6;0.0;0.0;8.4;0.0;0.0;0.0;0.0;0.0;0.0;0.0;2.2;0.0;0.0;0.0;0.0;9.2;3.4;0.0;1.0;0.8;10.4;5.8;0.0;2.4;0.0;0.0;0.0;0.0;0.0;0.0;888.0
Baturité;BATURITE;-4.333;-38.866694444444;2012;5;69.1;4.0;0.0;0.0;0.0;0.0;0.0;0.0;0.0;0.0;0.0;0.0;21.0;0.0;0.0;0.8;0.4;0.0;2.0;12.0;27.4;0.0;0.0;1.5;0.0;0.0;0.0;0.0;0.0;0.0;0.0;0.0
Baturité;BATURITE;-4.333;-38.866694444444;2012;6;75.4;0.0;0.0;16.8;1.0;0.0;0.0;0.0;0.0;0.0;0.0;0.0;6.8;0.0;0.0;0.0;0.0;2.0;0.0;1.0;0.0;0.0;1.0;15.8;0.0;0.0;31.0;0.0;0.0;0.0;0.0;888.0
Baturité;BATURITE;-4.333;-38.866694444444;2012;7;0.0;0.0;0.0;0.0;0.0;0.0;0.0;0.0;0.0;0.0;0.0;0.0;0.0;0.0;0.0;0.0;0.0;0.0;0.0;0.0;0.0;0.0;0.0;0.0;0.0;0.0;0.0;0.0;0.0;0.0;0.0;0.0
Baturité;BATURITE;-4.333;-38.866694444444;2012;8;0.0;0.0;0.0;0.0;0.0;0.0;0.0;0.0;0.0;0.0;0.0;0.0;0.0;0.0;0.0;0.0;0.0;0.0;0.0;0.0;0.0;0.0;0.0;0.0;0.0;0.0;0.0;0.0;0.0;0.0;0.0;0.0
Baturité;BATURITE;-4.333;-38.866694444444;2012;9;0.0;0.0;0.0;0.0;0.0;0.0;0.0;0.0;0.0;0.0;0.0;0.0;0.0;0.0;0.0;0.0;0.0;0.0;0.0;0.0;0.0;0.0;0.0;0.0;0.0;0.0;0.0;0.0;0.0;0.0;0.0;888.0
Baturité;BATURITE;-4.333;-38.866694444444;2012;10;0.0;0.0;0.0;0.0;0.0;0.0;0.0;0.0;0.0;0.0;0.0;0.0;0.0;0.0;0.0;0.0;0.0;0.0;0.0;0.0;0.0;0.0;0.0;0.0;0.0;0.0;0.0;0.0;0.0;0.0;0.0;0.0
Baturité;BATURITE;-4.333;-38.866694444444;2012;11;0.0;0.0;0.0;0.0;0.0;0.0;0.0;0.0;0.0;0.0;0.0;0.0;0.0;0.0;0.0;0.0;0.0;0.0;0.0;0.0;0.0;0.0;0.0;0.0;0.0;0.0;0.0;0.0;0.0;0.0;0.0;888.0
Baturité;BATURITE;-4.333;-38.866694444444;2012;12;0.0;0.0;0.0;0.0;0.0;0.0;0.0;0.0;0.0;0.0;0.0;0.0;0.0;0.0;0.0;0.0;0.0;0.0;0.0;0.0;0.0;0.0;0.0;0.0;0.0;0.0;0.0;0.0;0.0;0.0;0.0;0.0
Baturité;BATURITE;-4.333;-38.866694444444;2013;1;37.6;0.0;0.0;9.6;0.0;0.0;0.0;13.0;0.0;0.0;0.0;0.0;0.0;0.0;0.0;6.0;0.0;9.0;0.0;0.0;0.0;0.0;0.0;0.0;0.0;0.0;0.0;0.0;0.0;0.0;0.0;0.0
Baturité;BATURITE;-4.333;-38.866694444444;2013;2;78.8;0.0;0.0;0.0;0.0;0.0;0.0;0.0;0.0;0.0;0.0;0.0;7.0;4.6;0.0;7.2;5.0;14.0;17.0;21.0;3.0;0.0;0.0;0.0;0.0;0.0;0.0;0.0;0.0;888.0;888.0;888.0
Baturité;BATURITE;-4.333;-38.866694444444;2013;3;111.8;0.0;0.0;0.0;0.0;0.0;0.0;0.0;0.0;0.0;0.0;0.0;0.0;0.0;0.0;0.0;0.0;0.0;15.4;0.0;17.0;9.4;0.0;6.8;6.6;5.0;2.6;1.0;13.0;16.0;19.0;0.0
Baturité;BATURITE;-4.333;-38.866694444444;2013;4;218.5;0.8;1.0;8.0;0.0;12.0;1.4;0.4;0.0;6.4;14.0;0.0;0.0;0.0;0.0;0.0;0.0;0.0;5.4;21.5;39.0;0.0;3.6;63.4;11.0;16.0;6.0;0.0;0.0;4.0;4.6;888.0
Baturité;BATURITE;-4.333;-38.866694444444;2013;5;195.8;10.0;5.0;1.0;0.0;0.0;5.8;1.6;0.0;3.6;23.0;0.0;0.0;0.0;3.0;42.8;0.0;0.0;10.2;81.0;0.0;0.0;1.8;0.0;7.0;0.0;0.0;0.0;0.0;0.0;0.0;0.0
Baturité;BATURITE;-4.333;-38.866694444444;2013;6;126.4;0.0;0.0;0.0;0.0;12.0;0.0;15.0;0.0;1.5;0.0;0.0;0.0;21.0;4.5;0.0;0.0;0.0;0.0;0.0;0.0;0.0;14.0;8.4;0.0;0.0;0.0;0.0;0.0;0.0;50.0;888.0
Baturité;BATURITE;-4.333;-38.866694444444;2013;7;59.8;0.0;0.0;0.0;8.5;33.0;0.0;0.0;0.0;0.0;2.8;0.0;0.0;0.0;0.0;15.5;0.0;0.0;0.0;0.0;0.0;0.0;0.0;0.0;0.0;0.0;0.0;0.0;0.0;0.0;0.0;0.0
Baturité;BATURITE;-4.333;-38.866694444444;2013;8;0.0;0.0;0.0;0.0;0.0;0.0;0.0;0.0;0.0;0.0;0.0;0.0;0.0;0.0;0.0;0.0;0.0;0.0;0.0;0.0;0.0;0.0;0.0;0.0;0.0;0.0;0.0;0.0;0.0;0.0;0.0;0.0
Baturité;BATURITE;-4.333;-38.866694444444;2013;9;0.0;0.0;0.0;0.0;0.0;0.0;0.0;0.0;0.0;0.0;0.0;0.0;0.0;0.0;0.0;0.0;0.0;0.0;0.0;0.0;0.0;0.0;0.0;0.0;0.0;0.0;0.0;0.0;0.0;0.0;0.0;888.0
Baturité;BATURITE;-4.333;-38.866694444444;2013;10;0.0;0.0;0.0;0.0;0.0;0.0;0.0;0.0;0.0;0.0;0.0;0.0;0.0;0.0;0.0;0.0;0.0;0.0;0.0;0.0;0.0;0.0;0.0;0.0;0.0;0.0;0.0;0.0;0.0;0.0;0.0;0.0
Baturité;BATURITE;-4.333;-38.866694444444;2013;11;0.0;0.0;0.0;0.0;0.0;0.0;0.0;0.0;0.0;0.0;0.0;0.0;0.0;0.0;0.0;0.0;0.0;0.0;0.0;0.0;0.0;0.0;0.0;0.0;0.0;0.0;0.0;0.0;0.0;0.0;0.0;888.0
Baturité;BATURITE;-4.333;-38.866694444444;2013;12;15.0;0.0;0.0;0.0;0.0;0.0;0.0;0.0;0.0;0.0;0.0;0.0;0.0;0.0;0.0;0.0;0.0;0.0;0.0;0.0;15.0;999.0;999.0;999.0;999.0;999.0;999.0;999.0;999.0;999.0;999.0;999.0
Baturité;BATURITE;-4.333;-38.866694444444;2014;1;62.8;0.5;0.0;7.0;3.0;0.6;18.0;1.0;0.0;0.0;1.6;0.0;0.0;20.6;0.0;0.0;2.7;0.0;0.0;0.0;0.0;0.0;0.0;0.0;0.0;0.0;0.0;4.0;0.0;0.0;0.0;3.8
Baturité;BATURITE;-4.333;-38.866694444444;2014;2;117.3;0.0;0.0;2.5;0.0;0.0;0.0;8.0;7.0;0.0;0.0;1.6;6.2;20.7;0.0;18.4;8.0;30.0;0.0;0.0;12.0;1.5;1.4;0.0;0.0;0.0;0.0;0.0;0.0;888.0;888.0;888.0
Baturité;BATURITE;-4.333;-38.866694444444;2014;3;292.7;0.0;0.0;0.0;10.0;25.0;0.0;0.0;0.0;4.0;36.5;24.0;29.0;21.4;8.0;5.4;13.4;23.0;4.0;30.6;8.0;0.0;0.0;2.0;0.0;0.0;0.0;0.0;0.0;14.0;9.4;25.0
Baturité;BATURITE;-4.333;-38.866694444444;2014;4;194.4;27.4;7.0;0.0;6.8;0.0;42.0;9.0;3.4;23.0;0.0;0.0;0.0;0.0;0.0;7.2;0.0;0.0;0.0;21.0;0.0;1.0;5.0;1.6;0.0;0.0;0.0;3.0;6.8;29.0;1.2;888.0
Baturité;BATURITE;-4.333;-38.866694444444;2014;5;141.4;25.0;12.6;0.0;5.0;0.0;0.0;0.0;0.0;2.0;0.0;0.0;5.0;0.0;0.0;31.6;0.0;0.0;0.0;0.0;0.0;0.0;32.4;4.2;0.0;0.0;0.0;0.0;0.0;16.0;7.6;0.0
Baturité;BATURITE;-4.333;-38.866694444444;2014;6;35.1;0.0;0.0;0.0;0.0;0.0;0.0;8.6;0.0;0.0;0.0;2.0;0.0;0.0;0.0;2.2;0.0;0.0;0.0;0.0;5.8;0.0;0.0;0.0;4.0;0.5;0.0;8.0;4.0;0.0;0.0;888.0
Baturité;BATURITE;-4.333;-38.866694444444;2014;7;0.0;0.0;0.0;0.0;0.0;0.0;0.0;0.0;0.0;0.0;0.0;0.0;0.0;0.0;0.0;0.0;0.0;0.0;0.0;0.0;0.0;0.0;0.0;0.0;0.0;0.0;0.0;0.0;0.0;0.0;0.0;0.0
Baturité;BATURITE;-4.333;-38.866694444444;2014;8;0.0;0.0;0.0;0.0;0.0;0.0;0.0;0.0;0.0;0.0;0.0;0.0;0.0;0.0;0.0;0.0;0.0;0.0;0.0;0.0;0.0;0.0;0.0;0.0;0.0;0.0;0.0;0.0;0.0;0.0;0.0;0.0
Baturité;BATURITE;-4.333;-38.866694444444;2014;9;12.7;0.0;0.0;0.0;0.0;0.0;0.0;0.0;0.0;3.0;0.0;0.0;0.0;0.0;0.0;1.0;0.0;0.0;0.0;0.0;8.7;0.0;0.0;0.0;0.0;0.0;0.0;0.0;0.0;0.0;0.0;888.0
Baturité;BATURITE;-4.333;-38.866694444444;2014;10;14.0;4.0;1.0;0.0;0.0;0.0;0.0;9.0;0.0;0.0;0.0;0.0;0.0;0.0;0.0;0.0;0.0;0.0;0.0;0.0;0.0;0.0;0.0;0.0;0.0;0.0;0.0;0.0;0.0;0.0;0.0;0.0
Baturité;BATURITE;-4.333;-38.866694444444;2014;11;22.3;0.0;0.0;0.0;3.4;3.5;1.0;0.0;0.0;0.0;0.0;0.0;0.0;0.0;0.0;0.0;0.0;0.0;0.0;2.0;4.0;0.0;1.0;0.0;0.0;0.0;7.4;0.0;0.0;0.0;0.0;888.0
Baturité;BATURITE;-4.333;-38.866694444444;2014;12;0.0;0.0;0.0;0.0;0.0;0.0;0.0;0.0;0.0;0.0;0.0;0.0;0.0;0.0;0.0;0.0;0.0;0.0;0.0;0.0;0.0;0.0;0.0;0.0;0.0;0.0;0.0;0.0;0.0;0.0;0.0;0.0
Baturité;BATURITE;-4.333;-38.866694444444;2015;1;44.6;0.0;0.0;0.0;0.0;30.0;0.0;1.6;1.0;0.0;0.0;0.0;0.0;0.0;0.0;0.0;0.3;0.0;5.0;0.0;1.4;0.0;1.3;0.0;0.0;0.0;0.0;0.0;4.0;0.0;0.0;0.0
Baturité;BATURITE;-4.333;-38.866694444444;2015;2;130.6;0.0;3.6;0.0;10.8;9.2;0.0;0.0;0.0;0.0;0.0;0.0;0.0;0.0;0.0;3.5;3.9;2.2;0.0;6.0;15.6;2.0;0.0;11.0;15.4;37.0;7.4;3.0;0.0;888.0;888.0;888.0
Baturité;BATURITE;-4.333;-38.866694444444;2015;3;250.9;0.0;3.4;20.5;0.0;0.0;8.0;6.0;0.0;9.6;15.0;8.4;0.0;0.0;0.0;0.0;45.8;0.0;0.0;0.0;0.0;0.0;48.0;37.0;16.0;0.0;2.0;2.2;15.0;0.0;14.0;0.0
Baturité;BATURITE;-4.333;-38.866694444444;2015;4;134.0;0.0;0.0;0.0;13.8;0.0;6.0;0.0;0.0;0.0;20.6;0.0;0.0;0.0;24.0;3.4;0.0;0.0;4.8;0.0;0.0;9.8;0.0;0.0;38.0;0.0;7.4;3.0;0.0;0.0;3.2;888.0
Baturité;BATURITE;-4.333;-38.866694444444;2015;5;61.2;0.0;0.0;0.0;0.0;0.0;0.0;2.0;3.0;11.0;0.0;5.0;0.0;0.0;0.0;0.0;0.0;0.0;0.0;0.0;0.0;10.4;0.0;0.0;0.0;26.0;0.0;0.0;0.0;0.0;0.0;3.8
Baturité;BATURITE;-4.333;-38.866694444444;2015;6;77.2;4.0;0.0;14.0;0.0;0.0;0.0;0.0;27.0;5.0;0.0;0.0;0.0;0.0;0.0;0.0;0.0;0.0;0.0;0.0;0.0;0.0;0.0;1.2;0.0;2.2;23.8;0.0;0.0;0.0;0.0;888.0
Baturité;BATURITE;-4.333;-38.866694444444;2015;7;156.4;0.0;0.0;29.0;18.0;55.0;2.4;0.0;0.0;0.0;0.0;0.0;0.0;0.0;0.0;0.0;0.0;38.0;14.0;0.0;0.0;0.0;0.0;0.0;0.0;0.0;0.0;0.0;0.0;0.0;0.0;0.0
Baturité;BATURITE;-4.333;-38.866694444444;2015;8;0.0;0.0;0.0;0.0;0.0;0.0;0.0;0.0;0.0;0.0;0.0;0.0;0.0;0.0;0.0;0.0;0.0;0.0;0.0;0.0;0.0;0.0;0.0;0.0;0.0;0.0;0.0;0.0;0.0;0.0;0.0;0.0
Baturité;BATURITE;-4.333;-38.866694444444;2015;9;0.0;0.0;0.0;0.0;0.0;0.0;0.0;0.0;0.0;0.0;0.0;0.0;0.0;0.0;0.0;0.0;0.0;0.0;0.0;0.0;0.0;0.0;0.0;0.0;0.0;0.0;0.0;0.0;0.0;0.0;0.0;888.0
Baturité;BATURITE;-4.333;-38.866694444444;2015;10;0.0;0.0;0.0;0.0;0.0;0.0;0.0;0.0;0.0;0.0;0.0;0.0;0.0;0.0;0.0;0.0;0.0;0.0;0.0;0.0;0.0;0.0;0.0;0.0;0.0;0.0;0.0;0.0;0.0;0.0;0.0;0.0
Baturité;BATURITE;-4.333;-38.866694444444;2015;11;1.8;0.0;0.0;0.0;0.0;0.0;0.0;0.0;0.0;1.0;0.8;0.0;0.0;0.0;0.0;0.0;0.0;0.0;0.0;0.0;0.0;0.0;0.0;0.0;0.0;0.0;0.0;0.0;0.0;0.0;0.0;888.0
Baturité;BATURITE;-4.333;-38.866694444444;2015;12;42.3;0.0;0.0;0.0;0.0;0.0;0.0;0.0;0.0;0.0;0.0;0.0;0.0;0.0;0.0;0.0;0.0;2.0;9.0;0.0;0.0;0.5;0.0;0.0;0.0;10.0;0.0;9.8;0.0;11.0;0.0;0.0
Baturité;BATURITE;-4.333;-38.866694444444;2016;1;202.4;0.0;0.0;0.0;0.0;0.0;0.0;0.0;0.0;58.0;12.0;0.0;0.0;0.0;0.0;0.0;0.0;0.0;10.4;20.0;0.0;10.5;4.8;21.0;12.4;37.6;3.0;1.5;6.0;0.0;5.2;0.0
Baturité;BATURITE;-4.333;-38.866694444444;2016;2;64.5;12.4;6.0;17.0;3.0;0.0;0.0;0.0;0.5;0.0;0.0;0.0;0.0;0.0;0.0;0.1;0.0;0.0;0.0;6.0;1.5;0.0;0.0;10.0;0.0;0.0;0.0;0.0;8.0;0.0;888.0;888.0
Baturité;BATURITE;-4.333;-38.866694444444;2016;3;111.6;0.0;0.0;0.0;0.0;0.0;5.0;0.0;0.0;8.0;1.4;0.0;0.0;0.0;1.2;1.0;9.6;0.0;11.2;0.0;0.0;2.6;2.4;0.0;0.0;0.0;7.8;10.0;7.0;0.0;25.4;19.0
Baturité;BATURITE;-4.333;-38.866694444444;2016;4;142.8;8.0;20.0;6.0;2.0;5.0;8.0;14.4;0.0;2.0;0.0;15.0;5.0;0.0;2.0;12.0;17.0;0.0;12.6;4.5;1.7;0.0;4.4;3.2;0.0;0.0;0.0;0.0;0.0;0.0;0.0;888.0
Baturité;BATURITE;-4.333;-38.866694444444;2016;5;96.1;0.0;6.7;7.0;0.0;0.0;0.0;0.0;0.0;0.0;18.4;0.0;20.0;0.0;0.0;10.0;0.0;0.0;0.0;0.0;0.0;0.0;0.0;3.0;0.0;0.0;0.0;0.0;0.0;0.0;0.0;31.0
Baturité;BATURITE;-4.333;-38.866694444444;2016;6;41.4;10.0;0.0;3.0;3.8;2.2;0.0;22.4;0.0;0.0;0.0;0.0;0.0;0.0;0.0;0.0;0.0;0.0;0.0;0.0;0.0;0.0;0.0;0.0;0.0;0.0;0.0;0.0;0.0;0.0;0.0;888.0
Baturité;BATURITE;-4.333;-38.866694444444;2016;7;0.0;0.0;0.0;0.0;0.0;0.0;0.0;0.0;0.0;0.0;0.0;0.0;0.0;0.0;0.0;0.0;0.0;0.0;0.0;0.0;0.0;0.0;0.0;0.0;0.0;0.0;0.0;0.0;0.0;0.0;0.0;0.0
Baturité;BATURITE;-4.333;-38.866694444444;2016;8;0.0;0.0;0.0;0.0;0.0;0.0;0.0;0.0;0.0;0.0;0.0;0.0;0.0;0.0;0.0;0.0;0.0;0.0;0.0;0.0;0.0;0.0;0.0;0.0;0.0;0.0;0.0;0.0;0.0;0.0;0.0;0.0
Baturité;BATURITE;-4.333;-38.866694444444;2016;9;0.0;0.0;0.0;0.0;0.0;0.0;0.0;0.0;0.0;0.0;0.0;0.0;0.0;0.0;0.0;0.0;0.0;0.0;0.0;0.0;0.0;0.0;0.0;0.0;0.0;0.0;0.0;0.0;0.0;0.0;0.0;888.0
Baturité;BATURITE;-4.333;-38.866694444444;2016;10;0.0;0.0;0.0;0.0;0.0;0.0;0.0;0.0;0.0;0.0;0.0;0.0;0.0;0.0;0.0;0.0;0.0;0.0;0.0;0.0;0.0;0.0;0.0;0.0;0.0;0.0;0.0;0.0;0.0;0.0;0.0;0.0
Baturité;BATURITE;-4.333;-38.866694444444;2016;11;0.0;0.0;0.0;0.0;0.0;0.0;0.0;0.0;0.0;0.0;0.0;0.0;0.0;0.0;0.0;0.0;0.0;0.0;0.0;0.0;0.0;0.0;0.0;0.0;0.0;0.0;0.0;0.0;0.0;0.0;0.0;888.0
Baturité;BATURITE;-4.333;-38.866694444444;2016;12;0.0;0.0;0.0;0.0;0.0;0.0;0.0;0.0;0.0;0.0;0.0;0.0;0.0;0.0;0.0;0.0;0.0;0.0;0.0;0.0;0.0;0.0;0.0;0.0;0.0;0.0;0.0;0.0;0.0;0.0;0.0;0.0
Baturité;BATURITE;-4.333;-38.866694444444;2017;1;57.6;0.0;0.0;0.0;0.0;0.0;0.0;0.0;0.0;2.0;0.0;0.0;11.5;0.0;0.0;0.0;3.4;0.0;0.0;5.5;8.0;0.0;0.0;19.0;0.0;0.0;0.0;4.8;0.0;3.4;0.0;0.0
Baturité;BATURITE;-4.333;-38.866694444444;2017;2;225.8;11.0;0.0;0.0;0.0;0.0;0.0;0.0;0.0;0.0;12.0;0.0;75.0;0.0;0.0;3.0;0.0;0.0;0.0;34.0;51.0;4.0;0.0;3.8;0.0;0.0;0.0;0.0;32.0;888.0;888.0;888.0
Baturité;BATURITE;-4.333;-38.866694444444;2017;3;230.0;5.8;20.0;40.4;0.0;6.7;0.0;12.0;13.4;1.4;0.0;0.0;18.0;0.0;9.4;0.0;3.5;12.2;0.0;0.0;20.0;0.0;8.6;2.4;14.0;18.0;6.0;5.2;2.6;0.0;2.4;8.0
Baturité;BATURITE;-4.333;-38.866694444444;2017;4;131.5;12.0;0.0;0.0;0.0;10.0;2.4;0.0;0.0;0.0;4.0;21.4;16.0;35.0;5.0;0.0;0.0;0.0;0.0;0.0;0.0;0.0;0.0;0.0;11.0;0.0;0.0;0.0;0.0;12.4;2.3;888.0
Baturité;BATURITE;-4.333;-38.866694444444;2017;5;222.7;0.0;0.0;0.0;1.4;1.0;0.0;0.0;25.0;49.4;4.0;0.0;0.0;0.0;0.0;0.0;0.0;0.0;18.0;6.4;1.2;0.0;0.0;0.0;0.0;0.0;0.0;8.6;24.5;38.0;45.2;0.0
Baturité;BATURITE;-4.333;-38.866694444444;2017;6;81.2;16.0;0.0;0.0;0.0;0.0;0.0;0.0;0.0;0.0;0.0;12.0;6.4;0.0;0.0;5.8;11.0;0.0;0.0;4.8;0.0;0.0;10.0;0.0;0.0;0.0;0.0;2.7;0.0;0.0;12.5;888.0
Baturité;BATURITE;-4.333;-38.866694444444;2017;7;82.1;22.0;13.0;9.4;0.0;0.0;0.0;0.0;0.0;0.0;0.0;0.0;0.0;0.0;0.0;0.0;0.0;0.0;0.0;0.0;0.0;12.7;0.0;25.0;0.0;0.0;0.0;0.0;0.0;0.0;0.0;0.0
Baturité;BATURITE;-4.333;-38.866694444444;2017;8;0.0;0.0;0.0;0.0;0.0;0.0;0.0;0.0;0.0;0.0;0.0;0.0;0.0;0.0;0.0;0.0;0.0;0.0;0.0;0.0;0.0;0.0;0.0;0.0;0.0;0.0;0.0;0.0;0.0;0.0;0.0;0.0
Baturité;BATURITE;-4.333;-38.866694444444;2017;9;0.0;0.0;0.0;0.0;0.0;0.0;0.0;0.0;0.0;0.0;0.0;0.0;0.0;0.0;0.0;0.0;0.0;0.0;0.0;0.0;0.0;0.0;0.0;0.0;0.0;0.0;0.0;0.0;0.0;0.0;0.0;888.0
Baturité;BATURITE;-4.333;-38.866694444444;2017;10;0.0;0.0;0.0;0.0;0.0;0.0;0.0;0.0;0.0;0.0;0.0;0.0;0.0;0.0;0.0;0.0;0.0;0.0;0.0;0.0;0.0;0.0;0.0;0.0;0.0;0.0;0.0;0.0;0.0;0.0;0.0;0.0
Baturité;BATURITE;-4.333;-38.866694444444;2017;11;0.0;0.0;0.0;0.0;0.0;0.0;0.0;0.0;0.0;0.0;0.0;0.0;0.0;0.0;0.0;0.0;0.0;0.0;0.0;0.0;0.0;0.0;0.0;0.0;0.0;0.0;0.0;0.0;0.0;0.0;0.0;888.0
Baturité;BATURITE;-4.333;-38.866694444444;2017;12;60.9;0.0;0.0;0.0;0.0;0.0;0.0;0.0;0.0;0.0;0.0;0.0;0.0;0.0;0.0;0.0;0.0;2.0;0.0;1.2;0.0;14.0;2.7;0.0;0.0;16.0;22.0;0.0;3.0;0.0;0.0;0.0
Baturité;BATURITE;-4.333;-38.866694444444;2018;1;120.6;0.0;0.0;0.0;0.0;0.0;0.0;0.0;13.0;6.5;0.0;8.4;0.0;0.0;0.0;10.6;0.0;0.0;0.0;4.0;10.0;4.6;0.0;0.0;2.5;9.0;0.0;0.0;51.0;1.0;0.0;0.0
Baturité;BATURITE;-4.333;-38.866694444444;2018;2;177.4;0.0;0.0;0.0;0.0;9.0;27.4;4.0;7.3;0.0;0.0;8.5;3.0;8.4;7.2;24.0;0.0;7.5;7.8;0.0;6.0;7.0;1.5;0.0;17.4;0.0;30.0;0.0;1.4;888.0;888.0;888.0
Baturité;BATURITE;-4.333;-38.866694444444;2018;3;240.0;5.6;13.8;0.0;0.0;26.0;11.7;2.0;0.0;0.0;0.0;0.0;0.5;0.0;0.0;0.0;0.0;0.0;0.0;0.0;2.4;37.0;0.0;0.0;12.0;0.0;4.0;58.0;15.4;7.6;30.0;14.0
Baturité;BATURITE;-4.333;-38.866694444444;2018;4;252.0;0.0;2.4;21.0;1.8;19.8;6.0;0.0;20.0;2.4;7.8;2.6;26.4;23.5;0.0;0.0;14.0;45.0;7.4;0.0;0.0;0.0;0.0;22.4;11.0;0.0;0.0;1.5;0.0;0.0;17.0;888.0
Baturité;BATURITE;-4.333;-38.866694444444;2018;5;71.1;16.4;13.8;0.0;0.0;0.0;6.0;0.0;0.0;0.0;2.4;0.0;0.0;2.5;2.2;0.0;0.8;0.0;10.4;5.0;0.0;0.0;1.4;0.0;0.0;3.0;4.0;3.2;0.0;0.0;0.0;0.0
Baturité;BATURITE;-4.333;-38.866694444444;2018;6;13.0;0.0;0.0;0.0;1.0;0.0;0.0;0.0;12.0;0.0;0.0;0.0;0.0;0.0;0.0;0.0;0.0;0.0;0.0;0.0;0.0;0.0;0.0;0.0;0.0;0.0;0.0;0.0;0.0;0.0;0.0;888.0
Baturité;BATURITE;-4.333;-38.866694444444;2018;7;0.0;0.0;0.0;0.0;0.0;0.0;0.0;0.0;0.0;0.0;0.0;0.0;0.0;0.0;0.0;0.0;0.0;0.0;0.0;0.0;0.0;0.0;0.0;0.0;0.0;0.0;0.0;0.0;0.0;0.0;0.0;0.0
Baturité;BATURITE;-4.333;-38.866694444444;2018;8;0.0;0.0;0.0;0.0;0.0;0.0;0.0;0.0;0.0;0.0;0.0;0.0;0.0;0.0;0.0;0.0;0.0;0.0;0.0;0.0;0.0;0.0;0.0;0.0;0.0;0.0;0.0;0.0;0.0;0.0;0.0;0.0
Baturité;BATURITE;-4.333;-38.866694444444;2018;9;0.0;0.0;0.0;0.0;999.0;999.0;999.0;999.0;999.0;999.0;999.0;999.0;999.0;999.0;999.0;999.0;999.0;999.0;999.0;999.0;999.0;999.0;999.0;999.0;999.0;999.0;999.0;999.0;999.0;999.0;999.0;888.0
