Municipios;Postos;Latitude;Longitude;Anos;Meses;Total;Dia1;Dia2;Dia3;Dia4;Dia5;Dia6;Dia7;Dia8;Dia9;Dia10;Dia11;Dia12;Dia13;Dia14;Dia15;Dia16;Dia17;Dia18;Dia19;Dia20;Dia21;Dia22;Dia23;Dia24;Dia25;Dia26;Dia27;Dia28;Dia29;Dia30;Dia31
Beberibe;BEBERIBE;-4.18119444444;-38.12775;1982;1;136.0;0.0;0.0;0.0;0.0;4.0;0.0;0.0;0.0;0.0;0.0;32.0;0.0;0.0;0.0;0.0;0.0;0.0;0.0;0.0;0.0;0.0;0.0;26.0;6.0;30.0;0.0;38.0;0.0;0.0;0.0;0.0
Beberibe;BEBERIBE;-4.18119444444;-38.12775;1982;2;95.0;0.0;0.0;0.0;0.0;0.0;0.0;0.0;0.0;14.0;0.0;0.0;0.0;0.0;0.0;0.0;0.0;0.0;0.0;0.0;0.0;0.0;0.0;0.0;0.0;13.0;20.0;48.0;0.0;888.0;888.0;888.0
Beberibe;BEBERIBE;-4.18119444444;-38.12775;1982;3;53.0;2.0;20.0;15.0;0.0;0.0;0.0;0.0;0.0;0.0;16.0;0.0;0.0;0.0;0.0;0.0;0.0;0.0;0.0;0.0;0.0;0.0;0.0;0.0;0.0;0.0;0.0;0.0;0.0;0.0;0.0;0.0
Beberibe;BEBERIBE;-4.18119444444;-38.12775;1982;4;0.0;0.0;0.0;0.0;0.0;0.0;0.0;0.0;0.0;0.0;0.0;0.0;0.0;0.0;0.0;0.0;0.0;0.0;0.0;0.0;0.0;0.0;0.0;0.0;0.0;0.0;0.0;0.0;0.0;0.0;0.0;888.0
Beberibe;BEBERIBE;-4.18119444444;-38.12775;1982;5;63.0;0.0;0.0;0.0;0.0;0.0;0.0;8.0;0.0;0.0;0.0;9.0;6.0;15.0;0.0;15.0;0.0;0.0;0.0;0.0;0.0;8.0;0.0;0.0;0.0;0.0;2.0;0.0;0.0;0.0;0.0;0.0
Beberibe;BEBERIBE;-4.18119444444;-38.12775;1982;6;28.0;0.0;6.0;0.0;3.0;0.0;11.0;0.0;0.0;0.0;0.0;0.0;0.0;0.0;0.0;0.0;0.0;0.0;0.0;0.0;0.0;0.0;0.0;0.0;0.0;8.0;0.0;0.0;0.0;0.0;0.0;888.0
Beberibe;BEBERIBE;-4.18119444444;-38.12775;1982;7;0.0;0.0;0.0;0.0;0.0;0.0;0.0;0.0;0.0;0.0;0.0;0.0;0.0;0.0;0.0;0.0;0.0;0.0;0.0;0.0;0.0;0.0;0.0;0.0;0.0;0.0;0.0;0.0;0.0;0.0;0.0;0.0
Beberibe;BEBERIBE;-4.18119444444;-38.12775;1982;8;0.0;0.0;0.0;0.0;0.0;0.0;0.0;0.0;0.0;0.0;0.0;0.0;0.0;0.0;0.0;0.0;0.0;0.0;0.0;0.0;0.0;0.0;0.0;0.0;0.0;0.0;0.0;0.0;0.0;0.0;0.0;0.0
Beberibe;BEBERIBE;-4.18119444444;-38.12775;1982;9;0.0;0.0;0.0;0.0;0.0;0.0;0.0;0.0;0.0;0.0;0.0;0.0;0.0;0.0;0.0;0.0;0.0;0.0;0.0;0.0;0.0;0.0;0.0;0.0;0.0;0.0;0.0;0.0;0.0;0.0;0.0;888.0
Beberibe;BEBERIBE;-4.18119444444;-38.12775;1982;10;0.0;0.0;0.0;0.0;0.0;0.0;0.0;0.0;0.0;0.0;0.0;0.0;0.0;0.0;0.0;0.0;0.0;0.0;0.0;0.0;0.0;0.0;0.0;0.0;0.0;0.0;0.0;0.0;0.0;0.0;0.0;0.0
Beberibe;BEBERIBE;-4.18119444444;-38.12775;1982;11;0.0;0.0;0.0;0.0;0.0;0.0;0.0;0.0;0.0;0.0;0.0;0.0;0.0;0.0;0.0;0.0;0.0;0.0;0.0;0.0;0.0;0.0;0.0;0.0;0.0;0.0;0.0;0.0;0.0;0.0;0.0;888.0
Beberibe;BEBERIBE;-4.18119444444;-38.12775;1982;12;0.0;0.0;0.0;0.0;0.0;0.0;0.0;0.0;0.0;0.0;0.0;0.0;0.0;0.0;0.0;0.0;0.0;0.0;0.0;0.0;0.0;0.0;0.0;0.0;0.0;0.0;0.0;0.0;0.0;0.0;0.0;0.0
Beberibe;BEBERIBE;-4.18119444444;-38.12775;1983;1;0.0;0.0;0.0;0.0;0.0;0.0;0.0;0.0;0.0;0.0;0.0;0.0;0.0;0.0;0.0;0.0;0.0;0.0;0.0;0.0;0.0;0.0;0.0;0.0;0.0;0.0;0.0;0.0;0.0;0.0;0.0;0.0
Beberibe;BEBERIBE;-4.18119444444;-38.12775;1983;2;196.6;0.0;0.0;3.6;33.0;0.0;0.0;0.0;0.0;9.0;0.0;0.0;0.0;151.0;0.0;0.0;0.0;0.0;0.0;0.0;0.0;0.0;0.0;0.0;0.0;0.0;0.0;0.0;0.0;888.0;888.0;888.0
Beberibe;BEBERIBE;-4.18119444444;-38.12775;1983;3;172.0;0.0;0.0;0.0;32.0;0.0;0.0;5.0;0.0;0.0;9.0;0.0;0.0;0.0;6.0;0.0;0.0;0.0;22.0;2.0;0.0;0.0;0.0;0.0;9.0;15.0;8.0;28.0;16.0;20.0;0.0;0.0
Beberibe;BEBERIBE;-4.18119444444;-38.12775;1983;4;40.0;0.0;0.0;0.0;0.0;0.0;0.0;0.0;0.0;33.0;0.0;0.0;7.0;0.0;0.0;0.0;0.0;0.0;0.0;0.0;0.0;0.0;0.0;0.0;0.0;0.0;0.0;0.0;0.0;0.0;0.0;888.0
Beberibe;BEBERIBE;-4.18119444444;-38.12775;1983;5;11.0;0.0;0.0;0.0;0.0;0.0;0.0;0.0;0.0;0.0;11.0;0.0;0.0;0.0;0.0;0.0;0.0;0.0;0.0;0.0;0.0;0.0;0.0;0.0;0.0;0.0;0.0;0.0;0.0;0.0;0.0;0.0
Beberibe;BEBERIBE;-4.18119444444;-38.12775;1983;6;0.0;0.0;0.0;0.0;0.0;0.0;0.0;0.0;0.0;0.0;0.0;0.0;0.0;0.0;0.0;0.0;0.0;0.0;0.0;0.0;0.0;0.0;0.0;0.0;0.0;0.0;0.0;0.0;0.0;0.0;0.0;888.0
Beberibe;BEBERIBE;-4.18119444444;-38.12775;1983;7;0.0;0.0;0.0;0.0;0.0;0.0;0.0;0.0;0.0;0.0;0.0;0.0;0.0;0.0;0.0;0.0;0.0;0.0;0.0;0.0;0.0;0.0;0.0;0.0;0.0;0.0;0.0;0.0;0.0;0.0;0.0;0.0
Beberibe;BEBERIBE;-4.18119444444;-38.12775;1983;8;0.0;0.0;0.0;0.0;0.0;0.0;0.0;0.0;0.0;0.0;0.0;0.0;0.0;0.0;0.0;0.0;0.0;0.0;0.0;0.0;0.0;0.0;0.0;0.0;0.0;0.0;0.0;0.0;0.0;0.0;0.0;0.0
Beberibe;BEBERIBE;-4.18119444444;-38.12775;1983;9;0.0;0.0;0.0;0.0;0.0;0.0;0.0;0.0;0.0;0.0;0.0;0.0;0.0;0.0;0.0;0.0;0.0;0.0;0.0;0.0;0.0;0.0;0.0;0.0;0.0;0.0;0.0;0.0;0.0;0.0;0.0;888.0
Beberibe;BEBERIBE;-4.18119444444;-38.12775;1983;10;0.0;0.0;0.0;0.0;0.0;0.0;0.0;0.0;0.0;0.0;0.0;0.0;0.0;0.0;0.0;0.0;0.0;0.0;0.0;0.0;0.0;0.0;0.0;0.0;0.0;0.0;0.0;0.0;0.0;0.0;0.0;0.0
Beberibe;BEBERIBE;-4.18119444444;-38.12775;1983;11;0.0;0.0;0.0;0.0;0.0;0.0;0.0;0.0;0.0;0.0;0.0;0.0;0.0;0.0;0.0;0.0;0.0;0.0;0.0;0.0;0.0;0.0;0.0;0.0;0.0;0.0;0.0;0.0;0.0;0.0;0.0;888.0
Beberibe;BEBERIBE;-4.18119444444;-38.12775;1983;12;0.0;0.0;0.0;0.0;0.0;0.0;0.0;0.0;0.0;0.0;0.0;0.0;0.0;0.0;0.0;0.0;0.0;0.0;0.0;0.0;0.0;0.0;0.0;0.0;0.0;0.0;0.0;0.0;0.0;0.0;0.0;0.0
Beberibe;BEBERIBE;-4.18119444444;-38.12775;1984;1;0.0;0.0;0.0;0.0;0.0;0.0;0.0;0.0;0.0;0.0;0.0;0.0;0.0;0.0;0.0;0.0;0.0;0.0;0.0;0.0;0.0;0.0;0.0;0.0;0.0;0.0;0.0;0.0;0.0;0.0;0.0;0.0
Beberibe;BEBERIBE;-4.18119444444;-38.12775;1984;2;140.0;14.0;0.0;0.0;5.0;26.0;0.0;70.0;0.0;2.0;0.0;0.0;0.0;3.0;0.0;0.0;0.0;0.0;0.0;0.0;20.0;0.0;0.0;0.0;0.0;0.0;0.0;0.0;0.0;0.0;888.0;888.0
Beberibe;BEBERIBE;-4.18119444444;-38.12775;1984;3;302.0;5.0;25.0;0.0;0.0;10.0;21.0;12.0;7.0;0.0;0.0;0.0;0.0;0.0;11.0;14.0;15.0;9.0;25.0;19.0;6.0;8.0;11.0;0.0;0.0;13.0;27.0;16.0;25.0;3.0;20.0;0.0
Beberibe;BEBERIBE;-4.18119444444;-38.12775;1984;4;451.8;0.0;17.0;0.0;0.0;7.8;18.0;7.0;5.0;7.0;32.0;22.0;4.0;12.0;27.0;2.0;29.0;25.0;12.0;2.0;62.0;3.0;30.0;3.0;7.0;5.0;0.0;0.0;11.0;90.0;12.0;888.0
Beberibe;BEBERIBE;-4.18119444444;-38.12775;1984;5;446.5;0.0;40.0;0.0;105.0;0.0;89.0;0.0;5.0;50.0;5.0;10.0;2.0;13.0;12.0;0.0;0.0;12.0;7.0;0.0;11.0;12.0;17.0;0.0;7.0;0.0;2.0;7.0;0.0;22.5;15.0;3.0
Beberibe;BEBERIBE;-4.18119444444;-38.12775;1984;6;125.5;2.0;15.0;0.0;0.0;42.0;0.0;0.0;25.0;0.0;0.0;0.0;0.0;13.0;1.5;0.0;0.0;0.0;0.0;19.0;0.0;0.0;0.0;4.0;0.0;0.0;0.0;0.0;0.0;4.0;0.0;888.0
Beberibe;BEBERIBE;-4.18119444444;-38.12775;1984;7;114.0;0.0;0.0;0.0;0.0;0.0;5.0;0.0;0.0;0.0;0.0;0.0;0.0;0.0;0.0;0.0;0.0;0.0;80.0;17.0;0.0;0.0;0.0;12.0;0.0;0.0;0.0;0.0;0.0;0.0;0.0;0.0
Beberibe;BEBERIBE;-4.18119444444;-38.12775;1984;8;86.0;0.0;0.0;0.0;0.0;0.0;0.0;0.0;0.0;0.0;0.0;0.0;0.0;0.0;0.0;0.0;0.0;0.0;12.0;0.0;0.0;0.0;0.0;0.0;0.0;0.0;0.0;0.0;0.0;0.0;12.0;62.0
Beberibe;BEBERIBE;-4.18119444444;-38.12775;1984;9;0.0;0.0;0.0;0.0;0.0;0.0;0.0;0.0;0.0;0.0;0.0;0.0;0.0;0.0;0.0;0.0;0.0;0.0;0.0;0.0;0.0;0.0;0.0;0.0;0.0;0.0;0.0;0.0;0.0;0.0;0.0;888.0
Beberibe;BEBERIBE;-4.18119444444;-38.12775;1984;10;10.0;0.0;0.0;0.0;10.0;0.0;0.0;0.0;0.0;0.0;0.0;0.0;0.0;0.0;0.0;0.0;0.0;0.0;0.0;0.0;0.0;0.0;0.0;0.0;0.0;0.0;0.0;0.0;0.0;0.0;0.0;0.0
Beberibe;BEBERIBE;-4.18119444444;-38.12775;1984;11;0.0;0.0;0.0;0.0;0.0;0.0;0.0;0.0;0.0;0.0;0.0;0.0;0.0;0.0;0.0;0.0;0.0;0.0;0.0;0.0;0.0;0.0;0.0;0.0;0.0;0.0;0.0;0.0;0.0;0.0;0.0;888.0
Beberibe;BEBERIBE;-4.18119444444;-38.12775;1984;12;0.0;0.0;0.0;0.0;0.0;0.0;0.0;0.0;0.0;0.0;0.0;0.0;0.0;0.0;0.0;0.0;0.0;0.0;0.0;0.0;0.0;0.0;0.0;0.0;0.0;0.0;0.0;0.0;0.0;0.0;0.0;0.0
Beberibe;BEBERIBE;-4.18119444444;-38.12775;1985;1;150.5;5.0;0.0;0.0;0.0;0.0;0.0;3.0;0.0;0.0;5.0;0.0;0.0;0.0;0.0;0.0;0.0;0.0;16.0;10.0;8.0;16.0;20.0;7.0;2.0;8.0;3.0;0.0;19.0;6.5;0.0;22.0
Beberibe;BEBERIBE;-4.18119444444;-38.12775;1985;2;629.3;26.0;66.0;26.0;10.0;2.0;12.0;5.0;15.0;0.0;11.0;67.0;2.0;0.0;70.0;0.0;41.0;8.0;5.0;0.0;5.3;42.0;79.0;37.0;35.0;41.0;9.0;0.0;15.0;888.0;888.0;888.0
Beberibe;BEBERIBE;-4.18119444444;-38.12775;1985;3;380.0;0.0;2.0;90.0;11.0;0.0;18.0;21.0;0.0;0.0;0.0;0.0;0.0;0.0;0.0;56.0;30.0;4.0;47.0;43.0;0.0;0.0;0.0;0.0;0.0;8.0;0.0;4.0;37.0;0.0;9.0;0.0
Beberibe;BEBERIBE;-4.18119444444;-38.12775;1985;4;375.0;0.0;25.0;49.0;0.0;0.0;0.0;41.0;0.0;0.0;0.0;0.0;0.0;0.0;0.0;45.0;5.0;13.0;23.0;7.0;0.0;0.0;0.0;0.0;0.0;33.0;53.0;0.0;6.0;65.0;10.0;888.0
Beberibe;BEBERIBE;-4.18119444444;-38.12775;1985;5;375.0;21.0;0.0;19.0;0.0;10.0;7.0;4.0;5.0;0.0;0.0;0.0;14.0;135.0;0.0;60.0;18.0;0.0;18.0;3.0;10.0;0.0;14.0;0.0;5.0;0.0;20.0;0.0;0.0;12.0;0.0;0.0
Beberibe;BEBERIBE;-4.18119444444;-38.12775;1985;6;188.0;0.0;0.0;0.0;0.0;0.0;0.0;8.0;0.0;0.0;0.0;0.0;26.0;9.0;30.0;0.0;22.0;5.0;32.0;0.0;0.0;0.0;9.0;9.0;11.0;0.0;0.0;7.0;0.0;0.0;20.0;888.0
Beberibe;BEBERIBE;-4.18119444444;-38.12775;1985;7;79.0;0.0;0.0;0.0;0.0;0.0;11.0;0.0;20.0;0.0;5.0;9.0;2.0;0.0;7.0;7.0;0.0;0.0;0.0;18.0;0.0;0.0;0.0;0.0;0.0;0.0;0.0;0.0;0.0;0.0;0.0;0.0
Beberibe;BEBERIBE;-4.18119444444;-38.12775;1985;8;0.0;0.0;0.0;0.0;0.0;0.0;0.0;0.0;0.0;0.0;0.0;0.0;0.0;0.0;0.0;0.0;0.0;0.0;0.0;0.0;0.0;0.0;0.0;0.0;0.0;0.0;0.0;0.0;0.0;0.0;0.0;0.0
Beberibe;BEBERIBE;-4.18119444444;-38.12775;1985;9;0.0;0.0;0.0;0.0;0.0;0.0;0.0;0.0;0.0;0.0;0.0;0.0;0.0;0.0;0.0;0.0;0.0;0.0;0.0;0.0;0.0;0.0;0.0;0.0;0.0;0.0;0.0;0.0;0.0;0.0;0.0;888.0
Beberibe;BEBERIBE;-4.18119444444;-38.12775;1985;10;0.0;0.0;0.0;0.0;0.0;0.0;0.0;0.0;0.0;0.0;0.0;0.0;0.0;0.0;0.0;0.0;0.0;0.0;0.0;0.0;0.0;0.0;0.0;0.0;0.0;0.0;0.0;0.0;0.0;0.0;0.0;0.0
Beberibe;BEBERIBE;-4.18119444444;-38.12775;1985;11;0.0;0.0;0.0;0.0;0.0;0.0;0.0;0.0;0.0;0.0;0.0;0.0;0.0;0.0;0.0;0.0;0.0;0.0;0.0;0.0;0.0;0.0;0.0;0.0;0.0;0.0;0.0;0.0;0.0;0.0;0.0;888.0
Beberibe;BEBERIBE;-4.18119444444;-38.12775;1985;12;0.0;0.0;0.0;0.0;0.0;0.0;0.0;0.0;0.0;0.0;0.0;0.0;0.0;0.0;0.0;0.0;0.0;0.0;0.0;0.0;0.0;0.0;0.0;0.0;0.0;0.0;0.0;0.0;0.0;0.0;0.0;0.0
Beberibe;BEBERIBE;-4.18119444444;-38.12775;1986;1;125.0;3.0;0.0;0.0;0.0;0.0;0.0;0.0;0.0;18.0;3.0;0.0;0.0;0.0;0.0;0.0;0.0;0.0;0.0;0.0;0.0;0.0;0.0;3.0;0.0;0.0;0.0;7.0;7.0;4.0;16.0;64.0
Beberibe;BEBERIBE;-4.18119444444;-38.12775;1986;2;210.0;35.0;14.0;3.0;0.0;0.0;0.0;4.0;0.0;0.0;0.0;28.0;4.0;11.0;12.0;0.0;0.0;9.0;0.0;0.0;0.0;8.0;27.0;14.0;19.0;0.0;10.0;3.0;9.0;888.0;888.0;888.0
Beberibe;BEBERIBE;-4.18119444444;-38.12775;1986;3;580.0;12.0;0.0;11.0;14.0;11.0;12.0;0.0;33.0;1.0;84.0;0.0;26.0;32.0;8.0;9.0;5.0;12.0;12.0;0.0;19.0;21.0;0.0;0.0;0.0;116.0;0.0;11.0;26.0;0.0;13.0;92.0
Beberibe;BEBERIBE;-4.18119444444;-38.12775;1986;4;375.0;0.0;25.0;49.0;0.0;0.0;0.0;41.0;0.0;0.0;0.0;0.0;0.0;0.0;0.0;45.0;5.0;13.0;23.0;7.0;0.0;0.0;0.0;0.0;0.0;33.0;53.0;0.0;6.0;65.0;10.0;888.0
Beberibe;BEBERIBE;-4.18119444444;-38.12775;1986;5;375.0;21.0;0.0;19.0;0.0;10.0;7.0;4.0;5.0;0.0;0.0;0.0;14.0;135.0;0.0;60.0;18.0;0.0;18.0;3.0;10.0;0.0;14.0;0.0;5.0;0.0;20.0;0.0;0.0;12.0;0.0;0.0
Beberibe;BEBERIBE;-4.18119444444;-38.12775;1986;6;0.0;0.0;0.0;0.0;0.0;0.0;0.0;0.0;0.0;0.0;0.0;0.0;0.0;0.0;0.0;0.0;0.0;0.0;0.0;0.0;0.0;0.0;0.0;0.0;0.0;0.0;0.0;0.0;0.0;0.0;0.0;888.0
Beberibe;BEBERIBE;-4.18119444444;-38.12775;1986;7;0.0;0.0;0.0;0.0;0.0;0.0;0.0;0.0;0.0;0.0;0.0;0.0;0.0;0.0;0.0;0.0;0.0;0.0;0.0;0.0;0.0;0.0;0.0;0.0;0.0;0.0;0.0;0.0;0.0;0.0;0.0;0.0
Beberibe;BEBERIBE;-4.18119444444;-38.12775;1986;8;0.0;0.0;0.0;0.0;0.0;0.0;0.0;0.0;0.0;0.0;0.0;0.0;0.0;0.0;0.0;0.0;0.0;0.0;0.0;0.0;0.0;0.0;0.0;0.0;0.0;0.0;0.0;0.0;0.0;0.0;0.0;0.0
Beberibe;BEBERIBE;-4.18119444444;-38.12775;1986;9;0.0;0.0;0.0;0.0;0.0;0.0;0.0;0.0;0.0;0.0;0.0;0.0;0.0;0.0;0.0;0.0;0.0;0.0;0.0;0.0;0.0;0.0;0.0;0.0;0.0;0.0;0.0;0.0;0.0;0.0;0.0;888.0
Beberibe;BEBERIBE;-4.18119444444;-38.12775;1986;10;0.0;0.0;0.0;0.0;0.0;0.0;0.0;0.0;0.0;0.0;0.0;0.0;0.0;0.0;0.0;0.0;0.0;0.0;0.0;0.0;0.0;0.0;0.0;0.0;0.0;0.0;0.0;0.0;0.0;0.0;0.0;0.0
Beberibe;BEBERIBE;-4.18119444444;-38.12775;1986;11;0.0;0.0;0.0;0.0;0.0;0.0;0.0;0.0;0.0;0.0;0.0;0.0;0.0;0.0;0.0;0.0;0.0;0.0;0.0;0.0;0.0;0.0;0.0;0.0;0.0;0.0;0.0;0.0;0.0;0.0;0.0;888.0
Beberibe;BEBERIBE;-4.18119444444;-38.12775;1986;12;0.0;0.0;0.0;0.0;0.0;0.0;0.0;0.0;0.0;0.0;0.0;0.0;0.0;0.0;0.0;0.0;0.0;0.0;0.0;0.0;0.0;0.0;0.0;0.0;0.0;0.0;0.0;0.0;0.0;0.0;0.0;0.0
Beberibe;BEBERIBE;-4.18119444444;-38.12775;1987;1;15.0;0.0;0.0;0.0;0.0;0.0;0.0;0.0;0.0;0.0;0.0;0.0;0.0;0.0;0.0;0.0;0.0;0.0;0.0;0.0;0.0;0.0;12.0;0.0;0.0;0.0;0.0;0.0;0.0;3.0;0.0;0.0
Beberibe;BEBERIBE;-4.18119444444;-38.12775;1987;2;87.0;0.0;0.0;0.0;0.0;0.0;0.0;0.0;3.0;6.0;0.0;0.0;11.0;12.0;9.0;0.0;35.0;5.0;0.0;0.0;0.0;0.0;3.0;3.0;0.0;0.0;0.0;0.0;0.0;888.0;888.0;888.0
Beberibe;BEBERIBE;-4.18119444444;-38.12775;1987;3;392.0;0.0;0.0;0.0;2.0;6.0;3.0;8.0;4.0;49.0;0.0;11.0;18.0;0.0;43.0;0.0;12.0;8.0;43.0;34.0;0.0;18.0;0.0;18.0;48.0;7.0;19.0;0.0;8.0;24.0;9.0;0.0
Beberibe;BEBERIBE;-4.18119444444;-38.12775;1987;4;103.0;19.0;12.0;13.0;6.0;0.0;0.0;0.0;10.0;0.0;7.0;9.0;0.0;9.0;0.0;0.0;0.0;0.0;0.0;0.0;0.0;0.0;0.0;0.0;0.0;10.0;8.0;0.0;0.0;0.0;0.0;888.0
Beberibe;BEBERIBE;-4.18119444444;-38.12775;1987;5;30.0;0.0;2.0;3.0;0.0;0.0;16.0;0.0;0.0;0.0;0.0;0.0;0.0;0.0;0.0;0.0;0.0;0.0;0.0;0.0;0.0;0.0;0.0;0.0;0.0;0.0;0.0;9.0;0.0;0.0;0.0;0.0
Beberibe;BEBERIBE;-4.18119444444;-38.12775;1987;6;118.0;0.0;0.0;0.0;0.0;0.0;0.0;17.0;9.0;0.0;0.0;0.0;0.0;82.0;0.0;10.0;0.0;0.0;0.0;0.0;0.0;0.0;0.0;0.0;0.0;0.0;0.0;0.0;0.0;0.0;0.0;888.0
Beberibe;BEBERIBE;-4.18119444444;-38.12775;1987;7;27.0;0.0;0.0;0.0;0.0;0.0;0.0;0.0;0.0;27.0;0.0;0.0;0.0;0.0;0.0;0.0;0.0;0.0;0.0;0.0;0.0;0.0;0.0;0.0;0.0;0.0;0.0;0.0;0.0;0.0;0.0;0.0
Beberibe;BEBERIBE;-4.18119444444;-38.12775;1987;8;0.0;0.0;0.0;0.0;0.0;0.0;0.0;0.0;0.0;0.0;0.0;0.0;0.0;0.0;0.0;0.0;0.0;0.0;0.0;0.0;0.0;0.0;0.0;0.0;0.0;0.0;0.0;0.0;0.0;0.0;0.0;0.0
Beberibe;BEBERIBE;-4.18119444444;-38.12775;1987;9;8.0;0.0;0.0;0.0;0.0;0.0;0.0;0.0;0.0;0.0;0.0;0.0;0.0;0.0;0.0;0.0;0.0;8.0;0.0;0.0;0.0;0.0;0.0;0.0;0.0;0.0;0.0;0.0;0.0;0.0;0.0;888.0
Beberibe;BEBERIBE;-4.18119444444;-38.12775;1987;10;0.0;0.0;0.0;0.0;0.0;0.0;0.0;0.0;0.0;0.0;0.0;0.0;0.0;0.0;0.0;0.0;0.0;0.0;0.0;0.0;0.0;0.0;0.0;0.0;0.0;0.0;0.0;0.0;0.0;0.0;0.0;0.0
Beberibe;BEBERIBE;-4.18119444444;-38.12775;1987;11;0.0;0.0;0.0;0.0;0.0;0.0;0.0;0.0;0.0;0.0;0.0;0.0;0.0;0.0;0.0;0.0;0.0;0.0;0.0;0.0;0.0;0.0;0.0;0.0;0.0;0.0;0.0;0.0;0.0;0.0;0.0;888.0
Beberibe;BEBERIBE;-4.18119444444;-38.12775;1987;12;0.0;0.0;0.0;0.0;0.0;0.0;0.0;0.0;0.0;0.0;0.0;0.0;0.0;0.0;0.0;0.0;0.0;0.0;0.0;0.0;0.0;0.0;0.0;0.0;0.0;0.0;0.0;0.0;0.0;0.0;0.0;0.0
Beberibe;BEBERIBE;-4.18119444444;-38.12775;1988;1;116.0;0.0;0.0;0.0;0.0;0.0;0.0;0.0;0.0;0.0;0.0;0.0;0.0;1.0;0.0;0.0;0.0;26.0;0.0;0.0;0.0;0.0;6.0;0.0;4.0;4.0;50.0;25.0;0.0;0.0;0.0;0.0
Beberibe;BEBERIBE;-4.18119444444;-38.12775;1988;2;153.7;1.0;1.0;0.0;0.0;0.0;0.0;0.0;0.0;0.0;0.0;0.0;4.0;7.0;64.0;9.0;0.0;28.0;0.7;0.0;8.0;0.0;0.0;4.0;0.0;27.0;0.0;0.0;0.0;0.0;888.0;888.0
Beberibe;BEBERIBE;-4.18119444444;-38.12775;1988;3;375.0;21.0;0.0;0.0;0.0;0.0;33.0;0.0;2.0;0.0;0.0;22.0;4.0;6.0;0.0;0.0;7.0;6.0;0.0;0.0;0.0;0.0;24.0;28.0;27.0;12.0;50.0;64.0;0.0;0.0;39.0;30.0
Beberibe;BEBERIBE;-4.18119444444;-38.12775;1988;4;210.0;3.0;1.0;0.0;0.0;0.0;0.0;12.0;6.0;3.0;7.0;7.0;10.0;0.0;20.0;32.0;0.0;16.0;7.0;9.0;0.0;7.0;6.0;3.0;11.0;33.0;0.0;4.0;3.0;0.0;10.0;888.0
Beberibe;BEBERIBE;-4.18119444444;-38.12775;1988;5;650.0;4.0;40.0;0.0;50.0;135.0;100.0;0.0;0.0;6.0;0.0;2.0;0.0;0.0;0.0;17.0;27.0;0.0;0.0;0.0;21.0;0.0;22.0;23.0;1.0;0.0;0.0;0.0;68.0;0.0;134.0;0.0
Beberibe;BEBERIBE;-4.18119444444;-38.12775;1988;6;22.0;0.0;0.0;0.0;0.0;0.0;0.0;21.0;1.0;0.0;0.0;0.0;0.0;0.0;0.0;0.0;0.0;0.0;0.0;0.0;0.0;0.0;0.0;0.0;0.0;0.0;0.0;0.0;0.0;0.0;0.0;888.0
Beberibe;BEBERIBE;-4.18119444444;-38.12775;1988;7;0.0;0.0;0.0;0.0;0.0;0.0;0.0;0.0;0.0;0.0;0.0;0.0;0.0;0.0;0.0;0.0;0.0;0.0;0.0;0.0;0.0;0.0;0.0;0.0;0.0;0.0;0.0;0.0;0.0;0.0;0.0;0.0
Beberibe;BEBERIBE;-4.18119444444;-38.12775;1988;8;5.0;0.0;0.0;0.0;0.0;0.0;0.0;0.0;0.0;5.0;0.0;0.0;0.0;0.0;0.0;0.0;0.0;0.0;0.0;0.0;0.0;0.0;0.0;0.0;0.0;0.0;0.0;0.0;0.0;0.0;0.0;0.0
Beberibe;BEBERIBE;-4.18119444444;-38.12775;1988;9;35.0;35.0;0.0;0.0;0.0;0.0;0.0;0.0;0.0;0.0;0.0;0.0;0.0;0.0;0.0;0.0;0.0;0.0;0.0;0.0;0.0;0.0;0.0;0.0;0.0;0.0;0.0;0.0;0.0;0.0;0.0;888.0
Beberibe;BEBERIBE;-4.18119444444;-38.12775;1988;10;16.0;0.0;0.0;0.0;0.0;0.0;0.0;0.0;0.0;0.0;0.0;0.0;0.0;0.0;0.0;0.0;0.0;0.0;0.0;0.0;0.0;0.0;0.0;0.0;0.0;0.0;0.0;0.0;8.0;0.0;8.0;0.0
Beberibe;BEBERIBE;-4.18119444444;-38.12775;1988;11;0.0;0.0;0.0;0.0;0.0;0.0;0.0;0.0;0.0;0.0;0.0;0.0;0.0;0.0;0.0;0.0;0.0;0.0;0.0;0.0;0.0;0.0;0.0;0.0;0.0;0.0;0.0;0.0;0.0;0.0;0.0;888.0
Beberibe;BEBERIBE;-4.18119444444;-38.12775;1988;12;52.0;0.0;0.0;0.0;0.0;0.0;0.0;0.0;0.0;0.0;0.0;0.0;0.0;0.0;0.0;29.0;0.0;0.0;9.0;6.0;0.0;0.0;0.0;0.0;0.0;0.0;0.0;0.0;0.0;8.0;0.0;0.0
Beberibe;BEBERIBE;-4.18119444444;-38.12775;1989;1;71.1;0.0;0.0;0.0;0.0;0.0;0.0;0.0;0.0;0.0;0.0;0.0;17.0;0.0;0.0;0.0;0.0;0.0;0.0;0.0;0.0;0.0;0.0;0.0;15.0;28.0;0.0;0.0;11.1;0.0;0.0;0.0
Beberibe;BEBERIBE;-4.18119444444;-38.12775;1989;2;31.0;0.0;0.0;0.0;0.0;0.0;0.0;0.0;0.0;0.0;0.0;15.0;0.0;0.0;0.0;0.0;16.0;0.0;0.0;0.0;0.0;0.0;0.0;0.0;0.0;0.0;0.0;0.0;0.0;888.0;888.0;888.0
Beberibe;BEBERIBE;-4.18119444444;-38.12775;1989;3;302.0;0.0;0.0;0.0;0.0;0.0;0.0;0.0;0.0;16.0;4.0;0.0;0.0;0.0;0.0;0.0;0.0;89.0;27.0;0.0;20.0;0.0;8.0;0.0;22.0;6.0;0.0;37.0;29.0;0.0;5.0;39.0
Beberibe;BEBERIBE;-4.18119444444;-38.12775;1989;4;540.0;93.0;0.0;7.0;2.0;0.0;6.0;3.0;9.0;15.0;102.0;21.0;1.0;14.0;12.0;15.0;9.0;4.0;12.0;36.0;2.0;7.0;1.0;18.0;1.0;4.0;69.0;37.0;32.0;4.0;4.0;888.0
Beberibe;BEBERIBE;-4.18119444444;-38.12775;1989;5;131.0;3.0;4.0;13.0;11.0;17.0;0.0;0.0;0.0;3.0;7.0;0.0;5.0;27.0;10.0;5.0;1.0;0.0;1.0;0.0;1.0;15.0;0.0;2.0;0.0;1.0;1.0;0.0;2.0;0.0;0.0;2.0
Beberibe;BEBERIBE;-4.18119444444;-38.12775;1989;6;264.0;1.0;2.0;22.0;17.0;0.0;7.0;12.0;1.0;0.0;0.0;2.0;0.0;0.0;23.0;7.0;62.0;11.0;0.0;4.0;6.0;0.0;3.0;6.0;16.0;0.0;18.0;37.0;0.0;7.0;0.0;888.0
Beberibe;BEBERIBE;-4.18119444444;-38.12775;1989;7;204.0;0.0;0.0;0.0;0.0;22.0;101.0;1.0;2.0;47.0;12.0;0.0;0.0;0.0;0.0;1.0;0.0;7.0;2.0;0.0;0.0;2.0;3.0;0.0;4.0;0.0;0.0;0.0;0.0;0.0;0.0;0.0
Beberibe;BEBERIBE;-4.18119444444;-38.12775;1989;8;18.0;0.0;0.0;0.0;0.0;0.0;0.0;0.0;0.0;0.0;0.0;0.0;0.0;0.0;0.0;0.0;6.0;0.0;0.0;0.0;12.0;0.0;0.0;0.0;0.0;0.0;0.0;0.0;0.0;0.0;0.0;0.0
Beberibe;BEBERIBE;-4.18119444444;-38.12775;1989;9;29.0;0.0;0.0;0.0;0.0;0.0;0.0;1.0;0.0;0.0;0.0;0.0;0.0;0.0;0.0;0.0;0.0;0.0;17.0;0.0;0.0;0.0;0.0;0.0;0.0;0.0;3.0;0.0;0.0;8.0;0.0;888.0
Beberibe;BEBERIBE;-4.18119444444;-38.12775;1989;10;3.0;0.0;0.0;0.0;0.0;0.0;0.0;0.0;3.0;0.0;0.0;0.0;0.0;0.0;0.0;0.0;0.0;0.0;0.0;0.0;0.0;0.0;0.0;0.0;0.0;0.0;0.0;0.0;0.0;0.0;0.0;0.0
Beberibe;BEBERIBE;-4.18119444444;-38.12775;1989;11;23.0;0.0;0.0;0.0;0.0;0.0;0.0;0.0;0.0;0.0;0.0;9.0;0.0;0.0;0.0;0.0;0.0;4.0;0.0;0.0;10.0;0.0;0.0;0.0;0.0;0.0;0.0;0.0;0.0;0.0;0.0;888.0
Beberibe;BEBERIBE;-4.18119444444;-38.12775;1989;12;164.0;0.0;0.0;0.0;0.0;0.0;0.0;0.0;0.0;0.0;0.0;0.0;0.0;0.0;0.0;0.0;12.0;13.0;0.0;9.0;0.0;0.0;0.0;50.0;9.0;8.0;5.0;57.0;0.0;1.0;0.0;0.0
Beberibe;BEBERIBE;-4.18119444444;-38.12775;1990;1;36.0;0.0;0.0;0.0;0.0;2.0;0.0;0.0;6.0;0.0;0.0;2.0;0.0;0.0;0.0;2.0;0.0;0.0;0.0;0.0;0.0;0.0;0.0;3.0;7.0;9.0;0.0;0.0;0.0;0.0;0.0;5.0
Beberibe;BEBERIBE;-4.18119444444;-38.12775;1990;2;172.0;0.0;2.0;0.0;0.0;6.0;0.0;0.0;0.0;0.0;0.0;0.0;1.0;0.0;0.0;0.0;0.0;0.0;0.0;0.0;0.0;0.0;0.0;13.0;60.0;0.0;10.0;60.0;20.0;888.0;888.0;888.0
Beberibe;BEBERIBE;-4.18119444444;-38.12775;1990;3;65.5;13.0;0.2;0.1;0.2;0.0;0.0;0.0;0.0;0.0;0.0;0.0;0.0;0.0;0.0;0.0;0.0;0.0;0.0;0.0;0.0;0.0;0.0;0.0;27.0;15.0;9.0;0.0;0.0;0.0;1.0;0.0
Beberibe;BEBERIBE;-4.18119444444;-38.12775;1990;4;173.0;0.0;0.0;0.0;104.0;0.0;0.0;0.0;10.0;0.0;0.0;0.0;1.0;0.0;0.0;0.0;0.0;0.0;0.0;0.0;0.0;4.0;0.0;0.0;3.0;21.0;0.0;12.0;11.0;0.0;7.0;888.0
Beberibe;BEBERIBE;-4.18119444444;-38.12775;1990;5;94.9;53.0;1.0;1.0;0.0;5.0;0.0;0.0;0.0;0.0;0.0;0.0;1.0;2.0;9.0;16.0;0.0;0.0;0.0;2.0;0.0;1.8;0.0;0.1;0.0;0.0;0.0;0.0;0.0;1.2;1.8;0.0
Beberibe;BEBERIBE;-4.18119444444;-38.12775;1990;6;8.5;0.0;0.0;2.1;2.4;0.0;0.0;4.0;0.0;0.0;0.0;0.0;0.0;0.0;0.0;0.0;0.0;0.0;0.0;0.0;0.0;0.0;0.0;0.0;0.0;0.0;0.0;0.0;0.0;0.0;0.0;888.0
Beberibe;BEBERIBE;-4.18119444444;-38.12775;1990;7;43.0;0.0;0.0;30.0;0.0;0.0;6.0;0.0;0.0;0.0;0.0;0.0;6.0;0.0;0.0;0.0;0.0;0.0;0.0;0.0;0.0;1.0;0.0;0.0;0.0;0.0;0.0;0.0;0.0;0.0;0.0;0.0
Beberibe;BEBERIBE;-4.18119444444;-38.12775;1990;8;0.1;0.0;0.0;0.0;0.0;0.0;0.0;0.0;0.0;0.0;0.1;0.0;0.0;0.0;0.0;0.0;0.0;0.0;0.0;0.0;0.0;0.0;0.0;0.0;0.0;0.0;0.0;0.0;0.0;0.0;0.0;0.0
Beberibe;BEBERIBE;-4.18119444444;-38.12775;1990;9;4.0;0.0;0.0;0.0;0.0;0.0;0.0;0.0;0.0;0.0;0.0;0.0;0.0;0.0;0.0;0.0;0.0;0.0;0.0;0.0;0.0;0.0;0.0;0.0;0.0;0.0;0.0;3.0;1.0;0.0;0.0;888.0
Beberibe;BEBERIBE;-4.18119444444;-38.12775;1990;10;0.0;0.0;0.0;0.0;0.0;0.0;0.0;0.0;0.0;0.0;0.0;0.0;0.0;0.0;0.0;0.0;0.0;0.0;0.0;0.0;0.0;0.0;0.0;0.0;0.0;0.0;0.0;0.0;0.0;0.0;0.0;0.0
Beberibe;BEBERIBE;-4.18119444444;-38.12775;1990;11;6.3;0.0;0.0;0.0;0.0;0.0;0.0;0.0;0.0;0.0;0.0;0.0;0.0;0.0;0.0;0.0;0.0;0.0;0.0;1.0;0.0;0.0;0.0;3.0;0.0;0.0;0.0;0.0;2.3;0.0;0.0;888.0
Beberibe;BEBERIBE;-4.18119444444;-38.12775;1990;12;3.0;0.0;0.0;0.0;0.0;0.0;2.0;0.0;0.0;0.0;0.0;0.0;0.0;0.0;0.0;0.0;0.0;1.0;0.0;0.0;0.0;0.0;0.0;0.0;0.0;0.0;0.0;0.0;0.0;0.0;0.0;0.0
Beberibe;BEBERIBE;-4.18119444444;-38.12775;1991;1;18.0;0.0;0.0;0.0;0.0;0.0;0.0;0.0;0.0;0.0;0.0;0.0;0.0;0.0;0.0;0.0;0.0;0.0;11.0;5.0;0.0;0.0;0.0;0.0;0.0;0.0;0.0;0.0;0.0;0.0;0.0;2.0
Beberibe;BEBERIBE;-4.18119444444;-38.12775;1991;2;71.0;5.0;3.0;0.0;39.0;0.0;3.0;0.0;0.0;0.0;0.0;0.0;0.0;0.0;0.0;9.0;0.0;0.0;12.0;0.0;0.0;0.0;0.0;0.0;0.0;0.0;0.0;0.0;0.0;888.0;888.0;888.0
Beberibe;BEBERIBE;-4.18119444444;-38.12775;1991;3;240.0;0.0;0.0;0.0;0.0;3.0;7.0;0.0;0.0;45.0;10.0;8.0;3.0;3.0;12.0;11.0;3.0;7.0;7.0;5.0;0.0;0.0;0.0;3.0;4.0;22.0;0.0;31.0;0.0;47.0;4.0;5.0
Beberibe;BEBERIBE;-4.18119444444;-38.12775;1991;4;376.0;1.0;2.0;38.0;16.0;0.0;0.0;0.0;10.0;8.0;3.0;14.0;0.0;0.0;6.0;0.0;40.0;2.0;0.0;39.0;6.0;2.0;4.0;0.0;0.0;16.0;0.0;6.0;29.0;133.0;1.0;888.0
Beberibe;BEBERIBE;-4.18119444444;-38.12775;1991;5;76.0;0.0;0.0;0.0;0.0;0.0;0.0;0.0;0.0;0.0;0.0;0.0;0.0;0.0;0.0;0.0;0.0;1.0;0.0;16.0;0.0;2.0;0.0;0.0;8.0;37.0;10.0;0.0;0.0;0.0;2.0;0.0
Beberibe;BEBERIBE;-4.18119444444;-38.12775;1991;6;54.0;16.0;17.0;0.0;0.0;0.0;0.0;0.0;0.0;0.0;0.0;0.0;0.0;0.0;0.0;0.0;0.0;0.0;0.0;0.0;0.0;0.0;0.0;0.0;0.0;0.0;0.0;0.0;21.0;0.0;0.0;888.0
Beberibe;BEBERIBE;-4.18119444444;-38.12775;1991;7;24.0;0.0;0.0;0.0;2.0;0.0;0.0;0.0;0.0;0.0;0.0;0.0;0.0;0.0;22.0;0.0;0.0;0.0;0.0;0.0;0.0;0.0;0.0;0.0;0.0;0.0;0.0;0.0;0.0;0.0;0.0;0.0
Beberibe;BEBERIBE;-4.18119444444;-38.12775;1991;8;0.0;0.0;0.0;0.0;0.0;0.0;0.0;0.0;0.0;0.0;0.0;0.0;0.0;0.0;0.0;0.0;0.0;0.0;0.0;0.0;0.0;0.0;0.0;0.0;0.0;0.0;0.0;0.0;0.0;0.0;0.0;0.0
Beberibe;BEBERIBE;-4.18119444444;-38.12775;1991;9;0.0;0.0;0.0;0.0;0.0;0.0;0.0;0.0;0.0;0.0;0.0;0.0;0.0;0.0;0.0;0.0;0.0;0.0;0.0;0.0;0.0;0.0;0.0;0.0;0.0;0.0;0.0;0.0;0.0;0.0;0.0;888.0
Beberibe;BEBERIBE;-4.18119444444;-38.12775;1991;10;3.0;0.0;0.0;0.0;0.0;0.0;0.0;0.0;0.0;0.0;0.0;0.0;0.0;0.0;3.0;0.0;0.0;0.0;0.0;0.0;0.0;0.0;0.0;0.0;0.0;0.0;0.0;0.0;0.0;0.0;0.0;0.0
Beberibe;BEBERIBE;-4.18119444444;-38.12775;1991;11;0.0;0.0;0.0;0.0;0.0;0.0;0.0;0.0;0.0;0.0;0.0;0.0;0.0;0.0;0.0;0.0;0.0;0.0;0.0;0.0;0.0;0.0;0.0;0.0;0.0;0.0;0.0;0.0;0.0;0.0;0.0;888.0
Beberibe;BEBERIBE;-4.18119444444;-38.12775;1991;12;0.0;0.0;0.0;0.0;0.0;0.0;0.0;0.0;0.0;0.0;0.0;0.0;0.0;0.0;0.0;0.0;0.0;0.0;0.0;0.0;0.0;0.0;0.0;0.0;0.0;0.0;0.0;0.0;0.0;0.0;0.0;0.0
Beberibe;BEBERIBE;-4.18119444444;-38.12775;1992;1;292.0;0.0;0.0;0.0;0.0;0.0;0.0;0.0;0.0;0.0;0.0;0.0;0.0;0.0;0.0;0.0;0.0;0.0;0.0;0.0;0.0;0.0;0.0;0.0;0.0;61.0;16.0;22.0;3.0;51.0;4.0;135.0
Beberibe;BEBERIBE;-4.18119444444;-38.12775;1992;2;169.7;0.7;10.0;6.0;0.0;0.0;0.0;0.0;0.0;0.0;0.0;0.0;8.0;18.0;2.0;0.0;18.0;1.0;32.0;1.0;10.0;58.0;0.0;0.0;2.0;0.0;3.0;0.0;0.0;0.0;888.0;888.0
Beberibe;BEBERIBE;-4.18119444444;-38.12775;1992;3;118.0;0.0;0.0;0.0;0.0;0.0;0.0;1.0;0.0;0.0;0.0;0.0;0.0;0.0;0.0;0.0;3.0;2.0;0.0;0.0;5.0;0.0;3.0;6.0;12.0;42.0;0.0;0.0;30.0;1.0;0.0;13.0
Beberibe;BEBERIBE;-4.18119444444;-38.12775;1992;4;190.0;52.0;1.0;0.0;10.0;5.0;20.0;53.0;0.0;0.0;0.0;0.0;0.0;0.0;0.0;30.0;5.0;0.0;0.0;9.0;1.0;4.0;0.0;0.0;0.0;0.0;0.0;0.0;0.0;0.0;0.0;888.0
Beberibe;BEBERIBE;-4.18119444444;-38.12775;1992;5;77.0;8.0;0.0;0.0;12.0;26.0;1.0;0.0;0.0;0.0;0.0;0.0;0.0;0.0;0.0;0.0;0.0;9.0;0.0;0.0;12.0;0.0;0.0;0.0;0.0;0.0;0.0;9.0;0.0;0.0;0.0;0.0
Beberibe;BEBERIBE;-4.18119444444;-38.12775;1992;6;68.0;41.0;0.0;4.0;2.0;0.0;0.0;0.0;0.0;0.0;19.0;0.0;0.0;0.0;0.0;0.0;0.0;0.0;0.0;0.0;0.0;0.0;1.0;0.0;1.0;0.0;0.0;0.0;0.0;0.0;0.0;888.0
Beberibe;BEBERIBE;-4.18119444444;-38.12775;1992;7;8.0;0.0;0.0;0.0;0.0;0.0;0.0;0.0;0.0;0.0;0.0;0.0;0.0;8.0;0.0;0.0;0.0;0.0;0.0;0.0;0.0;0.0;0.0;0.0;0.0;0.0;0.0;0.0;0.0;0.0;0.0;0.0
Beberibe;BEBERIBE;-4.18119444444;-38.12775;1992;8;0.0;0.0;0.0;0.0;0.0;0.0;0.0;0.0;0.0;0.0;0.0;0.0;0.0;0.0;0.0;0.0;0.0;0.0;0.0;0.0;0.0;0.0;0.0;0.0;0.0;0.0;0.0;0.0;0.0;0.0;0.0;0.0
Beberibe;BEBERIBE;-4.18119444444;-38.12775;1992;9;0.0;0.0;0.0;0.0;0.0;0.0;0.0;0.0;0.0;0.0;0.0;0.0;0.0;0.0;0.0;0.0;0.0;0.0;0.0;0.0;0.0;0.0;0.0;0.0;0.0;0.0;0.0;0.0;0.0;0.0;0.0;888.0
Beberibe;BEBERIBE;-4.18119444444;-38.12775;1992;10;0.0;0.0;0.0;0.0;0.0;0.0;0.0;0.0;0.0;0.0;0.0;0.0;0.0;0.0;0.0;0.0;0.0;0.0;0.0;0.0;0.0;0.0;0.0;0.0;0.0;0.0;0.0;0.0;0.0;0.0;0.0;0.0
Beberibe;BEBERIBE;-4.18119444444;-38.12775;1992;11;0.0;0.0;0.0;0.0;0.0;0.0;0.0;0.0;0.0;0.0;0.0;0.0;0.0;0.0;0.0;0.0;0.0;0.0;0.0;0.0;0.0;0.0;0.0;0.0;0.0;0.0;0.0;0.0;0.0;0.0;0.0;888.0
Beberibe;BEBERIBE;-4.18119444444;-38.12775;1992;12;0.0;0.0;0.0;0.0;0.0;0.0;0.0;0.0;0.0;0.0;0.0;0.0;0.0;0.0;0.0;0.0;0.0;0.0;0.0;0.0;0.0;0.0;0.0;0.0;0.0;0.0;0.0;0.0;0.0;0.0;0.0;0.0
Beberibe;BEBERIBE;-4.18119444444;-38.12775;1993;1;99.0;0.0;0.0;0.0;0.0;0.0;0.0;0.0;0.0;0.0;39.0;0.0;0.0;0.0;0.0;0.0;53.0;0.0;0.0;7.0;0.0;0.0;0.0;0.0;0.0;0.0;0.0;0.0;0.0;0.0;0.0;0.0
Beberibe;BEBERIBE;-4.18119444444;-38.12775;1993;2;40.0;0.0;0.0;0.0;0.0;0.0;0.0;0.0;0.0;0.0;0.0;0.0;0.0;0.0;0.0;0.0;0.0;0.0;0.0;14.0;0.0;0.0;0.0;4.0;22.0;0.0;0.0;0.0;0.0;888.0;888.0;888.0
Beberibe;BEBERIBE;-4.18119444444;-38.12775;1993;3;225.2;0.0;30.0;0.0;7.1;0.0;0.0;0.0;0.0;0.0;0.0;0.0;0.0;0.0;0.0;0.0;0.0;19.0;4.0;0.0;19.0;0.0;1.0;1.0;0.0;3.0;0.0;31.0;6.1;71.0;33.0;0.0
Beberibe;BEBERIBE;-4.18119444444;-38.12775;1993;4;33.0;0.0;0.0;0.0;4.0;0.0;0.0;0.0;2.0;0.0;0.0;0.0;0.0;0.0;0.0;0.0;4.0;0.0;0.0;4.0;0.0;0.0;14.0;0.0;0.0;5.0;0.0;0.0;0.0;0.0;0.0;888.0
Beberibe;BEBERIBE;-4.18119444444;-38.12775;1993;5;89.0;0.0;18.0;0.0;0.0;0.0;0.0;0.0;0.0;0.0;0.0;0.0;0.0;0.0;0.0;0.0;0.0;0.0;0.0;0.0;0.0;35.0;18.0;0.0;18.0;0.0;0.0;0.0;0.0;0.0;0.0;0.0
Beberibe;BEBERIBE;-4.18119444444;-38.12775;1993;6;12.0;0.0;0.0;0.0;0.0;0.0;0.0;0.0;0.0;0.0;0.0;12.0;0.0;0.0;0.0;0.0;0.0;0.0;0.0;0.0;0.0;0.0;0.0;0.0;0.0;0.0;0.0;0.0;0.0;0.0;0.0;888.0
Beberibe;BEBERIBE;-4.18119444444;-38.12775;1993;7;4.0;0.0;0.0;0.0;0.0;0.0;0.0;0.0;0.0;0.0;4.0;0.0;0.0;0.0;0.0;0.0;0.0;0.0;0.0;0.0;0.0;0.0;0.0;0.0;0.0;0.0;0.0;0.0;0.0;0.0;0.0;0.0
Beberibe;BEBERIBE;-4.18119444444;-38.12775;1993;8;0.0;0.0;0.0;0.0;0.0;0.0;0.0;0.0;0.0;0.0;0.0;0.0;0.0;0.0;0.0;0.0;0.0;0.0;0.0;0.0;0.0;0.0;0.0;0.0;0.0;0.0;0.0;0.0;0.0;0.0;0.0;0.0
Beberibe;BEBERIBE;-4.18119444444;-38.12775;1993;9;0.0;0.0;0.0;0.0;0.0;0.0;0.0;0.0;0.0;0.0;0.0;0.0;0.0;0.0;0.0;0.0;0.0;0.0;0.0;0.0;0.0;0.0;0.0;0.0;0.0;0.0;0.0;0.0;0.0;0.0;0.0;888.0
Beberibe;BEBERIBE;-4.18119444444;-38.12775;1993;10;0.0;0.0;0.0;0.0;0.0;0.0;0.0;0.0;0.0;0.0;0.0;0.0;0.0;0.0;0.0;0.0;0.0;0.0;0.0;0.0;0.0;0.0;0.0;0.0;0.0;0.0;0.0;0.0;0.0;0.0;0.0;0.0
Beberibe;BEBERIBE;-4.18119444444;-38.12775;1993;11;0.0;0.0;0.0;0.0;0.0;0.0;0.0;0.0;0.0;0.0;0.0;0.0;0.0;0.0;0.0;0.0;0.0;0.0;0.0;0.0;0.0;0.0;0.0;0.0;0.0;0.0;0.0;0.0;0.0;0.0;0.0;888.0
Beberibe;BEBERIBE;-4.18119444444;-38.12775;1993;12;0.0;0.0;0.0;0.0;0.0;0.0;0.0;0.0;0.0;0.0;0.0;0.0;0.0;0.0;0.0;0.0;0.0;0.0;0.0;0.0;0.0;0.0;0.0;0.0;0.0;0.0;0.0;0.0;0.0;0.0;0.0;0.0
Beberibe;BEBERIBE;-4.18119444444;-38.12775;1994;1;98.5;9.0;8.0;4.0;0.0;25.0;24.0;0.0;0.0;0.0;0.0;0.0;1.5;0.0;0.0;0.0;0.0;0.0;7.0;0.0;0.0;0.0;0.0;0.0;0.0;0.0;0.0;3.0;17.0;0.0;0.0;0.0
Beberibe;BEBERIBE;-4.18119444444;-38.12775;1994;2;134.5;0.0;0.0;0.0;0.0;0.0;11.0;14.5;14.0;4.0;1.0;10.0;4.0;1.0;7.0;30.0;0.0;3.0;6.0;0.0;0.0;2.0;0.0;0.0;0.0;0.0;9.0;3.0;15.0;888.0;888.0;888.0
Beberibe;BEBERIBE;-4.18119444444;-38.12775;1994;3;464.6;12.5;2.0;1.0;5.0;0.0;6.0;0.0;0.0;6.5;21.0;0.0;30.0;10.0;5.0;18.0;59.6;0.0;0.0;60.0;7.0;6.0;14.0;5.0;31.3;27.0;58.7;0.0;0.0;0.0;79.0;0.0
Beberibe;BEBERIBE;-4.18119444444;-38.12775;1994;4;265.7;0.0;11.0;0.0;0.0;16.6;45.1;32.4;9.0;0.0;0.0;9.0;6.6;5.0;0.0;0.0;0.0;0.0;26.0;5.0;2.0;13.0;2.0;22.0;0.0;4.0;8.0;2.0;6.0;41.0;0.0;888.0
Beberibe;BEBERIBE;-4.18119444444;-38.12775;1994;5;261.0;0.0;21.0;3.0;1.0;0.0;0.0;0.0;2.0;4.0;2.0;0.0;0.0;3.0;22.0;5.0;56.0;24.0;0.0;67.0;3.0;30.0;0.0;14.0;2.0;0.0;0.0;0.0;0.0;0.0;2.0;0.0
Beberibe;BEBERIBE;-4.18119444444;-38.12775;1994;6;427.0;1.0;6.0;3.0;5.0;0.0;20.0;14.0;15.0;3.0;5.0;0.0;0.0;13.0;95.0;0.0;2.0;40.0;8.0;2.0;9.0;16.0;24.0;27.0;22.0;7.0;8.0;12.0;17.0;50.0;3.0;888.0
Beberibe;BEBERIBE;-4.18119444444;-38.12775;1994;7;50.2;0.0;0.0;2.0;0.0;0.0;0.0;0.0;7.0;0.0;0.0;0.0;0.0;1.0;0.0;0.0;26.0;3.0;2.0;4.2;3.0;0.0;0.0;2.0;0.0;0.0;0.0;0.0;0.0;0.0;0.0;0.0
Beberibe;BEBERIBE;-4.18119444444;-38.12775;1994;8;0.0;0.0;0.0;0.0;0.0;0.0;0.0;0.0;0.0;0.0;0.0;0.0;0.0;0.0;0.0;0.0;0.0;0.0;0.0;0.0;0.0;0.0;0.0;0.0;0.0;0.0;0.0;0.0;0.0;0.0;0.0;0.0
Beberibe;BEBERIBE;-4.18119444444;-38.12775;1994;9;0.0;0.0;0.0;0.0;0.0;0.0;0.0;0.0;0.0;0.0;0.0;0.0;0.0;0.0;0.0;0.0;0.0;0.0;0.0;0.0;0.0;0.0;0.0;0.0;0.0;0.0;0.0;0.0;0.0;0.0;0.0;888.0
Beberibe;BEBERIBE;-4.18119444444;-38.12775;1994;10;20.0;0.0;0.0;0.0;0.0;0.0;10.0;0.0;3.0;0.0;0.0;0.0;0.0;0.0;0.0;0.0;0.0;0.0;0.0;0.0;0.0;0.0;0.0;0.0;0.0;7.0;0.0;0.0;0.0;0.0;0.0;0.0
Beberibe;BEBERIBE;-4.18119444444;-38.12775;1994;11;0.0;0.0;0.0;0.0;0.0;0.0;0.0;0.0;0.0;0.0;0.0;0.0;0.0;0.0;0.0;0.0;0.0;0.0;0.0;0.0;0.0;0.0;0.0;0.0;0.0;0.0;0.0;0.0;0.0;0.0;0.0;888.0
Beberibe;BEBERIBE;-4.18119444444;-38.12775;1994;12;130.0;0.0;0.0;0.0;0.0;0.0;0.0;0.0;0.0;0.0;0.0;0.0;0.0;0.0;0.0;0.0;0.0;0.0;0.0;0.0;0.0;0.0;0.0;0.0;0.0;7.0;3.0;0.0;81.0;21.0;18.0;0.0
Beberibe;BEBERIBE;-4.18119444444;-38.12775;1995;1;96.9;0.0;2.0;0.0;0.0;0.0;0.2;0.0;65.0;18.0;0.0;0.0;0.0;0.0;0.0;0.2;3.0;1.5;2.0;0.0;0.0;0.0;0.0;0.0;0.0;0.0;0.0;0.0;0.0;4.0;1.0;0.0
Beberibe;BEBERIBE;-4.18119444444;-38.12775;1995;2;253.0;0.0;0.0;7.0;12.0;8.0;0.0;0.0;0.0;13.0;1.0;12.0;0.0;0.0;1.0;0.0;0.0;0.0;20.0;13.0;65.0;5.0;2.0;0.0;2.0;20.0;0.0;11.0;61.0;888.0;888.0;888.0
Beberibe;BEBERIBE;-4.18119444444;-38.12775;1995;3;284.6;0.4;0.0;9.0;5.0;0.0;0.0;23.0;5.0;0.0;0.0;0.0;0.0;0.0;23.0;4.0;0.0;1.5;4.0;9.0;16.0;9.2;4.4;0.0;6.7;5.7;25.8;2.2;23.7;10.0;92.0;5.0
Beberibe;BEBERIBE;-4.18119444444;-38.12775;1995;4;553.0;19.1;2.2;0.0;0.0;45.0;57.0;5.0;68.0;26.0;42.0;17.0;25.0;16.0;33.0;33.0;8.2;11.2;1.2;12.0;12.0;3.0;38.0;23.0;3.0;35.0;2.0;4.0;0.0;11.1;1.0;888.0
Beberibe;BEBERIBE;-4.18119444444;-38.12775;1995;5;176.9;0.0;2.3;10.0;0.0;0.0;0.0;0.0;0.0;1.3;0.2;0.1;6.3;1.2;0.0;11.1;23.2;9.0;8.2;5.2;4.0;0.0;7.0;6.0;7.2;8.0;0.4;1.0;5.0;3.0;28.2;29.0
Beberibe;BEBERIBE;-4.18119444444;-38.12775;1995;6;64.6;1.0;1.0;3.0;0.2;0.0;0.0;12.0;0.0;0.0;0.0;0.0;0.0;0.0;0.1;0.0;5.0;0.0;4.3;0.0;0.0;21.0;11.0;0.0;0.0;0.0;1.0;0.0;0.0;5.0;0.0;888.0
Beberibe;BEBERIBE;-4.18119444444;-38.12775;1995;7;58.1;1.2;0.0;5.0;3.0;3.0;0.0;0.0;0.0;26.2;0.0;0.0;0.0;0.0;0.0;0.0;1.0;0.0;0.0;4.0;2.0;0.0;0.0;0.0;7.4;0.0;0.0;5.3;0.0;0.0;0.0;0.0
Beberibe;BEBERIBE;-4.18119444444;-38.12775;1995;8;0.0;0.0;0.0;0.0;0.0;0.0;0.0;0.0;0.0;0.0;0.0;0.0;0.0;0.0;0.0;0.0;0.0;0.0;0.0;0.0;0.0;0.0;0.0;0.0;0.0;0.0;0.0;0.0;0.0;0.0;0.0;0.0
Beberibe;BEBERIBE;-4.18119444444;-38.12775;1995;9;0.8;0.0;0.0;0.0;0.0;0.0;0.0;0.0;0.0;0.0;0.0;0.0;0.0;0.0;0.0;0.0;0.0;0.0;0.0;0.0;0.0;0.8;0.0;0.0;0.0;0.0;0.0;0.0;0.0;0.0;0.0;888.0
Beberibe;BEBERIBE;-4.18119444444;-38.12775;1995;10;0.4;0.0;0.0;0.0;0.0;0.0;0.0;0.0;0.0;0.0;0.0;0.0;0.0;0.0;0.0;0.0;0.0;0.0;0.0;0.0;0.0;0.0;0.0;0.0;0.4;0.0;0.0;0.0;0.0;0.0;0.0;0.0
Beberibe;BEBERIBE;-4.18119444444;-38.12775;1995;11;1.9;0.0;0.0;0.0;0.0;0.0;0.0;0.0;1.9;0.0;0.0;0.0;0.0;0.0;0.0;0.0;0.0;0.0;0.0;0.0;0.0;0.0;0.0;0.0;0.0;0.0;0.0;0.0;0.0;0.0;0.0;888.0
Beberibe;BEBERIBE;-4.18119444444;-38.12775;1995;12;16.0;0.0;0.0;8.0;0.0;0.0;0.0;0.0;0.0;0.0;0.0;0.0;0.0;0.0;0.0;0.0;0.0;0.0;0.0;0.0;0.0;0.0;0.0;0.0;0.0;0.0;6.0;0.0;2.0;0.0;0.0;0.0
Beberibe;BEBERIBE;-4.18119444444;-38.12775;1996;1;97.0;0.0;0.0;0.0;1.0;0.0;1.0;5.0;4.4;0.0;0.0;0.0;0.0;3.0;0.0;4.4;0.0;51.0;5.0;4.2;0.0;0.0;4.0;0.0;9.0;5.0;0.0;0.0;0.0;0.0;0.0;0.0
Beberibe;BEBERIBE;-4.18119444444;-38.12775;1996;2;123.8;2.3;0.0;0.0;0.0;0.0;3.0;0.0;0.0;0.0;0.0;0.0;0.0;4.0;6.0;0.0;25.0;0.0;0.0;14.3;0.0;0.0;3.0;0.0;23.0;9.0;29.0;1.2;4.0;0.0;888.0;888.0
Beberibe;BEBERIBE;-4.18119444444;-38.12775;1996;3;377.8;3.0;0.0;18.5;2.9;17.0;32.0;6.4;0.0;0.0;0.0;15.0;7.0;4.0;8.2;13.0;0.0;48.4;21.3;24.8;16.2;17.0;0.0;0.0;38.5;0.0;18.0;36.0;16.3;3.0;10.0;1.3
Beberibe;BEBERIBE;-4.18119444444;-38.12775;1996;4;480.8;9.0;3.0;6.0;0.0;30.0;3.3;18.6;25.0;49.0;7.4;12.0;5.2;29.9;46.6;20.0;28.0;44.2;0.0;8.0;10.8;7.0;0.0;0.0;12.0;3.4;31.0;20.0;29.4;6.0;16.0;888.0
Beberibe;BEBERIBE;-4.18119444444;-38.12775;1996;5;96.8;0.0;2.0;15.0;0.0;0.0;2.3;3.0;0.0;6.0;1.4;0.0;0.0;0.0;0.0;9.3;0.0;0.0;6.0;0.0;1.0;0.0;0.0;0.0;0.0;0.8;0.0;12.0;0.0;0.0;22.0;16.0
Beberibe;BEBERIBE;-4.18119444444;-38.12775;1996;6;4.0;0.0;0.0;2.0;0.0;0.0;0.0;0.0;0.0;0.0;0.0;0.0;0.0;0.0;0.0;0.0;0.0;0.0;0.0;0.0;0.0;0.0;0.0;0.0;0.0;2.0;0.0;0.0;0.0;0.0;0.0;888.0
Beberibe;BEBERIBE;-4.18119444444;-38.12775;1996;7;14.0;0.0;0.0;0.0;0.0;0.0;0.0;0.0;0.0;0.0;0.0;0.0;0.0;10.0;0.0;0.0;0.0;0.0;0.0;0.0;0.0;0.0;0.0;0.0;0.0;0.0;0.0;4.0;0.0;0.0;0.0;0.0
Beberibe;BEBERIBE;-4.18119444444;-38.12775;1996;8;17.5;0.0;0.0;9.8;4.4;0.0;0.0;0.0;0.0;0.0;0.2;0.0;0.0;0.0;0.0;0.0;0.0;0.0;0.0;3.1;0.0;0.0;0.0;0.0;0.0;0.0;0.0;0.0;0.0;0.0;0.0;0.0
Beberibe;BEBERIBE;-4.18119444444;-38.12775;1996;9;0.0;0.0;0.0;0.0;0.0;0.0;0.0;0.0;0.0;0.0;0.0;0.0;0.0;0.0;0.0;0.0;0.0;0.0;0.0;0.0;0.0;0.0;0.0;0.0;0.0;0.0;0.0;0.0;0.0;0.0;0.0;888.0
Beberibe;BEBERIBE;-4.18119444444;-38.12775;1996;10;16.2;0.0;0.0;0.0;0.0;0.0;0.0;0.0;0.0;0.0;0.0;0.0;0.0;0.0;0.0;0.0;0.0;7.0;0.0;0.0;0.0;0.0;0.0;0.0;0.0;9.2;0.0;0.0;0.0;0.0;0.0;0.0
Beberibe;BEBERIBE;-4.18119444444;-38.12775;1996;11;8.0;0.0;0.0;0.0;0.0;0.0;0.0;0.0;0.0;0.0;7.0;0.0;0.0;0.0;0.0;0.0;0.0;0.0;1.0;0.0;0.0;0.0;0.0;0.0;0.0;0.0;0.0;0.0;0.0;0.0;0.0;888.0
Beberibe;BEBERIBE;-4.18119444444;-38.12775;1996;12;2.0;0.0;0.0;0.0;0.0;0.0;0.0;0.0;0.0;0.0;0.0;0.0;0.0;0.0;0.0;0.0;0.0;2.0;0.0;0.0;0.0;0.0;0.0;0.0;0.0;0.0;0.0;0.0;0.0;0.0;0.0;0.0
Beberibe;BEBERIBE;-4.18119444444;-38.12775;1997;1;24.7;0.0;0.0;0.0;0.0;0.0;0.0;0.0;0.0;0.0;0.0;0.0;0.0;0.0;0.0;0.0;0.0;0.0;0.0;0.0;4.0;0.0;0.0;0.0;2.0;0.0;0.0;0.5;17.0;1.2;0.0;0.0
Beberibe;BEBERIBE;-4.18119444444;-38.12775;1997;2;69.0;0.0;3.0;1.0;1.2;0.0;2.0;4.2;2.2;0.0;2.0;0.0;0.0;0.0;20.0;3.0;0.0;0.0;0.0;23.0;3.9;0.3;3.2;0.0;0.0;0.0;0.0;0.0;0.0;888.0;888.0;888.0
Beberibe;BEBERIBE;-4.18119444444;-38.12775;1997;3;216.0;0.0;0.0;0.0;0.0;0.0;0.0;0.0;8.0;0.0;0.0;0.0;0.2;0.0;0.0;0.0;0.0;0.0;0.0;0.0;0.0;0.0;0.0;146.0;0.0;14.0;29.0;0.0;12.0;6.0;0.0;0.8
Beberibe;BEBERIBE;-4.18119444444;-38.12775;1997;4;368.5;6.0;27.0;14.8;37.1;77.0;28.0;11.6;4.2;0.0;0.0;43.0;0.8;56.0;6.0;4.0;0.0;0.0;1.0;1.2;0.0;0.0;0.0;0.0;9.0;14.2;0.0;7.0;5.0;7.2;8.4;888.0
Beberibe;BEBERIBE;-4.18119444444;-38.12775;1997;5;299.0;12.0;47.0;43.0;39.0;7.0;19.0;20.0;7.0;0.0;0.0;0.0;9.0;25.0;2.0;7.4;0.0;0.0;0.0;27.0;0.0;0.0;0.0;0.0;16.0;5.0;9.0;4.6;0.0;0.0;0.0;0.0
Beberibe;BEBERIBE;-4.18119444444;-38.12775;1997;6;4.2;0.0;0.0;0.0;0.0;0.0;0.0;0.0;0.0;0.0;0.0;0.0;0.0;0.0;0.0;0.0;0.0;0.7;0.0;0.0;0.0;0.0;0.0;0.0;0.0;0.0;0.0;0.0;3.5;0.0;0.0;888.0
Beberibe;BEBERIBE;-4.18119444444;-38.12775;1997;7;6.9;0.0;0.0;0.0;3.9;0.0;0.0;1.0;0.0;0.0;0.0;0.0;0.0;0.0;2.0;0.0;0.0;0.0;0.0;0.0;0.0;0.0;0.0;0.0;0.0;0.0;0.0;0.0;0.0;0.0;0.0;0.0
Beberibe;BEBERIBE;-4.18119444444;-38.12775;1997;8;5.0;0.0;0.0;0.0;0.0;0.0;0.0;0.0;0.0;0.0;0.0;0.0;0.0;0.0;0.0;0.0;0.0;0.0;4.0;0.0;0.0;0.0;0.0;0.0;0.0;1.0;0.0;0.0;0.0;0.0;0.0;0.0
Beberibe;BEBERIBE;-4.18119444444;-38.12775;1997;9;1.0;0.0;0.0;0.0;0.0;0.0;0.0;0.0;1.0;0.0;0.0;0.0;0.0;0.0;0.0;0.0;0.0;0.0;0.0;0.0;0.0;0.0;0.0;0.0;0.0;0.0;0.0;0.0;0.0;0.0;0.0;888.0
Beberibe;BEBERIBE;-4.18119444444;-38.12775;1997;10;0.0;0.0;0.0;0.0;0.0;0.0;0.0;0.0;0.0;0.0;0.0;0.0;0.0;0.0;0.0;0.0;0.0;0.0;0.0;0.0;0.0;0.0;0.0;0.0;0.0;0.0;0.0;0.0;0.0;0.0;0.0;0.0
Beberibe;BEBERIBE;-4.18119444444;-38.12775;1997;11;10.0;0.0;0.0;0.0;0.0;0.0;0.0;0.0;0.0;0.0;0.0;0.0;0.0;0.0;0.0;0.0;0.0;9.0;1.0;0.0;0.0;0.0;0.0;0.0;0.0;0.0;0.0;0.0;0.0;0.0;0.0;888.0
Beberibe;BEBERIBE;-4.18119444444;-38.12775;1997;12;36.0;0.0;0.0;0.0;0.0;0.0;0.0;0.0;0.0;0.0;0.0;0.0;0.0;0.0;0.0;20.0;0.0;0.0;0.0;0.0;0.0;0.0;0.0;16.0;0.0;0.0;0.0;0.0;0.0;0.0;0.0;0.0
Beberibe;BEBERIBE;-4.18119444444;-38.12775;1998;1;181.3;12.6;2.7;5.8;0.0;0.0;0.0;0.0;0.0;3.0;0.0;3.0;3.6;1.0;8.0;0.0;0.0;0.0;0.0;19.0;10.0;37.0;10.0;0.0;0.0;0.0;6.0;13.0;20.0;20.6;6.0;0.0
Beberibe;BEBERIBE;-4.18119444444;-38.12775;1998;2;51.0;0.0;15.0;17.0;0.0;0.0;0.0;0.0;0.0;0.0;0.0;0.0;0.0;0.0;11.0;0.0;0.0;0.0;6.0;0.0;0.0;0.0;0.0;0.0;0.0;0.0;0.0;2.0;0.0;888.0;888.0;888.0
Beberibe;BEBERIBE;-4.18119444444;-38.12775;1998;3;209.0;0.0;0.0;10.0;0.0;0.0;0.0;6.0;0.0;0.0;3.2;2.0;20.0;10.0;0.0;1.0;2.0;3.0;0.0;0.0;0.0;8.4;5.0;46.0;48.0;14.0;0.0;2.0;1.4;0.0;15.0;12.0
Beberibe;BEBERIBE;-4.18119444444;-38.12775;1998;4;86.4;1.0;25.0;16.0;0.0;0.0;0.0;0.0;0.0;0.0;0.0;0.0;18.5;0.0;0.0;0.3;0.0;0.0;0.0;1.6;0.0;0.0;0.0;0.0;0.0;15.0;1.2;0.0;5.2;1.0;1.6;888.0
Beberibe;BEBERIBE;-4.18119444444;-38.12775;1998;5;62.8;0.0;0.0;3.0;1.0;0.0;5.0;0.0;0.0;5.0;0.0;22.4;0.0;0.0;0.0;0.0;0.0;0.0;0.0;14.0;0.0;0.0;0.0;0.0;12.4;0.0;0.0;0.0;0.0;0.0;0.0;0.0
Beberibe;BEBERIBE;-4.18119444444;-38.12775;1998;6;13.2;0.0;0.0;0.0;0.0;0.0;0.0;0.0;0.0;0.0;0.0;0.0;0.0;2.2;0.0;0.0;0.0;0.0;0.0;0.0;11.0;0.0;0.0;0.0;0.0;0.0;0.0;0.0;0.0;0.0;0.0;888.0
Beberibe;BEBERIBE;-4.18119444444;-38.12775;1998;7;10.2;0.0;0.0;0.0;0.0;0.0;0.0;0.0;0.0;0.0;0.0;0.0;0.0;0.0;0.0;7.0;0.0;0.0;0.0;0.0;0.0;0.0;2.0;0.0;0.0;0.0;0.0;0.0;0.0;0.0;1.2;0.0
Beberibe;BEBERIBE;-4.18119444444;-38.12775;1998;8;10.0;0.0;0.0;0.0;0.0;0.0;0.0;0.0;0.0;0.0;0.0;0.0;0.0;0.0;10.0;0.0;0.0;0.0;0.0;0.0;0.0;0.0;0.0;0.0;0.0;0.0;0.0;0.0;0.0;0.0;0.0;0.0
Beberibe;BEBERIBE;-4.18119444444;-38.12775;1998;9;4.9;0.0;0.0;0.0;0.0;0.0;0.0;0.0;0.0;0.0;0.0;0.0;0.0;0.0;0.0;0.0;0.0;0.0;0.0;0.0;4.9;0.0;0.0;0.0;0.0;0.0;0.0;0.0;0.0;0.0;0.0;888.0
Beberibe;BEBERIBE;-4.18119444444;-38.12775;1998;10;3.0;0.0;0.0;3.0;0.0;0.0;0.0;0.0;0.0;0.0;0.0;0.0;0.0;0.0;0.0;0.0;0.0;0.0;0.0;0.0;0.0;0.0;0.0;0.0;0.0;0.0;0.0;0.0;0.0;0.0;0.0;0.0
Beberibe;BEBERIBE;-4.18119444444;-38.12775;1998;11;1.5;0.0;0.0;0.0;0.0;0.0;0.0;0.0;0.0;0.0;0.0;0.0;0.0;0.0;0.0;0.0;0.0;0.0;0.0;0.0;0.0;0.0;0.0;0.0;0.0;1.5;0.0;0.0;0.0;0.0;0.0;888.0
Beberibe;BEBERIBE;-4.18119444444;-38.12775;1998;12;24.4;0.0;0.0;0.0;0.0;0.0;0.0;0.0;0.0;0.0;0.0;0.0;0.0;0.0;0.0;0.0;0.0;0.0;0.0;0.0;0.0;0.0;12.6;2.0;0.0;0.0;2.0;0.0;0.0;6.6;0.0;1.2
Beberibe;BEBERIBE;-4.18119444444;-38.12775;1999;1;61.2;0.0;0.0;0.0;0.0;0.0;0.0;0.0;0.0;18.0;0.0;2.0;0.0;12.8;0.0;0.0;0.0;0.0;4.0;0.0;14.0;0.0;3.0;0.0;0.0;0.0;0.0;0.0;0.0;0.0;5.4;2.0
Beberibe;BEBERIBE;-4.18119444444;-38.12775;1999;2;121.7;0.0;0.0;0.0;1.0;0.0;0.0;1.4;0.0;0.0;0.0;0.0;2.6;1.4;0.0;0.0;0.0;3.1;2.0;0.0;4.0;0.0;43.8;3.6;16.0;17.0;6.4;10.0;9.4;888.0;888.0;888.0
Beberibe;BEBERIBE;-4.18119444444;-38.12775;1999;3;337.6;3.4;12.0;4.6;6.0;14.4;0.0;0.0;9.0;0.0;2.6;3.0;2.0;17.0;4.2;2.6;77.8;23.0;4.0;118.0;19.3;0.0;1.9;0.2;3.4;0.0;3.4;0.0;5.8;0.0;0.0;0.0
Beberibe;BEBERIBE;-4.18119444444;-38.12775;1999;4;252.5;0.0;0.0;2.5;0.0;16.0;0.0;0.0;0.0;0.0;0.0;0.0;2.6;4.4;7.0;0.0;0.0;0.0;0.0;1.0;0.0;0.0;26.4;5.6;44.0;0.0;0.0;5.8;16.2;104.0;17.0;888.0
Beberibe;BEBERIBE;-4.18119444444;-38.12775;1999;5;227.6;45.8;9.9;0.0;0.0;34.0;18.0;0.0;0.0;0.0;15.6;9.3;0.2;0.0;1.0;8.0;33.0;0.0;15.0;0.0;0.0;0.0;28.6;5.2;0.0;0.0;0.0;4.0;0.0;0.0;0.0;0.0
Beberibe;BEBERIBE;-4.18119444444;-38.12775;1999;6;32.8;0.0;0.0;0.0;0.0;18.0;0.0;0.0;0.0;0.0;0.0;0.0;6.0;0.0;0.0;0.0;0.0;0.0;0.0;0.0;2.0;0.0;0.0;0.0;0.0;0.0;6.8;0.0;0.0;0.0;0.0;888.0
Beberibe;BEBERIBE;-4.18119444444;-38.12775;1999;7;0.0;0.0;0.0;0.0;0.0;0.0;0.0;0.0;0.0;0.0;0.0;0.0;0.0;0.0;0.0;0.0;0.0;0.0;0.0;0.0;0.0;0.0;0.0;0.0;0.0;0.0;0.0;0.0;0.0;0.0;0.0;0.0
Beberibe;BEBERIBE;-4.18119444444;-38.12775;1999;8;3.0;0.0;0.0;0.0;0.0;0.0;0.0;0.0;0.0;0.0;0.0;0.0;0.0;0.0;0.0;3.0;0.0;0.0;0.0;0.0;0.0;0.0;0.0;0.0;0.0;0.0;0.0;0.0;0.0;0.0;0.0;0.0
Beberibe;BEBERIBE;-4.18119444444;-38.12775;1999;9;0.0;0.0;0.0;0.0;0.0;0.0;0.0;0.0;0.0;0.0;0.0;0.0;0.0;0.0;0.0;0.0;0.0;0.0;0.0;0.0;0.0;0.0;0.0;0.0;0.0;0.0;0.0;0.0;0.0;0.0;0.0;888.0
Beberibe;BEBERIBE;-4.18119444444;-38.12775;1999;10;2.2;0.0;0.0;0.0;0.0;0.0;0.0;0.0;0.0;0.0;0.0;0.0;0.0;0.0;0.0;0.0;2.2;0.0;0.0;0.0;0.0;0.0;0.0;0.0;0.0;0.0;0.0;0.0;0.0;0.0;0.0;0.0
Beberibe;BEBERIBE;-4.18119444444;-38.12775;1999;11;5.0;0.0;0.0;0.0;0.0;0.0;0.0;0.0;0.0;0.0;0.0;0.0;0.0;5.0;0.0;0.0;0.0;0.0;0.0;0.0;0.0;0.0;0.0;0.0;0.0;0.0;0.0;0.0;0.0;0.0;0.0;888.0
Beberibe;BEBERIBE;-4.18119444444;-38.12775;1999;12;83.6;0.0;0.0;13.0;0.0;0.0;0.0;0.0;0.0;0.0;0.0;0.0;0.0;0.0;0.0;0.0;0.0;0.0;0.0;0.0;0.0;0.0;39.0;14.6;0.0;0.0;0.0;4.0;8.0;3.0;0.0;2.0
Beberibe;BEBERIBE;-4.18119444444;-38.12775;2000;1;166.0;0.0;0.0;0.0;13.0;41.0;6.0;9.0;17.0;10.0;0.0;30.0;0.0;0.0;8.0;0.0;4.0;2.0;25.0;0.0;0.0;0.0;0.0;1.0;0.0;0.0;0.0;0.0;0.0;0.0;0.0;0.0
Beberibe;BEBERIBE;-4.18119444444;-38.12775;2000;2;206.9;0.0;0.0;0.0;0.0;0.0;0.0;0.0;0.0;7.6;24.0;0.0;12.0;4.4;0.6;0.0;0.0;0.0;91.8;0.0;5.0;2.5;0.0;8.0;5.0;12.0;3.0;29.0;0.0;2.0;888.0;888.0
Beberibe;BEBERIBE;-4.18119444444;-38.12775;2000;3;180.0;0.0;7.0;9.0;0.0;0.0;0.0;2.0;0.0;10.0;9.0;2.0;0.0;0.0;1.0;0.0;0.0;0.0;12.0;0.0;2.0;0.0;0.0;21.0;12.0;5.0;2.0;5.0;12.0;15.0;32.0;22.0
Beberibe;BEBERIBE;-4.18119444444;-38.12775;2000;4;331.0;40.0;11.0;5.0;0.0;0.0;0.0;0.0;0.0;0.0;67.0;6.0;1.0;1.0;21.0;10.0;2.0;2.0;1.0;33.0;19.0;22.0;0.0;0.0;0.0;31.0;0.0;13.0;35.0;11.0;0.0;888.0
Beberibe;BEBERIBE;-4.18119444444;-38.12775;2000;5;163.0;0.0;21.0;24.0;13.0;0.0;35.0;0.0;3.0;1.0;1.0;0.0;0.0;0.0;12.0;10.0;0.0;34.0;0.0;0.0;0.0;0.0;0.0;0.0;0.0;0.0;0.0;0.0;0.0;0.0;5.0;4.0
Beberibe;BEBERIBE;-4.18119444444;-38.12775;2000;6;68.4;0.0;0.0;0.0;0.0;0.0;0.0;4.0;2.0;2.0;25.0;0.0;0.0;0.0;0.0;11.0;5.0;1.4;0.0;0.0;0.0;0.0;0.0;0.0;0.0;0.0;0.0;0.0;17.0;0.0;1.0;888.0
Beberibe;BEBERIBE;-4.18119444444;-38.12775;2000;7;70.0;0.0;0.0;0.0;9.0;0.0;0.0;0.0;0.0;0.0;0.0;10.0;12.0;35.0;0.0;0.0;0.0;0.0;0.0;0.0;0.0;0.0;0.0;0.0;0.0;0.0;4.0;0.0;0.0;0.0;0.0;0.0
Beberibe;BEBERIBE;-4.18119444444;-38.12775;2000;8;71.0;12.0;13.0;0.0;0.0;0.0;16.0;7.0;3.0;0.0;0.0;0.0;0.0;0.0;0.0;0.0;0.0;0.0;0.0;0.0;0.0;0.0;0.0;0.0;4.0;16.0;0.0;0.0;0.0;0.0;0.0;0.0
Beberibe;BEBERIBE;-4.18119444444;-38.12775;2000;9;144.0;0.0;0.0;0.0;0.0;0.0;0.0;0.0;7.0;2.0;9.0;21.0;10.0;32.0;0.0;0.0;47.0;4.0;0.0;0.0;0.0;0.0;0.0;0.0;7.0;0.0;5.0;0.0;0.0;0.0;0.0;888.0
Beberibe;BEBERIBE;-4.18119444444;-38.12775;2000;10;0.0;0.0;0.0;0.0;0.0;0.0;0.0;0.0;0.0;0.0;0.0;0.0;0.0;0.0;0.0;0.0;0.0;0.0;0.0;0.0;0.0;0.0;0.0;0.0;0.0;0.0;0.0;0.0;0.0;0.0;0.0;0.0
Beberibe;BEBERIBE;-4.18119444444;-38.12775;2000;11;0.0;0.0;0.0;0.0;0.0;0.0;0.0;0.0;0.0;0.0;0.0;0.0;0.0;0.0;0.0;0.0;0.0;0.0;0.0;0.0;0.0;0.0;0.0;0.0;0.0;0.0;0.0;0.0;0.0;0.0;0.0;888.0
Beberibe;BEBERIBE;-4.18119444444;-38.12775;2000;12;8.0;0.0;0.0;0.0;0.0;0.0;0.0;0.0;0.0;0.0;0.0;0.0;0.0;0.0;0.0;0.0;0.0;6.0;0.0;0.0;0.0;0.0;0.0;0.0;0.0;0.0;0.0;2.0;0.0;0.0;0.0;0.0
Beberibe;BEBERIBE;-4.18119444444;-38.12775;2001;1;42.0;0.0;0.0;0.0;0.0;0.0;0.0;12.0;0.0;0.0;3.0;0.0;4.0;8.0;0.0;0.0;0.0;0.0;0.0;0.0;0.0;0.0;0.0;0.0;0.0;0.0;10.0;0.0;0.0;5.0;0.0;0.0
Beberibe;BEBERIBE;-4.18119444444;-38.12775;2001;2;116.0;0.0;0.0;0.0;0.0;2.0;0.0;0.0;0.0;5.0;7.0;6.0;0.0;15.0;0.0;0.0;0.0;3.0;0.0;8.0;4.0;8.0;0.0;0.0;0.0;5.0;53.0;0.0;0.0;888.0;888.0;888.0
Beberibe;BEBERIBE;-4.18119444444;-38.12775;2001;3;115.5;0.0;0.0;0.0;0.0;0.0;0.0;0.0;6.0;0.0;2.0;0.0;28.0;9.0;8.0;0.0;0.0;0.0;3.0;0.0;0.0;2.0;0.0;4.0;0.0;3.0;0.0;0.0;5.5;38.0;7.0;0.0
Beberibe;BEBERIBE;-4.18119444444;-38.12775;2001;4;497.2;7.0;25.0;40.0;57.0;6.0;0.0;0.0;0.0;1.2;50.0;36.0;7.0;3.0;40.0;28.0;17.0;31.0;0.0;10.0;17.0;12.0;27.0;0.0;0.0;7.0;0.0;0.0;9.0;23.0;44.0;888.0
Beberibe;BEBERIBE;-4.18119444444;-38.12775;2001;5;66.0;0.0;0.0;0.0;0.0;9.0;0.0;0.0;0.0;0.0;0.0;13.0;0.0;0.0;0.0;0.0;0.0;0.0;0.0;3.0;0.0;0.0;0.0;0.0;9.0;25.0;2.0;0.0;5.0;0.0;0.0;0.0
Beberibe;BEBERIBE;-4.18119444444;-38.12775;2001;6;145.0;32.0;7.0;0.0;3.0;0.0;0.0;7.0;0.0;2.0;0.0;2.0;15.0;0.0;16.0;6.0;0.0;0.0;0.0;0.0;0.0;0.0;0.0;27.0;0.0;0.0;0.0;25.0;3.0;0.0;0.0;888.0
Beberibe;BEBERIBE;-4.18119444444;-38.12775;2001;7;7.0;1.0;0.0;0.0;0.0;0.0;0.0;0.0;0.0;0.0;0.0;0.0;0.0;0.0;0.0;0.0;0.0;0.0;0.0;0.0;0.0;6.0;0.0;0.0;0.0;0.0;0.0;0.0;0.0;0.0;0.0;0.0
Beberibe;BEBERIBE;-4.18119444444;-38.12775;2001;8;0.0;0.0;0.0;0.0;0.0;0.0;0.0;0.0;0.0;0.0;0.0;0.0;0.0;0.0;0.0;0.0;0.0;0.0;0.0;0.0;0.0;0.0;0.0;0.0;0.0;0.0;0.0;0.0;0.0;0.0;0.0;0.0
Beberibe;BEBERIBE;-4.18119444444;-38.12775;2001;9;0.0;0.0;0.0;0.0;0.0;0.0;0.0;0.0;0.0;0.0;0.0;0.0;0.0;0.0;0.0;0.0;0.0;0.0;0.0;0.0;0.0;0.0;0.0;0.0;0.0;0.0;0.0;0.0;0.0;0.0;0.0;888.0
Beberibe;BEBERIBE;-4.18119444444;-38.12775;2001;10;5.0;0.0;0.0;0.0;0.0;0.0;0.0;0.0;0.0;0.0;0.0;0.0;0.0;0.0;0.0;0.0;0.0;0.0;0.0;0.0;0.0;0.0;0.0;0.0;0.0;0.0;0.0;0.0;0.0;0.0;5.0;0.0
Beberibe;BEBERIBE;-4.18119444444;-38.12775;2001;11;10.0;0.0;0.0;0.0;0.0;0.0;3.0;0.0;0.0;0.0;0.0;0.0;0.0;0.0;0.0;0.0;0.0;0.0;0.0;0.0;0.0;0.0;5.0;2.0;0.0;0.0;0.0;0.0;0.0;0.0;0.0;888.0
Beberibe;BEBERIBE;-4.18119444444;-38.12775;2001;12;54.0;0.0;0.0;0.0;0.0;0.0;13.0;4.4;0.0;0.0;0.0;0.0;0.0;0.0;6.0;8.0;2.0;4.6;0.0;6.0;0.0;0.0;0.0;0.0;0.0;0.0;0.0;0.0;0.0;0.0;10.0;0.0
Beberibe;BEBERIBE;-4.18119444444;-38.12775;2002;1;313.0;3.0;2.0;1.0;0.0;0.0;0.0;4.0;34.0;54.0;0.0;0.0;0.0;19.0;0.0;0.0;0.0;1.0;50.0;0.0;0.0;0.0;35.0;16.0;2.0;8.0;25.0;21.0;3.0;35.0;0.0;0.0
Beberibe;BEBERIBE;-4.18119444444;-38.12775;2002;2;60.0;0.0;0.0;0.0;5.0;0.0;0.0;0.0;0.0;0.0;0.0;0.0;0.0;22.0;5.0;15.0;2.0;0.0;0.0;2.0;7.0;0.0;0.0;0.0;0.0;0.0;2.0;0.0;0.0;888.0;888.0;888.0
Beberibe;BEBERIBE;-4.18119444444;-38.12775;2002;3;292.8;0.0;0.0;9.0;8.0;1.0;1.4;5.0;16.0;23.0;16.0;0.0;0.0;0.0;0.0;0.0;4.0;12.0;5.4;40.0;7.0;1.0;0.0;42.0;23.0;21.0;7.0;8.0;4.0;39.0;0.0;0.0
Beberibe;BEBERIBE;-4.18119444444;-38.12775;2002;4;705.8;10.0;4.0;0.0;73.0;23.0;13.0;8.0;10.0;9.0;13.0;47.0;137.8;20.0;21.0;125.0;15.0;0.0;0.0;0.0;0.0;18.0;0.0;18.0;0.0;25.0;87.0;13.0;0.0;16.0;0.0;888.0
Beberibe;BEBERIBE;-4.18119444444;-38.12775;2002;5;280.0;35.0;15.0;7.0;4.0;0.0;87.0;27.0;0.0;0.0;0.0;0.0;0.0;0.0;0.0;8.0;0.0;0.0;0.0;0.0;0.0;0.0;8.0;0.0;6.0;10.0;39.0;22.0;0.0;0.0;12.0;0.0
Beberibe;BEBERIBE;-4.18119444444;-38.12775;2002;6;126.2;53.0;0.0;0.0;0.0;0.0;5.0;0.0;0.0;13.0;0.0;0.0;0.0;0.0;0.0;0.0;8.0;5.2;0.0;0.0;4.0;0.0;0.0;0.0;0.0;0.0;8.0;0.0;0.0;30.0;0.0;888.0
Beberibe;BEBERIBE;-4.18119444444;-38.12775;2002;7;35.0;0.0;0.0;0.0;15.0;0.0;0.0;0.0;0.0;0.0;9.0;6.0;2.0;0.0;0.0;0.0;0.0;0.0;0.0;0.0;0.0;0.0;0.0;0.0;0.0;0.0;0.0;0.0;0.0;0.0;3.0;0.0
Beberibe;BEBERIBE;-4.18119444444;-38.12775;2002;8;0.0;0.0;0.0;0.0;0.0;0.0;0.0;0.0;0.0;0.0;0.0;0.0;0.0;0.0;0.0;0.0;0.0;0.0;0.0;0.0;0.0;0.0;0.0;0.0;0.0;0.0;0.0;0.0;0.0;0.0;0.0;0.0
Beberibe;BEBERIBE;-4.18119444444;-38.12775;2002;9;0.0;0.0;0.0;0.0;0.0;0.0;0.0;0.0;0.0;0.0;0.0;0.0;0.0;0.0;0.0;0.0;0.0;0.0;0.0;0.0;0.0;0.0;0.0;0.0;0.0;0.0;0.0;0.0;0.0;0.0;0.0;888.0
Beberibe;BEBERIBE;-4.18119444444;-38.12775;2002;10;0.0;0.0;0.0;0.0;0.0;0.0;0.0;0.0;0.0;0.0;0.0;0.0;0.0;0.0;0.0;0.0;0.0;0.0;0.0;0.0;0.0;0.0;0.0;0.0;0.0;0.0;0.0;0.0;0.0;0.0;0.0;0.0
Beberibe;BEBERIBE;-4.18119444444;-38.12775;2002;11;38.0;0.0;0.0;3.0;0.0;0.0;7.0;0.0;0.0;0.0;0.0;0.0;0.0;0.0;0.0;0.0;0.0;21.0;2.0;0.0;3.0;0.0;0.0;0.0;2.0;0.0;0.0;0.0;0.0;0.0;0.0;888.0
Beberibe;BEBERIBE;-4.18119444444;-38.12775;2002;12;12.0;0.0;3.0;0.0;0.0;0.0;0.0;5.0;0.0;2.0;2.0;0.0;0.0;0.0;0.0;0.0;0.0;0.0;0.0;0.0;0.0;0.0;0.0;0.0;0.0;0.0;0.0;0.0;0.0;0.0;0.0;0.0
Beberibe;BEBERIBE;-4.18119444444;-38.12775;2003;1;139.0;0.0;0.0;0.0;0.0;0.0;0.0;0.0;3.0;0.0;0.0;0.0;0.0;0.0;0.0;0.0;0.0;0.0;0.0;6.0;9.0;21.0;0.0;0.0;30.0;8.0;30.0;0.0;4.0;0.0;22.0;6.0
Beberibe;BEBERIBE;-4.18119444444;-38.12775;2003;2;297.4;26.0;11.0;6.4;0.0;0.0;0.0;0.0;0.0;0.0;0.0;0.0;3.0;0.0;0.0;0.0;1.0;0.0;21.2;4.0;16.0;7.0;0.0;22.0;28.0;61.0;12.0;0.0;78.8;888.0;888.0;888.0
Beberibe;BEBERIBE;-4.18119444444;-38.12775;2003;3;481.8;72.0;0.0;25.0;11.0;0.0;0.0;0.0;4.0;0.0;2.2;9.4;2.0;4.0;2.0;1.0;46.0;39.0;5.2;36.0;10.0;114.0;6.0;10.0;0.0;5.0;17.0;6.0;0.0;29.0;23.0;3.0
Beberibe;BEBERIBE;-4.18119444444;-38.12775;2003;4;300.8;27.0;32.0;5.0;0.0;7.0;0.0;0.0;0.0;0.0;7.0;37.0;0.0;4.0;0.0;0.0;0.0;4.0;8.0;48.0;17.0;0.0;14.0;6.0;3.0;0.0;49.4;0.0;8.0;24.4;0.0;888.0
Beberibe;BEBERIBE;-4.18119444444;-38.12775;2003;5;259.6;112.0;18.0;0.0;0.0;11.0;9.0;0.0;0.0;2.0;0.0;0.0;1.0;3.0;12.0;1.6;0.0;0.0;0.0;4.0;0.0;0.0;0.0;0.0;0.0;0.0;0.0;0.0;0.0;9.0;15.0;62.0
Beberibe;BEBERIBE;-4.18119444444;-38.12775;2003;6;130.0;35.4;0.0;0.0;2.6;36.0;0.0;0.0;0.0;0.0;0.0;0.0;0.0;0.0;0.0;0.0;0.0;6.0;0.0;0.0;0.0;50.0;0.0;0.0;0.0;0.0;0.0;0.0;0.0;0.0;0.0;888.0
Beberibe;BEBERIBE;-4.18119444444;-38.12775;2003;7;5.0;0.0;0.0;0.0;0.0;0.0;0.0;0.0;0.0;0.0;0.0;0.0;5.0;0.0;0.0;0.0;0.0;0.0;0.0;0.0;0.0;0.0;0.0;0.0;0.0;0.0;0.0;0.0;0.0;0.0;0.0;0.0
Beberibe;BEBERIBE;-4.18119444444;-38.12775;2003;8;0.0;0.0;0.0;0.0;0.0;0.0;0.0;0.0;0.0;0.0;0.0;0.0;0.0;0.0;0.0;0.0;0.0;0.0;0.0;0.0;0.0;0.0;0.0;0.0;0.0;0.0;0.0;0.0;0.0;0.0;0.0;0.0
Beberibe;BEBERIBE;-4.18119444444;-38.12775;2003;9;0.0;0.0;0.0;0.0;0.0;0.0;0.0;0.0;0.0;0.0;0.0;0.0;0.0;0.0;0.0;0.0;0.0;0.0;0.0;0.0;0.0;0.0;0.0;0.0;0.0;0.0;0.0;0.0;0.0;0.0;0.0;888.0
Beberibe;BEBERIBE;-4.18119444444;-38.12775;2003;10;0.0;0.0;0.0;0.0;0.0;0.0;0.0;0.0;0.0;0.0;0.0;0.0;0.0;0.0;0.0;0.0;0.0;0.0;0.0;0.0;0.0;0.0;0.0;0.0;0.0;0.0;0.0;0.0;0.0;0.0;0.0;0.0
Beberibe;BEBERIBE;-4.18119444444;-38.12775;2003;11;5.0;0.0;0.0;0.0;0.0;0.0;0.0;0.0;0.0;0.0;0.0;0.0;0.0;0.0;0.0;0.0;0.0;0.0;0.0;1.0;0.0;1.0;0.0;0.0;0.0;3.0;0.0;0.0;0.0;0.0;0.0;888.0
Beberibe;BEBERIBE;-4.18119444444;-38.12775;2003;12;6.0;0.0;0.0;0.0;0.0;0.0;0.0;0.0;0.0;0.0;0.0;0.0;0.0;2.0;0.0;2.0;0.0;0.0;0.0;0.0;0.0;0.0;0.0;0.0;0.0;0.0;0.0;0.0;0.0;2.0;0.0;0.0
Beberibe;BEBERIBE;-4.18119444444;-38.12775;2004;1;511.4;0.0;0.0;0.0;0.0;0.0;0.0;0.0;8.0;0.0;0.0;0.0;10.0;0.0;12.0;60.0;0.0;0.0;15.0;1.4;0.0;25.0;0.0;2.0;110.0;4.0;101.0;4.0;52.0;75.0;30.0;2.0
Beberibe;BEBERIBE;-4.18119444444;-38.12775;2004;2;306.4;0.0;2.0;22.0;14.2;6.0;33.2;4.0;6.0;29.0;8.0;0.0;1.0;10.0;67.0;3.0;26.0;10.0;0.0;0.0;5.0;0.0;0.0;2.0;22.0;1.0;3.0;5.0;21.0;6.0;888.0;888.0
Beberibe;BEBERIBE;-4.18119444444;-38.12775;2004;3;346.0;0.0;0.0;0.0;30.0;28.0;17.0;80.0;15.0;0.0;3.0;23.0;2.0;17.0;0.0;11.0;41.0;0.0;0.0;0.0;0.0;0.0;0.0;71.0;3.0;0.0;5.0;0.0;0.0;0.0;0.0;0.0
Beberibe;BEBERIBE;-4.18119444444;-38.12775;2004;4;90.8;2.0;0.0;0.0;0.0;13.2;6.0;0.0;0.0;0.0;0.0;0.0;1.6;15.0;0.0;3.2;0.0;0.0;3.0;0.0;5.2;0.0;0.0;0.0;0.0;0.0;39.0;2.6;0.0;0.0;0.0;888.0
Beberibe;BEBERIBE;-4.18119444444;-38.12775;2004;5;30.2;0.0;0.0;0.0;0.0;4.8;0.0;0.0;0.0;0.0;0.0;0.0;0.0;0.0;0.0;0.0;0.0;0.0;1.0;0.0;15.0;4.0;0.0;0.0;0.0;0.0;0.0;5.4;0.0;0.0;0.0;0.0
Beberibe;BEBERIBE;-4.18119444444;-38.12775;2004;6;40.6;0.0;0.0;0.0;0.0;0.0;16.0;0.0;0.2;0.0;0.0;0.0;0.0;0.0;0.0;0.0;2.4;0.0;0.0;22.0;0.0;0.0;0.0;0.0;0.0;0.0;0.0;0.0;0.0;0.0;0.0;888.0
Beberibe;BEBERIBE;-4.18119444444;-38.12775;2004;7;63.4;0.0;0.0;0.0;12.0;0.0;0.0;0.0;0.0;0.0;15.0;6.0;0.0;0.0;1.4;0.0;0.0;29.0;0.0;0.0;0.0;0.0;0.0;0.0;0.0;0.0;0.0;0.0;0.0;0.0;0.0;0.0
Beberibe;BEBERIBE;-4.18119444444;-38.12775;2004;8;15.6;0.0;0.0;0.0;0.0;0.0;0.0;0.0;0.0;4.0;0.0;0.0;0.0;0.0;0.0;8.6;0.0;0.0;0.0;0.0;0.0;0.0;0.0;0.0;0.0;0.0;0.0;0.0;0.0;0.0;3.0;0.0
Beberibe;BEBERIBE;-4.18119444444;-38.12775;2004;9;2.0;0.0;0.0;0.0;0.0;0.0;0.0;0.0;0.0;0.0;0.0;0.0;0.0;0.0;0.0;2.0;0.0;0.0;0.0;0.0;0.0;0.0;0.0;0.0;0.0;0.0;0.0;0.0;0.0;0.0;0.0;888.0
Beberibe;BEBERIBE;-4.18119444444;-38.12775;2004;10;1.0;0.0;0.0;0.0;0.0;0.0;0.0;0.0;0.0;0.0;0.0;0.0;0.0;0.0;0.0;0.0;0.0;0.0;1.0;0.0;0.0;0.0;0.0;0.0;0.0;0.0;0.0;0.0;0.0;0.0;0.0;0.0
Beberibe;BEBERIBE;-4.18119444444;-38.12775;2004;11;0.0;0.0;0.0;0.0;0.0;0.0;0.0;0.0;0.0;0.0;0.0;0.0;0.0;0.0;0.0;0.0;0.0;0.0;0.0;0.0;0.0;0.0;0.0;0.0;0.0;0.0;0.0;0.0;0.0;0.0;0.0;888.0
Beberibe;BEBERIBE;-4.18119444444;-38.12775;2004;12;5.0;0.0;0.0;0.0;0.0;0.0;3.0;2.0;0.0;0.0;0.0;0.0;0.0;0.0;0.0;0.0;0.0;0.0;0.0;0.0;0.0;0.0;0.0;0.0;0.0;0.0;0.0;0.0;0.0;0.0;0.0;0.0
Beberibe;BEBERIBE;-4.18119444444;-38.12775;2005;1;32.0;0.0;0.0;0.0;0.0;0.0;0.0;0.0;0.0;0.0;0.0;0.0;0.0;0.0;0.0;0.0;0.0;0.0;0.0;0.0;0.0;0.0;0.0;0.0;30.0;0.0;2.0;0.0;0.0;0.0;0.0;0.0
Beberibe;BEBERIBE;-4.18119444444;-38.12775;2005;2;50.0;0.0;0.0;0.0;0.0;0.0;0.0;0.0;0.0;0.0;0.0;0.0;0.0;0.0;0.0;0.0;50.0;0.0;0.0;0.0;0.0;0.0;0.0;0.0;0.0;0.0;0.0;0.0;0.0;888.0;888.0;888.0
Beberibe;BEBERIBE;-4.18119444444;-38.12775;2005;3;343.6;0.0;0.0;0.0;0.0;0.0;0.0;0.0;0.0;0.0;2.0;0.0;3.0;0.0;0.0;0.0;0.0;0.0;51.0;79.0;17.0;37.0;6.4;42.4;6.0;0.0;0.0;0.0;95.0;0.0;4.2;0.6
Beberibe;BEBERIBE;-4.18119444444;-38.12775;2005;4;90.2;15.0;2.0;0.0;14.0;0.0;0.0;0.0;0.0;0.0;33.0;17.0;0.0;0.0;4.0;0.0;2.0;0.0;0.0;0.0;0.0;0.0;0.0;0.0;0.0;0.0;0.0;0.0;0.6;2.6;0.0;888.0
Beberibe;BEBERIBE;-4.18119444444;-38.12775;2005;5;192.2;6.2;0.0;0.0;0.0;0.0;0.0;13.0;0.0;4.0;0.0;0.0;20.0;15.0;0.0;0.0;0.0;14.0;0.0;0.0;0.0;0.0;0.0;49.0;0.0;0.0;0.0;14.0;7.0;0.0;33.0;17.0
Beberibe;BEBERIBE;-4.18119444444;-38.12775;2005;6;144.4;1.4;4.0;5.4;0.0;17.0;5.0;0.0;19.0;0.0;0.0;0.0;0.0;3.0;0.0;6.6;0.0;0.0;7.0;61.0;0.0;0.0;0.0;0.0;2.0;0.0;0.0;9.0;0.0;4.0;0.0;888.0
Beberibe;BEBERIBE;-4.18119444444;-38.12775;2005;7;21.0;0.0;10.0;0.0;0.0;0.0;0.0;0.0;10.0;0.0;0.0;0.0;0.0;0.0;0.0;0.0;0.0;0.0;0.0;0.0;1.0;0.0;0.0;0.0;0.0;0.0;0.0;0.0;0.0;0.0;0.0;0.0
Beberibe;BEBERIBE;-4.18119444444;-38.12775;2005;8;0.0;0.0;0.0;0.0;0.0;0.0;0.0;0.0;0.0;0.0;0.0;0.0;0.0;0.0;0.0;0.0;0.0;0.0;0.0;0.0;0.0;0.0;0.0;0.0;0.0;0.0;0.0;0.0;0.0;0.0;0.0;0.0
Beberibe;BEBERIBE;-4.18119444444;-38.12775;2005;9;0.0;0.0;0.0;0.0;0.0;0.0;0.0;0.0;0.0;0.0;0.0;0.0;0.0;0.0;0.0;0.0;0.0;0.0;0.0;0.0;0.0;0.0;0.0;0.0;0.0;0.0;0.0;0.0;0.0;0.0;0.0;888.0
Beberibe;BEBERIBE;-4.18119444444;-38.12775;2005;10;0.0;0.0;0.0;0.0;0.0;0.0;0.0;0.0;0.0;0.0;0.0;0.0;0.0;0.0;0.0;0.0;0.0;0.0;0.0;0.0;0.0;0.0;0.0;0.0;0.0;0.0;0.0;0.0;0.0;0.0;0.0;0.0
Beberibe;BEBERIBE;-4.18119444444;-38.12775;2005;11;0.0;0.0;0.0;0.0;0.0;0.0;0.0;0.0;0.0;0.0;0.0;0.0;0.0;0.0;0.0;0.0;0.0;0.0;0.0;0.0;0.0;0.0;0.0;0.0;0.0;0.0;0.0;0.0;0.0;0.0;0.0;888.0
Beberibe;BEBERIBE;-4.18119444444;-38.12775;2005;12;0.0;0.0;0.0;0.0;0.0;0.0;0.0;0.0;0.0;0.0;0.0;0.0;0.0;0.0;0.0;0.0;0.0;0.0;0.0;0.0;0.0;0.0;0.0;0.0;0.0;0.0;0.0;0.0;0.0;0.0;0.0;0.0
Beberibe;BEBERIBE;-4.18119444444;-38.12775;2006;1;4.4;0.0;0.0;0.0;1.0;0.0;0.0;0.0;0.0;3.0;0.4;0.0;0.0;0.0;0.0;0.0;0.0;0.0;0.0;0.0;0.0;0.0;0.0;0.0;0.0;0.0;0.0;0.0;0.0;0.0;0.0;0.0
Beberibe;BEBERIBE;-4.18119444444;-38.12775;2006;2;83.4;5.0;0.0;0.0;0.0;0.0;0.0;0.0;0.0;0.0;0.0;0.0;0.0;0.0;0.0;0.0;5.0;24.0;28.0;2.4;3.0;0.0;0.0;4.0;0.0;11.0;1.0;0.0;0.0;888.0;888.0;888.0
Beberibe;BEBERIBE;-4.18119444444;-38.12775;2006;3;216.4;17.0;15.0;4.0;5.0;5.0;0.0;0.0;0.0;0.0;0.0;0.0;6.0;4.0;24.0;43.0;11.0;13.0;3.0;6.0;0.0;3.0;9.0;13.4;33.0;0.0;0.0;0.0;0.0;0.0;0.0;2.0
Beberibe;BEBERIBE;-4.18119444444;-38.12775;2006;4;354.8;6.0;0.0;7.0;0.0;30.0;21.0;4.0;6.0;0.0;0.0;5.6;9.0;0.0;17.0;8.6;43.0;82.0;1.0;0.0;2.0;15.0;31.6;19.0;4.0;2.0;2.0;6.0;0.0;3.0;30.0;888.0
Beberibe;BEBERIBE;-4.18119444444;-38.12775;2006;5;368.6;11.2;0.0;0.0;0.0;46.0;163.0;7.0;19.0;20.0;11.0;0.0;46.4;0.0;0.0;0.0;0.0;0.0;0.0;0.0;25.0;0.0;0.0;0.0;1.0;0.0;12.0;7.0;0.0;0.0;0.0;0.0
Beberibe;BEBERIBE;-4.18119444444;-38.12775;2006;6;256.4;0.0;18.0;0.0;0.0;0.0;0.0;0.0;31.0;18.4;0.0;42.0;0.0;50.0;1.0;0.0;73.0;17.0;4.0;0.0;0.0;0.0;0.0;0.0;0.0;0.0;0.0;0.0;2.0;0.0;0.0;888.0
Beberibe;BEBERIBE;-4.18119444444;-38.12775;2006;7;25.8;0.0;0.0;0.0;0.0;0.0;2.0;20.6;0.0;0.0;0.0;0.0;3.2;0.0;0.0;0.0;0.0;0.0;0.0;0.0;0.0;0.0;0.0;0.0;0.0;0.0;0.0;0.0;0.0;0.0;0.0;0.0
Beberibe;BEBERIBE;-4.18119444444;-38.12775;2006;8;12.0;0.0;0.0;0.0;0.0;0.0;0.0;0.0;0.0;0.0;0.0;0.0;0.0;3.0;0.0;0.0;0.0;9.0;0.0;0.0;0.0;0.0;0.0;0.0;0.0;0.0;0.0;0.0;0.0;0.0;0.0;0.0
Beberibe;BEBERIBE;-4.18119444444;-38.12775;2006;9;7.4;0.0;0.0;0.0;0.0;0.0;0.0;0.0;0.0;0.0;0.0;0.0;0.0;0.0;0.0;0.0;0.0;7.4;0.0;0.0;0.0;0.0;0.0;0.0;0.0;0.0;0.0;0.0;0.0;0.0;0.0;888.0
Beberibe;BEBERIBE;-4.18119444444;-38.12775;2006;10;0.0;0.0;0.0;0.0;0.0;0.0;0.0;0.0;0.0;0.0;0.0;0.0;0.0;0.0;0.0;0.0;0.0;0.0;0.0;0.0;0.0;0.0;0.0;0.0;0.0;0.0;0.0;0.0;0.0;0.0;0.0;0.0
Beberibe;BEBERIBE;-4.18119444444;-38.12775;2006;11;0.0;0.0;0.0;0.0;0.0;0.0;0.0;0.0;0.0;0.0;0.0;0.0;0.0;0.0;0.0;0.0;0.0;0.0;0.0;0.0;0.0;0.0;0.0;0.0;0.0;0.0;0.0;0.0;0.0;0.0;0.0;888.0
Beberibe;BEBERIBE;-4.18119444444;-38.12775;2006;12;0.0;0.0;0.0;0.0;0.0;0.0;0.0;0.0;0.0;0.0;0.0;0.0;0.0;0.0;0.0;0.0;0.0;0.0;0.0;0.0;0.0;0.0;0.0;0.0;0.0;0.0;0.0;0.0;0.0;0.0;0.0;0.0
Beberibe;BEBERIBE;-4.18119444444;-38.12775;2007;1;61.2;0.0;0.0;28.0;0.0;4.0;24.2;2.0;2.0;0.0;0.0;0.0;0.0;0.0;0.0;0.0;0.0;0.0;0.0;0.0;0.0;0.0;0.0;0.0;0.0;0.0;0.0;0.0;0.0;0.0;0.0;1.0
Beberibe;BEBERIBE;-4.18119444444;-38.12775;2007;2;313.0;0.0;0.0;3.0;5.0;11.2;42.0;0.0;0.0;4.0;0.0;0.0;0.0;0.0;18.0;50.0;14.4;17.0;52.4;3.0;46.0;0.0;8.0;11.0;28.0;0.0;0.0;0.0;0.0;888.0;888.0;888.0
Beberibe;BEBERIBE;-4.18119444444;-38.12775;2007;3;109.2;9.2;1.2;0.0;1.0;0.0;7.0;0.0;0.0;0.0;8.8;2.4;14.0;19.2;2.6;0.0;10.6;1.0;6.0;8.0;14.2;0.0;0.0;4.0;0.0;0.0;0.0;0.0;0.0;0.0;0.0;0.0
Beberibe;BEBERIBE;-4.18119444444;-38.12775;2007;4;358.2;0.0;0.0;0.0;5.4;0.0;0.0;0.0;0.0;0.0;16.5;16.0;0.0;14.0;0.0;0.0;12.3;1.0;121.0;10.6;0.2;31.0;3.0;0.0;25.0;8.0;14.8;27.0;19.0;20.2;13.2;888.0
Beberibe;BEBERIBE;-4.18119444444;-38.12775;2007;5;151.6;4.2;85.0;0.0;0.0;27.0;13.0;0.0;0.0;0.0;0.0;0.0;0.0;0.0;0.0;0.0;0.0;0.0;0.0;0.0;1.0;0.0;0.0;8.0;0.0;0.0;1.4;4.0;0.0;8.0;0.0;0.0
Beberibe;BEBERIBE;-4.18119444444;-38.12775;2007;6;134.8;0.0;0.0;9.0;0.0;0.0;74.0;0.0;0.0;33.0;4.4;0.0;0.0;0.0;3.0;0.0;0.0;0.0;11.4;0.0;0.0;0.0;0.0;0.0;0.0;0.0;0.0;0.0;0.0;0.0;0.0;888.0
Beberibe;BEBERIBE;-4.18119444444;-38.12775;2007;7;0.0;0.0;0.0;0.0;0.0;0.0;0.0;0.0;0.0;0.0;0.0;0.0;0.0;0.0;0.0;0.0;0.0;0.0;0.0;0.0;0.0;0.0;0.0;0.0;0.0;0.0;0.0;0.0;0.0;0.0;0.0;0.0
Beberibe;BEBERIBE;-4.18119444444;-38.12775;2007;8;0.0;0.0;0.0;0.0;0.0;0.0;0.0;0.0;0.0;0.0;0.0;0.0;0.0;0.0;0.0;0.0;0.0;0.0;0.0;0.0;0.0;0.0;0.0;0.0;0.0;0.0;0.0;0.0;0.0;0.0;0.0;0.0
Beberibe;BEBERIBE;-4.18119444444;-38.12775;2007;9;0.0;0.0;0.0;0.0;0.0;0.0;0.0;0.0;0.0;0.0;0.0;0.0;0.0;0.0;0.0;0.0;0.0;0.0;0.0;0.0;0.0;0.0;0.0;0.0;0.0;0.0;0.0;0.0;0.0;0.0;0.0;888.0
Beberibe;BEBERIBE;-4.18119444444;-38.12775;2007;10;0.0;0.0;0.0;0.0;0.0;0.0;0.0;0.0;0.0;0.0;0.0;0.0;0.0;0.0;0.0;0.0;0.0;0.0;0.0;0.0;0.0;0.0;0.0;0.0;0.0;0.0;0.0;0.0;0.0;0.0;0.0;0.0
Beberibe;BEBERIBE;-4.18119444444;-38.12775;2007;11;0.0;0.0;0.0;0.0;0.0;0.0;0.0;0.0;0.0;0.0;0.0;0.0;0.0;0.0;0.0;0.0;0.0;0.0;0.0;0.0;0.0;0.0;0.0;0.0;0.0;0.0;0.0;0.0;0.0;0.0;0.0;888.0
Beberibe;BEBERIBE;-4.18119444444;-38.12775;2007;12;17.4;0.0;0.0;0.0;0.0;0.0;0.0;0.0;0.0;0.0;0.0;0.0;0.0;0.0;0.0;0.0;0.0;0.0;0.0;0.0;0.0;0.0;0.0;0.0;0.0;0.0;0.0;14.4;3.0;0.0;0.0;0.0
Beberibe;BEBERIBE;-4.18119444444;-38.12775;2008;1;92.6;0.0;0.0;0.0;0.0;0.0;0.0;0.0;0.0;0.0;0.0;15.6;0.0;2.0;41.0;0.0;3.0;11.0;5.0;0.0;0.0;1.0;1.0;7.6;0.0;0.0;0.0;0.0;0.0;0.0;5.4;0.0
Beberibe;BEBERIBE;-4.18119444444;-38.12775;2008;2;62.0;0.0;0.0;0.0;0.0;0.0;0.0;0.0;0.0;0.0;0.0;0.0;0.0;0.0;0.0;0.0;0.0;0.0;0.0;0.0;32.0;6.0;23.0;0.0;0.0;0.0;1.0;0.0;0.0;0.0;888.0;888.0
Beberibe;BEBERIBE;-4.18119444444;-38.12775;2008;3;234.6;0.0;2.0;0.0;3.4;15.0;1.0;0.0;9.4;25.0;8.0;0.0;5.0;0.0;0.0;0.0;0.0;2.6;0.0;0.0;8.0;99.0;0.0;0.0;2.0;13.0;1.0;3.4;6.8;0.0;27.0;3.0
Beberibe;BEBERIBE;-4.18119444444;-38.12775;2008;4;439.0;0.0;1.0;0.0;0.0;25.0;0.0;0.0;30.0;8.0;1.0;4.2;77.0;1.4;56.0;36.0;0.0;23.0;2.0;0.0;3.4;17.0;30.0;8.0;5.0;1.0;0.0;0.0;0.0;107.0;3.0;888.0
Beberibe;BEBERIBE;-4.18119444444;-38.12775;2008;5;118.6;0.0;1.0;0.0;1.0;0.0;3.0;0.0;0.0;13.4;25.0;0.0;24.0;12.0;1.0;9.8;0.0;0.0;0.0;0.0;0.0;6.0;0.0;2.0;0.0;0.0;0.0;11.0;9.4;0.0;0.0;0.0
Beberibe;BEBERIBE;-4.18119444444;-38.12775;2008;6;54.4;0.0;9.0;0.0;0.0;0.0;25.0;0.0;0.0;16.0;0.0;0.0;0.0;0.0;0.0;0.0;2.4;2.0;0.0;0.0;0.0;0.0;0.0;0.0;0.0;0.0;0.0;0.0;0.0;0.0;0.0;888.0
Beberibe;BEBERIBE;-4.18119444444;-38.12775;2008;7;2.0;0.0;0.0;0.0;0.0;0.0;0.0;0.0;0.0;0.0;0.0;0.0;0.0;0.0;0.0;0.0;0.0;0.0;0.0;0.0;0.0;0.0;0.0;0.0;0.0;0.0;0.0;2.0;0.0;0.0;0.0;0.0
Beberibe;BEBERIBE;-4.18119444444;-38.12775;2008;8;6.4;0.0;0.0;0.0;0.0;0.0;0.0;0.0;0.0;6.4;0.0;0.0;0.0;0.0;0.0;0.0;0.0;0.0;0.0;0.0;0.0;0.0;0.0;0.0;0.0;0.0;0.0;0.0;0.0;0.0;0.0;0.0
Beberibe;BEBERIBE;-4.18119444444;-38.12775;2008;9;0.0;0.0;0.0;0.0;0.0;0.0;0.0;0.0;0.0;0.0;0.0;0.0;0.0;0.0;0.0;0.0;0.0;0.0;0.0;0.0;0.0;0.0;0.0;0.0;0.0;0.0;0.0;0.0;0.0;0.0;0.0;888.0
Beberibe;BEBERIBE;-4.18119444444;-38.12775;2008;10;0.0;0.0;0.0;0.0;0.0;0.0;0.0;0.0;0.0;0.0;0.0;0.0;0.0;0.0;0.0;0.0;0.0;0.0;0.0;0.0;0.0;0.0;0.0;0.0;0.0;0.0;0.0;0.0;0.0;0.0;0.0;0.0
Beberibe;BEBERIBE;-4.18119444444;-38.12775;2008;11;0.0;0.0;0.0;0.0;0.0;0.0;0.0;0.0;0.0;0.0;0.0;0.0;0.0;0.0;0.0;0.0;0.0;0.0;0.0;0.0;0.0;0.0;0.0;0.0;0.0;0.0;0.0;0.0;0.0;0.0;0.0;888.0
Beberibe;BEBERIBE;-4.18119444444;-38.12775;2008;12;1.0;0.0;0.0;0.0;0.0;0.0;0.0;0.0;0.0;0.0;0.0;0.0;0.0;0.0;0.0;0.0;0.0;0.0;0.0;0.0;0.0;0.0;0.0;0.0;0.0;0.0;0.0;0.0;0.0;0.0;0.0;1.0
Beberibe;BEBERIBE;-4.18119444444;-38.12775;2009;1;63.8;0.0;0.0;0.0;0.0;0.0;0.0;0.0;0.0;0.0;0.0;0.0;0.0;0.0;4.2;0.0;0.0;1.4;0.0;0.0;0.0;6.0;34.0;1.0;0.0;7.0;0.0;0.0;0.0;9.2;0.0;1.0
Beberibe;BEBERIBE;-4.18119444444;-38.12775;2009;2;258.4;1.0;0.0;13.0;1.4;0.0;0.0;0.0;0.0;0.0;0.0;0.0;13.0;2.0;0.0;0.0;0.0;2.0;0.0;0.0;1.0;15.0;6.0;55.0;20.0;0.0;75.0;29.0;25.0;888.0;888.0;888.0
Beberibe;BEBERIBE;-4.18119444444;-38.12775;2009;3;352.0;0.0;3.0;52.0;30.0;5.0;6.0;16.0;1.0;6.0;0.0;9.0;53.0;3.0;0.0;24.0;11.0;33.0;3.0;11.0;0.0;0.0;4.0;5.0;7.0;14.0;15.0;1.0;34.0;2.0;4.0;0.0
Beberibe;BEBERIBE;-4.18119444444;-38.12775;2009;4;642.6;5.0;0.0;5.0;61.0;0.0;0.0;0.0;9.0;25.0;41.0;5.0;1.0;80.0;20.0;35.0;20.0;30.0;2.8;0.0;97.0;7.0;45.0;0.0;13.4;48.0;8.0;0.0;35.0;6.4;43.0;888.0
Beberibe;BEBERIBE;-4.18119444444;-38.12775;2009;5;310.2;4.4;7.6;38.0;0.0;0.0;0.0;3.0;9.0;5.2;0.0;14.0;12.2;2.0;9.0;6.0;0.0;4.0;19.0;8.0;0.0;57.0;4.6;32.0;0.0;20.2;33.0;0.0;1.0;7.0;0.0;14.0
Beberibe;BEBERIBE;-4.18119444444;-38.12775;2009;6;125.2;0.0;0.0;21.6;5.2;0.0;2.2;1.4;0.0;1.0;3.0;0.0;0.0;0.0;0.0;10.4;0.0;0.0;3.0;4.4;0.0;0.0;0.0;37.0;3.0;33.0;0.0;0.0;0.0;0.0;0.0;888.0
Beberibe;BEBERIBE;-4.18119444444;-38.12775;2009;7;220.0;0.0;3.0;0.0;0.0;6.0;34.0;26.0;0.0;0.0;0.0;4.0;20.0;0.0;0.0;0.0;0.0;0.0;27.0;0.0;0.0;1.0;21.0;56.0;22.0;0.0;0.0;0.0;0.0;0.0;0.0;0.0
Beberibe;BEBERIBE;-4.18119444444;-38.12775;2009;8;74.0;0.0;0.0;0.0;0.0;0.0;0.0;0.0;0.0;0.0;0.0;0.0;0.0;0.0;0.0;0.0;0.0;0.0;0.0;2.0;3.0;3.0;0.0;0.0;2.0;0.0;52.0;12.0;0.0;0.0;0.0;0.0
Beberibe;BEBERIBE;-4.18119444444;-38.12775;2009;9;13.0;0.0;0.0;0.0;0.0;0.0;0.0;0.0;0.0;0.0;0.0;0.0;0.0;0.0;6.0;4.0;3.0;0.0;0.0;0.0;0.0;0.0;0.0;0.0;0.0;0.0;0.0;0.0;0.0;0.0;0.0;888.0
Beberibe;BEBERIBE;-4.18119444444;-38.12775;2009;10;9.0;0.0;0.0;0.0;0.0;0.0;0.0;0.0;0.0;0.0;0.0;0.0;0.0;0.0;0.0;0.0;0.0;0.0;0.0;0.0;0.0;0.0;0.0;0.0;0.0;0.0;0.0;0.0;9.0;0.0;0.0;0.0
Beberibe;BEBERIBE;-4.18119444444;-38.12775;2009;11;0.0;0.0;0.0;0.0;0.0;0.0;0.0;0.0;0.0;0.0;0.0;0.0;0.0;0.0;0.0;0.0;0.0;0.0;0.0;0.0;0.0;0.0;0.0;0.0;0.0;0.0;0.0;0.0;0.0;0.0;0.0;888.0
Beberibe;BEBERIBE;-4.18119444444;-38.12775;2009;12;0.0;0.0;0.0;0.0;0.0;0.0;0.0;0.0;0.0;0.0;0.0;0.0;0.0;0.0;0.0;0.0;0.0;0.0;0.0;0.0;0.0;0.0;0.0;0.0;0.0;0.0;0.0;0.0;0.0;0.0;0.0;0.0
Beberibe;BEBERIBE;-4.18119444444;-38.12775;2010;1;112.0;15.0;25.0;55.0;0.0;0.0;0.0;0.0;0.0;0.0;15.0;0.0;0.0;0.0;0.0;0.0;0.0;0.0;0.0;0.0;0.0;0.0;0.0;0.0;0.0;0.0;0.0;0.0;2.0;0.0;0.0;0.0
Beberibe;BEBERIBE;-4.18119444444;-38.12775;2010;2;48.6;0.0;0.0;0.0;0.0;0.0;0.0;0.0;1.0;0.0;13.4;16.2;0.0;0.0;14.0;4.0;0.0;0.0;0.0;0.0;0.0;0.0;0.0;0.0;0.0;0.0;0.0;0.0;0.0;888.0;888.0;888.0
Beberibe;BEBERIBE;-4.18119444444;-38.12775;2010;3;108.0;0.0;0.0;0.0;0.0;0.0;0.0;9.8;0.0;0.0;0.0;0.0;0.0;9.2;1.4;0.0;0.0;0.0;0.0;2.0;4.0;0.0;41.0;9.0;12.0;9.0;4.0;0.0;4.0;0.0;1.2;1.4
Beberibe;BEBERIBE;-4.18119444444;-38.12775;2010;4;153.6;8.0;0.0;0.0;2.0;0.0;0.0;0.0;0.0;0.0;30.0;40.0;15.0;0.0;0.0;0.0;0.0;0.0;13.6;6.0;39.0;0.0;0.0;0.0;0.0;0.0;0.0;0.0;0.0;0.0;0.0;888.0
Beberibe;BEBERIBE;-4.18119444444;-38.12775;2010;5;121.0;0.0;26.0;10.0;0.0;0.0;4.0;0.0;0.0;0.0;5.0;0.0;0.0;3.0;4.0;0.0;0.0;0.0;0.0;0.0;0.0;0.0;0.0;18.0;0.0;0.0;0.0;0.0;0.0;0.0;0.0;51.0
Beberibe;BEBERIBE;-4.18119444444;-38.12775;2010;6;31.6;20.0;0.0;8.0;0.0;0.0;0.0;2.0;0.0;0.0;0.0;0.0;0.0;0.0;0.0;0.0;0.0;0.0;0.0;0.0;0.0;0.0;0.0;0.0;1.6;0.0;0.0;0.0;0.0;0.0;0.0;888.0
Beberibe;BEBERIBE;-4.18119444444;-38.12775;2010;7;9.0;0.0;0.0;0.0;0.0;0.0;0.0;0.0;0.0;0.0;0.0;0.0;0.0;0.0;0.0;0.0;9.0;0.0;0.0;0.0;0.0;0.0;0.0;0.0;0.0;0.0;0.0;0.0;0.0;0.0;0.0;0.0
Beberibe;BEBERIBE;-4.18119444444;-38.12775;2010;8;0.0;0.0;0.0;0.0;0.0;0.0;0.0;0.0;0.0;0.0;0.0;0.0;0.0;0.0;0.0;0.0;0.0;0.0;0.0;0.0;0.0;0.0;0.0;0.0;0.0;0.0;0.0;0.0;0.0;0.0;0.0;0.0
Beberibe;BEBERIBE;-4.18119444444;-38.12775;2010;9;0.0;0.0;0.0;0.0;0.0;0.0;0.0;0.0;0.0;0.0;0.0;0.0;0.0;0.0;0.0;0.0;0.0;0.0;0.0;0.0;0.0;0.0;0.0;0.0;0.0;0.0;0.0;0.0;0.0;0.0;0.0;888.0
Beberibe;BEBERIBE;-4.18119444444;-38.12775;2010;10;0.0;0.0;0.0;0.0;0.0;0.0;0.0;0.0;0.0;0.0;0.0;0.0;0.0;0.0;0.0;0.0;0.0;0.0;0.0;0.0;0.0;0.0;0.0;0.0;0.0;0.0;0.0;0.0;0.0;0.0;0.0;0.0
Beberibe;BEBERIBE;-4.18119444444;-38.12775;2010;11;3.0;0.0;0.0;0.0;0.0;0.0;0.0;0.0;0.0;0.0;0.0;0.0;0.0;0.0;0.0;0.0;0.0;0.0;0.0;1.0;0.0;2.0;0.0;0.0;0.0;0.0;0.0;0.0;0.0;0.0;0.0;888.0
Beberibe;BEBERIBE;-4.18119444444;-38.12775;2010;12;27.0;0.0;0.0;0.0;2.0;0.0;0.0;5.0;0.0;4.4;0.0;0.0;0.0;0.0;4.0;0.0;0.0;0.0;0.0;2.0;0.0;5.8;0.0;0.0;0.0;0.0;3.8;0.0;0.0;0.0;0.0;0.0
Beberibe;BEBERIBE;-4.18119444444;-38.12775;2011;1;365.0;0.0;0.0;0.0;0.0;12.0;0.0;0.0;0.0;0.0;114.0;25.0;0.0;0.0;0.0;0.0;0.0;0.0;0.0;0.0;19.0;0.0;19.0;0.0;13.0;120.0;12.0;3.0;12.0;5.0;11.0;0.0
Beberibe;BEBERIBE;-4.18119444444;-38.12775;2011;2;142.0;3.0;0.0;0.0;0.0;0.0;3.0;0.0;0.0;0.0;0.0;4.0;2.0;14.0;30.0;4.0;10.0;2.0;21.0;0.0;7.0;0.0;0.0;12.0;0.0;0.0;25.0;0.0;5.0;888.0;888.0;888.0
Beberibe;BEBERIBE;-4.18119444444;-38.12775;2011;3;258.0;0.0;0.0;14.0;20.0;0.0;0.0;8.0;12.0;26.0;13.0;27.0;59.0;0.0;0.0;0.0;8.0;0.0;0.0;0.0;0.0;0.0;5.0;0.0;23.0;16.0;0.0;8.0;17.0;2.0;0.0;0.0
Beberibe;BEBERIBE;-4.18119444444;-38.12775;2011;4;242.0;0.0;31.0;2.0;3.0;4.0;2.0;0.0;3.0;11.0;17.0;5.0;22.0;7.0;4.0;2.0;3.0;5.0;10.0;45.0;0.0;0.0;11.0;20.0;7.0;3.0;8.0;0.0;0.0;0.0;17.0;888.0
Beberibe;BEBERIBE;-4.18119444444;-38.12775;2011;5;111.0;0.0;17.0;0.0;13.0;22.0;12.0;0.0;0.0;0.0;20.0;4.0;3.0;0.0;0.0;0.0;13.0;0.0;0.0;0.0;0.0;4.0;0.0;0.0;0.0;0.0;0.0;3.0;0.0;0.0;0.0;0.0
Beberibe;BEBERIBE;-4.18119444444;-38.12775;2011;6;48.0;0.0;0.0;0.0;18.0;0.0;0.0;0.0;2.0;1.0;0.0;0.0;0.0;0.0;0.0;0.0;0.0;0.0;0.0;5.0;1.0;0.0;0.0;0.0;0.0;0.0;0.0;0.0;8.0;13.0;0.0;888.0
Beberibe;BEBERIBE;-4.18119444444;-38.12775;2011;7;86.0;0.0;0.0;0.0;0.0;8.0;0.0;0.0;0.0;8.0;0.0;0.0;38.0;17.0;0.0;0.0;11.0;0.0;0.0;0.0;0.0;0.0;0.0;0.0;0.0;0.0;0.0;0.0;0.0;0.0;4.0;0.0
Beberibe;BEBERIBE;-4.18119444444;-38.12775;2011;8;18.0;5.0;0.0;0.0;0.0;0.0;0.0;0.0;0.0;0.0;0.0;0.0;0.0;0.0;0.0;0.0;0.0;0.0;0.0;0.0;0.0;0.0;0.0;0.0;0.0;0.0;13.0;0.0;0.0;0.0;0.0;0.0
Beberibe;BEBERIBE;-4.18119444444;-38.12775;2011;9;0.0;0.0;0.0;0.0;0.0;0.0;0.0;0.0;0.0;0.0;0.0;0.0;0.0;0.0;0.0;0.0;0.0;0.0;0.0;0.0;0.0;0.0;0.0;0.0;0.0;0.0;0.0;0.0;0.0;0.0;0.0;888.0
Beberibe;BEBERIBE;-4.18119444444;-38.12775;2011;10;38.0;0.0;0.0;0.0;0.0;0.0;0.0;0.0;0.0;0.0;0.0;0.0;0.0;0.0;0.0;0.0;0.0;0.0;0.0;0.0;21.0;11.0;0.0;0.0;0.0;0.0;0.0;0.0;0.0;6.0;0.0;0.0
Beberibe;BEBERIBE;-4.18119444444;-38.12775;2011;11;30.0;0.0;0.0;0.0;0.0;5.0;0.0;0.0;0.0;0.0;0.0;0.0;6.0;0.0;0.0;0.0;0.0;0.0;0.0;0.0;0.0;0.0;0.0;0.0;0.0;0.0;0.0;0.0;0.0;19.0;0.0;888.0
Beberibe;BEBERIBE;-4.18119444444;-38.12775;2011;12;2.0;0.0;0.0;0.0;0.0;0.0;0.0;0.0;0.0;0.0;0.0;0.0;0.0;0.0;0.0;0.0;0.0;0.0;0.0;0.0;0.0;2.0;0.0;0.0;0.0;0.0;0.0;0.0;0.0;0.0;0.0;0.0
Beberibe;BEBERIBE;-4.18119444444;-38.12775;2012;1;49.8;0.0;0.0;0.0;0.0;0.0;0.0;0.0;0.0;0.0;0.0;0.0;0.0;4.0;0.0;0.0;0.0;0.0;0.0;20.0;5.0;5.0;0.0;7.0;0.0;3.4;0.0;0.0;0.0;5.4;0.0;0.0
Beberibe;BEBERIBE;-4.18119444444;-38.12775;2012;2;297.0;0.0;0.0;0.0;0.0;0.0;0.0;0.0;0.0;0.0;0.0;0.0;0.0;0.0;4.0;16.0;0.0;120.0;41.0;0.0;11.0;15.0;0.0;0.0;0.0;6.0;10.0;51.0;23.0;0.0;888.0;888.0
Beberibe;BEBERIBE;-4.18119444444;-38.12775;2012;3;184.0;0.0;0.0;0.0;0.0;0.0;0.0;7.0;0.0;0.0;88.0;0.0;2.0;0.0;0.0;12.0;15.0;0.0;0.0;0.0;0.0;0.0;27.0;0.0;0.0;4.0;0.0;21.0;6.0;2.0;0.0;0.0
Beberibe;BEBERIBE;-4.18119444444;-38.12775;2012;4;73.0;0.0;0.0;0.0;0.0;0.0;0.0;7.0;17.0;0.0;0.0;0.0;0.0;0.0;0.0;3.0;2.0;4.0;10.0;0.0;4.0;21.0;0.0;0.0;5.0;0.0;0.0;0.0;0.0;0.0;0.0;888.0
Beberibe;BEBERIBE;-4.18119444444;-38.12775;2012;5;48.0;0.0;0.0;0.0;0.0;0.0;0.0;0.0;0.0;0.0;0.0;0.0;0.0;3.0;15.0;6.0;3.0;10.0;4.0;3.0;1.0;0.0;0.0;0.0;0.0;3.0;0.0;0.0;0.0;0.0;0.0;0.0
Beberibe;BEBERIBE;-4.18119444444;-38.12775;2012;6;51.0;0.0;0.0;0.0;3.0;0.0;0.0;0.0;0.0;0.0;0.0;0.0;3.0;0.0;0.0;0.0;0.0;0.0;0.0;4.0;0.0;0.0;6.0;31.0;0.0;0.0;4.0;0.0;0.0;0.0;0.0;888.0
Beberibe;BEBERIBE;-4.18119444444;-38.12775;2012;7;0.0;0.0;0.0;0.0;0.0;0.0;0.0;0.0;0.0;0.0;0.0;0.0;0.0;0.0;0.0;0.0;0.0;0.0;0.0;0.0;0.0;0.0;0.0;0.0;0.0;0.0;0.0;0.0;0.0;0.0;0.0;0.0
Beberibe;BEBERIBE;-4.18119444444;-38.12775;2012;8;0.0;0.0;0.0;0.0;0.0;0.0;0.0;0.0;0.0;0.0;0.0;0.0;0.0;0.0;0.0;0.0;0.0;0.0;0.0;0.0;0.0;0.0;0.0;0.0;0.0;0.0;0.0;0.0;0.0;0.0;0.0;0.0
Beberibe;BEBERIBE;-4.18119444444;-38.12775;2012;9;0.0;0.0;0.0;0.0;0.0;0.0;0.0;0.0;0.0;0.0;0.0;0.0;0.0;0.0;0.0;0.0;0.0;0.0;0.0;0.0;0.0;0.0;0.0;0.0;0.0;0.0;0.0;0.0;0.0;0.0;0.0;888.0
Beberibe;BEBERIBE;-4.18119444444;-38.12775;2012;10;0.0;0.0;0.0;0.0;0.0;0.0;0.0;0.0;0.0;0.0;0.0;0.0;0.0;0.0;0.0;0.0;0.0;0.0;0.0;0.0;0.0;0.0;0.0;0.0;0.0;0.0;0.0;0.0;0.0;0.0;0.0;0.0
Beberibe;BEBERIBE;-4.18119444444;-38.12775;2012;11;0.0;0.0;0.0;0.0;0.0;0.0;0.0;0.0;0.0;0.0;0.0;0.0;0.0;0.0;0.0;0.0;0.0;0.0;0.0;0.0;0.0;0.0;0.0;0.0;0.0;0.0;0.0;0.0;0.0;0.0;0.0;888.0
Beberibe;BEBERIBE;-4.18119444444;-38.12775;2012;12;3.0;0.0;0.0;0.0;0.0;0.0;0.0;0.0;0.0;0.0;0.0;0.0;0.0;0.0;0.0;0.0;0.0;0.0;0.0;0.0;0.0;0.0;0.0;0.0;0.0;0.0;0.0;0.0;0.0;0.0;0.0;3.0
Beberibe;BEBERIBE;-4.18119444444;-38.12775;2013;1;61.0;0.0;0.0;22.0;0.0;0.0;16.0;11.0;0.0;0.0;0.0;2.0;0.0;0.0;2.0;0.0;0.0;0.0;3.0;0.0;5.0;0.0;0.0;0.0;0.0;0.0;0.0;0.0;0.0;0.0;0.0;0.0
Beberibe;BEBERIBE;-4.18119444444;-38.12775;2013;2;58.0;0.0;0.0;0.0;0.0;0.0;4.0;0.0;0.0;0.0;0.0;0.0;0.0;0.0;4.0;2.0;0.0;29.0;17.0;2.0;0.0;0.0;0.0;0.0;0.0;0.0;0.0;0.0;0.0;888.0;888.0;888.0
Beberibe;BEBERIBE;-4.18119444444;-38.12775;2013;3;87.0;0.0;0.0;0.0;0.0;0.0;0.0;0.0;0.0;0.0;0.0;0.0;0.0;0.0;0.0;0.0;0.0;0.0;3.0;1.0;38.0;0.0;0.0;8.0;3.0;28.0;0.0;4.0;1.0;1.0;0.0;0.0
Beberibe;BEBERIBE;-4.18119444444;-38.12775;2013;4;224.0;14.0;7.0;13.0;20.0;1.0;0.0;0.0;2.0;5.0;0.0;0.0;0.0;0.0;0.0;0.0;0.0;0.0;0.0;7.0;41.0;0.0;5.0;45.0;49.0;9.0;0.0;0.0;0.0;3.0;3.0;888.0
Beberibe;BEBERIBE;-4.18119444444;-38.12775;2013;5;88.0;3.0;0.0;0.0;0.0;0.0;0.0;0.0;0.0;0.0;0.0;0.0;0.0;0.0;0.0;10.0;0.0;0.0;18.0;5.0;8.0;1.0;0.0;9.0;34.0;0.0;0.0;0.0;0.0;0.0;0.0;0.0
Beberibe;BEBERIBE;-4.18119444444;-38.12775;2013;6;151.0;0.0;1.0;0.0;1.0;32.0;3.0;0.0;0.0;1.0;0.0;0.0;0.0;0.0;14.0;0.0;0.0;3.0;0.0;0.0;0.0;0.0;2.0;0.0;32.0;2.0;0.0;0.0;0.0;10.0;50.0;888.0
Beberibe;BEBERIBE;-4.18119444444;-38.12775;2013;7;22.0;0.0;0.0;10.0;0.0;0.0;0.0;0.0;0.0;0.0;0.0;0.0;0.0;2.0;0.0;3.0;0.0;0.0;0.0;4.0;0.0;0.0;0.0;0.0;0.0;0.0;0.0;0.0;3.0;0.0;0.0;0.0
Beberibe;BEBERIBE;-4.18119444444;-38.12775;2013;8;0.0;0.0;0.0;0.0;0.0;0.0;0.0;0.0;0.0;0.0;0.0;0.0;0.0;0.0;0.0;0.0;0.0;0.0;0.0;0.0;0.0;0.0;0.0;0.0;0.0;0.0;0.0;0.0;0.0;0.0;0.0;0.0
Beberibe;BEBERIBE;-4.18119444444;-38.12775;2013;9;0.0;0.0;0.0;0.0;0.0;0.0;0.0;0.0;0.0;0.0;0.0;0.0;0.0;0.0;0.0;0.0;0.0;0.0;0.0;0.0;0.0;0.0;0.0;0.0;0.0;0.0;0.0;0.0;0.0;0.0;0.0;888.0
Beberibe;BEBERIBE;-4.18119444444;-38.12775;2013;10;0.0;0.0;0.0;0.0;0.0;0.0;0.0;0.0;0.0;0.0;0.0;0.0;0.0;0.0;0.0;0.0;0.0;0.0;0.0;0.0;0.0;0.0;0.0;0.0;0.0;0.0;0.0;0.0;0.0;0.0;0.0;0.0
Beberibe;BEBERIBE;-4.18119444444;-38.12775;2013;11;12.0;0.0;0.0;0.0;4.0;0.0;0.0;0.0;0.0;0.0;0.0;0.0;0.0;0.0;0.0;0.0;0.0;0.0;0.0;0.0;0.0;0.0;8.0;0.0;0.0;0.0;0.0;0.0;0.0;0.0;0.0;888.0
Beberibe;BEBERIBE;-4.18119444444;-38.12775;2013;12;0.0;0.0;0.0;0.0;0.0;0.0;0.0;0.0;0.0;0.0;0.0;0.0;0.0;0.0;0.0;0.0;0.0;0.0;0.0;0.0;0.0;0.0;0.0;0.0;0.0;0.0;0.0;0.0;0.0;0.0;0.0;0.0
Beberibe;BEBERIBE;-4.18119444444;-38.12775;2014;1;38.0;0.0;0.0;5.0;6.0;0.0;0.0;0.0;0.0;0.0;0.0;0.0;12.0;0.0;5.0;0.0;0.0;0.0;0.0;0.0;0.0;0.0;0.0;0.0;0.0;0.0;0.0;0.0;0.0;0.0;2.0;8.0
Beberibe;BEBERIBE;-4.18119444444;-38.12775;2014;2;125.0;0.0;0.0;0.0;6.0;10.0;0.0;0.0;12.0;0.0;0.0;0.0;0.0;15.0;0.0;0.0;0.0;14.0;0.0;43.0;25.0;0.0;0.0;0.0;0.0;0.0;0.0;0.0;0.0;888.0;888.0;888.0
Beberibe;BEBERIBE;-4.18119444444;-38.12775;2014;3;190.0;0.0;0.0;0.0;0.0;12.0;0.0;0.0;0.0;0.0;5.0;14.0;6.0;0.0;4.0;0.0;27.0;13.0;0.0;26.0;0.0;0.0;0.0;0.0;0.0;0.0;5.0;0.0;23.0;20.0;7.0;28.0
Beberibe;BEBERIBE;-4.18119444444;-38.12775;2014;4;246.0;14.0;10.0;0.0;4.0;8.0;0.0;0.0;12.0;37.0;11.0;2.0;25.0;0.0;0.0;11.0;0.0;42.0;9.0;5.0;0.0;0.0;2.0;0.0;0.0;0.0;20.0;6.0;25.0;3.0;0.0;888.0
Beberibe;BEBERIBE;-4.18119444444;-38.12775;2014;5;145.0;35.0;0.0;7.0;0.0;2.0;0.0;2.0;0.0;0.0;0.0;14.0;0.0;0.0;5.0;17.0;3.0;0.0;0.0;2.0;0.0;0.0;28.0;0.0;0.0;0.0;0.0;0.0;18.0;12.0;0.0;0.0
Beberibe;BEBERIBE;-4.18119444444;-38.12775;2014;6;36.0;0.0;0.0;0.0;0.0;0.0;0.0;5.0;0.0;0.0;0.0;0.0;0.0;0.0;0.0;0.0;0.0;0.0;0.0;0.0;0.0;0.0;0.0;0.0;0.0;0.0;0.0;25.0;6.0;0.0;0.0;888.0
Beberibe;BEBERIBE;-4.18119444444;-38.12775;2014;7;0.0;0.0;0.0;0.0;0.0;0.0;0.0;0.0;0.0;0.0;0.0;0.0;0.0;0.0;0.0;0.0;0.0;0.0;0.0;0.0;0.0;0.0;0.0;0.0;0.0;0.0;0.0;0.0;0.0;0.0;0.0;0.0
Beberibe;BEBERIBE;-4.18119444444;-38.12775;2014;8;0.0;0.0;0.0;0.0;0.0;0.0;0.0;0.0;0.0;0.0;0.0;0.0;0.0;0.0;0.0;0.0;0.0;0.0;0.0;0.0;0.0;0.0;0.0;0.0;0.0;0.0;0.0;0.0;0.0;0.0;0.0;0.0
Beberibe;BEBERIBE;-4.18119444444;-38.12775;2014;9;8.0;0.0;0.0;0.0;0.0;0.0;0.0;0.0;0.0;3.0;0.0;0.0;0.0;0.0;0.0;0.0;0.0;0.0;2.0;0.0;0.0;3.0;0.0;0.0;0.0;0.0;0.0;0.0;0.0;0.0;0.0;888.0
Beberibe;BEBERIBE;-4.18119444444;-38.12775;2014;10;5.0;0.0;0.0;0.0;0.0;0.0;0.0;0.0;0.0;0.0;0.0;0.0;0.0;0.0;0.0;0.0;0.0;0.0;0.0;0.0;0.0;2.0;0.0;0.0;0.0;0.0;2.0;0.0;0.0;1.0;0.0;0.0
Beberibe;BEBERIBE;-4.18119444444;-38.12775;2014;11;10.0;0.0;0.0;0.0;0.0;0.0;0.0;0.0;0.0;0.0;0.0;0.0;0.0;0.0;0.0;0.0;0.0;0.0;0.0;0.0;2.0;0.0;2.0;0.0;0.0;1.0;2.0;3.0;0.0;0.0;0.0;888.0
Beberibe;BEBERIBE;-4.18119444444;-38.12775;2014;12;22.0;0.0;0.0;0.0;5.0;0.0;0.0;0.0;1.0;0.0;0.0;3.0;0.0;0.0;0.0;0.0;3.0;0.0;0.0;0.0;0.0;0.0;0.0;0.0;0.0;0.0;0.0;0.0;10.0;0.0;0.0;0.0
Beberibe;BEBERIBE;-4.18119444444;-38.12775;2015;1;91.0;0.0;0.0;0.0;28.0;41.0;0.0;6.0;0.0;0.0;0.0;0.0;0.0;0.0;0.0;0.0;0.0;0.0;0.0;7.0;0.0;0.0;0.0;6.0;0.0;0.0;0.0;3.0;0.0;0.0;0.0;0.0
Beberibe;BEBERIBE;-4.18119444444;-38.12775;2015;2;79.0;0.0;4.0;5.0;1.0;0.0;0.0;0.0;0.0;0.0;0.0;0.0;0.0;0.0;0.0;0.0;0.0;6.0;0.0;0.0;0.0;0.0;18.0;12.0;3.0;27.0;0.0;3.0;0.0;888.0;888.0;888.0
Beberibe;BEBERIBE;-4.18119444444;-38.12775;2015;3;284.0;40.0;3.0;14.0;0.0;6.0;7.0;0.0;19.0;14.0;20.0;4.0;0.0;0.0;0.0;0.0;0.0;0.0;0.0;0.0;0.0;38.0;8.0;30.0;4.0;0.0;0.0;24.0;10.0;6.0;22.0;15.0
Beberibe;BEBERIBE;-4.18119444444;-38.12775;2015;4;268.0;5.0;55.0;2.0;32.0;0.0;0.0;0.0;3.0;8.0;39.0;6.0;8.0;24.0;25.0;3.0;0.0;0.0;0.0;0.0;0.0;0.0;0.0;21.0;14.0;18.0;0.0;0.0;0.0;0.0;5.0;888.0
Beberibe;BEBERIBE;-4.18119444444;-38.12775;2015;5;17.0;0.0;0.0;0.0;0.0;0.0;0.0;0.0;0.0;0.0;0.0;0.0;0.0;0.0;0.0;0.0;0.0;0.0;0.0;0.0;0.0;0.0;0.0;0.0;5.0;0.0;0.0;0.0;0.0;0.0;0.0;12.0
Beberibe;BEBERIBE;-4.18119444444;-38.12775;2015;6;25.0;0.0;0.0;0.0;7.0;3.0;0.0;0.0;0.0;0.0;0.0;0.0;0.0;0.0;0.0;0.0;0.0;0.0;0.0;0.0;0.0;0.0;0.0;0.0;11.0;0.0;0.0;0.0;0.0;0.0;4.0;888.0
Beberibe;BEBERIBE;-4.18119444444;-38.12775;2015;7;133.0;1.0;0.0;20.0;23.0;68.0;0.0;0.0;1.0;0.0;0.0;0.0;0.0;0.0;0.0;0.0;0.0;16.0;4.0;0.0;0.0;0.0;0.0;0.0;0.0;0.0;0.0;0.0;0.0;0.0;0.0;0.0
Beberibe;BEBERIBE;-4.18119444444;-38.12775;2015;8;0.0;0.0;0.0;0.0;0.0;0.0;0.0;0.0;0.0;0.0;0.0;0.0;0.0;0.0;0.0;0.0;0.0;0.0;0.0;0.0;0.0;0.0;0.0;0.0;0.0;0.0;0.0;0.0;0.0;0.0;0.0;0.0
Beberibe;BEBERIBE;-4.18119444444;-38.12775;2015;9;5.0;0.0;0.0;0.0;0.0;0.0;0.0;0.0;0.0;0.0;0.0;0.0;4.0;0.0;1.0;0.0;0.0;0.0;0.0;0.0;0.0;0.0;0.0;0.0;0.0;0.0;0.0;0.0;0.0;0.0;0.0;888.0
Beberibe;BEBERIBE;-4.18119444444;-38.12775;2015;10;0.0;0.0;0.0;0.0;0.0;0.0;0.0;0.0;0.0;0.0;0.0;0.0;0.0;0.0;0.0;0.0;0.0;0.0;0.0;0.0;0.0;0.0;0.0;0.0;0.0;0.0;0.0;0.0;0.0;0.0;0.0;0.0
Beberibe;BEBERIBE;-4.18119444444;-38.12775;2015;11;0.0;0.0;0.0;0.0;0.0;0.0;0.0;0.0;0.0;0.0;0.0;0.0;0.0;0.0;0.0;0.0;0.0;0.0;0.0;0.0;0.0;0.0;0.0;0.0;0.0;0.0;0.0;0.0;0.0;0.0;0.0;888.0
Beberibe;BEBERIBE;-4.18119444444;-38.12775;2015;12;0.0;0.0;0.0;0.0;0.0;0.0;0.0;0.0;0.0;0.0;0.0;0.0;0.0;0.0;0.0;0.0;0.0;0.0;0.0;0.0;0.0;0.0;0.0;0.0;0.0;0.0;0.0;0.0;0.0;0.0;0.0;0.0
Beberibe;BEBERIBE;-4.18119444444;-38.12775;2016;1;119.0;0.0;0.0;0.0;0.0;0.0;0.0;0.0;7.0;25.0;0.0;0.0;0.0;0.0;1.0;0.0;0.0;11.0;0.0;15.0;7.0;8.0;6.0;13.0;8.0;13.0;0.0;0.0;0.0;0.0;2.0;3.0
Beberibe;BEBERIBE;-4.18119444444;-38.12775;2016;2;78.0;20.0;6.0;10.0;0.0;0.0;0.0;0.0;0.0;0.0;0.0;0.0;0.0;0.0;0.0;0.0;0.0;0.0;0.0;6.0;6.0;3.0;19.0;0.0;6.0;0.0;0.0;2.0;0.0;0.0;888.0;888.0
Beberibe;BEBERIBE;-4.18119444444;-38.12775;2016;3;96.0;0.0;0.0;0.0;0.0;0.0;0.0;0.0;0.0;4.0;0.0;6.0;0.0;0.0;9.0;21.0;0.0;0.0;0.0;0.0;0.0;2.0;0.0;0.0;10.0;0.0;0.0;0.0;0.0;0.0;13.0;31.0
Beberibe;BEBERIBE;-4.18119444444;-38.12775;2016;4;207.0;39.0;35.0;33.0;11.0;9.0;9.0;0.0;4.0;0.0;0.0;5.0;22.0;11.0;0.0;0.0;20.0;0.0;0.0;0.0;0.0;0.0;0.0;9.0;0.0;0.0;0.0;0.0;0.0;0.0;0.0;888.0
Beberibe;BEBERIBE;-4.18119444444;-38.12775;2016;5;31.8;0.0;3.0;0.0;0.0;0.0;0.0;0.0;0.0;0.0;0.0;21.0;0.4;0.0;0.0;0.0;0.0;0.0;3.4;0.0;0.0;0.0;0.0;0.0;0.0;0.0;0.0;0.0;0.0;0.0;0.0;4.0
Beberibe;BEBERIBE;-4.18119444444;-38.12775;2016;6;40.0;0.0;0.0;0.0;0.0;9.0;1.0;21.0;0.0;0.0;9.0;0.0;0.0;0.0;0.0;0.0;0.0;0.0;0.0;0.0;0.0;0.0;0.0;0.0;0.0;0.0;0.0;0.0;0.0;0.0;0.0;888.0
Beberibe;BEBERIBE;-4.18119444444;-38.12775;2016;7;0.0;0.0;0.0;0.0;0.0;0.0;0.0;0.0;0.0;0.0;0.0;0.0;0.0;0.0;0.0;0.0;0.0;0.0;0.0;0.0;0.0;0.0;0.0;0.0;0.0;0.0;0.0;0.0;0.0;0.0;0.0;0.0
Beberibe;BEBERIBE;-4.18119444444;-38.12775;2016;8;0.0;0.0;0.0;0.0;0.0;0.0;0.0;0.0;0.0;0.0;0.0;0.0;0.0;0.0;0.0;0.0;0.0;0.0;0.0;0.0;0.0;0.0;0.0;0.0;0.0;0.0;0.0;0.0;0.0;0.0;0.0;0.0
Beberibe;BEBERIBE;-4.18119444444;-38.12775;2016;9;0.0;0.0;0.0;0.0;0.0;0.0;0.0;0.0;0.0;0.0;0.0;0.0;0.0;0.0;0.0;0.0;0.0;0.0;0.0;0.0;0.0;0.0;0.0;0.0;0.0;0.0;0.0;0.0;0.0;0.0;0.0;888.0
Beberibe;BEBERIBE;-4.18119444444;-38.12775;2016;10;0.0;0.0;0.0;0.0;0.0;0.0;0.0;0.0;0.0;0.0;0.0;0.0;0.0;0.0;0.0;0.0;0.0;0.0;0.0;0.0;0.0;0.0;0.0;0.0;0.0;0.0;0.0;0.0;0.0;0.0;0.0;0.0
Beberibe;BEBERIBE;-4.18119444444;-38.12775;2016;11;0.0;0.0;0.0;0.0;0.0;0.0;0.0;0.0;0.0;0.0;0.0;0.0;0.0;0.0;0.0;0.0;0.0;0.0;0.0;0.0;0.0;0.0;0.0;0.0;0.0;0.0;0.0;0.0;0.0;0.0;0.0;888.0
Beberibe;BEBERIBE;-4.18119444444;-38.12775;2016;12;36.0;0.0;0.0;0.0;0.0;0.0;0.0;0.0;0.0;3.0;2.0;0.0;0.0;0.0;0.0;0.0;0.0;0.0;0.0;0.0;5.0;3.0;0.0;0.0;8.0;0.0;0.0;0.0;15.0;0.0;0.0;0.0
Beberibe;BEBERIBE;-4.18119444444;-38.12775;2017;1;40.0;0.0;0.0;0.0;0.0;4.0;0.0;0.0;0.0;0.0;0.0;4.0;0.0;0.0;0.0;0.0;7.0;0.0;3.0;5.0;17.0;0.0;0.0;0.0;0.0;0.0;0.0;0.0;0.0;0.0;0.0;0.0
Beberibe;BEBERIBE;-4.18119444444;-38.12775;2017;2;133.0;0.0;3.0;0.0;0.0;0.0;0.0;0.0;0.0;0.0;0.0;33.0;0.0;6.0;1.0;0.0;0.0;0.0;6.0;2.0;32.0;10.0;7.0;0.0;0.0;0.0;24.0;7.0;2.0;888.0;888.0;888.0
Beberibe;BEBERIBE;-4.18119444444;-38.12775;2017;3;375.0;24.0;10.0;51.0;13.0;24.0;0.0;5.0;3.0;4.0;0.0;0.0;0.0;16.0;0.0;0.0;4.0;0.0;0.0;0.0;9.0;12.0;37.0;31.0;20.0;21.0;11.0;13.0;35.0;0.0;22.0;10.0
Beberibe;BEBERIBE;-4.18119444444;-38.12775;2017;4;203.0;54.0;13.0;0.0;3.0;13.0;20.0;0.0;0.0;0.0;7.0;39.0;0.0;0.0;14.0;0.0;0.0;0.0;0.0;0.0;0.0;0.0;8.0;15.0;6.0;0.0;0.0;0.0;2.0;9.0;0.0;888.0
Beberibe;BEBERIBE;-4.18119444444;-38.12775;2017;5;95.0;0.0;4.0;0.0;0.0;0.0;0.0;0.0;0.0;8.0;11.0;0.0;0.0;0.0;0.0;0.0;0.0;0.0;0.0;5.0;0.0;0.0;0.0;0.0;0.0;0.0;1.0;0.0;13.0;30.0;12.0;11.0
Beberibe;BEBERIBE;-4.18119444444;-38.12775;2017;6;32.0;4.0;0.0;0.0;0.0;0.0;0.0;0.0;0.0;0.0;0.0;14.0;2.0;0.0;0.0;0.0;9.0;0.0;0.0;0.0;0.0;0.0;0.0;0.0;0.0;0.0;0.0;0.0;0.0;0.0;3.0;888.0
Beberibe;BEBERIBE;-4.18119444444;-38.12775;2017;7;56.0;20.0;0.0;0.0;0.0;0.0;0.0;0.0;0.0;0.0;0.0;0.0;0.0;0.0;0.0;0.0;0.0;0.0;0.0;0.0;0.0;36.0;0.0;0.0;0.0;0.0;0.0;0.0;0.0;0.0;0.0;0.0
Beberibe;BEBERIBE;-4.18119444444;-38.12775;2017;8;0.0;0.0;0.0;0.0;0.0;0.0;0.0;0.0;0.0;0.0;0.0;0.0;0.0;0.0;0.0;0.0;0.0;0.0;0.0;0.0;0.0;0.0;0.0;0.0;0.0;0.0;0.0;0.0;0.0;0.0;0.0;0.0
Beberibe;BEBERIBE;-4.18119444444;-38.12775;2017;9;3.0;0.0;0.0;0.0;0.0;0.0;3.0;0.0;0.0;0.0;0.0;0.0;0.0;0.0;0.0;0.0;0.0;0.0;0.0;0.0;0.0;0.0;0.0;0.0;0.0;0.0;0.0;0.0;0.0;0.0;0.0;888.0
Beberibe;BEBERIBE;-4.18119444444;-38.12775;2017;10;10.0;0.0;0.0;0.0;0.0;0.0;0.0;0.0;0.0;0.0;0.0;0.0;0.0;0.0;0.0;7.0;3.0;0.0;0.0;0.0;0.0;0.0;0.0;0.0;0.0;0.0;0.0;0.0;0.0;0.0;0.0;0.0
Beberibe;BEBERIBE;-4.18119444444;-38.12775;2017;11;0.0;0.0;0.0;0.0;0.0;0.0;0.0;0.0;0.0;0.0;0.0;0.0;0.0;0.0;0.0;0.0;0.0;0.0;0.0;0.0;0.0;0.0;0.0;0.0;0.0;0.0;0.0;0.0;0.0;0.0;0.0;888.0
Beberibe;BEBERIBE;-4.18119444444;-38.12775;2017;12;51.6;0.0;0.0;0.0;0.0;0.0;0.0;0.0;0.0;0.0;0.0;0.0;0.0;0.0;0.0;0.0;0.0;0.0;0.0;0.0;0.0;19.0;5.6;2.0;25.0;0.0;0.0;0.0;0.0;0.0;0.0;0.0
Beberibe;BEBERIBE;-4.18119444444;-38.12775;2018;1;115.0;0.0;0.0;0.0;0.0;0.0;0.0;0.0;0.0;25.0;21.0;0.0;0.0;4.0;0.0;0.0;0.0;0.0;0.0;3.0;5.0;0.0;0.0;0.0;16.0;2.0;0.0;2.0;37.0;0.0;0.0;0.0
Beberibe;BEBERIBE;-4.18119444444;-38.12775;2018;2;285.0;0.0;0.0;0.0;0.0;0.0;0.0;0.0;3.0;4.0;0.0;10.0;72.0;3.0;3.0;43.0;8.0;10.0;35.0;6.0;22.0;4.0;4.0;2.0;10.0;25.0;17.0;4.0;0.0;888.0;888.0;888.0
Beberibe;BEBERIBE;-4.18119444444;-38.12775;2018;3;173.2;18.0;27.0;2.0;0.0;0.0;0.0;0.0;0.0;0.0;0.0;0.0;4.0;0.0;0.0;0.0;0.0;0.0;0.0;0.0;0.0;0.0;5.0;7.2;0.0;0.0;47.0;15.0;22.0;5.0;21.0;0.0
Beberibe;BEBERIBE;-4.18119444444;-38.12775;2018;4;212.0;0.0;0.0;10.0;3.0;0.0;14.0;0.0;10.0;0.0;16.0;3.0;14.0;0.0;0.0;0.0;68.0;35.0;0.0;0.0;0.0;0.0;8.0;0.0;22.0;0.0;0.0;0.0;0.0;7.0;2.0;888.0
Beberibe;BEBERIBE;-4.18119444444;-38.12775;2018;5;122.0;3.0;7.0;0.0;3.0;0.0;6.0;29.0;3.0;17.0;5.0;0.0;24.0;3.0;0.0;0.0;0.0;0.0;13.0;0.0;0.0;3.0;6.0;0.0;0.0;0.0;0.0;0.0;0.0;0.0;0.0;0.0
Beberibe;BEBERIBE;-4.18119444444;-38.12775;2018;6;30.0;0.0;0.0;0.0;0.0;0.0;0.0;0.0;9.0;0.0;0.0;0.0;0.0;0.0;0.0;0.0;0.0;0.0;3.0;18.0;0.0;0.0;0.0;0.0;0.0;0.0;0.0;0.0;0.0;0.0;0.0;888.0
Beberibe;BEBERIBE;-4.18119444444;-38.12775;2018;7;24.0;0.0;0.0;0.0;0.0;0.0;0.0;4.0;8.0;0.0;3.0;4.0;5.0;0.0;0.0;0.0;0.0;0.0;0.0;0.0;0.0;0.0;0.0;0.0;0.0;0.0;0.0;0.0;0.0;0.0;0.0;0.0
Beberibe;BEBERIBE;-4.18119444444;-38.12775;2018;8;0.0;0.0;0.0;0.0;0.0;0.0;0.0;0.0;0.0;0.0;0.0;0.0;0.0;0.0;0.0;0.0;0.0;0.0;0.0;0.0;0.0;0.0;0.0;0.0;0.0;0.0;0.0;0.0;0.0;0.0;0.0;0.0
Beberibe;BEBERIBE;-4.18119444444;-38.12775;2018;9;0.0;0.0;0.0;0.0;0.0;0.0;0.0;0.0;0.0;0.0;0.0;0.0;0.0;0.0;0.0;0.0;0.0;0.0;0.0;0.0;0.0;0.0;0.0;0.0;0.0;0.0;0.0;0.0;0.0;0.0;0.0;888.0
Beberibe;BEBERIBE;-4.18119444444;-38.12775;2018;10;0.0;0.0;999.0;999.0;999.0;999.0;999.0;999.0;999.0;999.0;999.0;999.0;999.0;999.0;999.0;999.0;999.0;999.0;999.0;999.0;999.0;999.0;999.0;999.0;999.0;999.0;999.0;999.0;999.0;999.0;999.0;999.0
