Municipios;Postos;Latitude;Longitude;Anos;Meses;Total;Dia1;Dia2;Dia3;Dia4;Dia5;Dia6;Dia7;Dia8;Dia9;Dia10;Dia11;Dia12;Dia13;Dia14;Dia15;Dia16;Dia17;Dia18;Dia19;Dia20;Dia21;Dia22;Dia23;Dia24;Dia25;Dia26;Dia27;Dia28;Dia29;Dia30;Dia31
Várzea Alegre;RIACHO VERDE;-6.87175;-39.370083333333;1999;1;220.0;0.0;0.0;0.0;0.0;0.0;0.0;0.0;0.0;0.0;0.0;73.0;0.0;25.0;4.0;0.0;0.0;0.0;0.0;0.0;32.0;0.0;16.0;0.0;18.0;0.0;0.0;0.0;0.0;0.0;52.0;0.0
Várzea Alegre;RIACHO VERDE;-6.87175;-39.370083333333;1999;2;187.0;0.0;0.0;0.0;0.0;31.0;0.0;6.0;0.0;0.0;0.0;0.0;0.0;4.0;0.0;0.0;0.0;0.0;27.0;18.0;18.0;7.0;40.0;0.0;0.0;0.0;0.0;28.0;8.0;888.0;888.0;888.0
Várzea Alegre;RIACHO VERDE;-6.87175;-39.370083333333;1999;3;326.0;0.0;0.0;0.0;32.0;0.0;41.0;0.0;33.0;4.0;0.0;0.0;82.0;12.0;0.0;0.0;11.0;0.0;0.0;21.0;11.0;7.0;0.0;0.0;0.0;0.0;6.0;28.0;38.0;0.0;0.0;0.0
Várzea Alegre;RIACHO VERDE;-6.87175;-39.370083333333;1999;4;121.0;0.0;0.0;0.0;0.0;0.0;21.0;0.0;0.0;0.0;0.0;0.0;11.0;15.0;0.0;9.0;0.0;0.0;0.0;0.0;0.0;0.0;6.0;48.0;11.0;0.0;0.0;0.0;0.0;0.0;0.0;888.0
Várzea Alegre;RIACHO VERDE;-6.87175;-39.370083333333;1999;5;140.0;13.0;0.0;0.0;0.0;0.0;17.0;0.0;0.0;24.0;0.0;0.0;0.0;0.0;0.0;36.0;0.0;0.0;0.0;0.0;0.0;0.0;0.0;42.0;0.0;0.0;0.0;8.0;0.0;0.0;0.0;0.0
Várzea Alegre;RIACHO VERDE;-6.87175;-39.370083333333;1999;6;0.0;0.0;0.0;0.0;0.0;0.0;0.0;0.0;0.0;0.0;0.0;0.0;0.0;0.0;0.0;0.0;0.0;0.0;0.0;0.0;0.0;0.0;0.0;0.0;0.0;0.0;0.0;0.0;0.0;0.0;0.0;888.0
Várzea Alegre;RIACHO VERDE;-6.87175;-39.370083333333;1999;7;0.0;0.0;0.0;0.0;0.0;0.0;0.0;0.0;0.0;0.0;0.0;0.0;0.0;0.0;0.0;0.0;0.0;0.0;0.0;0.0;0.0;0.0;0.0;0.0;0.0;0.0;0.0;0.0;0.0;0.0;0.0;0.0
Várzea Alegre;RIACHO VERDE;-6.87175;-39.370083333333;1999;8;0.0;0.0;0.0;0.0;0.0;0.0;0.0;0.0;0.0;0.0;0.0;0.0;0.0;0.0;0.0;0.0;0.0;0.0;0.0;0.0;0.0;0.0;0.0;0.0;0.0;0.0;0.0;0.0;0.0;0.0;0.0;0.0
Várzea Alegre;RIACHO VERDE;-6.87175;-39.370083333333;1999;9;0.0;0.0;0.0;0.0;0.0;0.0;0.0;0.0;0.0;0.0;0.0;0.0;0.0;0.0;0.0;0.0;0.0;0.0;0.0;0.0;0.0;0.0;0.0;0.0;0.0;0.0;0.0;0.0;0.0;0.0;0.0;888.0
Várzea Alegre;RIACHO VERDE;-6.87175;-39.370083333333;1999;10;0.0;0.0;0.0;0.0;0.0;0.0;0.0;0.0;0.0;0.0;0.0;0.0;0.0;0.0;0.0;0.0;0.0;0.0;0.0;0.0;0.0;0.0;0.0;0.0;0.0;0.0;0.0;0.0;0.0;0.0;0.0;0.0
Várzea Alegre;RIACHO VERDE;-6.87175;-39.370083333333;1999;11;0.0;0.0;0.0;0.0;0.0;0.0;0.0;0.0;0.0;0.0;0.0;0.0;0.0;0.0;0.0;0.0;0.0;0.0;0.0;0.0;0.0;0.0;0.0;0.0;0.0;0.0;0.0;0.0;0.0;0.0;0.0;888.0
Várzea Alegre;RIACHO VERDE;-6.87175;-39.370083333333;1999;12;62.0;0.0;0.0;0.0;0.0;0.0;0.0;0.0;0.0;0.0;0.0;0.0;0.0;0.0;0.0;0.0;0.0;0.0;0.0;0.0;0.0;0.0;0.0;62.0;0.0;0.0;0.0;0.0;0.0;0.0;0.0;0.0
Várzea Alegre;RIACHO VERDE;-6.87175;-39.370083333333;2000;1;209.0;0.0;0.0;0.0;32.0;0.0;27.0;15.0;0.0;33.0;0.0;0.0;0.0;8.0;0.0;94.0;0.0;0.0;0.0;0.0;0.0;0.0;0.0;0.0;0.0;0.0;0.0;0.0;0.0;0.0;0.0;0.0
Várzea Alegre;RIACHO VERDE;-6.87175;-39.370083333333;2000;2;290.0;0.0;0.0;0.0;0.0;0.0;0.0;0.0;11.0;13.0;0.0;15.0;0.0;0.0;5.0;18.0;0.0;11.0;23.0;32.0;28.0;0.0;0.0;106.0;0.0;0.0;0.0;0.0;0.0;28.0;888.0;888.0
Várzea Alegre;RIACHO VERDE;-6.87175;-39.370083333333;2000;3;230.0;3.0;26.0;28.0;0.0;0.0;0.0;0.0;0.0;0.0;11.0;0.0;0.0;0.0;0.0;0.0;0.0;45.0;0.0;0.0;0.0;0.0;55.0;13.0;0.0;0.0;18.0;0.0;31.0;0.0;0.0;0.0
Várzea Alegre;RIACHO VERDE;-6.87175;-39.370083333333;2000;4;202.0;11.0;0.0;0.0;0.0;0.0;8.0;3.0;0.0;0.0;0.0;11.0;9.0;32.0;37.0;0.0;8.0;65.0;0.0;18.0;0.0;0.0;0.0;0.0;0.0;0.0;0.0;0.0;0.0;0.0;0.0;888.0
Várzea Alegre;RIACHO VERDE;-6.87175;-39.370083333333;2000;5;25.0;0.0;0.0;0.0;0.0;0.0;11.0;14.0;0.0;0.0;0.0;0.0;0.0;0.0;0.0;0.0;0.0;0.0;0.0;0.0;0.0;0.0;0.0;0.0;0.0;0.0;0.0;0.0;0.0;0.0;0.0;0.0
Várzea Alegre;RIACHO VERDE;-6.87175;-39.370083333333;2000;6;0.0;0.0;0.0;0.0;0.0;0.0;0.0;0.0;0.0;0.0;0.0;0.0;0.0;0.0;0.0;0.0;0.0;0.0;0.0;0.0;0.0;0.0;0.0;0.0;0.0;0.0;0.0;0.0;0.0;0.0;0.0;888.0
Várzea Alegre;RIACHO VERDE;-6.87175;-39.370083333333;2000;7;0.0;0.0;0.0;0.0;0.0;0.0;0.0;0.0;0.0;0.0;0.0;0.0;0.0;0.0;0.0;0.0;0.0;0.0;0.0;0.0;0.0;0.0;0.0;0.0;0.0;0.0;0.0;0.0;0.0;0.0;0.0;0.0
Várzea Alegre;RIACHO VERDE;-6.87175;-39.370083333333;2000;8;0.0;0.0;0.0;0.0;0.0;0.0;0.0;0.0;0.0;0.0;0.0;0.0;0.0;0.0;0.0;0.0;0.0;0.0;0.0;0.0;0.0;0.0;0.0;0.0;0.0;0.0;0.0;0.0;0.0;0.0;0.0;0.0
Várzea Alegre;RIACHO VERDE;-6.87175;-39.370083333333;2000;9;0.0;0.0;0.0;0.0;0.0;0.0;0.0;0.0;0.0;0.0;0.0;0.0;0.0;0.0;0.0;0.0;0.0;0.0;0.0;0.0;0.0;0.0;0.0;0.0;0.0;0.0;0.0;0.0;0.0;0.0;0.0;888.0
Várzea Alegre;RIACHO VERDE;-6.87175;-39.370083333333;2000;10;0.0;0.0;0.0;0.0;0.0;0.0;0.0;0.0;0.0;0.0;0.0;0.0;0.0;0.0;0.0;0.0;0.0;0.0;0.0;0.0;0.0;0.0;0.0;0.0;0.0;0.0;0.0;0.0;0.0;0.0;0.0;0.0
Várzea Alegre;RIACHO VERDE;-6.87175;-39.370083333333;2000;11;0.0;0.0;0.0;0.0;0.0;0.0;0.0;0.0;0.0;0.0;0.0;0.0;0.0;0.0;0.0;0.0;0.0;0.0;0.0;0.0;0.0;0.0;0.0;0.0;0.0;0.0;0.0;0.0;0.0;0.0;0.0;888.0
Várzea Alegre;RIACHO VERDE;-6.87175;-39.370083333333;2000;12;127.0;0.0;0.0;0.0;0.0;0.0;0.0;0.0;0.0;0.0;0.0;0.0;0.0;0.0;73.0;32.0;15.0;7.0;0.0;0.0;0.0;0.0;0.0;0.0;0.0;0.0;0.0;0.0;0.0;0.0;0.0;0.0
Várzea Alegre;RIACHO VERDE;-6.87175;-39.370083333333;2001;1;68.0;0.0;0.0;0.0;0.0;0.0;0.0;21.0;29.0;0.0;0.0;0.0;0.0;0.0;0.0;0.0;0.0;0.0;0.0;0.0;0.0;0.0;0.0;0.0;0.0;0.0;0.0;0.0;0.0;0.0;0.0;18.0
Várzea Alegre;RIACHO VERDE;-6.87175;-39.370083333333;2001;2;165.0;0.0;0.0;3.0;17.0;0.0;0.0;0.0;0.0;69.0;5.0;0.0;0.0;25.0;0.0;0.0;0.0;0.0;0.0;0.0;0.0;0.0;0.0;0.0;0.0;0.0;0.0;21.0;25.0;888.0;888.0;888.0
Várzea Alegre;RIACHO VERDE;-6.87175;-39.370083333333;2001;3;137.0;0.0;24.0;0.0;0.0;0.0;0.0;0.0;15.0;0.0;0.0;3.0;0.0;0.0;0.0;33.0;0.0;0.0;0.0;0.0;0.0;0.0;23.0;0.0;0.0;0.0;0.0;0.0;0.0;36.0;0.0;3.0
Várzea Alegre;RIACHO VERDE;-6.87175;-39.370083333333;2001;4;81.0;0.0;0.0;31.0;0.0;0.0;0.0;0.0;0.0;0.0;0.0;0.0;0.0;0.0;0.0;35.0;0.0;0.0;6.0;0.0;0.0;0.0;0.0;0.0;0.0;0.0;0.0;0.0;0.0;0.0;9.0;888.0
Várzea Alegre;RIACHO VERDE;-6.87175;-39.370083333333;2001;5;5.0;5.0;0.0;0.0;0.0;0.0;0.0;0.0;0.0;0.0;0.0;0.0;0.0;0.0;0.0;0.0;0.0;0.0;0.0;0.0;0.0;0.0;0.0;0.0;0.0;0.0;0.0;0.0;0.0;0.0;0.0;0.0
Várzea Alegre;RIACHO VERDE;-6.87175;-39.370083333333;2001;6;0.0;0.0;0.0;0.0;0.0;0.0;0.0;0.0;0.0;0.0;0.0;0.0;0.0;0.0;0.0;0.0;0.0;0.0;0.0;0.0;0.0;0.0;0.0;0.0;0.0;0.0;0.0;0.0;0.0;0.0;0.0;888.0
Várzea Alegre;RIACHO VERDE;-6.87175;-39.370083333333;2001;7;0.0;0.0;0.0;0.0;0.0;0.0;0.0;0.0;0.0;0.0;0.0;0.0;0.0;0.0;0.0;0.0;0.0;0.0;0.0;0.0;0.0;0.0;0.0;0.0;0.0;0.0;0.0;0.0;0.0;0.0;0.0;0.0
Várzea Alegre;RIACHO VERDE;-6.87175;-39.370083333333;2001;8;0.0;0.0;0.0;0.0;0.0;0.0;0.0;0.0;0.0;0.0;0.0;0.0;0.0;0.0;0.0;0.0;0.0;0.0;0.0;0.0;0.0;0.0;0.0;0.0;0.0;0.0;0.0;0.0;0.0;0.0;0.0;0.0
Várzea Alegre;RIACHO VERDE;-6.87175;-39.370083333333;2001;9;0.0;0.0;0.0;0.0;0.0;0.0;0.0;0.0;0.0;0.0;0.0;0.0;0.0;0.0;0.0;0.0;0.0;0.0;0.0;0.0;0.0;0.0;0.0;0.0;0.0;0.0;0.0;0.0;0.0;0.0;0.0;888.0
Várzea Alegre;RIACHO VERDE;-6.87175;-39.370083333333;2001;10;0.0;0.0;0.0;0.0;0.0;0.0;0.0;0.0;0.0;0.0;0.0;0.0;0.0;0.0;0.0;0.0;0.0;0.0;0.0;0.0;0.0;0.0;0.0;0.0;0.0;0.0;0.0;0.0;0.0;0.0;0.0;0.0
Várzea Alegre;RIACHO VERDE;-6.87175;-39.370083333333;2001;11;0.0;0.0;0.0;0.0;0.0;0.0;0.0;0.0;0.0;0.0;0.0;0.0;0.0;0.0;0.0;0.0;0.0;0.0;0.0;0.0;0.0;0.0;0.0;0.0;0.0;0.0;0.0;0.0;0.0;0.0;0.0;888.0
Várzea Alegre;RIACHO VERDE;-6.87175;-39.370083333333;2001;12;0.0;0.0;0.0;0.0;0.0;0.0;0.0;0.0;0.0;0.0;0.0;0.0;0.0;0.0;0.0;0.0;0.0;0.0;0.0;0.0;0.0;0.0;0.0;0.0;0.0;0.0;0.0;0.0;0.0;0.0;0.0;0.0
Várzea Alegre;RIACHO VERDE;-6.87175;-39.370083333333;2002;1;299.0;0.0;0.0;0.0;0.0;0.0;0.0;0.0;55.0;0.0;35.0;0.0;0.0;62.0;15.0;0.0;0.0;0.0;38.0;41.0;35.0;0.0;0.0;0.0;0.0;0.0;0.0;0.0;0.0;0.0;0.0;18.0
Várzea Alegre;RIACHO VERDE;-6.87175;-39.370083333333;2002;2;76.0;0.0;0.0;0.0;0.0;0.0;19.0;0.0;0.0;0.0;14.0;0.0;0.0;20.0;0.0;0.0;11.0;0.0;0.0;12.0;0.0;0.0;0.0;0.0;0.0;0.0;0.0;0.0;0.0;888.0;888.0;888.0
Várzea Alegre;RIACHO VERDE;-6.87175;-39.370083333333;2002;3;242.0;0.0;0.0;0.0;22.0;0.0;42.0;0.0;14.0;0.0;0.0;0.0;0.0;0.0;0.0;0.0;27.0;0.0;0.0;5.0;0.0;87.0;0.0;0.0;0.0;0.0;45.0;0.0;0.0;0.0;0.0;0.0
Várzea Alegre;RIACHO VERDE;-6.87175;-39.370083333333;2002;4;79.0;0.0;0.0;0.0;62.0;8.0;0.0;0.0;9.0;0.0;0.0;0.0;0.0;0.0;0.0;0.0;0.0;0.0;0.0;0.0;0.0;0.0;0.0;0.0;0.0;0.0;0.0;0.0;0.0;0.0;0.0;888.0
Várzea Alegre;RIACHO VERDE;-6.87175;-39.370083333333;2002;5;39.0;0.0;0.0;22.0;0.0;0.0;0.0;0.0;0.0;0.0;0.0;0.0;0.0;0.0;0.0;0.0;0.0;17.0;0.0;0.0;0.0;0.0;0.0;0.0;0.0;0.0;0.0;0.0;0.0;0.0;0.0;0.0
Várzea Alegre;RIACHO VERDE;-6.87175;-39.370083333333;2002;6;0.0;0.0;0.0;0.0;0.0;0.0;0.0;0.0;0.0;0.0;0.0;0.0;0.0;0.0;0.0;0.0;0.0;0.0;0.0;0.0;0.0;0.0;0.0;0.0;0.0;0.0;0.0;0.0;0.0;0.0;0.0;888.0
Várzea Alegre;RIACHO VERDE;-6.87175;-39.370083333333;2002;7;0.0;0.0;0.0;0.0;0.0;0.0;0.0;0.0;0.0;0.0;0.0;0.0;0.0;0.0;0.0;0.0;0.0;0.0;0.0;0.0;0.0;0.0;0.0;0.0;0.0;0.0;0.0;0.0;0.0;0.0;0.0;0.0
Várzea Alegre;RIACHO VERDE;-6.87175;-39.370083333333;2002;8;0.0;0.0;0.0;0.0;0.0;0.0;0.0;0.0;0.0;0.0;0.0;0.0;0.0;0.0;0.0;0.0;0.0;0.0;0.0;0.0;0.0;0.0;0.0;0.0;0.0;0.0;0.0;0.0;0.0;0.0;0.0;0.0
Várzea Alegre;RIACHO VERDE;-6.87175;-39.370083333333;2002;9;0.0;0.0;0.0;0.0;0.0;0.0;0.0;0.0;0.0;0.0;0.0;0.0;0.0;0.0;0.0;0.0;0.0;0.0;0.0;0.0;0.0;0.0;0.0;0.0;0.0;0.0;0.0;0.0;0.0;0.0;0.0;888.0
Várzea Alegre;RIACHO VERDE;-6.87175;-39.370083333333;2002;10;0.0;0.0;0.0;0.0;0.0;0.0;0.0;0.0;0.0;0.0;0.0;0.0;0.0;0.0;0.0;0.0;0.0;0.0;0.0;0.0;0.0;0.0;0.0;0.0;0.0;0.0;0.0;0.0;0.0;0.0;0.0;0.0
Várzea Alegre;RIACHO VERDE;-6.87175;-39.370083333333;2002;11;0.0;0.0;0.0;0.0;0.0;0.0;0.0;0.0;0.0;0.0;0.0;0.0;0.0;0.0;0.0;0.0;0.0;0.0;0.0;0.0;0.0;0.0;0.0;0.0;0.0;0.0;0.0;0.0;0.0;0.0;0.0;888.0
Várzea Alegre;RIACHO VERDE;-6.87175;-39.370083333333;2002;12;0.0;0.0;0.0;0.0;0.0;0.0;0.0;0.0;0.0;0.0;0.0;0.0;0.0;0.0;0.0;0.0;0.0;0.0;0.0;0.0;0.0;0.0;0.0;0.0;0.0;0.0;0.0;0.0;0.0;0.0;0.0;0.0
Várzea Alegre;RIACHO VERDE;-6.87175;-39.370083333333;2003;1;164.0;0.0;0.0;0.0;0.0;0.0;0.0;0.0;0.0;0.0;0.0;0.0;0.0;0.0;0.0;0.0;0.0;0.0;0.0;45.0;0.0;0.0;0.0;0.0;0.0;37.0;0.0;24.0;0.0;0.0;40.0;18.0
Várzea Alegre;RIACHO VERDE;-6.87175;-39.370083333333;2003;2;134.0;0.0;0.0;0.0;0.0;0.0;0.0;0.0;0.0;0.0;0.0;0.0;26.0;0.0;33.0;0.0;0.0;0.0;0.0;12.0;0.0;12.0;0.0;0.0;0.0;51.0;0.0;0.0;0.0;888.0;888.0;888.0
Várzea Alegre;RIACHO VERDE;-6.87175;-39.370083333333;2003;3;153.0;0.0;0.0;0.0;10.0;0.0;0.0;30.0;0.0;0.0;0.0;0.0;0.0;0.0;0.0;6.0;9.0;9.0;0.0;21.0;15.0;0.0;0.0;37.0;16.0;0.0;0.0;0.0;0.0;0.0;0.0;0.0
Várzea Alegre;RIACHO VERDE;-6.87175;-39.370083333333;2003;4;75.0;5.0;0.0;0.0;0.0;27.0;0.0;0.0;0.0;0.0;31.0;0.0;12.0;0.0;0.0;0.0;0.0;0.0;0.0;0.0;0.0;0.0;0.0;0.0;0.0;0.0;0.0;0.0;0.0;0.0;0.0;888.0
Várzea Alegre;RIACHO VERDE;-6.87175;-39.370083333333;2003;5;50.0;0.0;0.0;0.0;0.0;0.0;37.0;0.0;0.0;0.0;0.0;0.0;0.0;0.0;0.0;0.0;0.0;0.0;0.0;0.0;0.0;0.0;0.0;0.0;0.0;0.0;0.0;0.0;0.0;13.0;0.0;0.0
Várzea Alegre;RIACHO VERDE;-6.87175;-39.370083333333;2003;6;32.0;0.0;0.0;0.0;0.0;0.0;0.0;0.0;0.0;0.0;0.0;0.0;0.0;0.0;0.0;0.0;0.0;0.0;0.0;0.0;0.0;32.0;0.0;0.0;0.0;0.0;0.0;0.0;0.0;0.0;0.0;888.0
Várzea Alegre;RIACHO VERDE;-6.87175;-39.370083333333;2003;7;0.0;0.0;0.0;0.0;0.0;0.0;0.0;0.0;0.0;0.0;0.0;0.0;0.0;0.0;0.0;0.0;0.0;0.0;0.0;0.0;0.0;0.0;0.0;0.0;0.0;0.0;0.0;0.0;0.0;0.0;0.0;0.0
Várzea Alegre;RIACHO VERDE;-6.87175;-39.370083333333;2003;8;0.0;0.0;0.0;0.0;0.0;0.0;0.0;0.0;0.0;0.0;0.0;0.0;0.0;0.0;0.0;0.0;0.0;0.0;0.0;0.0;0.0;0.0;0.0;0.0;0.0;0.0;0.0;0.0;0.0;0.0;0.0;0.0
Várzea Alegre;RIACHO VERDE;-6.87175;-39.370083333333;2003;9;0.0;0.0;0.0;0.0;0.0;0.0;0.0;0.0;0.0;0.0;0.0;0.0;0.0;0.0;0.0;0.0;0.0;0.0;0.0;0.0;0.0;0.0;0.0;0.0;0.0;0.0;0.0;0.0;0.0;0.0;0.0;888.0
Várzea Alegre;RIACHO VERDE;-6.87175;-39.370083333333;2003;10;0.0;0.0;0.0;0.0;0.0;0.0;0.0;0.0;0.0;0.0;0.0;0.0;0.0;0.0;0.0;0.0;0.0;0.0;0.0;0.0;0.0;0.0;0.0;0.0;0.0;0.0;0.0;0.0;0.0;0.0;0.0;0.0
Várzea Alegre;RIACHO VERDE;-6.87175;-39.370083333333;2003;11;0.0;0.0;0.0;0.0;0.0;0.0;0.0;0.0;0.0;0.0;0.0;0.0;0.0;0.0;0.0;0.0;0.0;0.0;0.0;0.0;0.0;0.0;0.0;0.0;0.0;0.0;0.0;0.0;0.0;0.0;0.0;888.0
Várzea Alegre;RIACHO VERDE;-6.87175;-39.370083333333;2003;12;0.0;0.0;0.0;0.0;0.0;0.0;0.0;0.0;0.0;0.0;0.0;0.0;0.0;0.0;0.0;0.0;0.0;0.0;0.0;0.0;0.0;0.0;0.0;0.0;0.0;0.0;0.0;0.0;0.0;0.0;0.0;0.0
Várzea Alegre;RIACHO VERDE;-6.87175;-39.370083333333;2004;1;637.0;0.0;0.0;0.0;0.0;0.0;0.0;0.0;6.0;0.0;0.0;0.0;0.0;0.0;125.0;0.0;0.0;38.0;0.0;18.0;130.0;32.0;0.0;49.0;57.0;0.0;0.0;41.0;49.0;0.0;22.0;70.0
Várzea Alegre;RIACHO VERDE;-6.87175;-39.370083333333;2004;2;18.0;18.0;0.0;999.0;999.0;999.0;999.0;999.0;999.0;999.0;999.0;999.0;999.0;999.0;999.0;999.0;999.0;999.0;999.0;999.0;999.0;999.0;999.0;999.0;999.0;999.0;999.0;999.0;999.0;999.0;888.0;888.0
Várzea Alegre;RIACHO VERDE;-6.87175;-39.370083333333;2004;3;78.0;0.0;0.0;0.0;0.0;0.0;0.0;0.0;0.0;0.0;0.0;0.0;0.0;0.0;0.0;0.0;0.0;70.0;0.0;0.0;8.0;0.0;0.0;0.0;0.0;0.0;0.0;0.0;0.0;0.0;0.0;0.0
Várzea Alegre;RIACHO VERDE;-6.87175;-39.370083333333;2004;4;0.0;0.0;999.0;999.0;999.0;999.0;999.0;999.0;999.0;999.0;999.0;999.0;999.0;999.0;999.0;999.0;999.0;999.0;999.0;999.0;999.0;999.0;999.0;999.0;999.0;999.0;999.0;999.0;999.0;999.0;999.0;888.0
Várzea Alegre;RIACHO VERDE;-6.87175;-39.370083333333;2004;5;0.0;0.0;0.0;0.0;0.0;0.0;0.0;0.0;0.0;0.0;0.0;0.0;0.0;0.0;0.0;0.0;0.0;0.0;0.0;0.0;0.0;0.0;0.0;0.0;0.0;0.0;0.0;0.0;0.0;0.0;0.0;0.0
Várzea Alegre;RIACHO VERDE;-6.87175;-39.370083333333;2004;6;0.0;0.0;999.0;999.0;999.0;999.0;999.0;999.0;999.0;999.0;999.0;999.0;999.0;999.0;999.0;999.0;999.0;999.0;999.0;999.0;999.0;999.0;999.0;999.0;999.0;999.0;999.0;999.0;999.0;999.0;999.0;888.0
Várzea Alegre;RIACHO VERDE;-6.87175;-39.370083333333;2004;7;0.0;0.0;0.0;0.0;0.0;0.0;0.0;0.0;0.0;0.0;0.0;0.0;0.0;0.0;0.0;0.0;0.0;0.0;0.0;0.0;0.0;0.0;0.0;0.0;0.0;0.0;0.0;0.0;0.0;0.0;0.0;0.0
Várzea Alegre;RIACHO VERDE;-6.87175;-39.370083333333;2004;8;0.0;0.0;0.0;0.0;0.0;0.0;0.0;0.0;0.0;0.0;0.0;0.0;0.0;0.0;0.0;0.0;0.0;0.0;0.0;0.0;0.0;0.0;0.0;0.0;0.0;0.0;0.0;0.0;0.0;0.0;0.0;0.0
Várzea Alegre;RIACHO VERDE;-6.87175;-39.370083333333;2004;9;0.0;0.0;0.0;0.0;0.0;0.0;0.0;0.0;0.0;0.0;0.0;0.0;0.0;0.0;0.0;0.0;0.0;0.0;0.0;0.0;0.0;0.0;0.0;0.0;0.0;0.0;0.0;0.0;0.0;0.0;0.0;888.0
Várzea Alegre;RIACHO VERDE;-6.87175;-39.370083333333;2004;10;0.0;0.0;0.0;0.0;0.0;0.0;0.0;0.0;0.0;0.0;0.0;0.0;0.0;0.0;0.0;0.0;0.0;0.0;0.0;0.0;0.0;0.0;0.0;0.0;0.0;0.0;0.0;0.0;0.0;0.0;0.0;0.0
Várzea Alegre;RIACHO VERDE;-6.87175;-39.370083333333;2004;11;0.0;0.0;0.0;0.0;0.0;0.0;0.0;0.0;0.0;0.0;0.0;0.0;0.0;0.0;0.0;0.0;0.0;0.0;0.0;0.0;0.0;0.0;0.0;0.0;0.0;0.0;0.0;0.0;0.0;0.0;0.0;888.0
Várzea Alegre;RIACHO VERDE;-6.87175;-39.370083333333;2004;12;0.0;0.0;0.0;0.0;0.0;0.0;0.0;0.0;0.0;0.0;0.0;0.0;0.0;0.0;0.0;0.0;0.0;0.0;0.0;0.0;0.0;0.0;0.0;0.0;0.0;0.0;0.0;0.0;0.0;0.0;0.0;0.0
Várzea Alegre;RIACHO VERDE;-6.87175;-39.370083333333;2005;1;149.0;0.0;0.0;0.0;0.0;0.0;0.0;0.0;0.0;0.0;0.0;51.0;0.0;0.0;0.0;55.0;33.0;0.0;0.0;10.0;0.0;0.0;0.0;0.0;0.0;0.0;0.0;0.0;0.0;0.0;0.0;0.0
Várzea Alegre;RIACHO VERDE;-6.87175;-39.370083333333;2005;2;14.0;0.0;0.0;0.0;0.0;0.0;0.0;0.0;0.0;0.0;0.0;0.0;14.0;0.0;0.0;0.0;0.0;0.0;0.0;0.0;0.0;0.0;0.0;0.0;0.0;0.0;0.0;0.0;0.0;888.0;888.0;888.0
Várzea Alegre;RIACHO VERDE;-6.87175;-39.370083333333;2005;3;354.0;0.0;0.0;93.0;0.0;0.0;0.0;0.0;0.0;0.0;0.0;0.0;24.0;0.0;7.0;20.0;0.0;0.0;0.0;15.0;10.0;8.0;21.0;23.0;0.0;6.0;21.0;47.0;0.0;22.0;19.0;18.0
Várzea Alegre;RIACHO VERDE;-6.87175;-39.370083333333;2005;4;68.0;16.0;0.0;0.0;0.0;0.0;0.0;0.0;0.0;0.0;0.0;0.0;0.0;0.0;0.0;0.0;0.0;0.0;0.0;0.0;0.0;0.0;0.0;0.0;0.0;0.0;0.0;0.0;0.0;52.0;0.0;888.0
Várzea Alegre;RIACHO VERDE;-6.87175;-39.370083333333;2005;5;22.0;0.0;0.0;0.0;0.0;0.0;0.0;0.0;0.0;0.0;0.0;0.0;0.0;0.0;0.0;0.0;0.0;0.0;0.0;0.0;0.0;0.0;22.0;0.0;0.0;0.0;0.0;0.0;0.0;0.0;0.0;0.0
Várzea Alegre;RIACHO VERDE;-6.87175;-39.370083333333;2005;6;0.0;0.0;0.0;0.0;0.0;0.0;0.0;0.0;0.0;0.0;0.0;0.0;0.0;0.0;0.0;0.0;0.0;0.0;0.0;0.0;0.0;0.0;0.0;0.0;0.0;0.0;0.0;0.0;0.0;0.0;0.0;888.0
Várzea Alegre;RIACHO VERDE;-6.87175;-39.370083333333;2005;7;0.0;0.0;0.0;0.0;0.0;0.0;0.0;0.0;0.0;0.0;0.0;0.0;0.0;0.0;0.0;0.0;0.0;0.0;0.0;0.0;0.0;0.0;0.0;0.0;0.0;0.0;0.0;0.0;0.0;0.0;0.0;0.0
Várzea Alegre;RIACHO VERDE;-6.87175;-39.370083333333;2005;8;0.0;0.0;0.0;0.0;0.0;0.0;0.0;0.0;0.0;0.0;0.0;0.0;0.0;0.0;0.0;0.0;0.0;0.0;0.0;0.0;0.0;0.0;0.0;0.0;0.0;0.0;0.0;0.0;0.0;0.0;0.0;0.0
Várzea Alegre;RIACHO VERDE;-6.87175;-39.370083333333;2005;9;0.0;0.0;0.0;0.0;0.0;0.0;0.0;0.0;0.0;0.0;0.0;0.0;0.0;0.0;0.0;0.0;0.0;0.0;0.0;0.0;0.0;0.0;0.0;0.0;0.0;0.0;0.0;0.0;0.0;0.0;0.0;888.0
Várzea Alegre;RIACHO VERDE;-6.87175;-39.370083333333;2005;10;0.0;0.0;0.0;0.0;0.0;0.0;0.0;0.0;0.0;0.0;0.0;0.0;0.0;0.0;0.0;0.0;0.0;0.0;0.0;0.0;0.0;0.0;0.0;0.0;0.0;0.0;0.0;0.0;0.0;0.0;0.0;0.0
Várzea Alegre;RIACHO VERDE;-6.87175;-39.370083333333;2005;11;0.0;0.0;0.0;0.0;0.0;0.0;0.0;0.0;0.0;0.0;0.0;0.0;0.0;0.0;0.0;0.0;0.0;0.0;0.0;0.0;0.0;0.0;0.0;0.0;0.0;0.0;0.0;0.0;0.0;0.0;0.0;888.0
Várzea Alegre;RIACHO VERDE;-6.87175;-39.370083333333;2005;12;116.0;0.0;0.0;0.0;0.0;50.0;33.0;0.0;0.0;0.0;0.0;0.0;0.0;0.0;0.0;0.0;0.0;0.0;0.0;0.0;0.0;0.0;0.0;0.0;0.0;19.0;0.0;0.0;14.0;0.0;0.0;0.0
Várzea Alegre;RIACHO VERDE;-6.87175;-39.370083333333;2006;1;52.0;0.0;0.0;0.0;0.0;0.0;0.0;0.0;0.0;0.0;21.0;0.0;0.0;0.0;0.0;0.0;0.0;0.0;20.0;0.0;0.0;0.0;0.0;0.0;0.0;0.0;0.0;0.0;0.0;11.0;0.0;0.0
Várzea Alegre;RIACHO VERDE;-6.87175;-39.370083333333;2006;2;374.0;59.0;0.0;0.0;60.0;33.0;35.0;0.0;0.0;0.0;0.0;0.0;0.0;0.0;17.0;11.0;14.0;86.0;16.0;0.0;0.0;0.0;0.0;0.0;19.0;0.0;0.0;24.0;0.0;888.0;888.0;888.0
Várzea Alegre;RIACHO VERDE;-6.87175;-39.370083333333;2006;3;372.0;0.0;0.0;0.0;0.0;0.0;0.0;0.0;0.0;0.0;0.0;0.0;0.0;0.0;70.0;31.0;0.0;53.0;0.0;4.0;0.0;0.0;0.0;0.0;58.0;32.0;11.0;15.0;0.0;0.0;15.0;83.0
Várzea Alegre;RIACHO VERDE;-6.87175;-39.370083333333;2006;4;395.0;0.0;0.0;0.0;40.0;10.0;14.0;46.0;12.0;47.0;12.0;0.0;4.0;0.0;0.0;37.0;0.0;0.0;9.0;0.0;0.0;36.0;34.0;11.0;17.0;0.0;0.0;0.0;10.0;12.0;44.0;888.0
Várzea Alegre;RIACHO VERDE;-6.87175;-39.370083333333;2006;5;17.0;0.0;11.0;0.0;0.0;0.0;0.0;0.0;0.0;0.0;0.0;0.0;0.0;0.0;6.0;0.0;0.0;0.0;0.0;0.0;0.0;0.0;0.0;0.0;0.0;0.0;0.0;0.0;0.0;0.0;0.0;0.0
Várzea Alegre;RIACHO VERDE;-6.87175;-39.370083333333;2006;6;7.0;0.0;0.0;0.0;0.0;0.0;0.0;0.0;0.0;0.0;0.0;0.0;0.0;7.0;0.0;0.0;0.0;0.0;0.0;0.0;0.0;0.0;0.0;0.0;0.0;0.0;0.0;0.0;0.0;0.0;0.0;888.0
Várzea Alegre;RIACHO VERDE;-6.87175;-39.370083333333;2006;7;0.0;0.0;0.0;0.0;0.0;0.0;0.0;0.0;0.0;0.0;0.0;0.0;0.0;0.0;0.0;0.0;0.0;0.0;0.0;0.0;0.0;0.0;0.0;0.0;0.0;0.0;0.0;0.0;0.0;0.0;0.0;0.0
Várzea Alegre;RIACHO VERDE;-6.87175;-39.370083333333;2006;8;0.0;0.0;0.0;0.0;0.0;0.0;0.0;0.0;0.0;0.0;0.0;0.0;0.0;0.0;0.0;0.0;0.0;0.0;0.0;0.0;0.0;0.0;0.0;0.0;0.0;0.0;0.0;0.0;0.0;0.0;0.0;0.0
Várzea Alegre;RIACHO VERDE;-6.87175;-39.370083333333;2006;9;0.0;0.0;0.0;0.0;0.0;0.0;0.0;0.0;0.0;0.0;0.0;0.0;0.0;0.0;0.0;0.0;0.0;0.0;0.0;0.0;0.0;0.0;0.0;0.0;0.0;0.0;0.0;0.0;0.0;0.0;0.0;888.0
Várzea Alegre;RIACHO VERDE;-6.87175;-39.370083333333;2006;10;0.0;0.0;0.0;0.0;0.0;0.0;0.0;0.0;0.0;0.0;0.0;0.0;0.0;0.0;0.0;0.0;0.0;0.0;0.0;0.0;0.0;0.0;0.0;0.0;0.0;0.0;0.0;0.0;0.0;0.0;0.0;0.0
Várzea Alegre;RIACHO VERDE;-6.87175;-39.370083333333;2006;11;29.0;0.0;0.0;0.0;0.0;0.0;0.0;0.0;0.0;0.0;0.0;0.0;0.0;0.0;0.0;0.0;0.0;0.0;29.0;0.0;0.0;0.0;0.0;0.0;0.0;0.0;0.0;0.0;0.0;0.0;0.0;888.0
Várzea Alegre;RIACHO VERDE;-6.87175;-39.370083333333;2006;12;130.0;0.0;0.0;0.0;0.0;0.0;0.0;0.0;0.0;0.0;0.0;0.0;0.0;0.0;0.0;0.0;0.0;0.0;0.0;0.0;0.0;0.0;0.0;0.0;0.0;0.0;0.0;0.0;0.0;0.0;0.0;130.0
Várzea Alegre;RIACHO VERDE;-6.87175;-39.370083333333;2007;1;93.0;21.0;52.0;0.0;0.0;0.0;0.0;20.0;0.0;0.0;0.0;0.0;0.0;0.0;0.0;0.0;0.0;0.0;0.0;0.0;0.0;0.0;0.0;0.0;0.0;0.0;0.0;0.0;0.0;0.0;0.0;0.0
Várzea Alegre;RIACHO VERDE;-6.87175;-39.370083333333;2007;2;261.0;0.0;0.0;0.0;21.0;0.0;9.0;34.0;0.0;4.0;0.0;9.0;0.0;5.0;11.0;0.0;0.0;11.0;74.0;0.0;0.0;0.0;21.0;11.0;0.0;0.0;38.0;0.0;13.0;888.0;888.0;888.0
Várzea Alegre;RIACHO VERDE;-6.87175;-39.370083333333;2007;3;117.0;0.0;0.0;0.0;0.0;0.0;0.0;0.0;0.0;0.0;0.0;13.0;36.0;0.0;0.0;0.0;0.0;0.0;11.0;35.0;22.0;0.0;0.0;0.0;0.0;0.0;0.0;0.0;0.0;0.0;0.0;0.0
Várzea Alegre;RIACHO VERDE;-6.87175;-39.370083333333;2007;4;60.0;0.0;0.0;0.0;0.0;0.0;0.0;0.0;0.0;0.0;0.0;0.0;0.0;0.0;0.0;0.0;0.0;0.0;7.0;13.0;0.0;13.0;0.0;0.0;0.0;0.0;0.0;0.0;27.0;0.0;0.0;888.0
Várzea Alegre;RIACHO VERDE;-6.87175;-39.370083333333;2007;5;50.0;24.0;0.0;0.0;0.0;0.0;0.0;0.0;0.0;0.0;0.0;0.0;0.0;0.0;0.0;0.0;0.0;0.0;0.0;0.0;0.0;0.0;0.0;0.0;0.0;0.0;0.0;16.0;10.0;0.0;0.0;0.0
Várzea Alegre;RIACHO VERDE;-6.87175;-39.370083333333;2007;6;17.0;0.0;0.0;0.0;0.0;0.0;0.0;0.0;0.0;0.0;0.0;0.0;0.0;17.0;0.0;0.0;0.0;0.0;0.0;0.0;0.0;0.0;0.0;0.0;0.0;0.0;0.0;0.0;0.0;0.0;0.0;888.0
Várzea Alegre;RIACHO VERDE;-6.87175;-39.370083333333;2007;7;0.0;0.0;0.0;0.0;0.0;0.0;0.0;0.0;0.0;0.0;0.0;0.0;0.0;0.0;0.0;0.0;0.0;0.0;0.0;0.0;0.0;0.0;0.0;0.0;0.0;0.0;0.0;0.0;0.0;0.0;0.0;0.0
Várzea Alegre;RIACHO VERDE;-6.87175;-39.370083333333;2007;8;0.0;0.0;0.0;0.0;0.0;0.0;0.0;0.0;0.0;0.0;0.0;0.0;0.0;0.0;0.0;0.0;0.0;0.0;0.0;0.0;0.0;0.0;0.0;0.0;0.0;0.0;0.0;0.0;0.0;0.0;0.0;0.0
Várzea Alegre;RIACHO VERDE;-6.87175;-39.370083333333;2007;9;0.0;0.0;0.0;0.0;0.0;0.0;0.0;0.0;0.0;0.0;0.0;0.0;0.0;0.0;0.0;0.0;0.0;0.0;0.0;0.0;0.0;0.0;0.0;0.0;0.0;0.0;0.0;0.0;0.0;0.0;0.0;888.0
Várzea Alegre;RIACHO VERDE;-6.87175;-39.370083333333;2007;10;0.0;0.0;0.0;0.0;0.0;0.0;0.0;0.0;0.0;0.0;0.0;0.0;0.0;0.0;0.0;0.0;0.0;0.0;0.0;0.0;0.0;0.0;0.0;0.0;0.0;0.0;0.0;0.0;0.0;0.0;0.0;0.0
Várzea Alegre;RIACHO VERDE;-6.87175;-39.370083333333;2007;11;0.0;0.0;0.0;0.0;0.0;0.0;0.0;0.0;0.0;0.0;0.0;0.0;0.0;0.0;0.0;0.0;0.0;0.0;0.0;0.0;0.0;0.0;0.0;0.0;0.0;0.0;0.0;0.0;0.0;0.0;0.0;888.0
Várzea Alegre;RIACHO VERDE;-6.87175;-39.370083333333;2007;12;65.0;0.0;0.0;0.0;0.0;0.0;0.0;0.0;0.0;0.0;0.0;0.0;0.0;0.0;0.0;0.0;54.0;0.0;0.0;0.0;0.0;0.0;0.0;0.0;0.0;0.0;0.0;11.0;0.0;0.0;0.0;0.0
Várzea Alegre;RIACHO VERDE;-6.87175;-39.370083333333;2008;1;257.0;0.0;0.0;0.0;0.0;0.0;0.0;0.0;32.0;0.0;0.0;0.0;0.0;0.0;0.0;9.0;0.0;0.0;0.0;0.0;0.0;10.0;0.0;0.0;0.0;115.0;0.0;17.0;25.0;0.0;13.0;36.0
Várzea Alegre;RIACHO VERDE;-6.87175;-39.370083333333;2008;2;131.0;0.0;0.0;0.0;0.0;0.0;0.0;0.0;26.0;0.0;0.0;0.0;19.0;0.0;0.0;0.0;24.0;19.0;0.0;4.0;0.0;0.0;0.0;10.0;0.0;0.0;0.0;25.0;4.0;0.0;888.0;888.0
Várzea Alegre;RIACHO VERDE;-6.87175;-39.370083333333;2008;3;378.0;0.0;0.0;0.0;0.0;0.0;0.0;48.0;20.0;0.0;0.0;34.0;0.0;18.0;0.0;33.0;13.0;11.0;12.0;0.0;15.0;0.0;30.0;26.0;23.0;6.0;16.0;10.0;18.0;0.0;26.0;19.0
Várzea Alegre;RIACHO VERDE;-6.87175;-39.370083333333;2008;4;206.0;0.0;0.0;0.0;8.0;0.0;22.0;0.0;9.0;0.0;0.0;0.0;0.0;23.0;0.0;8.0;83.0;0.0;0.0;0.0;0.0;0.0;0.0;14.0;0.0;10.0;0.0;0.0;0.0;0.0;29.0;888.0
Várzea Alegre;RIACHO VERDE;-6.87175;-39.370083333333;2008;5;58.0;0.0;0.0;0.0;0.0;0.0;58.0;0.0;0.0;0.0;0.0;0.0;0.0;0.0;0.0;0.0;0.0;0.0;0.0;0.0;0.0;0.0;0.0;0.0;0.0;0.0;0.0;0.0;0.0;0.0;0.0;0.0
Várzea Alegre;RIACHO VERDE;-6.87175;-39.370083333333;2008;6;0.0;0.0;0.0;0.0;0.0;0.0;0.0;0.0;0.0;0.0;0.0;0.0;0.0;0.0;0.0;0.0;0.0;0.0;0.0;0.0;0.0;0.0;0.0;0.0;0.0;0.0;0.0;0.0;0.0;0.0;0.0;888.0
Várzea Alegre;RIACHO VERDE;-6.87175;-39.370083333333;2008;7;0.0;0.0;0.0;0.0;0.0;0.0;0.0;0.0;0.0;0.0;0.0;0.0;0.0;0.0;0.0;0.0;0.0;0.0;0.0;0.0;0.0;0.0;0.0;0.0;0.0;0.0;0.0;0.0;0.0;0.0;0.0;0.0
Várzea Alegre;RIACHO VERDE;-6.87175;-39.370083333333;2008;8;0.0;0.0;0.0;0.0;0.0;0.0;0.0;0.0;0.0;0.0;0.0;0.0;0.0;0.0;0.0;0.0;0.0;0.0;0.0;0.0;0.0;0.0;0.0;0.0;0.0;0.0;0.0;0.0;0.0;0.0;0.0;0.0
Várzea Alegre;RIACHO VERDE;-6.87175;-39.370083333333;2008;9;0.0;0.0;0.0;0.0;0.0;0.0;0.0;0.0;0.0;0.0;0.0;0.0;0.0;0.0;0.0;0.0;0.0;0.0;0.0;0.0;0.0;0.0;0.0;0.0;0.0;0.0;0.0;0.0;0.0;0.0;0.0;888.0
Várzea Alegre;RIACHO VERDE;-6.87175;-39.370083333333;2008;10;0.0;0.0;0.0;0.0;0.0;0.0;0.0;0.0;0.0;0.0;0.0;0.0;0.0;0.0;0.0;0.0;0.0;0.0;0.0;0.0;0.0;0.0;0.0;0.0;0.0;0.0;0.0;0.0;0.0;0.0;0.0;0.0
Várzea Alegre;RIACHO VERDE;-6.87175;-39.370083333333;2008;11;0.0;0.0;0.0;0.0;0.0;0.0;0.0;0.0;0.0;0.0;0.0;0.0;0.0;0.0;0.0;0.0;0.0;0.0;0.0;0.0;0.0;0.0;0.0;0.0;0.0;0.0;0.0;0.0;0.0;0.0;0.0;888.0
Várzea Alegre;RIACHO VERDE;-6.87175;-39.370083333333;2008;12;117.0;0.0;0.0;0.0;0.0;0.0;0.0;0.0;0.0;0.0;0.0;0.0;0.0;0.0;0.0;0.0;0.0;0.0;0.0;0.0;38.0;79.0;0.0;0.0;0.0;0.0;0.0;0.0;0.0;0.0;0.0;0.0
Várzea Alegre;RIACHO VERDE;-6.87175;-39.370083333333;2009;1;110.0;0.0;0.0;0.0;0.0;0.0;0.0;0.0;0.0;0.0;0.0;18.0;0.0;0.0;0.0;0.0;0.0;0.0;22.0;0.0;0.0;0.0;17.0;46.0;0.0;0.0;0.0;0.0;0.0;7.0;0.0;0.0
Várzea Alegre;RIACHO VERDE;-6.87175;-39.370083333333;2009;2;182.0;0.0;0.0;0.0;0.0;0.0;10.0;0.0;0.0;0.0;0.0;0.0;38.0;0.0;0.0;0.0;0.0;0.0;0.0;51.0;14.0;0.0;0.0;26.0;30.0;0.0;5.0;8.0;999.0;888.0;888.0;888.0
Várzea Alegre;RIACHO VERDE;-6.87175;-39.370083333333;2009;3;124.0;11.0;18.0;27.0;28.0;0.0;0.0;0.0;8.0;0.0;0.0;0.0;0.0;0.0;0.0;0.0;18.0;0.0;0.0;14.0;0.0;0.0;0.0;0.0;0.0;0.0;0.0;0.0;0.0;0.0;0.0;0.0
Várzea Alegre;RIACHO VERDE;-6.87175;-39.370083333333;2009;4;367.0;19.0;0.0;16.0;17.0;18.0;0.0;0.0;0.0;0.0;11.0;16.0;43.0;33.0;0.0;25.0;0.0;0.0;0.0;0.0;0.0;0.0;30.0;73.0;20.0;0.0;0.0;0.0;18.0;28.0;0.0;888.0
Várzea Alegre;RIACHO VERDE;-6.87175;-39.370083333333;2009;5;272.0;142.0;15.0;0.0;0.0;0.0;0.0;0.0;34.0;19.0;37.0;0.0;0.0;0.0;0.0;0.0;0.0;0.0;0.0;0.0;0.0;0.0;25.0;0.0;0.0;0.0;0.0;0.0;0.0;0.0;0.0;0.0
Várzea Alegre;RIACHO VERDE;-6.87175;-39.370083333333;2009;6;0.0;0.0;0.0;0.0;0.0;0.0;0.0;0.0;0.0;0.0;0.0;0.0;0.0;0.0;0.0;0.0;0.0;0.0;0.0;0.0;0.0;0.0;0.0;0.0;0.0;0.0;0.0;0.0;0.0;0.0;0.0;888.0
Várzea Alegre;RIACHO VERDE;-6.87175;-39.370083333333;2009;7;0.0;0.0;0.0;0.0;0.0;0.0;0.0;0.0;0.0;0.0;0.0;0.0;0.0;0.0;0.0;0.0;0.0;0.0;0.0;0.0;0.0;0.0;0.0;0.0;0.0;0.0;0.0;0.0;0.0;0.0;0.0;0.0
Várzea Alegre;RIACHO VERDE;-6.87175;-39.370083333333;2009;8;0.0;0.0;0.0;0.0;0.0;0.0;0.0;0.0;0.0;0.0;0.0;0.0;0.0;0.0;0.0;0.0;0.0;0.0;0.0;0.0;0.0;0.0;0.0;0.0;0.0;0.0;0.0;0.0;0.0;0.0;0.0;0.0
Várzea Alegre;RIACHO VERDE;-6.87175;-39.370083333333;2009;9;0.0;0.0;0.0;0.0;0.0;0.0;0.0;0.0;0.0;0.0;0.0;0.0;0.0;0.0;0.0;0.0;0.0;0.0;0.0;0.0;0.0;0.0;0.0;0.0;0.0;0.0;0.0;0.0;0.0;0.0;0.0;888.0
Várzea Alegre;RIACHO VERDE;-6.87175;-39.370083333333;2009;10;0.0;0.0;0.0;0.0;0.0;0.0;0.0;0.0;0.0;0.0;0.0;0.0;0.0;0.0;0.0;0.0;0.0;0.0;0.0;0.0;0.0;0.0;0.0;0.0;0.0;0.0;0.0;0.0;0.0;0.0;0.0;0.0
Várzea Alegre;RIACHO VERDE;-6.87175;-39.370083333333;2009;11;0.0;0.0;0.0;0.0;0.0;0.0;0.0;0.0;0.0;0.0;0.0;0.0;0.0;0.0;0.0;0.0;0.0;0.0;0.0;0.0;0.0;0.0;0.0;0.0;0.0;0.0;0.0;0.0;0.0;0.0;0.0;888.0
Várzea Alegre;RIACHO VERDE;-6.87175;-39.370083333333;2009;12;0.0;0.0;0.0;0.0;0.0;0.0;0.0;0.0;0.0;0.0;0.0;0.0;0.0;0.0;0.0;0.0;0.0;0.0;0.0;0.0;0.0;0.0;0.0;0.0;0.0;0.0;0.0;0.0;0.0;0.0;0.0;0.0
Várzea Alegre;RIACHO VERDE;-6.87175;-39.370083333333;2010;1;146.0;19.0;0.0;22.0;0.0;0.0;0.0;0.0;0.0;0.0;36.0;0.0;0.0;0.0;0.0;14.0;0.0;0.0;0.0;19.0;0.0;0.0;0.0;0.0;0.0;0.0;0.0;23.0;0.0;13.0;0.0;0.0
Várzea Alegre;RIACHO VERDE;-6.87175;-39.370083333333;2010;2;0.0;0.0;999.0;999.0;999.0;999.0;999.0;999.0;999.0;999.0;999.0;999.0;999.0;999.0;999.0;999.0;999.0;999.0;999.0;999.0;999.0;999.0;999.0;999.0;999.0;999.0;999.0;999.0;999.0;888.0;888.0;888.0
Várzea Alegre;RIACHO VERDE;-6.87175;-39.370083333333;2012;3;0.0;0.0;999.0;999.0;999.0;999.0;999.0;999.0;999.0;999.0;999.0;999.0;999.0;999.0;999.0;999.0;999.0;999.0;999.0;999.0;999.0;999.0;999.0;999.0;999.0;999.0;999.0;999.0;999.0;999.0;999.0;999.0
Várzea Alegre;RIACHO VERDE;-6.87175;-39.370083333333;2013;1;50.0;0.0;0.0;0.0;0.0;0.0;0.0;0.0;0.0;20.0;0.0;0.0;0.0;0.0;0.0;0.0;0.0;0.0;5.0;0.0;0.0;7.0;18.0;0.0;0.0;0.0;0.0;0.0;0.0;0.0;0.0;0.0
Várzea Alegre;RIACHO VERDE;-6.87175;-39.370083333333;2013;2;91.0;0.0;0.0;0.0;0.0;0.0;0.0;14.0;0.0;0.0;0.0;0.0;0.0;4.0;4.0;12.0;8.0;29.0;20.0;0.0;0.0;0.0;0.0;0.0;0.0;0.0;0.0;0.0;0.0;888.0;888.0;888.0
Várzea Alegre;RIACHO VERDE;-6.87175;-39.370083333333;2013;3;93.0;0.0;0.0;0.0;0.0;0.0;0.0;0.0;0.0;0.0;0.0;0.0;0.0;0.0;0.0;0.0;0.0;0.0;0.0;24.0;22.0;0.0;0.0;0.0;0.0;19.0;0.0;0.0;28.0;0.0;0.0;0.0
Várzea Alegre;RIACHO VERDE;-6.87175;-39.370083333333;2013;4;60.0;0.0;0.0;23.0;0.0;0.0;0.0;0.0;12.0;0.0;0.0;0.0;0.0;0.0;0.0;0.0;0.0;0.0;0.0;0.0;0.0;0.0;0.0;0.0;0.0;25.0;0.0;0.0;0.0;0.0;0.0;888.0
Várzea Alegre;RIACHO VERDE;-6.87175;-39.370083333333;2013;5;73.0;0.0;0.0;0.0;0.0;0.0;0.0;0.0;0.0;0.0;38.0;0.0;0.0;0.0;0.0;0.0;0.0;0.0;0.0;0.0;0.0;0.0;0.0;0.0;0.0;0.0;35.0;0.0;0.0;0.0;0.0;0.0
Várzea Alegre;RIACHO VERDE;-6.87175;-39.370083333333;2013;6;0.0;0.0;0.0;0.0;0.0;0.0;0.0;0.0;0.0;0.0;0.0;0.0;0.0;0.0;0.0;0.0;0.0;0.0;0.0;0.0;0.0;0.0;0.0;0.0;0.0;0.0;0.0;0.0;0.0;0.0;0.0;888.0
Várzea Alegre;RIACHO VERDE;-6.87175;-39.370083333333;2013;7;0.0;0.0;0.0;0.0;0.0;0.0;0.0;0.0;0.0;0.0;0.0;0.0;0.0;0.0;0.0;0.0;0.0;0.0;0.0;0.0;0.0;0.0;0.0;0.0;0.0;0.0;0.0;0.0;0.0;0.0;0.0;0.0
Várzea Alegre;RIACHO VERDE;-6.87175;-39.370083333333;2013;8;0.0;0.0;0.0;0.0;0.0;0.0;0.0;0.0;0.0;0.0;0.0;0.0;0.0;0.0;0.0;0.0;0.0;0.0;0.0;0.0;0.0;0.0;0.0;0.0;0.0;0.0;0.0;0.0;0.0;0.0;0.0;0.0
Várzea Alegre;RIACHO VERDE;-6.87175;-39.370083333333;2013;9;0.0;0.0;0.0;0.0;0.0;0.0;0.0;0.0;0.0;0.0;0.0;0.0;0.0;0.0;0.0;0.0;0.0;0.0;0.0;0.0;0.0;0.0;0.0;0.0;0.0;0.0;0.0;0.0;0.0;0.0;0.0;888.0
Várzea Alegre;RIACHO VERDE;-6.87175;-39.370083333333;2013;10;0.0;0.0;0.0;0.0;0.0;0.0;0.0;0.0;0.0;0.0;0.0;0.0;0.0;0.0;0.0;0.0;0.0;0.0;0.0;0.0;0.0;0.0;0.0;0.0;0.0;0.0;0.0;0.0;0.0;0.0;0.0;0.0
Várzea Alegre;RIACHO VERDE;-6.87175;-39.370083333333;2013;11;0.0;0.0;0.0;0.0;0.0;0.0;0.0;0.0;0.0;0.0;0.0;0.0;0.0;0.0;0.0;0.0;0.0;0.0;0.0;0.0;0.0;0.0;0.0;0.0;0.0;0.0;0.0;0.0;0.0;0.0;0.0;888.0
Várzea Alegre;RIACHO VERDE;-6.87175;-39.370083333333;2013;12;0.0;0.0;0.0;0.0;0.0;0.0;0.0;0.0;0.0;0.0;0.0;0.0;0.0;0.0;0.0;0.0;0.0;0.0;0.0;0.0;0.0;0.0;0.0;0.0;0.0;0.0;0.0;0.0;0.0;0.0;0.0;0.0
Várzea Alegre;RIACHO VERDE;-6.87175;-39.370083333333;2014;1;71.0;0.0;0.0;0.0;0.0;0.0;0.0;0.0;0.0;0.0;0.0;0.0;0.0;0.0;0.0;10.0;0.0;0.0;0.0;0.0;35.0;10.0;0.0;0.0;0.0;0.0;0.0;11.0;0.0;0.0;5.0;0.0
Várzea Alegre;RIACHO VERDE;-6.87175;-39.370083333333;2014;2;433.0;0.0;0.0;0.0;53.0;0.0;0.0;0.0;0.0;51.0;47.0;87.0;20.0;35.0;30.0;0.0;20.0;60.0;0.0;20.0;0.0;10.0;0.0;0.0;0.0;0.0;0.0;0.0;0.0;888.0;888.0;888.0
Várzea Alegre;RIACHO VERDE;-6.87175;-39.370083333333;2014;3;155.0;0.0;0.0;0.0;0.0;25.0;0.0;0.0;0.0;0.0;0.0;30.0;0.0;0.0;0.0;0.0;27.0;0.0;0.0;23.0;0.0;0.0;0.0;0.0;0.0;0.0;0.0;0.0;0.0;0.0;0.0;50.0
Várzea Alegre;RIACHO VERDE;-6.87175;-39.370083333333;2014;4;231.0;0.0;22.0;0.0;43.0;40.0;0.0;0.0;0.0;0.0;22.0;14.0;50.0;0.0;0.0;0.0;0.0;0.0;0.0;0.0;0.0;0.0;0.0;40.0;0.0;0.0;0.0;0.0;0.0;0.0;0.0;888.0
Várzea Alegre;RIACHO VERDE;-6.87175;-39.370083333333;2014;5;67.0;35.0;0.0;0.0;0.0;0.0;0.0;0.0;0.0;0.0;0.0;0.0;5.0;0.0;0.0;0.0;0.0;0.0;0.0;0.0;0.0;0.0;0.0;0.0;0.0;0.0;0.0;0.0;0.0;27.0;0.0;0.0
Várzea Alegre;RIACHO VERDE;-6.87175;-39.370083333333;2014;6;0.0;0.0;0.0;0.0;0.0;0.0;0.0;0.0;0.0;0.0;0.0;0.0;0.0;0.0;0.0;0.0;0.0;0.0;0.0;0.0;0.0;0.0;0.0;0.0;0.0;0.0;0.0;0.0;0.0;0.0;0.0;888.0
Várzea Alegre;RIACHO VERDE;-6.87175;-39.370083333333;2014;7;0.0;0.0;0.0;0.0;0.0;0.0;0.0;0.0;0.0;0.0;0.0;0.0;0.0;0.0;0.0;0.0;0.0;0.0;0.0;0.0;0.0;0.0;0.0;0.0;0.0;0.0;0.0;0.0;0.0;0.0;0.0;0.0
Várzea Alegre;RIACHO VERDE;-6.87175;-39.370083333333;2014;8;0.0;0.0;0.0;0.0;0.0;0.0;0.0;0.0;0.0;0.0;0.0;0.0;0.0;0.0;0.0;0.0;0.0;0.0;0.0;0.0;0.0;0.0;0.0;0.0;0.0;0.0;0.0;0.0;0.0;0.0;0.0;0.0
Várzea Alegre;RIACHO VERDE;-6.87175;-39.370083333333;2014;9;0.0;0.0;0.0;0.0;0.0;0.0;0.0;0.0;0.0;0.0;0.0;0.0;0.0;0.0;0.0;0.0;0.0;0.0;0.0;0.0;0.0;0.0;0.0;0.0;0.0;0.0;0.0;0.0;0.0;0.0;0.0;888.0
Várzea Alegre;RIACHO VERDE;-6.87175;-39.370083333333;2014;10;0.0;0.0;0.0;0.0;0.0;0.0;0.0;0.0;0.0;0.0;0.0;0.0;0.0;0.0;0.0;0.0;0.0;0.0;0.0;0.0;0.0;0.0;0.0;0.0;0.0;0.0;0.0;0.0;0.0;0.0;0.0;0.0
Várzea Alegre;RIACHO VERDE;-6.87175;-39.370083333333;2014;11;70.0;0.0;0.0;0.0;0.0;0.0;0.0;0.0;0.0;0.0;0.0;0.0;0.0;0.0;0.0;0.0;0.0;0.0;0.0;0.0;55.0;0.0;0.0;0.0;0.0;0.0;15.0;0.0;0.0;0.0;0.0;888.0
Várzea Alegre;RIACHO VERDE;-6.87175;-39.370083333333;2014;12;31.0;0.0;0.0;0.0;4.0;20.0;0.0;0.0;0.0;0.0;0.0;0.0;0.0;0.0;0.0;0.0;0.0;0.0;0.0;0.0;7.0;0.0;0.0;0.0;0.0;0.0;0.0;0.0;0.0;0.0;0.0;0.0
Várzea Alegre;RIACHO VERDE;-6.87175;-39.370083333333;2015;1;27.0;0.0;0.0;0.0;0.0;0.0;0.0;18.0;5.0;0.0;0.0;0.0;0.0;0.0;0.0;0.0;0.0;0.0;0.0;4.0;0.0;0.0;0.0;0.0;0.0;0.0;0.0;0.0;0.0;0.0;0.0;0.0
Várzea Alegre;RIACHO VERDE;-6.87175;-39.370083333333;2015;2;54.0;0.0;0.0;0.0;0.0;6.0;0.0;0.0;0.0;0.0;0.0;0.0;0.0;0.0;18.0;0.0;0.0;0.0;0.0;0.0;0.0;0.0;0.0;6.0;14.0;10.0;0.0;0.0;0.0;888.0;888.0;888.0
Várzea Alegre;RIACHO VERDE;-6.87175;-39.370083333333;2015;3;173.0;10.0;15.0;8.0;0.0;0.0;25.0;5.0;0.0;25.0;15.0;0.0;0.0;0.0;0.0;13.0;0.0;0.0;0.0;0.0;10.0;0.0;0.0;15.0;12.0;0.0;0.0;0.0;0.0;20.0;0.0;0.0
Várzea Alegre;RIACHO VERDE;-6.87175;-39.370083333333;2015;4;63.0;0.0;0.0;0.0;18.0;0.0;0.0;0.0;0.0;0.0;0.0;0.0;0.0;0.0;0.0;0.0;0.0;0.0;0.0;0.0;0.0;0.0;0.0;45.0;0.0;0.0;0.0;0.0;0.0;0.0;0.0;888.0
Várzea Alegre;RIACHO VERDE;-6.87175;-39.370083333333;2015;5;91.0;0.0;0.0;0.0;40.0;0.0;0.0;0.0;0.0;22.0;0.0;0.0;0.0;0.0;0.0;0.0;0.0;0.0;0.0;0.0;0.0;14.0;0.0;0.0;0.0;0.0;0.0;15.0;0.0;0.0;0.0;0.0
Várzea Alegre;RIACHO VERDE;-6.87175;-39.370083333333;2015;6;20.0;0.0;0.0;0.0;0.0;0.0;0.0;0.0;20.0;0.0;0.0;0.0;0.0;0.0;0.0;0.0;0.0;0.0;0.0;0.0;0.0;0.0;0.0;0.0;0.0;0.0;0.0;0.0;0.0;0.0;0.0;888.0
Várzea Alegre;RIACHO VERDE;-6.87175;-39.370083333333;2015;7;0.0;0.0;0.0;0.0;0.0;0.0;0.0;0.0;0.0;0.0;0.0;0.0;0.0;0.0;0.0;0.0;0.0;0.0;0.0;0.0;0.0;0.0;0.0;0.0;0.0;0.0;0.0;0.0;0.0;0.0;0.0;0.0
Várzea Alegre;RIACHO VERDE;-6.87175;-39.370083333333;2015;8;0.0;0.0;0.0;0.0;0.0;0.0;0.0;0.0;0.0;0.0;0.0;0.0;0.0;0.0;0.0;0.0;0.0;0.0;0.0;0.0;0.0;0.0;0.0;0.0;0.0;0.0;0.0;0.0;0.0;0.0;0.0;0.0
Várzea Alegre;RIACHO VERDE;-6.87175;-39.370083333333;2015;9;0.0;0.0;0.0;0.0;0.0;0.0;0.0;0.0;0.0;0.0;0.0;0.0;0.0;0.0;0.0;0.0;0.0;0.0;0.0;0.0;0.0;0.0;0.0;0.0;0.0;0.0;0.0;0.0;0.0;0.0;0.0;888.0
Várzea Alegre;RIACHO VERDE;-6.87175;-39.370083333333;2015;10;0.0;0.0;0.0;0.0;0.0;0.0;0.0;0.0;0.0;0.0;0.0;0.0;0.0;0.0;0.0;0.0;0.0;0.0;0.0;0.0;0.0;0.0;0.0;0.0;0.0;0.0;0.0;0.0;0.0;0.0;0.0;0.0
Várzea Alegre;RIACHO VERDE;-6.87175;-39.370083333333;2015;11;0.0;0.0;0.0;0.0;0.0;0.0;0.0;0.0;0.0;0.0;0.0;0.0;0.0;0.0;0.0;0.0;0.0;0.0;0.0;0.0;0.0;0.0;0.0;0.0;0.0;0.0;0.0;0.0;0.0;0.0;0.0;888.0
Várzea Alegre;RIACHO VERDE;-6.87175;-39.370083333333;2015;12;11.0;0.0;0.0;0.0;0.0;0.0;0.0;0.0;0.0;0.0;0.0;0.0;0.0;0.0;0.0;0.0;0.0;0.0;0.0;0.0;11.0;0.0;0.0;0.0;0.0;0.0;0.0;0.0;0.0;0.0;0.0;0.0
Várzea Alegre;RIACHO VERDE;-6.87175;-39.370083333333;2016;1;262.0;0.0;0.0;0.0;0.0;0.0;0.0;55.0;35.0;0.0;0.0;0.0;0.0;0.0;8.0;0.0;0.0;0.0;7.0;0.0;0.0;31.0;33.0;0.0;22.0;0.0;71.0;0.0;0.0;0.0;0.0;0.0
Várzea Alegre;RIACHO VERDE;-6.87175;-39.370083333333;2016;2;24.0;5.0;10.0;0.0;0.0;0.0;0.0;0.0;0.0;0.0;0.0;0.0;0.0;0.0;0.0;0.0;0.0;0.0;0.0;0.0;4.0;0.0;0.0;0.0;5.0;0.0;0.0;0.0;0.0;0.0;888.0;888.0
Várzea Alegre;RIACHO VERDE;-6.87175;-39.370083333333;2016;3;316.0;0.0;0.0;0.0;0.0;0.0;0.0;0.0;2.0;0.0;0.0;27.0;42.0;0.0;15.0;0.0;0.0;32.0;45.0;6.0;11.0;0.0;20.0;0.0;0.0;0.0;0.0;31.0;0.0;0.0;85.0;0.0
Várzea Alegre;RIACHO VERDE;-6.87175;-39.370083333333;2016;4;44.0;0.0;0.0;0.0;24.0;0.0;0.0;0.0;0.0;0.0;0.0;0.0;0.0;0.0;0.0;0.0;0.0;15.0;0.0;5.0;0.0;0.0;0.0;0.0;0.0;0.0;0.0;0.0;0.0;0.0;0.0;888.0
Várzea Alegre;RIACHO VERDE;-6.87175;-39.370083333333;2016;5;60.0;0.0;60.0;0.0;0.0;0.0;0.0;0.0;0.0;0.0;0.0;0.0;0.0;0.0;0.0;0.0;0.0;0.0;0.0;0.0;0.0;0.0;0.0;0.0;0.0;0.0;0.0;0.0;0.0;0.0;0.0;0.0
Várzea Alegre;RIACHO VERDE;-6.87175;-39.370083333333;2016;6;0.0;0.0;0.0;0.0;0.0;0.0;0.0;0.0;0.0;0.0;0.0;0.0;0.0;0.0;0.0;0.0;0.0;0.0;0.0;0.0;0.0;0.0;0.0;0.0;0.0;0.0;0.0;0.0;0.0;0.0;0.0;888.0
Várzea Alegre;RIACHO VERDE;-6.87175;-39.370083333333;2016;7;0.0;0.0;0.0;0.0;0.0;0.0;0.0;0.0;0.0;0.0;0.0;0.0;0.0;0.0;0.0;0.0;0.0;0.0;0.0;0.0;0.0;0.0;0.0;0.0;0.0;0.0;0.0;0.0;0.0;0.0;0.0;0.0
Várzea Alegre;RIACHO VERDE;-6.87175;-39.370083333333;2016;8;0.0;0.0;0.0;0.0;0.0;0.0;0.0;0.0;0.0;0.0;0.0;0.0;0.0;0.0;0.0;0.0;0.0;0.0;0.0;0.0;0.0;0.0;0.0;0.0;0.0;0.0;0.0;0.0;0.0;0.0;0.0;0.0
Várzea Alegre;RIACHO VERDE;-6.87175;-39.370083333333;2016;9;0.0;0.0;0.0;0.0;0.0;0.0;0.0;0.0;0.0;0.0;0.0;0.0;0.0;0.0;0.0;0.0;0.0;0.0;0.0;0.0;0.0;0.0;0.0;0.0;0.0;0.0;0.0;0.0;0.0;0.0;0.0;888.0
Várzea Alegre;RIACHO VERDE;-6.87175;-39.370083333333;2016;10;0.0;0.0;0.0;0.0;0.0;0.0;0.0;0.0;0.0;0.0;0.0;0.0;0.0;0.0;0.0;0.0;0.0;0.0;0.0;0.0;0.0;0.0;0.0;0.0;0.0;0.0;0.0;0.0;0.0;0.0;0.0;0.0
Várzea Alegre;RIACHO VERDE;-6.87175;-39.370083333333;2016;11;0.0;0.0;0.0;0.0;0.0;0.0;0.0;0.0;0.0;0.0;0.0;0.0;0.0;0.0;0.0;0.0;0.0;0.0;0.0;0.0;0.0;0.0;0.0;0.0;0.0;0.0;0.0;0.0;0.0;0.0;0.0;888.0
Várzea Alegre;RIACHO VERDE;-6.87175;-39.370083333333;2016;12;83.0;0.0;0.0;0.0;0.0;0.0;0.0;0.0;0.0;0.0;0.0;0.0;0.0;0.0;31.0;0.0;23.0;0.0;0.0;12.0;0.0;0.0;0.0;0.0;0.0;9.0;0.0;0.0;0.0;8.0;0.0;0.0
Várzea Alegre;RIACHO VERDE;-6.87175;-39.370083333333;2017;1;176.0;0.0;0.0;0.0;0.0;0.0;0.0;0.0;0.0;0.0;4.0;5.0;0.0;0.0;0.0;4.0;0.0;100.0;6.0;0.0;0.0;0.0;0.0;0.0;22.0;0.0;30.0;0.0;0.0;0.0;0.0;5.0
Várzea Alegre;RIACHO VERDE;-6.87175;-39.370083333333;2017;2;124.0;3.0;0.0;0.0;0.0;0.0;0.0;0.0;0.0;0.0;0.0;0.0;68.0;0.0;0.0;0.0;0.0;0.0;20.0;0.0;7.0;0.0;0.0;0.0;0.0;11.0;0.0;0.0;15.0;888.0;888.0;888.0
Várzea Alegre;RIACHO VERDE;-6.87175;-39.370083333333;2017;3;194.0;0.0;13.0;6.0;34.0;21.0;0.0;4.0;0.0;3.0;15.0;0.0;21.0;8.0;0.0;21.0;13.0;11.0;0.0;0.0;0.0;0.0;6.0;0.0;14.0;4.0;0.0;999.0;999.0;999.0;999.0;999.0
Várzea Alegre;RIACHO VERDE;-6.87175;-39.370083333333;2017;4;105.0;0.0;0.0;10.0;0.0;0.0;22.0;0.0;0.0;0.0;0.0;0.0;0.0;32.0;10.0;0.0;0.0;0.0;0.0;0.0;0.0;0.0;0.0;15.0;0.0;0.0;0.0;0.0;16.0;0.0;0.0;888.0
Várzea Alegre;RIACHO VERDE;-6.87175;-39.370083333333;2017;5;87.0;0.0;0.0;0.0;0.0;0.0;0.0;0.0;0.0;0.0;15.0;0.0;0.0;0.0;0.0;0.0;0.0;0.0;0.0;57.0;15.0;0.0;0.0;0.0;0.0;0.0;0.0;0.0;0.0;0.0;0.0;0.0
Várzea Alegre;RIACHO VERDE;-6.87175;-39.370083333333;2017;6;27.0;0.0;0.0;0.0;0.0;0.0;0.0;0.0;0.0;0.0;0.0;27.0;0.0;0.0;0.0;0.0;0.0;0.0;0.0;0.0;0.0;0.0;0.0;0.0;0.0;0.0;0.0;0.0;0.0;0.0;0.0;888.0
Várzea Alegre;RIACHO VERDE;-6.87175;-39.370083333333;2017;7;0.0;0.0;0.0;0.0;0.0;0.0;0.0;0.0;0.0;0.0;0.0;0.0;0.0;0.0;0.0;0.0;0.0;0.0;0.0;0.0;0.0;0.0;0.0;0.0;0.0;0.0;0.0;0.0;0.0;0.0;0.0;0.0
Várzea Alegre;RIACHO VERDE;-6.87175;-39.370083333333;2017;8;0.0;0.0;0.0;0.0;0.0;0.0;0.0;0.0;0.0;0.0;0.0;0.0;0.0;0.0;0.0;0.0;0.0;0.0;0.0;0.0;0.0;0.0;0.0;0.0;0.0;0.0;0.0;0.0;0.0;0.0;0.0;0.0
Várzea Alegre;RIACHO VERDE;-6.87175;-39.370083333333;2017;9;0.0;0.0;0.0;0.0;0.0;0.0;0.0;0.0;0.0;0.0;0.0;0.0;0.0;0.0;0.0;0.0;0.0;0.0;0.0;0.0;0.0;0.0;0.0;0.0;0.0;0.0;0.0;0.0;0.0;0.0;0.0;888.0
Várzea Alegre;RIACHO VERDE;-6.87175;-39.370083333333;2017;10;0.0;0.0;0.0;0.0;0.0;0.0;0.0;0.0;0.0;0.0;0.0;0.0;0.0;0.0;0.0;0.0;0.0;0.0;0.0;0.0;0.0;0.0;0.0;0.0;0.0;0.0;0.0;0.0;0.0;0.0;0.0;0.0
Várzea Alegre;RIACHO VERDE;-6.87175;-39.370083333333;2017;11;0.0;0.0;0.0;0.0;0.0;0.0;0.0;0.0;0.0;0.0;0.0;0.0;0.0;0.0;0.0;0.0;0.0;0.0;0.0;0.0;0.0;0.0;0.0;0.0;0.0;0.0;0.0;0.0;0.0;0.0;0.0;888.0
Várzea Alegre;RIACHO VERDE;-6.87175;-39.370083333333;2017;12;29.0;0.0;0.0;0.0;0.0;0.0;0.0;0.0;0.0;0.0;0.0;0.0;0.0;0.0;0.0;0.0;0.0;0.0;0.0;0.0;0.0;2.0;0.0;0.0;25.0;0.0;0.0;0.0;0.0;2.0;0.0;0.0
Várzea Alegre;RIACHO VERDE;-6.87175;-39.370083333333;2018;1;130.0;0.0;0.0;0.0;0.0;0.0;0.0;0.0;0.0;2.0;0.0;16.0;5.0;0.0;0.0;0.0;0.0;0.0;0.0;0.0;13.0;0.0;0.0;0.0;16.0;0.0;0.0;78.0;0.0;0.0;0.0;0.0
Várzea Alegre;RIACHO VERDE;-6.87175;-39.370083333333;2018;2;317.0;0.0;0.0;0.0;0.0;0.0;0.0;8.0;46.0;0.0;0.0;28.0;0.0;0.0;31.0;8.0;0.0;15.0;41.0;8.0;28.0;0.0;0.0;0.0;26.0;0.0;58.0;0.0;20.0;888.0;888.0;888.0
Várzea Alegre;RIACHO VERDE;-6.87175;-39.370083333333;2018;3;106.0;0.0;10.0;0.0;0.0;0.0;0.0;0.0;0.0;0.0;0.0;0.0;0.0;0.0;0.0;0.0;0.0;0.0;0.0;13.0;0.0;0.0;0.0;0.0;0.0;0.0;19.0;0.0;0.0;30.0;34.0;0.0
Várzea Alegre;RIACHO VERDE;-6.87175;-39.370083333333;2018;4;295.0;12.0;114.0;0.0;0.0;44.0;36.0;0.0;0.0;0.0;29.0;0.0;0.0;22.0;0.0;38.0;0.0;0.0;0.0;0.0;0.0;0.0;0.0;0.0;0.0;0.0;0.0;0.0;0.0;0.0;0.0;888.0
Várzea Alegre;RIACHO VERDE;-6.87175;-39.370083333333;2018;5;70.0;48.0;0.0;0.0;0.0;0.0;0.0;0.0;0.0;0.0;0.0;0.0;0.0;0.0;0.0;0.0;22.0;0.0;0.0;0.0;0.0;0.0;0.0;0.0;0.0;0.0;0.0;0.0;0.0;0.0;0.0;0.0
Várzea Alegre;RIACHO VERDE;-6.87175;-39.370083333333;2018;6;23.0;0.0;0.0;0.0;0.0;0.0;0.0;0.0;0.0;23.0;0.0;0.0;0.0;0.0;0.0;0.0;0.0;0.0;0.0;0.0;0.0;0.0;0.0;0.0;0.0;0.0;0.0;0.0;0.0;0.0;0.0;888.0
Várzea Alegre;RIACHO VERDE;-6.87175;-39.370083333333;2018;7;0.0;0.0;0.0;0.0;0.0;0.0;0.0;0.0;0.0;0.0;0.0;0.0;0.0;0.0;0.0;0.0;0.0;0.0;0.0;0.0;0.0;0.0;0.0;0.0;0.0;0.0;0.0;0.0;0.0;0.0;0.0;0.0
Várzea Alegre;RIACHO VERDE;-6.87175;-39.370083333333;2018;8;7.0;0.0;7.0;0.0;0.0;0.0;0.0;0.0;0.0;0.0;0.0;0.0;0.0;0.0;0.0;0.0;0.0;0.0;0.0;0.0;0.0;0.0;0.0;999.0;999.0;999.0;999.0;999.0;999.0;999.0;999.0;999.0
