Municipios;Postos;Latitude;Longitude;Anos;Meses;Total;Dia1;Dia2;Dia3;Dia4;Dia5;Dia6;Dia7;Dia8;Dia9;Dia10;Dia11;Dia12;Dia13;Dia14;Dia15;Dia16;Dia17;Dia18;Dia19;Dia20;Dia21;Dia22;Dia23;Dia24;Dia25;Dia26;Dia27;Dia28;Dia29;Dia30;Dia31
Madalena;MACAOCA;-4.7558888888889;-39.478833333333;1998;7;0.0;0.0;0.0;0.0;0.0;0.0;0.0;0.0;0.0;0.0;0.0;0.0;0.0;0.0;0.0;0.0;0.0;0.0;0.0;0.0;0.0;0.0;0.0;0.0;0.0;0.0;0.0;0.0;0.0;0.0;0.0;0.0
Madalena;MACAOCA;-4.7558888888889;-39.478833333333;1998;8;0.0;0.0;0.0;0.0;0.0;0.0;0.0;0.0;0.0;0.0;0.0;0.0;0.0;0.0;0.0;0.0;0.0;0.0;0.0;0.0;0.0;0.0;0.0;0.0;0.0;0.0;0.0;0.0;0.0;0.0;0.0;0.0
Madalena;MACAOCA;-4.7558888888889;-39.478833333333;1998;9;0.0;0.0;0.0;0.0;0.0;0.0;0.0;0.0;0.0;0.0;0.0;0.0;0.0;0.0;0.0;0.0;0.0;0.0;0.0;0.0;0.0;0.0;0.0;0.0;0.0;0.0;0.0;0.0;0.0;0.0;0.0;888.0
Madalena;MACAOCA;-4.7558888888889;-39.478833333333;1998;10;0.0;0.0;0.0;0.0;0.0;0.0;0.0;0.0;0.0;0.0;0.0;0.0;0.0;0.0;0.0;0.0;0.0;0.0;0.0;0.0;0.0;0.0;0.0;0.0;0.0;0.0;0.0;0.0;0.0;0.0;0.0;0.0
Madalena;MACAOCA;-4.7558888888889;-39.478833333333;1998;11;0.0;0.0;0.0;0.0;0.0;0.0;0.0;0.0;0.0;0.0;0.0;0.0;0.0;0.0;0.0;0.0;0.0;0.0;0.0;0.0;0.0;0.0;0.0;0.0;0.0;0.0;0.0;0.0;0.0;0.0;0.0;888.0
Madalena;MACAOCA;-4.7558888888889;-39.478833333333;1998;12;0.0;0.0;0.0;0.0;0.0;0.0;0.0;0.0;0.0;0.0;0.0;0.0;0.0;0.0;0.0;0.0;0.0;0.0;0.0;0.0;0.0;0.0;0.0;0.0;0.0;0.0;0.0;0.0;0.0;0.0;0.0;0.0
Madalena;MACAOCA;-4.7558888888889;-39.478833333333;1999;1;13.1;0.0;0.0;0.0;0.0;0.0;0.0;0.0;0.0;0.0;0.0;0.0;0.0;0.0;0.0;0.0;0.0;0.0;0.0;0.0;10.2;0.0;0.0;2.9;0.0;0.0;0.0;0.0;0.0;0.0;0.0;0.0
Madalena;MACAOCA;-4.7558888888889;-39.478833333333;1999;2;68.4;0.0;0.0;0.0;0.0;0.0;2.4;0.0;8.0;0.0;0.0;0.0;0.0;0.0;0.0;0.0;0.0;0.0;0.0;0.0;0.0;0.0;24.0;0.0;26.0;0.0;0.0;0.0;8.0;888.0;888.0;888.0
Madalena;MACAOCA;-4.7558888888889;-39.478833333333;1999;3;74.3;0.0;0.0;0.0;0.0;0.0;0.0;0.0;0.0;0.0;0.0;0.0;0.0;0.0;5.5;6.7;19.0;0.0;23.0;13.5;0.0;0.0;6.6;0.0;0.0;0.0;0.0;0.0;0.0;0.0;0.0;0.0
Madalena;MACAOCA;-4.7558888888889;-39.478833333333;1999;4;108.8;0.0;0.0;0.0;0.0;0.0;10.0;0.0;0.0;0.0;0.0;0.0;0.0;15.0;33.0;0.0;6.0;0.0;0.0;0.0;0.0;0.0;0.0;0.0;17.6;0.0;0.0;16.2;4.2;4.5;2.3;888.0
Madalena;MACAOCA;-4.7558888888889;-39.478833333333;1999;5;104.9;0.0;0.0;0.0;0.0;0.0;8.9;8.4;0.0;0.0;0.0;0.0;64.0;0.0;0.0;8.6;0.0;0.0;0.0;0.0;0.0;0.0;15.0;0.0;0.0;0.0;0.0;0.0;0.0;0.0;0.0;0.0
Madalena;MACAOCA;-4.7558888888889;-39.478833333333;1999;6;0.0;0.0;0.0;0.0;0.0;0.0;0.0;0.0;0.0;0.0;0.0;0.0;0.0;0.0;0.0;0.0;0.0;0.0;0.0;0.0;0.0;0.0;0.0;0.0;0.0;0.0;0.0;0.0;0.0;0.0;0.0;888.0
Madalena;MACAOCA;-4.7558888888889;-39.478833333333;1999;7;0.0;0.0;0.0;0.0;0.0;0.0;0.0;0.0;0.0;0.0;0.0;0.0;0.0;0.0;0.0;0.0;0.0;0.0;0.0;0.0;0.0;0.0;0.0;0.0;0.0;0.0;0.0;0.0;0.0;0.0;0.0;0.0
Madalena;MACAOCA;-4.7558888888889;-39.478833333333;1999;8;0.0;0.0;0.0;0.0;0.0;0.0;0.0;0.0;0.0;0.0;0.0;0.0;0.0;0.0;0.0;0.0;0.0;0.0;0.0;0.0;0.0;0.0;0.0;0.0;0.0;0.0;0.0;0.0;0.0;0.0;0.0;0.0
Madalena;MACAOCA;-4.7558888888889;-39.478833333333;1999;9;0.0;0.0;0.0;0.0;0.0;0.0;0.0;0.0;0.0;0.0;0.0;0.0;0.0;0.0;0.0;0.0;0.0;0.0;0.0;0.0;0.0;0.0;0.0;0.0;0.0;0.0;0.0;0.0;0.0;0.0;0.0;888.0
Madalena;MACAOCA;-4.7558888888889;-39.478833333333;1999;10;0.0;0.0;0.0;0.0;0.0;0.0;0.0;0.0;0.0;0.0;0.0;0.0;0.0;0.0;0.0;0.0;0.0;0.0;0.0;0.0;0.0;0.0;0.0;0.0;0.0;0.0;0.0;0.0;0.0;0.0;0.0;0.0
Madalena;MACAOCA;-4.7558888888889;-39.478833333333;1999;11;0.0;0.0;0.0;0.0;0.0;0.0;0.0;0.0;0.0;0.0;0.0;0.0;0.0;0.0;0.0;0.0;0.0;0.0;0.0;0.0;0.0;0.0;0.0;0.0;0.0;0.0;0.0;0.0;0.0;0.0;0.0;888.0
Madalena;MACAOCA;-4.7558888888889;-39.478833333333;1999;12;17.0;0.0;0.0;0.0;0.0;0.0;0.0;0.0;0.0;0.0;0.0;0.0;0.0;0.0;0.0;0.0;0.0;0.0;0.0;0.0;0.0;0.0;0.0;17.0;0.0;0.0;0.0;0.0;0.0;0.0;0.0;0.0
Madalena;MACAOCA;-4.7558888888889;-39.478833333333;2000;1;85.2;0.0;0.0;0.0;0.0;0.0;0.0;0.0;0.0;3.0;35.0;0.0;0.0;0.0;0.0;0.0;7.0;40.2;0.0;0.0;0.0;0.0;0.0;0.0;0.0;0.0;0.0;0.0;0.0;0.0;0.0;0.0
Madalena;MACAOCA;-4.7558888888889;-39.478833333333;2000;2;178.5;0.0;0.0;0.0;0.0;0.0;0.0;0.0;0.0;0.0;0.0;0.0;0.0;0.0;0.0;33.0;0.0;0.0;35.0;0.0;5.6;0.0;54.0;11.0;14.5;16.0;0.0;9.4;0.0;0.0;888.0;888.0
Madalena;MACAOCA;-4.7558888888889;-39.478833333333;2000;3;138.7;0.0;27.0;0.0;0.0;0.0;0.0;0.0;0.0;5.5;0.0;6.8;0.0;0.0;0.0;0.0;0.0;0.0;0.0;0.0;0.0;0.0;0.0;0.0;0.0;0.0;49.0;4.2;0.0;24.2;0.0;22.0
Madalena;MACAOCA;-4.7558888888889;-39.478833333333;2000;4;195.2;7.4;0.0;0.0;0.0;0.0;0.0;0.0;0.0;0.0;0.0;15.2;0.0;0.0;28.8;0.0;72.0;0.0;0.0;0.0;10.6;0.0;0.0;0.0;0.0;15.4;0.0;37.8;0.0;0.0;8.0;888.0
Madalena;MACAOCA;-4.7558888888889;-39.478833333333;2000;5;44.5;0.0;0.0;0.0;3.5;0.0;0.0;0.0;0.0;0.0;0.0;0.0;0.0;9.0;0.0;0.0;0.0;15.0;17.0;0.0;0.0;0.0;0.0;0.0;0.0;0.0;0.0;0.0;0.0;0.0;0.0;0.0
Madalena;MACAOCA;-4.7558888888889;-39.478833333333;2000;6;110.2;0.0;0.0;0.0;0.0;0.0;0.0;0.0;10.6;9.6;29.4;0.0;9.4;0.0;0.0;0.0;14.2;37.0;0.0;0.0;0.0;0.0;0.0;0.0;0.0;0.0;0.0;0.0;0.0;0.0;0.0;888.0
Madalena;MACAOCA;-4.7558888888889;-39.478833333333;2000;7;95.8;0.0;0.0;0.0;0.0;0.0;0.0;0.0;0.0;10.0;0.0;12.2;6.4;0.0;0.0;37.2;0.0;0.0;0.0;0.0;0.0;0.0;0.0;0.0;0.0;0.0;0.0;0.0;0.0;30.0;0.0;0.0
Madalena;MACAOCA;-4.7558888888889;-39.478833333333;2000;8;42.8;0.0;19.0;0.0;0.0;0.0;0.0;0.0;11.2;12.6;0.0;0.0;0.0;0.0;0.0;0.0;0.0;0.0;0.0;0.0;0.0;0.0;0.0;0.0;0.0;0.0;0.0;0.0;0.0;0.0;0.0;0.0
Madalena;MACAOCA;-4.7558888888889;-39.478833333333;2000;9;0.0;0.0;0.0;0.0;0.0;0.0;0.0;0.0;0.0;0.0;0.0;0.0;0.0;0.0;0.0;0.0;0.0;0.0;0.0;0.0;0.0;0.0;0.0;0.0;0.0;0.0;0.0;0.0;0.0;0.0;0.0;888.0
Madalena;MACAOCA;-4.7558888888889;-39.478833333333;2000;10;0.0;0.0;0.0;0.0;0.0;0.0;0.0;0.0;0.0;0.0;0.0;0.0;0.0;0.0;0.0;0.0;0.0;0.0;0.0;0.0;0.0;0.0;0.0;0.0;0.0;0.0;0.0;0.0;0.0;0.0;0.0;0.0
Madalena;MACAOCA;-4.7558888888889;-39.478833333333;2000;11;0.0;0.0;0.0;0.0;0.0;0.0;0.0;0.0;0.0;0.0;0.0;0.0;0.0;0.0;0.0;0.0;0.0;0.0;0.0;0.0;0.0;0.0;0.0;0.0;0.0;0.0;0.0;0.0;0.0;0.0;0.0;888.0
Madalena;MACAOCA;-4.7558888888889;-39.478833333333;2000;12;42.2;0.0;0.0;0.0;0.0;0.0;0.0;0.0;0.0;0.0;0.0;0.0;0.0;0.0;0.0;27.0;15.2;0.0;0.0;0.0;0.0;0.0;0.0;0.0;0.0;0.0;0.0;0.0;0.0;0.0;0.0;0.0
Madalena;MACAOCA;-4.7558888888889;-39.478833333333;2001;1;0.0;0.0;0.0;0.0;0.0;0.0;0.0;0.0;0.0;0.0;0.0;0.0;0.0;0.0;0.0;0.0;0.0;0.0;0.0;0.0;0.0;0.0;0.0;0.0;0.0;0.0;0.0;0.0;0.0;0.0;0.0;0.0
Madalena;MACAOCA;-4.7558888888889;-39.478833333333;2001;2;5.6;0.0;0.0;0.0;0.0;0.0;0.0;0.0;0.0;0.0;0.0;0.0;0.0;0.0;0.0;0.0;0.0;0.0;0.0;0.0;0.0;0.0;0.0;0.0;0.0;0.0;0.0;0.0;5.6;888.0;888.0;888.0
Madalena;MACAOCA;-4.7558888888889;-39.478833333333;2001;3;52.4;7.0;15.8;0.0;0.0;0.0;0.0;0.0;0.0;0.0;0.0;0.0;0.0;4.7;5.3;4.6;0.0;0.0;0.0;0.0;0.0;0.0;0.0;0.0;0.0;0.0;0.0;0.0;0.0;0.0;9.0;6.0
Madalena;MACAOCA;-4.7558888888889;-39.478833333333;2001;4;183.1;2.0;0.0;16.2;10.0;0.0;0.0;0.0;0.0;0.0;0.0;18.0;0.0;0.0;0.0;0.0;0.0;0.0;0.0;48.0;49.8;4.8;12.7;0.0;0.0;0.0;0.0;0.0;21.6;0.0;0.0;888.0
Madalena;MACAOCA;-4.7558888888889;-39.478833333333;2001;5;0.0;0.0;0.0;0.0;0.0;0.0;0.0;0.0;0.0;0.0;0.0;0.0;0.0;0.0;0.0;0.0;0.0;0.0;0.0;0.0;0.0;0.0;0.0;0.0;0.0;0.0;0.0;0.0;0.0;0.0;0.0;0.0
Madalena;MACAOCA;-4.7558888888889;-39.478833333333;2001;6;46.6;0.0;18.6;0.0;0.0;0.0;0.0;0.0;0.0;17.0;0.0;11.0;0.0;0.0;0.0;0.0;0.0;0.0;0.0;0.0;0.0;0.0;0.0;0.0;0.0;0.0;0.0;0.0;0.0;0.0;0.0;888.0
Madalena;MACAOCA;-4.7558888888889;-39.478833333333;2001;7;0.0;0.0;0.0;0.0;0.0;0.0;0.0;0.0;0.0;0.0;0.0;0.0;0.0;0.0;0.0;0.0;0.0;0.0;0.0;0.0;0.0;0.0;0.0;0.0;0.0;0.0;0.0;0.0;0.0;0.0;0.0;0.0
Madalena;MACAOCA;-4.7558888888889;-39.478833333333;2001;8;0.0;0.0;0.0;0.0;0.0;0.0;0.0;0.0;0.0;0.0;0.0;0.0;0.0;0.0;0.0;0.0;0.0;0.0;0.0;0.0;0.0;0.0;0.0;0.0;0.0;0.0;0.0;0.0;0.0;0.0;0.0;0.0
Madalena;MACAOCA;-4.7558888888889;-39.478833333333;2001;9;0.0;0.0;0.0;0.0;0.0;0.0;0.0;0.0;0.0;0.0;0.0;0.0;0.0;0.0;0.0;0.0;0.0;0.0;0.0;0.0;0.0;0.0;0.0;0.0;0.0;0.0;0.0;0.0;0.0;0.0;0.0;888.0
Madalena;MACAOCA;-4.7558888888889;-39.478833333333;2001;10;6.0;0.0;0.0;0.0;0.0;0.0;0.0;0.0;0.0;0.0;0.0;0.0;0.0;6.0;0.0;0.0;0.0;0.0;0.0;0.0;0.0;0.0;0.0;0.0;0.0;0.0;0.0;0.0;0.0;0.0;0.0;0.0
Madalena;MACAOCA;-4.7558888888889;-39.478833333333;2001;11;0.0;0.0;0.0;0.0;0.0;0.0;0.0;0.0;0.0;0.0;0.0;0.0;0.0;0.0;0.0;0.0;0.0;0.0;0.0;0.0;0.0;0.0;0.0;0.0;0.0;0.0;0.0;0.0;0.0;0.0;0.0;888.0
Madalena;MACAOCA;-4.7558888888889;-39.478833333333;2001;12;0.0;0.0;0.0;0.0;0.0;0.0;0.0;0.0;0.0;0.0;0.0;0.0;0.0;0.0;0.0;0.0;0.0;0.0;0.0;0.0;0.0;0.0;0.0;0.0;0.0;0.0;0.0;0.0;0.0;0.0;0.0;0.0
Madalena;MACAOCA;-4.7558888888889;-39.478833333333;2002;1;227.8;0.0;0.0;0.0;0.0;0.0;0.0;42.0;46.2;45.0;0.0;0.0;0.0;0.0;0.0;0.0;14.4;0.0;0.0;0.0;8.6;0.0;0.0;0.0;0.0;0.0;0.0;11.4;0.0;60.2;0.0;0.0
Madalena;MACAOCA;-4.7558888888889;-39.478833333333;2002;2;11.6;11.6;0.0;0.0;0.0;0.0;0.0;0.0;0.0;0.0;0.0;0.0;0.0;0.0;0.0;0.0;0.0;0.0;0.0;0.0;0.0;0.0;0.0;0.0;0.0;0.0;0.0;0.0;0.0;888.0;888.0;888.0
Madalena;MACAOCA;-4.7558888888889;-39.478833333333;2002;3;166.8;0.0;0.0;0.0;48.0;28.2;21.0;0.0;20.8;0.0;0.0;0.0;0.0;0.0;0.0;0.0;0.0;0.0;29.0;0.0;0.0;0.0;0.0;0.0;0.0;0.0;0.0;0.0;19.8;0.0;0.0;0.0
Madalena;MACAOCA;-4.7558888888889;-39.478833333333;2002;4;151.0;0.0;0.0;0.0;0.0;0.0;10.6;4.8;12.2;0.0;7.8;12.2;0.0;24.0;0.0;0.0;0.0;0.0;0.0;0.0;0.0;0.0;23.0;0.0;7.8;0.0;9.0;18.6;0.0;21.0;0.0;888.0
Madalena;MACAOCA;-4.7558888888889;-39.478833333333;2002;5;48.4;0.0;0.0;0.0;0.0;0.0;0.0;0.0;18.0;0.0;0.0;10.2;9.6;0.0;0.0;0.0;0.0;0.0;0.0;0.0;0.0;0.0;0.0;0.0;0.0;10.6;0.0;0.0;0.0;0.0;0.0;0.0
Madalena;MACAOCA;-4.7558888888889;-39.478833333333;2002;6;32.4;0.0;0.0;0.0;0.0;0.0;0.0;0.0;0.0;0.0;0.0;0.0;0.0;0.0;0.0;0.0;18.0;0.0;0.0;0.0;14.4;0.0;0.0;0.0;0.0;0.0;0.0;0.0;0.0;0.0;0.0;888.0
Madalena;MACAOCA;-4.7558888888889;-39.478833333333;2002;7;13.6;13.6;0.0;0.0;0.0;0.0;0.0;0.0;0.0;0.0;0.0;0.0;0.0;0.0;0.0;0.0;0.0;0.0;0.0;0.0;0.0;0.0;0.0;0.0;0.0;0.0;0.0;0.0;0.0;0.0;0.0;0.0
Madalena;MACAOCA;-4.7558888888889;-39.478833333333;2002;8;0.0;0.0;0.0;0.0;0.0;0.0;0.0;0.0;0.0;0.0;0.0;0.0;0.0;0.0;0.0;0.0;0.0;0.0;0.0;0.0;0.0;0.0;0.0;0.0;0.0;0.0;0.0;0.0;0.0;0.0;0.0;0.0
Madalena;MACAOCA;-4.7558888888889;-39.478833333333;2002;9;0.0;0.0;0.0;0.0;0.0;0.0;0.0;0.0;0.0;0.0;0.0;0.0;0.0;0.0;0.0;0.0;0.0;0.0;0.0;0.0;0.0;0.0;0.0;0.0;0.0;0.0;0.0;0.0;0.0;0.0;0.0;888.0
Madalena;MACAOCA;-4.7558888888889;-39.478833333333;2002;10;0.0;0.0;0.0;0.0;0.0;0.0;0.0;0.0;0.0;0.0;0.0;0.0;0.0;0.0;0.0;0.0;0.0;0.0;0.0;0.0;0.0;0.0;0.0;0.0;0.0;0.0;0.0;0.0;0.0;0.0;0.0;0.0
Madalena;MACAOCA;-4.7558888888889;-39.478833333333;2002;11;0.0;0.0;0.0;0.0;0.0;0.0;0.0;0.0;0.0;0.0;0.0;0.0;0.0;0.0;0.0;0.0;0.0;0.0;0.0;0.0;0.0;0.0;0.0;0.0;0.0;0.0;0.0;0.0;0.0;0.0;0.0;888.0
Madalena;MACAOCA;-4.7558888888889;-39.478833333333;2002;12;0.0;0.0;0.0;0.0;0.0;0.0;0.0;0.0;0.0;0.0;0.0;0.0;0.0;0.0;0.0;0.0;0.0;0.0;0.0;0.0;0.0;0.0;0.0;0.0;0.0;0.0;0.0;0.0;0.0;0.0;0.0;0.0
Madalena;MACAOCA;-4.7558888888889;-39.478833333333;2003;1;35.4;0.0;0.0;0.0;0.0;0.0;0.0;0.0;0.0;0.0;0.0;0.0;0.0;0.0;0.0;0.0;0.0;0.0;0.0;0.0;0.0;0.0;0.0;12.4;0.0;0.0;0.0;0.0;12.0;0.0;0.0;11.0
Madalena;MACAOCA;-4.7558888888889;-39.478833333333;2003;2;58.1;0.0;0.0;13.0;0.0;21.4;6.7;0.0;0.0;0.0;0.0;0.0;0.0;0.0;0.0;0.0;0.0;0.0;0.0;0.0;0.0;0.0;0.0;8.0;9.0;0.0;0.0;0.0;0.0;888.0;888.0;888.0
Madalena;MACAOCA;-4.7558888888889;-39.478833333333;2003;3;162.8;12.0;0.0;0.0;7.0;0.0;0.0;0.0;0.0;0.0;0.0;0.0;0.0;0.0;0.0;0.0;0.0;17.6;0.0;0.0;0.0;26.0;10.0;42.0;18.2;0.0;23.0;0.0;0.0;0.0;0.0;7.0
Madalena;MACAOCA;-4.7558888888889;-39.478833333333;2003;4;138.8;10.8;0.0;50.0;0.0;0.0;0.0;0.0;0.0;0.0;14.0;0.0;9.0;0.0;0.0;0.0;0.0;0.0;0.0;0.0;0.0;0.0;0.0;0.0;0.0;0.0;0.0;0.0;55.0;0.0;0.0;888.0
Madalena;MACAOCA;-4.7558888888889;-39.478833333333;2003;5;32.0;0.0;0.0;0.0;0.0;12.0;0.0;0.0;0.0;0.0;0.0;0.0;0.0;0.0;0.0;0.0;0.0;0.0;0.0;0.0;0.0;0.0;0.0;0.0;0.0;0.0;0.0;0.0;0.0;0.0;0.0;20.0
Madalena;MACAOCA;-4.7558888888889;-39.478833333333;2003;6;21.4;0.0;0.0;0.0;0.0;0.0;0.0;0.0;0.0;0.0;21.4;0.0;0.0;0.0;0.0;0.0;0.0;0.0;0.0;0.0;0.0;0.0;0.0;0.0;0.0;0.0;0.0;0.0;0.0;0.0;0.0;888.0
Madalena;MACAOCA;-4.7558888888889;-39.478833333333;2003;7;0.0;0.0;0.0;0.0;0.0;0.0;0.0;0.0;0.0;0.0;0.0;0.0;0.0;0.0;0.0;0.0;0.0;0.0;0.0;0.0;0.0;0.0;0.0;0.0;0.0;0.0;0.0;0.0;0.0;0.0;0.0;0.0
Madalena;MACAOCA;-4.7558888888889;-39.478833333333;2003;8;0.0;0.0;0.0;0.0;0.0;0.0;0.0;0.0;0.0;0.0;0.0;0.0;0.0;0.0;0.0;0.0;0.0;0.0;0.0;0.0;0.0;0.0;0.0;0.0;0.0;0.0;0.0;0.0;0.0;0.0;0.0;0.0
Madalena;MACAOCA;-4.7558888888889;-39.478833333333;2003;9;0.0;0.0;0.0;0.0;0.0;0.0;0.0;0.0;0.0;0.0;0.0;0.0;0.0;0.0;0.0;0.0;0.0;0.0;0.0;0.0;0.0;0.0;0.0;0.0;0.0;0.0;0.0;0.0;0.0;0.0;0.0;888.0
Madalena;MACAOCA;-4.7558888888889;-39.478833333333;2003;10;0.0;0.0;0.0;0.0;0.0;0.0;0.0;0.0;0.0;0.0;0.0;0.0;0.0;0.0;0.0;0.0;0.0;0.0;0.0;0.0;0.0;0.0;0.0;0.0;0.0;0.0;0.0;0.0;0.0;0.0;0.0;0.0
Madalena;MACAOCA;-4.7558888888889;-39.478833333333;2003;11;0.0;0.0;0.0;0.0;0.0;0.0;0.0;0.0;0.0;0.0;0.0;0.0;0.0;0.0;0.0;0.0;0.0;0.0;0.0;0.0;0.0;0.0;0.0;0.0;0.0;0.0;0.0;0.0;0.0;0.0;0.0;888.0
Madalena;MACAOCA;-4.7558888888889;-39.478833333333;2003;12;0.0;0.0;0.0;0.0;0.0;0.0;0.0;0.0;0.0;0.0;0.0;0.0;0.0;0.0;0.0;0.0;0.0;0.0;0.0;0.0;0.0;0.0;0.0;0.0;0.0;0.0;0.0;0.0;0.0;0.0;0.0;0.0
Madalena;MACAOCA;-4.7558888888889;-39.478833333333;2004;1;213.4;0.0;0.0;0.0;0.0;0.0;0.0;0.0;0.0;0.0;0.0;0.0;0.0;0.0;0.0;21.6;0.0;0.0;0.0;0.0;17.4;0.0;0.0;60.0;21.0;0.0;33.8;9.6;50.0;0.0;0.0;0.0
Madalena;MACAOCA;-4.7558888888889;-39.478833333333;2004;2;84.4;0.0;0.0;0.0;0.0;19.0;16.8;0.0;0.0;0.0;0.0;0.0;0.0;0.0;0.0;0.0;30.6;18.0;0.0;0.0;0.0;0.0;0.0;0.0;0.0;0.0;0.0;0.0;0.0;0.0;888.0;888.0
Madalena;MACAOCA;-4.7558888888889;-39.478833333333;2004;3;198.6;0.0;0.0;0.0;0.0;0.0;0.0;31.0;60.0;13.6;0.0;0.0;0.0;0.0;0.0;0.0;33.0;11.0;0.0;0.0;0.0;0.0;0.0;18.0;24.0;8.0;0.0;0.0;0.0;0.0;0.0;0.0
Madalena;MACAOCA;-4.7558888888889;-39.478833333333;2004;4;65.0;0.0;0.0;14.0;0.0;0.0;0.0;0.0;0.0;0.0;12.0;0.0;0.0;0.0;0.0;0.0;0.0;0.0;0.0;18.0;0.0;0.0;0.0;14.0;0.0;7.0;0.0;0.0;0.0;0.0;0.0;888.0
Madalena;MACAOCA;-4.7558888888889;-39.478833333333;2004;5;43.0;0.0;0.0;0.0;0.0;24.0;0.0;0.0;0.0;0.0;0.0;0.0;0.0;0.0;0.0;0.0;0.0;0.0;0.0;0.0;0.0;19.0;0.0;0.0;0.0;0.0;0.0;0.0;0.0;0.0;0.0;0.0
Madalena;MACAOCA;-4.7558888888889;-39.478833333333;2004;6;87.0;0.0;0.0;0.0;0.0;0.0;0.0;0.0;0.0;0.0;0.0;0.0;0.0;0.0;0.0;0.0;20.0;40.0;12.0;0.0;0.0;0.0;0.0;0.0;0.0;0.0;15.0;0.0;0.0;0.0;0.0;888.0
Madalena;MACAOCA;-4.7558888888889;-39.478833333333;2004;7;30.0;0.0;0.0;0.0;0.0;0.0;0.0;0.0;0.0;0.0;0.0;0.0;0.0;0.0;0.0;0.0;0.0;30.0;0.0;0.0;0.0;0.0;0.0;0.0;0.0;0.0;0.0;0.0;0.0;0.0;0.0;0.0
Madalena;MACAOCA;-4.7558888888889;-39.478833333333;2004;8;5.4;0.0;0.0;0.0;0.0;0.0;0.0;5.4;0.0;0.0;0.0;0.0;0.0;0.0;0.0;0.0;0.0;0.0;0.0;0.0;0.0;0.0;0.0;0.0;0.0;0.0;0.0;0.0;0.0;0.0;0.0;0.0
Madalena;MACAOCA;-4.7558888888889;-39.478833333333;2004;9;0.0;0.0;0.0;0.0;0.0;0.0;0.0;0.0;0.0;0.0;0.0;0.0;0.0;0.0;0.0;0.0;0.0;0.0;0.0;0.0;0.0;0.0;0.0;0.0;0.0;0.0;0.0;0.0;0.0;0.0;0.0;888.0
Madalena;MACAOCA;-4.7558888888889;-39.478833333333;2004;10;0.0;0.0;0.0;0.0;0.0;0.0;0.0;0.0;0.0;0.0;0.0;0.0;0.0;0.0;0.0;0.0;0.0;0.0;0.0;0.0;0.0;0.0;0.0;0.0;0.0;0.0;0.0;0.0;0.0;0.0;0.0;0.0
Madalena;MACAOCA;-4.7558888888889;-39.478833333333;2004;11;0.0;0.0;0.0;0.0;0.0;0.0;0.0;0.0;0.0;0.0;0.0;0.0;0.0;0.0;0.0;0.0;0.0;0.0;0.0;0.0;0.0;0.0;0.0;0.0;0.0;0.0;0.0;0.0;0.0;0.0;0.0;888.0
Madalena;MACAOCA;-4.7558888888889;-39.478833333333;2004;12;0.0;0.0;0.0;0.0;0.0;0.0;0.0;0.0;0.0;0.0;0.0;0.0;0.0;0.0;0.0;0.0;0.0;0.0;0.0;0.0;0.0;0.0;0.0;0.0;0.0;0.0;0.0;0.0;0.0;0.0;0.0;0.0
Madalena;MACAOCA;-4.7558888888889;-39.478833333333;2005;1;46.2;0.0;0.0;0.0;0.0;0.0;0.0;0.0;0.0;0.0;0.0;0.0;0.0;0.0;0.0;0.0;0.0;0.0;0.0;0.0;0.0;0.0;0.0;0.0;16.2;16.4;13.6;0.0;0.0;0.0;0.0;0.0
Madalena;MACAOCA;-4.7558888888889;-39.478833333333;2005;2;10.0;0.0;0.0;0.0;0.0;0.0;0.0;0.0;0.0;0.0;0.0;0.0;0.0;0.0;0.0;0.0;0.0;0.0;0.0;0.0;0.0;0.0;0.0;0.0;0.0;0.0;10.0;0.0;0.0;888.0;888.0;888.0
Madalena;MACAOCA;-4.7558888888889;-39.478833333333;2005;3;76.4;0.0;0.0;0.0;0.0;0.0;0.0;0.0;0.0;0.0;0.0;0.0;6.8;0.0;0.0;0.0;0.0;0.0;0.0;17.8;13.6;0.0;12.0;5.2;0.0;0.0;4.0;0.0;13.0;0.0;0.0;4.0
Madalena;MACAOCA;-4.7558888888889;-39.478833333333;2005;4;16.4;4.0;0.0;0.0;0.0;0.0;0.0;0.0;0.0;7.4;0.0;0.0;0.0;0.0;0.0;0.0;0.0;0.0;0.0;0.0;5.0;0.0;0.0;0.0;0.0;0.0;0.0;0.0;0.0;0.0;0.0;888.0
Madalena;MACAOCA;-4.7558888888889;-39.478833333333;2005;5;95.8;0.0;0.0;0.0;17.0;0.0;11.0;0.0;0.0;9.2;0.0;0.0;7.0;0.0;0.0;0.0;5.0;0.0;31.6;0.0;0.0;0.0;0.0;15.0;0.0;0.0;0.0;0.0;0.0;0.0;0.0;0.0
Madalena;MACAOCA;-4.7558888888889;-39.478833333333;2005;6;58.0;0.0;7.0;40.0;0.0;0.0;0.0;0.0;0.0;0.0;0.0;0.0;0.0;0.0;0.0;11.0;0.0;0.0;0.0;0.0;0.0;0.0;0.0;0.0;0.0;0.0;0.0;0.0;0.0;0.0;0.0;888.0
Madalena;MACAOCA;-4.7558888888889;-39.478833333333;2005;7;27.0;0.0;0.0;0.0;0.0;0.0;0.0;0.0;27.0;0.0;0.0;0.0;0.0;0.0;0.0;0.0;0.0;0.0;0.0;0.0;0.0;0.0;0.0;0.0;0.0;0.0;0.0;0.0;0.0;0.0;0.0;0.0
Madalena;MACAOCA;-4.7558888888889;-39.478833333333;2005;8;0.0;0.0;0.0;0.0;0.0;0.0;0.0;0.0;0.0;0.0;0.0;0.0;0.0;0.0;0.0;0.0;0.0;0.0;0.0;0.0;0.0;0.0;0.0;0.0;0.0;0.0;0.0;0.0;0.0;0.0;0.0;0.0
Madalena;MACAOCA;-4.7558888888889;-39.478833333333;2005;9;0.0;0.0;0.0;0.0;0.0;0.0;0.0;0.0;0.0;0.0;0.0;0.0;0.0;0.0;0.0;0.0;0.0;0.0;0.0;0.0;0.0;0.0;0.0;0.0;0.0;0.0;0.0;0.0;0.0;0.0;0.0;888.0
Madalena;MACAOCA;-4.7558888888889;-39.478833333333;2005;10;0.0;0.0;0.0;0.0;0.0;0.0;0.0;0.0;0.0;0.0;0.0;0.0;0.0;0.0;0.0;0.0;0.0;0.0;0.0;0.0;0.0;0.0;0.0;0.0;0.0;0.0;0.0;0.0;0.0;0.0;0.0;0.0
Madalena;MACAOCA;-4.7558888888889;-39.478833333333;2005;11;0.0;0.0;0.0;0.0;0.0;0.0;0.0;0.0;0.0;0.0;0.0;0.0;0.0;0.0;0.0;0.0;0.0;0.0;0.0;0.0;0.0;0.0;0.0;0.0;0.0;0.0;0.0;0.0;0.0;0.0;0.0;888.0
Madalena;MACAOCA;-4.7558888888889;-39.478833333333;2005;12;0.0;0.0;0.0;0.0;0.0;0.0;0.0;0.0;0.0;0.0;0.0;0.0;0.0;0.0;0.0;0.0;0.0;0.0;0.0;0.0;0.0;0.0;0.0;0.0;0.0;0.0;0.0;0.0;0.0;0.0;0.0;0.0
Madalena;MACAOCA;-4.7558888888889;-39.478833333333;2006;1;77.6;77.6;0.0;0.0;0.0;0.0;0.0;0.0;0.0;0.0;0.0;0.0;0.0;0.0;0.0;0.0;0.0;0.0;0.0;0.0;0.0;0.0;0.0;0.0;0.0;0.0;0.0;0.0;0.0;0.0;0.0;0.0
Madalena;MACAOCA;-4.7558888888889;-39.478833333333;2006;2;33.0;0.0;0.0;0.0;0.0;0.0;0.0;0.0;0.0;0.0;0.0;0.0;0.0;0.0;0.0;33.0;0.0;0.0;0.0;0.0;0.0;0.0;0.0;0.0;0.0;0.0;0.0;0.0;0.0;888.0;888.0;888.0
Madalena;MACAOCA;-4.7558888888889;-39.478833333333;2006;3;78.6;12.4;0.0;9.0;0.0;0.0;0.0;0.0;0.0;0.0;0.0;0.0;0.0;0.0;0.0;0.0;0.0;0.0;0.0;0.0;13.8;0.0;0.0;0.0;24.4;0.0;0.0;9.0;0.0;10.0;0.0;0.0
Madalena;MACAOCA;-4.7558888888889;-39.478833333333;2006;4;103.7;12.6;0.0;0.0;0.0;0.0;0.0;0.0;20.4;0.0;0.0;6.8;0.0;0.0;0.0;0.0;8.0;0.0;5.3;0.0;21.6;0.0;0.0;0.0;0.0;0.0;29.0;0.0;0.0;0.0;0.0;888.0
Madalena;MACAOCA;-4.7558888888889;-39.478833333333;2006;5;62.4;0.0;0.0;0.0;0.0;13.8;0.0;0.0;26.6;0.0;0.0;0.0;0.0;0.0;0.0;0.0;22.0;0.0;0.0;0.0;0.0;0.0;0.0;0.0;0.0;0.0;0.0;0.0;0.0;0.0;0.0;0.0
Madalena;MACAOCA;-4.7558888888889;-39.478833333333;2006;6;96.0;0.0;0.0;0.0;0.0;0.0;0.0;0.0;0.0;0.0;0.0;0.0;0.0;59.0;0.0;0.0;0.0;0.0;0.0;0.0;0.0;0.0;37.0;0.0;0.0;0.0;0.0;0.0;0.0;0.0;0.0;888.0
Madalena;MACAOCA;-4.7558888888889;-39.478833333333;2006;7;0.0;0.0;0.0;0.0;0.0;0.0;0.0;0.0;0.0;0.0;0.0;0.0;0.0;0.0;0.0;0.0;0.0;0.0;0.0;0.0;0.0;0.0;0.0;0.0;0.0;0.0;0.0;0.0;0.0;0.0;0.0;0.0
Madalena;MACAOCA;-4.7558888888889;-39.478833333333;2006;8;0.0;0.0;0.0;0.0;0.0;0.0;0.0;0.0;0.0;0.0;0.0;0.0;0.0;0.0;0.0;0.0;0.0;0.0;0.0;0.0;0.0;0.0;0.0;0.0;0.0;0.0;0.0;0.0;0.0;0.0;0.0;0.0
Madalena;MACAOCA;-4.7558888888889;-39.478833333333;2006;9;0.0;0.0;0.0;0.0;0.0;0.0;0.0;0.0;0.0;0.0;0.0;0.0;0.0;0.0;0.0;0.0;0.0;0.0;0.0;0.0;0.0;0.0;0.0;0.0;0.0;0.0;0.0;0.0;0.0;0.0;0.0;888.0
Madalena;MACAOCA;-4.7558888888889;-39.478833333333;2006;10;0.0;0.0;0.0;0.0;0.0;0.0;0.0;0.0;0.0;0.0;0.0;0.0;0.0;0.0;0.0;0.0;0.0;0.0;0.0;0.0;0.0;0.0;0.0;0.0;0.0;0.0;0.0;0.0;0.0;0.0;0.0;0.0
Madalena;MACAOCA;-4.7558888888889;-39.478833333333;2006;11;0.0;0.0;0.0;0.0;0.0;0.0;0.0;0.0;0.0;0.0;0.0;0.0;0.0;0.0;0.0;0.0;0.0;0.0;0.0;0.0;0.0;0.0;0.0;0.0;0.0;0.0;0.0;0.0;0.0;0.0;0.0;888.0
Madalena;MACAOCA;-4.7558888888889;-39.478833333333;2006;12;0.0;0.0;0.0;0.0;0.0;0.0;0.0;0.0;0.0;0.0;0.0;0.0;0.0;0.0;0.0;0.0;0.0;0.0;0.0;0.0;0.0;0.0;0.0;0.0;0.0;0.0;0.0;0.0;0.0;0.0;0.0;0.0
Madalena;MACAOCA;-4.7558888888889;-39.478833333333;2007;1;6.0;6.0;0.0;0.0;0.0;0.0;0.0;0.0;0.0;0.0;0.0;0.0;0.0;0.0;0.0;0.0;0.0;0.0;0.0;0.0;0.0;0.0;0.0;0.0;0.0;0.0;0.0;0.0;0.0;0.0;0.0;0.0
Madalena;MACAOCA;-4.7558888888889;-39.478833333333;2007;2;77.5;6.0;0.0;0.0;0.0;0.0;0.0;0.0;0.0;0.0;0.0;0.0;0.0;12.2;0.0;0.0;0.0;6.5;0.0;37.4;0.0;0.0;0.0;15.4;0.0;0.0;0.0;0.0;0.0;888.0;888.0;888.0
Madalena;MACAOCA;-4.7558888888889;-39.478833333333;2007;3;19.4;0.0;0.0;0.0;0.0;19.4;0.0;0.0;0.0;0.0;0.0;0.0;0.0;0.0;0.0;0.0;0.0;0.0;0.0;0.0;0.0;0.0;0.0;0.0;0.0;0.0;0.0;0.0;0.0;0.0;0.0;0.0
Madalena;MACAOCA;-4.7558888888889;-39.478833333333;2007;4;131.4;20.0;0.0;0.0;0.0;0.0;0.0;0.0;0.0;0.0;0.0;0.0;0.0;0.0;0.0;0.0;0.0;0.0;15.0;0.0;0.0;13.2;37.2;0.0;0.0;0.0;22.0;6.0;0.0;8.0;10.0;888.0
Madalena;MACAOCA;-4.7558888888889;-39.478833333333;2007;5;24.0;5.0;0.0;0.0;0.0;0.0;0.0;0.0;0.0;0.0;0.0;0.0;19.0;0.0;0.0;0.0;0.0;0.0;0.0;0.0;0.0;0.0;0.0;0.0;0.0;0.0;0.0;0.0;0.0;0.0;0.0;0.0
Madalena;MACAOCA;-4.7558888888889;-39.478833333333;2007;6;31.0;0.0;0.0;0.0;0.0;3.0;12.0;0.0;0.0;8.0;0.0;0.0;0.0;0.0;8.0;0.0;0.0;0.0;0.0;0.0;0.0;0.0;0.0;0.0;0.0;0.0;0.0;0.0;0.0;0.0;0.0;888.0
Madalena;MACAOCA;-4.7558888888889;-39.478833333333;2007;7;0.0;0.0;0.0;0.0;0.0;0.0;0.0;0.0;0.0;0.0;0.0;0.0;0.0;0.0;0.0;0.0;0.0;0.0;0.0;0.0;0.0;0.0;0.0;0.0;0.0;0.0;0.0;0.0;0.0;0.0;0.0;0.0
Madalena;MACAOCA;-4.7558888888889;-39.478833333333;2007;8;0.0;0.0;0.0;0.0;0.0;0.0;0.0;0.0;0.0;0.0;0.0;0.0;0.0;0.0;0.0;0.0;0.0;0.0;0.0;0.0;0.0;0.0;0.0;0.0;0.0;0.0;0.0;0.0;0.0;0.0;0.0;0.0
Madalena;MACAOCA;-4.7558888888889;-39.478833333333;2007;9;0.0;0.0;0.0;0.0;0.0;0.0;0.0;0.0;0.0;0.0;0.0;0.0;0.0;0.0;0.0;0.0;0.0;0.0;0.0;0.0;0.0;0.0;0.0;0.0;0.0;0.0;0.0;0.0;0.0;0.0;0.0;888.0
Madalena;MACAOCA;-4.7558888888889;-39.478833333333;2007;10;0.0;0.0;0.0;0.0;0.0;0.0;0.0;0.0;0.0;0.0;0.0;0.0;0.0;0.0;0.0;0.0;0.0;0.0;0.0;0.0;0.0;0.0;0.0;0.0;0.0;0.0;0.0;0.0;0.0;0.0;0.0;0.0
Madalena;MACAOCA;-4.7558888888889;-39.478833333333;2007;11;0.0;0.0;0.0;0.0;0.0;0.0;0.0;0.0;0.0;0.0;0.0;0.0;0.0;0.0;0.0;0.0;0.0;0.0;0.0;0.0;0.0;0.0;0.0;0.0;0.0;0.0;0.0;0.0;0.0;0.0;0.0;888.0
Madalena;MACAOCA;-4.7558888888889;-39.478833333333;2007;12;0.0;0.0;0.0;0.0;0.0;0.0;0.0;0.0;0.0;0.0;0.0;0.0;0.0;0.0;0.0;0.0;0.0;0.0;0.0;0.0;0.0;0.0;0.0;0.0;0.0;0.0;0.0;0.0;0.0;0.0;0.0;0.0
Madalena;MACAOCA;-4.7558888888889;-39.478833333333;2008;1;7.5;0.0;0.0;5.5;0.0;0.0;2.0;0.0;0.0;0.0;0.0;0.0;0.0;0.0;0.0;0.0;0.0;0.0;0.0;0.0;0.0;0.0;0.0;0.0;0.0;0.0;0.0;0.0;0.0;0.0;0.0;0.0
Madalena;MACAOCA;-4.7558888888889;-39.478833333333;2008;2;0.0;0.0;0.0;0.0;0.0;0.0;0.0;0.0;0.0;0.0;0.0;0.0;0.0;0.0;0.0;0.0;0.0;0.0;0.0;0.0;0.0;0.0;0.0;0.0;0.0;0.0;0.0;0.0;0.0;0.0;888.0;888.0
Madalena;MACAOCA;-4.7558888888889;-39.478833333333;2008;3;309.4;5.2;0.0;0.0;6.4;0.0;0.0;0.0;0.0;22.4;0.0;0.0;0.0;0.0;0.0;12.8;3.3;15.2;0.0;0.0;7.4;55.4;12.1;0.0;23.2;0.0;45.1;34.2;42.3;0.0;24.4;0.0
Madalena;MACAOCA;-4.7558888888889;-39.478833333333;2008;4;148.3;41.2;27.1;17.2;0.0;0.0;12.1;0.0;0.0;20.4;0.0;0.0;0.0;0.0;0.0;15.1;0.0;0.0;0.0;0.0;0.0;0.0;0.0;0.0;0.0;0.0;0.0;0.0;0.0;15.2;0.0;888.0
Madalena;MACAOCA;-4.7558888888889;-39.478833333333;2008;5;184.8;0.0;0.0;0.0;0.0;40.3;8.2;59.2;6.2;0.0;0.0;0.0;0.0;0.0;25.1;0.0;0.0;35.0;10.8;0.0;0.0;0.0;0.0;0.0;0.0;0.0;0.0;0.0;0.0;0.0;0.0;0.0
Madalena;MACAOCA;-4.7558888888889;-39.478833333333;2008;6;66.4;42.1;0.0;0.0;0.0;0.0;0.0;0.0;0.0;15.1;0.0;0.0;0.0;0.0;0.0;0.0;0.0;0.0;0.0;9.2;0.0;0.0;0.0;0.0;0.0;0.0;0.0;0.0;0.0;0.0;0.0;888.0
Madalena;MACAOCA;-4.7558888888889;-39.478833333333;2008;7;0.0;0.0;0.0;0.0;0.0;0.0;0.0;0.0;0.0;0.0;0.0;0.0;0.0;0.0;0.0;0.0;0.0;0.0;0.0;0.0;0.0;0.0;0.0;0.0;0.0;0.0;0.0;0.0;0.0;0.0;0.0;0.0
Madalena;MACAOCA;-4.7558888888889;-39.478833333333;2008;8;12.2;0.0;0.0;0.0;0.0;0.0;0.0;0.0;12.2;0.0;0.0;0.0;0.0;0.0;0.0;0.0;0.0;0.0;0.0;0.0;0.0;0.0;0.0;0.0;0.0;0.0;0.0;0.0;0.0;0.0;0.0;0.0
Madalena;MACAOCA;-4.7558888888889;-39.478833333333;2008;9;0.0;0.0;0.0;0.0;0.0;0.0;0.0;0.0;0.0;0.0;0.0;0.0;0.0;0.0;0.0;0.0;0.0;0.0;0.0;0.0;0.0;0.0;0.0;0.0;0.0;0.0;0.0;0.0;0.0;0.0;0.0;888.0
Madalena;MACAOCA;-4.7558888888889;-39.478833333333;2008;10;0.0;0.0;0.0;0.0;0.0;0.0;0.0;0.0;0.0;0.0;0.0;0.0;0.0;0.0;0.0;0.0;0.0;0.0;0.0;0.0;0.0;0.0;0.0;0.0;0.0;0.0;0.0;0.0;0.0;0.0;0.0;0.0
Madalena;MACAOCA;-4.7558888888889;-39.478833333333;2008;11;0.0;0.0;0.0;0.0;0.0;0.0;0.0;0.0;0.0;0.0;0.0;0.0;0.0;0.0;0.0;0.0;0.0;0.0;0.0;0.0;0.0;0.0;0.0;0.0;0.0;0.0;0.0;0.0;0.0;0.0;0.0;888.0
Madalena;MACAOCA;-4.7558888888889;-39.478833333333;2008;12;0.0;0.0;0.0;0.0;0.0;0.0;0.0;0.0;0.0;0.0;0.0;0.0;0.0;0.0;0.0;0.0;0.0;0.0;0.0;0.0;0.0;0.0;0.0;0.0;0.0;0.0;0.0;0.0;0.0;0.0;0.0;0.0
Madalena;MACAOCA;-4.7558888888889;-39.478833333333;2009;1;109.6;0.0;0.0;0.0;0.0;0.0;0.0;0.0;0.0;0.0;0.0;0.0;0.0;0.0;0.0;0.0;0.0;19.2;0.0;0.0;0.0;0.0;0.0;0.0;0.0;70.2;0.0;0.0;0.0;0.0;0.0;20.2
Madalena;MACAOCA;-4.7558888888889;-39.478833333333;2009;2;0.0;0.0;0.0;0.0;0.0;0.0;0.0;0.0;0.0;0.0;0.0;0.0;0.0;0.0;0.0;0.0;0.0;0.0;0.0;0.0;0.0;0.0;0.0;0.0;0.0;0.0;0.0;0.0;0.0;888.0;888.0;888.0
Madalena;MACAOCA;-4.7558888888889;-39.478833333333;2009;3;68.2;0.0;0.0;0.0;0.0;0.0;0.0;0.0;0.0;0.0;10.0;0.0;0.0;0.0;0.0;12.0;0.0;0.0;17.0;0.0;0.0;0.0;20.2;0.0;0.0;0.0;9.0;999.0;999.0;999.0;999.0;999.0
Madalena;MACAOCA;-4.7558888888889;-39.478833333333;2009;4;0.0;0.0;999.0;999.0;999.0;999.0;999.0;999.0;999.0;999.0;999.0;999.0;999.0;999.0;999.0;999.0;999.0;999.0;999.0;999.0;999.0;999.0;999.0;999.0;999.0;999.0;999.0;999.0;999.0;999.0;999.0;888.0
Madalena;MACAOCA;-4.7558888888889;-39.478833333333;2009;5;195.0;0.0;0.0;0.0;0.0;44.0;0.0;0.0;45.0;0.0;0.0;0.0;56.0;0.0;0.0;0.0;0.0;0.0;0.0;0.0;0.0;0.0;0.0;0.0;0.0;34.0;0.0;0.0;16.0;0.0;0.0;0.0
Madalena;MACAOCA;-4.7558888888889;-39.478833333333;2009;6;77.6;0.0;0.0;25.0;30.0;22.6;0.0;0.0;0.0;0.0;0.0;0.0;0.0;0.0;0.0;0.0;0.0;0.0;0.0;0.0;0.0;0.0;0.0;0.0;0.0;0.0;0.0;0.0;0.0;0.0;0.0;888.0
Madalena;MACAOCA;-4.7558888888889;-39.478833333333;2009;7;82.4;0.0;0.0;0.0;0.0;0.0;0.0;0.0;0.0;0.0;0.0;0.0;0.0;0.0;0.0;0.0;25.0;0.0;0.0;0.0;0.0;0.0;37.4;8.0;12.0;0.0;0.0;0.0;0.0;0.0;0.0;0.0
Madalena;MACAOCA;-4.7558888888889;-39.478833333333;2009;8;30.6;0.0;0.0;0.0;0.0;0.0;0.0;0.0;0.0;0.0;0.0;0.0;0.0;0.0;0.0;0.0;0.0;0.0;0.0;0.0;0.0;0.0;0.0;0.0;0.0;0.0;21.0;9.6;0.0;0.0;0.0;0.0
Madalena;MACAOCA;-4.7558888888889;-39.478833333333;2009;9;0.0;0.0;0.0;0.0;0.0;0.0;0.0;0.0;0.0;0.0;0.0;0.0;0.0;0.0;0.0;0.0;0.0;0.0;0.0;0.0;0.0;0.0;0.0;0.0;0.0;0.0;0.0;0.0;0.0;0.0;0.0;888.0
Madalena;MACAOCA;-4.7558888888889;-39.478833333333;2009;10;0.0;0.0;0.0;0.0;0.0;0.0;0.0;0.0;0.0;0.0;0.0;0.0;0.0;0.0;0.0;0.0;0.0;0.0;0.0;0.0;0.0;0.0;0.0;0.0;0.0;0.0;0.0;0.0;0.0;0.0;0.0;0.0
Madalena;MACAOCA;-4.7558888888889;-39.478833333333;2009;11;0.0;0.0;0.0;0.0;0.0;0.0;0.0;0.0;0.0;0.0;0.0;0.0;0.0;0.0;0.0;0.0;0.0;0.0;0.0;0.0;0.0;0.0;0.0;0.0;0.0;0.0;0.0;0.0;0.0;0.0;0.0;888.0
Madalena;MACAOCA;-4.7558888888889;-39.478833333333;2009;12;0.0;0.0;0.0;0.0;0.0;0.0;0.0;0.0;0.0;0.0;0.0;0.0;0.0;0.0;0.0;0.0;0.0;0.0;0.0;0.0;0.0;0.0;0.0;0.0;0.0;0.0;0.0;0.0;0.0;0.0;0.0;0.0
Madalena;MACAOCA;-4.7558888888889;-39.478833333333;2010;1;35.4;0.0;11.4;0.0;0.0;0.0;0.0;0.0;0.0;0.0;11.0;13.0;999.0;999.0;999.0;999.0;999.0;999.0;999.0;999.0;999.0;999.0;999.0;999.0;999.0;999.0;999.0;999.0;999.0;999.0;999.0;999.0
Madalena;MACAOCA;-4.7558888888889;-39.478833333333;2012;3;0.0;0.0;999.0;999.0;999.0;999.0;999.0;999.0;999.0;999.0;999.0;999.0;999.0;999.0;999.0;999.0;999.0;999.0;999.0;999.0;999.0;999.0;999.0;999.0;999.0;999.0;999.0;999.0;999.0;999.0;999.0;999.0
