Municipios;Postos;Latitude;Longitude;Anos;Meses;Total;Dia1;Dia2;Dia3;Dia4;Dia5;Dia6;Dia7;Dia8;Dia9;Dia10;Dia11;Dia12;Dia13;Dia14;Dia15;Dia16;Dia17;Dia18;Dia19;Dia20;Dia21;Dia22;Dia23;Dia24;Dia25;Dia26;Dia27;Dia28;Dia29;Dia30;Dia31
Tamboril;SUCESSO;-4.9333333333333;-40.533333333333;1988;1;50.0;0.0;0.0;0.0;0.0;0.0;0.0;0.0;0.0;0.0;0.0;0.0;0.0;0.0;0.0;0.0;0.0;0.0;0.0;0.0;0.0;0.0;17.0;0.0;0.0;12.0;21.0;0.0;0.0;0.0;0.0;0.0
Tamboril;SUCESSO;-4.9333333333333;-40.533333333333;1988;2;55.0;0.0;0.0;0.0;0.0;0.0;999.0;0.0;999.0;0.0;0.0;0.0;0.0;999.0;0.0;999.0;999.0;999.0;0.0;0.0;0.0;0.0;999.0;999.0;999.0;0.0;18.0;999.0;0.0;37.0;888.0;888.0
Tamboril;SUCESSO;-4.9333333333333;-40.533333333333;1988;3;512.0;999.0;64.0;0.0;999.0;0.0;999.0;18.0;18.0;11.0;39.0;0.0;54.0;38.0;28.0;999.0;78.0;999.0;11.0;999.0;0.0;32.0;42.0;53.0;21.0;5.0;999.0;999.0;999.0;0.0;0.0;999.0
Tamboril;SUCESSO;-4.9333333333333;-40.533333333333;1988;4;98.0;999.0;12.0;999.0;999.0;999.0;999.0;999.0;999.0;0.0;999.0;999.0;999.0;0.0;9.0;0.0;0.0;999.0;0.0;17.0;22.0;38.0;999.0;999.0;999.0;0.0;999.0;999.0;999.0;0.0;999.0;888.0
Tamboril;SUCESSO;-4.9333333333333;-40.533333333333;1988;5;40.0;999.0;0.0;0.0;28.0;12.0;999.0;999.0;999.0;999.0;999.0;0.0;0.0;0.0;0.0;0.0;999.0;999.0;0.0;0.0;0.0;0.0;999.0;999.0;0.0;0.0;0.0;0.0;0.0;0.0;0.0;0.0
Tamboril;SUCESSO;-4.9333333333333;-40.533333333333;1988;6;0.0;999.0;999.0;0.0;0.0;0.0;0.0;0.0;0.0;0.0;999.0;999.0;999.0;999.0;999.0;999.0;999.0;999.0;999.0;999.0;999.0;999.0;999.0;999.0;999.0;999.0;999.0;999.0;999.0;999.0;999.0;888.0
Tamboril;SUCESSO;-4.9333333333333;-40.533333333333;1988;10;0.0;999.0;999.0;999.0;999.0;999.0;999.0;999.0;999.0;999.0;999.0;999.0;999.0;999.0;999.0;999.0;999.0;999.0;999.0;999.0;999.0;999.0;999.0;999.0;999.0;999.0;999.0;999.0;999.0;999.0;999.0;0.0
Tamboril;SUCESSO;-4.9333333333333;-40.533333333333;1989;1;0.0;0.0;0.0;0.0;0.0;0.0;0.0;0.0;0.0;0.0;0.0;0.0;0.0;0.0;0.0;0.0;0.0;0.0;0.0;0.0;0.0;0.0;0.0;0.0;0.0;0.0;0.0;0.0;0.0;0.0;0.0;0.0
Tamboril;SUCESSO;-4.9333333333333;-40.533333333333;1989;2;0.0;0.0;0.0;0.0;0.0;0.0;0.0;0.0;0.0;0.0;0.0;0.0;0.0;0.0;0.0;0.0;0.0;0.0;0.0;0.0;0.0;0.0;0.0;0.0;0.0;0.0;0.0;0.0;0.0;888.0;888.0;888.0
Tamboril;SUCESSO;-4.9333333333333;-40.533333333333;1989;3;247.0;0.0;0.0;0.0;0.0;0.0;0.0;0.0;0.0;0.0;0.0;0.0;0.0;0.0;0.0;0.0;42.0;0.0;29.0;5.0;10.0;18.0;0.0;32.0;27.0;0.0;29.0;0.0;7.0;0.0;48.0;0.0
Tamboril;SUCESSO;-4.9333333333333;-40.533333333333;1989;4;574.0;0.0;0.0;37.0;20.0;22.0;8.0;87.0;0.0;29.0;31.0;42.0;56.0;19.0;8.0;0.0;0.0;53.0;15.0;7.0;0.0;0.0;0.0;0.0;6.0;55.0;12.0;8.0;0.0;22.0;37.0;888.0
Tamboril;SUCESSO;-4.9333333333333;-40.533333333333;1989;5;343.0;18.0;6.0;52.0;12.0;47.0;15.0;0.0;11.0;45.0;17.0;18.0;12.0;7.0;0.0;32.0;0.0;0.0;0.0;13.0;38.0;0.0;0.0;0.0;0.0;0.0;0.0;0.0;0.0;0.0;0.0;0.0
Tamboril;SUCESSO;-4.9333333333333;-40.533333333333;1989;6;44.0;0.0;0.0;0.0;0.0;0.0;0.0;0.0;14.0;0.0;0.0;0.0;0.0;0.0;16.0;0.0;0.0;0.0;0.0;6.0;0.0;0.0;0.0;0.0;8.0;0.0;0.0;0.0;0.0;0.0;0.0;888.0
Tamboril;SUCESSO;-4.9333333333333;-40.533333333333;1989;7;0.0;0.0;0.0;0.0;0.0;0.0;0.0;0.0;0.0;0.0;0.0;0.0;0.0;0.0;0.0;0.0;0.0;0.0;0.0;0.0;0.0;0.0;0.0;0.0;0.0;0.0;0.0;0.0;0.0;0.0;0.0;0.0
Tamboril;SUCESSO;-4.9333333333333;-40.533333333333;1989;8;0.0;999.0;999.0;999.0;999.0;999.0;999.0;999.0;999.0;999.0;999.0;999.0;999.0;999.0;999.0;0.0;0.0;0.0;999.0;999.0;0.0;0.0;0.0;0.0;0.0;0.0;999.0;999.0;0.0;0.0;0.0;0.0
Tamboril;SUCESSO;-4.9333333333333;-40.533333333333;1990;1;0.0;0.0;0.0;0.0;0.0;0.0;0.0;0.0;0.0;0.0;0.0;0.0;0.0;0.0;0.0;0.0;0.0;0.0;0.0;0.0;0.0;0.0;0.0;0.0;0.0;0.0;0.0;0.0;0.0;0.0;0.0;0.0
Tamboril;SUCESSO;-4.9333333333333;-40.533333333333;1990;2;195.0;0.0;0.0;0.0;0.0;0.0;0.0;0.0;0.0;0.0;0.0;0.0;0.0;0.0;0.0;0.0;0.0;12.0;0.0;0.0;0.0;0.0;58.0;18.0;12.0;0.0;14.0;38.0;43.0;888.0;888.0;888.0
Tamboril;SUCESSO;-4.9333333333333;-40.533333333333;1990;3;88.0;28.0;0.0;8.0;0.0;0.0;0.0;12.0;0.0;0.0;0.0;0.0;0.0;0.0;0.0;0.0;0.0;0.0;0.0;0.0;0.0;0.0;0.0;0.0;0.0;18.0;0.0;0.0;0.0;0.0;0.0;22.0
Tamboril;SUCESSO;-4.9333333333333;-40.533333333333;1990;4;179.0;9.0;16.0;24.0;22.0;7.0;0.0;0.0;0.0;0.0;0.0;0.0;0.0;0.0;0.0;0.0;10.0;0.0;0.0;0.0;0.0;3.0;6.0;0.0;9.0;12.0;8.0;13.0;29.0;0.0;11.0;888.0
Tamboril;SUCESSO;-4.9333333333333;-40.533333333333;1990;6;0.0;0.0;0.0;0.0;0.0;0.0;0.0;0.0;0.0;0.0;0.0;0.0;0.0;0.0;0.0;0.0;0.0;0.0;0.0;0.0;0.0;0.0;0.0;0.0;0.0;0.0;0.0;0.0;0.0;0.0;0.0;888.0
Tamboril;SUCESSO;-4.9333333333333;-40.533333333333;1990;9;0.0;0.0;0.0;0.0;0.0;0.0;0.0;0.0;0.0;0.0;0.0;0.0;0.0;0.0;0.0;0.0;0.0;0.0;0.0;0.0;0.0;0.0;0.0;0.0;0.0;0.0;0.0;0.0;0.0;0.0;0.0;888.0
Tamboril;SUCESSO;-4.9333333333333;-40.533333333333;1990;10;0.0;0.0;0.0;0.0;0.0;0.0;0.0;0.0;0.0;0.0;0.0;0.0;0.0;0.0;0.0;0.0;0.0;0.0;0.0;0.0;0.0;0.0;0.0;0.0;0.0;0.0;0.0;0.0;0.0;0.0;0.0;0.0
Tamboril;SUCESSO;-4.9333333333333;-40.533333333333;1991;10;0.0;0.0;0.0;0.0;0.0;0.0;0.0;0.0;0.0;0.0;0.0;0.0;0.0;0.0;0.0;0.0;0.0;0.0;0.0;0.0;0.0;0.0;0.0;0.0;0.0;0.0;0.0;0.0;0.0;0.0;0.0;0.0
Tamboril;SUCESSO;-4.9333333333333;-40.533333333333;1993;5;65.0;999.0;999.0;65.0;999.0;999.0;999.0;999.0;999.0;999.0;999.0;999.0;999.0;999.0;999.0;999.0;999.0;999.0;999.0;999.0;999.0;999.0;999.0;999.0;999.0;999.0;999.0;999.0;999.0;999.0;999.0;999.0
Tamboril;SUCESSO;-4.9333333333333;-40.533333333333;1995;2;115.4;0.0;0.0;0.0;0.0;0.0;0.0;0.0;21.0;0.0;25.0;0.0;0.0;0.0;0.0;0.0;0.0;24.0;30.4;0.0;0.0;0.0;0.0;0.0;0.0;0.0;15.0;0.0;0.0;888.0;888.0;888.0
Tamboril;SUCESSO;-4.9333333333333;-40.533333333333;1995;3;35.0;999.0;999.0;999.0;999.0;999.0;999.0;999.0;999.0;999.0;999.0;999.0;999.0;999.0;999.0;999.0;999.0;999.0;999.0;29.0;0.0;0.0;0.0;6.0;999.0;999.0;999.0;999.0;999.0;999.0;999.0;999.0
Tamboril;SUCESSO;-4.9333333333333;-40.533333333333;1997;9;0.0;0.0;0.0;0.0;0.0;0.0;0.0;0.0;0.0;0.0;0.0;0.0;0.0;0.0;0.0;0.0;0.0;0.0;0.0;0.0;0.0;0.0;0.0;0.0;0.0;0.0;0.0;0.0;0.0;0.0;0.0;888.0
Tamboril;SUCESSO;-4.9333333333333;-40.533333333333;1997;10;0.0;0.0;0.0;0.0;0.0;0.0;0.0;0.0;0.0;0.0;0.0;0.0;0.0;0.0;0.0;0.0;0.0;0.0;0.0;0.0;0.0;0.0;0.0;0.0;0.0;0.0;0.0;0.0;0.0;0.0;0.0;0.0
Tamboril;SUCESSO;-4.9333333333333;-40.533333333333;1997;11;0.0;0.0;0.0;0.0;0.0;0.0;0.0;0.0;0.0;0.0;0.0;0.0;0.0;0.0;0.0;0.0;0.0;0.0;0.0;0.0;0.0;0.0;0.0;0.0;0.0;0.0;0.0;0.0;0.0;0.0;0.0;888.0
Tamboril;SUCESSO;-4.9333333333333;-40.533333333333;2002;2;0.0;0.0;999.0;999.0;999.0;999.0;999.0;999.0;999.0;999.0;999.0;999.0;999.0;999.0;999.0;999.0;999.0;999.0;999.0;999.0;999.0;999.0;999.0;999.0;999.0;999.0;999.0;999.0;999.0;888.0;888.0;888.0
Tamboril;SUCESSO;-4.9333333333333;-40.533333333333;2002;3;52.0;0.0;0.0;0.0;0.0;52.0;999.0;999.0;999.0;999.0;999.0;999.0;999.0;999.0;999.0;999.0;999.0;999.0;999.0;999.0;999.0;999.0;999.0;999.0;999.0;999.0;999.0;999.0;999.0;999.0;999.0;999.0
Tamboril;SUCESSO;-4.9333333333333;-40.533333333333;2002;4;0.0;0.0;999.0;999.0;999.0;999.0;999.0;999.0;999.0;999.0;999.0;999.0;999.0;999.0;999.0;999.0;999.0;999.0;999.0;999.0;999.0;999.0;999.0;999.0;999.0;999.0;999.0;999.0;999.0;999.0;999.0;888.0
Tamboril;SUCESSO;-4.9333333333333;-40.533333333333;2002;5;0.0;0.0;999.0;999.0;999.0;999.0;999.0;999.0;999.0;999.0;999.0;999.0;999.0;999.0;999.0;999.0;999.0;999.0;999.0;999.0;999.0;999.0;999.0;999.0;999.0;999.0;999.0;999.0;999.0;999.0;999.0;999.0
Tamboril;SUCESSO;-4.9333333333333;-40.533333333333;2002;6;0.0;0.0;999.0;999.0;999.0;999.0;999.0;999.0;999.0;999.0;999.0;999.0;999.0;999.0;999.0;999.0;999.0;999.0;999.0;999.0;999.0;999.0;999.0;999.0;999.0;999.0;999.0;999.0;999.0;999.0;999.0;888.0
Tamboril;SUCESSO;-4.9333333333333;-40.533333333333;2005;6;0.0;0.0;0.0;0.0;0.0;0.0;0.0;0.0;0.0;0.0;0.0;0.0;0.0;0.0;0.0;0.0;0.0;0.0;0.0;0.0;0.0;0.0;0.0;0.0;0.0;0.0;0.0;0.0;0.0;0.0;0.0;888.0
Tamboril;SUCESSO;-4.9333333333333;-40.533333333333;2005;7;0.0;0.0;0.0;0.0;0.0;0.0;0.0;0.0;0.0;0.0;999.0;999.0;999.0;999.0;999.0;999.0;999.0;999.0;999.0;999.0;999.0;999.0;999.0;999.0;999.0;999.0;999.0;999.0;999.0;999.0;999.0;999.0
Tamboril;SUCESSO;-4.9333333333333;-40.533333333333;2005;11;0.0;0.0;999.0;999.0;999.0;999.0;999.0;999.0;999.0;999.0;999.0;999.0;999.0;999.0;999.0;999.0;999.0;999.0;999.0;999.0;999.0;999.0;999.0;999.0;999.0;999.0;999.0;999.0;999.0;999.0;999.0;888.0
Tamboril;SUCESSO;-4.9333333333333;-40.533333333333;2007;5;0.0;0.0;0.0;0.0;0.0;0.0;0.0;0.0;0.0;0.0;0.0;0.0;0.0;0.0;0.0;0.0;0.0;0.0;0.0;0.0;0.0;0.0;0.0;0.0;0.0;0.0;0.0;0.0;0.0;0.0;0.0;0.0
Tamboril;SUCESSO;-4.9333333333333;-40.533333333333;2007;6;0.0;0.0;0.0;0.0;0.0;0.0;0.0;0.0;0.0;0.0;0.0;0.0;0.0;0.0;0.0;0.0;0.0;0.0;0.0;0.0;0.0;0.0;0.0;0.0;0.0;0.0;0.0;0.0;0.0;0.0;0.0;888.0
Tamboril;SUCESSO;-4.9333333333333;-40.533333333333;2007;7;0.0;0.0;0.0;0.0;0.0;0.0;0.0;0.0;0.0;0.0;0.0;0.0;0.0;0.0;0.0;0.0;0.0;0.0;0.0;0.0;0.0;0.0;0.0;0.0;0.0;0.0;0.0;0.0;0.0;0.0;0.0;0.0
Tamboril;SUCESSO;-4.9333333333333;-40.533333333333;2007;8;0.0;0.0;0.0;0.0;0.0;0.0;0.0;0.0;0.0;0.0;0.0;0.0;0.0;0.0;0.0;0.0;0.0;0.0;0.0;0.0;0.0;0.0;0.0;0.0;0.0;0.0;0.0;0.0;0.0;0.0;0.0;0.0
Tamboril;SUCESSO;-4.9333333333333;-40.533333333333;2007;9;0.0;0.0;0.0;0.0;0.0;0.0;0.0;0.0;0.0;0.0;0.0;0.0;0.0;0.0;0.0;0.0;0.0;0.0;0.0;0.0;0.0;0.0;0.0;0.0;0.0;0.0;0.0;0.0;0.0;0.0;0.0;888.0
Tamboril;SUCESSO;-4.9333333333333;-40.533333333333;2007;10;0.0;0.0;0.0;0.0;0.0;0.0;0.0;0.0;0.0;0.0;0.0;0.0;0.0;0.0;0.0;0.0;0.0;0.0;0.0;0.0;0.0;0.0;0.0;0.0;0.0;0.0;0.0;0.0;0.0;0.0;0.0;0.0
Tamboril;SUCESSO;-4.9333333333333;-40.533333333333;2007;11;0.0;0.0;0.0;0.0;0.0;0.0;0.0;0.0;0.0;0.0;0.0;0.0;0.0;0.0;0.0;0.0;0.0;0.0;0.0;0.0;0.0;0.0;0.0;0.0;0.0;0.0;0.0;0.0;0.0;0.0;0.0;888.0
Tamboril;SUCESSO;-4.9333333333333;-40.533333333333;2007;12;0.0;0.0;999.0;999.0;999.0;999.0;999.0;999.0;999.0;999.0;999.0;999.0;999.0;999.0;999.0;999.0;999.0;999.0;999.0;999.0;999.0;999.0;999.0;999.0;999.0;999.0;999.0;999.0;999.0;999.0;999.0;999.0
Tamboril;SUCESSO;-4.9333333333333;-40.533333333333;2008;12;0.0;0.0;999.0;999.0;999.0;999.0;999.0;999.0;999.0;999.0;999.0;999.0;999.0;999.0;999.0;999.0;999.0;999.0;999.0;999.0;999.0;999.0;999.0;999.0;999.0;999.0;999.0;999.0;999.0;999.0;999.0;999.0
Tamboril;SUCESSO;-4.9333333333333;-40.533333333333;2009;5;0.0;999.0;999.0;999.0;999.0;999.0;999.0;999.0;999.0;999.0;999.0;999.0;999.0;999.0;999.0;999.0;999.0;999.0;999.0;999.0;999.0;999.0;999.0;999.0;999.0;999.0;999.0;999.0;999.0;999.0;999.0;999.0
