Municipios;Postos;Latitude;Longitude;Anos;Meses;Total;Dia1;Dia2;Dia3;Dia4;Dia5;Dia6;Dia7;Dia8;Dia9;Dia10;Dia11;Dia12;Dia13;Dia14;Dia15;Dia16;Dia17;Dia18;Dia19;Dia20;Dia21;Dia22;Dia23;Dia24;Dia25;Dia26;Dia27;Dia28;Dia29;Dia30;Dia31
Alto Santo;COMUNIDADE BAIXA UMBURANA;-5.6690277777778;-38.120277777778;2001;1;65.2;0.0;0.0;0.0;0.0;0.0;0.0;0.0;0.0;0.0;0.0;0.0;9.0;56.2;0.0;0.0;0.0;0.0;0.0;0.0;0.0;0.0;0.0;0.0;0.0;0.0;0.0;0.0;0.0;0.0;0.0;0.0
Alto Santo;COMUNIDADE BAIXA UMBURANA;-5.6690277777778;-38.120277777778;2001;2;16.2;0.0;4.2;7.2;0.0;0.0;0.0;0.0;4.8;0.0;0.0;0.0;0.0;0.0;0.0;0.0;0.0;0.0;0.0;0.0;0.0;0.0;0.0;0.0;0.0;0.0;0.0;0.0;0.0;888.0;888.0;888.0
Alto Santo;COMUNIDADE BAIXA UMBURANA;-5.6690277777778;-38.120277777778;2001;3;189.8;1.2;0.0;0.0;0.0;0.0;0.0;0.0;0.0;13.2;25.0;0.0;21.2;49.0;0.0;0.0;0.0;0.0;0.0;0.0;0.0;72.0;0.0;0.0;0.0;0.0;0.0;0.0;0.0;0.0;8.2;0.0
Alto Santo;COMUNIDADE BAIXA UMBURANA;-5.6690277777778;-38.120277777778;2001;4;90.2;0.0;0.0;0.0;0.0;0.0;0.0;0.0;0.0;0.0;0.0;0.0;30.0;35.8;0.0;0.0;0.0;0.0;0.0;14.4;0.0;0.0;0.0;0.0;0.0;0.0;0.0;0.0;10.0;0.0;0.0;888.0
Alto Santo;COMUNIDADE BAIXA UMBURANA;-5.6690277777778;-38.120277777778;2001;5;88.0;0.0;0.0;0.0;0.0;0.0;0.0;0.0;0.0;0.0;0.0;0.0;0.0;0.0;0.0;0.0;0.0;0.0;0.0;0.0;73.0;0.0;0.0;0.0;0.0;15.0;0.0;0.0;0.0;0.0;0.0;0.0
Alto Santo;COMUNIDADE BAIXA UMBURANA;-5.6690277777778;-38.120277777778;2001;6;58.8;22.0;0.0;17.0;0.0;0.0;0.0;0.0;0.0;0.0;0.0;0.0;0.0;9.2;0.0;0.0;0.0;0.0;0.0;0.0;0.0;0.0;10.6;0.0;0.0;0.0;0.0;0.0;0.0;0.0;0.0;888.0
Alto Santo;COMUNIDADE BAIXA UMBURANA;-5.6690277777778;-38.120277777778;2001;7;0.0;0.0;0.0;0.0;0.0;0.0;0.0;0.0;0.0;0.0;0.0;0.0;0.0;0.0;0.0;0.0;0.0;0.0;0.0;0.0;0.0;0.0;0.0;0.0;0.0;0.0;0.0;0.0;0.0;0.0;0.0;0.0
Alto Santo;COMUNIDADE BAIXA UMBURANA;-5.6690277777778;-38.120277777778;2001;8;0.0;0.0;0.0;0.0;0.0;0.0;0.0;0.0;0.0;0.0;0.0;0.0;0.0;0.0;0.0;0.0;0.0;0.0;0.0;0.0;0.0;0.0;0.0;0.0;0.0;0.0;0.0;0.0;0.0;0.0;0.0;0.0
Alto Santo;COMUNIDADE BAIXA UMBURANA;-5.6690277777778;-38.120277777778;2001;9;0.0;0.0;0.0;0.0;0.0;0.0;0.0;0.0;0.0;0.0;0.0;0.0;0.0;0.0;0.0;0.0;0.0;0.0;0.0;0.0;0.0;0.0;0.0;0.0;0.0;0.0;0.0;0.0;0.0;0.0;0.0;888.0
Alto Santo;COMUNIDADE BAIXA UMBURANA;-5.6690277777778;-38.120277777778;2001;10;0.0;0.0;0.0;0.0;0.0;0.0;0.0;0.0;0.0;0.0;0.0;0.0;0.0;0.0;0.0;0.0;0.0;0.0;0.0;0.0;0.0;0.0;0.0;0.0;0.0;0.0;0.0;0.0;0.0;0.0;0.0;0.0
Alto Santo;COMUNIDADE BAIXA UMBURANA;-5.6690277777778;-38.120277777778;2001;11;0.0;0.0;0.0;0.0;0.0;0.0;0.0;0.0;0.0;0.0;0.0;0.0;0.0;0.0;0.0;0.0;0.0;0.0;0.0;0.0;0.0;0.0;0.0;0.0;0.0;0.0;0.0;0.0;0.0;0.0;0.0;888.0
Alto Santo;COMUNIDADE BAIXA UMBURANA;-5.6690277777778;-38.120277777778;2001;12;0.0;0.0;0.0;0.0;0.0;0.0;0.0;0.0;0.0;0.0;0.0;0.0;0.0;0.0;0.0;0.0;0.0;0.0;0.0;0.0;0.0;0.0;0.0;0.0;0.0;0.0;0.0;0.0;0.0;0.0;0.0;0.0
Alto Santo;COMUNIDADE BAIXA UMBURANA;-5.6690277777778;-38.120277777778;2002;1;163.5;0.0;0.0;0.0;0.0;9.0;30.0;0.0;0.0;0.0;16.0;0.0;19.0;22.5;0.0;0.0;0.0;19.0;0.0;0.0;0.0;48.0;0.0;0.0;0.0;0.0;0.0;0.0;0.0;0.0;0.0;0.0
Alto Santo;COMUNIDADE BAIXA UMBURANA;-5.6690277777778;-38.120277777778;2002;2;51.0;0.0;0.0;0.0;23.0;0.0;0.0;0.0;0.0;6.0;0.0;0.0;10.0;12.0;0.0;0.0;0.0;0.0;0.0;0.0;0.0;0.0;0.0;0.0;0.0;0.0;0.0;0.0;0.0;888.0;888.0;888.0
Alto Santo;COMUNIDADE BAIXA UMBURANA;-5.6690277777778;-38.120277777778;2002;3;300.0;0.0;4.0;0.0;4.0;55.0;0.0;0.0;21.0;0.0;0.0;0.0;0.0;0.0;0.0;0.0;13.0;41.0;45.0;0.0;0.0;0.0;0.0;8.0;0.0;0.0;0.0;0.0;64.0;0.0;45.0;0.0
Alto Santo;COMUNIDADE BAIXA UMBURANA;-5.6690277777778;-38.120277777778;2002;4;203.0;0.0;0.0;0.0;0.0;50.0;6.0;0.0;0.0;0.0;0.0;0.0;0.0;0.0;0.0;0.0;0.0;0.0;0.0;22.0;0.0;0.0;0.0;0.0;0.0;0.0;65.0;42.0;0.0;18.0;0.0;888.0
Alto Santo;COMUNIDADE BAIXA UMBURANA;-5.6690277777778;-38.120277777778;2002;5;217.0;0.0;85.0;0.0;0.0;0.0;73.0;0.0;0.0;0.0;0.0;0.0;0.0;0.0;0.0;0.0;59.0;0.0;0.0;0.0;0.0;0.0;0.0;0.0;0.0;0.0;0.0;0.0;0.0;0.0;0.0;0.0
Alto Santo;COMUNIDADE BAIXA UMBURANA;-5.6690277777778;-38.120277777778;2002;6;0.0;0.0;0.0;0.0;0.0;0.0;0.0;0.0;0.0;0.0;0.0;0.0;0.0;0.0;0.0;0.0;0.0;0.0;0.0;0.0;0.0;0.0;0.0;0.0;0.0;0.0;0.0;0.0;0.0;0.0;0.0;888.0
Alto Santo;COMUNIDADE BAIXA UMBURANA;-5.6690277777778;-38.120277777778;2002;7;0.0;0.0;0.0;0.0;0.0;0.0;0.0;0.0;0.0;0.0;0.0;0.0;0.0;0.0;0.0;0.0;0.0;0.0;0.0;0.0;0.0;0.0;0.0;0.0;0.0;0.0;0.0;0.0;0.0;0.0;0.0;0.0
Alto Santo;COMUNIDADE BAIXA UMBURANA;-5.6690277777778;-38.120277777778;2002;8;0.0;0.0;0.0;0.0;0.0;0.0;0.0;0.0;0.0;0.0;0.0;0.0;0.0;0.0;0.0;0.0;0.0;0.0;0.0;0.0;0.0;0.0;0.0;0.0;0.0;0.0;0.0;0.0;0.0;0.0;0.0;0.0
Alto Santo;COMUNIDADE BAIXA UMBURANA;-5.6690277777778;-38.120277777778;2002;9;0.0;0.0;0.0;0.0;0.0;0.0;0.0;0.0;0.0;0.0;0.0;0.0;0.0;0.0;0.0;0.0;0.0;0.0;0.0;0.0;0.0;0.0;0.0;0.0;0.0;0.0;0.0;0.0;0.0;0.0;0.0;888.0
Alto Santo;COMUNIDADE BAIXA UMBURANA;-5.6690277777778;-38.120277777778;2002;10;0.0;0.0;0.0;0.0;0.0;0.0;0.0;0.0;0.0;0.0;0.0;0.0;0.0;0.0;0.0;0.0;0.0;0.0;0.0;0.0;0.0;0.0;0.0;0.0;0.0;0.0;0.0;0.0;0.0;0.0;0.0;0.0
Alto Santo;COMUNIDADE BAIXA UMBURANA;-5.6690277777778;-38.120277777778;2002;11;0.0;0.0;0.0;0.0;0.0;0.0;0.0;0.0;0.0;0.0;0.0;0.0;0.0;0.0;0.0;0.0;0.0;0.0;0.0;0.0;0.0;0.0;0.0;0.0;0.0;0.0;0.0;0.0;0.0;0.0;0.0;888.0
Alto Santo;COMUNIDADE BAIXA UMBURANA;-5.6690277777778;-38.120277777778;2002;12;0.0;0.0;0.0;0.0;0.0;0.0;0.0;0.0;0.0;0.0;0.0;0.0;0.0;0.0;0.0;0.0;0.0;0.0;0.0;0.0;0.0;0.0;0.0;0.0;0.0;0.0;0.0;0.0;0.0;0.0;0.0;0.0
Alto Santo;COMUNIDADE BAIXA UMBURANA;-5.6690277777778;-38.120277777778;2003;1;111.0;0.0;0.0;0.0;0.0;0.0;0.0;0.0;0.0;0.0;0.0;0.0;0.0;0.0;0.0;0.0;0.0;0.0;26.0;0.0;0.0;0.0;26.0;0.0;0.0;0.0;0.0;42.0;0.0;0.0;0.0;17.0
Alto Santo;COMUNIDADE BAIXA UMBURANA;-5.6690277777778;-38.120277777778;2003;2;76.0;0.0;0.0;0.0;0.0;0.0;0.0;0.0;0.0;0.0;21.0;0.0;0.0;0.0;0.0;0.0;0.0;0.0;0.0;10.0;12.0;0.0;0.0;33.0;0.0;0.0;0.0;0.0;0.0;888.0;888.0;888.0
Alto Santo;COMUNIDADE BAIXA UMBURANA;-5.6690277777778;-38.120277777778;2003;3;93.0;0.0;0.0;19.0;0.0;0.0;0.0;0.0;0.0;0.0;0.0;0.0;0.0;0.0;14.0;0.0;0.0;0.0;0.0;0.0;0.0;27.0;0.0;0.0;0.0;14.0;0.0;0.0;0.0;0.0;0.0;19.0
Alto Santo;COMUNIDADE BAIXA UMBURANA;-5.6690277777778;-38.120277777778;2003;4;115.0;0.0;12.0;0.0;0.0;15.0;0.0;0.0;0.0;0.0;10.0;0.0;27.0;0.0;0.0;0.0;0.0;0.0;10.0;8.0;0.0;27.0;0.0;0.0;0.0;0.0;0.0;0.0;0.0;6.0;0.0;888.0
Alto Santo;COMUNIDADE BAIXA UMBURANA;-5.6690277777778;-38.120277777778;2003;5;72.0;0.0;0.0;30.0;0.0;0.0;0.0;0.0;0.0;0.0;0.0;0.0;0.0;30.0;0.0;0.0;0.0;0.0;0.0;0.0;0.0;0.0;0.0;0.0;0.0;0.0;0.0;0.0;0.0;12.0;0.0;0.0
Alto Santo;COMUNIDADE BAIXA UMBURANA;-5.6690277777778;-38.120277777778;2003;6;0.0;0.0;0.0;0.0;0.0;0.0;0.0;0.0;0.0;0.0;0.0;0.0;0.0;0.0;0.0;0.0;0.0;0.0;0.0;0.0;0.0;0.0;0.0;0.0;0.0;0.0;0.0;0.0;0.0;0.0;0.0;888.0
Alto Santo;COMUNIDADE BAIXA UMBURANA;-5.6690277777778;-38.120277777778;2003;7;0.0;0.0;0.0;0.0;0.0;0.0;0.0;0.0;0.0;0.0;0.0;0.0;0.0;0.0;0.0;0.0;0.0;0.0;0.0;0.0;0.0;0.0;0.0;0.0;0.0;0.0;0.0;0.0;0.0;0.0;0.0;0.0
Alto Santo;COMUNIDADE BAIXA UMBURANA;-5.6690277777778;-38.120277777778;2003;8;0.0;0.0;0.0;0.0;0.0;0.0;0.0;0.0;0.0;0.0;0.0;0.0;0.0;0.0;0.0;0.0;0.0;0.0;0.0;0.0;0.0;0.0;0.0;0.0;0.0;0.0;0.0;0.0;0.0;0.0;0.0;0.0
Alto Santo;COMUNIDADE BAIXA UMBURANA;-5.6690277777778;-38.120277777778;2003;9;0.0;0.0;0.0;0.0;0.0;0.0;0.0;0.0;0.0;0.0;0.0;0.0;0.0;0.0;0.0;0.0;0.0;0.0;0.0;0.0;0.0;0.0;0.0;0.0;0.0;0.0;0.0;0.0;0.0;0.0;0.0;888.0
Alto Santo;COMUNIDADE BAIXA UMBURANA;-5.6690277777778;-38.120277777778;2003;10;0.0;0.0;0.0;0.0;0.0;0.0;0.0;0.0;0.0;0.0;0.0;0.0;0.0;0.0;0.0;0.0;0.0;0.0;0.0;0.0;0.0;0.0;0.0;0.0;0.0;0.0;0.0;0.0;0.0;0.0;0.0;0.0
Alto Santo;COMUNIDADE BAIXA UMBURANA;-5.6690277777778;-38.120277777778;2003;11;0.0;0.0;0.0;0.0;0.0;0.0;0.0;0.0;0.0;0.0;0.0;0.0;0.0;0.0;0.0;0.0;0.0;0.0;0.0;0.0;0.0;0.0;0.0;0.0;0.0;0.0;0.0;0.0;0.0;0.0;0.0;888.0
Alto Santo;COMUNIDADE BAIXA UMBURANA;-5.6690277777778;-38.120277777778;2003;12;0.0;0.0;0.0;0.0;0.0;0.0;0.0;0.0;0.0;0.0;0.0;0.0;0.0;0.0;0.0;0.0;0.0;0.0;0.0;0.0;0.0;0.0;0.0;0.0;0.0;0.0;0.0;0.0;0.0;0.0;0.0;0.0
Alto Santo;COMUNIDADE BAIXA UMBURANA;-5.6690277777778;-38.120277777778;2004;1;469.0;0.0;9.0;0.0;0.0;0.0;0.0;0.0;0.0;0.0;0.0;0.0;0.0;0.0;63.0;0.0;0.0;85.0;0.0;0.0;0.0;30.0;30.0;47.0;0.0;31.0;0.0;77.0;97.0;0.0;0.0;0.0
Alto Santo;COMUNIDADE BAIXA UMBURANA;-5.6690277777778;-38.120277777778;2004;2;166.0;75.0;0.0;0.0;45.0;0.0;0.0;0.0;0.0;0.0;0.0;0.0;0.0;0.0;0.0;23.0;0.0;0.0;0.0;0.0;0.0;0.0;0.0;0.0;0.0;0.0;0.0;0.0;23.0;0.0;888.0;888.0
Alto Santo;COMUNIDADE BAIXA UMBURANA;-5.6690277777778;-38.120277777778;2004;3;50.0;0.0;0.0;0.0;0.0;0.0;0.0;25.0;0.0;25.0;0.0;0.0;0.0;0.0;0.0;0.0;0.0;0.0;0.0;0.0;0.0;0.0;0.0;0.0;0.0;0.0;0.0;0.0;0.0;0.0;0.0;0.0
Alto Santo;COMUNIDADE BAIXA UMBURANA;-5.6690277777778;-38.120277777778;2004;4;87.0;0.0;0.0;0.0;0.0;16.0;0.0;0.0;0.0;0.0;0.0;0.0;0.0;0.0;0.0;0.0;0.0;7.0;0.0;0.0;0.0;0.0;0.0;10.0;0.0;24.0;0.0;0.0;0.0;0.0;30.0;888.0
Alto Santo;COMUNIDADE BAIXA UMBURANA;-5.6690277777778;-38.120277777778;2004;5;0.0;0.0;0.0;0.0;0.0;0.0;0.0;0.0;0.0;0.0;0.0;0.0;0.0;0.0;0.0;0.0;0.0;0.0;0.0;0.0;0.0;0.0;0.0;0.0;0.0;0.0;0.0;0.0;0.0;0.0;0.0;0.0
Alto Santo;COMUNIDADE BAIXA UMBURANA;-5.6690277777778;-38.120277777778;2004;6;77.0;30.0;0.0;0.0;0.0;0.0;0.0;0.0;0.0;0.0;21.0;0.0;0.0;0.0;16.0;0.0;0.0;0.0;0.0;0.0;0.0;0.0;0.0;0.0;0.0;0.0;0.0;0.0;0.0;10.0;0.0;888.0
Alto Santo;COMUNIDADE BAIXA UMBURANA;-5.6690277777778;-38.120277777778;2004;7;67.0;0.0;0.0;0.0;0.0;0.0;0.0;0.0;0.0;67.0;0.0;0.0;0.0;0.0;0.0;0.0;0.0;0.0;0.0;0.0;0.0;0.0;0.0;0.0;0.0;0.0;0.0;0.0;0.0;0.0;0.0;0.0
Alto Santo;COMUNIDADE BAIXA UMBURANA;-5.6690277777778;-38.120277777778;2004;8;0.0;0.0;0.0;0.0;0.0;0.0;0.0;0.0;0.0;0.0;0.0;0.0;0.0;0.0;0.0;0.0;0.0;0.0;0.0;0.0;0.0;0.0;0.0;0.0;0.0;0.0;0.0;0.0;0.0;0.0;0.0;0.0
Alto Santo;COMUNIDADE BAIXA UMBURANA;-5.6690277777778;-38.120277777778;2004;9;0.0;0.0;0.0;0.0;0.0;0.0;0.0;0.0;0.0;0.0;0.0;0.0;0.0;0.0;0.0;0.0;0.0;0.0;0.0;0.0;0.0;0.0;0.0;0.0;0.0;0.0;0.0;0.0;0.0;0.0;0.0;888.0
Alto Santo;COMUNIDADE BAIXA UMBURANA;-5.6690277777778;-38.120277777778;2004;10;0.0;0.0;0.0;0.0;0.0;0.0;0.0;0.0;0.0;0.0;0.0;0.0;0.0;0.0;0.0;0.0;0.0;0.0;0.0;0.0;0.0;0.0;0.0;0.0;0.0;0.0;0.0;0.0;0.0;0.0;0.0;0.0
Alto Santo;COMUNIDADE BAIXA UMBURANA;-5.6690277777778;-38.120277777778;2004;11;0.0;0.0;0.0;0.0;0.0;0.0;0.0;0.0;0.0;0.0;0.0;0.0;0.0;0.0;0.0;0.0;0.0;0.0;0.0;0.0;0.0;0.0;0.0;0.0;0.0;0.0;0.0;0.0;0.0;0.0;0.0;888.0
Alto Santo;COMUNIDADE BAIXA UMBURANA;-5.6690277777778;-38.120277777778;2004;12;0.0;0.0;0.0;0.0;0.0;0.0;0.0;0.0;0.0;0.0;0.0;0.0;0.0;0.0;0.0;0.0;0.0;0.0;0.0;0.0;0.0;0.0;0.0;0.0;0.0;0.0;0.0;0.0;0.0;0.0;0.0;0.0
Alto Santo;COMUNIDADE BAIXA UMBURANA;-5.6690277777778;-38.120277777778;2005;1;0.0;0.0;0.0;0.0;0.0;0.0;0.0;0.0;0.0;0.0;0.0;0.0;0.0;0.0;0.0;0.0;0.0;0.0;0.0;0.0;0.0;0.0;0.0;0.0;0.0;0.0;0.0;0.0;0.0;0.0;0.0;0.0
Alto Santo;COMUNIDADE BAIXA UMBURANA;-5.6690277777778;-38.120277777778;2005;2;69.5;0.0;0.0;0.0;0.0;0.0;0.0;0.0;0.0;0.0;0.0;0.0;0.0;0.0;0.0;0.0;8.5;55.5;0.0;0.0;0.0;0.0;0.0;0.0;5.5;0.0;0.0;0.0;0.0;888.0;888.0;888.0
Alto Santo;COMUNIDADE BAIXA UMBURANA;-5.6690277777778;-38.120277777778;2005;3;142.0;0.0;0.0;0.0;0.0;0.0;0.0;0.0;0.0;0.0;0.0;0.0;0.0;0.0;0.0;0.0;0.0;0.0;0.0;25.0;7.0;0.0;0.0;0.0;0.0;0.0;0.0;0.0;94.0;16.0;0.0;0.0
Alto Santo;COMUNIDADE BAIXA UMBURANA;-5.6690277777778;-38.120277777778;2005;4;68.5;0.0;0.0;17.0;0.0;0.0;0.0;0.0;0.0;0.0;0.0;0.0;0.0;0.0;0.0;0.0;0.0;12.0;0.0;0.0;0.0;0.0;0.0;0.0;0.0;0.0;0.0;0.0;0.0;26.0;13.5;888.0
Alto Santo;COMUNIDADE BAIXA UMBURANA;-5.6690277777778;-38.120277777778;2005;5;127.0;0.0;0.0;27.0;0.0;0.0;0.0;0.0;0.0;0.0;0.0;0.0;0.0;0.0;0.0;0.0;0.0;73.0;0.0;0.0;0.0;0.0;0.0;0.0;0.0;0.0;27.0;0.0;0.0;0.0;0.0;0.0
Alto Santo;COMUNIDADE BAIXA UMBURANA;-5.6690277777778;-38.120277777778;2005;6;5.0;0.0;0.0;0.0;0.0;0.0;0.0;0.0;0.0;0.0;0.0;0.0;0.0;0.0;0.0;0.0;0.0;0.0;0.0;0.0;5.0;0.0;0.0;0.0;0.0;0.0;0.0;0.0;0.0;0.0;0.0;888.0
Alto Santo;COMUNIDADE BAIXA UMBURANA;-5.6690277777778;-38.120277777778;2005;7;0.0;0.0;0.0;0.0;0.0;0.0;0.0;0.0;0.0;0.0;0.0;0.0;0.0;0.0;0.0;0.0;0.0;0.0;0.0;0.0;0.0;0.0;0.0;0.0;0.0;0.0;0.0;0.0;0.0;0.0;0.0;0.0
Alto Santo;COMUNIDADE BAIXA UMBURANA;-5.6690277777778;-38.120277777778;2005;8;0.0;0.0;0.0;0.0;0.0;0.0;0.0;0.0;0.0;0.0;0.0;0.0;0.0;0.0;0.0;0.0;0.0;0.0;0.0;0.0;0.0;0.0;0.0;0.0;0.0;0.0;0.0;0.0;0.0;0.0;0.0;0.0
Alto Santo;COMUNIDADE BAIXA UMBURANA;-5.6690277777778;-38.120277777778;2005;9;0.0;0.0;0.0;0.0;0.0;0.0;0.0;0.0;0.0;0.0;0.0;0.0;0.0;0.0;0.0;0.0;0.0;0.0;0.0;0.0;0.0;0.0;0.0;0.0;0.0;0.0;0.0;0.0;0.0;0.0;0.0;888.0
Alto Santo;COMUNIDADE BAIXA UMBURANA;-5.6690277777778;-38.120277777778;2005;10;0.0;0.0;0.0;0.0;0.0;0.0;0.0;0.0;0.0;0.0;0.0;0.0;0.0;0.0;0.0;0.0;0.0;0.0;0.0;0.0;0.0;0.0;0.0;0.0;0.0;0.0;0.0;0.0;0.0;0.0;0.0;0.0
Alto Santo;COMUNIDADE BAIXA UMBURANA;-5.6690277777778;-38.120277777778;2005;11;0.0;0.0;0.0;0.0;0.0;0.0;0.0;0.0;0.0;0.0;0.0;0.0;0.0;0.0;0.0;0.0;0.0;0.0;0.0;0.0;0.0;0.0;0.0;0.0;0.0;0.0;0.0;0.0;0.0;0.0;0.0;888.0
Alto Santo;COMUNIDADE BAIXA UMBURANA;-5.6690277777778;-38.120277777778;2005;12;0.0;0.0;0.0;0.0;0.0;0.0;0.0;0.0;0.0;0.0;0.0;0.0;0.0;0.0;0.0;0.0;0.0;0.0;0.0;0.0;0.0;0.0;0.0;0.0;0.0;0.0;0.0;0.0;0.0;0.0;0.0;0.0
Alto Santo;COMUNIDADE BAIXA UMBURANA;-5.6690277777778;-38.120277777778;2006;1;0.0;0.0;0.0;0.0;0.0;0.0;0.0;0.0;0.0;0.0;0.0;0.0;0.0;0.0;0.0;0.0;0.0;0.0;0.0;0.0;0.0;0.0;0.0;0.0;0.0;0.0;0.0;0.0;0.0;0.0;0.0;0.0
Alto Santo;COMUNIDADE BAIXA UMBURANA;-5.6690277777778;-38.120277777778;2006;2;56.0;0.0;0.0;0.0;0.0;0.0;0.0;0.0;0.0;0.0;0.0;0.0;0.0;0.0;0.0;23.0;0.0;0.0;0.0;0.0;0.0;0.0;0.0;0.0;0.0;0.0;0.0;0.0;33.0;888.0;888.0;888.0
Alto Santo;COMUNIDADE BAIXA UMBURANA;-5.6690277777778;-38.120277777778;2006;3;167.0;0.0;0.0;0.0;0.0;0.0;0.0;0.0;0.0;0.0;0.0;0.0;0.0;0.0;0.0;0.0;0.0;0.0;48.0;0.0;0.0;0.0;63.0;0.0;25.0;0.0;0.0;0.0;0.0;0.0;0.0;31.0
Alto Santo;COMUNIDADE BAIXA UMBURANA;-5.6690277777778;-38.120277777778;2006;4;0.0;0.0;0.0;0.0;0.0;0.0;0.0;0.0;0.0;0.0;0.0;0.0;0.0;0.0;0.0;0.0;0.0;0.0;0.0;0.0;0.0;0.0;0.0;0.0;0.0;0.0;0.0;0.0;0.0;0.0;0.0;888.0
Alto Santo;COMUNIDADE BAIXA UMBURANA;-5.6690277777778;-38.120277777778;2006;5;170.0;0.0;0.0;20.0;0.0;0.0;49.0;12.0;9.0;0.0;30.0;0.0;0.0;0.0;0.0;0.0;0.0;0.0;0.0;0.0;0.0;0.0;0.0;50.0;0.0;0.0;0.0;0.0;0.0;0.0;0.0;0.0
Alto Santo;COMUNIDADE BAIXA UMBURANA;-5.6690277777778;-38.120277777778;2006;6;46.0;0.0;0.0;0.0;0.0;0.0;16.0;0.0;0.0;0.0;0.0;0.0;0.0;0.0;0.0;15.0;0.0;15.0;0.0;0.0;0.0;0.0;0.0;0.0;0.0;0.0;0.0;0.0;0.0;0.0;0.0;888.0
Alto Santo;COMUNIDADE BAIXA UMBURANA;-5.6690277777778;-38.120277777778;2006;7;0.0;0.0;0.0;0.0;0.0;0.0;0.0;0.0;0.0;0.0;0.0;0.0;0.0;0.0;0.0;0.0;0.0;0.0;0.0;0.0;0.0;0.0;0.0;0.0;0.0;0.0;0.0;0.0;0.0;0.0;0.0;0.0
Alto Santo;COMUNIDADE BAIXA UMBURANA;-5.6690277777778;-38.120277777778;2006;8;0.0;0.0;0.0;0.0;0.0;0.0;0.0;0.0;0.0;0.0;0.0;0.0;0.0;0.0;0.0;0.0;0.0;0.0;0.0;0.0;0.0;0.0;0.0;0.0;0.0;0.0;0.0;0.0;0.0;0.0;0.0;0.0
Alto Santo;COMUNIDADE BAIXA UMBURANA;-5.6690277777778;-38.120277777778;2006;9;0.0;0.0;0.0;0.0;0.0;0.0;0.0;0.0;0.0;0.0;0.0;0.0;0.0;0.0;0.0;0.0;0.0;0.0;0.0;0.0;0.0;0.0;0.0;0.0;0.0;0.0;0.0;0.0;0.0;0.0;0.0;888.0
Alto Santo;COMUNIDADE BAIXA UMBURANA;-5.6690277777778;-38.120277777778;2006;10;0.0;0.0;0.0;0.0;0.0;0.0;0.0;0.0;0.0;0.0;0.0;0.0;0.0;0.0;0.0;0.0;0.0;0.0;0.0;0.0;0.0;0.0;0.0;0.0;0.0;0.0;0.0;0.0;0.0;0.0;0.0;0.0
Alto Santo;COMUNIDADE BAIXA UMBURANA;-5.6690277777778;-38.120277777778;2006;11;9.0;0.0;0.0;0.0;0.0;0.0;0.0;0.0;0.0;0.0;9.0;0.0;0.0;0.0;0.0;0.0;0.0;0.0;0.0;0.0;0.0;0.0;0.0;0.0;0.0;0.0;0.0;0.0;0.0;0.0;0.0;888.0
Alto Santo;COMUNIDADE BAIXA UMBURANA;-5.6690277777778;-38.120277777778;2006;12;4.0;0.0;0.0;0.0;0.0;0.0;0.0;0.0;0.0;0.0;0.0;0.0;0.0;0.0;0.0;0.0;0.0;0.0;0.0;0.0;0.0;0.0;0.0;0.0;0.0;0.0;0.0;0.0;0.0;4.0;0.0;0.0
Alto Santo;COMUNIDADE BAIXA UMBURANA;-5.6690277777778;-38.120277777778;2007;1;0.0;0.0;0.0;0.0;0.0;0.0;0.0;0.0;0.0;0.0;0.0;0.0;0.0;0.0;0.0;0.0;0.0;0.0;0.0;0.0;0.0;0.0;0.0;0.0;0.0;0.0;0.0;0.0;0.0;0.0;0.0;0.0
Alto Santo;COMUNIDADE BAIXA UMBURANA;-5.6690277777778;-38.120277777778;2007;2;0.0;0.0;999.0;999.0;999.0;999.0;999.0;999.0;999.0;999.0;999.0;999.0;999.0;999.0;999.0;999.0;999.0;999.0;999.0;999.0;999.0;999.0;999.0;999.0;999.0;999.0;999.0;999.0;999.0;888.0;888.0;888.0
Alto Santo;COMUNIDADE BAIXA UMBURANA;-5.6690277777778;-38.120277777778;2007;3;91.0;7.0;0.0;0.0;0.0;0.0;0.0;22.0;0.0;0.0;0.0;0.0;0.0;0.0;0.0;0.0;15.0;0.0;0.0;7.0;0.0;0.0;0.0;0.0;0.0;0.0;0.0;40.0;0.0;0.0;0.0;0.0
Alto Santo;COMUNIDADE BAIXA UMBURANA;-5.6690277777778;-38.120277777778;2007;4;157.0;24.0;14.0;0.0;0.0;0.0;0.0;0.0;0.0;0.0;0.0;0.0;0.0;0.0;0.0;0.0;0.0;9.0;28.0;7.0;0.0;17.0;0.0;0.0;20.0;0.0;15.0;0.0;12.0;11.0;0.0;888.0
Alto Santo;COMUNIDADE BAIXA UMBURANA;-5.6690277777778;-38.120277777778;2007;5;39.0;21.0;0.0;0.0;0.0;0.0;0.0;0.0;0.0;0.0;0.0;0.0;0.0;0.0;0.0;0.0;0.0;0.0;0.0;0.0;18.0;0.0;0.0;0.0;0.0;0.0;0.0;0.0;0.0;0.0;0.0;0.0
Alto Santo;COMUNIDADE BAIXA UMBURANA;-5.6690277777778;-38.120277777778;2007;6;13.0;0.0;0.0;0.0;0.0;0.0;0.0;0.0;0.0;0.0;0.0;0.0;0.0;13.0;0.0;0.0;0.0;0.0;0.0;0.0;0.0;0.0;0.0;0.0;0.0;0.0;0.0;0.0;0.0;0.0;0.0;888.0
Alto Santo;COMUNIDADE BAIXA UMBURANA;-5.6690277777778;-38.120277777778;2007;7;16.0;0.0;0.0;0.0;0.0;0.0;0.0;0.0;0.0;0.0;0.0;0.0;0.0;0.0;0.0;0.0;0.0;0.0;0.0;0.0;0.0;0.0;0.0;16.0;0.0;0.0;0.0;0.0;0.0;0.0;0.0;0.0
Alto Santo;COMUNIDADE BAIXA UMBURANA;-5.6690277777778;-38.120277777778;2007;8;0.0;0.0;0.0;0.0;0.0;0.0;0.0;0.0;0.0;0.0;0.0;0.0;0.0;0.0;0.0;0.0;0.0;0.0;0.0;0.0;0.0;0.0;0.0;0.0;0.0;0.0;0.0;0.0;0.0;0.0;0.0;0.0
Alto Santo;COMUNIDADE BAIXA UMBURANA;-5.6690277777778;-38.120277777778;2007;9;0.0;0.0;0.0;0.0;0.0;0.0;0.0;0.0;0.0;0.0;0.0;0.0;0.0;0.0;0.0;0.0;0.0;0.0;0.0;0.0;0.0;0.0;0.0;0.0;0.0;0.0;0.0;0.0;0.0;0.0;0.0;888.0
Alto Santo;COMUNIDADE BAIXA UMBURANA;-5.6690277777778;-38.120277777778;2007;10;0.0;0.0;0.0;0.0;0.0;0.0;0.0;0.0;0.0;0.0;0.0;0.0;0.0;0.0;0.0;0.0;0.0;0.0;0.0;0.0;0.0;0.0;0.0;0.0;0.0;0.0;0.0;0.0;0.0;0.0;0.0;0.0
Alto Santo;COMUNIDADE BAIXA UMBURANA;-5.6690277777778;-38.120277777778;2007;11;0.0;0.0;0.0;0.0;0.0;0.0;0.0;0.0;0.0;0.0;0.0;0.0;0.0;0.0;0.0;0.0;0.0;0.0;0.0;0.0;0.0;0.0;0.0;0.0;0.0;0.0;0.0;0.0;0.0;0.0;0.0;888.0
Alto Santo;COMUNIDADE BAIXA UMBURANA;-5.6690277777778;-38.120277777778;2007;12;0.0;0.0;0.0;0.0;0.0;0.0;0.0;0.0;0.0;0.0;0.0;0.0;0.0;0.0;0.0;0.0;0.0;0.0;0.0;0.0;0.0;0.0;0.0;0.0;0.0;0.0;0.0;0.0;0.0;0.0;0.0;0.0
Alto Santo;COMUNIDADE BAIXA UMBURANA;-5.6690277777778;-38.120277777778;2008;1;163.0;0.0;0.0;0.0;0.0;0.0;0.0;0.0;0.0;0.0;0.0;0.0;0.0;0.0;0.0;17.0;0.0;0.0;31.0;0.0;0.0;0.0;0.0;10.0;0.0;19.0;51.0;35.0;0.0;0.0;0.0;0.0
Alto Santo;COMUNIDADE BAIXA UMBURANA;-5.6690277777778;-38.120277777778;2008;2;0.0;0.0;0.0;0.0;0.0;0.0;0.0;0.0;0.0;0.0;0.0;0.0;0.0;0.0;0.0;0.0;0.0;0.0;0.0;0.0;0.0;0.0;0.0;0.0;0.0;0.0;0.0;0.0;0.0;0.0;888.0;888.0
Alto Santo;COMUNIDADE BAIXA UMBURANA;-5.6690277777778;-38.120277777778;2008;3;362.5;6.0;0.0;0.0;0.0;5.0;0.0;0.0;0.0;0.0;0.0;0.0;10.0;12.0;0.0;39.5;53.0;0.0;0.0;0.0;29.0;0.0;25.0;20.0;0.0;81.0;0.0;56.0;0.0;26.0;0.0;0.0
Alto Santo;COMUNIDADE BAIXA UMBURANA;-5.6690277777778;-38.120277777778;2008;4;239.0;0.0;0.0;36.0;0.0;0.0;32.0;0.0;0.0;32.0;0.0;0.0;0.0;0.0;0.0;0.0;40.0;0.0;36.0;0.0;0.0;0.0;0.0;19.0;0.0;0.0;0.0;0.0;44.0;0.0;0.0;888.0
Alto Santo;COMUNIDADE BAIXA UMBURANA;-5.6690277777778;-38.120277777778;2008;5;145.0;0.0;0.0;23.0;0.0;0.0;0.0;0.0;0.0;25.0;0.0;0.0;0.0;0.0;31.0;0.0;0.0;0.0;0.0;20.0;30.0;0.0;0.0;0.0;0.0;0.0;0.0;16.0;0.0;0.0;0.0;0.0
Alto Santo;COMUNIDADE BAIXA UMBURANA;-5.6690277777778;-38.120277777778;2008;6;39.0;0.0;0.0;0.0;20.0;0.0;0.0;0.0;19.0;0.0;0.0;0.0;0.0;0.0;0.0;0.0;0.0;0.0;0.0;0.0;0.0;0.0;0.0;0.0;0.0;0.0;0.0;0.0;0.0;0.0;0.0;888.0
Alto Santo;COMUNIDADE BAIXA UMBURANA;-5.6690277777778;-38.120277777778;2008;7;0.0;0.0;0.0;0.0;0.0;0.0;0.0;0.0;0.0;0.0;0.0;0.0;0.0;0.0;0.0;0.0;0.0;0.0;0.0;0.0;0.0;0.0;0.0;0.0;0.0;0.0;0.0;0.0;0.0;0.0;0.0;0.0
Alto Santo;COMUNIDADE BAIXA UMBURANA;-5.6690277777778;-38.120277777778;2008;8;0.0;0.0;999.0;999.0;999.0;999.0;999.0;999.0;999.0;999.0;999.0;999.0;999.0;999.0;999.0;999.0;999.0;999.0;999.0;999.0;999.0;999.0;999.0;999.0;999.0;999.0;999.0;999.0;999.0;999.0;999.0;999.0
Alto Santo;COMUNIDADE BAIXA UMBURANA;-5.6690277777778;-38.120277777778;2008;12;0.0;0.0;999.0;999.0;999.0;999.0;999.0;999.0;999.0;999.0;999.0;999.0;999.0;999.0;999.0;999.0;999.0;999.0;999.0;999.0;999.0;999.0;999.0;999.0;999.0;999.0;999.0;999.0;999.0;999.0;999.0;999.0
Alto Santo;COMUNIDADE BAIXA UMBURANA;-5.6690277777778;-38.120277777778;2009;2;0.0;0.0;999.0;999.0;999.0;999.0;999.0;999.0;999.0;999.0;999.0;999.0;999.0;999.0;999.0;999.0;999.0;999.0;999.0;999.0;999.0;999.0;999.0;999.0;999.0;999.0;999.0;999.0;999.0;888.0;888.0;888.0
Alto Santo;COMUNIDADE BAIXA UMBURANA;-5.6690277777778;-38.120277777778;2009;4;0.0;0.0;999.0;999.0;999.0;999.0;999.0;999.0;999.0;999.0;999.0;999.0;999.0;999.0;999.0;999.0;999.0;999.0;999.0;999.0;999.0;999.0;999.0;999.0;999.0;999.0;999.0;999.0;999.0;999.0;999.0;888.0
Alto Santo;COMUNIDADE BAIXA UMBURANA;-5.6690277777778;-38.120277777778;2010;1;68.0;0.0;42.0;0.0;0.0;0.0;0.0;0.0;0.0;0.0;0.0;0.0;0.0;0.0;0.0;0.0;0.0;0.0;0.0;0.0;0.0;0.0;0.0;0.0;0.0;0.0;0.0;0.0;26.0;0.0;0.0;0.0
Alto Santo;COMUNIDADE BAIXA UMBURANA;-5.6690277777778;-38.120277777778;2010;2;0.0;0.0;0.0;0.0;0.0;0.0;0.0;0.0;0.0;0.0;0.0;0.0;0.0;0.0;0.0;0.0;0.0;0.0;0.0;0.0;0.0;0.0;0.0;0.0;0.0;0.0;0.0;0.0;0.0;888.0;888.0;888.0
Alto Santo;COMUNIDADE BAIXA UMBURANA;-5.6690277777778;-38.120277777778;2010;3;0.0;0.0;0.0;0.0;0.0;0.0;0.0;0.0;0.0;0.0;0.0;0.0;0.0;0.0;0.0;0.0;0.0;0.0;0.0;0.0;0.0;0.0;0.0;0.0;0.0;0.0;0.0;0.0;0.0;0.0;0.0;0.0
Alto Santo;COMUNIDADE BAIXA UMBURANA;-5.6690277777778;-38.120277777778;2010;4;103.0;22.0;0.0;0.0;0.0;0.0;0.0;0.0;0.0;25.0;0.0;0.0;18.0;0.0;0.0;0.0;0.0;0.0;29.0;0.0;0.0;0.0;0.0;0.0;0.0;0.0;0.0;0.0;9.0;0.0;0.0;888.0
Alto Santo;COMUNIDADE BAIXA UMBURANA;-5.6690277777778;-38.120277777778;2010;5;0.0;0.0;0.0;0.0;0.0;0.0;0.0;0.0;0.0;0.0;0.0;0.0;0.0;0.0;0.0;0.0;0.0;0.0;0.0;0.0;0.0;0.0;0.0;0.0;0.0;0.0;0.0;0.0;0.0;0.0;0.0;0.0
Alto Santo;COMUNIDADE BAIXA UMBURANA;-5.6690277777778;-38.120277777778;2010;6;0.0;0.0;0.0;0.0;0.0;0.0;0.0;0.0;0.0;0.0;0.0;0.0;0.0;0.0;0.0;0.0;0.0;0.0;0.0;0.0;0.0;0.0;0.0;0.0;0.0;0.0;0.0;0.0;0.0;0.0;0.0;888.0
Alto Santo;COMUNIDADE BAIXA UMBURANA;-5.6690277777778;-38.120277777778;2010;7;0.0;0.0;0.0;0.0;0.0;0.0;0.0;0.0;0.0;0.0;0.0;0.0;0.0;0.0;0.0;0.0;0.0;0.0;0.0;0.0;0.0;0.0;0.0;0.0;0.0;0.0;0.0;0.0;0.0;0.0;0.0;0.0
Alto Santo;COMUNIDADE BAIXA UMBURANA;-5.6690277777778;-38.120277777778;2010;8;0.0;0.0;0.0;0.0;0.0;0.0;0.0;0.0;0.0;0.0;0.0;0.0;0.0;0.0;0.0;0.0;0.0;0.0;0.0;0.0;0.0;0.0;0.0;0.0;0.0;0.0;0.0;0.0;0.0;0.0;0.0;0.0
Alto Santo;COMUNIDADE BAIXA UMBURANA;-5.6690277777778;-38.120277777778;2010;9;0.0;0.0;0.0;0.0;0.0;0.0;0.0;0.0;0.0;0.0;0.0;0.0;0.0;0.0;0.0;0.0;0.0;0.0;0.0;0.0;0.0;0.0;0.0;0.0;0.0;0.0;0.0;0.0;0.0;0.0;0.0;888.0
Alto Santo;COMUNIDADE BAIXA UMBURANA;-5.6690277777778;-38.120277777778;2010;10;34.0;0.0;0.0;0.0;0.0;0.0;0.0;0.0;0.0;0.0;0.0;0.0;0.0;0.0;0.0;0.0;0.0;0.0;0.0;0.0;0.0;0.0;10.0;24.0;0.0;0.0;0.0;0.0;0.0;0.0;0.0;0.0
Alto Santo;COMUNIDADE BAIXA UMBURANA;-5.6690277777778;-38.120277777778;2010;11;0.0;0.0;0.0;0.0;0.0;0.0;0.0;0.0;0.0;0.0;0.0;0.0;0.0;0.0;0.0;0.0;0.0;0.0;0.0;0.0;0.0;0.0;0.0;0.0;0.0;0.0;0.0;0.0;0.0;0.0;0.0;888.0
Alto Santo;COMUNIDADE BAIXA UMBURANA;-5.6690277777778;-38.120277777778;2010;12;26.0;0.0;0.0;0.0;0.0;0.0;0.0;0.0;0.0;0.0;0.0;0.0;0.0;0.0;0.0;0.0;0.0;0.0;0.0;0.0;26.0;0.0;0.0;0.0;0.0;0.0;0.0;0.0;0.0;0.0;0.0;0.0
Alto Santo;COMUNIDADE BAIXA UMBURANA;-5.6690277777778;-38.120277777778;2011;1;0.0;0.0;0.0;0.0;999.0;999.0;999.0;999.0;999.0;999.0;999.0;999.0;999.0;999.0;999.0;999.0;999.0;999.0;999.0;999.0;999.0;999.0;999.0;999.0;999.0;999.0;999.0;999.0;999.0;999.0;999.0;999.0
Alto Santo;COMUNIDADE BAIXA UMBURANA;-5.6690277777778;-38.120277777778;2012;3;0.0;0.0;999.0;999.0;999.0;999.0;999.0;999.0;999.0;999.0;999.0;999.0;999.0;999.0;999.0;999.0;999.0;999.0;999.0;999.0;999.0;999.0;999.0;999.0;999.0;999.0;999.0;999.0;999.0;999.0;999.0;999.0
Alto Santo;COMUNIDADE BAIXA UMBURANA;-5.6690277777778;-38.120277777778;2017;7;0.0;999.0;999.0;999.0;999.0;999.0;999.0;999.0;999.0;999.0;999.0;999.0;999.0;999.0;999.0;999.0;999.0;999.0;999.0;999.0;999.0;999.0;999.0;999.0;999.0;999.0;999.0;999.0;999.0;999.0;999.0;999.0
