Municipios;Postos;Latitude;Longitude;Anos;Meses;Total;Dia1;Dia2;Dia3;Dia4;Dia5;Dia6;Dia7;Dia8;Dia9;Dia10;Dia11;Dia12;Dia13;Dia14;Dia15;Dia16;Dia17;Dia18;Dia19;Dia20;Dia21;Dia22;Dia23;Dia24;Dia25;Dia26;Dia27;Dia28;Dia29;Dia30;Dia31
Itapipoca;ARAPARI;-3.5439444444444;-39.568222222222;2000;6;10.4;0.0;0.0;0.0;0.0;0.0;0.0;0.0;0.0;0.0;0.0;0.0;0.0;0.0;0.0;0.0;0.0;0.0;0.0;0.0;6.2;0.0;0.0;4.2;0.0;0.0;0.0;0.0;0.0;0.0;0.0;888.0
Itapipoca;ARAPARI;-3.5439444444444;-39.568222222222;2000;7;4.8;0.0;0.0;0.0;0.0;0.0;0.0;0.0;0.0;0.0;0.0;4.8;0.0;0.0;0.0;0.0;0.0;0.0;0.0;0.0;0.0;0.0;0.0;0.0;0.0;0.0;0.0;0.0;0.0;0.0;0.0;0.0
Itapipoca;ARAPARI;-3.5439444444444;-39.568222222222;2000;8;25.0;0.0;0.0;0.0;0.0;0.0;0.0;0.0;0.0;0.0;0.0;0.0;0.0;0.0;15.0;0.0;0.0;0.0;0.0;0.0;0.0;0.0;0.0;0.0;0.0;0.0;0.0;0.0;10.0;0.0;0.0;0.0
Itapipoca;ARAPARI;-3.5439444444444;-39.568222222222;2000;9;12.2;0.0;0.0;0.0;0.0;0.0;0.0;0.0;0.0;0.0;0.0;12.2;0.0;0.0;0.0;0.0;0.0;0.0;0.0;0.0;0.0;0.0;0.0;0.0;0.0;0.0;0.0;0.0;0.0;0.0;0.0;888.0
Itapipoca;ARAPARI;-3.5439444444444;-39.568222222222;2000;10;0.0;0.0;0.0;0.0;0.0;0.0;0.0;0.0;0.0;0.0;0.0;0.0;0.0;0.0;0.0;0.0;0.0;0.0;0.0;0.0;0.0;0.0;0.0;0.0;0.0;0.0;0.0;0.0;0.0;0.0;0.0;0.0
Itapipoca;ARAPARI;-3.5439444444444;-39.568222222222;2000;11;0.0;0.0;0.0;0.0;0.0;0.0;0.0;0.0;0.0;0.0;0.0;0.0;0.0;0.0;0.0;0.0;0.0;0.0;0.0;0.0;0.0;0.0;0.0;0.0;0.0;0.0;0.0;0.0;0.0;0.0;0.0;888.0
Itapipoca;ARAPARI;-3.5439444444444;-39.568222222222;2000;12;12.0;0.0;0.0;0.0;0.0;0.0;0.0;0.0;0.0;0.0;0.0;0.0;0.0;0.0;0.0;0.0;0.0;0.0;0.0;0.0;0.0;0.0;0.0;0.0;0.0;0.0;0.0;12.0;0.0;0.0;0.0;0.0
Itapipoca;ARAPARI;-3.5439444444444;-39.568222222222;2001;1;167.6;0.0;0.0;0.0;0.0;20.2;0.0;12.1;21.3;0.0;0.0;0.0;0.0;30.0;12.0;0.0;9.0;0.0;0.0;0.0;0.0;0.0;63.0;0.0;0.0;0.0;0.0;0.0;0.0;0.0;0.0;0.0
Itapipoca;ARAPARI;-3.5439444444444;-39.568222222222;2001;2;193.0;32.0;36.0;37.0;0.0;0.0;0.0;0.0;0.0;0.0;11.0;8.0;0.0;7.0;8.0;0.0;0.0;0.0;20.0;0.0;0.0;0.0;6.0;0.0;7.0;0.0;0.0;0.0;21.0;888.0;888.0;888.0
Itapipoca;ARAPARI;-3.5439444444444;-39.568222222222;2001;3;82.4;0.0;4.0;0.0;0.0;0.0;0.0;0.0;0.0;0.0;0.0;0.0;0.0;0.0;0.0;0.0;0.0;0.0;0.0;0.0;0.0;0.0;19.2;0.0;2.0;8.0;0.0;16.2;0.0;10.0;23.0;0.0
Itapipoca;ARAPARI;-3.5439444444444;-39.568222222222;2001;4;279.7;0.0;0.0;0.0;21.3;29.0;0.0;0.0;15.0;12.0;0.0;48.0;0.0;0.0;18.0;14.0;0.0;0.0;15.2;8.0;6.0;6.2;12.0;0.0;0.0;37.0;0.0;0.0;27.0;11.0;0.0;888.0
Itapipoca;ARAPARI;-3.5439444444444;-39.568222222222;2001;5;54.3;0.0;0.0;0.0;0.0;0.0;7.3;12.0;0.0;0.0;9.0;0.0;0.0;0.0;0.0;0.0;0.0;0.0;0.0;0.0;0.0;0.0;0.0;0.0;0.0;0.0;22.0;0.0;0.0;0.0;0.0;4.0
Itapipoca;ARAPARI;-3.5439444444444;-39.568222222222;2001;6;29.0;0.0;6.0;0.0;0.0;0.0;0.0;0.0;9.0;0.0;0.0;0.0;0.0;0.0;0.0;0.0;0.0;0.0;0.0;0.0;0.0;0.0;0.0;14.0;0.0;0.0;0.0;0.0;0.0;0.0;0.0;888.0
Itapipoca;ARAPARI;-3.5439444444444;-39.568222222222;2001;7;0.0;0.0;0.0;0.0;0.0;0.0;0.0;0.0;0.0;0.0;0.0;0.0;0.0;0.0;0.0;0.0;0.0;0.0;0.0;0.0;0.0;0.0;0.0;0.0;0.0;0.0;0.0;0.0;0.0;0.0;0.0;0.0
Itapipoca;ARAPARI;-3.5439444444444;-39.568222222222;2001;8;0.0;0.0;0.0;0.0;0.0;0.0;0.0;0.0;0.0;0.0;0.0;0.0;0.0;0.0;0.0;0.0;0.0;0.0;0.0;0.0;0.0;0.0;0.0;0.0;0.0;0.0;0.0;0.0;0.0;0.0;0.0;0.0
Itapipoca;ARAPARI;-3.5439444444444;-39.568222222222;2001;9;0.0;0.0;0.0;0.0;0.0;0.0;0.0;0.0;0.0;0.0;0.0;0.0;0.0;0.0;0.0;0.0;0.0;0.0;0.0;0.0;0.0;0.0;0.0;0.0;0.0;0.0;0.0;0.0;0.0;0.0;0.0;888.0
Itapipoca;ARAPARI;-3.5439444444444;-39.568222222222;2001;10;0.0;0.0;0.0;0.0;0.0;0.0;0.0;0.0;0.0;0.0;0.0;0.0;0.0;0.0;0.0;0.0;0.0;0.0;0.0;0.0;0.0;0.0;0.0;0.0;0.0;0.0;0.0;0.0;0.0;0.0;0.0;0.0
Itapipoca;ARAPARI;-3.5439444444444;-39.568222222222;2001;11;0.0;0.0;0.0;0.0;0.0;0.0;0.0;0.0;0.0;0.0;0.0;0.0;0.0;0.0;0.0;0.0;0.0;0.0;0.0;0.0;0.0;0.0;0.0;0.0;0.0;0.0;0.0;0.0;0.0;0.0;0.0;888.0
Itapipoca;ARAPARI;-3.5439444444444;-39.568222222222;2001;12;0.0;0.0;0.0;0.0;0.0;0.0;0.0;0.0;0.0;0.0;0.0;0.0;0.0;0.0;0.0;0.0;0.0;0.0;0.0;0.0;0.0;0.0;0.0;0.0;0.0;0.0;0.0;0.0;0.0;0.0;0.0;0.0
Itapipoca;ARAPARI;-3.5439444444444;-39.568222222222;2002;1;317.4;0.0;0.0;0.0;2.2;0.0;0.0;0.0;54.0;5.2;48.0;0.0;0.0;0.0;0.0;0.0;16.2;19.8;63.8;0.0;0.0;14.0;24.2;7.2;0.0;0.0;9.2;31.2;2.2;4.2;16.0;0.0
Itapipoca;ARAPARI;-3.5439444444444;-39.568222222222;2002;2;73.7;0.0;0.0;19.0;0.0;0.0;0.0;0.0;0.0;0.0;20.2;17.2;10.1;0.0;0.0;7.2;0.0;0.0;0.0;0.0;0.0;0.0;0.0;0.0;0.0;0.0;0.0;0.0;0.0;888.0;888.0;888.0
Itapipoca;ARAPARI;-3.5439444444444;-39.568222222222;2002;3;358.3;0.0;5.2;15.0;59.0;18.3;0.0;0.0;36.2;7.2;0.0;0.0;0.0;0.0;0.0;7.0;9.3;33.0;15.3;6.2;53.2;5.2;0.0;13.2;36.2;0.0;7.0;4.3;8.3;19.2;0.0;0.0
Itapipoca;ARAPARI;-3.5439444444444;-39.568222222222;2002;4;260.3;0.0;0.0;0.0;0.0;12.3;0.0;27.2;0.0;33.2;31.2;15.2;0.0;0.0;15.2;0.0;0.0;0.0;0.0;0.0;0.0;0.0;0.0;0.0;0.0;21.0;57.0;0.0;0.0;48.0;0.0;888.0
Itapipoca;ARAPARI;-3.5439444444444;-39.568222222222;2002;5;116.0;6.2;17.0;0.0;0.0;0.0;0.0;10.2;0.0;0.0;13.0;28.0;5.0;0.0;0.0;0.0;0.0;0.0;0.0;0.0;0.0;0.0;8.2;5.0;17.2;0.0;6.2;0.0;0.0;0.0;0.0;0.0
Itapipoca;ARAPARI;-3.5439444444444;-39.568222222222;2002;6;30.2;0.0;16.0;0.0;0.0;0.0;0.0;0.0;0.0;0.0;0.0;0.0;0.0;0.0;14.2;0.0;0.0;0.0;0.0;0.0;0.0;0.0;0.0;0.0;0.0;0.0;0.0;0.0;0.0;0.0;0.0;888.0
Itapipoca;ARAPARI;-3.5439444444444;-39.568222222222;2002;7;0.0;0.0;0.0;0.0;0.0;0.0;0.0;0.0;0.0;0.0;0.0;0.0;0.0;0.0;0.0;0.0;0.0;0.0;0.0;0.0;0.0;0.0;0.0;0.0;0.0;0.0;0.0;0.0;0.0;0.0;0.0;0.0
Itapipoca;ARAPARI;-3.5439444444444;-39.568222222222;2002;8;0.0;0.0;0.0;0.0;0.0;0.0;0.0;0.0;0.0;0.0;0.0;0.0;0.0;0.0;0.0;0.0;0.0;0.0;0.0;0.0;0.0;0.0;0.0;0.0;0.0;0.0;0.0;0.0;0.0;0.0;0.0;0.0
Itapipoca;ARAPARI;-3.5439444444444;-39.568222222222;2002;9;0.0;0.0;0.0;0.0;0.0;0.0;0.0;0.0;0.0;0.0;0.0;0.0;0.0;0.0;0.0;0.0;0.0;0.0;0.0;0.0;0.0;0.0;0.0;0.0;0.0;0.0;0.0;0.0;0.0;0.0;0.0;888.0
Itapipoca;ARAPARI;-3.5439444444444;-39.568222222222;2002;10;0.0;0.0;0.0;0.0;0.0;0.0;0.0;0.0;0.0;0.0;0.0;0.0;0.0;0.0;0.0;0.0;0.0;0.0;0.0;0.0;0.0;0.0;0.0;0.0;0.0;0.0;0.0;0.0;0.0;0.0;0.0;0.0
Itapipoca;ARAPARI;-3.5439444444444;-39.568222222222;2002;11;0.0;0.0;0.0;0.0;0.0;0.0;0.0;0.0;0.0;0.0;0.0;0.0;0.0;0.0;0.0;0.0;0.0;0.0;0.0;0.0;0.0;0.0;0.0;0.0;0.0;0.0;0.0;0.0;0.0;0.0;0.0;888.0
Itapipoca;ARAPARI;-3.5439444444444;-39.568222222222;2002;12;0.0;0.0;0.0;0.0;0.0;0.0;0.0;0.0;0.0;0.0;0.0;0.0;0.0;0.0;0.0;0.0;0.0;0.0;0.0;0.0;0.0;0.0;0.0;0.0;0.0;0.0;0.0;0.0;0.0;0.0;0.0;0.0
Itapipoca;ARAPARI;-3.5439444444444;-39.568222222222;2003;1;195.9;0.0;0.0;0.0;0.0;0.0;0.0;0.0;0.0;0.0;0.0;0.0;0.0;0.0;0.0;0.0;0.0;0.0;0.0;36.2;19.0;24.2;0.0;13.3;23.0;0.0;10.2;10.0;23.0;30.0;0.0;7.0
Itapipoca;ARAPARI;-3.5439444444444;-39.568222222222;2003;2;273.7;20.0;3.0;23.0;19.4;0.0;14.3;0.0;0.0;0.0;7.0;51.0;5.0;0.0;0.0;0.0;0.0;27.0;16.0;0.0;0.0;0.0;0.0;16.0;11.0;31.0;0.0;30.0;0.0;888.0;888.0;888.0
Itapipoca;ARAPARI;-3.5439444444444;-39.568222222222;2003;3;510.9;35.0;0.0;12.3;33.0;6.0;0.0;0.0;22.3;3.2;16.0;20.2;22.2;0.0;68.0;7.0;5.3;25.0;0.0;16.0;0.0;16.3;24.0;7.3;86.2;0.0;13.0;0.0;13.0;23.2;16.2;20.2
Itapipoca;ARAPARI;-3.5439444444444;-39.568222222222;2003;4;191.2;3.0;7.0;0.0;0.0;25.0;0.0;0.0;8.0;11.3;7.2;16.0;0.0;0.0;5.0;0.0;0.0;0.0;0.0;8.3;0.0;0.0;11.0;18.3;0.0;0.0;18.3;4.3;39.2;0.0;9.3;888.0
Itapipoca;ARAPARI;-3.5439444444444;-39.568222222222;2003;5;104.8;35.3;0.0;0.0;6.0;12.0;8.0;0.0;0.0;0.0;3.3;21.0;0.0;0.0;0.0;3.2;16.0;0.0;0.0;0.0;0.0;0.0;0.0;0.0;0.0;0.0;0.0;0.0;0.0;0.0;0.0;0.0
Itapipoca;ARAPARI;-3.5439444444444;-39.568222222222;2003;6;63.5;14.2;0.0;0.0;4.0;0.0;0.0;0.0;0.0;0.0;0.0;0.0;0.0;10.0;0.0;11.0;13.0;11.3;0.0;0.0;0.0;0.0;0.0;0.0;0.0;0.0;0.0;0.0;0.0;0.0;0.0;888.0
Itapipoca;ARAPARI;-3.5439444444444;-39.568222222222;2003;7;0.0;0.0;0.0;0.0;0.0;0.0;0.0;0.0;0.0;0.0;0.0;0.0;0.0;0.0;0.0;0.0;0.0;0.0;0.0;0.0;0.0;0.0;0.0;0.0;0.0;0.0;0.0;0.0;0.0;0.0;0.0;0.0
Itapipoca;ARAPARI;-3.5439444444444;-39.568222222222;2003;8;0.0;0.0;0.0;0.0;0.0;0.0;0.0;0.0;0.0;0.0;0.0;0.0;0.0;0.0;0.0;0.0;0.0;0.0;0.0;0.0;0.0;0.0;0.0;0.0;0.0;0.0;0.0;0.0;0.0;0.0;0.0;0.0
Itapipoca;ARAPARI;-3.5439444444444;-39.568222222222;2003;9;0.0;0.0;0.0;0.0;0.0;0.0;0.0;0.0;0.0;0.0;0.0;0.0;0.0;0.0;0.0;0.0;0.0;0.0;0.0;0.0;0.0;0.0;0.0;0.0;0.0;0.0;0.0;0.0;0.0;0.0;0.0;888.0
Itapipoca;ARAPARI;-3.5439444444444;-39.568222222222;2003;10;0.0;0.0;0.0;0.0;0.0;0.0;0.0;0.0;0.0;0.0;0.0;0.0;0.0;0.0;0.0;0.0;0.0;0.0;0.0;0.0;0.0;0.0;0.0;0.0;0.0;0.0;0.0;0.0;0.0;0.0;0.0;0.0
Itapipoca;ARAPARI;-3.5439444444444;-39.568222222222;2003;11;0.0;0.0;0.0;0.0;0.0;0.0;0.0;0.0;0.0;0.0;0.0;0.0;0.0;0.0;0.0;0.0;0.0;0.0;0.0;0.0;0.0;0.0;0.0;0.0;0.0;0.0;0.0;0.0;0.0;0.0;0.0;888.0
Itapipoca;ARAPARI;-3.5439444444444;-39.568222222222;2003;12;25.0;0.0;0.0;0.0;0.0;0.0;0.0;0.0;0.0;0.0;0.0;0.0;0.0;0.0;0.0;0.0;0.0;0.0;0.0;0.0;0.0;16.0;0.0;0.0;0.0;0.0;0.0;0.0;0.0;9.0;0.0;0.0
Itapipoca;ARAPARI;-3.5439444444444;-39.568222222222;2004;1;534.0;0.0;0.0;4.3;0.0;0.0;0.0;0.0;0.0;0.0;0.0;0.0;12.0;0.0;20.0;4.0;0.0;0.0;108.0;0.0;20.2;0.0;0.0;13.2;109.2;60.2;20.2;29.0;35.0;8.2;54.2;36.3
Itapipoca;ARAPARI;-3.5439444444444;-39.568222222222;2004;2;252.8;0.0;3.2;13.2;0.0;13.2;6.3;0.0;36.3;23.2;12.0;0.0;0.0;0.0;0.0;0.0;42.5;0.0;10.8;0.0;0.0;11.0;7.3;0.0;3.2;0.0;33.4;19.0;10.6;7.6;888.0;888.0
Itapipoca;ARAPARI;-3.5439444444444;-39.568222222222;2004;3;227.0;36.6;0.0;7.0;0.0;21.2;12.6;44.6;20.0;8.5;7.2;9.6;0.0;0.0;0.0;0.0;18.3;15.0;0.0;0.0;0.0;0.0;0.0;0.0;4.0;5.2;0.0;8.2;9.0;0.0;0.0;0.0
Itapipoca;ARAPARI;-3.5439444444444;-39.568222222222;2004;4;96.8;4.8;0.0;0.0;0.0;10.0;0.0;0.0;0.0;30.4;0.0;0.0;0.0;0.0;0.0;5.2;8.6;0.0;8.0;0.0;0.0;0.0;4.0;0.0;0.0;7.0;8.2;0.0;7.2;3.4;0.0;888.0
Itapipoca;ARAPARI;-3.5439444444444;-39.568222222222;2004;5;44.8;0.0;0.0;0.0;0.0;7.4;0.0;0.0;0.0;4.6;0.0;0.0;0.0;0.0;0.0;0.0;0.0;0.0;0.0;0.0;0.0;8.4;0.0;0.0;0.0;13.2;0.0;0.0;0.0;11.2;0.0;0.0
Itapipoca;ARAPARI;-3.5439444444444;-39.568222222222;2004;6;123.8;2.0;4.0;0.0;14.0;3.4;15.8;2.0;9.8;0.0;0.0;0.0;0.0;0.0;0.0;5.8;0.0;0.0;0.0;0.0;0.0;14.0;29.0;0.0;0.0;0.0;0.0;0.0;24.0;0.0;0.0;888.0
Itapipoca;ARAPARI;-3.5439444444444;-39.568222222222;2004;7;41.0;0.0;0.0;0.0;15.6;0.0;0.0;0.0;6.0;0.0;0.0;0.0;0.0;0.0;0.0;0.0;0.0;19.4;0.0;0.0;0.0;0.0;0.0;0.0;0.0;0.0;0.0;0.0;0.0;0.0;0.0;0.0
Itapipoca;ARAPARI;-3.5439444444444;-39.568222222222;2004;8;0.0;0.0;0.0;0.0;0.0;0.0;0.0;0.0;0.0;0.0;0.0;0.0;0.0;0.0;0.0;0.0;0.0;0.0;0.0;0.0;0.0;0.0;0.0;0.0;0.0;0.0;0.0;0.0;0.0;0.0;0.0;0.0
Itapipoca;ARAPARI;-3.5439444444444;-39.568222222222;2004;9;20.2;0.0;0.0;0.0;0.0;0.0;0.0;0.0;0.0;0.0;0.0;0.0;0.0;0.0;0.0;0.0;0.0;0.0;0.0;0.0;0.0;0.0;0.0;20.2;0.0;0.0;0.0;0.0;0.0;0.0;0.0;888.0
Itapipoca;ARAPARI;-3.5439444444444;-39.568222222222;2004;10;0.0;0.0;0.0;0.0;0.0;0.0;0.0;0.0;0.0;0.0;0.0;0.0;0.0;0.0;0.0;0.0;0.0;0.0;0.0;0.0;0.0;0.0;0.0;0.0;0.0;0.0;0.0;0.0;0.0;0.0;0.0;0.0
Itapipoca;ARAPARI;-3.5439444444444;-39.568222222222;2004;11;0.0;0.0;0.0;0.0;0.0;0.0;0.0;0.0;0.0;0.0;0.0;0.0;0.0;0.0;0.0;0.0;0.0;0.0;0.0;0.0;0.0;0.0;0.0;0.0;0.0;0.0;0.0;0.0;0.0;0.0;0.0;888.0
Itapipoca;ARAPARI;-3.5439444444444;-39.568222222222;2004;12;23.2;0.0;0.0;0.0;0.0;0.0;0.0;0.0;0.0;0.0;0.0;0.0;0.0;0.0;0.0;0.0;0.0;0.0;0.0;0.0;0.0;0.0;0.0;0.0;23.2;0.0;0.0;0.0;0.0;0.0;0.0;0.0
Itapipoca;ARAPARI;-3.5439444444444;-39.568222222222;2005;1;40.2;0.0;0.0;0.0;0.0;0.0;0.0;0.0;0.0;0.0;0.0;0.0;0.0;0.0;0.0;0.0;0.0;0.0;0.0;0.0;0.0;0.0;0.0;23.2;0.0;3.0;8.0;0.0;0.0;0.0;6.0;0.0
Itapipoca;ARAPARI;-3.5439444444444;-39.568222222222;2005;2;246.8;0.0;22.3;4.5;0.0;0.0;0.0;39.6;0.0;0.0;0.0;0.0;14.0;0.0;0.0;0.0;63.0;0.0;0.0;5.0;0.0;7.2;0.0;45.2;0.0;3.0;20.0;23.0;0.0;888.0;888.0;888.0
Itapipoca;ARAPARI;-3.5439444444444;-39.568222222222;2005;3;172.9;0.0;0.0;12.0;10.2;0.0;0.0;0.0;0.0;0.0;3.4;0.0;0.0;0.0;0.0;0.0;0.0;0.0;0.0;38.0;3.4;12.0;14.0;8.0;0.0;16.4;15.0;0.0;17.8;0.0;13.4;9.3
Itapipoca;ARAPARI;-3.5439444444444;-39.568222222222;2005;4;169.9;4.4;6.0;0.0;0.0;6.0;2.2;0.0;0.0;15.2;0.0;9.0;0.0;0.0;21.4;4.5;8.0;0.0;0.0;19.0;15.8;0.0;0.0;0.0;0.0;0.0;0.0;0.0;0.0;0.0;58.4;888.0
Itapipoca;ARAPARI;-3.5439444444444;-39.568222222222;2005;5;172.8;0.0;0.0;0.0;0.0;15.0;0.0;0.0;0.0;0.0;0.0;0.0;41.8;0.0;29.0;0.0;0.0;5.2;25.2;0.0;0.0;0.0;3.8;8.0;31.0;0.0;0.0;0.0;8.0;0.0;5.8;0.0
Itapipoca;ARAPARI;-3.5439444444444;-39.568222222222;2005;6;55.2;0.0;0.0;0.0;10.0;0.0;0.0;0.0;16.6;0.0;0.0;0.0;0.0;0.0;0.0;13.6;0.0;0.0;0.0;0.0;0.0;0.0;0.0;0.0;7.0;0.0;0.0;8.0;0.0;0.0;0.0;888.0
Itapipoca;ARAPARI;-3.5439444444444;-39.568222222222;2005;7;5.0;5.0;0.0;0.0;0.0;0.0;0.0;0.0;0.0;0.0;0.0;0.0;0.0;0.0;0.0;0.0;0.0;0.0;0.0;0.0;0.0;0.0;0.0;0.0;0.0;0.0;0.0;0.0;0.0;0.0;0.0;0.0
Itapipoca;ARAPARI;-3.5439444444444;-39.568222222222;2005;8;9.0;0.0;0.0;0.0;0.0;0.0;0.0;0.0;0.0;0.0;0.0;0.0;0.0;9.0;0.0;0.0;0.0;0.0;0.0;0.0;0.0;0.0;0.0;0.0;0.0;0.0;0.0;0.0;0.0;0.0;0.0;0.0
Itapipoca;ARAPARI;-3.5439444444444;-39.568222222222;2005;9;0.0;0.0;0.0;0.0;0.0;0.0;0.0;0.0;0.0;0.0;0.0;0.0;0.0;0.0;0.0;0.0;0.0;0.0;0.0;0.0;0.0;0.0;0.0;0.0;0.0;0.0;0.0;0.0;0.0;0.0;0.0;888.0
Itapipoca;ARAPARI;-3.5439444444444;-39.568222222222;2005;10;0.0;0.0;0.0;0.0;0.0;0.0;0.0;0.0;0.0;0.0;0.0;0.0;0.0;0.0;0.0;0.0;0.0;0.0;0.0;0.0;0.0;0.0;0.0;0.0;0.0;0.0;0.0;0.0;0.0;0.0;0.0;0.0
Itapipoca;ARAPARI;-3.5439444444444;-39.568222222222;2005;11;0.0;0.0;0.0;0.0;0.0;0.0;0.0;0.0;0.0;0.0;0.0;0.0;0.0;0.0;0.0;0.0;0.0;0.0;0.0;0.0;0.0;0.0;0.0;0.0;0.0;0.0;0.0;0.0;0.0;0.0;0.0;888.0
Itapipoca;ARAPARI;-3.5439444444444;-39.568222222222;2005;12;0.0;0.0;0.0;0.0;0.0;0.0;0.0;0.0;0.0;0.0;0.0;0.0;0.0;0.0;0.0;0.0;0.0;0.0;0.0;0.0;0.0;0.0;0.0;0.0;0.0;0.0;0.0;0.0;0.0;0.0;0.0;0.0
Itapipoca;ARAPARI;-3.5439444444444;-39.568222222222;2006;1;62.4;0.0;0.0;5.2;0.0;0.0;0.0;0.0;0.0;0.0;0.0;0.0;0.0;0.0;0.0;0.0;0.0;0.0;0.0;45.2;12.0;0.0;0.0;0.0;0.0;0.0;0.0;0.0;0.0;0.0;0.0;0.0
Itapipoca;ARAPARI;-3.5439444444444;-39.568222222222;2006;2;276.2;0.0;0.0;0.0;0.0;8.6;0.0;0.0;0.0;0.0;0.0;0.0;33.6;2.6;23.6;56.0;0.0;89.2;0.0;21.4;0.0;9.4;0.0;0.0;0.0;22.0;0.0;7.8;2.0;888.0;888.0;888.0
Itapipoca;ARAPARI;-3.5439444444444;-39.568222222222;2006;3;393.0;39.0;60.2;5.0;0.0;12.2;0.0;0.0;0.0;0.0;0.0;0.0;0.0;23.2;70.2;26.4;22.2;0.0;10.6;13.0;2.2;6.0;7.0;3.2;33.6;10.4;10.2;10.2;6.8;3.4;9.0;9.0
Itapipoca;ARAPARI;-3.5439444444444;-39.568222222222;2006;4;319.6;6.0;3.0;0.0;0.0;121.0;0.0;6.1;11.0;7.0;0.0;0.0;0.0;6.2;0.0;6.0;5.2;5.6;0.0;30.1;0.0;0.0;16.0;0.0;5.2;0.0;0.0;0.0;78.0;0.0;13.2;888.0
Itapipoca;ARAPARI;-3.5439444444444;-39.568222222222;2006;5;121.2;12.2;0.0;0.0;0.0;15.0;19.2;7.2;13.6;6.2;0.0;21.8;0.0;0.0;0.0;0.0;11.6;0.0;0.0;0.0;0.0;14.4;0.0;0.0;0.0;0.0;0.0;0.0;0.0;0.0;0.0;0.0
Itapipoca;ARAPARI;-3.5439444444444;-39.568222222222;2006;6;72.4;0.0;0.0;0.0;0.0;0.0;0.0;0.0;10.0;0.0;0.0;0.0;7.2;19.6;2.0;0.0;12.2;5.4;0.0;0.0;0.0;0.0;0.0;0.0;0.0;0.0;0.0;6.0;10.0;0.0;0.0;888.0
Itapipoca;ARAPARI;-3.5439444444444;-39.568222222222;2006;7;7.0;0.0;0.0;0.0;0.0;0.0;0.0;7.0;0.0;0.0;0.0;0.0;0.0;0.0;0.0;0.0;0.0;0.0;0.0;0.0;0.0;0.0;0.0;0.0;0.0;0.0;0.0;0.0;0.0;0.0;0.0;0.0
Itapipoca;ARAPARI;-3.5439444444444;-39.568222222222;2006;8;9.0;0.0;0.0;0.0;0.0;0.0;0.0;0.0;0.0;0.0;0.0;0.0;0.0;0.0;0.0;0.0;0.0;9.0;0.0;0.0;0.0;0.0;0.0;0.0;0.0;0.0;0.0;0.0;0.0;0.0;0.0;0.0
Itapipoca;ARAPARI;-3.5439444444444;-39.568222222222;2006;9;0.0;0.0;0.0;0.0;0.0;0.0;0.0;0.0;0.0;0.0;0.0;0.0;0.0;0.0;0.0;0.0;0.0;0.0;0.0;0.0;0.0;0.0;0.0;0.0;0.0;0.0;0.0;0.0;0.0;0.0;0.0;888.0
Itapipoca;ARAPARI;-3.5439444444444;-39.568222222222;2006;10;0.0;0.0;0.0;0.0;0.0;0.0;0.0;0.0;0.0;0.0;0.0;0.0;0.0;0.0;0.0;0.0;0.0;0.0;0.0;0.0;0.0;0.0;0.0;0.0;0.0;0.0;0.0;0.0;0.0;0.0;0.0;0.0
Itapipoca;ARAPARI;-3.5439444444444;-39.568222222222;2006;11;9.0;0.0;0.0;0.0;0.0;0.0;0.0;0.0;0.0;0.0;0.0;0.0;0.0;0.0;0.0;0.0;0.0;0.0;0.0;0.0;9.0;0.0;0.0;0.0;0.0;0.0;0.0;0.0;0.0;0.0;0.0;888.0
Itapipoca;ARAPARI;-3.5439444444444;-39.568222222222;2006;12;58.0;0.0;0.0;0.0;0.0;0.0;0.0;0.0;0.0;0.0;0.0;0.0;0.0;0.0;0.0;0.0;7.0;0.0;0.0;0.0;0.0;0.0;0.0;3.0;0.0;0.0;4.0;2.0;0.0;0.0;0.0;42.0
Itapipoca;ARAPARI;-3.5439444444444;-39.568222222222;2007;1;32.0;0.0;14.4;0.0;0.0;0.0;0.0;15.2;2.4;0.0;0.0;0.0;0.0;0.0;0.0;0.0;0.0;0.0;0.0;0.0;0.0;0.0;0.0;0.0;0.0;0.0;0.0;0.0;0.0;0.0;0.0;0.0
Itapipoca;ARAPARI;-3.5439444444444;-39.568222222222;2007;2;270.6;14.2;2.0;4.2;0.0;0.0;18.6;5.8;4.0;0.0;0.0;0.0;0.0;0.0;20.0;36.0;10.4;2.0;0.0;0.0;54.6;0.0;10.0;46.4;2.4;0.0;0.0;5.4;34.6;888.0;888.0;888.0
Itapipoca;ARAPARI;-3.5439444444444;-39.568222222222;2007;3;204.4;0.0;20.6;0.0;0.0;0.0;0.0;23.2;0.0;0.0;0.0;11.4;13.6;24.2;0.0;25.2;0.0;0.0;6.2;19.4;0.0;0.0;0.0;23.4;28.6;0.0;0.0;0.0;0.0;8.6;0.0;0.0
Itapipoca;ARAPARI;-3.5439444444444;-39.568222222222;2007;4;229.8;0.0;18.0;0.0;11.0;4.0;0.0;0.0;0.0;0.0;8.2;2.0;0.0;0.0;0.0;0.0;0.0;0.0;54.4;0.0;7.0;37.0;12.0;0.0;0.0;27.0;6.2;7.0;0.0;34.0;2.0;888.0
Itapipoca;ARAPARI;-3.5439444444444;-39.568222222222;2007;5;66.8;0.0;20.0;0.0;0.0;0.0;0.0;0.0;0.0;0.0;0.0;0.0;0.0;0.0;18.0;0.0;0.0;0.0;0.0;0.0;0.0;0.0;0.0;0.0;0.0;15.4;0.0;0.0;0.0;5.0;0.0;8.4
Itapipoca;ARAPARI;-3.5439444444444;-39.568222222222;2007;6;72.8;0.0;0.0;0.0;0.0;5.4;0.0;0.0;0.0;38.0;6.0;5.4;0.0;0.0;0.0;0.0;0.0;0.0;18.0;0.0;0.0;0.0;0.0;0.0;0.0;0.0;0.0;0.0;0.0;0.0;0.0;888.0
Itapipoca;ARAPARI;-3.5439444444444;-39.568222222222;2007;7;5.0;0.0;0.0;0.0;0.0;0.0;0.0;0.0;0.0;0.0;0.0;0.0;0.0;5.0;0.0;0.0;0.0;0.0;0.0;0.0;0.0;0.0;0.0;0.0;0.0;0.0;0.0;0.0;0.0;0.0;0.0;0.0
Itapipoca;ARAPARI;-3.5439444444444;-39.568222222222;2007;8;0.0;0.0;0.0;0.0;0.0;0.0;0.0;0.0;0.0;0.0;0.0;0.0;0.0;0.0;0.0;0.0;0.0;0.0;0.0;0.0;0.0;0.0;0.0;0.0;0.0;0.0;0.0;0.0;0.0;0.0;0.0;0.0
Itapipoca;ARAPARI;-3.5439444444444;-39.568222222222;2007;9;0.0;0.0;0.0;0.0;0.0;0.0;0.0;0.0;0.0;0.0;0.0;0.0;0.0;0.0;0.0;0.0;0.0;0.0;0.0;0.0;0.0;0.0;0.0;0.0;0.0;0.0;0.0;0.0;0.0;0.0;0.0;888.0
Itapipoca;ARAPARI;-3.5439444444444;-39.568222222222;2007;10;0.0;0.0;0.0;0.0;0.0;0.0;0.0;0.0;0.0;0.0;0.0;0.0;0.0;0.0;0.0;0.0;0.0;0.0;0.0;0.0;0.0;0.0;0.0;0.0;0.0;0.0;0.0;0.0;0.0;0.0;0.0;0.0
Itapipoca;ARAPARI;-3.5439444444444;-39.568222222222;2007;11;8.0;0.0;0.0;0.0;0.0;0.0;0.0;0.0;0.0;0.0;0.0;0.0;0.0;0.0;0.0;0.0;0.0;0.0;0.0;0.0;0.0;0.0;8.0;0.0;0.0;0.0;0.0;0.0;0.0;0.0;0.0;888.0
Itapipoca;ARAPARI;-3.5439444444444;-39.568222222222;2007;12;46.6;0.0;0.0;12.0;0.0;0.0;0.0;0.0;0.0;0.0;0.0;0.0;0.0;0.0;2.0;0.0;0.0;11.0;0.0;0.0;0.0;0.0;0.0;0.0;0.0;0.0;5.2;0.0;0.0;0.0;0.0;16.4
Itapipoca;ARAPARI;-3.5439444444444;-39.568222222222;2008;1;168.8;0.0;0.0;15.0;4.0;0.0;0.0;12.2;0.0;0.0;0.0;0.0;2.2;0.0;11.0;6.2;5.2;1.0;2.4;3.0;11.2;9.0;0.0;35.2;6.0;5.0;0.0;9.4;6.0;0.0;9.2;15.6
Itapipoca;ARAPARI;-3.5439444444444;-39.568222222222;2008;2;60.8;15.4;0.0;0.0;0.0;0.0;0.0;0.0;0.0;0.0;0.0;0.0;0.0;0.0;0.0;0.0;29.2;0.0;0.0;0.0;4.2;0.0;0.0;12.0;0.0;0.0;0.0;0.0;0.0;0.0;888.0;888.0
Itapipoca;ARAPARI;-3.5439444444444;-39.568222222222;2008;3;587.8;27.0;7.0;0.0;24.0;31.0;34.0;8.0;17.0;19.6;0.0;13.0;0.0;12.6;6.0;0.0;34.2;26.0;29.4;0.0;98.4;10.4;0.0;0.0;8.0;0.0;8.2;38.4;6.0;0.0;66.4;63.2
Itapipoca;ARAPARI;-3.5439444444444;-39.568222222222;2008;4;243.8;10.6;13.0;31.0;14.4;33.2;23.2;3.4;0.0;8.0;0.0;0.0;16.0;12.0;5.4;0.0;0.0;4.0;11.4;0.0;0.0;0.0;4.0;0.0;7.0;0.0;26.2;0.0;0.0;6.0;15.0;888.0
Itapipoca;ARAPARI;-3.5439444444444;-39.568222222222;2008;5;150.6;16.2;6.2;4.2;0.0;0.0;13.2;0.0;0.0;11.2;9.0;42.2;0.0;15.4;0.0;0.0;0.0;0.0;10.0;0.0;0.0;0.0;0.0;0.0;0.0;0.0;0.0;0.0;18.0;0.0;0.0;5.0
Itapipoca;ARAPARI;-3.5439444444444;-39.568222222222;2008;6;18.0;0.0;0.0;0.0;0.0;0.0;0.0;0.0;0.0;18.0;0.0;0.0;0.0;0.0;0.0;0.0;0.0;0.0;0.0;0.0;0.0;0.0;0.0;0.0;0.0;0.0;0.0;0.0;0.0;0.0;0.0;888.0
Itapipoca;ARAPARI;-3.5439444444444;-39.568222222222;2008;7;8.0;0.0;0.0;0.0;0.0;0.0;0.0;0.0;0.0;0.0;0.0;0.0;0.0;0.0;0.0;0.0;0.0;0.0;0.0;0.0;0.0;0.0;0.0;0.0;0.0;0.0;0.0;8.0;0.0;0.0;0.0;0.0
Itapipoca;ARAPARI;-3.5439444444444;-39.568222222222;2008;8;68.0;0.0;0.0;0.0;0.0;0.0;0.0;0.0;0.0;68.0;0.0;0.0;0.0;0.0;0.0;0.0;0.0;0.0;0.0;0.0;0.0;0.0;0.0;0.0;0.0;0.0;0.0;0.0;0.0;0.0;0.0;0.0
Itapipoca;ARAPARI;-3.5439444444444;-39.568222222222;2008;9;0.0;0.0;0.0;0.0;0.0;0.0;0.0;0.0;0.0;0.0;0.0;0.0;0.0;0.0;0.0;0.0;0.0;0.0;0.0;0.0;0.0;0.0;0.0;0.0;0.0;0.0;0.0;0.0;0.0;0.0;0.0;888.0
Itapipoca;ARAPARI;-3.5439444444444;-39.568222222222;2008;10;0.0;0.0;0.0;0.0;0.0;0.0;0.0;0.0;0.0;0.0;0.0;0.0;0.0;0.0;0.0;0.0;0.0;0.0;0.0;0.0;0.0;0.0;0.0;0.0;0.0;0.0;0.0;0.0;0.0;0.0;0.0;0.0
Itapipoca;ARAPARI;-3.5439444444444;-39.568222222222;2008;11;0.0;0.0;0.0;0.0;0.0;0.0;0.0;0.0;0.0;0.0;0.0;0.0;0.0;0.0;0.0;0.0;0.0;0.0;0.0;0.0;0.0;0.0;0.0;0.0;0.0;0.0;0.0;0.0;0.0;0.0;0.0;888.0
Itapipoca;ARAPARI;-3.5439444444444;-39.568222222222;2008;12;0.0;0.0;0.0;0.0;0.0;0.0;0.0;0.0;0.0;0.0;0.0;0.0;0.0;0.0;0.0;0.0;0.0;0.0;0.0;0.0;0.0;0.0;0.0;0.0;0.0;0.0;0.0;0.0;0.0;0.0;0.0;0.0
Itapipoca;ARAPARI;-3.5439444444444;-39.568222222222;2009;1;205.4;0.0;0.0;0.0;0.0;0.0;0.0;0.0;0.0;31.6;0.0;0.0;0.0;0.0;0.0;0.0;0.0;0.0;22.0;11.0;0.0;10.0;12.2;0.0;0.0;24.0;60.6;0.0;0.0;0.0;10.0;24.0
Itapipoca;ARAPARI;-3.5439444444444;-39.568222222222;2009;2;241.0;12.4;19.0;6.4;0.0;0.0;7.4;0.0;0.0;0.0;0.0;0.0;0.0;0.0;13.0;8.6;9.4;2.6;11.0;3.0;0.0;18.0;26.2;55.0;15.0;7.0;5.6;5.2;16.2;888.0;888.0;888.0
Itapipoca;ARAPARI;-3.5439444444444;-39.568222222222;2009;3;475.8;18.6;40.0;15.2;16.6;31.6;26.0;11.0;10.0;6.0;10.0;0.0;20.0;11.0;10.0;7.0;15.0;20.0;5.0;1.6;8.2;0.0;12.0;0.0;24.4;5.8;17.4;47.6;5.4;43.4;28.0;9.0
Itapipoca;ARAPARI;-3.5439444444444;-39.568222222222;2009;4;523.8;49.0;50.0;18.0;5.6;9.4;0.0;9.0;17.0;11.0;15.4;18.6;0.0;38.0;1.2;23.0;0.0;14.6;0.0;0.0;22.4;6.2;45.0;0.0;26.2;45.0;6.8;0.0;68.2;11.2;13.0;888.0
Itapipoca;ARAPARI;-3.5439444444444;-39.568222222222;2009;5;302.6;1.0;0.0;30.0;4.0;50.0;6.0;0.0;6.0;5.4;0.0;0.0;14.0;18.6;17.4;10.0;0.0;0.0;16.4;0.0;0.0;32.4;0.0;24.0;0.0;0.0;9.0;18.4;40.0;0.0;0.0;0.0
Itapipoca;ARAPARI;-3.5439444444444;-39.568222222222;2009;6;137.8;0.0;0.0;20.0;0.0;0.0;0.0;10.0;0.0;0.0;0.0;0.0;0.0;0.0;0.0;17.0;0.0;0.0;0.0;0.0;0.0;0.0;0.0;22.4;4.6;39.0;17.4;7.4;0.0;0.0;0.0;888.0
Itapipoca;ARAPARI;-3.5439444444444;-39.568222222222;2009;7;110.0;0.0;0.0;0.0;0.0;0.0;0.0;0.0;0.0;0.0;0.0;10.0;5.0;2.0;0.0;0.0;0.0;5.0;0.0;0.0;0.0;0.0;10.0;29.0;49.0;0.0;0.0;0.0;0.0;0.0;0.0;0.0
Itapipoca;ARAPARI;-3.5439444444444;-39.568222222222;2009;8;0.0;0.0;0.0;0.0;0.0;0.0;0.0;0.0;0.0;0.0;0.0;0.0;0.0;0.0;0.0;0.0;0.0;0.0;0.0;0.0;0.0;0.0;0.0;0.0;0.0;0.0;0.0;0.0;0.0;0.0;0.0;0.0
Itapipoca;ARAPARI;-3.5439444444444;-39.568222222222;2009;9;0.0;0.0;0.0;0.0;0.0;0.0;0.0;0.0;0.0;0.0;0.0;0.0;0.0;0.0;0.0;0.0;0.0;0.0;0.0;0.0;0.0;0.0;0.0;0.0;0.0;0.0;0.0;0.0;0.0;0.0;0.0;888.0
Itapipoca;ARAPARI;-3.5439444444444;-39.568222222222;2009;10;0.0;0.0;0.0;0.0;0.0;0.0;0.0;0.0;0.0;0.0;0.0;0.0;0.0;0.0;0.0;0.0;0.0;0.0;0.0;0.0;0.0;0.0;0.0;0.0;0.0;0.0;0.0;0.0;0.0;0.0;0.0;0.0
Itapipoca;ARAPARI;-3.5439444444444;-39.568222222222;2009;11;0.0;0.0;0.0;0.0;0.0;0.0;0.0;0.0;0.0;0.0;0.0;0.0;0.0;0.0;0.0;0.0;0.0;0.0;0.0;0.0;0.0;0.0;0.0;0.0;0.0;0.0;0.0;0.0;0.0;0.0;0.0;888.0
Itapipoca;ARAPARI;-3.5439444444444;-39.568222222222;2009;12;0.0;0.0;0.0;0.0;0.0;0.0;0.0;0.0;0.0;0.0;0.0;0.0;0.0;0.0;0.0;0.0;0.0;0.0;0.0;0.0;0.0;0.0;0.0;0.0;0.0;0.0;0.0;0.0;0.0;0.0;0.0;0.0
Itapipoca;ARAPARI;-3.5439444444444;-39.568222222222;2010;1;98.6;0.0;8.0;0.0;27.2;0.0;0.0;0.0;0.0;0.0;3.2;0.0;0.0;0.0;0.0;0.0;0.0;0.0;0.0;0.0;0.0;0.0;0.0;0.0;0.0;0.0;13.0;24.0;23.2;0.0;0.0;0.0
Itapipoca;ARAPARI;-3.5439444444444;-39.568222222222;2010;2;14.2;0.0;0.0;0.0;0.0;0.0;0.0;0.0;0.0;0.0;0.0;4.0;0.0;0.0;0.0;10.2;0.0;0.0;0.0;0.0;0.0;0.0;0.0;0.0;0.0;0.0;0.0;0.0;0.0;888.0;888.0;888.0
Itapipoca;ARAPARI;-3.5439444444444;-39.568222222222;2010;3;105.4;0.0;0.0;0.0;0.0;0.0;0.0;0.0;0.0;0.0;0.0;0.0;0.0;11.0;0.0;0.0;0.0;0.0;0.0;0.0;0.0;36.4;7.0;3.0;0.0;0.0;38.0;0.0;0.0;0.0;10.0;0.0
Itapipoca;ARAPARI;-3.5439444444444;-39.568222222222;2010;4;115.6;0.0;14.6;21.0;26.0;0.0;0.0;0.0;0.0;9.0;0.0;13.0;0.0;0.0;0.0;0.0;0.0;7.0;17.0;1.0;0.0;0.0;0.0;7.0;0.0;0.0;0.0;0.0;0.0;0.0;0.0;888.0
Itapipoca;ARAPARI;-3.5439444444444;-39.568222222222;2010;5;70.2;0.0;12.0;17.0;2.0;0.0;0.0;0.0;0.0;0.0;0.0;0.0;0.0;10.2;18.0;0.0;0.0;0.0;0.0;0.0;0.0;0.0;0.0;0.0;0.0;0.0;0.0;11.0;0.0;0.0;0.0;0.0
Itapipoca;ARAPARI;-3.5439444444444;-39.568222222222;2010;6;58.2;6.0;0.0;0.0;6.2;9.0;0.0;0.0;0.0;0.0;0.0;0.0;0.0;29.0;0.0;0.0;0.0;0.0;8.0;0.0;0.0;0.0;0.0;0.0;0.0;0.0;0.0;0.0;0.0;0.0;0.0;888.0
Itapipoca;ARAPARI;-3.5439444444444;-39.568222222222;2010;7;0.0;0.0;0.0;0.0;0.0;0.0;0.0;0.0;0.0;0.0;0.0;0.0;0.0;0.0;0.0;0.0;0.0;0.0;0.0;0.0;0.0;0.0;0.0;0.0;0.0;0.0;0.0;0.0;0.0;0.0;0.0;0.0
Itapipoca;ARAPARI;-3.5439444444444;-39.568222222222;2010;8;0.0;0.0;0.0;0.0;0.0;0.0;0.0;0.0;0.0;0.0;0.0;0.0;0.0;0.0;0.0;0.0;0.0;0.0;0.0;0.0;0.0;0.0;0.0;0.0;0.0;0.0;0.0;0.0;0.0;0.0;0.0;0.0
Itapipoca;ARAPARI;-3.5439444444444;-39.568222222222;2010;9;0.0;0.0;0.0;0.0;0.0;0.0;0.0;0.0;0.0;0.0;0.0;0.0;0.0;0.0;0.0;0.0;0.0;0.0;0.0;0.0;0.0;0.0;0.0;0.0;0.0;0.0;0.0;0.0;0.0;0.0;0.0;888.0
Itapipoca;ARAPARI;-3.5439444444444;-39.568222222222;2010;10;0.0;0.0;0.0;0.0;0.0;0.0;0.0;0.0;0.0;0.0;0.0;0.0;0.0;0.0;0.0;0.0;0.0;0.0;0.0;0.0;0.0;0.0;0.0;0.0;0.0;0.0;0.0;0.0;0.0;0.0;0.0;0.0
Itapipoca;ARAPARI;-3.5439444444444;-39.568222222222;2010;11;0.0;0.0;0.0;0.0;0.0;0.0;0.0;0.0;0.0;0.0;0.0;0.0;0.0;0.0;0.0;0.0;0.0;0.0;0.0;0.0;0.0;0.0;0.0;0.0;0.0;0.0;0.0;0.0;0.0;0.0;0.0;888.0
Itapipoca;ARAPARI;-3.5439444444444;-39.568222222222;2010;12;44.0;0.0;0.0;0.0;0.0;0.0;0.0;0.0;0.0;0.0;0.0;0.0;0.0;9.0;0.0;0.0;0.0;0.0;17.6;4.2;4.0;0.0;0.0;3.2;6.0;0.0;0.0;0.0;0.0;0.0;0.0;0.0
Itapipoca;ARAPARI;-3.5439444444444;-39.568222222222;2011;1;315.7;0.0;0.0;14.0;0.0;0.0;1.4;0.0;2.4;0.0;39.0;7.0;2.0;0.0;8.6;0.0;0.0;26.1;0.0;0.0;41.6;0.0;11.0;0.0;30.4;65.4;5.4;0.0;29.2;13.0;7.2;12.0
Itapipoca;ARAPARI;-3.5439444444444;-39.568222222222;2011;2;294.3;6.0;0.0;0.0;0.0;0.0;0.0;0.0;0.0;3.0;7.4;0.0;0.0;1.2;75.1;0.0;0.0;0.0;12.0;38.4;71.4;15.0;0.0;0.0;0.0;28.3;12.4;7.2;16.9;888.0;888.0;888.0
Itapipoca;ARAPARI;-3.5439444444444;-39.568222222222;2011;3;309.6;10.6;15.0;21.0;0.0;43.0;0.0;0.0;8.0;21.0;10.0;0.0;0.0;20.4;20.2;10.0;0.0;0.0;0.0;10.2;0.0;12.0;15.0;6.0;24.0;0.0;5.0;26.4;3.2;6.4;16.0;6.2
Itapipoca;ARAPARI;-3.5439444444444;-39.568222222222;2011;4;355.4;6.4;20.6;9.0;6.0;21.0;11.0;0.0;0.0;0.0;20.0;19.2;7.0;11.2;8.2;11.0;17.6;7.0;0.0;15.0;4.4;0.0;0.0;6.0;0.0;78.0;38.0;0.0;5.4;0.0;33.4;888.0
Itapipoca;ARAPARI;-3.5439444444444;-39.568222222222;2011;5;125.2;15.4;8.0;0.0;14.0;3.0;8.0;0.0;0.0;16.0;0.0;3.4;2.0;0.0;0.0;0.0;16.0;1.2;16.2;0.0;3.0;3.2;0.0;0.0;12.6;0.0;0.0;0.0;0.0;0.0;3.2;0.0
Itapipoca;ARAPARI;-3.5439444444444;-39.568222222222;2011;6;88.8;0.0;0.0;0.0;26.2;0.0;0.0;0.0;0.0;0.0;11.0;0.0;0.0;5.0;0.0;0.0;0.0;0.0;0.0;5.0;5.2;0.0;0.0;0.0;10.6;0.0;0.0;0.0;8.6;12.0;5.2;888.0
Itapipoca;ARAPARI;-3.5439444444444;-39.568222222222;2011;7;18.8;0.0;0.0;0.0;0.0;0.0;5.2;0.0;0.0;5.0;4.0;0.0;2.2;1.2;0.0;0.0;1.2;0.0;0.0;0.0;0.0;0.0;0.0;0.0;0.0;0.0;0.0;0.0;0.0;0.0;0.0;0.0
Itapipoca;ARAPARI;-3.5439444444444;-39.568222222222;2011;8;16.4;9.4;0.0;0.0;0.0;0.0;0.0;0.0;0.0;0.0;0.0;0.0;0.0;0.0;0.0;0.0;0.0;0.0;0.0;0.0;0.0;0.0;0.0;0.0;0.0;0.0;5.0;2.0;0.0;0.0;0.0;0.0
Itapipoca;ARAPARI;-3.5439444444444;-39.568222222222;2011;9;0.0;0.0;0.0;0.0;0.0;0.0;0.0;0.0;0.0;0.0;0.0;0.0;0.0;0.0;0.0;0.0;0.0;0.0;0.0;0.0;0.0;0.0;0.0;0.0;0.0;0.0;0.0;0.0;0.0;0.0;0.0;888.0
Itapipoca;ARAPARI;-3.5439444444444;-39.568222222222;2011;10;30.0;0.0;0.0;0.0;0.0;0.0;0.0;0.0;0.0;0.0;0.0;0.0;0.0;0.0;0.0;0.0;0.0;0.0;0.0;0.0;4.0;26.0;0.0;0.0;0.0;0.0;0.0;0.0;0.0;0.0;0.0;0.0
Itapipoca;ARAPARI;-3.5439444444444;-39.568222222222;2011;11;6.4;0.0;6.4;0.0;0.0;0.0;0.0;0.0;0.0;0.0;0.0;0.0;0.0;0.0;0.0;0.0;0.0;0.0;0.0;0.0;0.0;0.0;0.0;0.0;0.0;0.0;0.0;0.0;0.0;0.0;0.0;888.0
Itapipoca;ARAPARI;-3.5439444444444;-39.568222222222;2011;12;0.0;0.0;0.0;0.0;0.0;0.0;0.0;0.0;0.0;0.0;0.0;0.0;0.0;0.0;0.0;0.0;0.0;0.0;0.0;0.0;0.0;0.0;0.0;0.0;0.0;0.0;0.0;0.0;0.0;0.0;0.0;0.0
Itapipoca;ARAPARI;-3.5439444444444;-39.568222222222;2012;1;70.0;0.0;0.0;0.0;0.0;0.0;0.0;0.0;0.0;0.0;0.0;0.0;0.0;0.0;0.0;0.0;0.0;0.0;0.0;45.0;8.4;7.6;9.0;0.0;0.0;0.0;0.0;0.0;0.0;0.0;0.0;0.0
Itapipoca;ARAPARI;-3.5439444444444;-39.568222222222;2012;2;296.0;0.0;0.0;0.0;0.0;0.0;0.0;0.0;0.0;0.0;0.0;12.0;0.0;6.2;0.0;12.0;34.6;0.0;0.0;11.6;22.0;76.0;8.0;0.0;0.0;13.0;26.0;28.0;11.6;35.0;888.0;888.0
Itapipoca;ARAPARI;-3.5439444444444;-39.568222222222;2012;3;149.6;0.0;0.0;0.0;0.0;0.0;0.0;17.0;2.0;0.0;25.0;0.0;2.0;0.0;12.0;3.0;0.0;14.0;0.0;0.0;0.0;0.0;9.0;25.0;10.0;9.0;6.0;13.6;2.0;0.0;0.0;0.0
Itapipoca;ARAPARI;-3.5439444444444;-39.568222222222;2012;4;161.2;0.0;0.0;13.0;6.0;0.0;0.0;0.0;20.0;0.0;0.0;6.0;0.0;0.0;0.0;0.0;11.0;11.4;48.0;8.0;11.0;6.0;8.0;9.4;0.0;0.0;0.0;3.4;0.0;0.0;0.0;888.0
Itapipoca;ARAPARI;-3.5439444444444;-39.568222222222;2012;5;47.9;0.0;0.0;0.0;0.0;0.0;0.0;0.0;0.0;0.0;0.0;0.0;0.0;8.6;0.0;0.0;3.2;0.0;0.0;4.2;5.6;0.0;0.0;20.3;0.0;0.0;0.0;0.0;6.0;999.0;999.0;999.0
Itapipoca;ARAPARI;-3.5439444444444;-39.568222222222;2012;6;45.9;0.0;0.0;0.0;23.5;0.0;0.0;0.0;0.0;0.0;0.0;0.0;0.0;4.0;0.0;0.0;0.0;0.0;3.0;5.4;2.0;0.0;0.0;8.0;0.0;0.0;0.0;0.0;0.0;0.0;0.0;888.0
Itapipoca;ARAPARI;-3.5439444444444;-39.568222222222;2012;7;6.4;0.0;0.0;0.0;0.0;0.0;0.0;0.0;0.0;0.0;0.0;0.0;0.0;0.0;0.0;0.0;0.0;0.0;0.0;0.0;0.0;6.4;0.0;0.0;0.0;0.0;0.0;0.0;0.0;0.0;0.0;0.0
Itapipoca;ARAPARI;-3.5439444444444;-39.568222222222;2012;8;0.0;0.0;0.0;0.0;0.0;0.0;0.0;0.0;0.0;0.0;0.0;0.0;0.0;0.0;0.0;0.0;0.0;0.0;0.0;0.0;0.0;0.0;0.0;0.0;0.0;0.0;0.0;0.0;0.0;0.0;0.0;0.0
Itapipoca;ARAPARI;-3.5439444444444;-39.568222222222;2012;9;0.0;0.0;0.0;0.0;0.0;0.0;0.0;0.0;0.0;0.0;0.0;0.0;0.0;0.0;0.0;0.0;0.0;0.0;0.0;0.0;0.0;0.0;0.0;0.0;0.0;0.0;0.0;0.0;0.0;0.0;0.0;888.0
Itapipoca;ARAPARI;-3.5439444444444;-39.568222222222;2012;10;0.0;0.0;0.0;0.0;0.0;0.0;0.0;0.0;0.0;0.0;0.0;0.0;0.0;0.0;0.0;0.0;0.0;0.0;0.0;0.0;0.0;0.0;0.0;0.0;0.0;0.0;0.0;0.0;0.0;0.0;0.0;0.0
Itapipoca;ARAPARI;-3.5439444444444;-39.568222222222;2012;11;0.0;0.0;0.0;0.0;0.0;0.0;0.0;0.0;0.0;0.0;0.0;0.0;0.0;0.0;0.0;0.0;0.0;0.0;0.0;0.0;0.0;0.0;0.0;0.0;0.0;0.0;0.0;0.0;0.0;0.0;0.0;888.0
Itapipoca;ARAPARI;-3.5439444444444;-39.568222222222;2012;12;0.0;0.0;0.0;0.0;0.0;0.0;0.0;0.0;0.0;0.0;0.0;0.0;0.0;0.0;0.0;0.0;0.0;0.0;0.0;0.0;0.0;0.0;0.0;0.0;0.0;0.0;0.0;0.0;0.0;0.0;0.0;0.0
Itapipoca;ARAPARI;-3.5439444444444;-39.568222222222;2013;1;47.0;0.0;5.0;5.0;0.0;0.0;0.0;0.0;0.0;0.0;0.0;0.0;0.0;0.0;0.0;9.0;0.0;3.0;0.0;0.0;25.0;0.0;0.0;0.0;0.0;0.0;0.0;0.0;0.0;0.0;0.0;0.0
Itapipoca;ARAPARI;-3.5439444444444;-39.568222222222;2013;2;141.0;0.0;3.0;0.0;0.0;0.0;0.0;6.2;1.0;2.2;0.0;0.0;0.0;0.0;11.0;55.0;22.0;9.0;5.0;17.6;9.0;0.0;0.0;0.0;0.0;0.0;0.0;0.0;0.0;888.0;888.0;888.0
Itapipoca;ARAPARI;-3.5439444444444;-39.568222222222;2013;3;172.6;0.0;0.0;0.0;0.0;0.0;0.0;0.0;0.0;0.0;4.0;26.0;0.0;0.0;0.0;0.0;0.0;0.0;0.0;39.2;0.0;2.0;0.0;0.0;6.0;47.2;0.0;0.0;33.2;4.0;0.0;11.0
Itapipoca;ARAPARI;-3.5439444444444;-39.568222222222;2013;4;225.5;32.0;0.0;0.0;0.0;45.0;6.0;14.0;0.0;0.0;20.6;0.0;0.0;0.0;0.0;0.0;16.2;5.2;4.0;13.0;24.2;0.0;0.0;14.2;0.0;0.0;10.2;0.0;10.6;6.3;4.0;888.0
Itapipoca;ARAPARI;-3.5439444444444;-39.568222222222;2013;5;105.2;0.0;8.0;0.0;0.0;0.0;0.0;6.4;0.0;4.4;5.4;0.0;0.0;0.0;0.0;16.4;0.0;0.0;0.0;46.0;0.0;0.0;0.0;11.0;0.0;7.6;0.0;0.0;0.0;0.0;0.0;0.0
Itapipoca;ARAPARI;-3.5439444444444;-39.568222222222;2013;6;137.3;0.0;0.0;7.0;19.0;23.0;0.0;21.3;0.0;0.0;0.0;0.0;11.0;9.0;0.0;13.6;0.0;0.0;0.0;0.0;0.0;13.4;10.0;0.0;0.0;0.0;0.0;0.0;0.0;10.0;0.0;888.0
Itapipoca;ARAPARI;-3.5439444444444;-39.568222222222;2013;7;33.6;0.0;0.0;0.0;18.0;3.4;0.0;0.0;0.0;0.0;2.0;0.0;0.0;0.0;0.0;3.0;0.0;0.0;0.0;0.0;0.0;0.0;0.0;7.2;0.0;0.0;0.0;0.0;0.0;0.0;0.0;0.0
Itapipoca;ARAPARI;-3.5439444444444;-39.568222222222;2013;8;5.6;0.0;0.0;0.0;0.0;0.0;0.0;0.0;0.0;0.0;0.0;0.0;0.0;0.0;0.0;0.0;0.0;0.0;0.0;0.0;0.0;0.0;0.0;0.0;0.0;0.0;0.0;0.0;0.0;0.0;5.6;0.0
Itapipoca;ARAPARI;-3.5439444444444;-39.568222222222;2013;9;4.0;0.0;0.0;0.0;0.0;0.0;0.0;0.0;0.0;0.0;0.0;0.0;0.0;0.0;0.0;0.0;0.0;0.0;0.0;0.0;0.0;0.0;0.0;0.0;0.0;4.0;0.0;0.0;0.0;0.0;0.0;888.0
Itapipoca;ARAPARI;-3.5439444444444;-39.568222222222;2013;10;0.0;0.0;0.0;0.0;0.0;0.0;0.0;0.0;0.0;0.0;0.0;0.0;0.0;0.0;0.0;0.0;0.0;0.0;0.0;0.0;0.0;0.0;0.0;0.0;0.0;0.0;0.0;0.0;0.0;0.0;0.0;0.0
Itapipoca;ARAPARI;-3.5439444444444;-39.568222222222;2013;11;2.0;0.0;0.0;2.0;0.0;0.0;0.0;0.0;0.0;0.0;0.0;0.0;0.0;0.0;0.0;0.0;0.0;0.0;0.0;0.0;0.0;0.0;0.0;0.0;0.0;0.0;0.0;0.0;0.0;0.0;0.0;888.0
Itapipoca;ARAPARI;-3.5439444444444;-39.568222222222;2013;12;18.6;0.0;0.0;0.0;0.0;0.0;0.0;0.0;0.0;0.0;0.0;0.0;0.0;0.0;0.0;0.0;0.0;0.0;0.0;0.0;3.2;12.0;0.0;3.4;0.0;0.0;0.0;0.0;0.0;0.0;0.0;0.0
Itapipoca;ARAPARI;-3.5439444444444;-39.568222222222;2014;1;108.8;0.0;0.0;0.0;11.0;5.2;0.0;39.0;0.0;10.0;5.0;0.0;0.0;10.4;0.0;5.0;0.0;0.0;0.0;0.0;0.0;0.0;0.0;0.0;12.6;0.0;0.0;0.0;0.0;0.0;2.4;8.2
Itapipoca;ARAPARI;-3.5439444444444;-39.568222222222;2014;2;135.2;0.0;0.0;0.0;4.2;7.0;0.0;4.2;0.0;0.0;0.0;5.4;0.0;0.0;24.0;0.0;0.0;20.0;0.0;30.0;29.2;8.2;0.0;0.0;0.0;0.0;3.0;0.0;0.0;888.0;888.0;888.0
Itapipoca;ARAPARI;-3.5439444444444;-39.568222222222;2014;3;208.6;0.0;0.0;0.0;0.0;24.0;0.0;0.0;0.0;0.0;0.0;18.0;6.0;9.0;13.0;0.0;0.0;13.4;6.0;8.0;3.0;0.0;0.0;0.0;0.0;0.0;0.0;0.0;0.0;46.2;9.0;53.0
Itapipoca;ARAPARI;-3.5439444444444;-39.568222222222;2014;4;247.8;3.0;10.0;0.0;18.0;28.0;6.0;12.6;5.0;8.0;0.0;0.0;20.0;9.0;0.0;0.0;0.0;0.0;3.0;14.6;3.2;0.0;0.0;31.2;9.0;0.0;7.0;0.0;18.0;42.2;0.0;888.0
Itapipoca;ARAPARI;-3.5439444444444;-39.568222222222;2014;5;60.4;0.0;0.0;0.0;18.0;3.2;0.0;0.0;0.0;0.0;0.0;0.0;12.0;9.0;0.0;5.0;0.0;0.0;0.0;0.0;0.0;0.0;0.0;0.0;0.0;0.0;0.0;0.0;0.0;13.2;0.0;0.0
Itapipoca;ARAPARI;-3.5439444444444;-39.568222222222;2014;6;12.2;0.0;0.0;0.0;0.0;0.0;0.0;6.2;0.0;0.0;0.0;6.0;0.0;0.0;0.0;0.0;0.0;0.0;0.0;0.0;0.0;0.0;0.0;0.0;0.0;0.0;0.0;0.0;0.0;0.0;0.0;888.0
Itapipoca;ARAPARI;-3.5439444444444;-39.568222222222;2014;7;5.0;0.0;0.0;0.0;0.0;0.0;0.0;2.0;0.0;0.0;0.0;0.0;0.0;0.0;3.0;0.0;0.0;0.0;0.0;0.0;0.0;0.0;0.0;0.0;0.0;0.0;0.0;0.0;0.0;0.0;0.0;0.0
Itapipoca;ARAPARI;-3.5439444444444;-39.568222222222;2014;8;3.0;0.0;0.0;0.0;3.0;0.0;0.0;0.0;0.0;0.0;0.0;0.0;0.0;0.0;0.0;0.0;0.0;0.0;0.0;0.0;0.0;0.0;0.0;0.0;0.0;0.0;0.0;0.0;0.0;0.0;0.0;0.0
Itapipoca;ARAPARI;-3.5439444444444;-39.568222222222;2014;9;4.0;0.0;0.0;0.0;0.0;0.0;0.0;0.0;0.0;0.0;0.0;0.0;0.0;0.0;0.0;0.0;0.0;0.0;0.0;0.0;4.0;0.0;0.0;0.0;0.0;0.0;0.0;0.0;0.0;0.0;0.0;888.0
Itapipoca;ARAPARI;-3.5439444444444;-39.568222222222;2014;10;0.0;0.0;0.0;0.0;0.0;0.0;0.0;0.0;0.0;0.0;0.0;0.0;0.0;0.0;0.0;0.0;0.0;0.0;0.0;0.0;0.0;0.0;0.0;0.0;0.0;0.0;0.0;0.0;0.0;0.0;0.0;0.0
Itapipoca;ARAPARI;-3.5439444444444;-39.568222222222;2014;11;6.0;0.0;0.0;0.0;0.0;0.0;0.0;0.0;0.0;0.0;0.0;0.0;0.0;0.0;0.0;0.0;0.0;0.0;0.0;0.0;0.0;0.0;0.0;0.0;0.0;0.0;6.0;0.0;0.0;0.0;0.0;888.0
Itapipoca;ARAPARI;-3.5439444444444;-39.568222222222;2014;12;5.0;0.0;0.0;0.0;0.0;0.0;0.0;0.0;0.0;0.0;0.0;0.0;0.0;0.0;0.0;0.0;0.0;5.0;0.0;0.0;0.0;0.0;0.0;0.0;0.0;0.0;0.0;0.0;0.0;0.0;0.0;0.0
Itapipoca;ARAPARI;-3.5439444444444;-39.568222222222;2015;1;69.2;0.0;0.0;0.0;19.0;9.0;0.0;11.0;0.0;0.0;0.0;5.0;0.0;0.0;0.0;0.0;0.0;0.0;0.0;11.0;0.0;0.0;14.2;0.0;0.0;0.0;0.0;0.0;0.0;0.0;0.0;0.0
Itapipoca;ARAPARI;-3.5439444444444;-39.568222222222;2015;2;92.4;0.0;1.0;0.0;4.0;0.0;0.0;0.0;0.0;0.0;0.0;0.0;0.0;0.0;0.0;0.0;0.0;15.0;0.0;20.0;21.2;3.2;0.0;0.0;9.0;5.0;4.0;0.0;10.0;888.0;888.0;888.0
Itapipoca;ARAPARI;-3.5439444444444;-39.568222222222;2015;3;228.2;13.0;9.4;16.0;0.0;12.0;11.0;23.0;0.0;19.2;12.0;4.0;0.0;0.0;0.0;0.0;4.0;2.0;2.0;9.2;0.0;3.0;24.0;22.2;3.0;0.0;17.0;6.0;7.2;0.0;0.0;9.0
Itapipoca;ARAPARI;-3.5439444444444;-39.568222222222;2015;4;297.4;35.0;3.0;8.4;45.0;17.0;0.0;24.0;0.0;12.4;24.0;5.0;14.0;11.2;0.0;17.0;3.0;3.0;0.0;19.0;0.0;11.0;2.0;11.0;11.0;6.2;0.0;0.0;0.0;0.0;15.2;888.0
Itapipoca;ARAPARI;-3.5439444444444;-39.568222222222;2015;5;92.5;0.0;11.4;0.0;0.0;0.0;0.0;0.0;11.4;12.5;7.0;0.0;0.0;0.0;0.0;0.0;0.0;0.0;0.0;0.0;0.0;12.0;0.0;5.2;0.0;0.0;25.0;0.0;0.0;0.0;0.0;8.0
Itapipoca;ARAPARI;-3.5439444444444;-39.568222222222;2015;6;49.2;0.0;0.0;0.0;18.0;5.0;0.0;0.0;5.0;0.0;0.0;0.0;0.0;0.0;0.0;0.0;0.0;0.0;0.0;0.0;0.0;0.0;0.0;0.0;0.0;0.0;17.0;0.0;0.0;2.2;2.0;888.0
Itapipoca;ARAPARI;-3.5439444444444;-39.568222222222;2015;7;71.6;4.0;0.0;19.0;4.0;22.0;4.2;0.0;0.0;0.0;0.0;0.0;0.0;0.0;0.0;0.0;0.0;11.4;7.0;0.0;0.0;0.0;0.0;0.0;0.0;0.0;0.0;0.0;0.0;0.0;0.0;0.0
Itapipoca;ARAPARI;-3.5439444444444;-39.568222222222;2015;8;0.0;0.0;0.0;0.0;0.0;0.0;0.0;0.0;0.0;0.0;0.0;0.0;0.0;0.0;0.0;0.0;0.0;0.0;0.0;0.0;0.0;0.0;0.0;0.0;0.0;0.0;0.0;0.0;0.0;0.0;0.0;0.0
Itapipoca;ARAPARI;-3.5439444444444;-39.568222222222;2015;9;0.0;0.0;0.0;0.0;0.0;0.0;0.0;0.0;0.0;0.0;0.0;0.0;999.0;0.0;0.0;0.0;0.0;0.0;0.0;0.0;0.0;0.0;0.0;0.0;0.0;0.0;0.0;0.0;0.0;0.0;0.0;888.0
Itapipoca;ARAPARI;-3.5439444444444;-39.568222222222;2015;10;0.0;0.0;0.0;0.0;0.0;0.0;0.0;0.0;0.0;0.0;0.0;0.0;0.0;0.0;0.0;0.0;0.0;0.0;0.0;0.0;0.0;0.0;0.0;0.0;0.0;0.0;0.0;0.0;0.0;0.0;0.0;0.0
Itapipoca;ARAPARI;-3.5439444444444;-39.568222222222;2015;11;0.0;0.0;0.0;0.0;0.0;0.0;0.0;0.0;0.0;0.0;0.0;0.0;0.0;0.0;0.0;0.0;0.0;0.0;0.0;0.0;0.0;0.0;0.0;0.0;0.0;0.0;0.0;0.0;0.0;0.0;0.0;888.0
Itapipoca;ARAPARI;-3.5439444444444;-39.568222222222;2015;12;20.4;0.0;0.0;0.0;0.0;0.0;0.0;0.0;0.0;0.0;0.0;0.0;0.0;0.0;0.0;0.0;5.0;0.0;0.0;0.0;0.0;0.0;0.0;0.0;0.0;0.0;0.0;0.0;15.4;0.0;0.0;0.0
Itapipoca;ARAPARI;-3.5439444444444;-39.568222222222;2016;1;297.4;0.0;0.0;0.0;0.0;0.0;0.0;3.0;15.0;54.0;0.0;0.0;0.0;0.0;3.0;0.0;0.0;2.0;0.0;40.0;13.0;57.4;41.0;0.0;12.0;14.0;33.0;10.0;0.0;0.0;0.0;0.0
Itapipoca;ARAPARI;-3.5439444444444;-39.568222222222;2016;2;139.7;0.0;24.3;2.0;0.0;4.0;0.0;0.0;0.0;0.0;0.0;0.0;0.0;0.0;0.0;9.0;0.0;0.0;0.0;40.0;0.0;17.0;0.0;0.0;11.0;9.0;0.0;7.0;0.0;16.4;888.0;888.0
Itapipoca;ARAPARI;-3.5439444444444;-39.568222222222;2016;3;265.0;0.0;0.0;11.0;0.0;0.0;0.0;0.0;0.0;17.0;25.0;3.0;21.0;0.0;19.6;5.4;0.0;15.0;66.0;0.0;2.0;0.0;20.0;0.0;5.2;0.0;0.0;20.0;15.4;0.0;17.4;2.0
Itapipoca;ARAPARI;-3.5439444444444;-39.568222222222;2016;4;146.2;12.2;8.0;4.2;14.6;0.0;8.0;20.0;0.0;41.0;8.2;0.0;13.0;0.0;0.0;0.0;0.0;0.0;0.0;0.0;0.0;0.0;17.0;0.0;0.0;0.0;0.0;0.0;0.0;0.0;0.0;888.0
Itapipoca;ARAPARI;-3.5439444444444;-39.568222222222;2016;5;46.0;0.0;3.4;21.0;0.0;0.0;0.0;0.0;0.0;0.0;0.0;6.4;6.2;0.0;9.0;0.0;0.0;0.0;0.0;0.0;0.0;0.0;0.0;0.0;0.0;0.0;0.0;0.0;0.0;0.0;0.0;0.0
Itapipoca;ARAPARI;-3.5439444444444;-39.568222222222;2016;6;68.2;9.0;0.0;3.0;0.0;0.0;0.0;11.2;0.0;0.0;45.0;0.0;0.0;0.0;0.0;0.0;0.0;0.0;0.0;0.0;0.0;0.0;0.0;0.0;0.0;0.0;0.0;0.0;0.0;0.0;0.0;888.0
Itapipoca;ARAPARI;-3.5439444444444;-39.568222222222;2016;7;0.0;0.0;0.0;0.0;0.0;0.0;0.0;0.0;0.0;0.0;0.0;0.0;0.0;0.0;0.0;0.0;0.0;0.0;0.0;0.0;0.0;0.0;0.0;0.0;0.0;0.0;0.0;0.0;0.0;0.0;0.0;0.0
Itapipoca;ARAPARI;-3.5439444444444;-39.568222222222;2017;1;95.4;0.0;0.0;0.0;9.0;0.0;0.0;0.0;0.0;4.0;0.0;0.0;12.0;0.0;0.0;0.0;0.0;0.0;2.0;0.0;32.0;0.0;8.0;3.0;7.4;0.0;0.0;0.0;10.0;8.0;0.0;0.0
Itapipoca;ARAPARI;-3.5439444444444;-39.568222222222;2017;2;214.6;8.0;2.4;0.0;0.0;0.0;0.0;6.0;8.0;0.0;17.0;100.0;9.0;0.0;3.0;0.0;0.0;0.0;0.0;0.0;27.0;0.0;10.0;0.0;0.0;7.0;0.0;6.4;10.8;888.0;888.0;888.0
Itapipoca;ARAPARI;-3.5439444444444;-39.568222222222;2017;3;256.0;7.0;6.0;36.4;0.0;0.0;0.0;24.0;5.0;0.0;8.0;10.0;0.0;6.0;45.0;8.0;10.0;0.0;6.0;0.0;3.2;8.4;9.0;20.0;20.0;0.0;0.0;0.0;12.0;0.0;7.0;5.0
Itapipoca;ARAPARI;-3.5439444444444;-39.568222222222;2017;4;166.6;0.0;36.4;3.0;2.0;11.4;16.0;0.0;0.0;0.0;0.0;8.4;8.0;0.0;22.0;6.0;0.0;0.0;0.0;0.0;0.0;0.0;0.0;6.4;25.0;0.0;0.0;0.0;0.0;0.0;22.0;888.0
Itapipoca;ARAPARI;-3.5439444444444;-39.568222222222;2017;5;157.7;0.0;7.0;0.0;12.4;10.0;0.0;0.0;0.0;14.4;0.0;0.0;0.0;0.0;0.0;0.0;0.0;0.0;0.0;2.0;0.0;0.0;0.0;0.0;0.0;0.0;0.0;0.0;0.0;43.0;58.2;10.7
Itapipoca;ARAPARI;-3.5439444444444;-39.568222222222;2017;6;31.0;7.0;0.0;0.0;0.0;5.0;0.0;0.0;0.0;0.0;0.0;0.0;15.0;0.0;0.0;0.0;0.0;0.0;0.0;4.0;0.0;0.0;0.0;0.0;0.0;0.0;0.0;0.0;0.0;0.0;0.0;888.0
Itapipoca;ARAPARI;-3.5439444444444;-39.568222222222;2017;7;17.0;0.0;0.0;6.0;0.0;0.0;0.0;0.0;0.0;0.0;0.0;0.0;0.0;0.0;0.0;0.0;0.0;0.0;0.0;0.0;0.0;0.0;11.0;0.0;0.0;0.0;0.0;0.0;0.0;0.0;0.0;0.0
Itapipoca;ARAPARI;-3.5439444444444;-39.568222222222;2017;8;0.0;0.0;0.0;0.0;0.0;0.0;0.0;0.0;0.0;0.0;0.0;999.0;0.0;0.0;0.0;0.0;0.0;0.0;0.0;0.0;0.0;0.0;0.0;0.0;0.0;0.0;0.0;0.0;0.0;0.0;0.0;0.0
Itapipoca;ARAPARI;-3.5439444444444;-39.568222222222;2017;9;0.0;0.0;0.0;0.0;0.0;0.0;0.0;0.0;0.0;0.0;0.0;0.0;0.0;0.0;999.0;0.0;0.0;0.0;0.0;0.0;0.0;0.0;999.0;0.0;0.0;0.0;0.0;0.0;0.0;0.0;0.0;888.0
Itapipoca;ARAPARI;-3.5439444444444;-39.568222222222;2017;10;0.0;0.0;0.0;0.0;0.0;0.0;0.0;0.0;0.0;0.0;0.0;0.0;0.0;0.0;0.0;0.0;0.0;0.0;0.0;0.0;0.0;0.0;0.0;0.0;0.0;0.0;0.0;0.0;0.0;0.0;0.0;0.0
Itapipoca;ARAPARI;-3.5439444444444;-39.568222222222;2017;11;0.0;0.0;0.0;0.0;0.0;0.0;0.0;0.0;0.0;0.0;0.0;0.0;0.0;0.0;0.0;0.0;0.0;0.0;0.0;0.0;0.0;0.0;0.0;0.0;0.0;0.0;0.0;0.0;0.0;0.0;0.0;888.0
Itapipoca;ARAPARI;-3.5439444444444;-39.568222222222;2017;12;56.8;0.0;0.0;0.0;0.0;0.0;0.0;0.0;0.0;0.0;0.0;0.0;0.0;0.0;0.0;0.0;0.0;8.0;2.0;0.0;0.0;7.0;7.0;17.4;11.0;0.0;4.4;0.0;0.0;0.0;0.0;0.0
Itapipoca;ARAPARI;-3.5439444444444;-39.568222222222;2018;1;109.2;0.0;0.0;0.0;0.0;0.0;0.0;3.0;25.0;0.0;0.0;0.0;0.0;0.0;0.0;0.0;0.0;0.0;0.0;15.2;4.0;0.0;0.0;0.0;0.0;19.0;0.0;17.0;21.0;0.0;0.0;5.0
Itapipoca;ARAPARI;-3.5439444444444;-39.568222222222;2018;2;303.8;0.0;0.0;14.0;8.0;3.0;4.0;10.0;17.0;42.0;0.0;0.0;0.0;31.0;12.4;36.2;10.0;0.0;0.0;6.4;14.0;0.0;28.0;13.0;27.0;9.4;16.0;0.0;2.4;888.0;888.0;888.0
Itapipoca;ARAPARI;-3.5439444444444;-39.568222222222;2018;3;203.2;10.4;16.4;0.0;0.0;0.0;4.0;0.0;4.2;15.0;28.0;11.0;15.2;0.0;17.0;2.0;0.0;0.0;0.0;0.0;0.0;0.0;6.4;15.0;0.0;0.0;0.0;15.4;0.0;0.0;40.2;3.0
Itapipoca;ARAPARI;-3.5439444444444;-39.568222222222;2018;4;300.2;0.0;8.0;12.0;8.0;0.0;0.0;0.0;0.0;6.0;6.0;39.0;29.0;0.0;100.0;0.0;15.2;58.0;0.0;0.0;0.0;10.0;0.0;2.0;0.0;0.0;0.0;0.0;0.0;0.0;7.0;888.0
Itapipoca;ARAPARI;-3.5439444444444;-39.568222222222;2018;5;158.2;2.0;0.0;0.0;3.0;0.0;19.0;0.0;20.0;19.0;23.2;0.0;17.8;15.0;6.2;0.0;0.0;0.0;10.0;0.0;6.0;0.0;10.0;0.0;0.0;7.0;0.0;0.0;0.0;0.0;0.0;0.0
Itapipoca;ARAPARI;-3.5439444444444;-39.568222222222;2018;6;32.0;0.0;0.0;0.0;0.0;0.0;0.0;0.0;0.0;0.0;0.0;0.0;0.0;0.0;0.0;0.0;0.0;0.0;11.0;21.0;0.0;0.0;0.0;0.0;0.0;0.0;0.0;0.0;0.0;0.0;0.0;888.0
Itapipoca;ARAPARI;-3.5439444444444;-39.568222222222;2018;7;74.8;0.0;0.0;0.0;0.0;0.0;0.0;27.0;17.4;0.0;24.0;6.4;0.0;0.0;0.0;0.0;0.0;0.0;0.0;0.0;0.0;0.0;0.0;0.0;0.0;0.0;0.0;0.0;0.0;0.0;0.0;0.0
Itapipoca;ARAPARI;-3.5439444444444;-39.568222222222;2018;8;6.4;0.0;0.0;6.4;0.0;0.0;0.0;0.0;0.0;0.0;0.0;0.0;0.0;0.0;0.0;0.0;0.0;0.0;0.0;0.0;0.0;0.0;0.0;0.0;0.0;0.0;0.0;0.0;0.0;0.0;0.0;0.0
Itapipoca;ARAPARI;-3.5439444444444;-39.568222222222;2018;9;0.0;0.0;0.0;0.0;0.0;0.0;0.0;0.0;0.0;0.0;0.0;0.0;0.0;0.0;0.0;0.0;0.0;0.0;0.0;0.0;0.0;0.0;0.0;0.0;0.0;0.0;0.0;0.0;0.0;0.0;0.0;888.0
Itapipoca;ARAPARI;-3.5439444444444;-39.568222222222;2018;10;0.0;0.0;0.0;0.0;999.0;999.0;999.0;999.0;999.0;999.0;999.0;999.0;999.0;999.0;999.0;999.0;999.0;999.0;999.0;999.0;999.0;999.0;999.0;999.0;999.0;999.0;999.0;999.0;999.0;999.0;999.0;999.0
