Municipios;Postos;Latitude;Longitude;Anos;Meses;Total;Dia1;Dia2;Dia3;Dia4;Dia5;Dia6;Dia7;Dia8;Dia9;Dia10;Dia11;Dia12;Dia13;Dia14;Dia15;Dia16;Dia17;Dia18;Dia19;Dia20;Dia21;Dia22;Dia23;Dia24;Dia25;Dia26;Dia27;Dia28;Dia29;Dia30;Dia31
Pedra Branca;RIACHAO DO BANABUIU;-5.46538888889;-39.9964444444;1988;2;8.2;0.0;0.0;0.0;0.0;0.0;0.0;999.0;0.0;0.0;0.0;0.0;0.0;0.0;0.0;0.0;0.0;0.0;0.0;0.0;0.0;0.0;8.2;0.0;0.0;0.0;0.0;0.0;0.0;0.0;888.0;888.0
Pedra Branca;RIACHAO DO BANABUIU;-5.46538888889;-39.9964444444;1988;3;80.0;999.0;0.0;999.0;0.0;0.0;30.0;25.0;0.0;0.0;25.0;0.0;0.0;0.0;0.0;0.0;999.0;0.0;0.0;999.0;0.0;0.0;0.0;999.0;999.0;0.0;999.0;0.0;0.0;999.0;0.0;0.0
Pedra Branca;RIACHAO DO BANABUIU;-5.46538888889;-39.9964444444;1988;4;0.0;0.0;999.0;0.0;0.0;0.0;0.0;0.0;0.0;999.0;0.0;999.0;0.0;0.0;0.0;999.0;0.0;0.0;999.0;0.0;0.0;0.0;0.0;999.0;0.0;999.0;0.0;0.0;0.0;0.0;0.0;888.0
Pedra Branca;RIACHAO DO BANABUIU;-5.46538888889;-39.9964444444;1988;5;0.0;999.0;999.0;0.0;999.0;999.0;0.0;0.0;0.0;0.0;0.0;0.0;0.0;0.0;0.0;0.0;0.0;999.0;0.0;0.0;999.0;0.0;0.0;999.0;999.0;0.0;0.0;0.0;999.0;0.0;0.0;0.0
Pedra Branca;RIACHAO DO BANABUIU;-5.46538888889;-39.9964444444;1988;6;0.0;0.0;999.0;0.0;0.0;0.0;0.0;0.0;0.0;0.0;999.0;999.0;999.0;999.0;999.0;999.0;999.0;999.0;999.0;999.0;999.0;999.0;999.0;999.0;999.0;999.0;999.0;999.0;999.0;999.0;999.0;888.0
Pedra Branca;RIACHAO DO BANABUIU;-5.46538888889;-39.9964444444;1988;10;0.0;999.0;999.0;999.0;999.0;999.0;999.0;999.0;999.0;999.0;999.0;999.0;999.0;999.0;999.0;999.0;999.0;999.0;999.0;999.0;999.0;999.0;999.0;999.0;999.0;999.0;999.0;999.0;999.0;999.0;999.0;0.0
Pedra Branca;RIACHAO DO BANABUIU;-5.46538888889;-39.9964444444;1988;12;0.0;999.0;999.0;999.0;999.0;999.0;999.0;999.0;999.0;999.0;999.0;999.0;999.0;999.0;0.0;999.0;999.0;999.0;0.0;0.0;999.0;999.0;999.0;999.0;999.0;999.0;999.0;999.0;999.0;999.0;999.0;999.0
Pedra Branca;RIACHAO DO BANABUIU;-5.46538888889;-39.9964444444;1989;1;0.0;0.0;0.0;0.0;0.0;0.0;0.0;0.0;0.0;0.0;0.0;0.0;0.0;0.0;999.0;999.0;0.0;0.0;0.0;0.0;0.0;0.0;999.0;0.0;0.0;999.0;0.0;0.0;999.0;0.0;0.0;0.0
Pedra Branca;RIACHAO DO BANABUIU;-5.46538888889;-39.9964444444;1989;2;0.0;0.0;999.0;0.0;999.0;999.0;0.0;0.0;999.0;999.0;0.0;0.0;0.0;0.0;0.0;0.0;0.0;999.0;0.0;0.0;0.0;0.0;999.0;0.0;0.0;0.0;0.0;0.0;0.0;888.0;888.0;888.0
Pedra Branca;RIACHAO DO BANABUIU;-5.46538888889;-39.9964444444;1989;3;0.0;0.0;0.0;0.0;0.0;0.0;0.0;0.0;999.0;0.0;999.0;999.0;999.0;999.0;999.0;999.0;999.0;999.0;999.0;999.0;999.0;999.0;999.0;999.0;999.0;999.0;999.0;999.0;999.0;999.0;999.0;999.0
Pedra Branca;RIACHAO DO BANABUIU;-5.46538888889;-39.9964444444;1989;6;0.0;999.0;999.0;999.0;999.0;999.0;999.0;999.0;999.0;0.0;999.0;999.0;0.0;0.0;0.0;0.0;0.0;0.0;999.0;0.0;999.0;999.0;999.0;999.0;999.0;999.0;0.0;999.0;999.0;999.0;999.0;888.0
Pedra Branca;RIACHAO DO BANABUIU;-5.46538888889;-39.9964444444;1989;7;0.0;0.0;0.0;0.0;999.0;0.0;0.0;0.0;999.0;0.0;0.0;0.0;0.0;0.0;999.0;999.0;999.0;0.0;999.0;999.0;0.0;0.0;999.0;999.0;0.0;0.0;0.0;0.0;999.0;999.0;999.0;0.0
Pedra Branca;RIACHAO DO BANABUIU;-5.46538888889;-39.9964444444;1989;8;0.0;999.0;999.0;999.0;999.0;999.0;999.0;999.0;999.0;999.0;999.0;999.0;0.0;999.0;999.0;999.0;0.0;0.0;0.0;999.0;0.0;0.0;0.0;0.0;0.0;0.0;0.0;0.0;0.0;0.0;0.0;0.0
Pedra Branca;RIACHAO DO BANABUIU;-5.46538888889;-39.9964444444;1989;9;0.0;0.0;999.0;999.0;0.0;0.0;0.0;999.0;0.0;999.0;999.0;0.0;0.0;0.0;0.0;0.0;999.0;999.0;0.0;0.0;999.0;0.0;999.0;999.0;999.0;999.0;999.0;999.0;999.0;999.0;999.0;888.0
Pedra Branca;RIACHAO DO BANABUIU;-5.46538888889;-39.9964444444;1989;10;0.0;999.0;0.0;999.0;999.0;999.0;999.0;999.0;999.0;999.0;999.0;999.0;999.0;999.0;999.0;999.0;999.0;999.0;999.0;999.0;999.0;999.0;999.0;999.0;999.0;999.0;999.0;999.0;999.0;999.0;999.0;999.0
Pedra Branca;RIACHAO DO BANABUIU;-5.46538888889;-39.9964444444;1990;3;0.0;0.0;999.0;999.0;999.0;999.0;999.0;999.0;999.0;999.0;999.0;999.0;999.0;999.0;999.0;999.0;999.0;999.0;0.0;0.0;999.0;999.0;999.0;999.0;999.0;999.0;999.0;999.0;999.0;999.0;999.0;999.0
Pedra Branca;RIACHAO DO BANABUIU;-5.46538888889;-39.9964444444;1990;4;0.0;999.0;999.0;999.0;999.0;999.0;999.0;999.0;999.0;999.0;999.0;999.0;999.0;999.0;999.0;999.0;999.0;999.0;999.0;999.0;999.0;0.0;999.0;0.0;999.0;999.0;999.0;999.0;999.0;999.0;999.0;888.0
Pedra Branca;RIACHAO DO BANABUIU;-5.46538888889;-39.9964444444;1991;4;0.0;999.0;999.0;999.0;999.0;999.0;999.0;999.0;999.0;999.0;999.0;999.0;999.0;999.0;0.0;999.0;999.0;999.0;999.0;999.0;999.0;999.0;999.0;999.0;999.0;999.0;999.0;999.0;999.0;999.0;999.0;888.0
Pedra Branca;RIACHAO DO BANABUIU;-5.46538888889;-39.9964444444;1991;5;0.0;999.0;999.0;999.0;999.0;999.0;999.0;999.0;999.0;999.0;999.0;0.0;999.0;999.0;999.0;999.0;999.0;999.0;999.0;999.0;999.0;999.0;999.0;999.0;999.0;999.0;999.0;999.0;999.0;999.0;999.0;999.0
Pedra Branca;RIACHAO DO BANABUIU;-5.46538888889;-39.9964444444;1992;3;16.0;999.0;999.0;999.0;999.0;999.0;999.0;999.0;999.0;999.0;999.0;999.0;8.0;999.0;999.0;999.0;999.0;999.0;8.0;999.0;999.0;999.0;999.0;999.0;999.0;999.0;999.0;999.0;999.0;999.0;999.0;999.0
Pedra Branca;RIACHAO DO BANABUIU;-5.46538888889;-39.9964444444;1994;3;38.0;999.0;999.0;999.0;999.0;999.0;999.0;999.0;999.0;999.0;999.0;999.0;999.0;999.0;999.0;999.0;999.0;999.0;999.0;999.0;999.0;999.0;999.0;999.0;999.0;999.0;38.0;999.0;999.0;999.0;999.0;999.0
Pedra Branca;RIACHAO DO BANABUIU;-5.46538888889;-39.9964444444;2006;7;0.0;0.0;999.0;999.0;999.0;999.0;999.0;999.0;999.0;999.0;999.0;999.0;999.0;999.0;999.0;999.0;999.0;999.0;999.0;999.0;999.0;999.0;999.0;999.0;999.0;999.0;999.0;999.0;999.0;999.0;999.0;999.0
Pedra Branca;RIACHAO DO BANABUIU;-5.46538888889;-39.9964444444;2007;12;0.0;0.0;999.0;999.0;999.0;999.0;999.0;999.0;999.0;999.0;999.0;999.0;999.0;999.0;999.0;999.0;999.0;999.0;999.0;999.0;999.0;999.0;999.0;999.0;999.0;999.0;999.0;999.0;999.0;999.0;999.0;999.0
Pedra Branca;RIACHAO DO BANABUIU;-5.46538888889;-39.9964444444;2008;12;0.0;0.0;999.0;999.0;999.0;999.0;999.0;999.0;999.0;999.0;999.0;999.0;999.0;999.0;999.0;999.0;999.0;999.0;999.0;999.0;999.0;999.0;999.0;999.0;999.0;999.0;999.0;999.0;999.0;999.0;999.0;999.0
Pedra Branca;RIACHAO DO BANABUIU;-5.46538888889;-39.9964444444;2013;1;0.0;0.0;0.0;0.0;0.0;0.0;0.0;0.0;0.0;0.0;0.0;0.0;0.0;0.0;0.0;0.0;0.0;0.0;0.0;0.0;0.0;0.0;0.0;0.0;0.0;0.0;0.0;0.0;0.0;0.0;0.0;0.0
Pedra Branca;RIACHAO DO BANABUIU;-5.46538888889;-39.9964444444;2013;2;55.0;0.0;0.0;0.0;0.0;0.0;0.0;0.0;0.0;0.0;0.0;0.0;0.0;0.0;0.0;28.0;0.0;27.0;0.0;0.0;0.0;0.0;0.0;0.0;0.0;0.0;0.0;0.0;0.0;888.0;888.0;888.0
Pedra Branca;RIACHAO DO BANABUIU;-5.46538888889;-39.9964444444;2013;3;25.0;0.0;0.0;0.0;0.0;0.0;0.0;0.0;0.0;0.0;0.0;0.0;0.0;0.0;0.0;15.0;0.0;0.0;10.0;0.0;0.0;0.0;0.0;0.0;0.0;0.0;0.0;0.0;0.0;0.0;0.0;0.0
Pedra Branca;RIACHAO DO BANABUIU;-5.46538888889;-39.9964444444;2013;4;110.0;0.0;0.0;0.0;0.0;0.0;0.0;0.0;0.0;0.0;0.0;0.0;0.0;0.0;0.0;15.0;32.0;0.0;0.0;18.0;0.0;0.0;0.0;0.0;0.0;0.0;0.0;0.0;19.0;26.0;0.0;888.0
Pedra Branca;RIACHAO DO BANABUIU;-5.46538888889;-39.9964444444;2013;5;51.0;20.0;0.0;0.0;0.0;0.0;0.0;0.0;0.0;0.0;31.0;0.0;0.0;0.0;0.0;0.0;0.0;0.0;0.0;0.0;0.0;0.0;0.0;0.0;0.0;0.0;0.0;0.0;0.0;0.0;0.0;0.0
Pedra Branca;RIACHAO DO BANABUIU;-5.46538888889;-39.9964444444;2013;6;0.0;0.0;0.0;0.0;0.0;0.0;0.0;0.0;0.0;0.0;0.0;0.0;0.0;0.0;0.0;0.0;0.0;0.0;0.0;0.0;0.0;0.0;0.0;0.0;0.0;0.0;0.0;0.0;0.0;0.0;0.0;888.0
Pedra Branca;RIACHAO DO BANABUIU;-5.46538888889;-39.9964444444;2013;7;0.0;0.0;0.0;0.0;0.0;0.0;0.0;0.0;0.0;0.0;0.0;0.0;0.0;0.0;0.0;0.0;0.0;0.0;0.0;0.0;0.0;0.0;0.0;0.0;0.0;0.0;0.0;0.0;0.0;0.0;0.0;0.0
Pedra Branca;RIACHAO DO BANABUIU;-5.46538888889;-39.9964444444;2013;8;0.0;0.0;0.0;0.0;0.0;0.0;0.0;0.0;0.0;0.0;0.0;0.0;0.0;0.0;0.0;0.0;0.0;0.0;0.0;0.0;0.0;0.0;0.0;0.0;0.0;0.0;0.0;0.0;0.0;0.0;0.0;0.0
Pedra Branca;RIACHAO DO BANABUIU;-5.46538888889;-39.9964444444;2013;9;0.0;0.0;0.0;0.0;0.0;0.0;0.0;0.0;0.0;0.0;999.0;999.0;999.0;999.0;999.0;999.0;999.0;999.0;999.0;999.0;999.0;999.0;999.0;999.0;999.0;999.0;999.0;999.0;999.0;999.0;999.0;888.0
