Municipios;Postos;Latitude;Longitude;Anos;Meses;Total;Dia1;Dia2;Dia3;Dia4;Dia5;Dia6;Dia7;Dia8;Dia9;Dia10;Dia11;Dia12;Dia13;Dia14;Dia15;Dia16;Dia17;Dia18;Dia19;Dia20;Dia21;Dia22;Dia23;Dia24;Dia25;Dia26;Dia27;Dia28;Dia29;Dia30;Dia31
Aiuaba;AIUABA;-6.567;-40.116694444444;1978;1;84.8;0.0;0.0;0.0;0.0;0.0;0.0;0.0;0.0;0.0;0.0;0.0;0.0;0.0;0.0;0.0;10.0;10.6;15.0;35.2;0.0;0.0;0.0;0.0;0.0;0.0;0.0;0.0;0.0;0.0;0.0;14.0
Aiuaba;AIUABA;-6.567;-40.116694444444;1978;2;84.0;0.0;0.0;0.0;0.0;0.0;0.0;0.0;17.0;0.0;13.0;25.0;0.0;0.0;0.0;0.0;0.0;11.0;0.0;0.0;0.0;0.0;0.0;0.0;0.0;18.0;0.0;0.0;0.0;888.0;888.0;888.0
Aiuaba;AIUABA;-6.567;-40.116694444444;1978;3;33.0;0.0;8.0;0.0;0.0;0.0;0.0;0.0;0.0;10.0;0.0;0.0;0.0;0.0;0.0;10.0;5.0;0.0;0.0;0.0;0.0;0.0;0.0;0.0;0.0;0.0;0.0;0.0;0.0;0.0;0.0;0.0
Aiuaba;AIUABA;-6.567;-40.116694444444;1978;4;98.0;0.0;0.0;0.0;0.0;0.0;0.0;0.0;0.0;0.0;0.0;8.6;0.0;0.0;0.0;0.0;0.0;0.0;0.0;0.0;0.0;0.0;13.2;0.0;50.4;0.0;0.0;0.0;0.0;5.2;20.6;888.0
Aiuaba;AIUABA;-6.567;-40.116694444444;1978;5;11.0;0.0;0.0;0.0;0.0;0.0;0.0;0.0;0.0;5.0;0.0;0.0;6.0;0.0;0.0;0.0;0.0;0.0;0.0;0.0;0.0;0.0;0.0;0.0;0.0;0.0;0.0;0.0;0.0;0.0;0.0;0.0
Aiuaba;AIUABA;-6.567;-40.116694444444;1978;6;0.0;0.0;0.0;0.0;0.0;0.0;0.0;0.0;0.0;0.0;0.0;0.0;0.0;0.0;0.0;0.0;0.0;0.0;0.0;0.0;0.0;0.0;0.0;0.0;0.0;0.0;0.0;0.0;0.0;0.0;0.0;888.0
Aiuaba;AIUABA;-6.567;-40.116694444444;1978;7;0.0;0.0;0.0;0.0;0.0;0.0;0.0;0.0;0.0;0.0;0.0;0.0;0.0;0.0;0.0;0.0;0.0;0.0;0.0;0.0;0.0;0.0;0.0;0.0;0.0;0.0;0.0;0.0;0.0;0.0;0.0;0.0
Aiuaba;AIUABA;-6.567;-40.116694444444;1978;8;0.0;0.0;0.0;0.0;0.0;0.0;0.0;0.0;0.0;0.0;0.0;0.0;0.0;0.0;0.0;0.0;0.0;0.0;0.0;0.0;0.0;0.0;0.0;0.0;0.0;0.0;0.0;0.0;0.0;0.0;0.0;0.0
Aiuaba;AIUABA;-6.567;-40.116694444444;1978;9;0.0;0.0;0.0;0.0;0.0;0.0;0.0;0.0;0.0;0.0;0.0;0.0;0.0;0.0;0.0;0.0;0.0;0.0;0.0;0.0;0.0;0.0;0.0;0.0;0.0;0.0;0.0;0.0;0.0;0.0;0.0;888.0
Aiuaba;AIUABA;-6.567;-40.116694444444;1978;10;0.0;0.0;0.0;0.0;0.0;0.0;0.0;0.0;0.0;0.0;0.0;0.0;0.0;0.0;0.0;0.0;0.0;0.0;0.0;0.0;0.0;0.0;0.0;0.0;0.0;0.0;0.0;0.0;0.0;0.0;0.0;0.0
Aiuaba;AIUABA;-6.567;-40.116694444444;1978;11;5.8;0.0;0.0;0.0;0.0;0.0;0.0;0.0;0.0;0.0;0.0;0.0;0.0;0.0;0.0;0.0;0.0;0.0;0.0;0.0;0.0;0.0;0.0;0.0;0.0;0.0;0.0;0.8;0.0;0.0;5.0;888.0
Aiuaba;AIUABA;-6.567;-40.116694444444;1978;12;0.0;0.0;0.0;0.0;0.0;0.0;0.0;0.0;0.0;0.0;0.0;0.0;0.0;0.0;0.0;0.0;0.0;0.0;0.0;0.0;0.0;0.0;0.0;0.0;0.0;0.0;0.0;0.0;0.0;0.0;0.0;0.0
Aiuaba;AIUABA;-6.567;-40.116694444444;1979;1;52.0;0.0;0.0;0.0;0.0;0.0;0.0;0.0;0.0;0.0;0.0;0.0;0.0;0.0;1.5;0.0;0.0;5.5;45.0;0.0;0.0;0.0;0.0;0.0;0.0;0.0;0.0;0.0;0.0;0.0;0.0;0.0
Aiuaba;AIUABA;-6.567;-40.116694444444;1979;2;39.6;0.0;0.0;0.0;0.0;0.0;0.0;0.0;0.0;0.0;0.0;0.0;0.0;0.0;22.8;0.0;0.0;0.0;0.0;0.0;0.0;0.0;0.0;0.0;0.0;0.0;16.8;0.0;0.0;888.0;888.0;888.0
Aiuaba;AIUABA;-6.567;-40.116694444444;1979;3;128.0;0.0;0.0;0.0;0.0;0.0;0.0;0.0;0.0;2.0;54.0;12.0;0.0;0.0;0.0;0.0;0.0;0.0;0.0;0.0;0.0;0.0;0.0;0.0;0.0;0.0;0.0;0.0;28.0;14.0;18.0;0.0
Aiuaba;AIUABA;-6.567;-40.116694444444;1979;4;92.0;0.0;0.0;0.0;0.0;0.0;0.0;0.0;0.0;0.0;0.0;0.0;0.0;0.0;0.0;0.0;0.0;0.0;0.0;0.0;0.0;0.0;0.0;0.0;0.0;35.0;14.0;0.0;43.0;0.0;0.0;888.0
Aiuaba;AIUABA;-6.567;-40.116694444444;1979;5;42.4;7.0;24.0;6.4;3.0;0.0;2.0;0.0;0.0;0.0;0.0;0.0;0.0;0.0;0.0;0.0;0.0;0.0;0.0;0.0;0.0;0.0;0.0;0.0;0.0;0.0;0.0;0.0;0.0;0.0;0.0;0.0
Aiuaba;AIUABA;-6.567;-40.116694444444;1979;6;0.0;0.0;0.0;0.0;0.0;0.0;0.0;0.0;0.0;0.0;0.0;0.0;0.0;0.0;0.0;0.0;0.0;0.0;0.0;0.0;0.0;0.0;0.0;0.0;0.0;0.0;0.0;0.0;0.0;0.0;0.0;888.0
Aiuaba;AIUABA;-6.567;-40.116694444444;1979;7;0.0;0.0;0.0;0.0;0.0;0.0;0.0;0.0;0.0;0.0;0.0;0.0;0.0;0.0;0.0;0.0;0.0;0.0;0.0;0.0;0.0;0.0;0.0;0.0;0.0;0.0;0.0;0.0;0.0;0.0;0.0;0.0
Aiuaba;AIUABA;-6.567;-40.116694444444;1979;8;0.0;0.0;0.0;0.0;0.0;0.0;0.0;0.0;0.0;0.0;0.0;0.0;0.0;0.0;0.0;0.0;0.0;0.0;0.0;0.0;0.0;0.0;0.0;0.0;0.0;0.0;0.0;0.0;0.0;0.0;0.0;0.0
Aiuaba;AIUABA;-6.567;-40.116694444444;1979;9;56.0;0.0;0.0;0.0;0.0;0.0;56.0;0.0;0.0;0.0;0.0;0.0;0.0;0.0;0.0;0.0;0.0;0.0;0.0;0.0;0.0;0.0;0.0;0.0;0.0;0.0;0.0;0.0;0.0;0.0;0.0;888.0
Aiuaba;AIUABA;-6.567;-40.116694444444;1979;10;0.0;0.0;0.0;0.0;0.0;0.0;0.0;0.0;0.0;0.0;0.0;0.0;0.0;0.0;0.0;0.0;0.0;0.0;0.0;0.0;0.0;0.0;0.0;0.0;0.0;0.0;0.0;0.0;0.0;0.0;0.0;0.0
Aiuaba;AIUABA;-6.567;-40.116694444444;1979;11;20.0;0.0;0.0;0.0;0.0;0.0;0.0;0.0;0.0;0.0;0.0;0.0;0.0;0.0;0.0;0.0;0.0;0.0;0.0;0.0;20.0;0.0;0.0;0.0;0.0;0.0;0.0;0.0;0.0;0.0;0.0;888.0
Aiuaba;AIUABA;-6.567;-40.116694444444;1979;12;7.0;0.0;0.0;0.0;0.0;0.0;0.0;0.0;0.0;0.0;0.0;0.0;0.0;0.0;0.0;0.0;0.0;0.0;0.0;0.0;7.0;0.0;0.0;0.0;0.0;0.0;0.0;0.0;0.0;0.0;0.0;0.0
Aiuaba;AIUABA;-6.567;-40.116694444444;1980;1;72.9;0.0;0.0;0.0;0.0;35.0;0.0;0.0;0.0;0.0;0.0;5.6;0.0;0.0;8.6;2.2;0.0;13.0;3.7;0.3;3.7;0.8;0.0;0.0;0.0;0.0;0.0;0.0;0.0;0.0;0.0;0.0
Aiuaba;AIUABA;-6.567;-40.116694444444;1980;2;209.2;0.0;0.0;0.0;0.0;0.0;0.0;12.6;12.0;5.9;9.2;5.2;0.0;0.0;1.1;2.7;54.5;11.1;28.1;0.0;10.3;6.3;0.0;7.7;2.8;0.0;25.3;13.6;0.0;0.8;888.0;888.0
Aiuaba;AIUABA;-6.567;-40.116694444444;1980;3;85.8;8.9;0.0;14.4;0.9;14.3;5.3;27.2;0.0;2.2;2.9;0.0;0.0;0.0;8.2;0.0;0.0;0.0;0.0;0.0;0.0;1.5;0.0;0.0;0.0;0.0;0.0;0.0;0.0;0.0;0.0;0.0
Aiuaba;AIUABA;-6.567;-40.116694444444;1980;4;29.2;0.0;0.0;9.0;19.1;0.0;0.0;0.0;0.0;0.0;0.0;0.0;0.0;0.0;0.0;0.0;0.0;1.1;0.0;0.0;0.0;0.0;0.0;0.0;0.0;0.0;0.0;0.0;0.0;0.0;0.0;888.0
Aiuaba;AIUABA;-6.567;-40.116694444444;1980;5;8.6;0.0;0.0;0.0;0.0;0.0;0.0;0.0;0.0;0.0;0.0;0.0;0.0;0.0;0.0;0.0;0.0;0.0;0.0;0.0;0.0;0.0;0.0;0.0;0.0;0.0;8.6;0.0;0.0;0.0;0.0;0.0
Aiuaba;AIUABA;-6.567;-40.116694444444;1980;6;0.0;0.0;0.0;0.0;0.0;0.0;0.0;0.0;0.0;0.0;0.0;0.0;0.0;0.0;0.0;0.0;0.0;0.0;0.0;0.0;0.0;0.0;0.0;0.0;0.0;0.0;0.0;0.0;0.0;0.0;0.0;888.0
Aiuaba;AIUABA;-6.567;-40.116694444444;1980;7;0.0;0.0;0.0;0.0;0.0;0.0;0.0;0.0;0.0;0.0;0.0;0.0;0.0;0.0;0.0;0.0;0.0;0.0;0.0;0.0;0.0;0.0;0.0;0.0;0.0;0.0;0.0;0.0;0.0;0.0;0.0;0.0
Aiuaba;AIUABA;-6.567;-40.116694444444;1980;8;0.0;0.0;0.0;0.0;0.0;0.0;0.0;0.0;0.0;0.0;0.0;0.0;0.0;0.0;0.0;0.0;0.0;0.0;0.0;0.0;0.0;0.0;0.0;0.0;0.0;0.0;0.0;0.0;0.0;0.0;0.0;0.0
Aiuaba;AIUABA;-6.567;-40.116694444444;1980;9;0.0;0.0;0.0;0.0;0.0;0.0;0.0;0.0;0.0;0.0;0.0;0.0;0.0;0.0;0.0;0.0;0.0;0.0;0.0;0.0;0.0;0.0;0.0;0.0;0.0;0.0;0.0;0.0;0.0;0.0;0.0;888.0
Aiuaba;AIUABA;-6.567;-40.116694444444;1980;10;45.6;22.3;3.2;0.0;0.0;0.0;0.0;0.0;0.0;0.0;0.0;0.0;0.0;0.0;0.0;0.0;0.0;0.0;0.0;0.0;1.5;0.0;0.0;0.0;0.0;0.0;0.0;18.6;0.0;0.0;0.0;0.0
Aiuaba;AIUABA;-6.567;-40.116694444444;1980;11;0.0;0.0;0.0;0.0;0.0;0.0;0.0;0.0;0.0;0.0;0.0;0.0;0.0;0.0;0.0;0.0;0.0;0.0;0.0;0.0;0.0;0.0;0.0;0.0;0.0;0.0;0.0;0.0;0.0;0.0;0.0;888.0
Aiuaba;AIUABA;-6.567;-40.116694444444;1980;12;14.4;0.0;0.0;0.0;0.0;0.0;0.0;0.0;0.0;0.0;0.0;0.0;0.0;0.0;0.0;0.0;0.0;0.0;0.0;0.0;9.6;0.0;0.0;1.8;0.0;0.0;3.0;0.0;0.0;0.0;0.0;0.0
Aiuaba;AIUABA;-6.567;-40.116694444444;1981;1;29.9;0.0;0.0;0.0;0.0;0.0;0.0;0.0;5.0;0.0;7.0;0.0;0.0;0.0;0.0;0.0;0.0;0.0;0.0;0.0;0.0;1.2;0.0;0.0;0.0;0.0;7.2;6.4;0.0;0.0;3.1;0.0
Aiuaba;AIUABA;-6.567;-40.116694444444;1981;2;10.1;0.0;0.0;0.0;0.0;0.0;0.0;1.9;0.0;0.0;0.0;0.0;0.0;1.0;1.0;0.0;0.0;5.1;1.1;0.0;0.0;0.0;0.0;0.0;0.0;0.0;0.0;0.0;0.0;888.0;888.0;888.0
Aiuaba;AIUABA;-6.567;-40.116694444444;1981;3;406.1;0.0;0.0;0.0;0.0;0.0;0.0;0.0;0.0;0.0;0.0;0.0;37.6;25.7;15.4;40.2;7.7;34.8;10.0;0.0;30.2;2.0;0.0;2.2;161.4;0.0;9.5;1.5;0.0;2.1;24.8;1.0
Aiuaba;AIUABA;-6.567;-40.116694444444;1981;4;37.6;0.0;26.0;1.8;4.9;0.0;4.9;0.0;0.0;0.0;0.0;0.0;0.0;0.0;0.0;0.0;0.0;0.0;0.0;0.0;0.0;0.0;0.0;0.0;0.0;0.0;0.0;0.0;0.0;0.0;0.0;888.0
Aiuaba;AIUABA;-6.567;-40.116694444444;1981;5;3.8;3.8;0.0;0.0;0.0;0.0;0.0;0.0;0.0;0.0;0.0;0.0;0.0;0.0;0.0;0.0;0.0;0.0;0.0;0.0;0.0;0.0;0.0;0.0;0.0;0.0;0.0;0.0;0.0;0.0;0.0;0.0
Aiuaba;AIUABA;-6.567;-40.116694444444;1981;6;0.0;0.0;0.0;0.0;0.0;0.0;0.0;0.0;0.0;0.0;0.0;0.0;0.0;0.0;0.0;0.0;0.0;0.0;0.0;0.0;0.0;0.0;0.0;0.0;0.0;0.0;0.0;0.0;0.0;0.0;0.0;888.0
Aiuaba;AIUABA;-6.567;-40.116694444444;1981;7;0.0;0.0;0.0;0.0;0.0;0.0;0.0;0.0;0.0;0.0;0.0;0.0;0.0;0.0;0.0;0.0;0.0;0.0;0.0;0.0;0.0;0.0;0.0;0.0;0.0;0.0;0.0;0.0;0.0;0.0;0.0;0.0
Aiuaba;AIUABA;-6.567;-40.116694444444;1981;8;4.0;0.0;0.0;0.0;0.0;0.0;0.0;0.0;0.0;0.0;0.0;0.0;0.0;0.0;0.0;0.0;0.0;0.0;0.0;0.0;4.0;0.0;0.0;0.0;0.0;0.0;0.0;0.0;0.0;0.0;0.0;0.0
Aiuaba;AIUABA;-6.567;-40.116694444444;1981;9;0.0;0.0;0.0;0.0;0.0;0.0;0.0;0.0;0.0;0.0;0.0;0.0;0.0;0.0;0.0;0.0;0.0;0.0;0.0;0.0;0.0;0.0;0.0;0.0;0.0;0.0;0.0;0.0;0.0;0.0;0.0;888.0
Aiuaba;AIUABA;-6.567;-40.116694444444;1981;10;0.0;0.0;0.0;0.0;0.0;0.0;0.0;0.0;0.0;0.0;0.0;0.0;0.0;0.0;0.0;0.0;0.0;0.0;0.0;0.0;0.0;0.0;0.0;0.0;0.0;0.0;0.0;0.0;0.0;0.0;0.0;0.0
Aiuaba;AIUABA;-6.567;-40.116694444444;1981;11;0.0;0.0;0.0;0.0;0.0;0.0;0.0;0.0;0.0;0.0;0.0;0.0;0.0;0.0;0.0;0.0;0.0;0.0;0.0;0.0;0.0;0.0;0.0;0.0;0.0;0.0;0.0;0.0;0.0;0.0;0.0;888.0
Aiuaba;AIUABA;-6.567;-40.116694444444;1981;12;99.0;0.0;0.0;0.0;0.0;0.0;0.0;0.0;0.0;0.0;0.0;0.0;0.0;0.0;0.0;0.0;0.0;0.0;0.0;0.0;0.0;38.0;0.0;24.0;37.0;0.0;0.0;0.0;0.0;0.0;0.0;0.0
Aiuaba;AIUABA;-6.567;-40.116694444444;1982;1;61.6;0.0;0.0;0.0;0.0;0.0;0.0;0.0;0.0;0.0;0.0;0.0;0.0;0.0;0.0;0.0;0.0;0.0;0.0;0.0;0.0;0.0;0.0;0.0;0.0;0.0;0.0;58.8;2.8;0.0;0.0;0.0
Aiuaba;AIUABA;-6.567;-40.116694444444;1982;2;92.7;19.0;0.0;0.0;0.0;0.0;0.0;0.0;0.0;0.0;0.0;0.0;0.0;0.0;0.0;16.4;9.9;8.0;21.0;0.0;0.0;0.0;0.0;8.6;0.0;0.0;3.2;0.0;6.6;888.0;888.0;888.0
Aiuaba;AIUABA;-6.567;-40.116694444444;1982;3;88.3;0.0;0.0;0.0;0.0;0.0;0.0;0.0;8.0;12.3;0.0;0.0;0.0;0.0;0.0;7.1;39.0;0.0;0.0;0.0;0.0;21.9;0.0;0.0;0.0;0.0;0.0;0.0;0.0;0.0;0.0;0.0
Aiuaba;AIUABA;-6.567;-40.116694444444;1982;4;192.0;0.0;0.0;0.0;0.0;0.0;0.0;0.0;0.0;0.0;0.0;0.0;0.0;0.0;31.6;112.0;0.0;0.0;8.0;32.8;0.0;0.0;0.0;0.0;5.8;0.0;0.0;1.8;0.0;0.0;0.0;888.0
Aiuaba;AIUABA;-6.567;-40.116694444444;1982;5;57.0;0.0;0.0;0.0;0.0;0.0;0.0;7.0;5.0;0.0;0.0;0.0;0.0;45.0;0.0;0.0;0.0;0.0;0.0;0.0;0.0;0.0;0.0;0.0;0.0;0.0;0.0;0.0;0.0;0.0;0.0;0.0
Aiuaba;AIUABA;-6.567;-40.116694444444;1982;6;28.4;0.0;0.0;0.0;0.0;0.0;0.0;0.0;0.0;0.0;0.0;0.0;0.0;0.0;0.0;0.0;0.0;0.0;0.0;0.0;0.0;0.0;28.4;0.0;0.0;0.0;0.0;0.0;0.0;0.0;0.0;888.0
Aiuaba;AIUABA;-6.567;-40.116694444444;1982;7;0.0;0.0;0.0;0.0;0.0;0.0;0.0;0.0;0.0;0.0;0.0;0.0;0.0;0.0;0.0;0.0;0.0;0.0;0.0;0.0;0.0;0.0;0.0;0.0;0.0;0.0;0.0;0.0;0.0;0.0;0.0;0.0
Aiuaba;AIUABA;-6.567;-40.116694444444;1982;8;0.0;0.0;0.0;0.0;0.0;0.0;0.0;0.0;0.0;0.0;0.0;0.0;0.0;0.0;0.0;0.0;0.0;0.0;0.0;0.0;0.0;0.0;0.0;0.0;0.0;0.0;0.0;0.0;0.0;0.0;0.0;0.0
Aiuaba;AIUABA;-6.567;-40.116694444444;1982;9;0.0;0.0;0.0;0.0;0.0;0.0;0.0;0.0;0.0;0.0;0.0;0.0;0.0;0.0;0.0;0.0;0.0;0.0;0.0;0.0;0.0;0.0;0.0;0.0;0.0;0.0;0.0;0.0;0.0;0.0;0.0;888.0
Aiuaba;AIUABA;-6.567;-40.116694444444;1982;10;0.0;0.0;0.0;0.0;0.0;0.0;0.0;0.0;0.0;0.0;0.0;0.0;0.0;0.0;0.0;0.0;0.0;0.0;0.0;0.0;0.0;0.0;0.0;0.0;0.0;0.0;0.0;0.0;0.0;0.0;0.0;0.0
Aiuaba;AIUABA;-6.567;-40.116694444444;1982;11;0.0;0.0;0.0;0.0;0.0;0.0;0.0;0.0;0.0;0.0;0.0;0.0;0.0;0.0;0.0;0.0;0.0;0.0;0.0;0.0;0.0;0.0;0.0;0.0;0.0;0.0;0.0;0.0;0.0;0.0;0.0;888.0
Aiuaba;AIUABA;-6.567;-40.116694444444;1982;12;1.3;0.0;0.0;0.0;0.0;0.0;0.0;0.0;0.0;0.0;0.0;0.0;0.0;0.0;0.0;0.0;0.0;0.0;0.0;0.0;0.0;0.0;0.0;0.0;0.0;0.0;0.0;0.0;0.0;0.0;0.0;1.3
Aiuaba;AIUABA;-6.567;-40.116694444444;1983;1;11.0;0.0;0.0;0.0;0.0;0.0;0.0;0.0;0.0;0.0;0.0;0.0;0.0;0.0;0.0;0.0;0.0;0.0;0.0;0.0;0.0;0.0;0.0;0.0;0.0;0.0;0.0;4.8;6.2;0.0;0.0;0.0
Aiuaba;AIUABA;-6.567;-40.116694444444;1983;2;54.8;0.0;0.0;0.0;9.0;0.0;0.0;0.0;0.0;13.0;0.0;0.0;0.0;6.8;26.0;0.0;0.0;0.0;0.0;0.0;0.0;0.0;0.0;0.0;0.0;0.0;0.0;0.0;0.0;888.0;888.0;888.0
Aiuaba;AIUABA;-6.567;-40.116694444444;1983;3;138.6;0.0;0.0;0.0;0.0;0.0;0.0;10.0;0.0;6.2;0.0;4.4;2.6;0.0;0.0;0.0;0.0;0.0;0.0;11.0;0.0;0.0;0.0;48.4;0.0;0.0;0.0;0.0;56.0;0.0;0.0;0.0
Aiuaba;AIUABA;-6.567;-40.116694444444;1983;4;19.4;0.0;0.0;0.0;7.6;0.0;0.0;0.0;0.0;0.0;0.0;7.0;0.0;0.0;0.0;0.0;0.0;0.0;0.0;0.0;0.0;0.0;0.0;0.0;0.0;4.8;0.0;0.0;0.0;0.0;0.0;888.0
Aiuaba;AIUABA;-6.567;-40.116694444444;1983;5;0.0;0.0;0.0;0.0;0.0;0.0;0.0;0.0;0.0;0.0;0.0;0.0;0.0;0.0;0.0;0.0;0.0;0.0;0.0;0.0;0.0;0.0;0.0;0.0;0.0;0.0;0.0;0.0;0.0;0.0;0.0;0.0
Aiuaba;AIUABA;-6.567;-40.116694444444;1983;6;10.4;0.0;0.0;0.0;10.4;0.0;0.0;0.0;0.0;0.0;0.0;0.0;0.0;0.0;0.0;0.0;0.0;0.0;0.0;0.0;0.0;0.0;0.0;0.0;0.0;0.0;0.0;0.0;0.0;0.0;0.0;888.0
Aiuaba;AIUABA;-6.567;-40.116694444444;1983;7;0.0;0.0;0.0;0.0;0.0;0.0;0.0;0.0;0.0;0.0;0.0;0.0;0.0;0.0;0.0;0.0;0.0;0.0;0.0;0.0;0.0;0.0;0.0;0.0;0.0;0.0;0.0;0.0;0.0;0.0;0.0;0.0
Aiuaba;AIUABA;-6.567;-40.116694444444;1983;8;0.0;0.0;0.0;0.0;0.0;0.0;0.0;0.0;0.0;0.0;0.0;0.0;0.0;0.0;0.0;0.0;0.0;0.0;0.0;0.0;0.0;0.0;0.0;0.0;0.0;0.0;0.0;0.0;0.0;0.0;0.0;0.0
Aiuaba;AIUABA;-6.567;-40.116694444444;1983;9;0.0;0.0;0.0;0.0;0.0;0.0;0.0;0.0;0.0;0.0;0.0;0.0;0.0;0.0;0.0;0.0;0.0;0.0;0.0;0.0;0.0;0.0;0.0;0.0;0.0;0.0;0.0;0.0;0.0;0.0;0.0;888.0
Aiuaba;AIUABA;-6.567;-40.116694444444;1983;10;8.0;0.0;0.0;0.0;8.0;0.0;0.0;0.0;0.0;0.0;0.0;0.0;0.0;0.0;0.0;0.0;0.0;0.0;0.0;0.0;0.0;0.0;0.0;0.0;0.0;0.0;0.0;0.0;0.0;0.0;0.0;0.0
Aiuaba;AIUABA;-6.567;-40.116694444444;1983;11;0.0;0.0;0.0;0.0;0.0;0.0;0.0;0.0;0.0;0.0;0.0;0.0;0.0;0.0;0.0;0.0;0.0;0.0;0.0;0.0;0.0;0.0;0.0;0.0;0.0;0.0;0.0;0.0;0.0;0.0;0.0;888.0
Aiuaba;AIUABA;-6.567;-40.116694444444;1983;12;5.0;0.0;0.0;0.0;0.0;0.0;0.0;0.0;0.0;0.0;0.0;0.0;0.0;0.0;0.0;0.0;0.0;0.0;0.0;0.0;0.0;0.0;0.0;0.0;0.0;0.0;0.0;5.0;0.0;0.0;0.0;0.0
Aiuaba;AIUABA;-6.567;-40.116694444444;1984;1;48.2;0.0;0.0;10.8;0.0;0.0;0.0;0.0;2.4;0.0;13.0;0.0;0.0;0.0;0.0;0.0;0.0;20.4;0.0;0.0;0.0;0.0;0.0;0.0;0.0;0.0;0.0;0.0;0.0;0.0;1.6;0.0
Aiuaba;AIUABA;-6.567;-40.116694444444;1984;2;85.3;0.0;0.0;0.0;25.0;0.0;0.0;5.3;0.0;0.0;0.0;0.0;0.0;6.6;8.6;0.0;0.0;17.4;0.0;0.0;0.0;0.0;0.0;0.0;0.0;0.0;0.0;0.0;0.0;22.4;888.0;888.0
Aiuaba;AIUABA;-6.567;-40.116694444444;1984;3;149.2;6.4;4.8;0.0;0.0;6.8;2.0;0.0;15.4;0.0;0.0;0.0;27.2;0.0;0.0;0.0;25.0;0.0;20.8;12.0;0.0;0.0;0.0;0.0;14.0;0.0;0.0;14.8;0.0;0.0;0.0;0.0
Aiuaba;AIUABA;-6.567;-40.116694444444;1984;4;311.3;0.0;0.0;27.0;60.6;9.0;24.0;0.0;0.0;24.4;0.0;0.0;0.0;0.0;4.8;0.0;29.6;18.8;0.0;0.0;13.0;0.0;0.0;91.0;8.0;0.0;1.1;0.0;0.0;0.0;0.0;888.0
Aiuaba;AIUABA;-6.567;-40.116694444444;1984;5;39.0;0.0;18.0;0.0;0.0;0.0;21.0;0.0;0.0;0.0;0.0;0.0;0.0;0.0;0.0;0.0;0.0;0.0;0.0;0.0;0.0;0.0;0.0;0.0;0.0;0.0;0.0;0.0;0.0;0.0;0.0;0.0
Aiuaba;AIUABA;-6.567;-40.116694444444;1984;6;0.0;0.0;0.0;0.0;0.0;0.0;0.0;0.0;0.0;0.0;0.0;0.0;0.0;0.0;0.0;0.0;0.0;0.0;0.0;0.0;0.0;0.0;0.0;0.0;0.0;0.0;0.0;0.0;0.0;0.0;0.0;888.0
Aiuaba;AIUABA;-6.567;-40.116694444444;1984;7;0.0;0.0;0.0;0.0;0.0;0.0;0.0;0.0;0.0;0.0;0.0;0.0;0.0;0.0;0.0;0.0;0.0;0.0;0.0;0.0;0.0;0.0;0.0;0.0;0.0;0.0;0.0;0.0;0.0;0.0;0.0;0.0
Aiuaba;AIUABA;-6.567;-40.116694444444;1984;8;0.0;0.0;0.0;0.0;0.0;0.0;0.0;0.0;0.0;0.0;0.0;0.0;0.0;0.0;0.0;0.0;0.0;0.0;0.0;0.0;0.0;0.0;0.0;0.0;0.0;0.0;0.0;0.0;0.0;0.0;0.0;0.0
Aiuaba;AIUABA;-6.567;-40.116694444444;1984;9;0.0;0.0;0.0;0.0;0.0;0.0;0.0;0.0;0.0;0.0;0.0;0.0;0.0;0.0;0.0;0.0;0.0;0.0;0.0;0.0;0.0;0.0;0.0;0.0;0.0;0.0;0.0;0.0;0.0;0.0;0.0;888.0
Aiuaba;AIUABA;-6.567;-40.116694444444;1984;10;0.0;0.0;0.0;0.0;0.0;0.0;0.0;0.0;0.0;0.0;0.0;0.0;0.0;0.0;0.0;0.0;0.0;0.0;0.0;0.0;0.0;0.0;0.0;0.0;0.0;0.0;0.0;0.0;0.0;0.0;0.0;0.0
Aiuaba;AIUABA;-6.567;-40.116694444444;1984;11;22.6;0.0;0.0;0.0;0.0;0.0;0.0;0.0;0.0;0.0;0.0;0.0;0.0;0.0;0.0;22.6;0.0;0.0;0.0;0.0;0.0;0.0;0.0;0.0;0.0;0.0;0.0;0.0;0.0;0.0;0.0;888.0
Aiuaba;AIUABA;-6.567;-40.116694444444;1984;12;24.8;0.0;0.0;0.0;0.0;0.0;0.0;2.1;0.0;0.0;0.0;0.0;0.0;0.0;0.0;0.0;0.0;0.0;0.0;0.0;0.0;0.0;0.0;0.0;0.0;9.8;0.0;0.0;0.0;0.0;0.0;12.9
Aiuaba;AIUABA;-6.567;-40.116694444444;1985;1;148.8;0.0;0.0;3.9;1.0;0.0;0.0;1.1;0.0;1.0;0.0;0.0;0.0;0.0;0.0;0.0;9.1;9.9;0.3;19.5;30.5;1.0;3.1;0.3;0.0;0.0;0.0;2.7;1.0;0.0;64.4;0.0
Aiuaba;AIUABA;-6.567;-40.116694444444;1985;2;240.2;0.0;0.0;0.0;12.0;24.0;14.2;0.0;0.0;0.0;0.0;26.8;18.1;11.9;0.0;6.5;2.0;8.6;28.4;15.6;31.2;6.9;4.4;9.6;0.0;0.0;0.0;0.0;20.0;888.0;888.0;888.0
Aiuaba;AIUABA;-6.567;-40.116694444444;1985;3;316.9;0.0;0.0;21.3;0.0;0.0;0.0;31.6;0.0;0.0;0.0;0.0;0.0;0.0;4.1;5.1;2.1;8.0;0.0;77.8;10.7;13.5;0.5;26.0;12.2;35.0;6.1;48.0;0.7;0.0;0.0;14.2
Aiuaba;AIUABA;-6.567;-40.116694444444;1985;4;236.8;0.0;2.4;7.4;5.2;1.2;2.6;12.8;2.0;2.0;1.0;7.8;0.0;6.7;11.1;8.1;0.0;35.2;1.9;0.0;0.0;0.0;0.0;2.0;2.0;0.0;2.7;2.9;9.4;17.2;93.2;888.0
Aiuaba;AIUABA;-6.567;-40.116694444444;1985;5;60.8;21.0;7.7;1.2;0.0;4.0;0.0;0.0;1.0;13.5;0.2;0.0;0.0;0.0;0.0;6.4;0.0;0.0;0.0;0.0;0.0;0.0;0.0;0.0;5.8;0.0;0.0;0.0;0.0;0.0;0.0;0.0
Aiuaba;AIUABA;-6.567;-40.116694444444;1985;6;22.0;0.0;0.0;0.0;1.7;1.4;0.0;0.0;0.0;1.7;0.0;0.0;3.3;0.0;0.0;0.0;0.0;0.0;0.0;13.9;0.0;0.0;0.0;0.0;0.0;0.0;0.0;0.0;0.0;0.0;0.0;888.0
Aiuaba;AIUABA;-6.567;-40.116694444444;1985;7;87.0;0.0;0.0;0.0;0.0;0.0;0.0;39.6;0.8;0.0;0.0;0.0;13.0;0.0;0.0;5.3;26.1;0.0;0.0;0.0;0.0;0.0;0.0;0.0;0.0;0.0;0.0;0.0;0.0;0.0;0.0;2.2
Aiuaba;AIUABA;-6.567;-40.116694444444;1985;8;24.0;0.0;0.0;0.0;0.0;0.0;0.0;0.0;0.0;0.0;0.0;0.0;0.0;0.0;0.0;0.0;0.0;0.6;0.0;0.0;0.0;0.0;0.0;0.0;0.0;22.8;0.6;0.0;0.0;0.0;0.0;0.0
Aiuaba;AIUABA;-6.567;-40.116694444444;1985;9;0.0;0.0;0.0;0.0;0.0;0.0;0.0;0.0;0.0;0.0;0.0;0.0;0.0;0.0;0.0;0.0;0.0;0.0;0.0;0.0;0.0;0.0;0.0;0.0;0.0;0.0;0.0;0.0;0.0;0.0;0.0;888.0
Aiuaba;AIUABA;-6.567;-40.116694444444;1985;10;0.3;0.0;0.0;0.0;0.0;0.0;0.0;0.0;0.0;0.0;0.0;0.0;0.0;0.0;0.0;0.0;0.0;0.0;0.3;0.0;0.0;0.0;0.0;0.0;0.0;0.0;0.0;0.0;0.0;0.0;0.0;0.0
Aiuaba;AIUABA;-6.567;-40.116694444444;1985;11;15.3;0.0;0.0;0.0;0.2;0.0;0.0;0.0;0.2;14.2;0.0;0.7;0.0;0.0;0.0;0.0;0.0;0.0;0.0;0.0;0.0;0.0;0.0;0.0;0.0;0.0;0.0;0.0;0.0;0.0;0.0;888.0
Aiuaba;AIUABA;-6.567;-40.116694444444;1985;12;113.8;0.0;0.0;0.0;0.0;0.0;0.0;15.0;0.0;0.0;0.0;0.0;0.0;0.0;0.0;0.0;17.0;0.0;11.2;4.4;0.0;0.0;0.0;0.0;20.0;0.0;0.0;0.0;31.2;0.0;0.0;15.0
Aiuaba;AIUABA;-6.567;-40.116694444444;1986;1;26.7;0.0;0.0;0.0;2.4;0.0;0.0;0.0;6.0;0.0;0.0;0.0;0.0;0.0;0.0;0.0;0.0;0.0;0.0;0.0;0.0;0.0;5.4;1.0;0.0;0.0;0.0;0.0;9.1;0.0;2.0;0.8
Aiuaba;AIUABA;-6.567;-40.116694444444;1986;2;136.8;38.4;9.3;0.0;0.0;1.0;4.1;0.0;0.0;0.0;0.0;0.0;0.0;0.0;0.0;0.0;0.0;0.0;0.0;0.0;10.2;41.4;9.7;0.0;0.0;12.2;7.1;0.0;3.4;888.0;888.0;888.0
Aiuaba;AIUABA;-6.567;-40.116694444444;1986;3;210.7;0.0;0.0;14.5;2.6;7.3;1.3;12.0;28.4;0.0;5.8;0.0;11.4;6.3;6.1;4.3;2.0;0.0;6.2;8.2;0.0;0.0;11.1;13.3;0.0;4.5;25.3;1.3;0.0;22.2;6.1;10.5
Aiuaba;AIUABA;-6.567;-40.116694444444;1986;4;222.6;0.6;4.3;2.9;0.0;0.0;0.0;9.2;17.2;14.7;11.6;0.0;0.5;1.7;6.3;17.0;32.0;39.0;8.0;7.0;0.0;0.0;0.0;0.0;16.4;3.0;0.2;0.0;0.0;0.0;31.0;888.0
Aiuaba;AIUABA;-6.567;-40.116694444444;1986;5;59.0;5.3;0.0;0.0;0.0;0.0;3.2;10.8;1.3;0.0;0.0;0.0;0.0;0.0;0.0;0.0;0.0;0.0;0.0;2.2;0.0;0.0;3.4;0.0;0.0;0.0;0.0;32.8;0.0;0.0;0.0;0.0
Aiuaba;AIUABA;-6.567;-40.116694444444;1986;6;34.2;0.0;10.2;24.0;0.0;0.0;0.0;0.0;0.0;0.0;0.0;0.0;0.0;0.0;0.0;0.0;0.0;0.0;0.0;0.0;0.0;0.0;0.0;0.0;0.0;0.0;0.0;0.0;0.0;0.0;0.0;888.0
Aiuaba;AIUABA;-6.567;-40.116694444444;1986;7;0.0;0.0;0.0;0.0;0.0;0.0;0.0;0.0;0.0;0.0;0.0;0.0;0.0;0.0;0.0;0.0;0.0;0.0;0.0;0.0;0.0;0.0;0.0;0.0;0.0;0.0;0.0;0.0;0.0;0.0;0.0;0.0
Aiuaba;AIUABA;-6.567;-40.116694444444;1986;8;0.0;0.0;0.0;0.0;0.0;0.0;0.0;0.0;0.0;0.0;0.0;0.0;0.0;0.0;0.0;0.0;0.0;0.0;0.0;0.0;0.0;0.0;0.0;0.0;0.0;0.0;0.0;0.0;0.0;0.0;0.0;0.0
Aiuaba;AIUABA;-6.567;-40.116694444444;1986;9;0.0;0.0;0.0;0.0;0.0;0.0;0.0;0.0;0.0;0.0;0.0;0.0;0.0;0.0;0.0;0.0;0.0;0.0;0.0;0.0;0.0;0.0;0.0;0.0;0.0;0.0;0.0;0.0;0.0;0.0;0.0;888.0
Aiuaba;AIUABA;-6.567;-40.116694444444;1986;10;0.0;0.0;0.0;0.0;0.0;0.0;0.0;0.0;0.0;0.0;0.0;0.0;0.0;0.0;0.0;0.0;0.0;0.0;0.0;0.0;0.0;0.0;0.0;0.0;0.0;0.0;0.0;0.0;0.0;0.0;0.0;0.0
Aiuaba;AIUABA;-6.567;-40.116694444444;1986;11;132.2;0.0;0.0;0.0;5.6;0.0;0.0;0.0;0.0;0.0;0.0;0.0;0.0;0.0;0.0;0.0;0.0;0.0;0.0;0.0;10.7;24.6;0.0;4.5;85.8;1.0;0.0;0.0;0.0;0.0;0.0;888.0
Aiuaba;AIUABA;-6.567;-40.116694444444;1986;12;1.0;0.0;0.0;0.0;0.0;0.0;0.0;0.0;0.0;0.0;0.0;0.0;0.0;0.0;0.0;0.0;0.0;0.0;0.0;0.0;0.0;0.0;0.0;0.0;0.0;0.0;0.0;0.0;0.0;0.0;0.0;1.0
Aiuaba;AIUABA;-6.567;-40.116694444444;1987;1;95.2;0.0;0.0;0.0;16.0;9.8;0.0;1.0;7.7;48.2;0.0;0.0;0.0;0.0;0.0;0.0;0.0;0.0;0.0;12.5;0.0;0.0;0.0;0.0;0.0;0.0;0.0;0.0;0.0;0.0;0.0;0.0
Aiuaba;AIUABA;-6.567;-40.116694444444;1987;2;28.5;0.0;0.0;0.0;0.0;0.0;0.0;0.0;0.0;0.0;0.0;0.0;18.0;0.0;0.0;10.5;0.0;0.0;0.0;0.0;0.0;0.0;0.0;0.0;0.0;0.0;0.0;0.0;0.0;888.0;888.0;888.0
Aiuaba;AIUABA;-6.567;-40.116694444444;1987;3;242.5;0.0;60.6;0.0;0.0;0.0;0.0;0.0;0.0;1.0;0.0;5.1;0.0;0.0;9.2;12.4;12.7;16.5;0.0;37.0;0.0;6.0;6.5;0.0;10.8;5.8;16.0;0.0;0.0;0.0;36.4;6.5
Aiuaba;AIUABA;-6.567;-40.116694444444;1987;4;116.5;61.2;4.5;20.5;0.0;7.6;4.0;0.0;0.0;0.0;14.5;4.2;0.0;0.0;0.0;0.0;0.0;0.0;0.0;0.0;0.0;0.0;0.0;0.0;0.0;0.0;0.0;0.0;0.0;0.0;0.0;888.0
Aiuaba;AIUABA;-6.567;-40.116694444444;1987;5;18.1;0.0;0.0;9.1;0.0;0.0;9.0;0.0;0.0;0.0;0.0;0.0;0.0;0.0;0.0;0.0;0.0;0.0;0.0;0.0;0.0;0.0;0.0;0.0;0.0;0.0;0.0;0.0;0.0;0.0;0.0;0.0
Aiuaba;AIUABA;-6.567;-40.116694444444;1987;6;27.2;0.0;0.0;0.0;0.0;0.0;0.0;20.7;0.0;0.0;0.0;0.0;0.0;0.0;0.0;0.0;0.0;0.0;0.0;0.0;0.0;0.0;0.0;0.0;0.0;0.0;0.0;0.0;2.4;0.0;4.1;888.0
Aiuaba;AIUABA;-6.567;-40.116694444444;1987;7;2.4;0.0;0.0;0.0;0.0;0.0;0.0;0.0;0.0;0.0;0.0;0.0;0.0;0.0;0.0;0.0;0.0;0.0;0.0;0.0;0.0;0.0;0.0;0.0;0.0;0.0;0.0;0.0;0.0;2.4;0.0;0.0
Aiuaba;AIUABA;-6.567;-40.116694444444;1987;8;0.0;0.0;0.0;0.0;0.0;0.0;0.0;0.0;0.0;0.0;0.0;0.0;0.0;0.0;0.0;0.0;0.0;0.0;0.0;0.0;0.0;0.0;0.0;0.0;0.0;0.0;0.0;0.0;0.0;0.0;0.0;0.0
Aiuaba;AIUABA;-6.567;-40.116694444444;1987;9;0.0;0.0;0.0;0.0;0.0;0.0;0.0;0.0;0.0;0.0;0.0;0.0;0.0;0.0;0.0;0.0;0.0;0.0;0.0;0.0;0.0;0.0;0.0;0.0;0.0;0.0;0.0;0.0;0.0;0.0;0.0;888.0
Aiuaba;AIUABA;-6.567;-40.116694444444;1987;10;0.0;0.0;0.0;0.0;0.0;0.0;0.0;0.0;0.0;0.0;0.0;0.0;0.0;0.0;0.0;0.0;0.0;0.0;0.0;0.0;0.0;0.0;0.0;0.0;0.0;0.0;0.0;0.0;0.0;0.0;0.0;0.0
Aiuaba;AIUABA;-6.567;-40.116694444444;1987;11;7.4;0.0;0.0;0.0;0.0;0.0;0.0;0.0;0.0;0.0;0.0;0.0;7.4;0.0;0.0;0.0;0.0;0.0;0.0;0.0;0.0;0.0;0.0;0.0;0.0;0.0;0.0;0.0;0.0;0.0;0.0;888.0
Aiuaba;AIUABA;-6.567;-40.116694444444;1987;12;0.0;0.0;0.0;0.0;0.0;0.0;0.0;0.0;0.0;0.0;0.0;0.0;0.0;0.0;0.0;0.0;0.0;0.0;0.0;0.0;0.0;0.0;0.0;0.0;0.0;0.0;0.0;0.0;0.0;0.0;0.0;0.0
Aiuaba;AIUABA;-6.567;-40.116694444444;1988;1;88.8;10.0;0.0;0.0;0.0;0.0;0.0;0.0;0.0;0.0;0.0;0.0;24.4;0.9;0.0;0.0;0.0;0.0;0.0;0.0;0.0;7.2;0.0;0.0;11.1;22.8;0.0;6.7;0.0;5.6;0.0;0.1
Aiuaba;AIUABA;-6.567;-40.116694444444;1988;2;5.0;0.0;0.0;0.0;5.0;0.0;0.0;0.0;0.0;0.0;0.0;0.0;0.0;0.0;0.0;0.0;0.0;0.0;0.0;0.0;0.0;0.0;0.0;0.0;0.0;0.0;0.0;0.0;0.0;0.0;888.0;888.0
Aiuaba;AIUABA;-6.567;-40.116694444444;1988;3;153.1;28.2;0.0;0.0;0.0;0.0;14.0;7.2;6.0;0.0;0.0;0.0;0.0;0.0;6.3;0.0;3.8;24.3;0.0;16.6;0.0;1.6;0.0;0.0;2.8;14.0;1.0;0.0;2.5;0.0;0.0;24.8
Aiuaba;AIUABA;-6.567;-40.116694444444;1988;4;217.3;18.2;2.1;1.1;0.0;22.0;0.0;0.0;0.0;0.0;0.0;21.4;0.0;0.0;0.0;15.9;0.0;2.5;58.5;2.9;0.0;6.2;2.1;10.0;0.0;17.2;13.2;12.0;0.0;3.0;9.0;888.0
Aiuaba;AIUABA;-6.567;-40.116694444444;1988;5;21.4;0.0;0.0;9.1;0.0;10.7;0.0;0.0;0.0;0.0;0.0;0.0;0.0;0.0;0.0;0.0;0.0;0.0;0.0;0.0;0.0;0.0;0.0;0.0;1.6;0.0;0.0;0.0;0.0;0.0;0.0;0.0
Aiuaba;AIUABA;-6.567;-40.116694444444;1988;6;52.4;0.0;0.0;0.0;0.0;0.0;0.0;0.0;0.0;0.0;0.0;0.0;0.0;0.0;0.0;0.0;0.0;0.0;0.0;0.0;0.0;0.0;0.0;7.2;0.0;0.0;25.6;0.0;0.0;19.6;0.0;888.0
Aiuaba;AIUABA;-6.567;-40.116694444444;1988;7;0.0;0.0;0.0;0.0;0.0;0.0;0.0;0.0;0.0;0.0;0.0;0.0;0.0;0.0;0.0;0.0;0.0;0.0;0.0;0.0;0.0;0.0;0.0;0.0;0.0;0.0;0.0;0.0;0.0;0.0;0.0;0.0
Aiuaba;AIUABA;-6.567;-40.116694444444;1988;8;0.0;0.0;0.0;0.0;0.0;0.0;0.0;0.0;0.0;0.0;0.0;0.0;0.0;0.0;0.0;0.0;0.0;0.0;0.0;0.0;0.0;0.0;0.0;0.0;0.0;0.0;0.0;0.0;0.0;0.0;0.0;0.0
Aiuaba;AIUABA;-6.567;-40.116694444444;1988;9;0.0;0.0;0.0;0.0;0.0;0.0;0.0;0.0;0.0;0.0;0.0;0.0;0.0;0.0;0.0;0.0;0.0;0.0;0.0;0.0;0.0;0.0;0.0;0.0;0.0;0.0;0.0;0.0;0.0;0.0;0.0;888.0
Aiuaba;AIUABA;-6.567;-40.116694444444;1988;10;11.2;0.0;0.0;0.0;0.0;0.0;0.0;0.0;0.0;0.0;0.0;0.0;0.0;0.0;0.0;0.0;0.0;7.3;0.0;0.0;0.0;0.0;3.9;0.0;0.0;0.0;0.0;0.0;0.0;0.0;0.0;0.0
Aiuaba;AIUABA;-6.567;-40.116694444444;1988;11;15.8;0.0;0.0;0.0;0.0;0.0;0.0;0.0;0.0;0.0;0.0;0.0;0.0;0.0;0.0;0.0;0.0;0.0;0.0;0.0;0.0;0.0;0.0;0.0;0.0;0.0;0.0;0.0;0.0;0.0;15.8;888.0
Aiuaba;AIUABA;-6.567;-40.116694444444;1988;12;122.2;6.5;0.0;0.0;0.0;0.0;0.0;0.0;22.0;0.0;21.0;0.0;0.0;0.0;0.0;1.1;31.7;14.4;10.0;7.5;0.0;0.0;0.0;8.0;0.0;0.0;0.0;0.0;0.0;0.0;0.0;0.0
Aiuaba;AIUABA;-6.567;-40.116694444444;1989;1;79.8;5.6;0.0;0.0;0.0;0.0;0.0;25.6;0.0;0.0;0.0;0.0;0.0;0.0;34.2;0.0;0.0;0.0;0.0;0.0;0.0;0.0;0.0;0.0;0.0;0.0;0.0;14.4;0.0;0.0;0.0;0.0
Aiuaba;AIUABA;-6.567;-40.116694444444;1989;2;0.0;0.0;0.0;0.0;0.0;0.0;0.0;0.0;0.0;0.0;0.0;0.0;0.0;0.0;0.0;0.0;0.0;0.0;0.0;0.0;0.0;0.0;0.0;0.0;0.0;0.0;0.0;0.0;0.0;888.0;888.0;888.0
Aiuaba;AIUABA;-6.567;-40.116694444444;1989;3;189.4;6.4;0.0;0.0;0.0;0.0;0.0;1.1;0.0;1.4;0.0;0.0;7.4;6.0;0.0;0.0;0.0;0.0;0.0;39.0;11.0;27.0;5.0;7.3;12.0;5.9;10.4;14.8;13.2;11.6;1.1;8.8
Aiuaba;AIUABA;-6.567;-40.116694444444;1989;4;248.1;11.0;3.6;3.6;7.8;23.8;0.0;0.0;38.4;25.5;0.0;29.2;15.2;5.6;11.3;24.6;0.0;0.0;0.0;0.0;0.0;0.0;0.0;0.0;3.3;7.8;0.0;0.0;0.0;0.0;37.4;888.0
Aiuaba;AIUABA;-6.567;-40.116694444444;1989;5;111.3;0.0;0.0;49.6;11.2;8.2;0.0;0.0;0.0;5.5;16.0;9.6;0.0;0.0;0.0;0.0;0.0;0.0;0.0;0.0;0.0;0.0;0.0;0.0;0.0;0.0;0.0;0.0;0.0;0.0;3.5;7.7
Aiuaba;AIUABA;-6.567;-40.116694444444;1989;6;6.0;0.0;0.0;0.0;0.0;0.0;0.0;0.0;0.0;0.0;0.0;0.0;0.0;0.0;0.0;0.0;0.0;0.0;0.0;0.0;6.0;0.0;0.0;0.0;0.0;0.0;0.0;0.0;0.0;0.0;0.0;888.0
Aiuaba;AIUABA;-6.567;-40.116694444444;1989;7;32.2;1.2;0.0;0.0;0.0;0.0;0.0;0.0;0.0;4.4;0.0;0.0;0.0;0.0;0.0;0.0;0.0;0.0;0.0;0.0;0.0;0.0;0.0;0.0;26.6;0.0;0.0;0.0;0.0;0.0;0.0;0.0
Aiuaba;AIUABA;-6.567;-40.116694444444;1989;8;0.0;0.0;0.0;0.0;0.0;0.0;0.0;0.0;0.0;0.0;0.0;0.0;0.0;0.0;0.0;0.0;0.0;0.0;0.0;0.0;0.0;0.0;0.0;0.0;0.0;0.0;0.0;0.0;0.0;0.0;0.0;0.0
Aiuaba;AIUABA;-6.567;-40.116694444444;1989;9;0.0;0.0;0.0;0.0;0.0;0.0;0.0;0.0;0.0;0.0;0.0;0.0;0.0;0.0;0.0;0.0;0.0;0.0;0.0;0.0;0.0;0.0;0.0;0.0;0.0;0.0;0.0;0.0;0.0;0.0;0.0;888.0
Aiuaba;AIUABA;-6.567;-40.116694444444;1989;10;0.0;0.0;0.0;0.0;0.0;0.0;0.0;0.0;0.0;0.0;0.0;0.0;0.0;0.0;0.0;0.0;0.0;0.0;0.0;0.0;0.0;0.0;0.0;0.0;0.0;0.0;0.0;0.0;0.0;0.0;0.0;0.0
Aiuaba;AIUABA;-6.567;-40.116694444444;1989;11;62.8;0.0;0.0;0.0;0.0;0.0;0.0;0.0;0.0;0.0;20.4;0.0;0.0;0.0;0.0;0.0;0.0;11.0;0.0;0.0;0.0;0.0;0.0;0.0;0.0;0.0;0.0;0.0;0.0;0.0;31.4;888.0
Aiuaba;AIUABA;-6.567;-40.116694444444;1989;12;239.2;0.0;0.0;0.0;0.0;1.1;0.0;0.0;3.0;23.2;0.0;0.0;0.0;0.0;0.0;0.0;0.9;3.9;4.2;3.2;0.0;45.0;38.0;2.7;3.4;50.4;54.4;5.8;0.0;0.0;0.0;0.0
Aiuaba;AIUABA;-6.567;-40.116694444444;1990;1;53.7;29.4;0.0;0.0;0.0;0.0;21.0;0.8;0.0;0.0;0.0;0.0;0.0;0.0;0.0;0.0;0.0;0.0;0.0;0.0;0.0;0.0;0.0;0.0;2.5;0.0;0.0;0.0;0.0;0.0;0.0;0.0
Aiuaba;AIUABA;-6.567;-40.116694444444;1990;2;40.2;0.7;0.0;0.0;0.0;0.0;0.0;0.0;8.8;0.0;0.0;0.0;0.0;0.0;0.0;0.0;0.0;1.4;1.1;7.8;0.0;0.0;0.0;0.0;0.0;3.3;0.0;1.3;15.8;888.0;888.0;888.0
Aiuaba;AIUABA;-6.567;-40.116694444444;1990;3;40.1;0.0;0.0;21.0;0.0;0.0;0.0;0.0;0.0;0.0;0.0;0.0;0.0;0.0;0.0;0.0;0.0;0.0;0.0;0.0;7.5;11.6;0.0;0.0;0.0;0.0;0.0;0.0;0.0;0.0;0.0;0.0
Aiuaba;AIUABA;-6.567;-40.116694444444;1990;4;142.9;0.0;2.1;9.4;12.6;17.6;6.6;20.2;6.6;0.0;0.0;0.0;0.0;0.0;0.0;0.0;0.0;0.0;0.0;17.4;0.0;0.0;0.0;0.0;6.0;2.5;0.0;0.0;3.2;36.2;2.5;888.0
Aiuaba;AIUABA;-6.567;-40.116694444444;1990;5;0.0;0.0;0.0;0.0;0.0;0.0;0.0;0.0;0.0;0.0;0.0;0.0;0.0;0.0;0.0;0.0;0.0;0.0;0.0;0.0;0.0;0.0;0.0;0.0;0.0;0.0;0.0;0.0;0.0;0.0;0.0;0.0
Aiuaba;AIUABA;-6.567;-40.116694444444;1990;6;0.0;0.0;0.0;0.0;0.0;0.0;0.0;0.0;0.0;0.0;0.0;0.0;0.0;0.0;0.0;0.0;0.0;0.0;0.0;0.0;0.0;0.0;0.0;0.0;0.0;0.0;0.0;0.0;0.0;0.0;0.0;888.0
Aiuaba;AIUABA;-6.567;-40.116694444444;1990;7;17.4;0.0;0.0;17.4;0.0;0.0;0.0;0.0;0.0;0.0;0.0;0.0;0.0;0.0;0.0;0.0;0.0;0.0;0.0;0.0;0.0;0.0;0.0;0.0;0.0;0.0;0.0;0.0;0.0;0.0;0.0;0.0
Aiuaba;AIUABA;-6.567;-40.116694444444;1990;8;24.9;0.0;0.0;0.0;0.0;0.0;0.0;0.0;0.0;0.0;16.6;0.0;0.0;0.0;5.1;3.2;0.0;0.0;0.0;0.0;0.0;0.0;0.0;0.0;0.0;0.0;0.0;0.0;0.0;0.0;0.0;0.0
Aiuaba;AIUABA;-6.567;-40.116694444444;1990;9;26.5;0.0;0.0;0.0;0.0;0.0;0.0;0.0;0.0;0.0;0.0;0.0;0.0;0.0;0.0;0.0;0.0;0.0;11.9;0.0;0.0;0.0;0.0;0.0;0.0;0.0;14.6;0.0;0.0;0.0;0.0;888.0
Aiuaba;AIUABA;-6.567;-40.116694444444;1990;10;6.7;0.0;0.0;0.0;0.0;0.0;0.0;0.0;0.0;2.2;0.0;0.0;0.0;0.0;0.0;0.0;0.0;0.0;0.0;1.4;0.0;0.0;0.0;0.0;0.0;0.0;0.0;1.2;0.0;1.9;0.0;0.0
Aiuaba;AIUABA;-6.567;-40.116694444444;1990;11;0.0;0.0;0.0;0.0;0.0;0.0;0.0;0.0;0.0;0.0;0.0;0.0;0.0;0.0;0.0;0.0;0.0;0.0;0.0;0.0;0.0;0.0;0.0;0.0;0.0;0.0;0.0;0.0;0.0;0.0;0.0;888.0
Aiuaba;AIUABA;-6.567;-40.116694444444;1990;12;20.6;0.0;0.0;0.0;0.0;0.0;0.0;0.0;0.0;0.0;0.0;0.0;0.0;0.0;0.0;0.0;0.0;0.0;0.0;0.0;0.0;0.0;0.0;0.0;0.0;0.0;0.0;0.0;0.0;0.0;0.0;20.6
Aiuaba;AIUABA;-6.567;-40.116694444444;1991;1;115.4;0.0;0.0;0.0;0.0;0.0;0.0;0.0;60.4;0.0;0.0;0.0;0.0;0.0;0.0;0.0;0.0;0.0;0.0;10.8;18.0;6.4;0.0;0.0;19.8;0.0;0.0;0.0;0.0;0.0;0.0;0.0
Aiuaba;AIUABA;-6.567;-40.116694444444;1991;2;45.5;0.0;0.0;0.0;28.2;0.0;5.2;0.0;0.0;0.0;0.0;0.0;0.0;0.0;0.0;0.0;8.1;0.0;0.0;0.0;0.0;0.0;0.0;0.0;0.0;0.0;0.0;0.0;4.0;888.0;888.0;888.0
Aiuaba;AIUABA;-6.567;-40.116694444444;1991;3;140.4;0.0;0.0;0.0;6.3;0.0;0.0;0.0;0.0;17.8;22.8;0.0;0.0;0.0;0.0;0.0;0.0;0.0;9.6;0.0;0.0;0.0;0.0;0.0;37.3;14.2;0.0;3.6;0.0;28.0;0.7;0.1
Aiuaba;AIUABA;-6.567;-40.116694444444;1991;4;127.5;19.0;0.0;7.3;0.0;0.0;1.4;0.0;0.0;10.3;0.0;0.0;0.0;0.0;0.0;0.0;0.0;0.0;12.5;14.0;7.6;0.0;0.0;0.0;0.0;0.0;0.0;2.8;11.5;0.0;41.1;888.0
Aiuaba;AIUABA;-6.567;-40.116694444444;1991;5;87.4;23.0;0.0;0.0;0.0;0.0;2.2;0.0;0.0;0.0;0.0;0.0;0.0;0.0;0.0;0.0;0.0;0.0;0.0;0.0;0.0;0.0;0.0;0.0;0.0;62.2;0.0;0.0;0.0;0.0;0.0;0.0
Aiuaba;AIUABA;-6.567;-40.116694444444;1991;6;1.9;0.0;0.0;0.0;0.0;0.0;0.0;1.9;0.0;0.0;0.0;0.0;0.0;0.0;0.0;0.0;0.0;0.0;0.0;0.0;0.0;0.0;0.0;0.0;0.0;0.0;0.0;0.0;0.0;0.0;0.0;888.0
Aiuaba;AIUABA;-6.567;-40.116694444444;1991;7;0.0;0.0;0.0;0.0;0.0;0.0;0.0;0.0;0.0;0.0;0.0;0.0;0.0;0.0;0.0;0.0;0.0;0.0;0.0;0.0;0.0;0.0;0.0;0.0;0.0;0.0;0.0;0.0;0.0;0.0;0.0;0.0
Aiuaba;AIUABA;-6.567;-40.116694444444;1991;8;0.0;0.0;0.0;0.0;0.0;0.0;0.0;0.0;0.0;0.0;0.0;0.0;0.0;0.0;0.0;0.0;0.0;0.0;0.0;0.0;0.0;0.0;0.0;0.0;0.0;0.0;0.0;0.0;0.0;0.0;0.0;0.0
Aiuaba;AIUABA;-6.567;-40.116694444444;1991;9;0.0;0.0;0.0;0.0;0.0;0.0;0.0;0.0;0.0;0.0;0.0;0.0;0.0;0.0;0.0;0.0;0.0;0.0;0.0;0.0;0.0;0.0;0.0;0.0;0.0;0.0;0.0;0.0;0.0;0.0;0.0;888.0
Aiuaba;AIUABA;-6.567;-40.116694444444;1991;10;0.0;0.0;0.0;0.0;0.0;0.0;0.0;0.0;0.0;0.0;0.0;0.0;0.0;0.0;0.0;0.0;0.0;0.0;0.0;0.0;0.0;0.0;0.0;0.0;0.0;0.0;0.0;0.0;0.0;0.0;0.0;0.0
Aiuaba;AIUABA;-6.567;-40.116694444444;1991;11;0.0;0.0;0.0;0.0;0.0;0.0;0.0;0.0;0.0;0.0;0.0;0.0;0.0;0.0;0.0;0.0;0.0;0.0;0.0;0.0;0.0;0.0;0.0;0.0;0.0;0.0;0.0;0.0;0.0;0.0;0.0;888.0
Aiuaba;AIUABA;-6.567;-40.116694444444;1991;12;0.0;0.0;0.0;0.0;0.0;0.0;0.0;0.0;0.0;0.0;0.0;0.0;0.0;0.0;0.0;0.0;0.0;0.0;0.0;0.0;0.0;0.0;0.0;0.0;0.0;0.0;0.0;0.0;0.0;0.0;0.0;0.0
Aiuaba;AIUABA;-6.567;-40.116694444444;1992;1;242.8;0.0;0.0;0.0;0.0;0.0;0.0;0.0;0.0;0.0;0.0;0.0;0.0;0.0;0.0;0.0;0.0;0.0;0.0;0.0;0.0;0.0;0.0;0.0;16.6;10.8;76.0;0.0;26.8;71.0;41.6;0.0
Aiuaba;AIUABA;-6.567;-40.116694444444;1992;2;110.1;0.0;5.7;0.0;0.0;13.9;0.0;0.0;0.0;5.8;1.3;0.0;16.6;12.5;1.1;0.0;41.4;1.0;0.0;0.0;0.0;6.9;0.0;0.0;3.9;0.0;0.0;0.0;0.0;0.0;888.0;888.0
Aiuaba;AIUABA;-6.567;-40.116694444444;1992;3;123.3;0.0;16.4;3.6;3.3;0.0;0.0;0.0;0.0;22.8;2.0;0.0;0.0;1.0;5.2;0.0;5.4;0.0;19.0;0.0;0.0;0.0;25.0;4.6;0.0;0.0;0.0;5.6;0.0;0.0;9.4;0.0
Aiuaba;AIUABA;-6.567;-40.116694444444;1992;4;31.2;3.4;0.0;15.0;0.0;0.0;0.0;0.0;0.0;0.0;5.6;0.0;0.0;0.0;0.0;7.2;0.0;0.0;0.0;0.0;0.0;0.0;0.0;0.0;0.0;0.0;0.0;0.0;0.0;0.0;0.0;888.0
Aiuaba;AIUABA;-6.567;-40.116694444444;1992;5;0.0;0.0;0.0;0.0;0.0;0.0;0.0;0.0;0.0;0.0;0.0;0.0;0.0;0.0;0.0;0.0;0.0;0.0;0.0;0.0;0.0;0.0;0.0;0.0;0.0;0.0;0.0;0.0;0.0;0.0;0.0;0.0
Aiuaba;AIUABA;-6.567;-40.116694444444;1992;6;11.2;0.0;0.0;0.0;0.0;0.0;0.0;0.0;0.0;0.0;0.0;0.0;0.0;0.0;0.0;0.0;0.0;0.0;0.0;0.0;0.0;0.0;0.0;0.0;0.0;0.0;0.0;0.0;11.2;0.0;0.0;888.0
Aiuaba;AIUABA;-6.567;-40.116694444444;1992;7;0.0;0.0;0.0;0.0;0.0;0.0;0.0;0.0;0.0;0.0;0.0;0.0;0.0;0.0;0.0;0.0;0.0;0.0;0.0;0.0;0.0;0.0;0.0;0.0;0.0;0.0;0.0;0.0;0.0;0.0;0.0;0.0
Aiuaba;AIUABA;-6.567;-40.116694444444;1992;8;0.0;0.0;0.0;0.0;0.0;0.0;0.0;0.0;0.0;0.0;0.0;0.0;0.0;0.0;0.0;0.0;0.0;0.0;0.0;0.0;0.0;0.0;0.0;0.0;0.0;0.0;0.0;0.0;0.0;0.0;0.0;0.0
Aiuaba;AIUABA;-6.567;-40.116694444444;1992;9;0.0;0.0;0.0;0.0;0.0;0.0;0.0;0.0;0.0;0.0;0.0;0.0;0.0;0.0;0.0;0.0;0.0;0.0;0.0;0.0;0.0;0.0;0.0;0.0;0.0;0.0;0.0;0.0;0.0;0.0;0.0;888.0
Aiuaba;AIUABA;-6.567;-40.116694444444;1992;10;0.0;0.0;0.0;0.0;0.0;0.0;0.0;0.0;0.0;0.0;0.0;0.0;0.0;0.0;0.0;0.0;0.0;0.0;0.0;0.0;0.0;0.0;0.0;0.0;0.0;0.0;0.0;0.0;0.0;0.0;0.0;0.0
Aiuaba;AIUABA;-6.567;-40.116694444444;1992;11;0.0;0.0;0.0;0.0;0.0;0.0;0.0;0.0;0.0;0.0;0.0;0.0;0.0;0.0;0.0;0.0;0.0;0.0;0.0;0.0;0.0;0.0;0.0;0.0;0.0;0.0;0.0;0.0;0.0;0.0;0.0;888.0
Aiuaba;AIUABA;-6.567;-40.116694444444;1992;12;0.0;0.0;0.0;0.0;0.0;0.0;0.0;0.0;0.0;0.0;0.0;0.0;0.0;0.0;0.0;0.0;0.0;0.0;0.0;0.0;0.0;0.0;0.0;0.0;0.0;0.0;0.0;0.0;0.0;0.0;0.0;0.0
Aiuaba;AIUABA;-6.567;-40.116694444444;1993;1;38.0;0.0;0.0;0.0;0.0;0.0;0.0;0.0;0.0;0.0;0.0;0.0;0.0;0.0;0.0;0.0;0.0;6.0;26.0;6.0;0.0;0.0;0.0;0.0;0.0;0.0;0.0;0.0;0.0;0.0;0.0;0.0
Aiuaba;AIUABA;-6.567;-40.116694444444;1993;2;64.0;0.0;0.0;0.0;0.0;0.0;0.0;0.0;0.0;0.0;0.0;0.0;0.0;0.0;28.0;0.0;15.0;0.0;0.0;0.0;0.0;0.0;0.0;0.0;6.0;15.0;0.0;0.0;0.0;888.0;888.0;888.0
Aiuaba;AIUABA;-6.567;-40.116694444444;1993;3;101.2;0.0;22.2;0.0;0.0;6.0;0.0;0.0;0.0;0.0;0.0;0.0;0.0;0.0;0.0;0.0;0.0;8.0;0.0;0.0;0.0;0.0;0.0;0.0;0.0;0.0;0.0;0.0;0.0;42.0;23.0;0.0
Aiuaba;AIUABA;-6.567;-40.116694444444;1993;4;78.0;0.0;0.0;0.0;0.0;0.0;0.0;0.0;0.0;0.0;0.0;0.0;0.0;0.0;0.0;0.0;0.0;0.0;0.0;0.0;0.0;0.0;0.0;25.0;0.0;0.0;0.0;25.0;16.0;12.0;0.0;888.0
Aiuaba;AIUABA;-6.567;-40.116694444444;1993;5;26.2;0.0;0.0;10.2;0.0;0.0;0.0;0.0;0.0;0.0;0.0;0.0;0.0;0.0;0.0;0.0;0.0;0.0;0.0;0.0;0.0;0.0;16.0;0.0;0.0;0.0;0.0;0.0;0.0;0.0;0.0;0.0
Aiuaba;AIUABA;-6.567;-40.116694444444;1993;6;0.0;0.0;0.0;0.0;0.0;0.0;0.0;0.0;0.0;0.0;0.0;0.0;0.0;0.0;0.0;0.0;0.0;0.0;0.0;0.0;0.0;0.0;0.0;0.0;0.0;0.0;0.0;0.0;0.0;0.0;0.0;888.0
Aiuaba;AIUABA;-6.567;-40.116694444444;1993;7;0.0;0.0;0.0;0.0;0.0;0.0;0.0;0.0;0.0;0.0;0.0;0.0;0.0;0.0;0.0;0.0;0.0;0.0;0.0;0.0;0.0;0.0;0.0;0.0;0.0;0.0;0.0;0.0;0.0;0.0;0.0;0.0
Aiuaba;AIUABA;-6.567;-40.116694444444;1993;8;0.0;0.0;0.0;0.0;0.0;0.0;0.0;0.0;0.0;0.0;0.0;0.0;0.0;0.0;0.0;0.0;0.0;0.0;0.0;0.0;0.0;0.0;0.0;0.0;0.0;0.0;0.0;0.0;0.0;0.0;0.0;0.0
Aiuaba;AIUABA;-6.567;-40.116694444444;1993;9;0.0;0.0;0.0;0.0;0.0;0.0;0.0;0.0;0.0;0.0;0.0;0.0;0.0;0.0;0.0;0.0;0.0;0.0;0.0;0.0;0.0;0.0;0.0;0.0;0.0;0.0;0.0;0.0;0.0;0.0;0.0;888.0
Aiuaba;AIUABA;-6.567;-40.116694444444;1993;10;0.0;0.0;0.0;0.0;0.0;0.0;0.0;0.0;0.0;0.0;0.0;0.0;0.0;0.0;0.0;0.0;0.0;0.0;0.0;0.0;0.0;0.0;0.0;0.0;0.0;0.0;0.0;0.0;0.0;0.0;0.0;0.0
Aiuaba;AIUABA;-6.567;-40.116694444444;1993;11;32.3;0.0;0.0;0.0;0.0;0.0;0.0;0.0;0.0;32.3;0.0;0.0;0.0;0.0;0.0;0.0;0.0;0.0;0.0;0.0;0.0;0.0;0.0;0.0;0.0;0.0;0.0;0.0;0.0;0.0;0.0;888.0
Aiuaba;AIUABA;-6.567;-40.116694444444;1993;12;30.0;0.0;0.0;0.0;0.0;0.0;0.0;0.0;0.0;0.0;0.0;0.0;0.0;0.0;0.0;0.0;0.0;0.0;0.0;0.0;0.0;0.0;0.0;0.0;0.0;0.0;0.0;0.0;30.0;0.0;0.0;0.0
Aiuaba;AIUABA;-6.567;-40.116694444444;1994;1;156.7;0.0;0.0;0.0;0.0;137.0;0.0;0.0;0.0;0.0;0.0;0.0;0.0;3.2;0.0;0.0;13.3;3.2;0.0;0.0;0.0;0.0;0.0;0.0;0.0;0.0;0.0;0.0;0.0;0.0;0.0;0.0
Aiuaba;AIUABA;-6.567;-40.116694444444;1994;2;121.0;0.0;0.0;0.0;0.0;0.0;0.0;0.0;0.0;25.0;0.0;0.0;0.0;0.0;0.0;0.0;0.0;0.0;0.0;0.0;0.0;0.0;0.0;0.0;0.0;0.0;0.0;0.0;96.0;888.0;888.0;888.0
Aiuaba;AIUABA;-6.567;-40.116694444444;1994;3;82.1;14.3;0.0;5.0;0.0;0.0;0.0;0.0;0.0;0.0;0.0;0.0;0.0;0.0;8.0;0.0;19.0;0.0;0.0;0.0;0.0;0.0;1.6;0.0;0.0;0.0;2.0;4.6;0.0;3.4;0.0;24.2
Aiuaba;AIUABA;-6.567;-40.116694444444;1994;4;124.7;0.0;0.0;0.0;0.0;31.0;15.0;23.0;0.0;0.0;9.3;0.0;0.0;0.0;0.0;0.0;3.2;0.0;13.2;3.0;3.0;24.0;0.0;0.0;0.0;0.0;0.0;0.0;0.0;0.0;0.0;888.0
Aiuaba;AIUABA;-6.567;-40.116694444444;1994;5;87.6;0.0;22.0;0.0;0.0;27.0;0.0;0.0;0.0;0.0;0.0;0.0;14.0;0.0;0.0;0.0;5.0;6.2;13.4;0.0;0.0;0.0;0.0;0.0;0.0;0.0;0.0;0.0;0.0;0.0;0.0;0.0
Aiuaba;AIUABA;-6.567;-40.116694444444;1994;6;23.2;0.0;0.0;0.0;0.0;15.0;0.0;8.2;0.0;0.0;0.0;0.0;0.0;0.0;0.0;0.0;0.0;0.0;0.0;0.0;0.0;0.0;0.0;0.0;0.0;0.0;0.0;0.0;0.0;0.0;0.0;888.0
Aiuaba;AIUABA;-6.567;-40.116694444444;1994;7;0.0;0.0;0.0;0.0;0.0;0.0;0.0;0.0;0.0;0.0;0.0;0.0;0.0;0.0;0.0;0.0;0.0;0.0;0.0;0.0;0.0;0.0;0.0;0.0;0.0;0.0;0.0;0.0;0.0;0.0;0.0;0.0
Aiuaba;AIUABA;-6.567;-40.116694444444;1994;8;0.0;0.0;0.0;0.0;0.0;0.0;0.0;0.0;0.0;0.0;0.0;0.0;0.0;0.0;0.0;0.0;0.0;0.0;0.0;0.0;0.0;0.0;0.0;0.0;0.0;0.0;0.0;0.0;0.0;0.0;0.0;0.0
Aiuaba;AIUABA;-6.567;-40.116694444444;1994;9;0.0;0.0;0.0;0.0;0.0;0.0;0.0;0.0;0.0;0.0;0.0;0.0;0.0;0.0;0.0;0.0;0.0;0.0;0.0;0.0;0.0;0.0;0.0;0.0;0.0;0.0;0.0;0.0;0.0;0.0;0.0;888.0
Aiuaba;AIUABA;-6.567;-40.116694444444;1994;10;0.0;0.0;0.0;0.0;0.0;0.0;0.0;0.0;0.0;0.0;0.0;0.0;0.0;0.0;0.0;0.0;0.0;0.0;0.0;0.0;0.0;0.0;0.0;0.0;0.0;0.0;0.0;0.0;0.0;0.0;0.0;0.0
Aiuaba;AIUABA;-6.567;-40.116694444444;1994;11;0.0;0.0;0.0;0.0;0.0;0.0;0.0;0.0;0.0;0.0;0.0;0.0;0.0;0.0;0.0;0.0;0.0;0.0;0.0;0.0;0.0;0.0;0.0;0.0;0.0;0.0;0.0;0.0;0.0;0.0;0.0;888.0
Aiuaba;AIUABA;-6.567;-40.116694444444;1994;12;56.0;0.0;0.0;0.0;0.0;0.0;0.0;0.0;0.0;0.0;0.0;0.0;0.0;0.0;0.0;0.0;0.0;0.0;0.0;0.0;0.0;0.0;0.0;0.0;0.0;0.0;25.0;0.0;0.0;31.0;0.0;0.0
Aiuaba;AIUABA;-6.567;-40.116694444444;1995;1;45.0;0.0;45.0;0.0;0.0;0.0;0.0;0.0;0.0;0.0;0.0;0.0;0.0;0.0;0.0;0.0;0.0;0.0;0.0;0.0;0.0;0.0;0.0;0.0;0.0;0.0;0.0;0.0;0.0;0.0;0.0;0.0
Aiuaba;AIUABA;-6.567;-40.116694444444;1995;2;144.2;0.0;0.0;40.0;0.0;5.0;0.0;0.0;0.0;0.0;5.4;0.0;0.0;0.0;5.0;0.0;27.0;0.0;0.0;0.0;25.0;0.0;10.8;16.0;0.0;10.0;0.0;0.0;0.0;888.0;888.0;888.0
Aiuaba;AIUABA;-6.567;-40.116694444444;1995;3;36.1;0.0;0.0;0.0;0.0;0.0;0.0;0.0;0.0;0.0;0.0;0.0;0.0;0.0;0.0;7.0;5.1;0.0;0.0;11.0;6.0;0.0;0.0;7.0;0.0;0.0;0.0;0.0;0.0;0.0;0.0;0.0
Aiuaba;AIUABA;-6.567;-40.116694444444;1995;4;137.0;0.0;0.0;0.0;0.0;0.0;0.0;0.0;20.0;0.0;18.0;30.0;0.0;0.0;20.0;16.0;26.0;0.0;0.0;0.0;7.0;0.0;0.0;0.0;0.0;0.0;0.0;0.0;0.0;0.0;0.0;888.0
Aiuaba;AIUABA;-6.567;-40.116694444444;1995;5;87.0;0.0;13.0;0.0;0.0;0.0;0.0;0.0;0.0;0.0;0.0;0.0;0.0;0.0;0.0;0.0;0.0;0.0;0.0;0.0;0.0;0.0;0.0;0.0;0.0;25.0;30.0;0.0;12.0;7.0;0.0;0.0
Aiuaba;AIUABA;-6.567;-40.116694444444;1995;6;0.0;0.0;0.0;0.0;0.0;0.0;0.0;0.0;0.0;0.0;0.0;0.0;0.0;0.0;0.0;0.0;0.0;0.0;0.0;0.0;0.0;0.0;0.0;0.0;0.0;0.0;0.0;0.0;0.0;0.0;0.0;888.0
Aiuaba;AIUABA;-6.567;-40.116694444444;1995;7;0.0;0.0;0.0;0.0;0.0;0.0;0.0;0.0;0.0;0.0;0.0;0.0;0.0;0.0;0.0;0.0;0.0;0.0;0.0;0.0;0.0;0.0;0.0;0.0;0.0;0.0;0.0;0.0;0.0;0.0;0.0;0.0
Aiuaba;AIUABA;-6.567;-40.116694444444;1995;8;0.0;0.0;0.0;0.0;0.0;0.0;0.0;0.0;0.0;0.0;0.0;0.0;0.0;0.0;0.0;0.0;0.0;0.0;0.0;0.0;0.0;0.0;0.0;0.0;0.0;0.0;0.0;0.0;0.0;0.0;0.0;0.0
Aiuaba;AIUABA;-6.567;-40.116694444444;1995;9;0.0;0.0;0.0;0.0;0.0;0.0;0.0;0.0;0.0;0.0;0.0;0.0;0.0;0.0;0.0;0.0;0.0;0.0;0.0;0.0;0.0;0.0;0.0;0.0;0.0;0.0;0.0;0.0;0.0;0.0;0.0;888.0
Aiuaba;AIUABA;-6.567;-40.116694444444;1995;10;19.0;0.0;0.0;0.0;0.0;0.0;0.0;0.0;0.0;0.0;0.0;0.0;0.0;0.0;0.0;0.0;0.0;0.0;0.0;0.0;0.0;0.0;0.0;0.0;0.0;0.0;0.0;0.0;0.0;0.0;0.0;19.0
Aiuaba;AIUABA;-6.567;-40.116694444444;1995;11;0.0;0.0;0.0;0.0;0.0;0.0;0.0;0.0;0.0;0.0;0.0;0.0;0.0;0.0;0.0;0.0;0.0;0.0;0.0;0.0;0.0;0.0;0.0;0.0;0.0;0.0;0.0;0.0;0.0;0.0;0.0;888.0
Aiuaba;AIUABA;-6.567;-40.116694444444;1995;12;0.0;0.0;0.0;0.0;0.0;0.0;0.0;0.0;0.0;0.0;0.0;0.0;0.0;0.0;0.0;0.0;0.0;0.0;0.0;0.0;0.0;0.0;0.0;0.0;0.0;0.0;0.0;0.0;0.0;0.0;0.0;0.0
Aiuaba;AIUABA;-6.567;-40.116694444444;1996;1;168.0;0.0;0.0;0.0;0.0;0.0;50.0;0.0;0.0;0.0;0.0;30.0;0.0;0.0;0.0;0.0;0.0;18.0;0.0;21.0;18.0;0.0;14.0;0.0;0.0;0.0;0.0;0.0;0.0;0.0;0.0;17.0
Aiuaba;AIUABA;-6.567;-40.116694444444;1996;2;75.0;0.0;0.0;0.0;0.0;6.0;17.0;0.0;0.0;0.0;0.0;0.0;0.0;0.0;0.0;0.0;0.0;0.0;0.0;0.0;0.0;0.0;0.0;46.0;0.0;0.0;6.0;0.0;0.0;0.0;888.0;888.0
Aiuaba;AIUABA;-6.567;-40.116694444444;1996;3;105.0;0.0;0.0;32.0;0.0;9.0;6.0;4.0;0.0;0.0;0.0;0.0;0.0;0.0;0.0;0.0;0.0;0.0;0.0;13.0;0.0;0.0;0.0;0.0;0.0;0.0;0.0;41.0;0.0;0.0;0.0;0.0
Aiuaba;AIUABA;-6.567;-40.116694444444;1996;4;154.0;13.0;0.0;10.0;0.0;0.0;0.0;0.0;0.0;0.0;0.0;17.0;0.0;0.0;0.0;22.0;16.0;0.0;15.0;0.0;0.0;0.0;11.0;0.0;0.0;0.0;0.0;0.0;28.0;0.0;22.0;888.0
Aiuaba;AIUABA;-6.567;-40.116694444444;1996;5;28.0;0.0;0.0;0.0;0.0;0.0;28.0;0.0;0.0;0.0;0.0;0.0;0.0;0.0;0.0;0.0;0.0;0.0;0.0;0.0;0.0;0.0;0.0;0.0;0.0;0.0;0.0;0.0;0.0;0.0;0.0;0.0
Aiuaba;AIUABA;-6.567;-40.116694444444;1996;6;0.0;0.0;0.0;0.0;0.0;0.0;0.0;0.0;0.0;0.0;0.0;0.0;0.0;0.0;0.0;0.0;0.0;0.0;0.0;0.0;0.0;0.0;0.0;0.0;0.0;0.0;0.0;0.0;0.0;0.0;0.0;888.0
Aiuaba;AIUABA;-6.567;-40.116694444444;1996;7;28.0;0.0;0.0;0.0;0.0;0.0;28.0;0.0;0.0;0.0;0.0;0.0;0.0;0.0;0.0;0.0;0.0;0.0;0.0;0.0;0.0;0.0;0.0;0.0;0.0;0.0;0.0;0.0;0.0;0.0;0.0;0.0
Aiuaba;AIUABA;-6.567;-40.116694444444;1996;8;0.0;0.0;0.0;0.0;0.0;0.0;0.0;0.0;0.0;0.0;0.0;0.0;0.0;0.0;0.0;0.0;0.0;0.0;0.0;0.0;0.0;0.0;0.0;0.0;0.0;0.0;0.0;0.0;0.0;0.0;0.0;0.0
Aiuaba;AIUABA;-6.567;-40.116694444444;1996;9;0.0;0.0;0.0;0.0;0.0;0.0;0.0;0.0;0.0;0.0;0.0;0.0;0.0;0.0;0.0;0.0;0.0;0.0;0.0;0.0;0.0;0.0;0.0;0.0;0.0;0.0;0.0;0.0;0.0;0.0;0.0;888.0
Aiuaba;AIUABA;-6.567;-40.116694444444;1996;10;0.0;0.0;0.0;0.0;0.0;0.0;0.0;0.0;0.0;0.0;0.0;0.0;0.0;0.0;0.0;0.0;0.0;0.0;0.0;0.0;0.0;0.0;0.0;0.0;0.0;0.0;0.0;0.0;0.0;0.0;0.0;0.0
Aiuaba;AIUABA;-6.567;-40.116694444444;1996;11;0.0;0.0;0.0;0.0;0.0;0.0;0.0;0.0;0.0;0.0;0.0;0.0;0.0;0.0;0.0;0.0;0.0;0.0;0.0;0.0;0.0;0.0;0.0;0.0;0.0;0.0;0.0;0.0;0.0;0.0;0.0;888.0
Aiuaba;AIUABA;-6.567;-40.116694444444;1996;12;15.0;15.0;0.0;0.0;0.0;0.0;0.0;0.0;0.0;0.0;0.0;0.0;0.0;0.0;0.0;0.0;0.0;0.0;0.0;0.0;0.0;0.0;0.0;0.0;0.0;0.0;0.0;0.0;0.0;0.0;0.0;0.0
Aiuaba;AIUABA;-6.567;-40.116694444444;1997;1;226.1;0.0;0.0;0.0;0.0;0.0;0.0;0.0;0.0;0.0;22.0;0.0;0.0;0.0;6.1;0.0;0.0;0.0;0.0;0.0;0.0;0.0;40.0;0.0;78.0;0.0;64.0;16.0;0.0;0.0;0.0;0.0
Aiuaba;AIUABA;-6.567;-40.116694444444;1997;2;73.0;0.0;0.0;0.0;0.0;0.0;0.0;0.0;0.0;28.0;0.0;0.0;8.0;24.0;13.0;0.0;0.0;0.0;0.0;0.0;0.0;0.0;0.0;0.0;0.0;0.0;0.0;0.0;0.0;888.0;888.0;888.0
Aiuaba;AIUABA;-6.567;-40.116694444444;1997;3;160.8;0.0;0.0;0.0;3.0;0.0;0.0;7.0;0.0;0.0;14.0;21.1;0.0;0.0;0.0;0.0;0.0;0.0;0.0;0.0;0.0;0.0;38.0;2.0;10.9;52.0;0.0;0.0;12.8;0.0;0.0;0.0
Aiuaba;AIUABA;-6.567;-40.116694444444;1997;4;121.1;0.0;11.2;0.0;0.0;0.0;0.0;0.0;0.0;0.0;0.0;0.0;0.0;0.0;9.9;19.0;28.0;0.0;0.0;0.0;17.0;6.0;0.0;0.0;0.0;0.0;13.0;17.0;0.0;0.0;0.0;888.0
Aiuaba;AIUABA;-6.567;-40.116694444444;1997;5;64.5;0.0;0.0;0.0;0.0;0.0;0.0;0.0;0.0;0.0;0.0;0.0;0.0;0.0;0.0;0.0;0.0;0.0;0.0;0.0;9.5;0.0;0.0;55.0;0.0;0.0;0.0;0.0;0.0;0.0;0.0;0.0
Aiuaba;AIUABA;-6.567;-40.116694444444;1997;6;0.0;0.0;0.0;0.0;0.0;0.0;0.0;0.0;0.0;0.0;0.0;0.0;0.0;0.0;0.0;0.0;0.0;0.0;0.0;0.0;0.0;0.0;0.0;0.0;0.0;0.0;0.0;0.0;0.0;0.0;0.0;888.0
Aiuaba;AIUABA;-6.567;-40.116694444444;1997;7;0.0;0.0;0.0;0.0;0.0;0.0;0.0;0.0;0.0;0.0;0.0;0.0;0.0;0.0;0.0;0.0;0.0;0.0;0.0;0.0;0.0;0.0;0.0;0.0;0.0;0.0;0.0;0.0;0.0;0.0;0.0;0.0
Aiuaba;AIUABA;-6.567;-40.116694444444;1997;8;0.0;0.0;0.0;0.0;0.0;0.0;0.0;0.0;0.0;0.0;0.0;0.0;0.0;0.0;0.0;0.0;0.0;0.0;0.0;0.0;0.0;0.0;0.0;0.0;0.0;0.0;0.0;0.0;0.0;0.0;0.0;0.0
Aiuaba;AIUABA;-6.567;-40.116694444444;1997;9;0.0;0.0;0.0;0.0;0.0;0.0;0.0;0.0;0.0;0.0;0.0;0.0;0.0;0.0;0.0;0.0;0.0;0.0;0.0;0.0;0.0;0.0;0.0;0.0;0.0;0.0;0.0;0.0;0.0;0.0;0.0;888.0
Aiuaba;AIUABA;-6.567;-40.116694444444;1997;10;0.0;0.0;0.0;0.0;0.0;0.0;0.0;0.0;0.0;0.0;0.0;0.0;0.0;0.0;0.0;0.0;0.0;0.0;0.0;0.0;0.0;0.0;0.0;0.0;0.0;0.0;0.0;0.0;0.0;0.0;0.0;0.0
Aiuaba;AIUABA;-6.567;-40.116694444444;1997;11;0.0;0.0;0.0;0.0;0.0;0.0;0.0;0.0;0.0;0.0;0.0;0.0;0.0;0.0;0.0;0.0;0.0;0.0;0.0;0.0;0.0;0.0;0.0;0.0;0.0;0.0;0.0;0.0;0.0;0.0;0.0;888.0
Aiuaba;AIUABA;-6.567;-40.116694444444;1997;12;50.0;0.0;0.0;0.0;0.0;0.0;0.0;0.0;0.0;0.0;0.0;0.0;0.0;0.0;0.0;0.0;0.0;0.0;0.0;0.0;0.0;0.0;26.0;24.0;0.0;0.0;0.0;0.0;0.0;0.0;0.0;0.0
Aiuaba;AIUABA;-6.567;-40.116694444444;1998;1;68.1;0.0;5.0;0.0;14.0;3.0;0.0;0.0;0.0;0.0;0.0;0.0;0.0;0.0;0.0;0.0;0.0;0.0;0.0;0.0;0.0;9.0;21.9;0.0;0.0;0.0;0.0;0.0;3.2;0.0;0.0;12.0
Aiuaba;AIUABA;-6.567;-40.116694444444;1998;2;10.0;0.0;0.0;0.0;0.0;0.0;0.0;0.0;0.0;0.0;0.0;0.0;0.0;0.0;4.2;0.0;0.0;0.0;0.0;3.8;0.0;0.0;0.0;0.0;0.0;2.0;0.0;0.0;0.0;888.0;888.0;888.0
Aiuaba;AIUABA;-6.567;-40.116694444444;1998;3;116.0;0.0;0.0;0.0;0.0;0.0;0.0;0.0;0.0;0.0;18.8;0.0;0.0;0.0;0.0;0.0;0.0;2.0;2.0;0.0;4.0;43.0;0.0;6.2;4.0;22.0;0.0;0.0;4.0;10.0;0.0;0.0
Aiuaba;AIUABA;-6.567;-40.116694444444;1998;4;0.0;0.0;0.0;0.0;0.0;0.0;0.0;0.0;0.0;0.0;0.0;0.0;0.0;0.0;0.0;0.0;0.0;0.0;0.0;0.0;0.0;0.0;0.0;0.0;0.0;0.0;0.0;0.0;0.0;0.0;0.0;888.0
Aiuaba;AIUABA;-6.567;-40.116694444444;1998;5;0.0;0.0;0.0;0.0;0.0;0.0;0.0;0.0;0.0;0.0;0.0;0.0;0.0;0.0;0.0;0.0;0.0;0.0;0.0;0.0;0.0;0.0;0.0;0.0;0.0;0.0;0.0;0.0;0.0;0.0;0.0;0.0
Aiuaba;AIUABA;-6.567;-40.116694444444;1998;6;0.0;0.0;0.0;0.0;0.0;0.0;0.0;0.0;0.0;0.0;0.0;0.0;0.0;0.0;0.0;0.0;0.0;0.0;0.0;0.0;0.0;0.0;0.0;0.0;0.0;0.0;0.0;0.0;0.0;0.0;0.0;888.0
Aiuaba;AIUABA;-6.567;-40.116694444444;1998;7;0.0;0.0;0.0;0.0;0.0;0.0;0.0;0.0;0.0;0.0;0.0;0.0;0.0;0.0;0.0;0.0;0.0;0.0;0.0;0.0;0.0;0.0;0.0;0.0;0.0;0.0;0.0;0.0;0.0;0.0;0.0;0.0
Aiuaba;AIUABA;-6.567;-40.116694444444;1998;8;4.0;0.0;0.0;0.0;0.0;0.0;0.0;0.0;0.0;0.0;0.0;0.0;0.0;0.0;0.0;0.0;0.0;0.0;4.0;0.0;0.0;0.0;0.0;0.0;0.0;0.0;0.0;0.0;0.0;0.0;0.0;0.0
Aiuaba;AIUABA;-6.567;-40.116694444444;1998;9;0.0;0.0;0.0;0.0;0.0;0.0;0.0;0.0;0.0;0.0;0.0;0.0;0.0;0.0;0.0;0.0;0.0;0.0;0.0;0.0;0.0;0.0;0.0;0.0;0.0;0.0;0.0;0.0;0.0;0.0;0.0;888.0
Aiuaba;AIUABA;-6.567;-40.116694444444;1998;10;0.0;0.0;0.0;0.0;0.0;0.0;0.0;0.0;0.0;0.0;0.0;0.0;0.0;0.0;0.0;0.0;0.0;0.0;0.0;0.0;0.0;0.0;0.0;0.0;0.0;0.0;0.0;0.0;0.0;0.0;0.0;0.0
Aiuaba;AIUABA;-6.567;-40.116694444444;1998;11;0.0;0.0;0.0;0.0;0.0;0.0;0.0;0.0;0.0;0.0;0.0;0.0;0.0;0.0;0.0;0.0;0.0;0.0;0.0;0.0;0.0;0.0;0.0;0.0;0.0;0.0;0.0;0.0;0.0;0.0;0.0;888.0
Aiuaba;AIUABA;-6.567;-40.116694444444;1998;12;14.0;0.0;0.0;0.0;0.0;0.0;0.0;0.0;0.0;0.0;0.0;0.0;0.0;0.0;0.0;0.0;0.0;0.0;0.0;0.0;0.0;14.0;0.0;0.0;0.0;0.0;0.0;0.0;0.0;0.0;0.0;0.0
Aiuaba;AIUABA;-6.567;-40.116694444444;1999;1;145.0;0.0;0.0;0.0;0.0;0.0;0.0;0.0;9.0;0.0;0.0;29.0;0.0;0.0;0.0;0.0;0.0;0.0;0.0;0.0;3.0;0.0;14.0;15.0;0.0;0.0;0.0;0.0;0.0;0.0;64.0;11.0
Aiuaba;AIUABA;-6.567;-40.116694444444;1999;2;35.0;0.0;0.0;0.0;8.0;0.0;0.0;0.0;5.0;0.0;0.0;0.0;0.0;0.0;0.0;0.0;0.0;2.0;0.0;0.0;0.0;0.0;0.0;0.0;0.0;0.0;0.0;6.0;14.0;888.0;888.0;888.0
Aiuaba;AIUABA;-6.567;-40.116694444444;1999;3;101.4;14.0;0.0;0.0;0.0;0.0;0.0;0.0;4.0;19.4;0.0;0.0;0.0;9.0;13.0;7.0;0.0;0.0;0.0;15.0;14.0;0.0;0.0;0.0;0.0;0.0;0.0;0.0;6.0;0.0;0.0;0.0
Aiuaba;AIUABA;-6.567;-40.116694444444;1999;4;43.0;0.0;2.0;0.0;0.0;0.0;0.0;0.0;0.0;0.0;0.0;0.0;19.0;22.0;0.0;0.0;0.0;0.0;0.0;0.0;0.0;0.0;0.0;0.0;0.0;0.0;0.0;0.0;0.0;0.0;0.0;888.0
Aiuaba;AIUABA;-6.567;-40.116694444444;1999;5;163.0;0.0;6.0;0.0;0.0;0.0;1.0;2.0;2.0;0.0;0.0;11.0;5.0;0.0;0.0;97.0;0.0;0.0;0.0;0.0;0.0;0.0;0.0;39.0;0.0;0.0;0.0;0.0;0.0;0.0;0.0;0.0
Aiuaba;AIUABA;-6.567;-40.116694444444;1999;6;2.0;0.0;0.0;0.0;0.0;0.0;0.0;0.0;0.0;0.0;0.0;2.0;0.0;0.0;0.0;0.0;0.0;0.0;0.0;0.0;0.0;0.0;0.0;0.0;0.0;0.0;0.0;0.0;0.0;0.0;0.0;888.0
Aiuaba;AIUABA;-6.567;-40.116694444444;1999;7;0.0;0.0;0.0;0.0;0.0;0.0;0.0;0.0;0.0;0.0;0.0;0.0;0.0;0.0;0.0;0.0;0.0;0.0;0.0;0.0;0.0;0.0;0.0;0.0;0.0;0.0;0.0;0.0;0.0;0.0;0.0;0.0
Aiuaba;AIUABA;-6.567;-40.116694444444;1999;8;0.0;0.0;0.0;0.0;0.0;0.0;0.0;0.0;0.0;0.0;0.0;0.0;0.0;0.0;0.0;0.0;0.0;0.0;0.0;0.0;0.0;0.0;0.0;0.0;0.0;0.0;0.0;0.0;0.0;0.0;0.0;0.0
Aiuaba;AIUABA;-6.567;-40.116694444444;1999;9;4.0;0.0;0.0;0.0;0.0;0.0;0.0;0.0;0.0;0.0;0.0;0.0;0.0;0.0;0.0;0.0;0.0;0.0;0.0;0.0;0.0;0.0;0.0;0.0;0.0;4.0;0.0;0.0;0.0;0.0;0.0;888.0
Aiuaba;AIUABA;-6.567;-40.116694444444;1999;10;2.0;0.0;0.0;0.0;0.0;0.0;0.0;0.0;0.0;0.0;0.0;0.0;0.0;0.0;0.0;0.0;2.0;0.0;0.0;0.0;0.0;0.0;0.0;0.0;0.0;0.0;0.0;0.0;0.0;0.0;0.0;0.0
Aiuaba;AIUABA;-6.567;-40.116694444444;1999;11;13.0;1.0;0.0;0.0;0.0;0.0;0.0;0.0;0.0;0.0;0.0;0.0;0.0;0.0;0.0;0.0;0.0;0.0;0.0;0.0;0.0;0.0;0.0;0.0;0.0;12.0;0.0;0.0;0.0;0.0;0.0;888.0
Aiuaba;AIUABA;-6.567;-40.116694444444;1999;12;98.6;0.0;0.0;0.0;0.0;0.0;0.0;0.0;0.0;0.0;0.0;0.0;0.0;0.0;0.0;0.0;0.0;0.0;0.0;0.0;0.0;0.0;8.0;71.0;0.0;5.0;0.0;3.0;3.0;3.0;5.6;0.0
Aiuaba;AIUABA;-6.567;-40.116694444444;2000;1;143.3;0.0;0.0;0.0;0.0;0.0;0.0;2.0;3.0;2.0;0.0;4.0;0.0;0.0;0.0;122.0;3.0;0.0;0.0;0.0;0.0;3.0;0.0;4.3;0.0;0.0;0.0;0.0;0.0;0.0;0.0;0.0
Aiuaba;AIUABA;-6.567;-40.116694444444;2000;2;130.8;0.0;0.0;0.0;0.0;0.0;0.0;0.0;6.0;13.0;0.0;0.0;0.0;0.0;0.0;0.0;0.0;26.2;2.0;36.0;0.0;9.0;0.0;30.0;4.6;0.0;0.0;0.0;4.0;0.0;888.0;888.0
Aiuaba;AIUABA;-6.567;-40.116694444444;2000;3;106.0;0.0;4.0;11.0;0.0;0.0;0.0;4.0;0.0;0.0;0.0;0.0;0.0;0.0;61.0;5.0;0.0;0.0;0.0;0.0;0.0;0.0;0.0;0.0;0.0;0.0;0.0;8.0;0.0;0.0;0.0;13.0
Aiuaba;AIUABA;-6.567;-40.116694444444;2000;4;78.0;0.0;0.0;0.0;0.0;9.0;0.0;0.0;0.0;0.0;34.0;0.0;0.0;8.0;8.5;0.0;0.0;10.5;0.0;0.0;8.0;0.0;0.0;0.0;0.0;0.0;0.0;0.0;0.0;0.0;0.0;888.0
Aiuaba;AIUABA;-6.567;-40.116694444444;2000;5;6.0;0.0;0.0;0.0;0.0;0.0;6.0;0.0;0.0;0.0;0.0;0.0;0.0;0.0;0.0;0.0;0.0;0.0;0.0;0.0;0.0;0.0;0.0;0.0;0.0;0.0;0.0;0.0;0.0;0.0;0.0;0.0
Aiuaba;AIUABA;-6.567;-40.116694444444;2000;6;50.0;0.0;50.0;0.0;0.0;0.0;0.0;0.0;0.0;0.0;0.0;0.0;0.0;0.0;0.0;0.0;0.0;0.0;0.0;0.0;0.0;0.0;0.0;0.0;0.0;0.0;0.0;0.0;0.0;0.0;0.0;888.0
Aiuaba;AIUABA;-6.567;-40.116694444444;2000;7;0.0;0.0;0.0;0.0;0.0;0.0;0.0;0.0;0.0;0.0;0.0;0.0;0.0;0.0;0.0;0.0;0.0;0.0;0.0;0.0;0.0;0.0;0.0;0.0;0.0;0.0;0.0;0.0;0.0;0.0;0.0;0.0
Aiuaba;AIUABA;-6.567;-40.116694444444;2000;8;0.0;0.0;0.0;0.0;0.0;0.0;0.0;0.0;0.0;0.0;0.0;0.0;0.0;0.0;0.0;0.0;0.0;0.0;0.0;0.0;0.0;0.0;0.0;0.0;0.0;0.0;0.0;0.0;0.0;0.0;0.0;0.0
Aiuaba;AIUABA;-6.567;-40.116694444444;2000;9;53.3;0.0;0.0;0.0;0.0;0.0;0.0;0.0;0.0;0.0;0.0;53.0;0.3;0.0;0.0;0.0;0.0;0.0;0.0;0.0;0.0;0.0;0.0;0.0;0.0;0.0;0.0;0.0;0.0;0.0;0.0;888.0
Aiuaba;AIUABA;-6.567;-40.116694444444;2000;10;6.0;0.0;0.0;0.0;0.0;0.0;0.0;0.0;0.0;6.0;0.0;0.0;0.0;0.0;0.0;0.0;0.0;0.0;0.0;0.0;0.0;0.0;0.0;0.0;0.0;0.0;0.0;0.0;0.0;0.0;0.0;0.0
Aiuaba;AIUABA;-6.567;-40.116694444444;2000;11;0.0;0.0;0.0;0.0;0.0;0.0;0.0;0.0;0.0;0.0;0.0;0.0;0.0;0.0;0.0;0.0;0.0;0.0;0.0;0.0;0.0;0.0;0.0;0.0;0.0;0.0;0.0;0.0;0.0;0.0;0.0;888.0
Aiuaba;AIUABA;-6.567;-40.116694444444;2000;12;94.0;0.0;0.0;0.0;0.0;0.0;0.0;0.0;0.0;0.0;0.0;0.0;0.0;0.0;37.0;23.0;26.0;8.0;0.0;0.0;0.0;0.0;0.0;0.0;0.0;0.0;0.0;0.0;0.0;0.0;0.0;0.0
Aiuaba;AIUABA;-6.567;-40.116694444444;2001;1;15.0;0.0;0.0;0.0;0.0;0.0;0.0;0.0;2.0;9.0;0.0;0.0;0.0;0.0;0.0;0.0;4.0;0.0;0.0;0.0;0.0;0.0;0.0;0.0;0.0;0.0;0.0;0.0;0.0;0.0;0.0;0.0
Aiuaba;AIUABA;-6.567;-40.116694444444;2001;2;63.0;0.0;0.0;20.0;1.0;0.0;0.0;0.0;0.0;0.0;12.0;7.0;0.0;0.0;4.0;0.0;0.0;0.0;5.0;0.0;0.0;0.0;0.0;0.0;0.0;0.0;4.0;10.0;0.0;888.0;888.0;888.0
Aiuaba;AIUABA;-6.567;-40.116694444444;2001;3;66.2;14.0;19.0;0.0;0.0;0.0;0.0;0.0;0.0;0.0;0.0;8.0;0.0;0.0;0.0;6.0;3.0;0.0;0.0;0.0;0.0;0.0;13.0;0.0;0.0;0.0;3.0;0.0;0.0;0.0;0.2;0.0
Aiuaba;AIUABA;-6.567;-40.116694444444;2001;4;46.0;0.0;0.0;0.0;8.0;0.0;0.0;0.0;0.0;0.0;0.0;0.0;12.0;0.0;2.0;0.0;0.0;0.0;0.0;19.0;0.0;0.0;0.0;0.0;0.0;5.0;0.0;0.0;0.0;0.0;0.0;888.0
Aiuaba;AIUABA;-6.567;-40.116694444444;2001;5;14.0;0.0;0.0;0.0;0.0;0.0;0.0;0.0;0.0;0.0;0.0;4.0;0.0;0.0;8.0;0.0;0.0;0.0;0.0;2.0;0.0;0.0;0.0;0.0;0.0;0.0;0.0;0.0;0.0;0.0;0.0;0.0
Aiuaba;AIUABA;-6.567;-40.116694444444;2001;6;0.0;0.0;0.0;0.0;0.0;0.0;0.0;0.0;0.0;0.0;0.0;0.0;0.0;0.0;0.0;0.0;0.0;0.0;0.0;0.0;0.0;0.0;0.0;0.0;0.0;0.0;0.0;0.0;0.0;0.0;0.0;888.0
Aiuaba;AIUABA;-6.567;-40.116694444444;2001;7;0.0;0.0;0.0;0.0;0.0;0.0;0.0;0.0;0.0;0.0;0.0;0.0;0.0;0.0;0.0;0.0;0.0;0.0;0.0;0.0;0.0;0.0;0.0;0.0;0.0;0.0;0.0;0.0;0.0;0.0;0.0;0.0
Aiuaba;AIUABA;-6.567;-40.116694444444;2001;8;0.0;0.0;0.0;0.0;0.0;0.0;0.0;0.0;0.0;0.0;0.0;0.0;0.0;0.0;0.0;0.0;0.0;0.0;0.0;0.0;0.0;0.0;0.0;0.0;0.0;0.0;0.0;0.0;0.0;0.0;0.0;0.0
Aiuaba;AIUABA;-6.567;-40.116694444444;2001;9;0.0;0.0;0.0;0.0;0.0;0.0;0.0;0.0;0.0;0.0;0.0;0.0;0.0;0.0;0.0;0.0;0.0;0.0;0.0;0.0;0.0;0.0;0.0;0.0;0.0;0.0;0.0;0.0;0.0;0.0;0.0;888.0
Aiuaba;AIUABA;-6.567;-40.116694444444;2001;10;0.0;0.0;0.0;0.0;0.0;0.0;0.0;0.0;0.0;0.0;0.0;0.0;0.0;0.0;0.0;0.0;0.0;0.0;0.0;0.0;0.0;0.0;0.0;0.0;0.0;0.0;0.0;0.0;0.0;0.0;0.0;0.0
Aiuaba;AIUABA;-6.567;-40.116694444444;2001;11;0.0;0.0;0.0;0.0;0.0;0.0;0.0;0.0;0.0;0.0;0.0;0.0;0.0;0.0;0.0;0.0;0.0;0.0;0.0;0.0;0.0;0.0;0.0;0.0;0.0;0.0;0.0;0.0;0.0;0.0;0.0;888.0
Aiuaba;AIUABA;-6.567;-40.116694444444;2001;12;55.2;0.0;0.0;0.0;14.0;15.0;0.0;0.0;0.0;0.0;0.0;0.0;0.0;0.0;0.0;0.0;0.0;0.0;0.0;0.0;0.0;0.0;0.0;0.0;0.0;0.0;0.0;0.0;15.2;11.0;0.0;0.0
Aiuaba;AIUABA;-6.567;-40.116694444444;2002;1;257.5;0.0;8.0;8.4;0.0;0.0;0.0;7.2;44.0;6.3;58.0;2.8;0.0;25.0;0.0;0.0;17.2;12.0;16.6;37.0;8.2;0.0;6.8;0.0;0.0;0.0;0.0;0.0;0.0;0.0;0.0;0.0
Aiuaba;AIUABA;-6.567;-40.116694444444;2002;2;0.0;0.0;0.0;0.0;0.0;0.0;0.0;0.0;0.0;0.0;0.0;0.0;0.0;0.0;0.0;0.0;0.0;0.0;0.0;0.0;0.0;0.0;0.0;0.0;0.0;0.0;0.0;0.0;0.0;888.0;888.0;888.0
Aiuaba;AIUABA;-6.567;-40.116694444444;2002;3;95.3;0.0;0.0;0.0;11.0;5.1;21.6;0.0;8.0;0.0;0.0;2.1;0.0;0.0;0.0;0.0;0.0;0.0;17.0;6.0;0.0;2.3;0.0;0.0;2.0;0.0;0.0;3.1;0.0;0.0;0.0;17.1
Aiuaba;AIUABA;-6.567;-40.116694444444;2002;4;64.4;0.0;0.0;2.4;7.0;0.0;0.0;35.0;6.0;0.0;0.0;0.0;0.0;12.0;0.0;0.0;0.0;0.0;0.0;0.0;0.0;0.0;0.0;2.0;0.0;0.0;0.0;0.0;0.0;0.0;0.0;888.0
Aiuaba;AIUABA;-6.567;-40.116694444444;2002;5;39.0;3.0;25.0;7.0;0.0;0.0;0.0;0.0;0.0;0.0;0.0;0.0;0.0;0.0;0.0;0.0;0.0;0.0;0.0;0.0;0.0;0.0;0.0;0.0;2.0;0.0;0.0;2.0;0.0;0.0;0.0;0.0
Aiuaba;AIUABA;-6.567;-40.116694444444;2002;6;0.0;0.0;0.0;0.0;0.0;0.0;0.0;0.0;0.0;0.0;0.0;0.0;0.0;0.0;0.0;0.0;0.0;0.0;0.0;0.0;0.0;0.0;0.0;0.0;0.0;0.0;0.0;0.0;0.0;0.0;0.0;888.0
Aiuaba;AIUABA;-6.567;-40.116694444444;2002;7;4.3;0.0;0.0;0.0;0.0;0.0;0.0;0.0;0.0;0.0;0.0;4.3;0.0;0.0;0.0;0.0;0.0;0.0;0.0;0.0;0.0;0.0;0.0;0.0;0.0;0.0;0.0;0.0;0.0;0.0;0.0;0.0
Aiuaba;AIUABA;-6.567;-40.116694444444;2002;8;0.0;0.0;0.0;0.0;0.0;0.0;0.0;0.0;0.0;0.0;0.0;0.0;0.0;0.0;0.0;0.0;0.0;0.0;0.0;0.0;0.0;0.0;0.0;0.0;0.0;0.0;0.0;0.0;0.0;0.0;0.0;0.0
Aiuaba;AIUABA;-6.567;-40.116694444444;2002;9;0.0;0.0;0.0;0.0;0.0;0.0;0.0;0.0;0.0;0.0;0.0;0.0;0.0;0.0;0.0;0.0;0.0;0.0;0.0;0.0;0.0;0.0;0.0;0.0;0.0;0.0;0.0;0.0;0.0;0.0;0.0;888.0
Aiuaba;AIUABA;-6.567;-40.116694444444;2002;10;0.0;0.0;0.0;0.0;0.0;0.0;0.0;0.0;0.0;0.0;0.0;0.0;0.0;0.0;0.0;0.0;0.0;0.0;0.0;0.0;0.0;0.0;0.0;0.0;0.0;0.0;0.0;0.0;0.0;0.0;0.0;0.0
Aiuaba;AIUABA;-6.567;-40.116694444444;2002;11;0.0;0.0;0.0;0.0;0.0;0.0;0.0;0.0;0.0;0.0;0.0;0.0;0.0;0.0;0.0;0.0;0.0;0.0;0.0;0.0;0.0;0.0;0.0;0.0;0.0;0.0;0.0;0.0;0.0;0.0;0.0;888.0
Aiuaba;AIUABA;-6.567;-40.116694444444;2002;12;96.7;0.0;0.0;0.0;0.0;0.0;0.0;0.0;0.0;86.5;0.0;4.2;0.0;0.0;0.0;0.0;0.0;0.0;0.0;0.0;0.0;0.0;0.0;0.0;0.0;0.0;0.0;6.0;0.0;0.0;0.0;0.0
Aiuaba;AIUABA;-6.567;-40.116694444444;2003;1;89.1;0.0;0.0;0.0;0.0;0.0;0.0;0.0;0.0;0.0;0.0;0.0;0.0;0.0;0.0;0.0;0.0;0.0;0.0;0.0;55.0;0.0;0.0;0.0;6.0;0.0;0.0;0.0;16.1;0.0;0.0;12.0
Aiuaba;AIUABA;-6.567;-40.116694444444;2003;2;110.8;0.0;0.0;0.0;0.0;11.0;0.0;4.1;0.0;0.0;0.0;0.0;0.0;0.0;0.0;0.0;0.0;4.0;0.0;0.0;0.0;12.1;0.0;14.0;0.0;20.6;45.0;0.0;0.0;888.0;888.0;888.0
Aiuaba;AIUABA;-6.567;-40.116694444444;2003;3;161.7;0.0;0.0;0.0;0.0;3.0;4.0;0.0;0.0;0.0;0.0;0.0;0.0;0.0;0.0;0.0;0.0;16.0;0.0;4.5;37.0;46.0;0.0;0.0;26.0;0.0;12.2;0.0;0.0;0.0;5.0;8.0
Aiuaba;AIUABA;-6.567;-40.116694444444;2003;4;64.0;0.0;7.0;0.0;0.0;0.0;0.0;0.0;0.0;4.0;0.0;0.0;0.0;0.0;0.0;23.0;0.0;0.0;0.0;0.0;0.0;0.0;0.0;2.0;0.0;0.0;0.0;0.0;28.0;0.0;0.0;888.0
Aiuaba;AIUABA;-6.567;-40.116694444444;2003;5;0.0;0.0;0.0;0.0;0.0;0.0;0.0;0.0;0.0;0.0;0.0;0.0;0.0;0.0;0.0;0.0;0.0;0.0;0.0;0.0;0.0;0.0;0.0;0.0;0.0;0.0;0.0;0.0;0.0;0.0;0.0;0.0
Aiuaba;AIUABA;-6.567;-40.116694444444;2003;6;6.0;0.0;0.0;0.0;0.0;0.0;0.0;0.0;0.0;0.0;0.0;0.0;6.0;0.0;0.0;0.0;0.0;0.0;0.0;0.0;0.0;0.0;0.0;0.0;0.0;0.0;0.0;0.0;0.0;0.0;0.0;888.0
Aiuaba;AIUABA;-6.567;-40.116694444444;2003;7;0.0;0.0;0.0;0.0;0.0;0.0;0.0;0.0;0.0;0.0;0.0;0.0;0.0;0.0;0.0;0.0;0.0;0.0;0.0;0.0;0.0;0.0;0.0;0.0;0.0;0.0;0.0;0.0;0.0;0.0;0.0;0.0
Aiuaba;AIUABA;-6.567;-40.116694444444;2003;8;0.0;0.0;0.0;0.0;0.0;0.0;0.0;0.0;0.0;0.0;0.0;0.0;0.0;0.0;0.0;0.0;0.0;0.0;0.0;0.0;0.0;0.0;0.0;0.0;0.0;0.0;0.0;0.0;0.0;0.0;0.0;0.0
Aiuaba;AIUABA;-6.567;-40.116694444444;2003;9;0.0;0.0;0.0;0.0;0.0;0.0;0.0;0.0;0.0;0.0;0.0;0.0;0.0;0.0;0.0;0.0;0.0;0.0;0.0;0.0;0.0;0.0;0.0;0.0;0.0;0.0;0.0;0.0;0.0;0.0;0.0;888.0
Aiuaba;AIUABA;-6.567;-40.116694444444;2003;10;0.0;0.0;0.0;0.0;0.0;0.0;0.0;0.0;0.0;0.0;0.0;0.0;0.0;0.0;0.0;0.0;0.0;0.0;0.0;0.0;0.0;0.0;0.0;0.0;0.0;0.0;0.0;0.0;0.0;0.0;0.0;0.0
Aiuaba;AIUABA;-6.567;-40.116694444444;2003;11;0.0;0.0;0.0;0.0;0.0;0.0;0.0;0.0;0.0;0.0;0.0;0.0;0.0;0.0;0.0;0.0;0.0;0.0;0.0;0.0;0.0;0.0;0.0;0.0;0.0;0.0;0.0;0.0;0.0;0.0;0.0;888.0
Aiuaba;AIUABA;-6.567;-40.116694444444;2003;12;4.0;0.0;0.0;0.0;0.0;0.0;0.0;0.0;0.0;0.0;0.0;0.0;0.0;0.0;0.0;0.0;0.0;0.0;0.0;0.0;0.0;0.0;0.0;0.0;0.0;0.0;4.0;0.0;0.0;0.0;0.0;0.0
Aiuaba;AIUABA;-6.567;-40.116694444444;2004;1;552.0;0.0;0.0;0.0;0.0;0.0;0.0;0.0;0.0;0.0;0.0;0.0;45.0;19.0;2.0;0.0;0.0;64.0;31.0;0.0;50.0;20.0;29.0;32.0;46.0;25.0;7.0;56.0;51.0;20.0;27.0;28.0
Aiuaba;AIUABA;-6.567;-40.116694444444;2004;2;289.8;5.2;4.0;7.2;25.0;2.0;0.0;0.0;0.0;10.0;0.0;0.0;0.0;0.0;0.0;0.0;55.0;0.0;0.0;0.0;0.0;0.0;27.0;0.0;0.0;0.0;25.0;92.0;33.0;4.4;888.0;888.0
Aiuaba;AIUABA;-6.567;-40.116694444444;2004;3;22.8;0.0;0.0;0.0;0.0;0.0;0.0;0.0;19.2;3.6;0.0;0.0;0.0;0.0;0.0;0.0;0.0;0.0;0.0;0.0;0.0;0.0;0.0;0.0;0.0;0.0;0.0;0.0;0.0;0.0;0.0;0.0
Aiuaba;AIUABA;-6.567;-40.116694444444;2004;4;19.0;0.0;0.0;0.0;0.0;0.0;0.0;19.0;0.0;0.0;0.0;0.0;0.0;0.0;0.0;0.0;0.0;0.0;0.0;0.0;0.0;0.0;0.0;0.0;0.0;0.0;0.0;0.0;0.0;0.0;0.0;888.0
Aiuaba;AIUABA;-6.567;-40.116694444444;2004;5;58.0;0.0;0.0;0.0;0.0;0.0;0.0;0.0;0.0;0.0;0.0;5.0;0.0;0.0;0.0;0.0;0.0;0.0;7.0;0.0;0.0;13.0;0.0;0.0;0.0;30.0;0.0;0.0;0.0;3.0;0.0;0.0
Aiuaba;AIUABA;-6.567;-40.116694444444;2004;6;70.0;0.0;15.0;0.0;0.0;0.0;31.0;0.0;0.0;0.0;0.0;0.0;0.0;0.0;0.0;0.0;3.0;21.0;0.0;0.0;0.0;0.0;0.0;0.0;0.0;0.0;0.0;0.0;0.0;0.0;0.0;888.0
Aiuaba;AIUABA;-6.567;-40.116694444444;2004;7;0.0;0.0;0.0;0.0;0.0;0.0;0.0;0.0;0.0;0.0;0.0;0.0;0.0;0.0;0.0;0.0;0.0;0.0;0.0;0.0;0.0;0.0;0.0;0.0;0.0;0.0;0.0;0.0;0.0;0.0;0.0;0.0
Aiuaba;AIUABA;-6.567;-40.116694444444;2004;8;0.0;0.0;0.0;0.0;0.0;0.0;0.0;0.0;0.0;0.0;0.0;0.0;0.0;0.0;0.0;0.0;0.0;0.0;0.0;0.0;0.0;0.0;0.0;0.0;0.0;0.0;0.0;0.0;0.0;0.0;0.0;0.0
Aiuaba;AIUABA;-6.567;-40.116694444444;2004;9;0.0;0.0;0.0;0.0;0.0;0.0;0.0;0.0;0.0;0.0;0.0;0.0;0.0;0.0;0.0;0.0;0.0;0.0;0.0;0.0;0.0;0.0;0.0;0.0;0.0;0.0;0.0;0.0;0.0;0.0;0.0;888.0
Aiuaba;AIUABA;-6.567;-40.116694444444;2004;10;0.0;0.0;0.0;0.0;0.0;0.0;0.0;0.0;0.0;0.0;0.0;0.0;0.0;0.0;0.0;0.0;0.0;0.0;0.0;0.0;0.0;0.0;0.0;0.0;0.0;0.0;0.0;0.0;0.0;0.0;0.0;0.0
Aiuaba;AIUABA;-6.567;-40.116694444444;2004;11;0.0;0.0;0.0;0.0;0.0;0.0;0.0;0.0;0.0;0.0;0.0;0.0;0.0;0.0;0.0;0.0;0.0;0.0;0.0;0.0;0.0;0.0;0.0;0.0;0.0;0.0;0.0;0.0;0.0;0.0;0.0;888.0
Aiuaba;AIUABA;-6.567;-40.116694444444;2004;12;7.5;0.0;0.0;0.0;0.0;0.0;0.0;0.0;0.0;0.0;0.0;0.0;0.0;0.0;0.0;0.0;0.0;0.0;0.0;0.0;0.0;0.0;0.0;0.0;0.0;0.0;0.0;0.0;0.0;7.5;0.0;0.0
Aiuaba;AIUABA;-6.567;-40.116694444444;2005;1;119.4;0.0;0.0;0.0;0.0;0.0;0.0;0.0;0.0;0.0;0.0;0.0;0.0;0.0;0.0;85.0;0.0;6.0;0.0;0.0;7.0;0.0;0.0;9.2;0.0;1.2;11.0;0.0;0.0;0.0;0.0;0.0
Aiuaba;AIUABA;-6.567;-40.116694444444;2005;2;44.2;0.0;0.0;0.0;0.0;0.0;0.0;0.0;0.0;0.0;2.2;0.0;0.0;0.0;0.0;22.0;20.0;0.0;0.0;0.0;0.0;0.0;0.0;0.0;0.0;0.0;0.0;0.0;0.0;888.0;888.0;888.0
Aiuaba;AIUABA;-6.567;-40.116694444444;2005;3;212.3;0.0;0.0;0.0;115.4;0.0;0.0;0.0;0.0;0.0;0.0;0.0;17.0;0.0;0.0;18.2;0.0;0.0;0.0;0.0;0.0;0.0;0.0;5.0;0.0;0.0;0.0;0.0;35.0;2.5;16.0;3.2
Aiuaba;AIUABA;-6.567;-40.116694444444;2005;4;45.4;0.0;0.0;0.0;0.0;0.0;0.0;0.0;0.0;0.0;0.0;0.0;0.0;0.0;0.0;0.0;4.6;0.0;0.0;0.0;0.0;0.0;2.4;0.0;0.0;0.0;0.0;0.0;0.0;5.2;33.2;888.0
Aiuaba;AIUABA;-6.567;-40.116694444444;2005;5;48.4;0.0;12.0;1.4;0.0;31.0;0.0;0.0;0.0;0.0;0.0;0.0;0.0;0.0;0.0;0.0;0.0;0.0;0.0;0.0;0.0;0.0;0.0;0.0;4.0;0.0;0.0;0.0;0.0;0.0;0.0;0.0
Aiuaba;AIUABA;-6.567;-40.116694444444;2005;6;0.0;0.0;0.0;0.0;0.0;0.0;0.0;0.0;0.0;0.0;0.0;0.0;0.0;0.0;0.0;0.0;0.0;0.0;0.0;0.0;0.0;0.0;0.0;0.0;0.0;0.0;0.0;0.0;0.0;0.0;0.0;888.0
Aiuaba;AIUABA;-6.567;-40.116694444444;2005;7;0.0;0.0;0.0;0.0;0.0;0.0;0.0;0.0;0.0;0.0;0.0;0.0;0.0;0.0;0.0;0.0;0.0;0.0;0.0;0.0;0.0;0.0;0.0;0.0;0.0;0.0;0.0;0.0;0.0;0.0;0.0;0.0
Aiuaba;AIUABA;-6.567;-40.116694444444;2005;8;0.0;0.0;0.0;0.0;0.0;0.0;0.0;0.0;0.0;0.0;0.0;0.0;0.0;0.0;0.0;0.0;0.0;0.0;0.0;0.0;0.0;0.0;0.0;0.0;0.0;0.0;0.0;0.0;0.0;0.0;0.0;0.0
Aiuaba;AIUABA;-6.567;-40.116694444444;2005;9;0.0;0.0;0.0;0.0;0.0;0.0;0.0;0.0;0.0;0.0;0.0;0.0;0.0;0.0;0.0;0.0;0.0;0.0;0.0;0.0;0.0;0.0;0.0;0.0;0.0;0.0;0.0;0.0;0.0;0.0;0.0;888.0
Aiuaba;AIUABA;-6.567;-40.116694444444;2005;10;0.0;0.0;0.0;0.0;0.0;0.0;0.0;0.0;0.0;0.0;0.0;0.0;0.0;0.0;0.0;0.0;0.0;0.0;0.0;0.0;0.0;0.0;0.0;0.0;0.0;0.0;0.0;0.0;0.0;0.0;0.0;0.0
Aiuaba;AIUABA;-6.567;-40.116694444444;2005;11;0.0;0.0;0.0;0.0;0.0;0.0;0.0;0.0;0.0;0.0;0.0;0.0;0.0;0.0;0.0;0.0;0.0;0.0;0.0;0.0;0.0;0.0;0.0;0.0;0.0;0.0;0.0;0.0;0.0;0.0;0.0;888.0
Aiuaba;AIUABA;-6.567;-40.116694444444;2005;12;43.2;0.0;0.0;0.0;0.0;27.0;0.0;7.0;0.0;9.2;0.0;0.0;0.0;0.0;0.0;0.0;0.0;0.0;0.0;0.0;0.0;0.0;0.0;0.0;0.0;0.0;0.0;0.0;0.0;0.0;0.0;0.0
Aiuaba;AIUABA;-6.567;-40.116694444444;2006;1;11.0;0.0;0.0;0.0;0.0;0.0;0.0;0.0;0.0;0.0;0.0;11.0;0.0;0.0;0.0;0.0;0.0;0.0;0.0;0.0;0.0;0.0;0.0;0.0;0.0;0.0;0.0;0.0;0.0;0.0;0.0;0.0
Aiuaba;AIUABA;-6.567;-40.116694444444;2006;2;126.4;31.0;0.0;0.0;0.0;13.0;16.0;0.0;0.0;0.0;0.0;0.0;0.0;3.6;3.4;0.0;20.0;11.4;12.0;0.0;0.0;0.0;0.0;0.0;0.0;16.0;0.0;0.0;0.0;888.0;888.0;888.0
Aiuaba;AIUABA;-6.567;-40.116694444444;2006;3;105.5;3.5;0.0;0.0;0.0;0.0;0.0;0.0;0.0;0.0;0.0;0.0;0.0;0.0;0.0;19.0;0.0;0.0;12.0;0.0;9.0;0.0;0.0;0.0;50.0;0.0;8.0;0.0;0.0;0.0;0.0;4.0
Aiuaba;AIUABA;-6.567;-40.116694444444;2006;4;102.9;0.0;0.0;0.0;13.0;0.0;0.0;0.0;28.0;5.4;0.0;0.0;0.0;0.0;0.0;0.0;14.5;0.0;0.0;3.0;0.0;1.0;36.0;2.0;0.0;0.0;0.0;0.0;0.0;0.0;0.0;888.0
Aiuaba;AIUABA;-6.567;-40.116694444444;2006;5;66.9;40.5;0.0;0.0;0.0;0.0;0.0;0.0;0.0;0.0;0.0;0.0;0.0;0.0;0.0;0.0;11.0;0.0;0.0;0.0;0.0;0.0;0.0;0.0;4.4;0.0;0.0;11.0;0.0;0.0;0.0;0.0
Aiuaba;AIUABA;-6.567;-40.116694444444;2006;6;0.0;0.0;0.0;0.0;0.0;0.0;0.0;0.0;0.0;0.0;0.0;0.0;0.0;0.0;0.0;0.0;0.0;0.0;0.0;0.0;0.0;0.0;0.0;0.0;0.0;0.0;0.0;0.0;0.0;0.0;0.0;888.0
Aiuaba;AIUABA;-6.567;-40.116694444444;2006;7;0.0;0.0;0.0;0.0;0.0;0.0;0.0;0.0;0.0;0.0;0.0;0.0;0.0;0.0;0.0;0.0;0.0;0.0;0.0;0.0;0.0;0.0;0.0;0.0;0.0;0.0;0.0;0.0;0.0;0.0;0.0;0.0
Aiuaba;AIUABA;-6.567;-40.116694444444;2006;8;0.0;0.0;0.0;0.0;0.0;0.0;0.0;0.0;0.0;0.0;0.0;0.0;0.0;0.0;0.0;0.0;0.0;0.0;0.0;0.0;0.0;0.0;0.0;0.0;0.0;0.0;0.0;0.0;0.0;0.0;0.0;0.0
Aiuaba;AIUABA;-6.567;-40.116694444444;2006;9;0.0;0.0;0.0;0.0;0.0;0.0;0.0;0.0;0.0;0.0;0.0;0.0;0.0;0.0;0.0;0.0;0.0;0.0;0.0;0.0;0.0;0.0;0.0;0.0;0.0;0.0;0.0;0.0;0.0;0.0;0.0;888.0
Aiuaba;AIUABA;-6.567;-40.116694444444;2006;10;40.0;0.0;0.0;0.0;0.0;0.0;0.0;0.0;0.0;0.0;0.0;0.0;0.0;0.0;0.0;0.0;0.0;0.0;0.0;0.0;0.0;0.0;0.0;40.0;0.0;0.0;0.0;0.0;0.0;0.0;0.0;0.0
Aiuaba;AIUABA;-6.567;-40.116694444444;2006;11;0.0;0.0;0.0;0.0;0.0;0.0;0.0;0.0;0.0;0.0;0.0;0.0;0.0;0.0;0.0;0.0;0.0;0.0;0.0;0.0;0.0;0.0;0.0;0.0;0.0;0.0;0.0;0.0;0.0;0.0;0.0;888.0
Aiuaba;AIUABA;-6.567;-40.116694444444;2006;12;35.0;0.0;0.0;0.0;0.0;0.0;0.0;0.0;0.0;0.0;0.0;0.0;0.0;0.0;0.0;0.0;0.0;0.0;0.0;0.0;0.0;0.0;0.0;0.0;0.0;0.0;0.0;0.0;0.0;0.0;0.0;35.0
Aiuaba;AIUABA;-6.567;-40.116694444444;2007;1;82.0;75.0;7.0;0.0;0.0;0.0;0.0;0.0;0.0;0.0;0.0;0.0;0.0;0.0;0.0;0.0;0.0;0.0;0.0;0.0;0.0;0.0;0.0;0.0;0.0;0.0;0.0;0.0;0.0;0.0;0.0;0.0
Aiuaba;AIUABA;-6.567;-40.116694444444;2007;2;323.2;14.0;0.0;0.0;12.0;0.0;18.0;4.0;0.0;48.0;0.0;0.0;0.0;0.0;43.0;20.0;0.0;24.2;27.0;0.0;60.0;0.0;21.0;0.0;26.6;0.0;5.0;0.4;0.0;888.0;888.0;888.0
Aiuaba;AIUABA;-6.567;-40.116694444444;2007;3;109.6;7.2;17.2;0.0;0.0;3.0;0.0;1.2;0.0;0.0;0.0;0.0;0.0;0.0;0.0;0.0;18.6;0.0;2.6;0.0;9.6;0.0;0.0;13.2;0.0;0.0;37.0;0.0;0.0;0.0;0.0;0.0
Aiuaba;AIUABA;-6.567;-40.116694444444;2007;4;100.8;0.0;0.0;0.0;0.0;0.0;0.0;0.0;0.0;0.0;0.0;0.0;0.0;0.0;0.0;0.0;0.0;0.0;0.0;14.0;10.6;0.0;29.6;0.0;0.0;21.0;4.0;0.0;3.6;18.0;0.0;888.0
Aiuaba;AIUABA;-6.567;-40.116694444444;2007;5;8.0;0.0;3.0;0.0;0.0;0.0;0.0;0.0;0.0;0.0;0.0;0.0;0.0;0.0;0.0;0.0;0.0;0.0;0.0;0.0;0.0;0.0;0.0;0.0;0.0;0.0;0.0;0.0;5.0;0.0;0.0;0.0
Aiuaba;AIUABA;-6.567;-40.116694444444;2007;6;0.0;0.0;0.0;0.0;0.0;0.0;0.0;0.0;0.0;0.0;0.0;0.0;0.0;0.0;0.0;0.0;0.0;0.0;0.0;0.0;0.0;0.0;0.0;0.0;0.0;0.0;0.0;0.0;0.0;0.0;0.0;888.0
Aiuaba;AIUABA;-6.567;-40.116694444444;2007;7;0.0;0.0;0.0;0.0;0.0;0.0;0.0;0.0;0.0;0.0;0.0;0.0;0.0;0.0;0.0;0.0;0.0;0.0;0.0;0.0;0.0;0.0;0.0;0.0;0.0;0.0;0.0;0.0;0.0;0.0;0.0;0.0
Aiuaba;AIUABA;-6.567;-40.116694444444;2007;8;0.0;0.0;0.0;0.0;0.0;0.0;0.0;0.0;0.0;0.0;0.0;0.0;0.0;0.0;0.0;0.0;0.0;0.0;0.0;0.0;0.0;0.0;0.0;0.0;0.0;0.0;0.0;0.0;0.0;0.0;0.0;0.0
Aiuaba;AIUABA;-6.567;-40.116694444444;2007;9;0.0;0.0;0.0;0.0;0.0;0.0;0.0;0.0;0.0;0.0;0.0;0.0;0.0;0.0;0.0;0.0;0.0;0.0;0.0;0.0;0.0;0.0;0.0;0.0;0.0;0.0;0.0;0.0;0.0;0.0;0.0;888.0
Aiuaba;AIUABA;-6.567;-40.116694444444;2007;10;0.0;0.0;0.0;0.0;0.0;0.0;0.0;0.0;0.0;0.0;0.0;0.0;0.0;0.0;0.0;0.0;0.0;0.0;0.0;0.0;0.0;0.0;0.0;0.0;0.0;0.0;0.0;0.0;0.0;0.0;0.0;0.0
Aiuaba;AIUABA;-6.567;-40.116694444444;2007;11;0.0;0.0;0.0;0.0;0.0;0.0;0.0;0.0;0.0;0.0;0.0;0.0;0.0;0.0;0.0;0.0;0.0;0.0;0.0;0.0;0.0;0.0;0.0;0.0;0.0;0.0;0.0;0.0;0.0;0.0;0.0;888.0
Aiuaba;AIUABA;-6.567;-40.116694444444;2007;12;99.0;0.0;0.0;0.0;0.0;0.0;0.0;0.0;0.0;0.0;0.0;0.0;0.0;0.0;0.0;0.0;49.0;0.0;0.0;0.0;50.0;0.0;0.0;0.0;0.0;0.0;0.0;0.0;0.0;0.0;0.0;0.0
Aiuaba;AIUABA;-6.567;-40.116694444444;2008;1;73.6;0.0;0.0;0.0;3.0;0.0;0.0;0.0;0.0;0.0;0.0;0.0;0.0;0.0;0.0;13.0;0.0;0.0;0.0;0.0;0.0;0.0;0.0;0.0;8.0;43.0;3.0;0.0;3.6;0.0;0.0;0.0
Aiuaba;AIUABA;-6.567;-40.116694444444;2008;2;98.2;13.6;9.2;0.0;0.0;0.0;0.0;0.0;0.0;0.0;0.0;0.0;28.4;0.0;0.0;0.0;0.0;18.0;9.0;0.0;0.0;0.0;0.0;0.0;0.0;0.0;0.0;4.0;9.0;7.0;888.0;888.0
Aiuaba;AIUABA;-6.567;-40.116694444444;2008;3;216.6;0.0;0.0;0.0;0.0;16.0;0.0;0.0;15.0;23.2;0.0;0.0;11.0;10.0;0.0;2.0;3.0;2.6;0.0;0.0;0.0;0.0;0.0;24.6;35.0;0.0;35.6;3.0;0.8;2.0;25.0;7.8
Aiuaba;AIUABA;-6.567;-40.116694444444;2008;4;124.6;33.0;12.0;0.0;0.0;0.0;0.0;6.8;3.0;0.0;18.0;0.0;0.0;23.2;0.0;8.2;11.0;0.0;0.0;0.0;0.0;0.0;0.0;0.0;0.0;0.0;0.0;0.0;0.0;0.0;9.4;888.0
Aiuaba;AIUABA;-6.567;-40.116694444444;2008;5;37.0;4.0;4.2;5.0;0.0;0.0;5.6;0.0;0.0;0.0;0.0;0.0;0.0;0.0;0.0;0.0;4.2;0.0;0.0;0.0;0.0;0.0;0.0;0.0;0.0;0.0;0.0;0.0;14.0;0.0;0.0;0.0
Aiuaba;AIUABA;-6.567;-40.116694444444;2008;6;0.0;0.0;0.0;0.0;0.0;0.0;0.0;0.0;0.0;0.0;0.0;0.0;0.0;0.0;0.0;0.0;0.0;0.0;0.0;0.0;0.0;0.0;0.0;0.0;0.0;0.0;0.0;0.0;0.0;0.0;0.0;888.0
Aiuaba;AIUABA;-6.567;-40.116694444444;2008;7;5.5;0.0;5.5;0.0;0.0;0.0;0.0;0.0;0.0;0.0;0.0;0.0;0.0;0.0;0.0;0.0;0.0;0.0;0.0;0.0;0.0;0.0;0.0;0.0;0.0;0.0;0.0;0.0;0.0;0.0;0.0;0.0
Aiuaba;AIUABA;-6.567;-40.116694444444;2008;8;9.2;0.0;0.0;0.0;0.0;0.0;0.0;0.0;9.2;0.0;0.0;0.0;0.0;0.0;0.0;0.0;0.0;0.0;0.0;0.0;0.0;0.0;0.0;0.0;0.0;0.0;0.0;0.0;0.0;0.0;0.0;0.0
Aiuaba;AIUABA;-6.567;-40.116694444444;2008;9;0.0;0.0;0.0;0.0;0.0;0.0;0.0;0.0;0.0;0.0;0.0;0.0;0.0;0.0;0.0;0.0;0.0;0.0;0.0;0.0;0.0;0.0;0.0;0.0;0.0;0.0;0.0;0.0;0.0;0.0;0.0;888.0
Aiuaba;AIUABA;-6.567;-40.116694444444;2008;10;0.0;0.0;0.0;0.0;0.0;0.0;0.0;0.0;0.0;0.0;0.0;0.0;0.0;0.0;0.0;0.0;0.0;0.0;0.0;0.0;0.0;0.0;0.0;0.0;0.0;0.0;0.0;0.0;0.0;0.0;0.0;0.0
Aiuaba;AIUABA;-6.567;-40.116694444444;2008;11;0.0;0.0;0.0;0.0;0.0;0.0;0.0;0.0;0.0;0.0;0.0;0.0;0.0;0.0;0.0;0.0;0.0;0.0;0.0;0.0;0.0;0.0;0.0;0.0;0.0;0.0;0.0;0.0;0.0;0.0;0.0;888.0
Aiuaba;AIUABA;-6.567;-40.116694444444;2008;12;0.0;0.0;0.0;0.0;0.0;0.0;0.0;0.0;0.0;0.0;0.0;0.0;0.0;0.0;0.0;0.0;0.0;0.0;0.0;0.0;0.0;0.0;0.0;0.0;0.0;0.0;0.0;0.0;0.0;0.0;0.0;0.0
Aiuaba;AIUABA;-6.567;-40.116694444444;2009;1;56.8;0.0;0.0;0.0;0.0;0.0;0.0;0.0;0.0;0.0;0.0;12.6;0.0;0.0;0.0;0.0;0.0;1.2;0.0;0.0;0.0;0.0;38.2;0.0;2.4;0.0;0.0;0.0;0.0;0.0;2.4;0.0
Aiuaba;AIUABA;-6.567;-40.116694444444;2009;2;34.2;0.0;0.0;0.0;0.0;0.0;0.0;0.0;0.0;0.0;0.0;0.0;0.0;0.0;0.0;0.0;0.0;0.0;0.0;11.0;0.0;19.0;0.0;0.0;0.0;0.0;4.2;0.0;0.0;888.0;888.0;888.0
Aiuaba;AIUABA;-6.567;-40.116694444444;2009;3;126.4;14.4;19.6;10.0;48.0;0.0;0.0;0.0;0.0;2.6;0.0;3.0;0.0;0.0;0.0;0.0;0.0;0.0;13.2;0.0;0.0;0.0;0.0;0.0;0.0;0.0;15.6;0.0;0.0;0.0;0.0;0.0
Aiuaba;AIUABA;-6.567;-40.116694444444;2009;4;325.0;0.0;39.0;20.0;7.8;26.4;0.0;0.0;0.0;45.0;0.0;0.0;0.0;15.0;14.0;2.0;4.0;0.0;8.2;0.0;0.0;13.2;7.0;75.0;7.0;4.8;1.2;0.0;9.0;0.0;26.4;888.0
Aiuaba;AIUABA;-6.567;-40.116694444444;2009;5;131.8;6.2;11.2;0.0;0.0;0.0;45.6;0.0;13.2;3.4;9.4;0.0;0.0;10.4;0.0;0.0;0.0;0.0;8.0;3.6;0.0;8.0;0.0;0.0;0.0;4.8;0.0;0.0;8.0;0.0;0.0;0.0
Aiuaba;AIUABA;-6.567;-40.116694444444;2009;6;13.6;0.0;0.0;0.0;0.0;0.0;0.0;0.0;0.0;0.0;0.0;7.2;0.0;0.0;0.0;0.0;0.0;0.0;0.0;0.0;0.0;0.0;0.0;0.0;0.0;0.0;0.0;6.4;0.0;0.0;0.0;888.0
Aiuaba;AIUABA;-6.567;-40.116694444444;2009;7;31.0;0.0;0.0;0.0;0.0;1.4;0.0;0.0;0.0;0.0;0.0;0.0;0.0;0.0;0.0;0.0;0.0;0.0;0.0;0.0;0.0;0.0;4.6;9.0;16.0;0.0;0.0;0.0;0.0;0.0;0.0;0.0
Aiuaba;AIUABA;-6.567;-40.116694444444;2009;8;7.6;0.0;0.0;0.0;0.0;0.0;0.0;0.0;0.0;0.0;0.0;0.0;0.0;0.0;0.0;0.0;0.0;0.0;0.0;0.0;0.0;0.0;0.0;0.0;0.0;0.0;0.0;7.6;0.0;0.0;0.0;0.0
Aiuaba;AIUABA;-6.567;-40.116694444444;2009;9;0.0;0.0;0.0;0.0;0.0;0.0;0.0;0.0;0.0;0.0;0.0;0.0;0.0;0.0;0.0;0.0;0.0;0.0;0.0;0.0;0.0;0.0;0.0;0.0;0.0;0.0;0.0;0.0;0.0;0.0;0.0;888.0
Aiuaba;AIUABA;-6.567;-40.116694444444;2009;10;0.0;0.0;0.0;0.0;0.0;0.0;0.0;0.0;0.0;0.0;0.0;0.0;0.0;0.0;0.0;0.0;0.0;0.0;0.0;0.0;0.0;0.0;0.0;0.0;0.0;0.0;0.0;0.0;0.0;0.0;0.0;0.0
Aiuaba;AIUABA;-6.567;-40.116694444444;2009;11;0.0;0.0;0.0;0.0;0.0;0.0;0.0;0.0;0.0;0.0;0.0;0.0;0.0;0.0;0.0;0.0;0.0;0.0;0.0;0.0;0.0;0.0;0.0;0.0;0.0;0.0;0.0;0.0;0.0;0.0;0.0;888.0
Aiuaba;AIUABA;-6.567;-40.116694444444;2009;12;2.1;0.0;0.0;0.0;0.0;0.0;0.0;0.0;0.0;0.0;0.0;0.0;0.0;0.0;0.0;0.0;0.0;0.0;0.0;0.0;0.0;0.0;0.0;0.0;0.0;0.0;0.0;0.0;0.0;0.0;0.0;2.1
Aiuaba;AIUABA;-6.567;-40.116694444444;2010;1;70.6;0.0;7.4;0.0;0.0;0.0;0.0;0.0;0.0;6.0;0.0;50.6;0.0;0.0;0.0;0.0;0.0;0.0;0.0;0.0;0.0;0.0;0.0;0.0;0.0;0.0;0.0;0.0;0.0;6.6;0.0;0.0
Aiuaba;AIUABA;-6.567;-40.116694444444;2010;2;17.1;0.0;0.0;0.0;0.0;0.0;0.0;0.0;0.0;0.0;0.0;5.1;6.0;0.0;6.0;0.0;0.0;0.0;0.0;0.0;0.0;0.0;0.0;0.0;0.0;0.0;0.0;0.0;0.0;888.0;888.0;888.0
Aiuaba;AIUABA;-6.567;-40.116694444444;2010;3;101.6;0.0;0.0;0.0;0.0;0.0;0.0;0.0;0.0;0.0;0.0;0.0;0.0;0.0;0.0;0.0;3.6;0.0;0.0;0.0;0.0;52.0;5.6;0.0;0.0;0.0;0.0;0.0;13.0;27.4;0.0;0.0
Aiuaba;AIUABA;-6.567;-40.116694444444;2010;4;138.6;3.0;6.0;9.4;0.0;0.0;0.0;3.2;0.0;3.6;0.0;36.6;0.0;3.0;0.0;0.0;57.4;0.0;2.8;13.6;0.0;0.0;0.0;0.0;0.0;0.0;0.0;0.0;0.0;0.0;0.0;888.0
Aiuaba;AIUABA;-6.567;-40.116694444444;2010;5;60.0;0.0;0.0;0.0;0.0;23.0;0.0;0.0;0.0;0.0;0.0;0.0;0.0;0.0;37.0;0.0;0.0;0.0;0.0;0.0;0.0;0.0;0.0;0.0;0.0;0.0;0.0;0.0;0.0;0.0;0.0;0.0
Aiuaba;AIUABA;-6.567;-40.116694444444;2010;6;24.6;0.0;20.0;0.0;0.0;0.0;0.0;0.0;0.0;0.0;0.0;0.0;0.0;0.0;0.0;0.0;0.0;0.0;0.0;0.0;0.0;0.0;0.0;0.0;0.0;0.0;0.0;0.0;4.6;0.0;0.0;888.0
Aiuaba;AIUABA;-6.567;-40.116694444444;2010;7;0.0;0.0;0.0;0.0;0.0;0.0;0.0;0.0;0.0;0.0;0.0;0.0;0.0;0.0;0.0;0.0;0.0;0.0;0.0;0.0;0.0;0.0;0.0;0.0;0.0;0.0;0.0;0.0;0.0;0.0;0.0;0.0
Aiuaba;AIUABA;-6.567;-40.116694444444;2010;8;0.0;0.0;0.0;0.0;0.0;0.0;0.0;0.0;0.0;0.0;0.0;0.0;0.0;0.0;0.0;0.0;0.0;0.0;0.0;0.0;0.0;0.0;0.0;0.0;0.0;0.0;0.0;0.0;0.0;0.0;0.0;0.0
Aiuaba;AIUABA;-6.567;-40.116694444444;2010;9;0.0;0.0;0.0;0.0;0.0;0.0;0.0;0.0;0.0;0.0;0.0;0.0;0.0;0.0;0.0;0.0;0.0;0.0;0.0;0.0;0.0;0.0;0.0;0.0;0.0;0.0;0.0;0.0;0.0;0.0;0.0;888.0
Aiuaba;AIUABA;-6.567;-40.116694444444;2010;10;93.4;0.0;0.0;0.0;0.0;0.0;0.0;0.0;0.0;0.0;0.0;0.0;0.0;0.0;0.0;0.0;0.0;0.0;0.0;0.0;0.0;0.0;0.0;77.4;0.0;0.0;0.0;16.0;0.0;0.0;0.0;0.0
Aiuaba;AIUABA;-6.567;-40.116694444444;2010;11;0.0;0.0;0.0;0.0;0.0;0.0;0.0;0.0;0.0;0.0;0.0;0.0;0.0;0.0;0.0;0.0;0.0;0.0;0.0;0.0;0.0;0.0;0.0;0.0;0.0;0.0;0.0;0.0;0.0;0.0;0.0;888.0
Aiuaba;AIUABA;-6.567;-40.116694444444;2010;12;103.4;0.0;0.0;0.0;0.0;0.0;0.0;0.0;0.0;34.0;0.0;16.2;0.0;2.0;0.0;0.0;0.0;0.0;51.2;0.0;0.0;0.0;0.0;0.0;0.0;0.0;0.0;0.0;0.0;0.0;0.0;0.0
Aiuaba;AIUABA;-6.567;-40.116694444444;2011;1;95.4;0.0;0.0;0.0;0.0;0.0;0.0;0.0;0.0;0.0;8.6;3.0;0.0;5.0;0.0;0.0;0.0;0.0;0.0;0.0;0.0;0.0;2.2;0.0;5.0;0.0;33.2;0.0;23.0;0.0;0.0;15.4
Aiuaba;AIUABA;-6.567;-40.116694444444;2011;2;88.2;5.4;0.0;0.0;0.0;0.0;0.0;0.0;0.0;4.2;0.0;0.0;5.8;0.0;4.8;0.0;0.0;10.0;0.0;0.0;0.0;8.0;0.0;0.0;0.0;0.0;11.8;38.2;0.0;888.0;888.0;888.0
Aiuaba;AIUABA;-6.567;-40.116694444444;2011;3;125.0;0.0;0.0;0.0;0.0;18.2;0.0;0.0;14.0;5.0;0.0;0.0;0.0;0.0;50.0;0.0;0.0;0.0;0.0;0.0;0.0;0.0;23.0;8.0;0.0;0.0;0.0;2.8;0.0;4.0;0.0;0.0
Aiuaba;AIUABA;-6.567;-40.116694444444;2011;4;106.6;0.0;0.0;0.0;0.0;0.0;8.4;0.0;0.0;0.0;0.0;6.8;0.0;21.8;0.0;0.0;0.0;9.0;0.0;22.2;13.4;0.0;0.0;18.4;0.0;6.6;0.0;0.0;0.0;0.0;0.0;888.0
Aiuaba;AIUABA;-6.567;-40.116694444444;2011;5;164.0;0.0;19.0;8.0;19.0;88.0;3.6;0.0;0.0;0.0;0.0;0.0;0.0;0.0;0.0;0.0;0.0;0.0;0.0;0.0;0.0;0.0;0.0;0.0;26.4;0.0;0.0;0.0;0.0;0.0;0.0;0.0
Aiuaba;AIUABA;-6.567;-40.116694444444;2011;6;0.0;0.0;0.0;0.0;0.0;0.0;0.0;0.0;0.0;0.0;0.0;0.0;0.0;0.0;0.0;0.0;0.0;0.0;0.0;0.0;0.0;0.0;0.0;0.0;0.0;0.0;0.0;0.0;0.0;0.0;0.0;888.0
Aiuaba;AIUABA;-6.567;-40.116694444444;2011;7;35.4;0.0;0.0;0.0;0.0;0.0;0.0;0.0;0.0;32.4;0.0;0.0;0.0;3.0;0.0;0.0;0.0;0.0;0.0;0.0;0.0;0.0;0.0;0.0;0.0;0.0;0.0;0.0;0.0;0.0;0.0;0.0
Aiuaba;AIUABA;-6.567;-40.116694444444;2011;8;0.0;0.0;0.0;0.0;0.0;0.0;0.0;0.0;0.0;0.0;0.0;0.0;0.0;0.0;0.0;0.0;0.0;0.0;0.0;0.0;0.0;0.0;0.0;0.0;0.0;0.0;0.0;0.0;0.0;0.0;0.0;0.0
Aiuaba;AIUABA;-6.567;-40.116694444444;2011;9;0.0;0.0;0.0;0.0;0.0;0.0;0.0;0.0;0.0;0.0;0.0;0.0;0.0;0.0;0.0;0.0;0.0;0.0;0.0;0.0;0.0;0.0;0.0;0.0;0.0;0.0;0.0;0.0;0.0;0.0;0.0;888.0
Aiuaba;AIUABA;-6.567;-40.116694444444;2011;10;47.2;0.0;0.0;0.0;0.0;0.0;0.0;0.0;0.0;0.0;0.0;0.0;0.0;0.0;0.0;0.0;0.0;0.0;0.0;22.0;0.0;25.2;0.0;0.0;0.0;0.0;0.0;0.0;0.0;0.0;0.0;0.0
Aiuaba;AIUABA;-6.567;-40.116694444444;2011;11;60.0;0.0;0.0;0.0;37.0;0.0;0.0;0.0;0.0;0.0;0.0;0.0;23.0;0.0;0.0;0.0;0.0;0.0;0.0;0.0;0.0;0.0;0.0;0.0;0.0;0.0;0.0;0.0;0.0;0.0;0.0;888.0
Aiuaba;AIUABA;-6.567;-40.116694444444;2011;12;0.0;0.0;0.0;0.0;0.0;0.0;0.0;0.0;0.0;0.0;0.0;0.0;0.0;0.0;0.0;0.0;0.0;0.0;0.0;0.0;0.0;0.0;0.0;0.0;0.0;0.0;0.0;0.0;0.0;0.0;0.0;0.0
Aiuaba;AIUABA;-6.567;-40.116694444444;2012;1;114.6;0.0;0.0;0.0;0.0;0.0;0.0;0.0;0.0;0.0;0.0;0.0;0.0;15.0;0.0;0.0;0.0;0.0;0.0;19.2;0.0;0.0;0.0;74.0;6.4;0.0;0.0;0.0;0.0;0.0;0.0;0.0
Aiuaba;AIUABA;-6.567;-40.116694444444;2012;2;107.2;0.0;0.0;0.0;0.0;0.0;0.0;0.0;0.0;0.0;0.0;5.0;0.0;0.0;0.0;0.0;6.2;0.0;25.0;15.0;0.0;0.0;10.0;39.0;0.0;0.0;0.0;3.0;4.0;0.0;888.0;888.0
Aiuaba;AIUABA;-6.567;-40.116694444444;2012;3;141.8;0.0;0.0;0.0;0.0;0.0;0.0;0.0;11.0;0.0;13.0;5.2;0.0;13.6;12.6;0.0;0.0;0.0;0.0;0.0;3.4;26.0;0.0;0.0;0.0;13.4;25.0;0.0;3.6;0.0;15.0;0.0
Aiuaba;AIUABA;-6.567;-40.116694444444;2012;4;36.4;0.0;0.0;0.0;0.0;0.0;0.0;0.0;0.0;0.0;0.0;24.0;0.0;0.0;0.0;0.0;0.0;0.0;0.0;10.6;0.0;0.0;1.8;0.0;0.0;0.0;0.0;0.0;0.0;0.0;0.0;888.0
Aiuaba;AIUABA;-6.567;-40.116694444444;2012;5;2.6;0.0;0.0;0.0;0.0;0.0;0.0;0.0;0.0;0.0;0.0;0.0;0.0;0.0;0.0;0.0;0.0;0.0;0.0;0.0;2.6;0.0;0.0;0.0;0.0;0.0;0.0;0.0;0.0;0.0;0.0;0.0
Aiuaba;AIUABA;-6.567;-40.116694444444;2012;6;0.0;0.0;0.0;0.0;0.0;0.0;0.0;0.0;0.0;0.0;0.0;0.0;0.0;0.0;0.0;0.0;0.0;0.0;0.0;0.0;0.0;0.0;0.0;0.0;0.0;0.0;0.0;0.0;0.0;0.0;0.0;888.0
Aiuaba;AIUABA;-6.567;-40.116694444444;2012;7;0.0;0.0;0.0;0.0;0.0;0.0;0.0;0.0;0.0;0.0;0.0;0.0;0.0;0.0;0.0;0.0;0.0;0.0;0.0;0.0;0.0;0.0;0.0;0.0;0.0;0.0;0.0;0.0;0.0;0.0;0.0;0.0
Aiuaba;AIUABA;-6.567;-40.116694444444;2012;8;0.0;0.0;0.0;0.0;0.0;0.0;0.0;0.0;0.0;0.0;0.0;0.0;0.0;0.0;0.0;0.0;0.0;0.0;0.0;0.0;0.0;0.0;0.0;0.0;0.0;0.0;0.0;0.0;0.0;0.0;0.0;0.0
Aiuaba;AIUABA;-6.567;-40.116694444444;2012;9;0.0;0.0;0.0;0.0;0.0;0.0;0.0;0.0;0.0;0.0;0.0;0.0;0.0;0.0;0.0;0.0;0.0;999.0;0.0;0.0;0.0;0.0;0.0;0.0;0.0;0.0;0.0;0.0;0.0;0.0;0.0;888.0
Aiuaba;AIUABA;-6.567;-40.116694444444;2012;10;0.0;0.0;0.0;0.0;0.0;0.0;0.0;0.0;0.0;0.0;0.0;0.0;0.0;0.0;0.0;0.0;0.0;0.0;0.0;0.0;0.0;0.0;0.0;0.0;0.0;0.0;0.0;0.0;0.0;0.0;0.0;0.0
Aiuaba;AIUABA;-6.567;-40.116694444444;2012;11;0.0;0.0;0.0;0.0;0.0;0.0;0.0;0.0;0.0;0.0;0.0;0.0;0.0;0.0;0.0;0.0;0.0;0.0;0.0;0.0;0.0;0.0;0.0;0.0;0.0;0.0;0.0;0.0;0.0;0.0;0.0;888.0
Aiuaba;AIUABA;-6.567;-40.116694444444;2012;12;11.0;0.0;0.0;0.0;0.0;0.0;0.0;0.0;0.0;0.0;0.0;0.0;0.0;0.0;0.0;0.0;0.0;0.0;0.0;0.0;0.0;0.0;0.0;0.0;0.0;0.0;0.0;0.0;0.0;0.0;11.0;0.0
Aiuaba;AIUABA;-6.567;-40.116694444444;2013;1;33.4;0.0;0.0;0.0;0.0;4.0;0.0;0.0;0.0;8.4;0.0;0.0;0.0;0.0;2.2;4.6;0.0;0.0;0.0;0.0;0.0;0.0;14.2;0.0;0.0;0.0;0.0;0.0;0.0;0.0;0.0;0.0
Aiuaba;AIUABA;-6.567;-40.116694444444;2013;2;26.4;0.0;0.0;0.0;0.0;8.0;0.0;0.0;0.0;0.0;0.0;0.0;0.0;0.0;0.0;1.8;5.2;10.2;0.0;0.0;0.0;1.2;0.0;0.0;0.0;0.0;0.0;0.0;0.0;888.0;888.0;888.0
Aiuaba;AIUABA;-6.567;-40.116694444444;2013;3;31.6;0.0;0.0;0.0;0.0;0.0;0.0;0.0;0.0;0.0;0.0;1.2;0.0;0.0;0.0;0.0;13.0;0.0;0.0;0.0;0.0;0.0;0.0;0.0;6.0;0.0;1.4;0.0;0.0;0.0;10.0;0.0
Aiuaba;AIUABA;-6.567;-40.116694444444;2013;4;62.6;0.0;0.0;1.6;7.2;6.0;0.0;0.0;0.0;0.0;0.0;0.0;0.0;0.0;0.0;0.0;0.0;7.4;0.0;14.4;0.0;0.0;0.0;0.0;0.0;9.0;17.0;0.0;0.0;0.0;0.0;888.0
Aiuaba;AIUABA;-6.567;-40.116694444444;2013;5;42.8;0.0;4.0;0.0;0.0;0.0;0.0;0.0;0.0;9.6;0.0;0.0;0.0;0.0;0.0;4.2;0.0;0.0;0.0;0.0;0.0;0.0;0.0;0.0;0.0;5.0;20.0;0.0;0.0;0.0;0.0;0.0
Aiuaba;AIUABA;-6.567;-40.116694444444;2013;6;45.6;0.0;0.0;0.0;0.0;5.0;0.0;0.0;0.0;0.0;0.0;0.0;0.0;0.0;0.0;0.0;0.0;0.0;0.0;0.0;0.0;0.0;7.4;33.2;0.0;0.0;0.0;0.0;0.0;0.0;0.0;888.0
Aiuaba;AIUABA;-6.567;-40.116694444444;2013;7;13.8;0.0;0.0;1.2;0.0;0.0;0.0;0.0;0.0;0.0;0.0;0.0;0.0;6.0;0.0;0.0;0.0;0.0;0.0;0.0;0.0;0.0;0.0;0.0;0.0;2.4;0.0;0.0;0.0;0.0;4.2;0.0
Aiuaba;AIUABA;-6.567;-40.116694444444;2013;8;11.0;0.0;0.0;0.0;11.0;0.0;0.0;0.0;0.0;0.0;0.0;0.0;0.0;0.0;0.0;0.0;0.0;0.0;0.0;0.0;0.0;0.0;0.0;0.0;0.0;0.0;0.0;0.0;0.0;0.0;0.0;0.0
Aiuaba;AIUABA;-6.567;-40.116694444444;2013;9;0.0;0.0;0.0;0.0;0.0;0.0;0.0;0.0;0.0;0.0;0.0;0.0;0.0;0.0;0.0;0.0;0.0;0.0;0.0;0.0;0.0;0.0;0.0;0.0;0.0;0.0;0.0;0.0;0.0;0.0;0.0;888.0
Aiuaba;AIUABA;-6.567;-40.116694444444;2013;10;0.0;0.0;0.0;0.0;0.0;0.0;0.0;0.0;0.0;0.0;0.0;0.0;0.0;0.0;0.0;0.0;0.0;0.0;0.0;0.0;0.0;0.0;0.0;0.0;0.0;0.0;0.0;0.0;0.0;0.0;999.0;999.0
Aiuaba;AIUABA;-6.567;-40.116694444444;2013;11;6.0;0.0;0.0;0.0;6.0;0.0;0.0;0.0;0.0;0.0;0.0;0.0;0.0;0.0;0.0;0.0;0.0;0.0;0.0;0.0;0.0;0.0;0.0;0.0;0.0;0.0;0.0;0.0;0.0;0.0;0.0;888.0
Aiuaba;AIUABA;-6.567;-40.116694444444;2013;12;32.8;0.0;0.0;0.0;0.0;0.0;0.0;0.0;0.0;0.0;0.0;0.0;0.0;0.0;0.0;0.0;0.0;0.0;0.0;12.6;4.2;3.0;0.0;13.0;0.0;0.0;0.0;0.0;0.0;0.0;0.0;0.0
Aiuaba;AIUABA;-6.567;-40.116694444444;2014;1;46.4;0.0;0.0;0.0;0.0;0.0;0.0;0.0;0.0;0.0;0.0;0.0;0.0;4.4;13.0;0.0;0.0;0.0;0.0;0.0;12.6;11.0;0.0;0.0;0.0;0.0;0.0;4.0;0.0;0.0;1.4;0.0
Aiuaba;AIUABA;-6.567;-40.116694444444;2014;2;218.0;0.0;0.0;0.0;46.0;8.0;14.0;0.0;0.0;12.4;0.0;78.0;52.4;3.2;0.0;0.0;0.0;0.0;0.0;0.0;4.0;0.0;0.0;0.0;0.0;0.0;0.0;0.0;0.0;888.0;888.0;888.0
Aiuaba;AIUABA;-6.567;-40.116694444444;2014;3;31.2;0.0;0.0;0.0;0.0;0.0;3.0;0.0;0.0;0.0;0.0;0.0;0.0;0.0;0.0;0.0;16.0;0.0;0.0;0.0;0.0;2.0;0.0;0.0;0.0;0.0;0.0;0.0;0.0;0.0;3.2;7.0
Aiuaba;AIUABA;-6.567;-40.116694444444;2014;4;53.0;0.0;0.0;14.0;1.0;5.0;0.0;0.0;0.0;0.0;0.0;0.0;15.0;0.0;0.0;0.0;0.0;0.0;0.0;0.0;0.0;0.0;0.0;0.0;18.0;0.0;0.0;0.0;0.0;0.0;0.0;888.0
Aiuaba;AIUABA;-6.567;-40.116694444444;2014;5;45.2;0.0;12.0;0.0;1.2;0.0;0.0;0.0;0.0;0.0;0.0;0.0;0.0;0.0;0.0;0.0;0.0;5.4;0.0;0.0;0.0;0.0;10.0;0.0;0.0;0.0;0.0;0.0;0.0;14.2;2.4;0.0
Aiuaba;AIUABA;-6.567;-40.116694444444;2014;6;0.0;0.0;0.0;0.0;0.0;0.0;0.0;0.0;0.0;0.0;0.0;0.0;0.0;0.0;0.0;0.0;0.0;0.0;0.0;0.0;0.0;0.0;0.0;0.0;0.0;0.0;0.0;0.0;0.0;0.0;0.0;888.0
Aiuaba;AIUABA;-6.567;-40.116694444444;2014;7;0.0;0.0;0.0;0.0;0.0;0.0;0.0;0.0;0.0;0.0;0.0;0.0;0.0;0.0;0.0;0.0;0.0;0.0;0.0;0.0;0.0;0.0;0.0;0.0;0.0;0.0;0.0;0.0;0.0;0.0;0.0;0.0
Aiuaba;AIUABA;-6.567;-40.116694444444;2014;8;0.0;0.0;0.0;0.0;0.0;0.0;0.0;0.0;0.0;0.0;0.0;0.0;0.0;0.0;0.0;0.0;0.0;0.0;0.0;0.0;0.0;0.0;0.0;0.0;0.0;0.0;0.0;0.0;0.0;0.0;0.0;0.0
Aiuaba;AIUABA;-6.567;-40.116694444444;2014;9;10.0;0.0;0.0;0.0;0.0;0.0;0.0;0.0;0.0;0.0;0.0;0.0;0.0;0.0;0.0;0.0;0.0;0.0;0.0;10.0;0.0;0.0;0.0;0.0;0.0;0.0;0.0;0.0;0.0;0.0;0.0;888.0
Aiuaba;AIUABA;-6.567;-40.116694444444;2014;10;7.8;0.0;0.0;7.8;0.0;0.0;0.0;0.0;0.0;0.0;0.0;0.0;0.0;0.0;0.0;0.0;0.0;0.0;0.0;0.0;0.0;0.0;0.0;0.0;0.0;0.0;0.0;0.0;0.0;0.0;0.0;0.0
Aiuaba;AIUABA;-6.567;-40.116694444444;2014;11;13.8;0.0;0.0;0.0;3.0;0.0;0.0;0.0;0.0;0.0;0.0;0.0;0.0;0.0;0.0;0.0;0.0;0.0;1.8;0.0;3.0;6.0;0.0;0.0;0.0;0.0;0.0;0.0;0.0;0.0;0.0;888.0
Aiuaba;AIUABA;-6.567;-40.116694444444;2014;12;0.0;0.0;0.0;0.0;0.0;0.0;0.0;0.0;0.0;0.0;0.0;0.0;0.0;0.0;0.0;0.0;0.0;0.0;0.0;0.0;0.0;0.0;0.0;0.0;0.0;0.0;0.0;0.0;0.0;0.0;0.0;0.0
Aiuaba;AIUABA;-6.567;-40.116694444444;2015;1;18.0;0.0;14.0;0.0;0.0;4.0;0.0;0.0;0.0;0.0;0.0;0.0;0.0;0.0;0.0;0.0;0.0;0.0;0.0;0.0;0.0;0.0;0.0;0.0;0.0;0.0;0.0;0.0;0.0;0.0;0.0;0.0
Aiuaba;AIUABA;-6.567;-40.116694444444;2015;2;56.8;0.0;0.0;0.0;0.0;26.0;0.0;0.0;0.0;0.0;0.0;0.0;8.2;0.0;0.0;0.0;0.0;0.0;0.0;0.0;5.6;0.0;0.0;3.0;0.0;0.0;0.0;0.0;14.0;888.0;888.0;888.0
Aiuaba;AIUABA;-6.567;-40.116694444444;2015;3;240.4;13.0;8.0;4.0;0.0;0.0;14.4;0.0;0.0;11.4;8.2;0.0;0.0;0.0;0.0;0.0;0.0;0.0;0.0;0.0;0.0;3.0;0.0;106.4;15.0;0.0;0.0;3.0;54.0;0.0;0.0;0.0
Aiuaba;AIUABA;-6.567;-40.116694444444;2015;4;33.8;0.0;0.0;0.0;0.0;0.0;0.0;0.0;0.0;0.0;5.0;0.0;0.0;4.8;0.0;8.0;0.0;0.0;0.0;0.0;0.0;0.0;0.0;16.0;0.0;0.0;0.0;0.0;0.0;0.0;0.0;888.0
Aiuaba;AIUABA;-6.567;-40.116694444444;2015;5;23.8;0.0;0.0;0.0;1.2;0.0;0.0;1.6;0.0;0.0;9.2;2.8;0.0;0.0;0.0;0.0;0.0;0.0;0.0;0.0;0.0;2.2;0.0;0.0;0.0;0.0;0.0;6.8;0.0;0.0;0.0;0.0
Aiuaba;AIUABA;-6.567;-40.116694444444;2015;6;0.0;0.0;0.0;0.0;0.0;0.0;0.0;0.0;0.0;0.0;0.0;0.0;0.0;0.0;0.0;0.0;0.0;0.0;0.0;0.0;0.0;0.0;0.0;0.0;0.0;0.0;0.0;0.0;0.0;0.0;0.0;888.0
Aiuaba;AIUABA;-6.567;-40.116694444444;2015;7;37.0;0.0;0.0;0.0;0.0;37.0;0.0;0.0;0.0;0.0;0.0;0.0;0.0;0.0;0.0;0.0;0.0;0.0;0.0;0.0;0.0;0.0;0.0;0.0;0.0;0.0;0.0;0.0;0.0;0.0;0.0;0.0
Aiuaba;AIUABA;-6.567;-40.116694444444;2015;8;0.0;0.0;0.0;0.0;0.0;0.0;0.0;0.0;0.0;0.0;0.0;0.0;0.0;0.0;0.0;0.0;0.0;0.0;0.0;0.0;0.0;0.0;0.0;0.0;0.0;0.0;0.0;0.0;0.0;0.0;0.0;0.0
Aiuaba;AIUABA;-6.567;-40.116694444444;2015;9;0.0;0.0;0.0;0.0;0.0;0.0;0.0;0.0;0.0;0.0;0.0;0.0;0.0;0.0;0.0;0.0;0.0;0.0;0.0;0.0;0.0;0.0;0.0;0.0;0.0;0.0;0.0;0.0;0.0;0.0;0.0;888.0
Aiuaba;AIUABA;-6.567;-40.116694444444;2015;10;0.0;0.0;0.0;0.0;0.0;0.0;0.0;0.0;0.0;0.0;0.0;0.0;0.0;0.0;0.0;0.0;0.0;0.0;0.0;0.0;0.0;0.0;0.0;0.0;0.0;0.0;0.0;0.0;0.0;0.0;0.0;0.0
Aiuaba;AIUABA;-6.567;-40.116694444444;2015;11;0.0;0.0;0.0;0.0;0.0;0.0;0.0;0.0;0.0;0.0;0.0;0.0;0.0;0.0;0.0;0.0;0.0;0.0;0.0;0.0;0.0;0.0;0.0;0.0;0.0;0.0;0.0;0.0;0.0;0.0;0.0;888.0
Aiuaba;AIUABA;-6.567;-40.116694444444;2015;12;3.0;0.0;0.0;0.0;0.0;0.0;0.0;0.0;0.0;0.0;0.0;0.0;0.0;0.0;0.0;0.0;0.0;0.0;0.0;3.0;0.0;0.0;0.0;0.0;0.0;0.0;0.0;0.0;0.0;0.0;0.0;0.0
Aiuaba;AIUABA;-6.567;-40.116694444444;2016;1;278.2;5.0;0.0;0.0;0.0;0.0;0.0;14.0;0.0;0.0;12.0;0.0;0.0;0.0;52.0;26.0;0.0;0.0;0.0;3.2;0.0;42.0;46.0;12.0;2.0;64.0;0.0;0.0;0.0;0.0;0.0;0.0
Aiuaba;AIUABA;-6.567;-40.116694444444;2016;2;0.0;0.0;0.0;0.0;0.0;0.0;0.0;0.0;0.0;0.0;0.0;0.0;0.0;0.0;0.0;0.0;0.0;0.0;0.0;0.0;0.0;0.0;0.0;0.0;0.0;0.0;0.0;0.0;0.0;0.0;888.0;888.0
Aiuaba;AIUABA;-6.567;-40.116694444444;2016;3;52.6;0.0;0.0;0.0;0.0;0.0;0.0;0.0;6.0;12.4;0.0;0.0;0.0;3.0;2.0;0.0;0.0;12.2;12.0;0.0;0.0;0.0;0.0;0.0;0.0;0.0;0.0;2.0;0.0;0.0;3.0;0.0
Aiuaba;AIUABA;-6.567;-40.116694444444;2016;4;17.2;0.0;0.0;0.0;0.0;13.0;0.0;0.0;0.0;0.0;0.0;0.0;0.0;0.0;0.0;3.0;0.0;0.0;0.0;1.2;0.0;0.0;0.0;0.0;0.0;0.0;0.0;0.0;0.0;0.0;0.0;888.0
Aiuaba;AIUABA;-6.567;-40.116694444444;2016;5;50.4;0.0;4.0;5.2;0.0;0.0;0.0;0.0;0.0;0.0;0.0;3.0;0.0;0.0;0.0;0.0;1.2;0.0;0.0;0.0;0.0;0.0;0.0;0.0;0.0;26.0;3.0;0.0;0.0;0.0;0.0;8.0
Aiuaba;AIUABA;-6.567;-40.116694444444;2016;6;0.0;0.0;0.0;0.0;0.0;0.0;0.0;0.0;0.0;0.0;0.0;0.0;0.0;0.0;0.0;0.0;0.0;0.0;0.0;0.0;0.0;0.0;0.0;0.0;0.0;0.0;999.0;0.0;0.0;0.0;0.0;888.0
Aiuaba;AIUABA;-6.567;-40.116694444444;2016;7;0.0;0.0;0.0;0.0;0.0;0.0;0.0;0.0;0.0;0.0;0.0;0.0;0.0;0.0;0.0;0.0;0.0;0.0;0.0;0.0;0.0;0.0;0.0;0.0;0.0;0.0;0.0;0.0;0.0;0.0;0.0;0.0
Aiuaba;AIUABA;-6.567;-40.116694444444;2016;8;0.0;0.0;0.0;0.0;0.0;0.0;0.0;0.0;0.0;0.0;0.0;0.0;0.0;0.0;0.0;0.0;0.0;0.0;0.0;0.0;0.0;0.0;0.0;0.0;0.0;0.0;0.0;0.0;0.0;0.0;0.0;0.0
Aiuaba;AIUABA;-6.567;-40.116694444444;2016;9;0.0;0.0;0.0;0.0;0.0;0.0;0.0;0.0;0.0;0.0;0.0;0.0;0.0;0.0;0.0;0.0;0.0;0.0;0.0;0.0;0.0;0.0;0.0;0.0;0.0;0.0;0.0;0.0;0.0;0.0;0.0;888.0
Aiuaba;AIUABA;-6.567;-40.116694444444;2016;10;0.0;0.0;0.0;0.0;0.0;0.0;0.0;0.0;0.0;0.0;0.0;0.0;0.0;0.0;0.0;0.0;0.0;0.0;0.0;0.0;0.0;0.0;0.0;0.0;0.0;0.0;0.0;0.0;0.0;0.0;0.0;0.0
Aiuaba;AIUABA;-6.567;-40.116694444444;2016;11;0.0;0.0;0.0;0.0;0.0;0.0;0.0;0.0;0.0;0.0;0.0;0.0;0.0;0.0;0.0;0.0;0.0;0.0;0.0;0.0;0.0;0.0;0.0;0.0;0.0;0.0;0.0;0.0;0.0;0.0;0.0;888.0
Aiuaba;AIUABA;-6.567;-40.116694444444;2016;12;18.0;0.0;0.0;0.0;0.0;0.0;0.0;0.0;0.0;0.0;0.0;0.0;0.0;0.0;12.0;0.0;0.0;0.0;0.0;6.0;0.0;0.0;0.0;0.0;0.0;0.0;0.0;0.0;0.0;0.0;0.0;0.0
Aiuaba;AIUABA;-6.567;-40.116694444444;2017;1;88.0;0.0;0.0;0.0;0.0;0.0;0.0;0.0;0.0;0.0;1.4;0.0;0.0;0.0;2.0;0.0;0.0;28.0;1.4;2.2;0.0;0.0;0.0;0.0;53.0;0.0;0.0;0.0;0.0;0.0;0.0;0.0
Aiuaba;AIUABA;-6.567;-40.116694444444;2017;2;120.2;15.0;0.0;0.0;0.0;0.0;0.0;0.0;0.0;0.0;0.0;17.0;13.0;0.0;0.0;0.0;0.0;0.0;9.0;0.0;40.0;0.0;11.0;0.0;0.0;6.0;0.0;9.2;0.0;888.0;888.0;888.0
Aiuaba;AIUABA;-6.567;-40.116694444444;2017;3;120.0;0.0;0.0;0.0;0.0;27.0;0.0;6.0;0.0;9.6;12.0;0.0;0.0;0.0;0.0;0.0;6.2;13.0;0.0;0.0;8.0;0.0;0.0;2.6;0.0;33.0;0.0;0.0;0.0;0.0;0.0;2.6
Aiuaba;AIUABA;-6.567;-40.116694444444;2017;4;35.2;0.0;0.0;0.0;15.0;0.0;8.0;0.0;0.0;0.0;1.2;0.0;0.0;11.0;0.0;0.0;0.0;0.0;0.0;0.0;0.0;0.0;0.0;0.0;0.0;0.0;0.0;0.0;0.0;0.0;0.0;888.0
Aiuaba;AIUABA;-6.567;-40.116694444444;2017;5;43.4;0.0;0.0;0.0;0.0;0.0;0.0;0.0;0.0;0.0;0.0;0.0;0.0;0.0;0.0;0.0;0.0;0.0;0.0;40.4;3.0;0.0;0.0;0.0;0.0;0.0;0.0;0.0;0.0;0.0;0.0;0.0
Aiuaba;AIUABA;-6.567;-40.116694444444;2017;6;78.2;75.0;0.0;3.2;0.0;0.0;0.0;0.0;0.0;0.0;0.0;0.0;0.0;0.0;0.0;0.0;0.0;0.0;0.0;0.0;0.0;0.0;0.0;0.0;0.0;0.0;0.0;0.0;0.0;0.0;0.0;888.0
Aiuaba;AIUABA;-6.567;-40.116694444444;2017;7;0.0;0.0;0.0;0.0;0.0;0.0;0.0;0.0;0.0;0.0;0.0;0.0;0.0;0.0;0.0;0.0;0.0;0.0;0.0;0.0;0.0;0.0;0.0;0.0;0.0;0.0;0.0;0.0;0.0;0.0;0.0;0.0
Aiuaba;AIUABA;-6.567;-40.116694444444;2017;8;0.0;0.0;0.0;0.0;0.0;0.0;0.0;0.0;0.0;0.0;0.0;0.0;0.0;0.0;0.0;0.0;0.0;0.0;0.0;0.0;0.0;0.0;0.0;0.0;0.0;0.0;0.0;0.0;0.0;0.0;0.0;0.0
Aiuaba;AIUABA;-6.567;-40.116694444444;2017;9;0.0;0.0;0.0;0.0;0.0;0.0;0.0;0.0;0.0;0.0;0.0;0.0;0.0;0.0;0.0;0.0;0.0;0.0;0.0;0.0;0.0;0.0;0.0;0.0;0.0;0.0;0.0;0.0;0.0;0.0;0.0;888.0
Aiuaba;AIUABA;-6.567;-40.116694444444;2017;10;0.0;0.0;0.0;0.0;0.0;0.0;0.0;0.0;0.0;0.0;0.0;0.0;0.0;0.0;0.0;0.0;0.0;0.0;0.0;0.0;0.0;0.0;0.0;0.0;0.0;0.0;0.0;0.0;0.0;0.0;0.0;0.0
Aiuaba;AIUABA;-6.567;-40.116694444444;2017;11;0.0;0.0;0.0;0.0;0.0;0.0;0.0;0.0;0.0;0.0;0.0;0.0;0.0;0.0;0.0;0.0;0.0;0.0;0.0;0.0;0.0;0.0;0.0;0.0;0.0;0.0;0.0;0.0;0.0;0.0;0.0;888.0
Aiuaba;AIUABA;-6.567;-40.116694444444;2017;12;7.0;0.0;0.0;0.0;0.0;0.0;0.0;0.0;0.0;0.0;0.0;0.0;0.0;0.0;0.0;0.0;0.0;0.0;0.0;0.0;0.0;7.0;0.0;0.0;0.0;0.0;0.0;0.0;0.0;0.0;0.0;0.0
Aiuaba;AIUABA;-6.567;-40.116694444444;2018;1;38.4;0.0;0.0;0.0;0.0;0.0;0.0;5.0;0.0;0.0;0.0;0.0;0.0;0.0;0.0;12.0;0.0;0.0;1.4;0.0;20.0;0.0;0.0;0.0;0.0;0.0;0.0;0.0;0.0;0.0;0.0;0.0
Aiuaba;AIUABA;-6.567;-40.116694444444;2018;2;227.6;0.0;0.0;0.0;0.0;0.0;0.0;0.0;3.0;0.0;0.0;15.4;0.0;0.0;20.0;35.0;20.0;44.0;0.0;0.0;15.0;0.0;20.0;0.0;20.2;35.0;0.0;0.0;0.0;888.0;888.0;888.0
Aiuaba;AIUABA;-6.567;-40.116694444444;2018;3;117.0;26.0;0.0;0.0;0.0;0.0;0.0;0.0;0.0;0.0;3.6;0.0;0.0;0.0;0.0;0.0;0.0;0.0;0.0;0.0;0.0;0.0;0.0;35.0;0.0;3.4;25.0;0.0;0.0;0.0;24.0;0.0
Aiuaba;AIUABA;-6.567;-40.116694444444;2018;4;127.0;0.0;11.0;12.0;0.0;0.0;18.0;0.0;0.0;15.0;0.0;0.0;0.0;38.0;0.0;15.0;0.0;0.0;0.0;0.0;0.0;0.0;13.0;5.0;0.0;0.0;0.0;0.0;0.0;0.0;0.0;888.0
Aiuaba;AIUABA;-6.567;-40.116694444444;2018;5;7.6;7.6;0.0;0.0;0.0;0.0;0.0;0.0;0.0;0.0;0.0;0.0;0.0;0.0;0.0;0.0;0.0;0.0;0.0;0.0;0.0;0.0;0.0;0.0;0.0;0.0;0.0;0.0;0.0;0.0;0.0;0.0
Aiuaba;AIUABA;-6.567;-40.116694444444;2018;6;0.0;0.0;0.0;0.0;0.0;0.0;0.0;0.0;0.0;0.0;0.0;0.0;0.0;0.0;0.0;0.0;0.0;0.0;0.0;0.0;0.0;0.0;0.0;0.0;0.0;0.0;0.0;0.0;0.0;0.0;0.0;888.0
Aiuaba;AIUABA;-6.567;-40.116694444444;2018;7;0.0;0.0;0.0;0.0;0.0;0.0;0.0;0.0;0.0;0.0;0.0;0.0;0.0;0.0;0.0;0.0;0.0;0.0;0.0;0.0;0.0;0.0;0.0;0.0;0.0;0.0;0.0;0.0;0.0;0.0;0.0;0.0
Aiuaba;AIUABA;-6.567;-40.116694444444;2018;8;0.0;0.0;0.0;0.0;0.0;0.0;0.0;0.0;0.0;0.0;0.0;0.0;0.0;0.0;0.0;0.0;0.0;0.0;0.0;0.0;0.0;0.0;0.0;0.0;0.0;0.0;0.0;0.0;0.0;0.0;0.0;0.0
Aiuaba;AIUABA;-6.567;-40.116694444444;2018;9;0.0;0.0;0.0;0.0;0.0;0.0;0.0;0.0;0.0;0.0;0.0;0.0;0.0;0.0;0.0;0.0;0.0;0.0;0.0;0.0;0.0;0.0;0.0;0.0;0.0;0.0;0.0;0.0;0.0;0.0;0.0;888.0
Aiuaba;AIUABA;-6.567;-40.116694444444;2018;10;0.0;0.0;0.0;0.0;999.0;999.0;999.0;999.0;999.0;999.0;999.0;999.0;999.0;999.0;999.0;999.0;999.0;999.0;999.0;999.0;999.0;999.0;999.0;999.0;999.0;999.0;999.0;999.0;999.0;999.0;999.0;999.0
