Municipios;Postos;Latitude;Longitude;Anos;Meses;Total;Dia1;Dia2;Dia3;Dia4;Dia5;Dia6;Dia7;Dia8;Dia9;Dia10;Dia11;Dia12;Dia13;Dia14;Dia15;Dia16;Dia17;Dia18;Dia19;Dia20;Dia21;Dia22;Dia23;Dia24;Dia25;Dia26;Dia27;Dia28;Dia29;Dia30;Dia31
Chaval;CHAVAL;-3.0363333333333;-41.239888888889;1979;1;53.4;0.0;0.0;0.0;0.0;0.0;0.0;0.0;0.0;0.0;0.0;0.0;0.0;0.0;0.0;0.0;0.0;0.0;0.0;0.0;14.2;0.0;0.0;7.5;31.7;0.0;0.0;0.0;0.0;0.0;0.0;0.0
Chaval;CHAVAL;-3.0363333333333;-41.239888888889;1979;2;152.4;0.0;0.0;0.0;0.0;0.0;0.0;0.0;0.0;0.0;0.0;0.0;0.0;0.0;10.5;0.8;0.0;0.0;0.0;0.0;0.0;115.4;12.3;5.1;8.3;0.0;0.0;0.0;0.0;888.0;888.0;888.0
Chaval;CHAVAL;-3.0363333333333;-41.239888888889;1979;3;214.6;6.3;8.5;0.0;0.0;0.0;0.0;0.0;0.0;0.0;16.4;0.0;11.7;0.0;13.3;0.0;10.6;0.0;0.0;0.0;0.0;45.2;0.0;21.8;19.9;0.0;0.0;8.8;16.3;35.8;0.0;0.0
Chaval;CHAVAL;-3.0363333333333;-41.239888888889;1979;4;149.2;0.0;0.0;0.0;0.0;0.0;0.0;0.0;0.0;0.0;0.0;0.0;0.0;0.0;0.0;0.0;0.0;0.0;8.3;51.6;0.0;0.0;0.0;0.0;0.0;35.5;53.8;0.0;0.0;0.0;0.0;888.0
Chaval;CHAVAL;-3.0363333333333;-41.239888888889;1979;5;116.1;0.0;0.0;0.0;0.0;0.0;15.3;10.8;0.0;12.6;0.0;0.0;0.0;0.0;16.5;0.0;0.0;0.0;0.0;0.0;0.0;0.0;30.8;16.2;0.0;8.5;5.4;0.0;0.0;0.0;0.0;0.0
Chaval;CHAVAL;-3.0363333333333;-41.239888888889;1979;6;31.1;0.0;0.0;0.0;0.0;0.0;0.0;0.0;0.0;0.0;0.0;0.0;20.3;10.8;0.0;0.0;0.0;0.0;0.0;0.0;0.0;0.0;0.0;0.0;0.0;0.0;0.0;0.0;0.0;0.0;0.0;888.0
Chaval;CHAVAL;-3.0363333333333;-41.239888888889;1979;7;0.0;0.0;0.0;0.0;0.0;0.0;0.0;0.0;0.0;0.0;0.0;0.0;0.0;0.0;0.0;0.0;0.0;0.0;0.0;0.0;0.0;0.0;0.0;0.0;0.0;0.0;0.0;0.0;0.0;0.0;0.0;0.0
Chaval;CHAVAL;-3.0363333333333;-41.239888888889;1979;8;0.0;0.0;0.0;0.0;0.0;0.0;0.0;0.0;0.0;0.0;0.0;0.0;0.0;0.0;0.0;0.0;0.0;0.0;0.0;0.0;0.0;0.0;0.0;0.0;0.0;0.0;0.0;0.0;0.0;0.0;0.0;0.0
Chaval;CHAVAL;-3.0363333333333;-41.239888888889;1979;9;0.0;0.0;0.0;0.0;0.0;0.0;0.0;0.0;0.0;0.0;0.0;0.0;0.0;0.0;0.0;0.0;0.0;0.0;0.0;0.0;0.0;0.0;0.0;0.0;0.0;0.0;0.0;0.0;0.0;0.0;0.0;888.0
Chaval;CHAVAL;-3.0363333333333;-41.239888888889;1979;10;0.0;0.0;0.0;0.0;0.0;0.0;0.0;0.0;0.0;0.0;0.0;0.0;0.0;0.0;0.0;0.0;0.0;0.0;0.0;0.0;0.0;0.0;0.0;0.0;0.0;0.0;0.0;0.0;0.0;0.0;0.0;0.0
Chaval;CHAVAL;-3.0363333333333;-41.239888888889;1979;11;0.0;0.0;0.0;0.0;0.0;0.0;0.0;0.0;0.0;0.0;0.0;0.0;0.0;0.0;0.0;0.0;0.0;0.0;0.0;0.0;0.0;0.0;0.0;0.0;0.0;0.0;0.0;0.0;0.0;0.0;0.0;888.0
Chaval;CHAVAL;-3.0363333333333;-41.239888888889;1979;12;0.0;0.0;0.0;0.0;0.0;0.0;0.0;0.0;0.0;0.0;0.0;0.0;0.0;0.0;0.0;0.0;0.0;0.0;0.0;0.0;0.0;0.0;0.0;0.0;0.0;0.0;0.0;0.0;0.0;0.0;0.0;0.0
Chaval;CHAVAL;-3.0363333333333;-41.239888888889;1980;1;54.5;0.0;0.0;0.0;0.0;54.5;0.0;0.0;0.0;0.0;0.0;0.0;0.0;0.0;0.0;0.0;0.0;0.0;0.0;0.0;0.0;0.0;0.0;0.0;0.0;0.0;0.0;0.0;0.0;0.0;0.0;0.0
Chaval;CHAVAL;-3.0363333333333;-41.239888888889;1980;2;304.5;0.0;0.0;0.0;0.0;0.0;0.0;0.0;0.0;0.0;0.0;7.5;18.3;8.6;0.0;0.0;14.4;25.7;13.3;15.2;17.8;8.6;60.5;4.3;19.6;0.0;0.0;51.1;6.2;33.4;888.0;888.0
Chaval;CHAVAL;-3.0363333333333;-41.239888888889;1980;3;122.8;0.0;20.6;18.3;0.0;10.2;0.0;39.5;0.0;0.0;8.4;0.0;0.0;0.0;0.0;0.0;0.0;0.0;0.0;0.0;0.0;17.3;0.0;0.0;0.0;8.5;0.0;0.0;0.0;0.0;0.0;0.0
Chaval;CHAVAL;-3.0363333333333;-41.239888888889;1980;4;214.4;0.0;0.0;0.0;0.0;3.2;2.1;0.0;50.6;53.2;0.0;38.5;0.0;5.3;5.3;0.0;0.0;0.0;0.0;0.0;0.0;0.0;0.0;0.0;0.0;0.0;22.4;33.8;0.0;0.0;0.0;888.0
Chaval;CHAVAL;-3.0363333333333;-41.239888888889;1980;5;10.6;0.0;4.2;2.6;0.0;0.0;0.0;0.0;0.0;0.0;0.0;0.0;3.8;0.0;0.0;0.0;0.0;0.0;0.0;0.0;0.0;0.0;0.0;0.0;0.0;0.0;0.0;0.0;0.0;0.0;0.0;0.0
Chaval;CHAVAL;-3.0363333333333;-41.239888888889;1980;6;30.6;0.0;0.0;0.0;0.0;0.0;15.2;15.4;0.0;0.0;0.0;0.0;0.0;0.0;0.0;0.0;0.0;0.0;0.0;0.0;0.0;0.0;0.0;0.0;0.0;0.0;0.0;0.0;0.0;0.0;0.0;888.0
Chaval;CHAVAL;-3.0363333333333;-41.239888888889;1980;7;0.0;0.0;0.0;0.0;0.0;0.0;0.0;0.0;0.0;0.0;0.0;0.0;0.0;0.0;0.0;0.0;0.0;0.0;0.0;0.0;0.0;0.0;0.0;0.0;0.0;0.0;0.0;0.0;0.0;0.0;0.0;0.0
Chaval;CHAVAL;-3.0363333333333;-41.239888888889;1980;8;0.0;0.0;0.0;0.0;0.0;0.0;0.0;0.0;0.0;0.0;0.0;0.0;0.0;0.0;0.0;0.0;0.0;0.0;0.0;0.0;0.0;0.0;0.0;0.0;0.0;0.0;0.0;0.0;0.0;0.0;0.0;0.0
Chaval;CHAVAL;-3.0363333333333;-41.239888888889;1980;9;4.5;0.0;0.0;0.0;0.0;4.5;0.0;0.0;0.0;0.0;0.0;0.0;0.0;0.0;0.0;0.0;0.0;0.0;0.0;0.0;0.0;0.0;0.0;0.0;0.0;0.0;0.0;0.0;0.0;0.0;0.0;888.0
Chaval;CHAVAL;-3.0363333333333;-41.239888888889;1980;10;0.0;0.0;0.0;0.0;0.0;0.0;0.0;0.0;0.0;0.0;0.0;0.0;0.0;0.0;0.0;0.0;0.0;0.0;0.0;0.0;0.0;0.0;0.0;0.0;0.0;0.0;0.0;0.0;0.0;0.0;0.0;0.0
Chaval;CHAVAL;-3.0363333333333;-41.239888888889;1980;11;0.0;0.0;0.0;0.0;0.0;0.0;0.0;0.0;0.0;0.0;0.0;0.0;0.0;0.0;0.0;0.0;0.0;0.0;0.0;0.0;0.0;0.0;0.0;0.0;0.0;0.0;0.0;0.0;0.0;0.0;0.0;888.0
Chaval;CHAVAL;-3.0363333333333;-41.239888888889;1980;12;8.9;0.0;0.0;0.0;0.0;0.0;0.0;0.0;0.0;0.0;0.0;0.0;0.0;0.0;0.0;0.0;0.0;0.0;0.0;0.0;0.0;0.0;0.0;0.0;0.0;0.0;0.0;0.0;0.0;8.9;0.0;0.0
Chaval;CHAVAL;-3.0363333333333;-41.239888888889;1981;1;25.8;0.0;0.0;0.0;0.0;25.8;0.0;0.0;0.0;0.0;0.0;0.0;0.0;0.0;0.0;0.0;0.0;0.0;0.0;0.0;0.0;0.0;0.0;0.0;0.0;0.0;0.0;0.0;0.0;0.0;0.0;0.0
Chaval;CHAVAL;-3.0363333333333;-41.239888888889;1981;2;271.1;0.0;0.0;0.0;0.0;0.0;0.0;0.0;0.0;0.0;0.0;7.5;18.3;8.6;0.0;0.0;14.4;25.7;13.3;15.2;17.8;8.6;60.5;4.3;19.6;0.0;0.0;51.1;6.2;888.0;888.0;888.0
Chaval;CHAVAL;-3.0363333333333;-41.239888888889;1981;3;116.0;0.0;20.0;18.0;0.0;9.2;0.0;38.5;0.0;0.0;5.0;0.0;0.0;0.0;0.0;0.0;0.0;0.0;0.0;0.0;0.0;17.3;0.0;0.0;0.0;8.0;0.0;0.0;0.0;0.0;0.0;0.0
Chaval;CHAVAL;-3.0363333333333;-41.239888888889;1981;4;193.6;0.0;0.0;0.0;0.0;3.0;2.0;0.0;45.0;50.0;0.0;30.0;0.0;5.0;4.0;0.0;0.0;0.0;0.0;0.0;0.0;0.0;0.0;0.0;0.0;0.0;22.0;32.6;0.0;0.0;0.0;888.0
Chaval;CHAVAL;-3.0363333333333;-41.239888888889;1981;5;9.8;0.0;4.0;2.0;0.0;0.0;0.0;0.0;0.0;0.0;0.0;3.8;0.0;0.0;0.0;0.0;0.0;0.0;0.0;0.0;0.0;0.0;0.0;0.0;0.0;0.0;0.0;0.0;0.0;0.0;0.0;0.0
Chaval;CHAVAL;-3.0363333333333;-41.239888888889;1981;6;29.0;0.0;0.0;0.0;0.0;0.0;15.0;14.0;0.0;0.0;0.0;0.0;0.0;0.0;0.0;0.0;0.0;0.0;0.0;0.0;0.0;0.0;0.0;0.0;0.0;0.0;0.0;0.0;0.0;0.0;0.0;888.0
Chaval;CHAVAL;-3.0363333333333;-41.239888888889;1981;7;0.0;0.0;0.0;0.0;0.0;0.0;0.0;0.0;0.0;0.0;0.0;0.0;0.0;0.0;0.0;0.0;0.0;0.0;0.0;0.0;0.0;0.0;0.0;0.0;0.0;0.0;0.0;0.0;0.0;0.0;0.0;0.0
Chaval;CHAVAL;-3.0363333333333;-41.239888888889;1981;8;0.0;0.0;0.0;0.0;0.0;0.0;0.0;0.0;0.0;0.0;0.0;0.0;0.0;0.0;0.0;0.0;0.0;0.0;0.0;0.0;0.0;0.0;0.0;0.0;0.0;0.0;0.0;0.0;0.0;0.0;0.0;0.0
Chaval;CHAVAL;-3.0363333333333;-41.239888888889;1981;9;7.0;0.0;0.0;0.0;0.0;4.0;0.0;3.0;0.0;0.0;0.0;0.0;0.0;0.0;0.0;0.0;0.0;0.0;0.0;0.0;0.0;0.0;0.0;0.0;0.0;0.0;0.0;0.0;0.0;0.0;0.0;888.0
Chaval;CHAVAL;-3.0363333333333;-41.239888888889;1981;10;0.0;0.0;0.0;0.0;0.0;0.0;0.0;0.0;0.0;0.0;0.0;0.0;0.0;0.0;0.0;0.0;0.0;0.0;0.0;0.0;0.0;0.0;0.0;0.0;0.0;0.0;0.0;0.0;0.0;0.0;0.0;0.0
Chaval;CHAVAL;-3.0363333333333;-41.239888888889;1981;11;0.0;0.0;0.0;0.0;0.0;0.0;0.0;0.0;0.0;0.0;0.0;0.0;0.0;0.0;0.0;0.0;0.0;0.0;0.0;0.0;0.0;0.0;0.0;0.0;0.0;0.0;0.0;0.0;0.0;0.0;0.0;888.0
Chaval;CHAVAL;-3.0363333333333;-41.239888888889;1981;12;8.9;0.0;0.0;0.0;0.0;0.0;0.0;0.0;0.0;0.0;0.0;0.0;0.0;0.0;0.0;0.0;0.0;0.0;0.0;0.0;0.0;0.0;0.0;0.0;0.0;0.0;0.0;0.0;0.0;8.9;0.0;0.0
Chaval;CHAVAL;-3.0363333333333;-41.239888888889;1982;1;53.4;0.0;0.0;0.0;0.0;0.0;0.0;0.0;0.0;0.0;0.0;0.0;0.0;0.0;0.0;0.0;0.0;0.0;0.0;0.0;0.0;0.0;5.3;8.5;0.0;0.0;0.0;19.8;13.6;0.0;6.2;0.0
Chaval;CHAVAL;-3.0363333333333;-41.239888888889;1982;2;216.4;35.2;0.0;8.3;0.0;0.0;0.0;0.0;0.0;0.0;0.0;31.5;0.0;0.0;0.0;0.0;3.6;0.0;0.0;36.5;0.0;0.0;0.0;0.0;0.0;0.0;28.7;72.6;0.0;888.0;888.0;888.0
Chaval;CHAVAL;-3.0363333333333;-41.239888888889;1982;3;370.7;4.2;0.0;5.3;76.6;0.0;10.2;0.0;28.5;9.4;0.0;0.0;0.0;5.2;10.7;23.5;37.8;17.6;0.0;0.0;0.0;19.3;3.3;0.0;0.0;10.5;9.9;19.8;0.0;40.1;10.3;28.5
Chaval;CHAVAL;-3.0363333333333;-41.239888888889;1982;4;304.8;48.6;20.5;0.0;0.0;0.0;0.0;14.5;0.0;12.4;0.0;0.0;0.0;0.0;49.6;51.6;0.0;0.0;0.0;0.0;0.0;12.3;14.5;30.2;0.0;10.6;15.3;8.5;0.0;16.2;0.0;888.0
Chaval;CHAVAL;-3.0363333333333;-41.239888888889;1982;5;142.1;28.3;5.2;0.0;12.6;14.1;0.0;0.0;18.7;0.0;20.5;12.4;0.0;0.0;10.8;0.0;0.0;19.5;0.0;0.0;0.0;0.0;0.0;0.0;0.0;0.0;0.0;0.0;0.0;0.0;0.0;0.0
Chaval;CHAVAL;-3.0363333333333;-41.239888888889;1982;6;90.4;0.0;23.2;8.3;0.0;13.4;0.0;0.0;0.0;0.0;11.2;0.0;0.0;10.5;0.0;0.0;0.0;0.0;23.8;0.0;0.0;0.0;0.0;0.0;0.0;0.0;0.0;0.0;0.0;0.0;0.0;888.0
Chaval;CHAVAL;-3.0363333333333;-41.239888888889;1982;7;0.0;0.0;0.0;0.0;0.0;0.0;0.0;0.0;0.0;0.0;0.0;0.0;0.0;0.0;0.0;0.0;0.0;0.0;0.0;0.0;0.0;0.0;0.0;0.0;0.0;0.0;0.0;0.0;0.0;0.0;0.0;0.0
Chaval;CHAVAL;-3.0363333333333;-41.239888888889;1982;8;0.0;0.0;0.0;0.0;0.0;0.0;0.0;0.0;0.0;0.0;0.0;0.0;0.0;0.0;0.0;0.0;0.0;0.0;0.0;0.0;0.0;0.0;0.0;0.0;0.0;0.0;0.0;0.0;0.0;0.0;0.0;0.0
Chaval;CHAVAL;-3.0363333333333;-41.239888888889;1982;9;0.0;0.0;0.0;0.0;0.0;0.0;0.0;0.0;0.0;0.0;0.0;0.0;0.0;0.0;0.0;0.0;0.0;0.0;0.0;0.0;0.0;0.0;0.0;0.0;0.0;0.0;0.0;0.0;0.0;0.0;0.0;888.0
Chaval;CHAVAL;-3.0363333333333;-41.239888888889;1982;10;0.0;0.0;0.0;0.0;0.0;0.0;0.0;0.0;0.0;0.0;0.0;0.0;0.0;0.0;0.0;0.0;0.0;0.0;0.0;0.0;0.0;0.0;0.0;0.0;0.0;0.0;0.0;0.0;0.0;0.0;0.0;0.0
Chaval;CHAVAL;-3.0363333333333;-41.239888888889;1982;11;0.0;0.0;0.0;0.0;0.0;0.0;0.0;0.0;0.0;0.0;0.0;0.0;0.0;0.0;0.0;0.0;0.0;0.0;0.0;0.0;0.0;0.0;0.0;0.0;0.0;0.0;0.0;0.0;0.0;0.0;0.0;888.0
Chaval;CHAVAL;-3.0363333333333;-41.239888888889;1982;12;0.0;0.0;0.0;0.0;0.0;0.0;0.0;0.0;0.0;0.0;0.0;0.0;0.0;0.0;0.0;0.0;0.0;0.0;0.0;0.0;0.0;0.0;0.0;0.0;0.0;0.0;0.0;0.0;0.0;0.0;0.0;0.0
Chaval;CHAVAL;-3.0363333333333;-41.239888888889;1983;1;0.0;0.0;0.0;0.0;0.0;0.0;0.0;0.0;0.0;0.0;0.0;0.0;0.0;0.0;0.0;0.0;0.0;0.0;0.0;0.0;0.0;0.0;0.0;0.0;0.0;0.0;0.0;0.0;0.0;0.0;0.0;0.0
Chaval;CHAVAL;-3.0363333333333;-41.239888888889;1983;2;133.0;0.0;0.0;0.0;0.0;0.0;0.0;47.5;10.3;0.0;8.1;0.0;0.0;28.2;26.5;0.0;12.4;0.0;0.0;0.0;0.0;0.0;0.0;0.0;0.0;0.0;0.0;0.0;0.0;888.0;888.0;888.0
Chaval;CHAVAL;-3.0363333333333;-41.239888888889;1987;1;70.0;0.0;0.0;0.0;0.0;0.0;0.0;8.0;0.0;0.0;0.0;0.0;0.0;0.0;0.0;0.0;8.0;0.0;0.0;6.6;20.0;25.0;2.4;0.0;0.0;0.0;0.0;0.0;0.0;0.0;0.0;0.0
Chaval;CHAVAL;-3.0363333333333;-41.239888888889;1987;6;13.8;0.0;0.0;0.0;0.0;0.0;0.0;0.0;0.0;0.0;3.2;0.0;10.6;0.0;0.0;0.0;0.0;0.0;0.0;0.0;0.0;0.0;0.0;0.0;0.0;0.0;0.0;0.0;0.0;0.0;0.0;888.0
Chaval;CHAVAL;-3.0363333333333;-41.239888888889;1987;7;0.0;0.0;0.0;0.0;0.0;0.0;0.0;0.0;0.0;0.0;0.0;0.0;0.0;0.0;0.0;0.0;0.0;0.0;0.0;0.0;0.0;0.0;0.0;0.0;0.0;0.0;0.0;0.0;0.0;0.0;0.0;0.0
Chaval;CHAVAL;-3.0363333333333;-41.239888888889;1987;8;0.0;0.0;0.0;0.0;0.0;0.0;0.0;0.0;0.0;0.0;0.0;0.0;0.0;0.0;0.0;0.0;0.0;0.0;0.0;0.0;0.0;0.0;0.0;0.0;0.0;0.0;0.0;0.0;0.0;0.0;0.0;0.0
Chaval;CHAVAL;-3.0363333333333;-41.239888888889;1987;9;0.0;0.0;0.0;0.0;0.0;0.0;0.0;0.0;0.0;0.0;0.0;0.0;0.0;0.0;0.0;0.0;0.0;0.0;0.0;0.0;0.0;0.0;0.0;0.0;0.0;0.0;0.0;0.0;0.0;0.0;0.0;888.0
Chaval;CHAVAL;-3.0363333333333;-41.239888888889;1987;10;0.0;0.0;0.0;0.0;0.0;0.0;0.0;0.0;0.0;0.0;0.0;0.0;0.0;0.0;0.0;0.0;0.0;0.0;0.0;0.0;0.0;0.0;0.0;0.0;0.0;0.0;0.0;0.0;0.0;0.0;0.0;0.0
Chaval;CHAVAL;-3.0363333333333;-41.239888888889;1987;11;0.0;0.0;0.0;0.0;0.0;0.0;0.0;0.0;0.0;0.0;0.0;0.0;0.0;0.0;0.0;0.0;0.0;0.0;0.0;0.0;0.0;0.0;0.0;0.0;0.0;0.0;0.0;0.0;0.0;0.0;0.0;888.0
Chaval;CHAVAL;-3.0363333333333;-41.239888888889;1987;12;0.0;0.0;0.0;0.0;0.0;0.0;0.0;0.0;0.0;0.0;0.0;0.0;0.0;0.0;0.0;0.0;0.0;0.0;0.0;0.0;0.0;0.0;0.0;0.0;0.0;0.0;0.0;0.0;0.0;0.0;0.0;0.0
Chaval;CHAVAL;-3.0363333333333;-41.239888888889;1988;1;213.3;0.0;2.8;24.3;0.0;0.0;0.0;0.0;0.0;0.0;0.0;0.0;0.0;0.0;0.0;0.0;0.0;0.0;0.0;0.0;14.6;29.8;0.0;37.5;0.0;0.0;26.3;45.4;27.2;5.4;0.0;0.0
Chaval;CHAVAL;-3.0363333333333;-41.239888888889;1988;2;152.3;0.0;0.0;46.0;0.0;0.0;0.0;0.0;0.0;0.0;0.0;0.0;0.0;0.0;0.0;0.0;0.0;0.0;0.0;0.0;0.0;0.0;0.0;0.0;0.0;106.3;0.0;0.0;0.0;0.0;888.0;888.0
Chaval;CHAVAL;-3.0363333333333;-41.239888888889;1988;3;377.6;52.3;0.0;0.0;0.0;0.0;0.0;76.5;6.8;3.3;51.4;15.4;20.5;13.8;0.0;0.0;0.0;0.0;0.0;3.5;12.3;0.0;12.2;22.4;13.3;24.5;10.6;38.8;0.0;0.0;0.0;0.0
Chaval;CHAVAL;-3.0363333333333;-41.239888888889;1988;4;198.2;0.0;6.3;10.5;0.0;14.9;0.0;0.0;0.0;0.0;0.0;0.0;0.0;0.0;13.4;20.5;0.0;0.0;14.5;0.0;13.4;0.0;0.0;32.3;13.5;12.4;4.2;17.2;14.8;10.3;0.0;888.0
Chaval;CHAVAL;-3.0363333333333;-41.239888888889;1988;5;306.5;45.6;95.6;23.3;58.7;27.6;14.3;8.2;0.0;0.0;0.0;0.0;0.0;0.0;0.0;0.0;0.0;0.0;0.0;0.0;0.0;0.0;9.5;13.4;10.3;0.0;0.0;0.0;0.0;0.0;0.0;0.0
Chaval;CHAVAL;-3.0363333333333;-41.239888888889;1988;6;0.0;0.0;0.0;0.0;0.0;0.0;0.0;0.0;0.0;0.0;0.0;0.0;0.0;0.0;0.0;0.0;0.0;0.0;0.0;0.0;0.0;0.0;0.0;0.0;0.0;0.0;0.0;0.0;0.0;0.0;0.0;888.0
Chaval;CHAVAL;-3.0363333333333;-41.239888888889;1988;7;0.0;0.0;0.0;0.0;0.0;0.0;0.0;0.0;0.0;0.0;0.0;0.0;0.0;0.0;0.0;0.0;0.0;0.0;0.0;0.0;0.0;0.0;0.0;0.0;0.0;0.0;0.0;0.0;0.0;0.0;0.0;0.0
Chaval;CHAVAL;-3.0363333333333;-41.239888888889;1988;8;0.0;0.0;0.0;0.0;0.0;0.0;0.0;0.0;0.0;0.0;0.0;0.0;0.0;0.0;0.0;0.0;0.0;0.0;0.0;0.0;0.0;0.0;0.0;0.0;0.0;0.0;0.0;0.0;0.0;0.0;0.0;0.0
Chaval;CHAVAL;-3.0363333333333;-41.239888888889;1988;9;0.0;0.0;0.0;0.0;0.0;0.0;0.0;0.0;0.0;0.0;0.0;0.0;0.0;0.0;0.0;0.0;0.0;0.0;0.0;0.0;0.0;0.0;0.0;0.0;0.0;0.0;0.0;0.0;0.0;0.0;0.0;888.0
Chaval;CHAVAL;-3.0363333333333;-41.239888888889;1988;10;0.0;0.0;0.0;0.0;0.0;0.0;0.0;0.0;0.0;0.0;0.0;0.0;0.0;0.0;0.0;0.0;0.0;0.0;0.0;0.0;0.0;0.0;0.0;0.0;0.0;0.0;0.0;0.0;0.0;0.0;0.0;0.0
Chaval;CHAVAL;-3.0363333333333;-41.239888888889;1988;11;0.0;0.0;0.0;0.0;0.0;0.0;0.0;0.0;0.0;0.0;0.0;0.0;0.0;0.0;0.0;0.0;0.0;0.0;0.0;0.0;0.0;0.0;0.0;0.0;0.0;0.0;0.0;0.0;0.0;0.0;0.0;888.0
Chaval;CHAVAL;-3.0363333333333;-41.239888888889;1988;12;0.0;0.0;0.0;0.0;0.0;0.0;0.0;0.0;0.0;0.0;0.0;0.0;0.0;0.0;0.0;0.0;0.0;0.0;0.0;0.0;0.0;0.0;0.0;0.0;0.0;0.0;0.0;0.0;0.0;0.0;0.0;0.0
Chaval;CHAVAL;-3.0363333333333;-41.239888888889;1989;1;35.0;0.0;0.0;0.0;0.0;35.0;0.0;0.0;0.0;0.0;0.0;0.0;0.0;0.0;0.0;0.0;0.0;0.0;0.0;0.0;0.0;0.0;0.0;0.0;0.0;0.0;0.0;0.0;0.0;0.0;0.0;0.0
Chaval;CHAVAL;-3.0363333333333;-41.239888888889;1989;2;62.0;0.0;0.0;0.0;0.0;0.0;0.0;0.0;0.0;0.0;0.0;0.0;0.0;0.0;0.0;0.0;0.0;0.0;0.0;0.0;0.0;0.0;0.0;0.0;0.0;0.0;0.0;0.0;62.0;888.0;888.0;888.0
Chaval;CHAVAL;-3.0363333333333;-41.239888888889;1989;3;107.7;62.5;0.0;13.6;3.7;0.0;10.3;5.2;0.0;0.0;12.4;0.0;0.0;0.0;0.0;0.0;0.0;0.0;0.0;0.0;0.0;0.0;0.0;0.0;0.0;0.0;0.0;0.0;0.0;0.0;0.0;0.0
Chaval;CHAVAL;-3.0363333333333;-41.239888888889;1989;4;221.7;999.0;999.0;999.0;999.0;37.0;37.0;999.0;999.0;999.0;12.3;999.0;36.0;3.4;999.0;999.0;70.0;999.0;999.0;999.0;999.0;999.0;999.0;999.0;999.0;999.0;11.8;14.2;999.0;999.0;999.0;888.0
Chaval;CHAVAL;-3.0363333333333;-41.239888888889;1989;5;143.6;999.0;999.0;999.0;35.4;999.0;999.0;999.0;999.0;999.0;66.0;17.0;999.0;999.0;999.0;999.0;19.0;999.0;999.0;6.2;999.0;999.0;999.0;999.0;999.0;999.0;999.0;999.0;999.0;999.0;999.0;999.0
Chaval;CHAVAL;-3.0363333333333;-41.239888888889;1989;6;61.5;0.0;0.0;0.0;0.0;20.2;0.0;0.0;0.0;0.0;0.0;0.0;15.4;0.0;0.0;8.3;0.0;0.0;0.0;0.0;0.0;0.0;0.0;0.0;0.0;0.0;0.0;0.0;0.0;0.0;17.6;888.0
Chaval;CHAVAL;-3.0363333333333;-41.239888888889;1989;7;0.0;0.0;0.0;0.0;0.0;0.0;0.0;0.0;0.0;0.0;0.0;0.0;0.0;0.0;0.0;0.0;0.0;0.0;0.0;0.0;0.0;0.0;0.0;0.0;0.0;0.0;0.0;0.0;0.0;0.0;0.0;0.0
Chaval;CHAVAL;-3.0363333333333;-41.239888888889;1989;8;0.0;0.0;0.0;0.0;0.0;0.0;0.0;0.0;0.0;0.0;0.0;0.0;0.0;0.0;0.0;0.0;0.0;0.0;0.0;0.0;0.0;0.0;0.0;0.0;0.0;0.0;0.0;0.0;0.0;0.0;0.0;0.0
Chaval;CHAVAL;-3.0363333333333;-41.239888888889;1989;9;0.0;0.0;0.0;0.0;0.0;0.0;0.0;0.0;0.0;0.0;0.0;0.0;0.0;0.0;0.0;0.0;0.0;0.0;0.0;0.0;0.0;0.0;0.0;0.0;0.0;0.0;0.0;0.0;0.0;0.0;0.0;888.0
Chaval;CHAVAL;-3.0363333333333;-41.239888888889;1989;10;0.0;0.0;0.0;0.0;0.0;0.0;0.0;0.0;0.0;0.0;0.0;0.0;0.0;0.0;0.0;0.0;0.0;0.0;0.0;0.0;0.0;0.0;0.0;0.0;0.0;0.0;0.0;0.0;0.0;0.0;0.0;0.0
Chaval;CHAVAL;-3.0363333333333;-41.239888888889;1989;11;0.0;0.0;0.0;0.0;0.0;0.0;0.0;0.0;0.0;0.0;0.0;0.0;0.0;0.0;0.0;0.0;0.0;0.0;0.0;0.0;0.0;0.0;0.0;0.0;0.0;0.0;0.0;0.0;0.0;0.0;0.0;888.0
Chaval;CHAVAL;-3.0363333333333;-41.239888888889;1989;12;0.0;0.0;0.0;0.0;0.0;0.0;0.0;0.0;0.0;0.0;0.0;0.0;0.0;0.0;0.0;0.0;0.0;0.0;0.0;0.0;0.0;0.0;0.0;0.0;0.0;0.0;0.0;0.0;0.0;0.0;0.0;0.0
Chaval;CHAVAL;-3.0363333333333;-41.239888888889;1990;1;8.4;0.0;0.0;0.0;0.0;0.0;0.0;0.0;0.0;0.0;0.0;0.0;0.0;0.0;0.0;8.4;0.0;0.0;0.0;0.0;0.0;0.0;0.0;0.0;0.0;0.0;0.0;0.0;0.0;0.0;0.0;0.0
Chaval;CHAVAL;-3.0363333333333;-41.239888888889;1990;2;142.6;0.0;0.0;0.0;0.0;0.0;0.0;0.0;0.0;0.0;0.0;0.0;6.4;0.0;5.3;0.0;0.0;10.3;0.0;0.0;11.5;16.2;13.4;0.0;56.2;6.8;0.0;16.5;0.0;888.0;888.0;888.0
Chaval;CHAVAL;-3.0363333333333;-41.239888888889;1990;3;270.2;86.6;15.3;0.0;3.2;8.9;0.0;0.0;0.0;17.5;0.0;8.6;0.0;0.0;0.0;0.0;0.0;0.0;0.0;11.2;13.4;0.0;0.0;0.0;20.3;49.8;26.5;0.0;0.0;0.0;8.9;0.0
Chaval;CHAVAL;-3.0363333333333;-41.239888888889;1990;4;169.7;10.4;20.6;0.0;15.7;0.0;18.3;0.0;0.0;0.0;0.0;0.0;0.0;16.3;0.0;0.0;0.0;0.0;0.0;0.0;0.0;0.0;0.0;0.0;0.0;0.0;0.0;0.0;0.0;0.0;88.4;888.0
Chaval;CHAVAL;-3.0363333333333;-41.239888888889;1990;5;44.0;13.5;0.0;0.0;0.0;0.0;0.0;0.0;0.0;0.0;11.7;0.0;0.0;0.0;0.0;0.0;0.0;0.0;0.0;13.5;5.3;0.0;0.0;0.0;0.0;0.0;0.0;0.0;0.0;0.0;0.0;0.0
Chaval;CHAVAL;-3.0363333333333;-41.239888888889;1990;6;63.8;0.0;17.8;12.5;0.0;0.0;0.0;0.0;33.5;0.0;0.0;0.0;0.0;0.0;0.0;0.0;0.0;0.0;0.0;0.0;0.0;0.0;0.0;0.0;0.0;0.0;0.0;0.0;0.0;0.0;0.0;888.0
Chaval;CHAVAL;-3.0363333333333;-41.239888888889;1990;7;0.0;0.0;0.0;0.0;0.0;0.0;0.0;0.0;0.0;0.0;0.0;0.0;0.0;0.0;0.0;0.0;0.0;0.0;0.0;0.0;0.0;0.0;0.0;0.0;0.0;0.0;0.0;0.0;0.0;0.0;0.0;0.0
Chaval;CHAVAL;-3.0363333333333;-41.239888888889;1990;8;0.0;0.0;0.0;0.0;0.0;0.0;0.0;0.0;0.0;0.0;0.0;0.0;0.0;0.0;0.0;0.0;0.0;0.0;0.0;0.0;0.0;0.0;0.0;0.0;0.0;0.0;0.0;0.0;0.0;0.0;0.0;0.0
Chaval;CHAVAL;-3.0363333333333;-41.239888888889;1990;9;0.0;0.0;0.0;0.0;0.0;0.0;0.0;0.0;0.0;0.0;0.0;0.0;0.0;0.0;0.0;0.0;0.0;0.0;0.0;0.0;0.0;0.0;0.0;0.0;0.0;0.0;0.0;0.0;0.0;0.0;0.0;888.0
Chaval;CHAVAL;-3.0363333333333;-41.239888888889;1990;10;0.0;0.0;0.0;0.0;0.0;0.0;0.0;0.0;0.0;0.0;0.0;0.0;0.0;0.0;0.0;0.0;0.0;0.0;0.0;0.0;0.0;0.0;0.0;0.0;0.0;0.0;0.0;0.0;0.0;0.0;0.0;0.0
Chaval;CHAVAL;-3.0363333333333;-41.239888888889;1990;11;0.0;0.0;0.0;0.0;0.0;0.0;0.0;0.0;0.0;0.0;0.0;0.0;0.0;0.0;0.0;0.0;0.0;0.0;0.0;0.0;0.0;0.0;0.0;0.0;0.0;0.0;0.0;0.0;0.0;0.0;0.0;888.0
Chaval;CHAVAL;-3.0363333333333;-41.239888888889;1990;12;0.0;0.0;0.0;0.0;0.0;0.0;0.0;0.0;0.0;0.0;0.0;0.0;0.0;0.0;0.0;0.0;0.0;0.0;0.0;0.0;0.0;0.0;0.0;0.0;0.0;0.0;0.0;0.0;0.0;0.0;0.0;0.0
Chaval;CHAVAL;-3.0363333333333;-41.239888888889;1991;1;238.8;0.0;0.0;0.0;0.0;0.0;0.0;0.0;0.0;0.0;0.0;0.0;0.0;16.5;0.0;0.0;0.0;0.0;51.3;35.8;0.0;0.0;0.0;15.2;9.6;14.4;0.0;33.8;0.0;0.0;0.0;62.2
Chaval;CHAVAL;-3.0363333333333;-41.239888888889;1991;2;122.7;0.0;0.0;14.2;0.0;0.0;1.0;4.0;0.0;15.3;3.2;0.0;0.0;0.0;0.0;0.0;5.4;0.0;0.0;24.6;0.0;19.0;0.0;0.0;6.6;0.0;4.6;11.8;13.0;888.0;888.0;888.0
Chaval;CHAVAL;-3.0363333333333;-41.239888888889;1991;3;389.0;0.0;0.0;0.0;9.0;6.2;5.0;0.6;1.0;12.0;8.8;18.0;9.6;1.0;18.0;54.2;4.6;0.0;0.0;11.0;8.2;0.0;0.0;38.8;13.6;0.0;0.0;0.0;45.0;113.6;10.8;0.0
Chaval;CHAVAL;-3.0363333333333;-41.239888888889;1991;4;157.8;0.0;11.0;5.0;2.0;0.0;0.0;21.8;0.0;33.6;0.0;0.0;0.0;0.0;10.0;18.2;0.0;15.2;0.0;0.0;0.0;10.0;0.0;0.0;0.0;0.0;9.4;0.0;0.0;21.0;0.6;888.0
Chaval;CHAVAL;-3.0363333333333;-41.239888888889;1991;5;154.0;0.0;0.0;0.0;0.0;9.0;0.0;0.0;0.0;0.0;7.0;0.0;0.0;0.0;2.0;0.0;28.0;0.0;0.0;0.0;0.0;10.0;0.0;0.0;0.0;72.0;26.0;0.0;0.0;0.0;0.0;0.0
Chaval;CHAVAL;-3.0363333333333;-41.239888888889;1991;6;0.0;0.0;0.0;0.0;0.0;0.0;0.0;0.0;0.0;0.0;0.0;0.0;0.0;0.0;0.0;0.0;0.0;0.0;0.0;0.0;0.0;0.0;0.0;0.0;0.0;0.0;0.0;0.0;0.0;0.0;0.0;888.0
Chaval;CHAVAL;-3.0363333333333;-41.239888888889;1991;7;0.0;0.0;0.0;0.0;0.0;0.0;0.0;0.0;0.0;0.0;0.0;0.0;0.0;0.0;0.0;0.0;0.0;0.0;0.0;0.0;0.0;0.0;0.0;0.0;0.0;0.0;0.0;0.0;0.0;0.0;0.0;0.0
Chaval;CHAVAL;-3.0363333333333;-41.239888888889;1991;8;0.0;0.0;0.0;0.0;0.0;0.0;0.0;0.0;0.0;0.0;0.0;0.0;0.0;0.0;0.0;0.0;0.0;0.0;0.0;0.0;0.0;0.0;0.0;0.0;0.0;0.0;0.0;0.0;0.0;0.0;0.0;0.0
Chaval;CHAVAL;-3.0363333333333;-41.239888888889;1991;9;0.0;0.0;0.0;0.0;0.0;0.0;0.0;0.0;0.0;0.0;0.0;0.0;0.0;0.0;0.0;0.0;0.0;0.0;0.0;0.0;0.0;0.0;0.0;0.0;0.0;0.0;0.0;0.0;0.0;0.0;0.0;888.0
Chaval;CHAVAL;-3.0363333333333;-41.239888888889;1991;10;0.0;0.0;0.0;0.0;0.0;0.0;0.0;0.0;0.0;0.0;0.0;0.0;0.0;0.0;0.0;0.0;0.0;0.0;0.0;0.0;0.0;0.0;0.0;0.0;0.0;0.0;0.0;0.0;0.0;0.0;0.0;0.0
Chaval;CHAVAL;-3.0363333333333;-41.239888888889;1991;11;0.0;0.0;0.0;0.0;0.0;0.0;0.0;0.0;0.0;0.0;0.0;0.0;0.0;0.0;0.0;0.0;0.0;0.0;0.0;0.0;0.0;0.0;0.0;0.0;0.0;0.0;0.0;0.0;0.0;0.0;0.0;888.0
Chaval;CHAVAL;-3.0363333333333;-41.239888888889;1991;12;0.0;0.0;0.0;0.0;0.0;0.0;0.0;0.0;0.0;0.0;0.0;0.0;0.0;0.0;0.0;0.0;0.0;0.0;0.0;0.0;0.0;0.0;0.0;0.0;0.0;0.0;0.0;0.0;0.0;0.0;0.0;0.0
Chaval;CHAVAL;-3.0363333333333;-41.239888888889;1992;1;159.4;0.0;0.0;0.0;0.0;0.0;0.0;0.0;0.0;0.0;0.0;0.0;0.0;0.0;0.0;0.0;0.0;0.0;0.0;0.0;0.0;0.0;0.0;0.0;0.0;94.0;19.0;0.0;6.0;10.6;2.4;27.4
Chaval;CHAVAL;-3.0363333333333;-41.239888888889;1992;2;81.5;0.0;0.0;5.2;0.0;0.0;0.0;0.0;0.0;0.0;0.0;14.6;0.0;12.6;0.0;0.0;0.0;0.0;0.0;9.4;3.0;20.8;2.1;0.0;13.8;0.0;0.0;0.0;0.0;0.0;888.0;888.0
Chaval;CHAVAL;-3.0363333333333;-41.239888888889;1992;3;120.4;6.8;0.0;7.8;0.0;0.0;0.0;0.0;0.0;3.4;0.0;0.0;0.0;7.0;0.0;0.0;0.0;3.4;24.6;0.0;7.0;0.0;7.0;0.0;0.0;21.2;0.0;0.0;10.0;14.2;0.0;8.0
Chaval;CHAVAL;-3.0363333333333;-41.239888888889;1992;4;183.4;12.8;0.0;32.8;42.4;12.0;10.4;13.0;1.6;1.8;5.4;0.0;0.0;0.0;0.0;26.0;3.2;0.0;0.0;7.6;0.0;11.4;3.0;0.0;0.0;0.0;0.0;0.0;0.0;0.0;0.0;888.0
Chaval;CHAVAL;-3.0363333333333;-41.239888888889;1992;5;22.0;0.0;5.0;0.0;0.0;0.0;0.0;0.0;0.0;0.0;0.0;0.0;0.0;0.0;1.2;5.2;0.0;0.0;0.0;0.0;0.0;0.0;0.0;0.0;0.0;10.6;0.0;0.0;0.0;0.0;0.0;0.0
Chaval;CHAVAL;-3.0363333333333;-41.239888888889;1992;6;12.4;0.0;4.6;0.0;0.0;0.0;0.0;0.0;2.0;4.2;0.0;1.6;0.0;0.0;0.0;0.0;0.0;0.0;0.0;0.0;0.0;0.0;0.0;0.0;0.0;0.0;0.0;0.0;0.0;0.0;0.0;888.0
Chaval;CHAVAL;-3.0363333333333;-41.239888888889;1992;7;0.0;0.0;0.0;0.0;0.0;0.0;0.0;0.0;0.0;0.0;0.0;0.0;0.0;0.0;0.0;0.0;0.0;0.0;0.0;0.0;0.0;0.0;0.0;0.0;0.0;0.0;0.0;0.0;0.0;0.0;0.0;0.0
Chaval;CHAVAL;-3.0363333333333;-41.239888888889;1992;8;0.0;0.0;0.0;0.0;0.0;0.0;0.0;0.0;0.0;0.0;0.0;0.0;0.0;0.0;0.0;0.0;0.0;0.0;0.0;0.0;0.0;0.0;0.0;0.0;0.0;0.0;0.0;0.0;0.0;0.0;0.0;0.0
Chaval;CHAVAL;-3.0363333333333;-41.239888888889;1992;9;0.0;0.0;0.0;0.0;0.0;0.0;0.0;0.0;0.0;0.0;0.0;0.0;0.0;0.0;0.0;0.0;0.0;0.0;0.0;0.0;0.0;0.0;0.0;0.0;0.0;0.0;0.0;0.0;0.0;0.0;0.0;888.0
Chaval;CHAVAL;-3.0363333333333;-41.239888888889;1992;10;0.0;0.0;0.0;0.0;0.0;0.0;0.0;0.0;0.0;0.0;0.0;0.0;0.0;0.0;0.0;0.0;0.0;0.0;0.0;0.0;0.0;0.0;0.0;0.0;0.0;0.0;0.0;0.0;0.0;0.0;0.0;0.0
Chaval;CHAVAL;-3.0363333333333;-41.239888888889;1992;11;0.0;0.0;0.0;0.0;0.0;0.0;0.0;0.0;0.0;0.0;0.0;0.0;0.0;0.0;0.0;0.0;0.0;0.0;0.0;0.0;0.0;0.0;0.0;0.0;0.0;0.0;0.0;0.0;0.0;0.0;0.0;888.0
Chaval;CHAVAL;-3.0363333333333;-41.239888888889;1992;12;0.0;0.0;0.0;0.0;0.0;0.0;0.0;0.0;0.0;0.0;0.0;0.0;0.0;0.0;0.0;0.0;0.0;0.0;0.0;0.0;0.0;0.0;0.0;0.0;0.0;0.0;0.0;0.0;0.0;0.0;0.0;0.0
Chaval;CHAVAL;-3.0363333333333;-41.239888888889;1993;1;19.2;0.0;0.0;0.0;0.0;0.0;0.0;0.0;0.0;0.0;0.0;13.0;2.0;0.0;0.0;0.0;0.0;0.0;2.8;0.0;0.0;0.0;0.0;0.0;0.0;0.0;0.0;0.0;0.0;0.0;0.0;1.4
Chaval;CHAVAL;-3.0363333333333;-41.239888888889;1993;2;90.9;1.3;0.0;0.0;0.0;0.0;0.0;0.0;10.8;0.0;0.0;0.0;0.0;2.5;26.3;0.0;0.0;0.0;6.0;0.0;0.0;0.0;0.0;0.0;32.0;12.0;0.0;0.0;0.0;888.0;888.0;888.0
Chaval;CHAVAL;-3.0363333333333;-41.239888888889;1993;3;115.0;0.0;0.0;2.6;0.0;2.0;0.0;0.0;0.0;0.0;0.0;0.0;0.0;22.8;0.0;3.0;0.0;0.0;0.0;0.0;0.0;0.0;0.0;0.0;4.8;0.0;20.2;10.0;16.4;8.2;25.0;0.0
Chaval;CHAVAL;-3.0363333333333;-41.239888888889;1993;4;179.8;0.0;0.0;17.6;0.0;8.4;19.0;0.0;8.8;0.0;6.2;0.0;7.8;0.0;0.0;3.0;7.2;0.0;0.0;37.6;16.4;0.0;1.4;6.0;14.6;0.0;12.0;13.8;0.0;0.0;0.0;888.0
Chaval;CHAVAL;-3.0363333333333;-41.239888888889;1993;5;21.4;0.0;0.0;0.0;4.6;5.8;0.0;0.0;0.0;0.0;0.0;0.0;0.0;0.0;0.0;0.0;0.0;0.0;0.0;0.0;0.0;3.0;8.0;0.0;0.0;0.0;0.0;0.0;0.0;0.0;0.0;0.0
Chaval;CHAVAL;-3.0363333333333;-41.239888888889;1993;6;9.4;0.0;0.0;0.0;0.0;0.0;0.0;0.0;0.0;0.0;0.0;9.4;0.0;0.0;0.0;0.0;0.0;0.0;0.0;0.0;0.0;0.0;0.0;0.0;0.0;0.0;0.0;0.0;0.0;0.0;0.0;888.0
Chaval;CHAVAL;-3.0363333333333;-41.239888888889;1993;7;0.0;0.0;0.0;0.0;0.0;0.0;0.0;0.0;0.0;0.0;0.0;0.0;0.0;0.0;0.0;0.0;0.0;0.0;0.0;0.0;0.0;0.0;0.0;0.0;0.0;0.0;0.0;0.0;0.0;0.0;0.0;0.0
Chaval;CHAVAL;-3.0363333333333;-41.239888888889;1993;8;0.0;0.0;0.0;0.0;0.0;0.0;0.0;0.0;0.0;0.0;0.0;0.0;0.0;0.0;0.0;0.0;0.0;0.0;0.0;0.0;0.0;0.0;0.0;0.0;0.0;0.0;0.0;0.0;0.0;0.0;0.0;0.0
Chaval;CHAVAL;-3.0363333333333;-41.239888888889;1993;9;0.0;0.0;0.0;0.0;0.0;0.0;0.0;0.0;0.0;0.0;0.0;0.0;0.0;0.0;0.0;0.0;0.0;0.0;0.0;0.0;0.0;0.0;0.0;0.0;0.0;0.0;0.0;0.0;0.0;0.0;0.0;888.0
Chaval;CHAVAL;-3.0363333333333;-41.239888888889;1993;10;0.0;0.0;0.0;0.0;0.0;0.0;0.0;0.0;0.0;0.0;0.0;0.0;0.0;0.0;0.0;0.0;0.0;0.0;0.0;0.0;0.0;0.0;0.0;0.0;0.0;0.0;0.0;0.0;0.0;0.0;0.0;0.0
Chaval;CHAVAL;-3.0363333333333;-41.239888888889;1993;11;0.0;0.0;0.0;0.0;0.0;0.0;0.0;0.0;0.0;0.0;0.0;0.0;0.0;0.0;0.0;0.0;0.0;0.0;0.0;0.0;0.0;0.0;0.0;0.0;0.0;0.0;0.0;0.0;0.0;0.0;0.0;888.0
Chaval;CHAVAL;-3.0363333333333;-41.239888888889;1993;12;29.4;0.0;0.0;0.0;0.0;0.0;0.0;0.0;0.0;0.0;0.0;0.0;0.0;0.0;0.0;0.0;0.0;0.0;0.0;0.0;0.0;0.0;0.0;0.0;0.0;0.0;0.0;20.6;2.2;0.0;0.0;6.6
Chaval;CHAVAL;-3.0363333333333;-41.239888888889;1994;1;214.2;6.6;10.2;0.0;0.0;27.8;0.0;0.0;0.0;0.0;0.0;0.0;3.6;0.0;0.0;5.6;0.0;22.2;17.0;44.8;22.0;2.8;0.0;0.0;8.6;0.0;0.0;0.0;0.0;1.4;41.6;0.0
Chaval;CHAVAL;-3.0363333333333;-41.239888888889;1994;2;300.0;0.0;0.0;0.0;0.0;0.0;103.0;10.0;60.0;4.0;0.0;13.0;0.0;29.0;0.0;5.0;10.0;15.8;0.0;0.0;15.8;0.0;0.0;0.0;0.0;0.0;0.0;19.2;15.2;888.0;888.0;888.0
Chaval;CHAVAL;-3.0363333333333;-41.239888888889;1994;3;339.4;0.0;0.0;3.0;0.0;24.6;55.0;0.0;5.4;2.8;31.8;14.2;0.0;1.0;0.0;10.4;0.0;13.2;0.0;14.4;9.4;8.4;17.6;3.2;8.6;71.8;25.0;8.2;1.4;10.0;0.0;0.0
Chaval;CHAVAL;-3.0363333333333;-41.239888888889;1994;4;184.4;0.0;0.0;24.0;2.8;3.6;38.0;4.2;0.0;0.0;0.0;0.0;0.0;29.0;0.0;0.0;10.0;0.0;0.0;17.4;0.0;0.0;0.0;0.0;0.0;0.0;0.0;49.6;5.8;0.0;0.0;888.0
Chaval;CHAVAL;-3.0363333333333;-41.239888888889;1994;5;172.6;0.0;0.0;14.0;0.0;0.0;0.0;0.0;5.8;0.0;11.0;60.4;0.0;35.0;0.0;19.0;0.0;0.0;0.0;0.0;0.0;0.0;0.0;27.4;0.0;0.0;0.0;0.0;0.0;0.0;0.0;0.0
Chaval;CHAVAL;-3.0363333333333;-41.239888888889;1994;6;97.2;0.0;0.0;0.0;0.0;0.0;0.0;0.0;0.0;0.0;9.4;0.0;0.0;0.0;0.0;0.0;0.0;39.0;11.2;0.0;0.0;0.0;0.0;0.0;0.0;0.0;0.0;4.0;13.6;20.0;0.0;888.0
Chaval;CHAVAL;-3.0363333333333;-41.239888888889;1994;7;0.0;0.0;0.0;0.0;0.0;0.0;0.0;0.0;0.0;0.0;0.0;0.0;0.0;0.0;0.0;0.0;0.0;0.0;0.0;0.0;0.0;0.0;0.0;0.0;0.0;0.0;0.0;0.0;0.0;0.0;0.0;0.0
Chaval;CHAVAL;-3.0363333333333;-41.239888888889;1994;8;0.0;0.0;0.0;0.0;0.0;0.0;0.0;0.0;0.0;0.0;0.0;0.0;0.0;0.0;0.0;0.0;0.0;0.0;0.0;0.0;0.0;0.0;0.0;0.0;0.0;0.0;0.0;0.0;0.0;0.0;0.0;0.0
Chaval;CHAVAL;-3.0363333333333;-41.239888888889;1994;9;0.0;0.0;0.0;0.0;0.0;0.0;0.0;0.0;0.0;0.0;0.0;0.0;0.0;0.0;0.0;0.0;0.0;0.0;0.0;0.0;0.0;0.0;0.0;0.0;0.0;0.0;0.0;0.0;0.0;0.0;0.0;888.0
Chaval;CHAVAL;-3.0363333333333;-41.239888888889;1994;10;0.0;0.0;0.0;0.0;0.0;0.0;0.0;0.0;0.0;0.0;0.0;0.0;0.0;0.0;0.0;0.0;0.0;0.0;0.0;0.0;0.0;0.0;0.0;0.0;0.0;0.0;0.0;0.0;0.0;0.0;0.0;0.0
Chaval;CHAVAL;-3.0363333333333;-41.239888888889;1994;11;0.0;0.0;0.0;0.0;0.0;0.0;0.0;0.0;0.0;0.0;0.0;0.0;0.0;0.0;0.0;0.0;0.0;0.0;0.0;0.0;0.0;0.0;0.0;0.0;0.0;0.0;0.0;0.0;0.0;0.0;0.0;888.0
Chaval;CHAVAL;-3.0363333333333;-41.239888888889;1994;12;105.8;0.0;0.0;0.0;0.0;0.0;0.0;0.0;0.0;0.0;0.0;0.0;0.0;0.0;0.0;0.0;0.0;0.0;0.0;0.0;0.0;0.0;0.0;0.0;0.0;0.0;0.0;36.0;40.0;18.2;7.0;4.6
Chaval;CHAVAL;-3.0363333333333;-41.239888888889;1995;1;36.4;0.0;0.0;0.0;0.0;0.0;19.0;0.0;0.0;0.0;0.0;0.0;0.0;0.0;0.0;0.0;0.0;0.0;0.0;0.0;0.0;0.0;0.0;0.0;0.0;0.0;0.0;0.0;0.0;10.4;7.0;0.0
Chaval;CHAVAL;-3.0363333333333;-41.239888888889;1995;2;140.8;0.0;0.0;0.0;3.0;4.2;0.0;6.0;0.0;0.0;6.0;12.0;20.0;0.0;8.4;16.6;0.0;0.0;0.0;0.0;0.0;3.8;8.4;7.4;0.0;0.0;0.0;45.0;0.0;888.0;888.0;888.0
Chaval;CHAVAL;-3.0363333333333;-41.239888888889;1995;3;340.8;0.0;4.2;0.0;0.0;0.0;7.2;3.8;0.0;0.0;3.0;0.0;11.4;0.0;0.0;38.0;2.0;0.0;8.0;0.0;16.0;0.0;0.0;0.0;30.6;12.2;60.0;0.0;55.0;49.0;40.4;0.0
Chaval;CHAVAL;-3.0363333333333;-41.239888888889;1995;4;260.6;0.0;15.0;26.0;8.6;10.0;12.4;5.6;0.0;5.2;11.2;7.6;3.4;0.0;0.0;0.0;0.0;67.4;0.0;0.0;16.4;0.0;49.0;0.0;0.0;0.0;0.0;0.0;22.8;0.0;0.0;888.0
Chaval;CHAVAL;-3.0363333333333;-41.239888888889;1995;5;254.8;0.0;63.0;0.0;6.2;18.0;0.0;11.4;0.0;4.8;0.0;0.0;0.0;35.0;5.4;0.0;17.8;0.0;0.0;6.2;0.0;37.2;0.0;0.0;0.0;17.2;0.0;7.0;5.0;0.0;12.2;8.4
Chaval;CHAVAL;-3.0363333333333;-41.239888888889;1995;6;0.0;0.0;0.0;0.0;0.0;0.0;0.0;0.0;0.0;0.0;0.0;0.0;0.0;0.0;0.0;0.0;0.0;0.0;0.0;0.0;0.0;0.0;0.0;0.0;0.0;0.0;0.0;0.0;0.0;0.0;0.0;888.0
Chaval;CHAVAL;-3.0363333333333;-41.239888888889;1995;7;40.0;0.0;0.0;0.0;22.0;0.0;0.0;0.0;0.0;0.0;0.0;0.0;0.0;0.0;0.0;0.0;9.0;0.0;9.0;0.0;0.0;0.0;0.0;0.0;0.0;0.0;0.0;0.0;0.0;0.0;0.0;0.0
Chaval;CHAVAL;-3.0363333333333;-41.239888888889;1995;8;0.0;0.0;0.0;0.0;0.0;0.0;0.0;0.0;0.0;0.0;0.0;0.0;0.0;0.0;0.0;0.0;0.0;0.0;0.0;0.0;0.0;0.0;0.0;0.0;0.0;0.0;0.0;0.0;0.0;0.0;0.0;0.0
Chaval;CHAVAL;-3.0363333333333;-41.239888888889;1995;9;0.0;0.0;0.0;0.0;0.0;0.0;0.0;0.0;0.0;0.0;0.0;0.0;0.0;0.0;0.0;0.0;0.0;0.0;0.0;0.0;0.0;0.0;0.0;0.0;0.0;0.0;0.0;0.0;0.0;0.0;0.0;888.0
Chaval;CHAVAL;-3.0363333333333;-41.239888888889;1995;10;0.0;0.0;0.0;0.0;0.0;0.0;0.0;0.0;0.0;0.0;0.0;0.0;0.0;0.0;0.0;0.0;0.0;0.0;0.0;0.0;0.0;0.0;0.0;0.0;0.0;0.0;0.0;0.0;0.0;0.0;0.0;0.0
Chaval;CHAVAL;-3.0363333333333;-41.239888888889;1995;11;0.0;0.0;0.0;0.0;0.0;0.0;0.0;0.0;0.0;0.0;0.0;0.0;0.0;0.0;0.0;0.0;0.0;0.0;0.0;0.0;0.0;0.0;0.0;0.0;0.0;0.0;0.0;0.0;0.0;0.0;0.0;888.0
Chaval;CHAVAL;-3.0363333333333;-41.239888888889;1995;12;0.0;0.0;0.0;0.0;0.0;0.0;0.0;0.0;0.0;0.0;0.0;0.0;0.0;0.0;0.0;0.0;0.0;0.0;0.0;0.0;0.0;0.0;0.0;0.0;0.0;0.0;0.0;0.0;0.0;0.0;0.0;0.0
Chaval;CHAVAL;-3.0363333333333;-41.239888888889;1996;1;132.9;0.0;0.0;0.0;0.0;0.0;34.5;0.0;33.2;0.0;0.0;0.0;0.0;0.0;0.0;10.2;0.0;37.0;0.0;0.0;0.0;0.0;15.4;0.0;0.0;0.0;0.0;0.0;0.0;0.0;0.0;2.6
Chaval;CHAVAL;-3.0363333333333;-41.239888888889;1996;2;162.8;0.0;4.0;0.0;0.0;0.0;3.0;7.4;0.0;0.0;0.0;0.0;0.0;5.8;0.0;0.0;0.0;0.0;0.0;0.0;72.6;0.0;6.4;11.0;18.0;12.0;7.6;0.0;0.0;15.0;888.0;888.0
Chaval;CHAVAL;-3.0363333333333;-41.239888888889;1996;3;410.4;0.0;0.0;9.0;34.0;6.4;9.0;34.0;4.6;0.0;0.0;57.2;0.0;28.0;0.0;0.0;0.0;0.0;8.0;16.0;3.0;43.0;18.0;51.0;0.0;5.4;0.0;0.0;39.6;0.0;0.0;44.2
Chaval;CHAVAL;-3.0363333333333;-41.239888888889;1996;4;420.0;2.4;0.0;0.0;0.0;37.2;0.0;0.0;0.0;6.2;1.4;0.0;0.0;0.0;89.0;15.8;0.0;0.0;124.6;0.0;20.0;0.0;0.0;66.4;0.0;0.0;49.0;0.0;0.0;0.0;8.0;888.0
Chaval;CHAVAL;-3.0363333333333;-41.239888888889;1996;5;80.0;0.0;0.0;0.0;0.0;0.0;8.4;2.0;0.0;0.0;4.0;0.0;7.0;0.0;0.0;0.0;0.0;0.0;0.0;38.0;0.0;0.0;0.0;0.0;20.6;0.0;0.0;0.0;0.0;0.0;0.0;0.0
Chaval;CHAVAL;-3.0363333333333;-41.239888888889;1996;6;0.0;0.0;0.0;0.0;0.0;0.0;0.0;0.0;0.0;0.0;0.0;0.0;0.0;0.0;0.0;0.0;0.0;0.0;0.0;0.0;0.0;0.0;0.0;0.0;0.0;0.0;0.0;0.0;0.0;0.0;0.0;888.0
Chaval;CHAVAL;-3.0363333333333;-41.239888888889;1996;7;27.0;0.0;0.0;0.0;0.0;0.0;0.0;0.0;0.0;0.0;0.0;0.0;0.0;0.0;0.0;27.0;0.0;0.0;0.0;0.0;0.0;0.0;0.0;0.0;0.0;0.0;0.0;0.0;0.0;0.0;0.0;0.0
Chaval;CHAVAL;-3.0363333333333;-41.239888888889;1996;8;7.2;0.0;0.0;0.0;0.0;0.0;0.0;0.0;0.0;0.0;0.0;0.0;0.0;0.0;0.0;0.0;0.0;0.0;0.0;0.0;0.0;7.2;0.0;0.0;0.0;0.0;0.0;0.0;0.0;0.0;0.0;0.0
Chaval;CHAVAL;-3.0363333333333;-41.239888888889;1996;9;0.0;0.0;0.0;0.0;0.0;0.0;0.0;0.0;0.0;0.0;0.0;0.0;0.0;0.0;0.0;0.0;0.0;0.0;0.0;0.0;0.0;0.0;0.0;0.0;0.0;0.0;0.0;0.0;0.0;0.0;0.0;888.0
Chaval;CHAVAL;-3.0363333333333;-41.239888888889;1996;10;0.0;0.0;0.0;0.0;0.0;0.0;0.0;0.0;0.0;0.0;0.0;0.0;0.0;0.0;0.0;0.0;0.0;0.0;0.0;0.0;0.0;0.0;0.0;0.0;0.0;0.0;0.0;0.0;0.0;0.0;0.0;0.0
Chaval;CHAVAL;-3.0363333333333;-41.239888888889;1996;11;6.2;0.0;0.0;0.0;0.0;0.0;0.0;0.0;0.0;0.0;0.0;0.0;0.0;0.0;0.0;0.0;0.0;0.0;0.0;6.2;0.0;0.0;0.0;0.0;0.0;0.0;0.0;0.0;0.0;0.0;0.0;888.0
Chaval;CHAVAL;-3.0363333333333;-41.239888888889;1996;12;0.0;0.0;0.0;0.0;0.0;0.0;0.0;0.0;0.0;0.0;0.0;0.0;0.0;0.0;0.0;0.0;0.0;0.0;0.0;0.0;0.0;0.0;0.0;0.0;0.0;0.0;0.0;0.0;0.0;0.0;0.0;0.0
Chaval;CHAVAL;-3.0363333333333;-41.239888888889;1997;1;31.0;0.0;0.0;0.0;0.0;0.0;0.0;0.0;0.0;0.0;0.0;0.0;0.0;0.0;0.0;0.0;0.0;0.0;0.0;0.0;0.0;0.0;0.0;0.0;0.0;0.0;21.0;0.0;10.0;0.0;0.0;0.0
Chaval;CHAVAL;-3.0363333333333;-41.239888888889;1997;2;50.0;0.0;12.0;0.0;0.0;0.0;0.0;0.0;9.4;0.0;0.0;0.0;0.0;0.0;0.0;0.0;8.0;3.0;4.4;11.0;0.0;0.0;0.0;0.0;2.2;0.0;0.0;0.0;0.0;888.0;888.0;888.0
Chaval;CHAVAL;-3.0363333333333;-41.239888888889;1997;3;246.6;0.0;12.6;0.0;7.6;18.0;0.0;0.0;0.0;0.0;0.0;0.0;0.0;0.0;8.0;9.0;0.0;0.0;0.0;0.0;0.0;0.0;42.2;43.8;0.0;75.0;6.4;0.0;24.0;0.0;0.0;0.0
Chaval;CHAVAL;-3.0363333333333;-41.239888888889;1997;4;206.4;0.0;0.0;4.4;1.6;0.0;5.0;0.0;13.0;45.0;0.0;34.2;25.6;1.6;5.0;18.0;8.0;0.0;0.0;0.0;0.0;0.0;0.0;2.2;18.0;1.6;2.2;0.0;0.0;15.0;6.0;888.0
Chaval;CHAVAL;-3.0363333333333;-41.239888888889;1997;5;103.6;0.0;5.0;0.0;0.0;0.0;40.0;10.8;0.8;15.0;0.0;0.0;6.0;0.0;2.6;10.0;0.0;0.0;0.0;0.0;0.0;0.0;2.2;0.0;0.0;0.0;11.2;0.0;0.0;0.0;0.0;0.0
Chaval;CHAVAL;-3.0363333333333;-41.239888888889;1997;6;0.0;0.0;0.0;0.0;0.0;0.0;0.0;0.0;0.0;0.0;0.0;0.0;0.0;0.0;0.0;0.0;0.0;0.0;0.0;0.0;0.0;0.0;0.0;0.0;0.0;0.0;0.0;0.0;0.0;0.0;0.0;888.0
Chaval;CHAVAL;-3.0363333333333;-41.239888888889;1997;7;0.0;0.0;0.0;0.0;0.0;0.0;0.0;0.0;0.0;0.0;0.0;0.0;0.0;0.0;0.0;0.0;0.0;0.0;0.0;0.0;0.0;0.0;0.0;0.0;0.0;0.0;0.0;0.0;0.0;0.0;0.0;0.0
Chaval;CHAVAL;-3.0363333333333;-41.239888888889;1997;8;0.0;0.0;0.0;0.0;0.0;0.0;0.0;0.0;0.0;0.0;0.0;0.0;0.0;0.0;0.0;0.0;0.0;0.0;0.0;0.0;0.0;0.0;0.0;0.0;0.0;0.0;0.0;0.0;0.0;0.0;0.0;0.0
Chaval;CHAVAL;-3.0363333333333;-41.239888888889;1997;9;0.0;0.0;0.0;0.0;0.0;0.0;0.0;0.0;0.0;0.0;0.0;0.0;0.0;0.0;0.0;0.0;0.0;0.0;0.0;0.0;0.0;0.0;0.0;0.0;0.0;0.0;0.0;0.0;0.0;0.0;0.0;888.0
Chaval;CHAVAL;-3.0363333333333;-41.239888888889;1997;10;0.0;0.0;0.0;0.0;0.0;0.0;0.0;0.0;0.0;0.0;0.0;0.0;0.0;0.0;0.0;0.0;0.0;0.0;0.0;0.0;0.0;0.0;0.0;0.0;0.0;0.0;0.0;0.0;0.0;0.0;0.0;0.0
Chaval;CHAVAL;-3.0363333333333;-41.239888888889;1997;11;0.0;0.0;0.0;0.0;0.0;0.0;0.0;0.0;0.0;0.0;0.0;0.0;0.0;0.0;0.0;0.0;0.0;0.0;0.0;0.0;0.0;0.0;0.0;0.0;0.0;0.0;0.0;0.0;0.0;0.0;0.0;888.0
Chaval;CHAVAL;-3.0363333333333;-41.239888888889;1997;12;41.0;0.0;0.0;0.0;0.0;0.0;0.0;0.0;0.0;0.0;0.0;0.0;0.0;0.0;0.0;0.0;0.0;0.0;0.0;19.0;0.0;0.0;0.0;0.0;0.0;0.0;0.0;0.0;0.0;0.0;22.0;0.0
Chaval;CHAVAL;-3.0363333333333;-41.239888888889;1998;1;208.7;9.0;2.0;0.0;7.0;0.0;0.0;0.0;0.0;5.5;0.0;12.0;11.0;0.0;28.0;1.0;0.0;8.6;0.0;1.3;40.0;6.4;7.3;3.2;0.0;0.0;1.4;51.0;0.0;9.0;5.0;0.0
Chaval;CHAVAL;-3.0363333333333;-41.239888888889;1998;2;94.2;0.0;16.2;19.0;2.3;0.0;0.0;0.0;0.0;0.0;0.0;0.0;0.0;0.0;0.0;0.0;0.0;0.0;0.0;45.3;0.0;0.0;0.0;0.0;11.4;0.0;0.0;0.0;0.0;888.0;888.0;888.0
Chaval;CHAVAL;-3.0363333333333;-41.239888888889;1998;3;265.8;0.0;4.3;22.0;10.2;0.0;0.0;0.0;0.0;0.0;25.0;35.0;4.0;0.0;23.0;6.4;9.4;0.0;0.0;15.3;13.3;2.2;5.2;7.0;22.3;0.0;29.4;13.0;0.0;17.4;1.4;0.0
Chaval;CHAVAL;-3.0363333333333;-41.239888888889;1998;4;155.3;17.0;34.2;0.0;21.4;0.0;0.0;0.0;4.0;9.4;4.0;0.0;0.0;0.0;2.2;0.0;15.2;0.0;0.0;8.5;13.4;0.0;0.0;0.0;0.0;0.0;0.0;0.0;26.0;0.0;0.0;888.0
Chaval;CHAVAL;-3.0363333333333;-41.239888888889;1998;5;60.3;0.0;17.2;5.4;0.0;4.2;0.0;0.0;4.0;0.0;16.3;0.0;0.0;0.0;0.0;0.0;0.0;0.0;0.0;0.0;0.0;0.0;0.0;0.0;5.2;0.0;0.0;0.0;0.0;8.0;0.0;0.0
Chaval;CHAVAL;-3.0363333333333;-41.239888888889;1998;6;0.0;0.0;0.0;0.0;0.0;0.0;0.0;0.0;0.0;0.0;0.0;0.0;0.0;0.0;0.0;0.0;0.0;0.0;0.0;0.0;0.0;0.0;0.0;0.0;0.0;0.0;0.0;0.0;0.0;0.0;0.0;888.0
Chaval;CHAVAL;-3.0363333333333;-41.239888888889;1998;7;0.0;0.0;0.0;0.0;0.0;0.0;0.0;0.0;0.0;0.0;0.0;0.0;0.0;0.0;0.0;0.0;0.0;0.0;0.0;0.0;0.0;0.0;0.0;0.0;0.0;0.0;0.0;0.0;0.0;0.0;0.0;0.0
Chaval;CHAVAL;-3.0363333333333;-41.239888888889;1998;8;0.0;0.0;0.0;0.0;0.0;0.0;0.0;0.0;0.0;0.0;0.0;0.0;0.0;0.0;0.0;0.0;0.0;0.0;0.0;0.0;0.0;0.0;0.0;0.0;0.0;0.0;0.0;0.0;0.0;0.0;0.0;0.0
Chaval;CHAVAL;-3.0363333333333;-41.239888888889;1998;9;0.0;0.0;0.0;0.0;0.0;0.0;0.0;0.0;0.0;0.0;0.0;0.0;0.0;0.0;0.0;0.0;0.0;0.0;0.0;0.0;0.0;0.0;0.0;0.0;0.0;0.0;0.0;0.0;0.0;0.0;0.0;888.0
Chaval;CHAVAL;-3.0363333333333;-41.239888888889;1998;10;0.0;0.0;0.0;0.0;0.0;0.0;0.0;0.0;0.0;0.0;0.0;0.0;0.0;0.0;0.0;0.0;0.0;0.0;0.0;0.0;0.0;0.0;0.0;0.0;0.0;0.0;0.0;0.0;0.0;0.0;0.0;0.0
Chaval;CHAVAL;-3.0363333333333;-41.239888888889;1998;11;0.0;0.0;0.0;0.0;0.0;0.0;0.0;0.0;0.0;0.0;0.0;0.0;0.0;0.0;0.0;0.0;0.0;0.0;0.0;0.0;0.0;0.0;0.0;0.0;0.0;0.0;0.0;0.0;0.0;0.0;0.0;888.0
Chaval;CHAVAL;-3.0363333333333;-41.239888888889;1998;12;27.3;0.0;0.0;0.0;0.0;0.0;0.0;0.0;0.0;0.0;0.0;0.0;0.0;0.0;0.0;0.0;0.0;0.0;0.0;0.0;0.0;0.0;0.0;27.3;0.0;0.0;0.0;0.0;0.0;0.0;0.0;0.0
Chaval;CHAVAL;-3.0363333333333;-41.239888888889;1999;1;55.0;0.0;0.0;0.0;0.0;0.0;0.0;0.0;0.0;0.0;0.0;0.0;0.0;0.0;0.0;30.0;0.0;0.0;0.0;0.0;1.0;0.0;3.3;7.0;0.0;0.0;0.0;0.0;0.0;0.0;8.4;5.3
Chaval;CHAVAL;-3.0363333333333;-41.239888888889;1999;2;143.2;0.0;0.0;0.0;0.0;43.2;3.0;0.0;0.0;0.0;0.0;0.0;0.0;0.0;0.0;0.0;0.0;0.0;15.4;8.5;0.0;0.0;0.0;13.4;6.4;0.0;15.3;0.0;38.0;888.0;888.0;888.0
Chaval;CHAVAL;-3.0363333333333;-41.239888888889;1999;3;308.3;0.0;20.4;21.4;0.0;0.0;47.3;0.0;5.2;0.0;0.0;0.0;0.0;30.0;0.0;12.4;26.0;17.3;27.0;24.0;0.0;0.0;0.0;29.0;0.0;0.0;0.0;0.0;20.0;0.0;28.3;0.0
Chaval;CHAVAL;-3.0363333333333;-41.239888888889;1999;4;171.5;0.0;0.0;15.0;0.0;16.0;0.0;0.0;0.0;0.0;14.0;0.0;12.0;8.0;1.5;7.0;0.0;0.0;0.0;0.0;0.0;0.0;9.0;12.0;0.0;9.0;0.0;8.0;17.0;28.0;15.0;888.0
Chaval;CHAVAL;-3.0363333333333;-41.239888888889;1999;5;196.8;0.0;13.3;6.2;6.0;4.2;2.0;14.0;8.0;0.0;35.0;0.0;9.4;0.0;0.0;9.0;0.0;5.3;4.0;0.0;0.0;0.0;0.0;45.0;0.0;0.0;0.0;0.0;12.0;0.0;0.0;23.4
Chaval;CHAVAL;-3.0363333333333;-41.239888888889;1999;6;0.0;0.0;0.0;0.0;0.0;0.0;0.0;0.0;0.0;0.0;0.0;0.0;0.0;0.0;0.0;0.0;0.0;0.0;0.0;0.0;0.0;0.0;0.0;0.0;0.0;0.0;0.0;0.0;0.0;0.0;0.0;888.0
Chaval;CHAVAL;-3.0363333333333;-41.239888888889;1999;7;0.0;0.0;0.0;0.0;0.0;0.0;0.0;0.0;0.0;0.0;0.0;0.0;0.0;0.0;0.0;0.0;0.0;0.0;0.0;0.0;0.0;0.0;0.0;0.0;0.0;0.0;0.0;0.0;0.0;0.0;0.0;0.0
Chaval;CHAVAL;-3.0363333333333;-41.239888888889;1999;8;0.0;0.0;0.0;0.0;0.0;0.0;0.0;0.0;0.0;0.0;0.0;0.0;0.0;0.0;0.0;0.0;0.0;0.0;0.0;0.0;0.0;0.0;0.0;0.0;0.0;0.0;0.0;0.0;0.0;0.0;0.0;0.0
Chaval;CHAVAL;-3.0363333333333;-41.239888888889;1999;9;0.0;0.0;0.0;0.0;0.0;0.0;0.0;0.0;0.0;0.0;0.0;0.0;0.0;0.0;0.0;0.0;0.0;0.0;0.0;0.0;0.0;0.0;0.0;0.0;0.0;0.0;0.0;0.0;0.0;0.0;0.0;888.0
Chaval;CHAVAL;-3.0363333333333;-41.239888888889;1999;10;0.0;0.0;0.0;0.0;0.0;0.0;0.0;0.0;0.0;0.0;0.0;0.0;0.0;0.0;0.0;0.0;0.0;0.0;0.0;0.0;0.0;0.0;0.0;0.0;0.0;0.0;0.0;0.0;0.0;0.0;0.0;0.0
Chaval;CHAVAL;-3.0363333333333;-41.239888888889;1999;11;8.0;0.0;0.0;0.0;0.0;0.0;0.0;0.0;0.0;0.0;0.0;0.0;0.0;0.0;0.0;0.0;0.0;0.0;0.0;0.0;0.0;0.0;0.0;0.0;0.0;8.0;0.0;0.0;0.0;0.0;0.0;888.0
Chaval;CHAVAL;-3.0363333333333;-41.239888888889;1999;12;44.4;0.0;0.0;0.0;0.0;0.0;0.0;0.0;0.0;0.0;0.0;0.0;0.0;18.0;0.0;0.0;0.0;0.0;0.0;0.0;0.0;0.0;0.0;20.2;6.2;0.0;0.0;0.0;0.0;0.0;0.0;0.0
Chaval;CHAVAL;-3.0363333333333;-41.239888888889;2000;1;154.2;0.0;0.0;0.0;21.3;16.4;5.1;0.0;0.0;14.3;30.0;8.0;12.3;0.0;5.3;13.3;0.0;0.0;4.2;7.8;0.0;0.0;0.0;0.0;13.2;0.0;0.0;0.0;0.0;0.0;0.0;3.0
Chaval;CHAVAL;-3.0363333333333;-41.239888888889;2000;2;294.2;0.0;0.0;20.8;0.0;0.0;0.0;38.6;0.0;43.6;0.0;0.0;0.0;8.0;10.6;26.0;0.0;7.4;15.6;26.0;3.0;3.0;0.0;39.0;20.4;10.4;0.0;9.0;7.0;5.8;888.0;888.0
Chaval;CHAVAL;-3.0363333333333;-41.239888888889;2000;3;168.2;0.0;0.0;8.8;12.2;0.0;0.0;9.0;3.2;0.0;18.0;4.8;4.8;7.6;4.0;0.0;7.6;0.0;0.0;5.2;3.0;0.0;9.8;0.0;0.0;13.0;7.0;6.0;20.0;21.4;2.8;0.0
Chaval;CHAVAL;-3.0363333333333;-41.239888888889;2000;4;434.6;0.0;13.0;22.4;0.0;0.0;31.6;0.0;0.0;3.0;0.0;6.6;20.0;0.0;75.6;22.4;0.0;88.0;0.0;9.2;45.0;0.0;26.0;0.0;23.4;5.0;0.0;0.0;0.0;25.0;18.4;888.0
Chaval;CHAVAL;-3.0363333333333;-41.239888888889;2000;5;121.2;0.0;0.0;0.0;13.0;0.0;0.0;0.0;6.0;4.4;29.4;0.0;0.0;5.6;0.0;0.0;0.0;0.0;23.2;5.2;18.4;0.0;0.0;0.0;0.0;0.0;0.0;0.0;0.0;0.0;16.0;0.0
Chaval;CHAVAL;-3.0363333333333;-41.239888888889;2000;6;51.6;6.0;0.0;0.0;0.0;0.0;0.0;0.0;0.0;0.0;7.4;0.0;0.0;0.0;0.0;0.0;6.4;8.4;6.0;0.0;5.4;0.0;0.0;0.0;0.0;0.0;0.0;12.0;0.0;0.0;0.0;888.0
Chaval;CHAVAL;-3.0363333333333;-41.239888888889;2000;7;67.2;0.0;0.0;0.0;23.2;0.0;0.0;0.0;0.0;0.0;0.0;0.0;3.0;34.6;0.0;6.4;0.0;0.0;0.0;0.0;0.0;0.0;0.0;0.0;0.0;0.0;0.0;0.0;0.0;0.0;0.0;0.0
Chaval;CHAVAL;-3.0363333333333;-41.239888888889;2000;8;12.4;0.0;0.0;0.0;0.0;0.0;0.0;8.0;0.0;4.4;0.0;0.0;0.0;0.0;0.0;0.0;0.0;0.0;0.0;0.0;0.0;0.0;0.0;0.0;0.0;0.0;0.0;0.0;0.0;0.0;0.0;0.0
Chaval;CHAVAL;-3.0363333333333;-41.239888888889;2000;9;0.0;0.0;0.0;0.0;0.0;0.0;0.0;0.0;0.0;0.0;0.0;0.0;0.0;0.0;0.0;0.0;0.0;0.0;0.0;0.0;0.0;0.0;0.0;0.0;0.0;0.0;0.0;0.0;0.0;0.0;0.0;888.0
Chaval;CHAVAL;-3.0363333333333;-41.239888888889;2000;10;0.0;0.0;0.0;0.0;0.0;0.0;0.0;0.0;0.0;0.0;0.0;0.0;0.0;0.0;0.0;0.0;0.0;0.0;0.0;0.0;0.0;0.0;0.0;0.0;0.0;0.0;0.0;0.0;0.0;0.0;0.0;0.0
Chaval;CHAVAL;-3.0363333333333;-41.239888888889;2000;11;0.0;0.0;0.0;0.0;0.0;0.0;0.0;0.0;0.0;0.0;0.0;0.0;0.0;0.0;0.0;0.0;0.0;0.0;0.0;0.0;0.0;0.0;0.0;0.0;0.0;0.0;0.0;0.0;0.0;0.0;0.0;888.0
Chaval;CHAVAL;-3.0363333333333;-41.239888888889;2000;12;0.0;0.0;0.0;0.0;0.0;0.0;0.0;0.0;0.0;0.0;0.0;0.0;0.0;0.0;0.0;0.0;0.0;0.0;0.0;0.0;0.0;0.0;0.0;0.0;0.0;0.0;0.0;0.0;0.0;0.0;0.0;0.0
Chaval;CHAVAL;-3.0363333333333;-41.239888888889;2001;1;145.4;0.0;0.0;0.0;0.0;2.6;0.0;0.0;7.6;0.0;0.0;22.2;15.2;28.8;0.0;0.0;0.0;15.6;0.0;0.0;0.0;0.0;12.2;26.2;9.0;0.0;0.0;0.0;6.0;0.0;0.0;0.0
Chaval;CHAVAL;-3.0363333333333;-41.239888888889;2001;2;159.4;2.6;0.0;24.4;8.6;0.0;0.0;0.0;0.0;7.6;4.0;0.0;5.4;10.2;14.6;0.0;0.0;0.0;44.0;9.8;0.0;3.0;0.0;0.0;0.0;0.0;23.0;0.0;2.2;888.0;888.0;888.0
Chaval;CHAVAL;-3.0363333333333;-41.239888888889;2001;3;226.6;0.0;20.0;2.2;0.0;0.0;5.0;38.8;0.0;17.4;5.8;10.8;18.0;22.0;7.0;13.0;3.0;21.0;13.0;2.0;0.0;3.2;0.0;0.0;0.0;0.0;10.4;0.0;0.0;8.4;0.0;5.6
Chaval;CHAVAL;-3.0363333333333;-41.239888888889;2001;4;332.4;4.6;0.0;10.0;15.8;0.0;3.6;0.0;0.0;17.2;0.0;77.0;0.0;0.0;24.0;0.0;0.0;0.0;0.0;76.4;0.0;0.0;32.0;0.0;0.0;0.0;0.0;24.0;23.6;14.0;10.2;888.0
Chaval;CHAVAL;-3.0363333333333;-41.239888888889;2001;5;83.6;0.0;0.0;0.0;0.0;0.0;7.4;34.0;16.0;0.0;0.0;8.0;0.0;5.0;0.0;0.0;0.0;0.0;0.0;0.0;0.0;0.0;4.2;0.0;0.0;0.0;9.0;0.0;0.0;0.0;0.0;0.0
Chaval;CHAVAL;-3.0363333333333;-41.239888888889;2001;6;32.0;0.0;13.0;0.0;0.0;7.0;6.2;0.0;0.0;0.0;0.0;0.0;0.0;0.0;0.0;0.0;0.0;0.0;0.0;0.0;0.0;0.0;0.0;5.8;0.0;0.0;0.0;0.0;0.0;0.0;0.0;888.0
Chaval;CHAVAL;-3.0363333333333;-41.239888888889;2001;7;0.0;0.0;0.0;0.0;0.0;0.0;0.0;0.0;0.0;0.0;0.0;0.0;0.0;0.0;0.0;0.0;0.0;0.0;0.0;0.0;0.0;0.0;0.0;0.0;0.0;0.0;0.0;0.0;0.0;0.0;0.0;0.0
Chaval;CHAVAL;-3.0363333333333;-41.239888888889;2001;8;0.0;0.0;0.0;0.0;0.0;0.0;0.0;0.0;0.0;0.0;0.0;0.0;0.0;0.0;0.0;0.0;0.0;0.0;0.0;0.0;0.0;0.0;0.0;0.0;0.0;0.0;0.0;0.0;0.0;0.0;0.0;0.0
Chaval;CHAVAL;-3.0363333333333;-41.239888888889;2001;9;0.0;0.0;0.0;0.0;0.0;0.0;0.0;0.0;0.0;0.0;0.0;0.0;0.0;0.0;0.0;0.0;0.0;0.0;0.0;0.0;0.0;0.0;0.0;0.0;0.0;0.0;0.0;0.0;0.0;0.0;0.0;888.0
Chaval;CHAVAL;-3.0363333333333;-41.239888888889;2001;10;0.0;0.0;0.0;0.0;0.0;0.0;0.0;0.0;0.0;0.0;0.0;0.0;0.0;0.0;0.0;0.0;0.0;0.0;0.0;0.0;0.0;0.0;0.0;0.0;0.0;0.0;0.0;0.0;0.0;0.0;0.0;0.0
Chaval;CHAVAL;-3.0363333333333;-41.239888888889;2001;11;0.0;0.0;0.0;0.0;0.0;0.0;0.0;0.0;0.0;0.0;0.0;0.0;0.0;0.0;0.0;0.0;0.0;0.0;0.0;0.0;0.0;0.0;0.0;0.0;0.0;0.0;0.0;0.0;0.0;0.0;0.0;888.0
Chaval;CHAVAL;-3.0363333333333;-41.239888888889;2001;12;0.0;0.0;0.0;0.0;0.0;0.0;0.0;0.0;0.0;0.0;0.0;0.0;0.0;0.0;0.0;0.0;0.0;0.0;0.0;0.0;0.0;0.0;0.0;0.0;0.0;0.0;0.0;0.0;0.0;0.0;0.0;0.0
Chaval;CHAVAL;-3.0363333333333;-41.239888888889;2002;1;232.0;0.0;0.0;0.0;0.0;0.0;0.0;6.0;6.8;55.8;0.0;5.0;0.0;0.0;0.0;16.2;36.0;14.0;61.0;0.0;0.0;0.0;0.0;0.0;0.0;3.0;4.2;4.0;10.0;0.0;10.0;0.0
Chaval;CHAVAL;-3.0363333333333;-41.239888888889;2002;2;87.6;16.0;0.0;11.2;0.0;0.0;0.0;22.8;0.0;0.0;0.0;21.0;0.0;8.8;0.0;5.8;2.0;0.0;0.0;0.0;0.0;0.0;0.0;0.0;0.0;0.0;0.0;0.0;0.0;888.0;888.0;888.0
Chaval;CHAVAL;-3.0363333333333;-41.239888888889;2002;3;131.2;0.0;0.0;0.0;6.0;0.0;0.0;10.8;0.0;19.0;0.0;12.2;14.0;0.0;0.0;0.0;0.0;0.0;0.0;12.0;15.0;0.0;0.0;13.8;4.4;0.0;24.0;0.0;0.0;0.0;0.0;0.0
Chaval;CHAVAL;-3.0363333333333;-41.239888888889;2002;4;253.8;0.0;0.0;0.0;12.8;10.0;14.8;74.0;0.0;0.0;7.4;21.0;19.6;9.2;0.0;3.8;0.0;15.0;0.0;0.0;0.0;10.8;2.4;0.0;5.0;0.0;0.0;0.0;42.0;6.0;0.0;888.0
Chaval;CHAVAL;-3.0363333333333;-41.239888888889;2002;5;118.0;3.4;30.0;14.6;4.0;0.0;0.0;0.0;12.8;6.2;0.0;8.0;7.0;0.0;0.0;0.0;0.0;4.0;0.0;0.0;0.0;0.0;0.0;0.0;4.2;0.0;15.0;5.0;0.0;0.0;0.0;3.8
Chaval;CHAVAL;-3.0363333333333;-41.239888888889;2002;6;53.6;0.0;14.0;0.0;0.0;0.0;0.0;27.0;0.0;0.0;0.0;0.0;0.0;0.0;5.4;0.0;0.0;0.0;0.0;7.2;0.0;0.0;0.0;0.0;0.0;0.0;0.0;0.0;0.0;0.0;0.0;888.0
Chaval;CHAVAL;-3.0363333333333;-41.239888888889;2002;7;24.6;0.0;19.6;0.0;0.0;0.0;0.0;0.0;0.0;0.0;0.0;5.0;0.0;0.0;0.0;0.0;0.0;0.0;0.0;0.0;0.0;0.0;0.0;0.0;0.0;0.0;0.0;0.0;0.0;0.0;0.0;0.0
Chaval;CHAVAL;-3.0363333333333;-41.239888888889;2002;8;0.0;0.0;0.0;0.0;0.0;0.0;0.0;0.0;0.0;0.0;0.0;0.0;0.0;0.0;0.0;0.0;0.0;0.0;0.0;0.0;0.0;0.0;0.0;0.0;0.0;0.0;0.0;0.0;0.0;0.0;0.0;0.0
Chaval;CHAVAL;-3.0363333333333;-41.239888888889;2002;9;0.0;0.0;0.0;0.0;0.0;0.0;0.0;0.0;0.0;0.0;0.0;0.0;0.0;0.0;0.0;0.0;0.0;0.0;0.0;0.0;0.0;0.0;0.0;0.0;0.0;0.0;0.0;0.0;0.0;0.0;0.0;888.0
Chaval;CHAVAL;-3.0363333333333;-41.239888888889;2002;10;0.0;0.0;0.0;0.0;0.0;0.0;0.0;0.0;0.0;0.0;0.0;0.0;0.0;0.0;0.0;0.0;0.0;0.0;0.0;0.0;0.0;0.0;0.0;0.0;0.0;0.0;0.0;0.0;0.0;0.0;0.0;0.0
Chaval;CHAVAL;-3.0363333333333;-41.239888888889;2002;11;0.0;0.0;0.0;0.0;0.0;0.0;0.0;0.0;0.0;0.0;0.0;0.0;0.0;0.0;0.0;0.0;0.0;0.0;0.0;0.0;0.0;0.0;0.0;0.0;0.0;0.0;0.0;0.0;0.0;0.0;0.0;888.0
Chaval;CHAVAL;-3.0363333333333;-41.239888888889;2002;12;5.6;0.0;0.0;0.0;0.0;0.0;0.0;0.0;0.0;0.0;0.0;0.0;0.0;0.0;0.0;0.0;0.0;0.0;0.0;0.0;0.0;0.0;0.0;0.0;0.0;0.0;5.6;0.0;0.0;0.0;0.0;0.0
Chaval;CHAVAL;-3.0363333333333;-41.239888888889;2003;1;221.6;0.0;0.0;0.0;0.0;0.0;0.0;0.0;0.0;0.0;0.0;0.0;0.0;0.0;0.0;0.0;0.0;0.0;0.0;81.0;47.8;32.8;4.2;14.4;29.8;0.0;0.0;0.0;0.0;0.0;0.0;11.6
Chaval;CHAVAL;-3.0363333333333;-41.239888888889;2003;2;270.4;10.0;0.0;26.4;0.0;0.0;0.0;22.0;21.2;0.0;0.0;6.2;24.0;0.0;0.0;0.0;0.0;41.8;12.6;0.0;0.0;60.4;0.0;0.0;0.0;35.4;0.0;0.0;10.4;888.0;888.0;888.0
Chaval;CHAVAL;-3.0363333333333;-41.239888888889;2003;3;481.6;38.4;0.0;0.0;49.6;4.2;0.0;17.0;23.0;0.0;3.2;0.0;66.0;0.0;10.4;0.0;36.4;0.0;0.0;0.0;0.0;85.6;0.0;0.0;45.4;0.0;5.4;0.0;32.0;0.0;49.0;16.0
Chaval;CHAVAL;-3.0363333333333;-41.239888888889;2003;4;39.8;2.0;21.2;0.0;0.0;0.0;0.0;0.0;0.0;0.0;0.0;0.0;0.0;0.0;0.0;0.0;0.0;0.0;0.0;0.0;0.0;0.0;0.0;0.0;0.0;0.0;0.0;0.0;8.0;6.4;2.2;888.0
Chaval;CHAVAL;-3.0363333333333;-41.239888888889;2003;5;21.0;0.0;0.0;7.0;0.0;4.0;10.0;0.0;0.0;0.0;0.0;0.0;0.0;0.0;0.0;0.0;0.0;0.0;0.0;0.0;0.0;0.0;0.0;0.0;0.0;0.0;0.0;0.0;0.0;0.0;0.0;0.0
Chaval;CHAVAL;-3.0363333333333;-41.239888888889;2003;6;23.1;0.0;0.0;0.0;0.0;0.0;0.0;0.0;0.0;0.0;0.0;0.0;0.0;0.0;3.0;0.0;3.5;8.6;0.0;0.0;0.0;0.0;0.0;8.0;0.0;0.0;0.0;0.0;0.0;0.0;0.0;888.0
Chaval;CHAVAL;-3.0363333333333;-41.239888888889;2003;7;0.0;0.0;0.0;0.0;0.0;0.0;0.0;0.0;0.0;0.0;0.0;0.0;0.0;0.0;0.0;0.0;0.0;0.0;0.0;0.0;0.0;0.0;0.0;0.0;0.0;0.0;0.0;0.0;0.0;0.0;0.0;0.0
Chaval;CHAVAL;-3.0363333333333;-41.239888888889;2003;8;0.0;0.0;0.0;0.0;0.0;0.0;0.0;0.0;0.0;0.0;0.0;0.0;0.0;0.0;0.0;0.0;0.0;0.0;0.0;0.0;0.0;0.0;0.0;0.0;0.0;0.0;0.0;0.0;0.0;0.0;0.0;0.0
Chaval;CHAVAL;-3.0363333333333;-41.239888888889;2003;9;0.0;0.0;0.0;0.0;0.0;0.0;0.0;0.0;0.0;0.0;0.0;0.0;0.0;0.0;0.0;0.0;0.0;0.0;0.0;0.0;0.0;0.0;0.0;0.0;0.0;0.0;0.0;0.0;0.0;0.0;0.0;888.0
Chaval;CHAVAL;-3.0363333333333;-41.239888888889;2003;10;0.0;0.0;0.0;0.0;0.0;0.0;0.0;0.0;0.0;0.0;0.0;0.0;0.0;0.0;0.0;0.0;0.0;0.0;0.0;0.0;0.0;0.0;0.0;0.0;0.0;0.0;0.0;0.0;0.0;0.0;0.0;0.0
Chaval;CHAVAL;-3.0363333333333;-41.239888888889;2003;11;0.0;0.0;0.0;0.0;0.0;0.0;0.0;0.0;0.0;0.0;0.0;0.0;0.0;0.0;0.0;0.0;0.0;0.0;0.0;0.0;0.0;0.0;0.0;0.0;0.0;0.0;0.0;0.0;0.0;0.0;0.0;888.0
Chaval;CHAVAL;-3.0363333333333;-41.239888888889;2003;12;3.0;0.0;0.0;0.0;0.0;0.0;0.0;0.0;0.0;0.0;0.0;3.0;0.0;0.0;0.0;0.0;0.0;0.0;0.0;0.0;0.0;0.0;0.0;0.0;0.0;0.0;0.0;0.0;0.0;0.0;0.0;0.0
Chaval;CHAVAL;-3.0363333333333;-41.239888888889;2004;1;551.1;0.0;0.0;0.0;0.0;0.0;0.0;0.0;0.0;0.0;0.0;0.0;0.0;17.2;0.0;17.0;0.0;17.4;35.0;14.0;3.3;19.4;0.0;33.1;127.1;91.0;2.0;14.1;11.0;142.0;5.4;2.1
Chaval;CHAVAL;-3.0363333333333;-41.239888888889;2004;2;254.4;0.0;0.0;20.0;3.1;7.4;43.1;9.3;54.9;0.0;0.0;0.0;0.0;0.0;8.0;25.0;21.0;14.1;4.0;0.0;0.0;0.0;0.0;0.0;29.1;11.0;0.0;4.4;0.0;0.0;888.0;888.0
Chaval;CHAVAL;-3.0363333333333;-41.239888888889;2004;3;211.7;0.0;0.0;0.0;0.0;7.9;0.0;0.0;0.0;0.0;6.0;0.0;2.0;25.1;7.0;9.0;0.0;42.0;12.0;0.0;10.3;6.0;0.0;0.0;7.4;39.0;0.0;0.0;22.9;15.1;0.0;0.0
Chaval;CHAVAL;-3.0363333333333;-41.239888888889;2004;4;194.3;30.0;0.0;0.0;4.0;0.0;0.0;0.0;31.0;0.0;0.0;0.0;0.0;0.0;0.0;0.0;0.0;4.0;13.0;17.0;0.0;0.0;2.3;9.0;0.0;8.0;49.0;0.0;0.0;27.0;0.0;888.0
Chaval;CHAVAL;-3.0363333333333;-41.239888888889;2004;5;20.3;0.0;0.0;0.0;0.0;12.0;0.0;0.0;0.0;0.0;0.0;0.0;0.0;0.0;0.0;0.0;0.0;0.0;0.0;0.0;0.0;0.0;0.0;0.0;0.0;0.0;8.3;0.0;0.0;0.0;0.0;0.0
Chaval;CHAVAL;-3.0363333333333;-41.239888888889;2004;6;153.2;0.0;20.0;0.0;0.0;0.0;36.0;19.2;0.0;0.0;0.0;0.0;3.3;0.0;0.0;14.2;0.0;0.0;19.2;0.0;0.0;0.0;24.3;0.0;0.0;0.0;0.0;17.0;0.0;0.0;0.0;888.0
Chaval;CHAVAL;-3.0363333333333;-41.239888888889;2004;7;3.4;0.0;0.0;0.0;0.0;0.0;0.0;0.0;0.0;0.0;0.0;0.0;0.0;0.0;0.0;0.0;3.4;0.0;0.0;0.0;0.0;0.0;0.0;0.0;0.0;0.0;0.0;0.0;0.0;0.0;0.0;0.0
Chaval;CHAVAL;-3.0363333333333;-41.239888888889;2004;8;0.0;0.0;0.0;0.0;0.0;0.0;0.0;0.0;0.0;0.0;0.0;0.0;0.0;0.0;0.0;0.0;0.0;0.0;0.0;0.0;0.0;0.0;0.0;0.0;0.0;0.0;0.0;0.0;0.0;0.0;0.0;0.0
Chaval;CHAVAL;-3.0363333333333;-41.239888888889;2004;9;0.0;0.0;0.0;0.0;0.0;0.0;0.0;0.0;0.0;0.0;0.0;0.0;0.0;0.0;0.0;0.0;0.0;0.0;0.0;0.0;0.0;0.0;0.0;0.0;0.0;0.0;0.0;0.0;0.0;0.0;0.0;888.0
Chaval;CHAVAL;-3.0363333333333;-41.239888888889;2004;10;0.0;0.0;0.0;0.0;0.0;0.0;0.0;0.0;0.0;0.0;0.0;0.0;0.0;0.0;0.0;0.0;0.0;0.0;0.0;0.0;0.0;0.0;0.0;0.0;0.0;0.0;0.0;0.0;0.0;0.0;0.0;0.0
Chaval;CHAVAL;-3.0363333333333;-41.239888888889;2004;11;0.0;0.0;0.0;0.0;0.0;0.0;0.0;0.0;0.0;0.0;0.0;0.0;0.0;0.0;0.0;0.0;0.0;0.0;0.0;0.0;0.0;0.0;0.0;0.0;0.0;0.0;0.0;0.0;0.0;0.0;0.0;888.0
Chaval;CHAVAL;-3.0363333333333;-41.239888888889;2004;12;0.0;0.0;0.0;0.0;0.0;0.0;0.0;0.0;0.0;0.0;0.0;0.0;0.0;0.0;0.0;0.0;0.0;0.0;0.0;0.0;0.0;0.0;0.0;0.0;0.0;0.0;0.0;0.0;0.0;0.0;0.0;0.0
Chaval;CHAVAL;-3.0363333333333;-41.239888888889;2005;1;13.4;0.0;0.0;0.0;0.0;0.0;0.0;0.0;0.0;0.0;0.0;0.0;0.0;0.0;0.0;0.0;0.5;0.7;0.0;0.0;0.0;0.0;0.0;0.0;0.0;0.0;12.2;0.0;0.0;0.0;0.0;0.0
Chaval;CHAVAL;-3.0363333333333;-41.239888888889;2005;2;74.7;0.0;0.3;0.0;0.0;0.0;3.0;0.0;3.0;0.0;0.0;0.0;0.0;0.0;12.3;14.2;0.6;0.0;6.0;28.0;0.0;0.7;0.0;0.4;6.2;0.0;0.0;0.0;0.0;888.0;888.0;888.0
Chaval;CHAVAL;-3.0363333333333;-41.239888888889;2005;3;188.9;0.0;0.0;0.0;8.0;0.0;0.0;0.0;0.0;5.0;6.1;0.0;5.0;44.0;0.0;0.0;0.0;0.0;0.0;0.0;29.0;1.0;20.2;13.0;8.0;11.0;2.2;0.0;12.4;2.0;22.0;0.0
Chaval;CHAVAL;-3.0363333333333;-41.239888888889;2005;4;168.3;0.0;29.2;0.0;10.0;2.4;0.0;1.3;6.0;46.0;15.3;7.3;0.0;5.0;10.3;0.0;0.0;0.0;10.3;0.0;15.0;0.0;0.0;0.0;0.0;0.0;0.0;0.0;0.0;2.2;8.0;888.0
Chaval;CHAVAL;-3.0363333333333;-41.239888888889;2005;5;127.2;20.1;0.0;0.0;0.0;0.0;0.0;0.0;0.0;0.0;0.0;0.0;12.0;0.0;0.0;0.0;0.0;27.1;40.4;6.0;0.0;0.0;0.0;0.0;0.0;0.0;0.0;17.2;3.4;0.0;0.0;1.0
Chaval;CHAVAL;-3.0363333333333;-41.239888888889;2005;6;32.1;0.0;0.0;0.0;4.4;0.0;0.0;2.0;0.0;0.0;23.0;0.0;0.0;0.0;0.0;1.3;0.0;0.0;0.0;0.0;0.0;0.0;0.0;0.0;1.4;0.0;0.0;0.0;0.0;0.0;0.0;888.0
Chaval;CHAVAL;-3.0363333333333;-41.239888888889;2005;7;0.0;0.0;0.0;0.0;0.0;0.0;0.0;0.0;0.0;0.0;0.0;0.0;0.0;0.0;0.0;0.0;0.0;0.0;0.0;0.0;0.0;0.0;0.0;0.0;0.0;0.0;0.0;0.0;0.0;0.0;0.0;0.0
Chaval;CHAVAL;-3.0363333333333;-41.239888888889;2005;8;0.0;0.0;0.0;0.0;0.0;0.0;0.0;0.0;0.0;0.0;0.0;0.0;0.0;0.0;0.0;0.0;0.0;0.0;0.0;0.0;0.0;0.0;0.0;0.0;0.0;0.0;0.0;0.0;0.0;0.0;0.0;0.0
Chaval;CHAVAL;-3.0363333333333;-41.239888888889;2005;9;0.0;0.0;0.0;0.0;0.0;0.0;0.0;0.0;0.0;0.0;0.0;0.0;0.0;0.0;0.0;0.0;0.0;0.0;0.0;0.0;0.0;0.0;0.0;0.0;0.0;0.0;0.0;0.0;0.0;0.0;0.0;888.0
Chaval;CHAVAL;-3.0363333333333;-41.239888888889;2005;10;0.0;0.0;0.0;0.0;0.0;0.0;0.0;0.0;0.0;0.0;0.0;0.0;0.0;0.0;0.0;0.0;0.0;0.0;0.0;0.0;0.0;0.0;0.0;0.0;0.0;0.0;0.0;0.0;0.0;0.0;0.0;0.0
Chaval;CHAVAL;-3.0363333333333;-41.239888888889;2005;11;0.0;0.0;0.0;0.0;0.0;0.0;0.0;0.0;0.0;0.0;0.0;0.0;0.0;0.0;0.0;0.0;0.0;0.0;0.0;0.0;0.0;0.0;0.0;0.0;0.0;0.0;0.0;0.0;0.0;0.0;0.0;888.0
Chaval;CHAVAL;-3.0363333333333;-41.239888888889;2005;12;22.3;0.0;0.0;0.0;0.0;0.0;0.0;0.0;0.0;0.0;0.0;0.0;0.0;0.0;0.0;0.0;0.0;0.0;0.0;0.0;0.0;0.0;0.0;0.0;0.0;0.0;0.0;0.0;0.0;22.3;0.0;0.0
Chaval;CHAVAL;-3.0363333333333;-41.239888888889;2006;1;23.0;0.0;0.0;0.0;0.0;0.0;0.0;0.0;19.0;0.0;0.0;0.0;0.0;0.0;0.0;0.0;0.0;0.0;0.0;4.0;0.0;0.0;0.0;0.0;0.0;0.0;0.0;0.0;0.0;0.0;0.0;0.0
Chaval;CHAVAL;-3.0363333333333;-41.239888888889;2006;2;168.1;0.0;0.0;0.0;0.0;0.0;0.0;0.0;0.0;0.0;0.0;80.2;0.0;15.3;34.1;0.0;0.0;17.2;0.0;0.0;0.0;0.0;0.0;4.3;0.0;0.0;0.0;4.0;13.0;888.0;888.0;888.0
Chaval;CHAVAL;-3.0363333333333;-41.239888888889;2006;3;427.9;77.0;119.3;0.0;37.2;0.0;0.0;33.0;2.2;0.0;0.0;0.0;0.0;0.0;9.3;14.0;3.0;0.0;4.3;0.0;0.0;12.2;0.0;0.0;33.0;0.0;40.0;10.4;0.0;0.0;33.0;0.0
Chaval;CHAVAL;-3.0363333333333;-41.239888888889;2006;4;155.4;4.3;0.0;31.0;0.0;17.0;0.0;2.0;0.0;0.0;9.2;11.0;0.0;0.0;0.0;0.0;11.2;0.0;8.3;0.0;0.0;51.0;0.0;0.0;5.1;0.0;0.0;0.0;0.0;0.0;5.3;888.0
Chaval;CHAVAL;-3.0363333333333;-41.239888888889;2006;5;254.6;45.3;0.0;0.0;0.0;0.0;25.0;15.3;0.0;0.0;0.0;2.0;52.3;14.0;0.0;12.0;3.4;0.0;0.0;0.0;0.0;65.0;0.0;0.0;0.0;5.0;0.0;15.3;0.0;0.0;0.0;0.0
Chaval;CHAVAL;-3.0363333333333;-41.239888888889;2006;6;47.0;0.0;0.0;0.0;0.0;0.0;16.0;0.0;20.0;0.0;0.0;0.0;0.0;0.0;0.0;0.0;0.0;0.0;0.0;0.0;0.0;0.0;0.0;0.0;0.0;0.0;11.0;0.0;0.0;0.0;0.0;888.0
Chaval;CHAVAL;-3.0363333333333;-41.239888888889;2006;7;0.0;0.0;0.0;0.0;0.0;0.0;0.0;0.0;0.0;0.0;0.0;0.0;0.0;0.0;0.0;0.0;0.0;0.0;0.0;0.0;0.0;0.0;0.0;0.0;0.0;0.0;0.0;0.0;0.0;0.0;0.0;0.0
Chaval;CHAVAL;-3.0363333333333;-41.239888888889;2006;8;0.0;0.0;0.0;0.0;0.0;0.0;0.0;0.0;0.0;0.0;0.0;0.0;0.0;0.0;0.0;0.0;0.0;0.0;0.0;0.0;0.0;0.0;0.0;0.0;0.0;0.0;0.0;0.0;0.0;0.0;0.0;0.0
Chaval;CHAVAL;-3.0363333333333;-41.239888888889;2006;9;0.0;0.0;0.0;0.0;0.0;0.0;0.0;0.0;0.0;0.0;0.0;0.0;0.0;0.0;0.0;0.0;0.0;0.0;0.0;0.0;0.0;0.0;0.0;0.0;0.0;0.0;0.0;0.0;0.0;0.0;0.0;888.0
Chaval;CHAVAL;-3.0363333333333;-41.239888888889;2006;10;0.0;0.0;0.0;0.0;0.0;0.0;0.0;0.0;0.0;0.0;0.0;0.0;0.0;0.0;0.0;0.0;0.0;0.0;0.0;0.0;0.0;0.0;0.0;0.0;0.0;0.0;0.0;0.0;0.0;0.0;0.0;0.0
Chaval;CHAVAL;-3.0363333333333;-41.239888888889;2006;11;1.0;0.0;0.0;0.0;0.0;0.0;0.0;0.0;0.0;0.0;0.0;0.0;0.0;0.0;0.0;0.0;0.0;0.0;0.0;0.0;0.0;1.0;0.0;0.0;0.0;0.0;0.0;0.0;0.0;0.0;0.0;888.0
Chaval;CHAVAL;-3.0363333333333;-41.239888888889;2006;12;0.0;0.0;0.0;0.0;0.0;0.0;0.0;0.0;0.0;0.0;0.0;0.0;0.0;0.0;0.0;0.0;0.0;0.0;0.0;0.0;0.0;0.0;0.0;0.0;0.0;0.0;0.0;0.0;0.0;0.0;0.0;0.0
Chaval;CHAVAL;-3.0363333333333;-41.239888888889;2007;1;5.9;0.0;0.0;0.0;0.0;0.0;0.0;0.0;0.0;0.0;0.0;0.0;0.0;0.0;0.0;0.0;0.0;0.0;0.0;0.0;0.0;0.0;0.0;0.0;0.0;5.9;0.0;0.0;0.0;0.0;0.0;0.0
Chaval;CHAVAL;-3.0363333333333;-41.239888888889;2007;2;353.5;0.0;0.0;0.0;71.0;37.0;0.0;0.0;0.0;0.0;0.0;0.0;3.0;4.0;60.0;8.0;1.0;12.0;11.0;57.0;38.0;0.0;0.0;36.0;2.5;0.0;9.0;4.0;0.0;888.0;888.0;888.0
Chaval;CHAVAL;-3.0363333333333;-41.239888888889;2007;3;175.0;4.0;0.0;5.0;12.0;0.5;2.0;0.0;0.0;0.0;0.0;0.0;24.0;0.0;0.0;0.0;17.0;4.0;26.5;9.0;19.0;0.0;17.5;2.5;3.5;23.0;1.5;3.0;999.0;0.0;1.0;0.0
Chaval;CHAVAL;-3.0363333333333;-41.239888888889;2007;4;214.5;0.0;0.0;0.0;1.0;0.0;2.0;0.0;0.0;1.0;0.5;10.0;0.5;0.5;42.0;4.5;2.0;22.5;10.0;6.0;7.0;3.0;3.0;0.0;5.0;53.0;17.0;3.0;0.0;10.0;11.0;888.0
Chaval;CHAVAL;-3.0363333333333;-41.239888888889;2007;5;66.2;0.0;0.0;0.0;19.2;5.0;0.0;10.5;0.0;0.0;31.5;0.0;0.0;0.0;0.0;0.0;0.0;0.0;0.0;0.0;0.0;0.0;0.0;0.0;0.0;0.0;0.0;0.0;0.0;0.0;0.0;0.0
Chaval;CHAVAL;-3.0363333333333;-41.239888888889;2007;6;0.0;0.0;0.0;0.0;0.0;0.0;0.0;0.0;0.0;0.0;0.0;0.0;0.0;0.0;0.0;0.0;0.0;0.0;0.0;0.0;0.0;0.0;0.0;0.0;0.0;0.0;0.0;0.0;0.0;0.0;0.0;888.0
Chaval;CHAVAL;-3.0363333333333;-41.239888888889;2007;7;0.0;0.0;0.0;0.0;0.0;0.0;0.0;0.0;0.0;0.0;0.0;0.0;0.0;0.0;0.0;0.0;0.0;0.0;0.0;0.0;0.0;0.0;0.0;0.0;0.0;0.0;0.0;0.0;0.0;0.0;0.0;0.0
Chaval;CHAVAL;-3.0363333333333;-41.239888888889;2007;8;0.0;0.0;0.0;0.0;0.0;0.0;0.0;0.0;0.0;0.0;0.0;0.0;0.0;0.0;0.0;0.0;0.0;0.0;0.0;0.0;0.0;0.0;0.0;0.0;0.0;0.0;0.0;0.0;0.0;0.0;0.0;0.0
Chaval;CHAVAL;-3.0363333333333;-41.239888888889;2007;9;0.0;0.0;0.0;0.0;0.0;0.0;0.0;0.0;0.0;0.0;0.0;0.0;0.0;0.0;0.0;0.0;0.0;0.0;0.0;0.0;0.0;0.0;0.0;0.0;0.0;0.0;0.0;0.0;0.0;0.0;0.0;888.0
Chaval;CHAVAL;-3.0363333333333;-41.239888888889;2007;10;0.0;0.0;0.0;0.0;0.0;0.0;0.0;0.0;0.0;0.0;0.0;0.0;0.0;0.0;0.0;0.0;0.0;0.0;0.0;0.0;0.0;0.0;0.0;0.0;0.0;0.0;0.0;0.0;0.0;0.0;0.0;0.0
Chaval;CHAVAL;-3.0363333333333;-41.239888888889;2007;11;0.0;0.0;0.0;0.0;0.0;0.0;0.0;0.0;0.0;0.0;0.0;0.0;0.0;0.0;0.0;0.0;0.0;0.0;0.0;0.0;0.0;0.0;0.0;0.0;0.0;0.0;0.0;0.0;0.0;0.0;0.0;888.0
Chaval;CHAVAL;-3.0363333333333;-41.239888888889;2007;12;77.0;0.0;0.0;0.0;0.0;0.0;2.0;0.0;0.0;0.0;0.0;0.0;0.0;0.0;0.0;0.0;75.0;0.0;0.0;0.0;0.0;0.0;0.0;0.0;0.0;0.0;0.0;0.0;0.0;0.0;0.0;0.0
Chaval;CHAVAL;-3.0363333333333;-41.239888888889;2008;1;56.0;8.0;0.0;0.0;4.0;0.0;0.0;0.0;0.0;0.0;0.0;0.0;0.0;0.0;0.0;0.0;0.0;6.0;0.0;0.0;0.0;9.0;6.0;5.0;0.0;0.0;0.0;0.0;8.0;0.0;0.0;10.0
Chaval;CHAVAL;-3.0363333333333;-41.239888888889;2008;2;141.3;6.0;19.0;0.0;0.0;0.0;0.0;0.0;24.0;0.0;0.0;0.0;2.0;0.0;0.0;0.0;0.0;2.0;0.0;20.0;14.0;8.4;21.0;2.0;0.0;0.0;0.0;0.0;12.0;10.9;888.0;888.0
Chaval;CHAVAL;-3.0363333333333;-41.239888888889;2008;3;461.0;9.5;8.0;0.0;9.0;10.0;0.0;5.0;28.0;0.0;10.0;12.0;8.0;7.0;6.0;4.0;0.0;13.0;18.0;0.0;45.0;19.0;12.0;35.0;41.0;12.5;26.0;20.0;58.0;4.0;10.0;31.0
Chaval;CHAVAL;-3.0363333333333;-41.239888888889;2008;4;502.7;58.0;8.0;2.5;0.0;62.0;158.0;10.3;38.0;7.5;1.0;18.0;16.0;38.0;0.0;0.4;0.0;3.0;0.0;16.0;3.0;0.0;0.0;27.0;7.0;6.0;0.0;7.0;0.0;2.0;14.0;888.0
Chaval;CHAVAL;-3.0363333333333;-41.239888888889;2008;5;207.0;3.0;0.0;6.0;0.0;68.0;30.0;0.0;0.0;17.0;27.0;3.0;0.0;0.0;0.0;0.0;0.0;20.0;12.0;0.0;0.0;0.0;6.0;0.0;0.0;0.0;0.0;0.0;0.0;0.0;0.0;15.0
Chaval;CHAVAL;-3.0363333333333;-41.239888888889;2008;6;67.0;19.0;0.0;8.5;0.0;0.0;8.5;0.0;0.0;0.0;0.0;0.0;0.0;0.0;21.0;0.0;0.0;1.0;0.0;0.0;0.0;0.0;0.0;0.0;0.0;0.0;9.0;0.0;0.0;0.0;0.0;888.0
Chaval;CHAVAL;-3.0363333333333;-41.239888888889;2008;7;51.0;0.0;15.0;0.0;8.0;0.0;0.0;0.0;0.0;0.0;0.0;0.0;0.0;0.0;0.0;0.0;0.0;0.0;0.0;0.0;0.0;0.0;0.0;0.0;0.0;0.0;0.0;0.0;28.0;0.0;0.0;0.0
Chaval;CHAVAL;-3.0363333333333;-41.239888888889;2008;8;16.0;0.0;0.0;0.0;0.0;0.0;0.0;0.0;0.0;7.5;0.0;0.0;0.0;0.0;0.0;0.0;0.0;0.0;0.0;0.0;0.0;0.0;0.0;8.5;0.0;0.0;0.0;0.0;0.0;0.0;0.0;0.0
Chaval;CHAVAL;-3.0363333333333;-41.239888888889;2008;9;0.0;0.0;0.0;0.0;0.0;0.0;0.0;0.0;0.0;0.0;0.0;0.0;0.0;0.0;0.0;0.0;0.0;0.0;0.0;0.0;0.0;0.0;0.0;0.0;0.0;0.0;0.0;0.0;0.0;0.0;0.0;888.0
Chaval;CHAVAL;-3.0363333333333;-41.239888888889;2008;10;0.0;0.0;0.0;0.0;0.0;0.0;0.0;0.0;0.0;0.0;0.0;0.0;0.0;0.0;0.0;0.0;0.0;0.0;0.0;0.0;0.0;0.0;0.0;0.0;0.0;0.0;0.0;0.0;0.0;0.0;0.0;0.0
Chaval;CHAVAL;-3.0363333333333;-41.239888888889;2008;11;0.0;0.0;0.0;0.0;0.0;0.0;0.0;0.0;0.0;0.0;0.0;0.0;0.0;0.0;0.0;0.0;0.0;0.0;0.0;0.0;0.0;0.0;0.0;0.0;0.0;0.0;0.0;0.0;0.0;0.0;0.0;888.0
Chaval;CHAVAL;-3.0363333333333;-41.239888888889;2008;12;120.0;0.0;0.0;0.0;0.0;0.0;0.0;0.0;0.0;0.0;0.0;0.0;0.0;0.0;0.0;0.0;0.0;0.0;0.0;0.0;0.0;120.0;0.0;0.0;0.0;0.0;0.0;0.0;0.0;0.0;0.0;0.0
Chaval;CHAVAL;-3.0363333333333;-41.239888888889;2009;1;203.7;0.0;0.0;0.0;0.0;0.0;0.0;0.0;0.0;0.0;0.0;0.0;0.0;0.0;0.0;7.7;0.0;0.0;15.0;13.5;0.0;40.0;26.0;12.5;37.0;3.0;15.0;0.0;0.0;0.0;34.0;0.0
Chaval;CHAVAL;-3.0363333333333;-41.239888888889;2009;2;229.6;0.0;46.0;17.0;25.0;8.0;0.0;0.0;0.0;0.0;0.0;0.0;17.0;4.0;3.0;12.0;0.0;3.0;2.0;0.0;0.0;0.0;0.0;53.0;14.6;0.0;10.0;15.0;0.0;888.0;888.0;888.0
Chaval;CHAVAL;-3.0363333333333;-41.239888888889;2009;3;383.9;0.0;12.3;10.9;6.0;8.0;0.0;12.6;10.0;7.0;0.0;1.0;13.0;28.0;0.0;0.0;65.5;70.3;32.0;6.0;0.0;0.0;6.0;24.0;28.0;4.0;0.0;0.0;0.0;28.0;0.0;11.3
Chaval;CHAVAL;-3.0363333333333;-41.239888888889;2009;4;464.5;57.0;4.0;20.0;4.0;20.0;0.0;9.0;2.0;12.0;43.0;20.0;35.0;45.0;5.0;15.0;27.0;9.0;7.0;1.0;11.0;22.0;9.0;0.0;20.0;3.0;19.0;0.0;14.5;0.0;31.0;888.0
Chaval;CHAVAL;-3.0363333333333;-41.239888888889;2009;5;402.8;17.0;56.0;34.0;70.0;0.0;0.0;0.0;3.0;0.0;0.0;10.8;23.0;0.0;23.0;0.0;0.0;20.0;26.0;3.0;0.0;5.0;0.0;8.0;0.0;86.0;4.0;5.0;0.0;9.0;0.0;0.0
Chaval;CHAVAL;-3.0363333333333;-41.239888888889;2009;6;137.1;0.0;55.0;0.0;3.0;4.0;0.0;0.0;0.0;0.0;2.0;13.0;0.0;0.0;0.0;14.5;0.0;0.0;0.0;0.0;0.0;0.0;0.0;19.0;17.6;0.0;0.0;0.0;9.0;0.0;0.0;888.0
Chaval;CHAVAL;-3.0363333333333;-41.239888888889;2009;7;14.5;0.0;0.0;0.0;0.0;0.0;0.0;0.0;0.0;0.0;0.0;0.0;0.0;0.0;0.0;0.0;0.0;6.0;0.0;0.0;0.0;0.0;0.0;2.0;6.5;0.0;0.0;0.0;0.0;0.0;0.0;0.0
Chaval;CHAVAL;-3.0363333333333;-41.239888888889;2009;8;0.0;0.0;0.0;0.0;0.0;0.0;0.0;0.0;0.0;0.0;0.0;0.0;0.0;0.0;0.0;0.0;0.0;0.0;0.0;0.0;0.0;0.0;0.0;0.0;0.0;0.0;0.0;0.0;0.0;0.0;0.0;0.0
Chaval;CHAVAL;-3.0363333333333;-41.239888888889;2009;9;0.0;0.0;0.0;0.0;0.0;0.0;0.0;0.0;0.0;0.0;0.0;0.0;0.0;0.0;0.0;0.0;0.0;0.0;0.0;0.0;0.0;0.0;0.0;0.0;0.0;0.0;0.0;0.0;0.0;0.0;0.0;888.0
Chaval;CHAVAL;-3.0363333333333;-41.239888888889;2009;10;0.0;0.0;0.0;0.0;0.0;0.0;0.0;0.0;0.0;0.0;0.0;0.0;0.0;0.0;0.0;0.0;0.0;0.0;0.0;0.0;0.0;0.0;0.0;0.0;0.0;0.0;0.0;0.0;0.0;0.0;0.0;0.0
Chaval;CHAVAL;-3.0363333333333;-41.239888888889;2009;11;0.0;0.0;0.0;0.0;0.0;0.0;0.0;0.0;0.0;0.0;0.0;0.0;0.0;0.0;0.0;0.0;0.0;0.0;0.0;0.0;0.0;0.0;0.0;0.0;0.0;0.0;0.0;0.0;0.0;0.0;0.0;888.0
Chaval;CHAVAL;-3.0363333333333;-41.239888888889;2009;12;0.0;0.0;0.0;0.0;0.0;0.0;0.0;0.0;0.0;0.0;0.0;0.0;0.0;0.0;0.0;0.0;0.0;0.0;0.0;0.0;0.0;0.0;0.0;0.0;0.0;0.0;0.0;0.0;0.0;0.0;0.0;0.0
Chaval;CHAVAL;-3.0363333333333;-41.239888888889;2010;1;0.0;0.0;0.0;0.0;0.0;0.0;0.0;0.0;0.0;0.0;0.0;0.0;0.0;0.0;0.0;0.0;0.0;0.0;0.0;0.0;0.0;0.0;0.0;0.0;0.0;0.0;0.0;0.0;0.0;0.0;0.0;0.0
Chaval;CHAVAL;-3.0363333333333;-41.239888888889;2010;2;77.0;0.0;10.0;0.0;0.0;0.0;0.0;0.0;0.0;0.0;0.0;13.0;8.0;0.0;0.0;0.0;6.0;0.0;0.0;0.0;0.0;0.0;0.0;20.0;3.0;0.0;17.0;0.0;0.0;888.0;888.0;888.0
Chaval;CHAVAL;-3.0363333333333;-41.239888888889;2010;3;72.5;0.0;0.0;0.0;4.0;0.0;0.0;0.0;0.0;0.0;0.0;0.0;0.0;0.0;0.0;0.0;0.0;0.0;0.0;0.0;0.0;19.0;5.0;7.0;0.0;13.0;4.5;0.0;0.0;0.0;0.0;20.0
Chaval;CHAVAL;-3.0363333333333;-41.239888888889;2010;4;244.6;2.0;8.0;10.0;10.0;4.0;0.0;0.0;0.0;4.6;13.0;1.0;0.0;10.0;0.0;0.0;2.5;62.0;24.0;2.0;0.0;0.0;47.0;26.0;0.0;0.0;0.0;0.0;0.0;18.5;0.0;888.0
Chaval;CHAVAL;-3.0363333333333;-41.239888888889;2010;5;88.2;28.0;18.0;2.0;0.0;0.0;3.0;14.0;7.0;0.0;0.0;0.0;0.0;0.0;8.0;0.0;0.0;0.0;0.0;0.0;0.0;0.0;0.0;0.0;0.0;0.0;0.0;8.2;0.0;0.0;0.0;0.0
Chaval;CHAVAL;-3.0363333333333;-41.239888888889;2010;6;15.0;0.0;0.0;0.0;4.0;0.0;0.0;0.0;0.0;0.0;0.0;0.0;0.0;0.0;0.0;0.0;0.0;5.0;0.0;0.0;6.0;0.0;0.0;0.0;0.0;0.0;0.0;0.0;0.0;0.0;0.0;888.0
Chaval;CHAVAL;-3.0363333333333;-41.239888888889;2010;7;27.0;0.0;0.0;0.0;0.0;0.0;0.0;0.0;0.0;2.0;0.0;0.0;0.0;0.0;0.0;0.0;0.0;0.0;0.0;25.0;0.0;0.0;0.0;0.0;0.0;0.0;0.0;0.0;0.0;0.0;0.0;0.0
Chaval;CHAVAL;-3.0363333333333;-41.239888888889;2010;8;0.0;0.0;0.0;0.0;0.0;0.0;0.0;0.0;0.0;0.0;0.0;0.0;0.0;0.0;0.0;0.0;0.0;0.0;0.0;0.0;0.0;0.0;0.0;0.0;0.0;0.0;0.0;0.0;0.0;0.0;0.0;0.0
Chaval;CHAVAL;-3.0363333333333;-41.239888888889;2010;9;0.0;0.0;0.0;0.0;0.0;0.0;0.0;0.0;0.0;0.0;0.0;0.0;0.0;0.0;0.0;0.0;0.0;0.0;0.0;0.0;0.0;0.0;0.0;0.0;0.0;0.0;0.0;0.0;0.0;0.0;0.0;888.0
Chaval;CHAVAL;-3.0363333333333;-41.239888888889;2010;10;0.0;0.0;0.0;0.0;0.0;0.0;0.0;0.0;0.0;0.0;0.0;0.0;0.0;0.0;0.0;0.0;0.0;0.0;0.0;0.0;0.0;0.0;0.0;0.0;0.0;0.0;0.0;0.0;0.0;0.0;0.0;0.0
Chaval;CHAVAL;-3.0363333333333;-41.239888888889;2010;11;0.0;0.0;0.0;0.0;0.0;0.0;0.0;0.0;0.0;0.0;0.0;0.0;0.0;0.0;0.0;0.0;0.0;0.0;0.0;0.0;0.0;0.0;0.0;0.0;0.0;0.0;0.0;0.0;0.0;0.0;0.0;888.0
Chaval;CHAVAL;-3.0363333333333;-41.239888888889;2010;12;128.6;0.0;0.0;0.0;0.0;0.0;0.0;0.0;0.0;0.0;0.0;0.0;0.0;20.0;28.0;29.5;7.3;0.0;3.7;0.0;0.0;0.0;0.0;10.5;0.0;29.6;0.0;0.0;0.0;0.0;0.0;0.0
Chaval;CHAVAL;-3.0363333333333;-41.239888888889;2011;1;262.4;0.0;0.0;13.0;0.0;0.0;0.0;13.0;7.5;25.0;50.0;19.0;0.0;0.0;9.0;0.0;0.0;0.0;0.0;2.0;13.0;1.0;25.5;1.0;10.2;9.8;4.0;3.2;12.8;12.8;6.6;24.0
Chaval;CHAVAL;-3.0363333333333;-41.239888888889;2011;2;418.8;0.9;0.0;0.0;60.0;0.0;5.4;0.0;0.0;0.0;0.0;6.6;9.7;54.0;5.1;4.0;44.5;15.8;14.6;4.2;6.2;7.2;14.2;2.6;12.0;10.5;93.2;6.1;42.0;888.0;888.0;888.0
Chaval;CHAVAL;-3.0363333333333;-41.239888888889;2011;3;209.6;52.6;0.0;0.0;0.0;14.2;0.0;1.5;12.7;1.5;0.0;0.0;0.0;0.0;56.8;0.0;0.0;12.6;10.4;0.0;0.0;0.0;0.0;0.0;12.6;2.4;6.0;0.0;9.0;8.6;8.7;0.0
Chaval;CHAVAL;-3.0363333333333;-41.239888888889;2011;4;338.5;3.0;12.9;20.2;4.4;12.0;0.0;0.0;0.0;26.2;0.0;4.2;7.1;6.0;6.3;38.0;37.5;20.3;13.0;41.4;25.2;6.1;0.0;0.0;0.0;0.0;0.0;0.0;26.2;12.1;16.4;888.0
Chaval;CHAVAL;-3.0363333333333;-41.239888888889;2011;5;152.4;0.0;49.0;0.0;21.2;0.0;0.0;6.0;7.0;9.0;11.0;0.0;0.0;0.0;0.0;0.0;0.0;0.0;0.0;0.0;29.0;0.0;0.0;0.0;18.2;2.0;0.0;0.0;0.0;0.0;0.0;0.0
Chaval;CHAVAL;-3.0363333333333;-41.239888888889;2011;6;69.4;0.0;0.0;0.0;0.0;0.0;0.0;0.0;0.0;0.0;0.0;0.0;0.0;0.0;0.0;0.0;0.0;0.0;0.0;0.0;44.0;17.4;8.0;0.0;0.0;0.0;0.0;0.0;0.0;0.0;0.0;888.0
Chaval;CHAVAL;-3.0363333333333;-41.239888888889;2011;7;15.0;0.0;0.0;0.0;0.0;0.0;0.0;0.0;0.0;0.0;15.0;0.0;0.0;0.0;0.0;0.0;0.0;0.0;0.0;0.0;0.0;0.0;0.0;0.0;0.0;0.0;0.0;0.0;0.0;0.0;0.0;0.0
Chaval;CHAVAL;-3.0363333333333;-41.239888888889;2011;8;0.0;0.0;999.0;999.0;999.0;999.0;999.0;999.0;999.0;999.0;999.0;999.0;999.0;999.0;999.0;999.0;999.0;999.0;999.0;999.0;999.0;999.0;999.0;999.0;999.0;999.0;999.0;999.0;999.0;999.0;999.0;999.0
Chaval;CHAVAL;-3.0363333333333;-41.239888888889;2011;10;36.9;0.0;0.0;0.0;0.0;0.0;0.0;0.0;0.0;0.0;0.0;0.0;0.0;0.0;0.0;0.0;0.0;0.0;0.0;0.0;0.0;27.2;9.7;0.0;0.0;0.0;0.0;0.0;0.0;0.0;0.0;0.0
Chaval;CHAVAL;-3.0363333333333;-41.239888888889;2011;11;0.0;0.0;0.0;0.0;0.0;0.0;0.0;0.0;0.0;0.0;0.0;0.0;0.0;0.0;0.0;0.0;0.0;0.0;0.0;0.0;0.0;0.0;0.0;0.0;0.0;0.0;0.0;0.0;0.0;0.0;0.0;888.0
Chaval;CHAVAL;-3.0363333333333;-41.239888888889;2011;12;0.0;0.0;0.0;0.0;0.0;0.0;0.0;0.0;0.0;0.0;0.0;0.0;0.0;0.0;0.0;0.0;0.0;0.0;0.0;0.0;0.0;0.0;0.0;0.0;0.0;0.0;0.0;0.0;0.0;0.0;0.0;0.0
Chaval;CHAVAL;-3.0363333333333;-41.239888888889;2012;1;32.0;0.0;0.0;0.0;0.0;0.0;0.0;0.0;0.0;0.0;0.0;0.0;0.0;0.0;0.0;0.0;0.0;0.0;0.0;0.0;0.0;10.0;0.0;0.0;22.0;0.0;0.0;0.0;0.0;0.0;0.0;0.0
Chaval;CHAVAL;-3.0363333333333;-41.239888888889;2012;2;108.8;0.0;0.0;0.0;0.0;0.0;0.0;0.0;0.0;0.0;0.0;9.0;11.0;0.0;0.0;21.8;12.0;21.0;15.0;0.0;0.0;0.0;0.0;0.0;0.0;0.0;7.0;0.0;9.0;3.0;888.0;888.0
Chaval;CHAVAL;-3.0363333333333;-41.239888888889;2012;3;165.0;0.0;0.0;0.0;0.0;0.0;0.0;0.0;0.0;0.0;2.0;0.0;0.0;74.0;0.0;0.0;0.0;0.0;0.0;0.0;13.0;25.0;21.5;0.0;7.0;0.0;0.0;0.0;22.5;0.0;0.0;0.0
Chaval;CHAVAL;-3.0363333333333;-41.239888888889;2012;4;62.5;0.0;0.0;0.0;3.0;0.0;0.0;0.0;0.0;7.8;0.0;0.0;0.0;0.0;0.0;0.0;1.0;0.0;10.0;3.4;0.0;0.0;0.0;17.0;0.0;0.0;20.3;0.0;0.0;0.0;0.0;888.0
Chaval;CHAVAL;-3.0363333333333;-41.239888888889;2012;5;43.2;0.0;0.0;0.0;0.0;0.0;0.0;0.0;0.0;0.0;0.0;14.2;18.0;3.8;0.0;0.0;0.0;0.0;0.0;0.0;0.0;0.0;0.0;0.0;7.2;0.0;0.0;0.0;0.0;0.0;0.0;0.0
Chaval;CHAVAL;-3.0363333333333;-41.239888888889;2012;6;0.0;0.0;0.0;0.0;0.0;0.0;0.0;0.0;0.0;0.0;0.0;0.0;0.0;0.0;0.0;0.0;0.0;0.0;0.0;0.0;0.0;0.0;0.0;0.0;0.0;0.0;0.0;0.0;0.0;0.0;0.0;888.0
Chaval;CHAVAL;-3.0363333333333;-41.239888888889;2012;7;0.0;0.0;0.0;0.0;0.0;0.0;0.0;0.0;0.0;0.0;0.0;0.0;0.0;0.0;0.0;0.0;0.0;0.0;0.0;0.0;0.0;0.0;0.0;0.0;0.0;0.0;0.0;0.0;0.0;0.0;0.0;0.0
Chaval;CHAVAL;-3.0363333333333;-41.239888888889;2012;8;0.0;0.0;0.0;0.0;0.0;0.0;0.0;0.0;0.0;0.0;0.0;0.0;0.0;0.0;0.0;0.0;0.0;0.0;0.0;0.0;0.0;0.0;0.0;0.0;0.0;0.0;0.0;0.0;0.0;0.0;0.0;0.0
Chaval;CHAVAL;-3.0363333333333;-41.239888888889;2012;9;0.0;0.0;0.0;0.0;0.0;0.0;0.0;0.0;0.0;0.0;0.0;0.0;0.0;0.0;0.0;0.0;0.0;0.0;0.0;0.0;0.0;0.0;0.0;0.0;0.0;0.0;0.0;0.0;0.0;0.0;0.0;888.0
Chaval;CHAVAL;-3.0363333333333;-41.239888888889;2012;10;0.0;0.0;0.0;0.0;0.0;0.0;0.0;0.0;0.0;0.0;0.0;0.0;0.0;0.0;0.0;0.0;0.0;0.0;0.0;0.0;0.0;0.0;0.0;0.0;0.0;0.0;0.0;0.0;0.0;0.0;0.0;0.0
Chaval;CHAVAL;-3.0363333333333;-41.239888888889;2012;11;0.0;0.0;0.0;0.0;0.0;0.0;0.0;0.0;0.0;0.0;0.0;0.0;0.0;0.0;0.0;0.0;0.0;0.0;0.0;0.0;0.0;0.0;0.0;0.0;0.0;0.0;0.0;0.0;0.0;0.0;0.0;888.0
Chaval;CHAVAL;-3.0363333333333;-41.239888888889;2012;12;0.0;0.0;0.0;0.0;0.0;0.0;0.0;0.0;0.0;0.0;0.0;0.0;0.0;0.0;0.0;0.0;0.0;0.0;0.0;0.0;0.0;0.0;0.0;0.0;0.0;0.0;0.0;0.0;0.0;0.0;0.0;0.0
Chaval;CHAVAL;-3.0363333333333;-41.239888888889;2013;1;134.0;0.0;0.0;0.0;17.0;77.0;15.0;21.0;0.0;0.0;0.0;0.0;0.0;0.0;0.0;2.0;0.0;0.0;0.0;2.0;0.0;0.0;0.0;0.0;0.0;0.0;0.0;0.0;0.0;0.0;0.0;0.0
Chaval;CHAVAL;-3.0363333333333;-41.239888888889;2013;2;167.1;0.0;0.0;0.0;0.0;0.0;0.0;0.0;0.0;0.0;0.0;0.0;3.0;0.0;62.0;0.0;14.0;69.0;0.0;0.0;9.0;0.0;0.0;0.0;0.0;0.0;0.0;10.1;0.0;888.0;888.0;888.0
Chaval;CHAVAL;-3.0363333333333;-41.239888888889;2013;3;110.0;0.0;0.0;0.0;17.0;0.0;0.0;0.0;0.0;0.0;0.0;0.0;0.0;0.0;0.0;0.0;0.0;0.0;0.0;30.0;20.0;0.0;0.0;0.0;0.0;17.0;26.0;0.0;0.0;0.0;0.0;0.0
Chaval;CHAVAL;-3.0363333333333;-41.239888888889;2013;4;220.0;15.0;0.0;0.0;0.0;0.0;8.0;24.0;0.0;0.0;0.0;0.0;0.0;0.0;0.0;0.0;19.0;19.0;5.0;15.0;27.0;34.0;0.0;7.0;0.0;14.0;0.0;0.0;2.0;26.0;5.0;888.0
Chaval;CHAVAL;-3.0363333333333;-41.239888888889;2013;5;109.5;0.0;0.0;0.0;0.0;9.0;12.0;0.0;0.0;7.0;6.0;0.0;0.0;4.0;9.5;12.0;0.0;0.0;0.0;30.0;0.0;0.0;1.0;19.0;0.0;0.0;0.0;0.0;0.0;0.0;0.0;0.0
Chaval;CHAVAL;-3.0363333333333;-41.239888888889;2013;6;25.0;0.0;0.0;0.0;0.0;0.0;0.0;0.0;0.0;0.0;0.0;0.0;0.0;0.0;0.0;25.0;0.0;0.0;0.0;0.0;0.0;0.0;0.0;0.0;0.0;0.0;0.0;0.0;0.0;0.0;0.0;888.0
Chaval;CHAVAL;-3.0363333333333;-41.239888888889;2013;7;0.0;0.0;0.0;0.0;0.0;0.0;0.0;0.0;0.0;0.0;0.0;0.0;0.0;0.0;0.0;0.0;0.0;0.0;0.0;0.0;0.0;0.0;0.0;0.0;0.0;0.0;0.0;0.0;0.0;0.0;0.0;0.0
Chaval;CHAVAL;-3.0363333333333;-41.239888888889;2013;8;0.0;0.0;0.0;0.0;0.0;0.0;0.0;0.0;0.0;0.0;0.0;0.0;0.0;0.0;0.0;0.0;0.0;0.0;0.0;0.0;0.0;0.0;0.0;0.0;0.0;0.0;0.0;0.0;0.0;0.0;0.0;0.0
Chaval;CHAVAL;-3.0363333333333;-41.239888888889;2013;9;0.0;0.0;0.0;0.0;0.0;0.0;0.0;0.0;0.0;0.0;0.0;0.0;0.0;0.0;0.0;0.0;0.0;0.0;0.0;0.0;0.0;0.0;0.0;0.0;0.0;0.0;0.0;0.0;0.0;0.0;0.0;888.0
Chaval;CHAVAL;-3.0363333333333;-41.239888888889;2013;10;0.0;0.0;0.0;0.0;0.0;0.0;0.0;0.0;0.0;0.0;0.0;0.0;0.0;0.0;0.0;0.0;0.0;0.0;0.0;0.0;0.0;0.0;0.0;0.0;0.0;0.0;0.0;0.0;0.0;0.0;999.0;999.0
Chaval;CHAVAL;-3.0363333333333;-41.239888888889;2013;11;0.0;0.0;0.0;0.0;0.0;0.0;0.0;0.0;0.0;0.0;0.0;0.0;0.0;0.0;0.0;0.0;0.0;0.0;0.0;0.0;0.0;0.0;0.0;0.0;0.0;0.0;0.0;0.0;0.0;0.0;0.0;888.0
Chaval;CHAVAL;-3.0363333333333;-41.239888888889;2013;12;0.0;0.0;0.0;0.0;0.0;0.0;0.0;0.0;0.0;0.0;0.0;0.0;0.0;0.0;0.0;0.0;0.0;0.0;0.0;0.0;0.0;0.0;0.0;0.0;0.0;0.0;0.0;0.0;0.0;0.0;0.0;0.0
Chaval;CHAVAL;-3.0363333333333;-41.239888888889;2014;1;46.0;0.0;0.0;0.0;0.0;0.0;0.0;28.0;5.0;4.0;7.0;0.0;0.0;2.0;0.0;0.0;0.0;0.0;0.0;0.0;0.0;0.0;0.0;0.0;0.0;0.0;0.0;0.0;0.0;0.0;0.0;0.0
Chaval;CHAVAL;-3.0363333333333;-41.239888888889;2014;2;46.0;0.0;0.0;0.0;0.0;0.0;0.0;0.0;0.0;0.0;0.0;0.0;0.0;0.0;43.0;0.0;0.0;0.0;0.0;0.0;0.0;3.0;0.0;0.0;0.0;0.0;0.0;0.0;0.0;888.0;888.0;888.0
Chaval;CHAVAL;-3.0363333333333;-41.239888888889;2014;3;128.5;0.0;0.0;0.0;0.0;19.0;0.0;0.0;72.0;0.0;0.0;0.0;0.0;0.0;0.0;0.0;0.0;8.0;8.0;0.0;1.0;4.0;15.0;0.0;0.0;0.0;0.0;0.0;1.5;0.0;0.0;0.0
Chaval;CHAVAL;-3.0363333333333;-41.239888888889;2014;4;154.0;0.0;20.5;0.0;30.0;0.0;0.0;6.0;0.0;25.0;5.0;0.0;0.0;0.0;0.0;0.0;0.0;0.0;20.0;19.0;0.0;7.5;0.0;0.0;1.0;0.0;0.0;0.0;0.0;16.0;4.0;888.0
Chaval;CHAVAL;-3.0363333333333;-41.239888888889;2014;5;102.5;4.0;0.0;0.0;0.0;35.5;0.0;0.0;0.0;0.0;0.0;0.0;22.0;0.0;0.0;20.0;0.0;0.0;0.0;0.0;0.0;0.0;0.0;0.0;0.0;0.0;0.0;0.0;0.0;0.0;21.0;0.0
Chaval;CHAVAL;-3.0363333333333;-41.239888888889;2014;6;2.0;0.0;0.0;0.0;0.0;0.0;0.0;0.0;0.0;0.0;0.0;0.0;0.0;0.0;0.0;0.0;0.0;0.0;0.0;0.0;0.0;0.0;0.0;0.0;0.0;0.0;0.0;2.0;0.0;0.0;0.0;888.0
Chaval;CHAVAL;-3.0363333333333;-41.239888888889;2014;7;0.0;0.0;0.0;0.0;0.0;0.0;0.0;0.0;0.0;0.0;0.0;0.0;0.0;0.0;0.0;0.0;0.0;0.0;0.0;0.0;0.0;0.0;0.0;0.0;0.0;0.0;0.0;0.0;0.0;0.0;0.0;0.0
Chaval;CHAVAL;-3.0363333333333;-41.239888888889;2014;8;0.0;0.0;0.0;0.0;0.0;0.0;0.0;0.0;0.0;0.0;0.0;0.0;0.0;0.0;0.0;0.0;0.0;0.0;0.0;0.0;0.0;0.0;0.0;0.0;0.0;0.0;0.0;0.0;0.0;0.0;0.0;0.0
Chaval;CHAVAL;-3.0363333333333;-41.239888888889;2014;9;0.0;0.0;0.0;0.0;0.0;0.0;0.0;0.0;0.0;0.0;0.0;0.0;0.0;0.0;0.0;0.0;0.0;0.0;0.0;0.0;0.0;0.0;0.0;0.0;0.0;0.0;0.0;0.0;0.0;0.0;0.0;888.0
Chaval;CHAVAL;-3.0363333333333;-41.239888888889;2014;10;0.0;0.0;0.0;0.0;0.0;0.0;0.0;0.0;0.0;0.0;0.0;0.0;0.0;0.0;0.0;0.0;0.0;0.0;0.0;0.0;0.0;0.0;0.0;0.0;0.0;0.0;0.0;0.0;0.0;0.0;0.0;0.0
Chaval;CHAVAL;-3.0363333333333;-41.239888888889;2014;11;0.0;0.0;0.0;0.0;0.0;0.0;0.0;0.0;0.0;0.0;0.0;0.0;0.0;0.0;0.0;0.0;0.0;0.0;0.0;0.0;0.0;0.0;0.0;0.0;0.0;0.0;0.0;0.0;0.0;0.0;0.0;888.0
Chaval;CHAVAL;-3.0363333333333;-41.239888888889;2014;12;0.0;0.0;0.0;0.0;0.0;0.0;0.0;0.0;0.0;0.0;0.0;0.0;0.0;0.0;0.0;0.0;0.0;0.0;0.0;0.0;0.0;0.0;0.0;0.0;0.0;0.0;0.0;0.0;0.0;0.0;0.0;0.0
Chaval;CHAVAL;-3.0363333333333;-41.239888888889;2015;1;0.0;0.0;0.0;0.0;0.0;0.0;0.0;0.0;0.0;0.0;0.0;0.0;0.0;0.0;0.0;0.0;0.0;0.0;0.0;0.0;0.0;0.0;0.0;0.0;0.0;0.0;0.0;0.0;0.0;0.0;0.0;0.0
Chaval;CHAVAL;-3.0363333333333;-41.239888888889;2015;2;149.0;0.0;0.0;0.0;0.0;22.0;0.0;0.0;0.0;0.0;0.0;0.0;0.0;0.0;0.0;0.0;0.0;0.0;0.0;0.0;13.0;0.0;13.0;32.0;0.0;18.0;0.0;9.0;42.0;888.0;888.0;888.0
Chaval;CHAVAL;-3.0363333333333;-41.239888888889;2015;3;243.8;10.0;13.0;0.0;13.0;0.0;6.0;13.0;0.0;28.0;14.0;9.8;0.0;14.0;0.0;0.0;4.0;0.0;0.0;0.0;0.0;0.0;34.0;6.0;0.0;0.0;38.0;0.0;0.0;0.0;9.0;32.0
Chaval;CHAVAL;-3.0363333333333;-41.239888888889;2015;4;198.5;17.0;0.0;7.0;24.5;11.0;6.0;0.0;7.0;3.0;8.0;16.0;0.0;20.0;0.0;0.0;0.0;0.0;6.0;0.0;0.0;0.0;30.0;0.0;13.0;0.0;0.0;6.0;12.0;12.0;0.0;888.0
Chaval;CHAVAL;-3.0363333333333;-41.239888888889;2015;5;41.0;0.0;0.0;0.0;0.0;0.0;0.0;0.0;33.0;0.0;0.0;0.0;0.0;0.0;0.0;0.0;0.0;0.0;0.0;0.0;0.0;0.0;0.0;0.0;0.0;0.0;0.0;8.0;0.0;0.0;0.0;0.0
Chaval;CHAVAL;-3.0363333333333;-41.239888888889;2015;6;15.0;0.0;0.0;0.0;0.0;0.0;0.0;0.0;0.0;0.0;0.0;0.0;0.0;0.0;0.0;0.0;0.0;0.0;0.0;0.0;0.0;0.0;8.0;0.0;7.0;0.0;0.0;0.0;0.0;0.0;0.0;888.0
Chaval;CHAVAL;-3.0363333333333;-41.239888888889;2015;7;54.0;0.0;0.0;0.0;20.0;29.0;0.0;0.0;0.0;0.0;0.0;0.0;0.0;0.0;0.0;0.0;0.0;5.0;0.0;0.0;0.0;0.0;0.0;0.0;0.0;0.0;0.0;0.0;0.0;0.0;0.0;0.0
Chaval;CHAVAL;-3.0363333333333;-41.239888888889;2015;8;0.0;0.0;0.0;0.0;0.0;0.0;0.0;0.0;0.0;0.0;0.0;0.0;0.0;0.0;0.0;0.0;0.0;0.0;0.0;0.0;0.0;0.0;0.0;0.0;0.0;0.0;0.0;0.0;0.0;0.0;0.0;0.0
Chaval;CHAVAL;-3.0363333333333;-41.239888888889;2015;9;0.0;0.0;0.0;0.0;0.0;0.0;0.0;0.0;0.0;0.0;0.0;0.0;0.0;0.0;0.0;0.0;0.0;0.0;0.0;0.0;0.0;0.0;0.0;0.0;0.0;0.0;0.0;0.0;0.0;0.0;0.0;888.0
Chaval;CHAVAL;-3.0363333333333;-41.239888888889;2015;10;0.0;0.0;0.0;0.0;0.0;0.0;0.0;999.0;0.0;0.0;0.0;0.0;0.0;0.0;0.0;0.0;0.0;0.0;0.0;0.0;0.0;0.0;0.0;0.0;0.0;0.0;0.0;0.0;0.0;0.0;0.0;0.0
Chaval;CHAVAL;-3.0363333333333;-41.239888888889;2015;11;0.0;0.0;0.0;0.0;0.0;0.0;0.0;0.0;0.0;0.0;0.0;0.0;0.0;0.0;0.0;0.0;0.0;0.0;0.0;0.0;0.0;0.0;0.0;0.0;0.0;0.0;0.0;0.0;0.0;0.0;0.0;888.0
Chaval;CHAVAL;-3.0363333333333;-41.239888888889;2015;12;0.0;0.0;0.0;0.0;0.0;0.0;0.0;0.0;0.0;0.0;0.0;0.0;0.0;0.0;0.0;0.0;0.0;0.0;0.0;0.0;0.0;0.0;0.0;0.0;0.0;0.0;0.0;0.0;0.0;0.0;0.0;0.0
Chaval;CHAVAL;-3.0363333333333;-41.239888888889;2016;1;327.0;0.0;0.0;0.0;0.0;0.0;0.0;24.0;28.0;23.0;0.0;0.0;0.0;0.0;13.0;0.0;0.0;0.0;0.0;36.0;0.0;55.0;56.0;0.0;9.0;0.0;7.0;0.0;76.0;0.0;0.0;0.0
Chaval;CHAVAL;-3.0363333333333;-41.239888888889;2016;2;124.0;0.0;6.0;0.0;20.0;0.0;0.0;0.0;0.0;0.0;0.0;0.0;0.0;0.0;25.0;9.0;4.0;0.0;0.0;0.0;10.0;0.0;0.0;9.0;0.0;0.0;20.0;5.0;0.0;16.0;888.0;888.0
Chaval;CHAVAL;-3.0363333333333;-41.239888888889;2016;3;177.0;0.0;0.0;0.0;0.0;0.0;0.0;0.0;0.0;0.0;20.0;23.0;58.0;0.0;0.0;10.0;0.0;0.0;21.0;0.0;0.0;0.0;0.0;5.0;0.0;0.0;0.0;0.0;5.0;0.0;35.0;0.0
Chaval;CHAVAL;-3.0363333333333;-41.239888888889;2016;4;76.0;0.0;15.0;7.0;0.0;0.0;13.0;12.0;0.0;8.0;9.0;0.0;0.0;0.0;0.0;0.0;0.0;0.0;0.0;12.0;0.0;0.0;0.0;0.0;0.0;0.0;0.0;0.0;0.0;0.0;0.0;888.0
Chaval;CHAVAL;-3.0363333333333;-41.239888888889;2016;5;51.0;0.0;0.0;0.0;0.0;0.0;0.0;0.0;0.0;0.0;19.0;0.0;32.0;0.0;0.0;0.0;0.0;0.0;0.0;0.0;0.0;0.0;0.0;0.0;0.0;0.0;0.0;0.0;0.0;0.0;0.0;0.0
Chaval;CHAVAL;-3.0363333333333;-41.239888888889;2016;6;51.0;0.0;0.0;0.0;0.0;0.0;0.0;51.0;0.0;0.0;0.0;0.0;0.0;0.0;0.0;0.0;0.0;0.0;0.0;0.0;0.0;0.0;0.0;0.0;0.0;0.0;0.0;0.0;0.0;0.0;0.0;888.0
Chaval;CHAVAL;-3.0363333333333;-41.239888888889;2016;7;0.0;0.0;0.0;0.0;0.0;0.0;0.0;0.0;0.0;0.0;0.0;0.0;0.0;0.0;0.0;0.0;0.0;0.0;0.0;0.0;0.0;0.0;0.0;0.0;0.0;0.0;0.0;0.0;0.0;0.0;0.0;0.0
Chaval;CHAVAL;-3.0363333333333;-41.239888888889;2016;8;0.0;0.0;0.0;0.0;0.0;0.0;0.0;0.0;0.0;0.0;0.0;0.0;0.0;0.0;0.0;0.0;0.0;0.0;0.0;0.0;0.0;0.0;0.0;0.0;0.0;0.0;0.0;0.0;0.0;0.0;0.0;0.0
Chaval;CHAVAL;-3.0363333333333;-41.239888888889;2016;9;0.0;0.0;0.0;0.0;0.0;0.0;0.0;0.0;0.0;0.0;0.0;0.0;0.0;0.0;0.0;0.0;0.0;0.0;0.0;0.0;0.0;0.0;0.0;0.0;0.0;0.0;0.0;0.0;0.0;0.0;0.0;888.0
Chaval;CHAVAL;-3.0363333333333;-41.239888888889;2016;10;0.0;0.0;0.0;0.0;0.0;0.0;0.0;0.0;0.0;0.0;0.0;0.0;0.0;0.0;0.0;0.0;0.0;0.0;0.0;0.0;0.0;0.0;0.0;0.0;0.0;0.0;0.0;0.0;0.0;0.0;0.0;0.0
Chaval;CHAVAL;-3.0363333333333;-41.239888888889;2016;11;0.0;0.0;0.0;0.0;0.0;0.0;0.0;0.0;0.0;0.0;0.0;0.0;0.0;0.0;0.0;0.0;0.0;0.0;0.0;0.0;0.0;0.0;0.0;0.0;0.0;0.0;0.0;0.0;0.0;0.0;0.0;888.0
Chaval;CHAVAL;-3.0363333333333;-41.239888888889;2016;12;0.0;0.0;0.0;0.0;0.0;0.0;0.0;0.0;0.0;0.0;0.0;0.0;0.0;0.0;0.0;0.0;0.0;0.0;0.0;0.0;0.0;0.0;0.0;0.0;0.0;0.0;0.0;0.0;0.0;0.0;0.0;0.0
Chaval;CHAVAL;-3.0363333333333;-41.239888888889;2017;1;94.0;0.0;0.0;9.0;11.0;0.0;0.0;0.0;0.0;0.0;0.0;0.0;0.0;0.0;0.0;0.0;0.0;0.0;0.0;0.0;7.0;0.0;0.0;0.0;6.0;0.0;0.0;21.0;0.0;40.0;0.0;0.0
Chaval;CHAVAL;-3.0363333333333;-41.239888888889;2017;2;258.0;0.0;17.0;21.0;0.0;0.0;0.0;0.0;0.0;31.0;12.0;95.0;20.0;0.0;0.0;0.0;0.0;0.0;16.0;0.0;0.0;4.0;17.0;0.0;0.0;17.0;0.0;8.0;0.0;888.0;888.0;888.0
Chaval;CHAVAL;-3.0363333333333;-41.239888888889;2017;3;351.0;17.0;0.0;82.0;0.0;0.0;6.0;0.0;15.0;0.0;10.0;20.0;17.0;0.0;0.0;0.0;10.0;19.0;12.0;0.0;11.0;5.0;4.0;25.0;9.0;13.0;10.0;8.0;18.0;20.0;10.0;10.0
Chaval;CHAVAL;-3.0363333333333;-41.239888888889;2017;4;162.0;20.0;11.0;0.0;0.0;0.0;0.0;0.0;0.0;0.0;21.0;14.0;6.0;0.0;9.0;0.0;0.0;0.0;0.0;0.0;55.0;4.0;0.0;10.0;2.0;4.0;0.0;0.0;0.0;0.0;6.0;888.0
Chaval;CHAVAL;-3.0363333333333;-41.239888888889;2017;5;122.0;15.0;0.0;0.0;0.0;0.0;0.0;0.0;0.0;0.0;24.0;0.0;30.0;0.0;0.0;0.0;0.0;0.0;5.0;0.0;0.0;0.0;0.0;0.0;0.0;0.0;0.0;0.0;28.0;10.0;10.0;0.0
Chaval;CHAVAL;-3.0363333333333;-41.239888888889;2017;6;69.0;9.0;0.0;0.0;0.0;0.0;0.0;0.0;0.0;0.0;0.0;0.0;0.0;0.0;0.0;0.0;0.0;0.0;0.0;0.0;0.0;0.0;0.0;0.0;0.0;23.0;32.0;0.0;0.0;0.0;5.0;888.0
Chaval;CHAVAL;-3.0363333333333;-41.239888888889;2017;7;6.0;0.0;6.0;0.0;0.0;0.0;0.0;0.0;0.0;0.0;0.0;0.0;0.0;0.0;0.0;0.0;0.0;0.0;0.0;0.0;0.0;0.0;0.0;0.0;0.0;0.0;0.0;0.0;0.0;0.0;0.0;0.0
Chaval;CHAVAL;-3.0363333333333;-41.239888888889;2017;8;0.0;0.0;0.0;0.0;0.0;0.0;0.0;0.0;0.0;0.0;0.0;0.0;0.0;0.0;0.0;0.0;0.0;0.0;0.0;0.0;0.0;0.0;0.0;0.0;0.0;0.0;0.0;0.0;0.0;0.0;0.0;0.0
Chaval;CHAVAL;-3.0363333333333;-41.239888888889;2017;9;0.0;0.0;0.0;0.0;0.0;0.0;0.0;0.0;0.0;0.0;0.0;0.0;0.0;0.0;0.0;0.0;0.0;0.0;0.0;0.0;0.0;0.0;0.0;0.0;0.0;0.0;0.0;0.0;0.0;0.0;0.0;888.0
Chaval;CHAVAL;-3.0363333333333;-41.239888888889;2017;10;0.0;0.0;0.0;0.0;0.0;0.0;0.0;0.0;0.0;0.0;0.0;0.0;0.0;0.0;0.0;0.0;0.0;0.0;0.0;0.0;0.0;0.0;0.0;0.0;0.0;0.0;0.0;0.0;0.0;0.0;0.0;0.0
Chaval;CHAVAL;-3.0363333333333;-41.239888888889;2017;11;0.0;0.0;0.0;0.0;0.0;0.0;0.0;0.0;0.0;0.0;0.0;0.0;0.0;0.0;0.0;0.0;0.0;0.0;0.0;0.0;0.0;0.0;0.0;0.0;0.0;0.0;0.0;0.0;0.0;0.0;0.0;888.0
Chaval;CHAVAL;-3.0363333333333;-41.239888888889;2017;12;34.0;0.0;0.0;0.0;0.0;0.0;0.0;0.0;0.0;0.0;0.0;0.0;0.0;0.0;0.0;0.0;0.0;0.0;0.0;0.0;0.0;0.0;0.0;34.0;0.0;0.0;0.0;0.0;0.0;0.0;0.0;0.0
Chaval;CHAVAL;-3.0363333333333;-41.239888888889;2018;1;57.0;0.0;0.0;0.0;0.0;0.0;0.0;0.0;7.0;0.0;15.0;0.0;0.0;0.0;0.0;0.0;0.0;0.0;0.0;9.0;0.0;0.0;0.0;0.0;0.0;26.0;0.0;0.0;0.0;0.0;0.0;0.0
Chaval;CHAVAL;-3.0363333333333;-41.239888888889;2018;2;461.0;0.0;0.0;8.0;25.0;7.0;31.0;9.0;29.0;24.0;0.0;24.0;9.0;7.0;92.0;18.0;0.0;17.0;26.0;0.0;0.0;0.0;10.0;0.0;12.0;68.0;45.0;0.0;0.0;888.0;888.0;888.0
Chaval;CHAVAL;-3.0363333333333;-41.239888888889;2018;3;244.0;40.0;20.0;3.0;0.0;4.0;18.0;43.0;0.0;10.0;0.0;12.0;0.0;4.0;8.0;13.0;0.0;0.0;0.0;0.0;0.0;5.0;0.0;4.0;10.0;10.0;0.0;19.0;0.0;0.0;21.0;0.0
Chaval;CHAVAL;-3.0363333333333;-41.239888888889;2018;4;307.0;0.0;8.0;51.0;0.0;15.0;0.0;26.0;0.0;70.0;5.0;67.0;4.0;0.0;21.0;0.0;0.0;19.0;0.0;0.0;0.0;0.0;4.0;8.0;0.0;9.0;0.0;0.0;0.0;0.0;0.0;888.0
Chaval;CHAVAL;-3.0363333333333;-41.239888888889;2018;5;127.0;7.0;30.0;0.0;0.0;6.0;0.0;37.0;9.0;0.0;15.0;0.0;11.0;0.0;0.0;0.0;0.0;0.0;0.0;0.0;0.0;0.0;12.0;0.0;0.0;0.0;0.0;0.0;0.0;0.0;0.0;0.0
Chaval;CHAVAL;-3.0363333333333;-41.239888888889;2018;6;28.0;0.0;9.0;0.0;0.0;0.0;0.0;0.0;0.0;0.0;0.0;0.0;0.0;0.0;0.0;0.0;0.0;0.0;0.0;14.0;5.0;0.0;0.0;0.0;0.0;0.0;0.0;0.0;0.0;0.0;0.0;888.0
Chaval;CHAVAL;-3.0363333333333;-41.239888888889;2018;7;9.0;0.0;0.0;0.0;0.0;0.0;0.0;9.0;0.0;0.0;0.0;0.0;0.0;0.0;0.0;0.0;0.0;0.0;0.0;0.0;0.0;0.0;0.0;0.0;0.0;0.0;0.0;0.0;0.0;0.0;0.0;0.0
Chaval;CHAVAL;-3.0363333333333;-41.239888888889;2018;8;0.0;0.0;0.0;0.0;0.0;0.0;0.0;0.0;0.0;0.0;0.0;0.0;0.0;0.0;0.0;0.0;0.0;0.0;0.0;0.0;0.0;0.0;0.0;0.0;0.0;0.0;0.0;0.0;0.0;0.0;0.0;0.0
Chaval;CHAVAL;-3.0363333333333;-41.239888888889;2018;9;0.0;0.0;0.0;0.0;0.0;0.0;0.0;0.0;0.0;0.0;0.0;0.0;0.0;0.0;0.0;0.0;0.0;0.0;0.0;0.0;0.0;0.0;0.0;0.0;0.0;0.0;0.0;0.0;0.0;0.0;0.0;888.0
Chaval;CHAVAL;-3.0363333333333;-41.239888888889;2018;10;0.0;0.0;0.0;999.0;999.0;999.0;999.0;999.0;999.0;999.0;999.0;999.0;999.0;999.0;999.0;999.0;999.0;999.0;999.0;999.0;999.0;999.0;999.0;999.0;999.0;999.0;999.0;999.0;999.0;999.0;999.0;999.0
