Municipios;Postos;Latitude;Longitude;Anos;Meses;Total;Dia1;Dia2;Dia3;Dia4;Dia5;Dia6;Dia7;Dia8;Dia9;Dia10;Dia11;Dia12;Dia13;Dia14;Dia15;Dia16;Dia17;Dia18;Dia19;Dia20;Dia21;Dia22;Dia23;Dia24;Dia25;Dia26;Dia27;Dia28;Dia29;Dia30;Dia31
Aracati;AEROPORTO DE ARACATI;-4.5661111111111;-37.794583333333;2001;3;108.7;0.0;0.0;0.0;0.0;0.0;0.0;0.0;0.0;1.0;3.0;2.0;18.0;4.0;7.0;3.0;0.0;0.0;0.0;3.5;0.0;0.0;19.0;0.2;0.0;0.0;0.0;0.0;0.0;48.0;0.0;0.0
Aracati;AEROPORTO DE ARACATI;-4.5661111111111;-37.794583333333;2001;4;359.2;0.0;42.8;41.6;24.4;0.0;0.0;0.0;5.4;1.8;0.0;12.8;5.0;18.8;14.0;52.0;37.0;12.0;0.0;0.0;3.0;5.0;0.0;1.0;0.0;0.0;0.0;4.0;72.0;6.6;0.0;888.0
Aracati;AEROPORTO DE ARACATI;-4.5661111111111;-37.794583333333;2001;5;0.0;0.0;0.0;0.0;0.0;0.0;0.0;0.0;0.0;0.0;0.0;0.0;0.0;0.0;0.0;0.0;0.0;0.0;0.0;0.0;0.0;0.0;0.0;0.0;0.0;0.0;0.0;0.0;0.0;0.0;0.0;0.0
Aracati;AEROPORTO DE ARACATI;-4.5661111111111;-37.794583333333;2001;6;11.2;2.8;0.0;0.0;0.0;0.0;0.0;0.0;0.0;0.0;0.0;0.0;0.0;0.0;0.0;8.4;0.0;0.0;0.0;0.0;0.0;0.0;0.0;0.0;0.0;0.0;0.0;0.0;0.0;0.0;0.0;888.0
Aracati;AEROPORTO DE ARACATI;-4.5661111111111;-37.794583333333;2001;7;0.0;0.0;0.0;0.0;0.0;0.0;0.0;0.0;0.0;0.0;0.0;0.0;0.0;0.0;0.0;0.0;0.0;0.0;0.0;0.0;0.0;0.0;0.0;0.0;0.0;0.0;0.0;0.0;0.0;0.0;0.0;0.0
Aracati;AEROPORTO DE ARACATI;-4.5661111111111;-37.794583333333;2001;8;0.0;0.0;0.0;0.0;0.0;0.0;0.0;0.0;0.0;0.0;0.0;0.0;0.0;0.0;0.0;0.0;0.0;0.0;0.0;0.0;0.0;0.0;0.0;0.0;0.0;0.0;0.0;0.0;0.0;0.0;0.0;0.0
Aracati;AEROPORTO DE ARACATI;-4.5661111111111;-37.794583333333;2001;9;4.0;0.0;0.0;0.0;0.0;0.0;0.0;0.0;0.0;0.0;0.0;0.0;0.0;0.0;0.0;0.0;0.0;0.0;4.0;0.0;0.0;0.0;0.0;0.0;0.0;0.0;0.0;0.0;0.0;0.0;0.0;888.0
Aracati;AEROPORTO DE ARACATI;-4.5661111111111;-37.794583333333;2001;10;0.0;0.0;0.0;0.0;0.0;0.0;0.0;0.0;0.0;0.0;0.0;0.0;0.0;0.0;0.0;0.0;0.0;0.0;0.0;0.0;0.0;0.0;0.0;0.0;0.0;0.0;0.0;0.0;0.0;0.0;0.0;0.0
Aracati;AEROPORTO DE ARACATI;-4.5661111111111;-37.794583333333;2001;11;0.0;0.0;0.0;0.0;0.0;0.0;0.0;0.0;0.0;0.0;0.0;0.0;0.0;0.0;0.0;0.0;0.0;0.0;0.0;0.0;0.0;0.0;0.0;0.0;0.0;0.0;0.0;0.0;0.0;0.0;0.0;888.0
Aracati;AEROPORTO DE ARACATI;-4.5661111111111;-37.794583333333;2001;12;0.0;0.0;0.0;0.0;0.0;0.0;0.0;0.0;0.0;0.0;0.0;0.0;0.0;0.0;0.0;0.0;0.0;0.0;0.0;0.0;0.0;0.0;0.0;0.0;0.0;0.0;0.0;0.0;0.0;0.0;0.0;0.0
Aracati;AEROPORTO DE ARACATI;-4.5661111111111;-37.794583333333;2002;1;248.3;0.0;0.0;0.0;0.0;26.9;0.0;0.0;6.2;2.0;0.0;12.5;0.0;93.2;0.0;0.0;0.0;0.0;37.0;0.0;0.0;0.6;53.4;5.0;0.0;0.0;3.0;8.5;0.0;0.0;0.0;0.0
Aracati;AEROPORTO DE ARACATI;-4.5661111111111;-37.794583333333;2002;2;117.4;0.0;0.0;0.0;76.0;0.0;0.0;0.0;0.0;0.0;0.0;0.0;0.0;0.0;0.0;0.0;0.0;0.0;0.0;41.4;0.0;0.0;0.0;0.0;0.0;0.0;0.0;0.0;0.0;888.0;888.0;888.0
Aracati;AEROPORTO DE ARACATI;-4.5661111111111;-37.794583333333;2002;3;245.7;0.0;0.0;0.0;0.0;17.6;0.0;0.0;0.0;0.0;0.0;0.0;0.0;0.0;17.5;26.4;31.8;6.8;12.1;14.4;0.0;0.0;0.0;0.0;24.4;2.0;3.9;37.0;33.9;4.0;5.6;8.3
Aracati;AEROPORTO DE ARACATI;-4.5661111111111;-37.794583333333;2002;4;119.7;2.3;7.4;0.0;59.0;0.0;0.0;0.0;0.0;0.0;0.0;0.0;0.0;0.0;0.0;0.0;0.0;0.0;0.0;0.0;0.0;0.0;0.0;0.0;0.0;0.0;32.0;0.0;0.0;19.0;0.0;888.0
Aracati;AEROPORTO DE ARACATI;-4.5661111111111;-37.794583333333;2002;5;212.4;0.0;52.0;0.0;0.0;0.0;13.4;12.0;0.0;0.0;0.0;0.0;0.0;0.0;0.0;20.0;0.0;0.0;0.0;0.0;0.0;0.0;0.0;0.0;29.0;0.0;0.0;86.0;0.0;0.0;0.0;0.0
Aracati;AEROPORTO DE ARACATI;-4.5661111111111;-37.794583333333;2002;6;90.8;52.3;0.0;0.0;0.0;0.0;0.0;0.0;0.0;0.0;0.0;0.0;0.0;0.0;8.5;12.0;18.0;0.0;0.0;0.0;0.0;0.0;0.0;0.0;0.0;0.0;0.0;0.0;0.0;0.0;0.0;888.0
Aracati;AEROPORTO DE ARACATI;-4.5661111111111;-37.794583333333;2002;7;0.0;0.0;0.0;0.0;0.0;0.0;0.0;0.0;0.0;0.0;0.0;0.0;0.0;0.0;0.0;0.0;0.0;0.0;0.0;0.0;0.0;0.0;0.0;0.0;0.0;0.0;0.0;0.0;0.0;0.0;0.0;0.0
Aracati;AEROPORTO DE ARACATI;-4.5661111111111;-37.794583333333;2002;8;0.0;0.0;0.0;0.0;0.0;0.0;0.0;0.0;0.0;0.0;0.0;0.0;0.0;0.0;0.0;0.0;0.0;0.0;0.0;0.0;0.0;0.0;0.0;0.0;0.0;0.0;0.0;0.0;0.0;0.0;0.0;0.0
Aracati;AEROPORTO DE ARACATI;-4.5661111111111;-37.794583333333;2002;9;0.0;0.0;0.0;0.0;0.0;0.0;0.0;0.0;0.0;0.0;0.0;0.0;0.0;0.0;0.0;0.0;0.0;0.0;0.0;0.0;0.0;0.0;0.0;0.0;0.0;0.0;0.0;0.0;0.0;0.0;0.0;888.0
Aracati;AEROPORTO DE ARACATI;-4.5661111111111;-37.794583333333;2002;10;0.0;0.0;0.0;0.0;0.0;0.0;0.0;0.0;0.0;0.0;0.0;0.0;0.0;0.0;0.0;0.0;0.0;0.0;0.0;0.0;0.0;0.0;0.0;0.0;0.0;0.0;0.0;0.0;0.0;0.0;0.0;0.0
Aracati;AEROPORTO DE ARACATI;-4.5661111111111;-37.794583333333;2002;11;0.0;0.0;0.0;0.0;0.0;0.0;0.0;0.0;0.0;0.0;0.0;0.0;0.0;0.0;0.0;0.0;0.0;0.0;0.0;0.0;0.0;0.0;0.0;0.0;0.0;0.0;0.0;0.0;0.0;0.0;0.0;888.0
Aracati;AEROPORTO DE ARACATI;-4.5661111111111;-37.794583333333;2002;12;5.0;0.0;0.0;0.0;0.0;0.0;0.0;0.0;0.0;5.0;0.0;0.0;0.0;0.0;0.0;0.0;0.0;0.0;0.0;0.0;0.0;0.0;0.0;0.0;0.0;0.0;0.0;0.0;0.0;0.0;0.0;0.0
Aracati;AEROPORTO DE ARACATI;-4.5661111111111;-37.794583333333;2003;1;72.7;0.0;0.0;0.0;0.0;0.0;0.0;0.0;0.0;2.0;0.0;0.0;0.0;0.0;0.0;0.0;0.0;0.0;0.0;0.0;11.0;3.1;25.0;0.0;0.0;17.0;0.0;0.0;6.2;0.0;0.0;8.4
Aracati;AEROPORTO DE ARACATI;-4.5661111111111;-37.794583333333;2003;2;276.1;3.1;14.1;0.0;0.0;0.0;1.4;0.0;0.0;0.0;0.0;4.0;0.0;0.0;0.0;2.0;0.0;0.0;39.0;0.0;6.0;22.5;0.0;0.0;114.0;8.0;62.0;0.0;0.0;888.0;888.0;888.0
Aracati;AEROPORTO DE ARACATI;-4.5661111111111;-37.794583333333;2003;3;186.5;0.0;0.0;0.0;0.0;13.2;0.0;25.4;4.2;0.0;5.0;5.0;0.0;0.0;0.0;0.0;53.0;4.3;0.0;28.0;0.0;14.0;0.0;0.0;18.4;0.0;0.0;0.0;0.0;10.0;6.0;0.0
Aracati;AEROPORTO DE ARACATI;-4.5661111111111;-37.794583333333;2003;4;311.0;35.0;13.2;10.0;0.0;7.2;5.0;0.0;0.0;0.0;30.0;86.6;0.0;0.0;0.0;0.0;0.0;0.0;19.0;0.0;0.0;0.0;0.0;0.0;0.0;0.0;47.0;0.0;7.0;17.0;34.0;888.0
Aracati;AEROPORTO DE ARACATI;-4.5661111111111;-37.794583333333;2003;5;102.3;32.0;0.0;0.0;0.0;23.0;0.0;0.0;0.0;12.0;0.0;0.0;5.3;0.0;8.0;12.0;0.0;0.0;0.0;0.0;10.0;0.0;0.0;0.0;0.0;0.0;0.0;0.0;0.0;0.0;0.0;0.0
Aracati;AEROPORTO DE ARACATI;-4.5661111111111;-37.794583333333;2003;6;54.0;0.0;0.0;0.0;30.0;4.0;0.0;0.0;0.0;0.0;0.0;0.0;0.0;0.0;0.0;20.0;0.0;0.0;0.0;0.0;0.0;0.0;0.0;0.0;0.0;0.0;0.0;0.0;0.0;0.0;0.0;888.0
Aracati;AEROPORTO DE ARACATI;-4.5661111111111;-37.794583333333;2003;7;0.0;0.0;0.0;0.0;0.0;0.0;0.0;0.0;0.0;0.0;0.0;0.0;0.0;0.0;0.0;0.0;0.0;0.0;0.0;0.0;0.0;0.0;0.0;0.0;0.0;0.0;0.0;0.0;0.0;0.0;0.0;0.0
Aracati;AEROPORTO DE ARACATI;-4.5661111111111;-37.794583333333;2003;8;0.0;0.0;0.0;0.0;0.0;0.0;0.0;0.0;0.0;0.0;0.0;0.0;0.0;0.0;0.0;0.0;0.0;0.0;0.0;0.0;0.0;0.0;0.0;0.0;0.0;0.0;0.0;0.0;0.0;0.0;0.0;0.0
Aracati;AEROPORTO DE ARACATI;-4.5661111111111;-37.794583333333;2003;9;0.0;0.0;0.0;0.0;0.0;0.0;0.0;0.0;0.0;0.0;0.0;0.0;0.0;0.0;0.0;0.0;0.0;0.0;0.0;0.0;0.0;0.0;0.0;0.0;0.0;0.0;0.0;0.0;0.0;0.0;0.0;888.0
Aracati;AEROPORTO DE ARACATI;-4.5661111111111;-37.794583333333;2003;10;0.0;0.0;0.0;0.0;0.0;0.0;0.0;0.0;0.0;0.0;0.0;0.0;0.0;0.0;0.0;0.0;0.0;0.0;0.0;0.0;0.0;0.0;0.0;0.0;0.0;0.0;0.0;0.0;0.0;0.0;0.0;0.0
Aracati;AEROPORTO DE ARACATI;-4.5661111111111;-37.794583333333;2003;11;0.0;0.0;0.0;0.0;0.0;0.0;0.0;0.0;0.0;0.0;0.0;0.0;0.0;0.0;0.0;0.0;0.0;0.0;0.0;0.0;0.0;0.0;0.0;0.0;0.0;0.0;0.0;0.0;0.0;0.0;0.0;888.0
Aracati;AEROPORTO DE ARACATI;-4.5661111111111;-37.794583333333;2003;12;0.0;0.0;0.0;0.0;0.0;0.0;0.0;0.0;0.0;0.0;0.0;0.0;0.0;0.0;0.0;0.0;0.0;0.0;0.0;0.0;0.0;0.0;0.0;0.0;0.0;0.0;0.0;0.0;0.0;0.0;0.0;0.0
Aracati;AEROPORTO DE ARACATI;-4.5661111111111;-37.794583333333;2004;1;455.2;0.0;0.0;0.0;0.0;0.0;0.0;0.0;0.0;0.0;0.0;0.0;1.0;13.0;0.0;11.0;0.0;0.0;47.0;0.0;17.2;30.2;69.8;0.0;70.0;7.0;20.0;20.0;41.0;108.0;0.0;0.0
Aracati;AEROPORTO DE ARACATI;-4.5661111111111;-37.794583333333;2004;2;253.6;15.0;10.0;35.0;0.0;5.0;16.2;0.0;7.2;7.4;0.0;0.0;0.0;32.2;58.4;0.0;24.6;0.0;0.0;0.0;0.0;0.0;0.0;0.0;0.0;4.8;0.0;27.0;0.0;10.8;888.0;888.0
Aracati;AEROPORTO DE ARACATI;-4.5661111111111;-37.794583333333;2004;3;107.8;0.0;0.0;0.0;8.0;0.0;0.0;15.0;60.0;0.0;0.0;17.0;0.0;0.0;0.0;0.0;7.8;0.0;0.0;0.0;0.0;0.0;0.0;0.0;0.0;0.0;0.0;0.0;0.0;0.0;0.0;0.0
Aracati;AEROPORTO DE ARACATI;-4.5661111111111;-37.794583333333;2004;4;79.0;0.0;0.0;0.0;4.0;0.0;0.0;0.0;0.0;0.0;0.0;0.0;0.0;0.0;0.0;0.0;0.0;0.0;0.0;0.0;0.0;0.0;0.0;75.0;0.0;0.0;0.0;0.0;0.0;0.0;0.0;888.0
Aracati;AEROPORTO DE ARACATI;-4.5661111111111;-37.794583333333;2004;5;9.1;0.0;0.0;0.0;0.0;6.1;0.0;3.0;0.0;0.0;0.0;0.0;0.0;0.0;0.0;0.0;0.0;0.0;0.0;0.0;0.0;0.0;0.0;0.0;0.0;0.0;0.0;0.0;0.0;0.0;0.0;0.0
Aracati;AEROPORTO DE ARACATI;-4.5661111111111;-37.794583333333;2004;6;116.3;48.0;0.0;0.0;8.0;0.0;4.0;0.0;3.0;0.0;0.0;0.0;0.0;0.0;0.0;0.0;0.0;0.0;0.0;0.0;0.0;0.0;5.0;0.0;0.0;0.0;0.0;0.0;10.0;36.0;2.3;888.0
Aracati;AEROPORTO DE ARACATI;-4.5661111111111;-37.794583333333;2004;7;51.0;0.0;0.0;8.0;0.0;0.0;0.0;0.0;0.0;0.0;0.0;0.0;0.0;0.0;0.0;0.0;2.0;41.0;0.0;0.0;0.0;0.0;0.0;0.0;0.0;0.0;0.0;0.0;0.0;0.0;0.0;0.0
Aracati;AEROPORTO DE ARACATI;-4.5661111111111;-37.794583333333;2004;8;0.0;0.0;0.0;0.0;0.0;0.0;0.0;0.0;0.0;0.0;0.0;0.0;0.0;0.0;0.0;0.0;0.0;0.0;0.0;0.0;0.0;0.0;0.0;0.0;0.0;0.0;0.0;0.0;0.0;0.0;0.0;0.0
Aracati;AEROPORTO DE ARACATI;-4.5661111111111;-37.794583333333;2004;9;0.0;0.0;0.0;0.0;0.0;0.0;0.0;0.0;0.0;0.0;0.0;0.0;0.0;0.0;0.0;0.0;0.0;0.0;0.0;0.0;0.0;0.0;0.0;0.0;0.0;0.0;0.0;0.0;0.0;0.0;0.0;888.0
Aracati;AEROPORTO DE ARACATI;-4.5661111111111;-37.794583333333;2004;10;0.0;0.0;0.0;0.0;0.0;0.0;0.0;0.0;0.0;0.0;0.0;0.0;0.0;0.0;0.0;0.0;0.0;0.0;0.0;0.0;0.0;0.0;0.0;0.0;0.0;0.0;0.0;0.0;0.0;0.0;0.0;0.0
Aracati;AEROPORTO DE ARACATI;-4.5661111111111;-37.794583333333;2004;11;0.0;0.0;0.0;0.0;0.0;0.0;0.0;0.0;0.0;0.0;0.0;0.0;0.0;0.0;0.0;0.0;0.0;0.0;0.0;0.0;0.0;0.0;0.0;0.0;0.0;0.0;0.0;0.0;0.0;0.0;0.0;888.0
Aracati;AEROPORTO DE ARACATI;-4.5661111111111;-37.794583333333;2004;12;32.0;0.0;0.0;0.0;0.0;0.0;0.0;0.0;0.0;0.0;0.0;0.0;0.0;0.0;0.0;0.0;0.0;0.0;0.0;0.0;0.0;0.0;0.0;0.0;0.0;32.0;0.0;0.0;0.0;0.0;0.0;0.0
Aracati;AEROPORTO DE ARACATI;-4.5661111111111;-37.794583333333;2005;1;0.0;0.0;0.0;0.0;0.0;0.0;0.0;0.0;0.0;0.0;0.0;0.0;0.0;0.0;0.0;0.0;0.0;0.0;0.0;0.0;0.0;0.0;0.0;0.0;0.0;0.0;0.0;0.0;0.0;0.0;0.0;0.0
Aracati;AEROPORTO DE ARACATI;-4.5661111111111;-37.794583333333;2005;2;42.0;0.0;0.0;0.0;0.0;0.0;0.0;0.0;0.0;0.0;0.0;0.0;0.0;0.0;0.0;0.0;42.0;0.0;0.0;0.0;0.0;0.0;0.0;0.0;0.0;0.0;0.0;0.0;0.0;888.0;888.0;888.0
Aracati;AEROPORTO DE ARACATI;-4.5661111111111;-37.794583333333;2005;3;191.8;0.0;0.0;0.0;0.0;0.0;0.0;0.0;0.0;0.0;11.0;0.0;0.0;0.0;0.0;0.0;0.0;0.0;0.0;5.0;9.0;33.0;14.2;40.6;0.0;0.0;0.0;12.0;44.0;5.0;14.0;4.0
Aracati;AEROPORTO DE ARACATI;-4.5661111111111;-37.794583333333;2005;4;45.0;0.0;0.0;0.0;0.0;0.0;0.0;0.0;0.0;0.0;32.0;11.0;0.0;2.0;0.0;0.0;0.0;0.0;0.0;0.0;0.0;0.0;0.0;0.0;0.0;0.0;0.0;0.0;0.0;0.0;0.0;888.0
Aracati;AEROPORTO DE ARACATI;-4.5661111111111;-37.794583333333;2005;5;28.0;0.0;0.0;0.0;0.0;0.0;0.0;0.0;0.0;7.0;0.0;0.0;0.0;0.0;0.0;0.0;0.0;0.0;0.0;0.0;0.0;0.0;0.0;8.0;0.0;0.0;0.0;4.0;0.0;0.0;5.0;4.0
Aracati;AEROPORTO DE ARACATI;-4.5661111111111;-37.794583333333;2005;6;48.0;0.0;3.0;0.0;5.0;0.0;0.0;0.0;0.0;17.0;0.0;0.0;2.0;0.0;0.0;0.0;0.0;0.0;0.0;9.0;0.0;0.0;0.0;0.0;0.0;0.0;0.0;4.0;8.0;0.0;0.0;888.0
Aracati;AEROPORTO DE ARACATI;-4.5661111111111;-37.794583333333;2005;7;0.0;0.0;0.0;0.0;0.0;0.0;0.0;0.0;0.0;0.0;0.0;0.0;0.0;0.0;0.0;0.0;0.0;0.0;0.0;0.0;0.0;0.0;0.0;0.0;0.0;0.0;0.0;0.0;0.0;0.0;0.0;0.0
Aracati;AEROPORTO DE ARACATI;-4.5661111111111;-37.794583333333;2005;8;0.0;0.0;0.0;0.0;0.0;0.0;0.0;0.0;0.0;0.0;0.0;0.0;0.0;0.0;0.0;0.0;0.0;0.0;0.0;0.0;0.0;0.0;0.0;0.0;0.0;0.0;0.0;0.0;0.0;0.0;0.0;0.0
Aracati;AEROPORTO DE ARACATI;-4.5661111111111;-37.794583333333;2005;9;0.0;0.0;0.0;0.0;0.0;0.0;0.0;0.0;0.0;0.0;0.0;0.0;0.0;0.0;0.0;0.0;0.0;0.0;0.0;0.0;0.0;0.0;0.0;0.0;0.0;0.0;0.0;0.0;0.0;0.0;0.0;888.0
Aracati;AEROPORTO DE ARACATI;-4.5661111111111;-37.794583333333;2005;10;0.0;0.0;0.0;0.0;0.0;0.0;0.0;0.0;0.0;0.0;0.0;0.0;0.0;0.0;0.0;0.0;0.0;0.0;0.0;0.0;0.0;0.0;0.0;0.0;0.0;0.0;0.0;0.0;0.0;0.0;0.0;0.0
Aracati;AEROPORTO DE ARACATI;-4.5661111111111;-37.794583333333;2005;11;0.0;0.0;0.0;0.0;0.0;0.0;0.0;0.0;0.0;0.0;0.0;0.0;0.0;0.0;0.0;0.0;0.0;0.0;0.0;0.0;0.0;0.0;0.0;0.0;0.0;0.0;0.0;0.0;0.0;0.0;0.0;888.0
Aracati;AEROPORTO DE ARACATI;-4.5661111111111;-37.794583333333;2005;12;0.0;0.0;0.0;0.0;0.0;0.0;0.0;0.0;0.0;0.0;0.0;0.0;0.0;0.0;0.0;0.0;0.0;0.0;0.0;0.0;0.0;0.0;0.0;0.0;0.0;0.0;0.0;0.0;0.0;0.0;0.0;0.0
Aracati;AEROPORTO DE ARACATI;-4.5661111111111;-37.794583333333;2006;1;0.0;0.0;0.0;0.0;0.0;0.0;0.0;0.0;0.0;0.0;0.0;0.0;0.0;0.0;0.0;0.0;0.0;0.0;0.0;0.0;0.0;0.0;0.0;0.0;0.0;0.0;0.0;0.0;0.0;0.0;0.0;0.0
Aracati;AEROPORTO DE ARACATI;-4.5661111111111;-37.794583333333;2006;2;86.5;2.0;0.0;0.0;0.0;0.0;0.0;0.0;0.0;0.0;0.0;0.0;0.0;0.0;0.0;0.0;2.0;16.0;23.0;29.5;6.0;0.0;0.0;0.0;7.0;0.0;0.0;0.0;1.0;888.0;888.0;888.0
Aracati;AEROPORTO DE ARACATI;-4.5661111111111;-37.794583333333;2006;3;238.0;60.0;43.0;7.0;0.0;0.0;0.0;0.0;0.0;0.0;0.0;0.0;0.0;5.0;10.0;0.0;0.0;14.0;0.0;4.0;20.0;0.0;0.0;12.0;29.0;0.0;0.0;17.0;7.0;10.0;0.0;0.0
Aracati;AEROPORTO DE ARACATI;-4.5661111111111;-37.794583333333;2006;4;320.0;20.0;0.0;0.0;0.0;38.0;0.0;0.0;0.0;0.0;3.0;0.0;4.0;0.0;40.0;31.0;0.0;0.0;0.0;0.0;26.0;7.0;99.0;0.0;0.0;0.0;0.0;0.0;52.0;0.0;0.0;888.0
Aracati;AEROPORTO DE ARACATI;-4.5661111111111;-37.794583333333;2006;5;235.0;0.0;0.0;0.0;0.0;0.0;0.0;30.0;10.0;42.0;13.0;12.0;10.0;8.0;12.0;0.0;0.0;0.0;7.0;0.0;0.0;86.0;0.0;0.0;0.0;5.0;0.0;0.0;0.0;0.0;0.0;0.0
Aracati;AEROPORTO DE ARACATI;-4.5661111111111;-37.794583333333;2006;6;70.0;0.0;5.0;0.0;0.0;10.0;0.0;0.0;29.0;15.0;0.0;0.0;0.0;8.0;3.0;0.0;0.0;0.0;0.0;0.0;0.0;0.0;0.0;0.0;0.0;0.0;0.0;0.0;0.0;0.0;0.0;888.0
Aracati;AEROPORTO DE ARACATI;-4.5661111111111;-37.794583333333;2006;7;0.0;0.0;0.0;0.0;0.0;0.0;0.0;0.0;0.0;0.0;0.0;0.0;0.0;0.0;0.0;0.0;0.0;0.0;0.0;0.0;0.0;0.0;0.0;0.0;0.0;0.0;0.0;0.0;0.0;0.0;0.0;0.0
Aracati;AEROPORTO DE ARACATI;-4.5661111111111;-37.794583333333;2006;8;0.0;0.0;0.0;0.0;0.0;0.0;0.0;0.0;0.0;0.0;0.0;0.0;0.0;0.0;0.0;0.0;0.0;0.0;0.0;0.0;0.0;0.0;0.0;0.0;0.0;0.0;0.0;0.0;0.0;0.0;0.0;0.0
Aracati;AEROPORTO DE ARACATI;-4.5661111111111;-37.794583333333;2006;9;0.0;0.0;0.0;0.0;0.0;0.0;0.0;0.0;0.0;0.0;0.0;0.0;0.0;0.0;0.0;0.0;0.0;0.0;0.0;0.0;0.0;0.0;0.0;0.0;0.0;0.0;0.0;0.0;0.0;0.0;0.0;888.0
Aracati;AEROPORTO DE ARACATI;-4.5661111111111;-37.794583333333;2006;10;0.0;0.0;0.0;0.0;0.0;0.0;0.0;0.0;0.0;0.0;0.0;0.0;0.0;0.0;0.0;0.0;0.0;0.0;0.0;0.0;0.0;0.0;0.0;0.0;0.0;0.0;0.0;0.0;0.0;0.0;0.0;0.0
Aracati;AEROPORTO DE ARACATI;-4.5661111111111;-37.794583333333;2006;11;0.0;0.0;0.0;0.0;0.0;0.0;0.0;0.0;0.0;0.0;0.0;0.0;0.0;0.0;0.0;0.0;0.0;0.0;0.0;0.0;0.0;0.0;0.0;0.0;0.0;0.0;0.0;0.0;0.0;0.0;0.0;888.0
Aracati;AEROPORTO DE ARACATI;-4.5661111111111;-37.794583333333;2006;12;43.0;0.0;0.0;0.0;0.0;0.0;0.0;0.0;0.0;0.0;0.0;0.0;0.0;0.0;0.0;0.0;0.0;0.0;0.0;0.0;0.0;0.0;0.0;0.0;0.0;0.0;0.0;0.0;0.0;0.0;6.0;37.0
Aracati;AEROPORTO DE ARACATI;-4.5661111111111;-37.794583333333;2007;1;26.0;0.0;4.0;22.0;0.0;0.0;0.0;0.0;0.0;0.0;0.0;0.0;0.0;0.0;0.0;0.0;0.0;0.0;0.0;0.0;0.0;0.0;0.0;0.0;0.0;0.0;0.0;0.0;0.0;0.0;0.0;0.0
Aracati;AEROPORTO DE ARACATI;-4.5661111111111;-37.794583333333;2007;2;236.9;4.0;25.0;0.0;0.0;21.8;0.0;0.0;0.0;0.0;0.0;0.0;0.0;0.0;15.4;8.3;40.8;0.0;32.5;0.0;12.3;33.5;0.0;14.8;10.5;0.0;18.0;0.0;0.0;888.0;888.0;888.0
Aracati;AEROPORTO DE ARACATI;-4.5661111111111;-37.794583333333;2007;3;115.0;10.0;14.0;0.0;0.0;0.0;29.0;0.0;0.0;0.0;0.0;0.0;7.8;34.2;0.0;0.0;0.0;0.0;0.0;0.0;20.0;0.0;0.0;0.0;0.0;0.0;0.0;0.0;0.0;0.0;0.0;0.0
Aracati;AEROPORTO DE ARACATI;-4.5661111111111;-37.794583333333;2007;4;305.8;0.0;0.0;0.0;0.0;0.0;0.0;0.0;0.0;0.0;0.0;2.0;9.0;8.0;0.0;0.0;0.0;0.0;0.0;23.0;9.0;99.8;5.0;8.0;3.0;102.0;0.0;0.0;37.0;0.0;0.0;888.0
Aracati;AEROPORTO DE ARACATI;-4.5661111111111;-37.794583333333;2007;5;12.0;0.0;0.0;12.0;0.0;0.0;0.0;0.0;0.0;0.0;0.0;0.0;0.0;0.0;0.0;0.0;0.0;0.0;0.0;0.0;0.0;0.0;0.0;0.0;0.0;0.0;0.0;0.0;0.0;0.0;0.0;0.0
Aracati;AEROPORTO DE ARACATI;-4.5661111111111;-37.794583333333;2007;6;93.2;0.0;0.0;6.0;0.0;7.3;75.6;4.3;0.0;0.0;0.0;0.0;0.0;0.0;0.0;0.0;0.0;0.0;0.0;0.0;0.0;0.0;0.0;0.0;0.0;0.0;0.0;0.0;0.0;0.0;0.0;888.0
Aracati;AEROPORTO DE ARACATI;-4.5661111111111;-37.794583333333;2007;7;0.0;0.0;0.0;0.0;0.0;0.0;0.0;0.0;0.0;0.0;0.0;0.0;0.0;0.0;0.0;0.0;0.0;0.0;0.0;0.0;0.0;0.0;0.0;0.0;0.0;0.0;0.0;0.0;0.0;0.0;0.0;0.0
Aracati;AEROPORTO DE ARACATI;-4.5661111111111;-37.794583333333;2007;8;0.0;0.0;0.0;0.0;0.0;0.0;0.0;0.0;0.0;0.0;0.0;0.0;0.0;0.0;0.0;0.0;0.0;0.0;0.0;0.0;0.0;0.0;0.0;0.0;0.0;0.0;0.0;0.0;0.0;0.0;0.0;0.0
Aracati;AEROPORTO DE ARACATI;-4.5661111111111;-37.794583333333;2007;9;0.0;0.0;0.0;0.0;0.0;0.0;0.0;0.0;0.0;0.0;0.0;0.0;0.0;0.0;0.0;0.0;0.0;0.0;0.0;0.0;0.0;0.0;0.0;0.0;0.0;0.0;0.0;0.0;0.0;0.0;0.0;888.0
Aracati;AEROPORTO DE ARACATI;-4.5661111111111;-37.794583333333;2007;10;0.0;0.0;0.0;0.0;0.0;0.0;0.0;0.0;0.0;0.0;0.0;0.0;0.0;0.0;0.0;0.0;0.0;0.0;0.0;0.0;0.0;0.0;0.0;0.0;0.0;0.0;0.0;0.0;0.0;0.0;0.0;0.0
Aracati;AEROPORTO DE ARACATI;-4.5661111111111;-37.794583333333;2007;11;0.0;0.0;0.0;0.0;0.0;0.0;0.0;0.0;0.0;0.0;0.0;0.0;0.0;0.0;0.0;0.0;0.0;0.0;0.0;0.0;0.0;0.0;0.0;0.0;0.0;0.0;0.0;0.0;0.0;0.0;0.0;888.0
Aracati;AEROPORTO DE ARACATI;-4.5661111111111;-37.794583333333;2007;12;0.0;0.0;0.0;0.0;0.0;0.0;0.0;0.0;0.0;0.0;0.0;0.0;0.0;0.0;0.0;0.0;0.0;0.0;0.0;0.0;0.0;0.0;0.0;0.0;0.0;0.0;0.0;0.0;0.0;0.0;0.0;0.0
Aracati;AEROPORTO DE ARACATI;-4.5661111111111;-37.794583333333;2008;1;53.4;0.0;0.0;0.0;0.0;0.0;0.0;0.0;0.0;0.0;0.0;0.0;0.0;0.0;0.0;29.5;0.0;0.0;0.0;0.0;0.0;0.0;2.8;2.3;18.8;0.0;0.0;0.0;0.0;0.0;0.0;0.0
Aracati;AEROPORTO DE ARACATI;-4.5661111111111;-37.794583333333;2008;2;21.2;0.0;0.0;0.0;0.0;0.0;0.0;0.0;0.0;0.0;0.0;0.0;0.0;0.0;0.0;0.0;11.5;7.2;0.0;0.0;0.0;0.0;0.0;0.0;0.0;0.0;0.0;0.0;0.0;2.5;888.0;888.0
Aracati;AEROPORTO DE ARACATI;-4.5661111111111;-37.794583333333;2008;3;567.5;0.0;0.0;0.0;0.0;45.2;7.1;24.8;13.4;23.3;30.8;0.0;177.0;0.0;0.0;0.0;0.0;0.0;0.0;1.8;3.2;2.8;4.2;11.0;122.0;9.3;30.2;18.3;12.0;10.3;7.8;13.0
Aracati;AEROPORTO DE ARACATI;-4.5661111111111;-37.794583333333;2008;4;310.1;8.1;3.5;5.0;9.3;6.2;7.1;9.2;33.2;46.7;15.5;10.8;11.2;14.8;18.2;12.0;17.8;8.3;0.0;0.0;0.0;11.2;4.0;18.0;3.0;37.0;0.0;0.0;0.0;0.0;0.0;888.0
Aracati;AEROPORTO DE ARACATI;-4.5661111111111;-37.794583333333;2008;5;106.4;0.0;0.0;0.0;0.0;8.0;0.0;0.0;9.2;18.2;0.0;0.0;14.6;8.0;0.0;0.0;0.0;0.0;0.0;2.0;0.0;0.0;0.0;4.0;0.0;0.0;13.0;6.0;0.0;0.0;23.4;0.0
Aracati;AEROPORTO DE ARACATI;-4.5661111111111;-37.794583333333;2008;6;48.0;0.0;8.0;0.0;0.0;0.0;0.0;14.0;0.0;9.0;0.0;0.0;0.0;0.0;0.0;0.0;17.0;0.0;0.0;0.0;0.0;0.0;0.0;0.0;0.0;0.0;0.0;0.0;0.0;0.0;0.0;888.0
Aracati;AEROPORTO DE ARACATI;-4.5661111111111;-37.794583333333;2008;7;11.0;2.0;3.0;6.0;0.0;0.0;0.0;0.0;0.0;0.0;0.0;0.0;0.0;0.0;0.0;0.0;0.0;0.0;0.0;0.0;0.0;0.0;0.0;0.0;0.0;0.0;0.0;0.0;0.0;0.0;0.0;0.0
Aracati;AEROPORTO DE ARACATI;-4.5661111111111;-37.794583333333;2008;8;27.0;0.0;0.0;0.0;0.0;0.0;0.0;2.5;8.9;15.6;0.0;0.0;0.0;0.0;0.0;0.0;0.0;0.0;0.0;0.0;0.0;0.0;0.0;0.0;0.0;0.0;0.0;0.0;0.0;0.0;0.0;0.0
Aracati;AEROPORTO DE ARACATI;-4.5661111111111;-37.794583333333;2008;9;0.0;0.0;0.0;0.0;0.0;0.0;0.0;0.0;0.0;0.0;0.0;0.0;0.0;0.0;0.0;0.0;0.0;0.0;0.0;0.0;0.0;0.0;0.0;0.0;0.0;0.0;0.0;0.0;0.0;0.0;0.0;888.0
Aracati;AEROPORTO DE ARACATI;-4.5661111111111;-37.794583333333;2008;10;0.0;0.0;0.0;0.0;0.0;0.0;0.0;0.0;0.0;0.0;0.0;0.0;0.0;0.0;0.0;0.0;0.0;0.0;0.0;0.0;0.0;0.0;0.0;0.0;0.0;0.0;0.0;0.0;0.0;0.0;0.0;0.0
Aracati;AEROPORTO DE ARACATI;-4.5661111111111;-37.794583333333;2008;11;0.0;0.0;0.0;0.0;0.0;0.0;0.0;0.0;0.0;0.0;0.0;0.0;0.0;0.0;0.0;0.0;0.0;0.0;0.0;0.0;0.0;0.0;0.0;0.0;0.0;0.0;0.0;0.0;0.0;0.0;0.0;888.0
Aracati;AEROPORTO DE ARACATI;-4.5661111111111;-37.794583333333;2008;12;0.0;0.0;0.0;0.0;0.0;0.0;0.0;0.0;0.0;0.0;0.0;0.0;0.0;0.0;0.0;0.0;0.0;0.0;0.0;0.0;0.0;0.0;0.0;0.0;0.0;0.0;0.0;0.0;0.0;0.0;0.0;0.0
Aracati;AEROPORTO DE ARACATI;-4.5661111111111;-37.794583333333;2009;1;59.5;0.0;0.0;0.0;0.0;0.0;0.0;0.0;0.0;0.0;9.0;0.0;0.0;0.0;2.0;0.0;0.0;0.0;0.0;0.0;0.0;8.0;30.0;0.0;3.5;0.0;0.0;0.0;0.0;0.0;7.0;0.0
Aracati;AEROPORTO DE ARACATI;-4.5661111111111;-37.794583333333;2009;2;144.1;0.0;3.6;0.0;0.0;0.0;0.0;0.0;0.0;0.0;0.0;0.0;0.0;0.0;0.0;0.0;0.0;0.0;25.3;0.0;0.0;26.0;10.0;31.2;33.4;0.0;10.0;4.6;0.0;888.0;888.0;888.0
Aracati;AEROPORTO DE ARACATI;-4.5661111111111;-37.794583333333;2009;3;316.7;0.0;8.3;7.0;43.8;2.5;0.0;0.0;8.9;0.0;0.0;0.0;4.6;1.8;6.5;8.0;76.0;56.0;0.0;0.0;0.0;0.0;0.0;16.0;17.0;6.0;20.3;0.0;0.0;34.0;0.0;0.0
Aracati;AEROPORTO DE ARACATI;-4.5661111111111;-37.794583333333;2009;4;381.9;22.0;0.0;12.0;0.0;12.0;0.0;23.0;9.0;24.0;5.0;5.0;7.0;74.0;4.0;69.9;0.0;0.0;0.0;0.0;92.0;0.0;23.0;999.0;999.0;999.0;999.0;999.0;999.0;999.0;999.0;888.0
Aracati;AEROPORTO DE ARACATI;-4.5661111111111;-37.794583333333;2009;11;0.0;0.0;0.0;0.0;0.0;0.0;0.0;0.0;0.0;0.0;0.0;0.0;0.0;0.0;0.0;0.0;0.0;0.0;0.0;0.0;0.0;0.0;0.0;0.0;0.0;0.0;0.0;0.0;0.0;0.0;0.0;888.0
Aracati;AEROPORTO DE ARACATI;-4.5661111111111;-37.794583333333;2009;12;6.0;0.0;0.0;0.0;0.0;0.0;6.0;0.0;0.0;0.0;0.0;0.0;0.0;0.0;0.0;0.0;0.0;0.0;0.0;0.0;0.0;0.0;0.0;0.0;0.0;0.0;0.0;0.0;0.0;0.0;0.0;0.0
Aracati;AEROPORTO DE ARACATI;-4.5661111111111;-37.794583333333;2010;1;46.0;0.0;0.0;28.0;14.0;0.0;0.0;0.0;0.0;0.0;0.0;0.0;0.0;0.0;0.0;0.0;0.0;0.0;0.0;0.0;0.0;0.0;0.0;0.0;0.0;0.0;0.0;0.0;4.0;0.0;0.0;0.0
Aracati;AEROPORTO DE ARACATI;-4.5661111111111;-37.794583333333;2010;2;34.4;0.0;0.0;0.0;0.0;0.0;0.0;0.0;0.0;0.0;5.0;29.4;0.0;0.0;0.0;0.0;0.0;0.0;0.0;0.0;0.0;0.0;0.0;0.0;0.0;0.0;0.0;0.0;0.0;888.0;888.0;888.0
Aracati;AEROPORTO DE ARACATI;-4.5661111111111;-37.794583333333;2010;3;95.5;0.0;0.0;0.0;0.0;0.0;0.0;0.0;0.0;0.0;0.0;0.0;0.0;0.0;0.0;19.0;0.0;0.0;0.0;0.0;0.0;0.0;12.0;0.0;0.0;26.0;38.5;0.0;0.0;0.0;0.0;0.0
Aracati;AEROPORTO DE ARACATI;-4.5661111111111;-37.794583333333;2010;4;178.0;0.0;0.0;0.0;0.0;0.0;0.0;0.0;0.0;0.0;17.0;27.0;0.0;0.0;0.0;0.0;0.0;0.0;0.0;60.0;67.0;0.0;7.0;0.0;0.0;0.0;0.0;0.0;0.0;0.0;0.0;888.0
Aracati;AEROPORTO DE ARACATI;-4.5661111111111;-37.794583333333;2010;5;48.3;0.0;0.0;3.0;17.0;0.0;0.0;0.0;0.0;0.0;0.0;0.0;0.0;11.3;0.0;0.0;0.0;0.0;0.0;0.0;0.0;0.0;0.0;17.0;0.0;0.0;0.0;0.0;0.0;0.0;0.0;0.0
Aracati;AEROPORTO DE ARACATI;-4.5661111111111;-37.794583333333;2010;6;0.0;0.0;0.0;0.0;0.0;0.0;0.0;0.0;0.0;0.0;0.0;0.0;0.0;0.0;0.0;0.0;0.0;0.0;0.0;0.0;0.0;0.0;0.0;0.0;0.0;0.0;0.0;0.0;0.0;0.0;0.0;888.0
Aracati;AEROPORTO DE ARACATI;-4.5661111111111;-37.794583333333;2010;7;0.0;0.0;0.0;0.0;0.0;0.0;0.0;0.0;0.0;0.0;0.0;0.0;0.0;0.0;0.0;0.0;0.0;0.0;0.0;0.0;0.0;0.0;0.0;0.0;0.0;0.0;0.0;0.0;0.0;0.0;0.0;0.0
Aracati;AEROPORTO DE ARACATI;-4.5661111111111;-37.794583333333;2010;8;0.0;0.0;0.0;0.0;0.0;0.0;0.0;0.0;0.0;0.0;0.0;0.0;0.0;0.0;0.0;0.0;0.0;0.0;0.0;0.0;0.0;0.0;0.0;0.0;0.0;0.0;0.0;0.0;0.0;0.0;0.0;0.0
Aracati;AEROPORTO DE ARACATI;-4.5661111111111;-37.794583333333;2010;9;0.0;0.0;0.0;0.0;0.0;0.0;0.0;0.0;0.0;0.0;0.0;0.0;0.0;0.0;0.0;0.0;0.0;0.0;0.0;0.0;0.0;0.0;0.0;0.0;0.0;0.0;0.0;0.0;0.0;0.0;0.0;888.0
Aracati;AEROPORTO DE ARACATI;-4.5661111111111;-37.794583333333;2010;10;14.8;0.0;0.0;0.0;0.0;0.0;0.0;0.0;0.0;0.0;0.0;0.0;0.0;0.0;0.0;0.0;0.0;0.0;0.0;0.0;0.0;0.0;0.0;0.0;14.8;0.0;0.0;0.0;0.0;0.0;0.0;0.0
Aracati;AEROPORTO DE ARACATI;-4.5661111111111;-37.794583333333;2010;11;0.0;0.0;0.0;0.0;0.0;0.0;0.0;0.0;0.0;0.0;0.0;0.0;0.0;0.0;0.0;0.0;0.0;0.0;0.0;0.0;0.0;0.0;0.0;0.0;0.0;0.0;0.0;0.0;0.0;0.0;0.0;888.0
Aracati;AEROPORTO DE ARACATI;-4.5661111111111;-37.794583333333;2010;12;0.0;0.0;0.0;0.0;0.0;0.0;0.0;0.0;0.0;0.0;0.0;0.0;0.0;0.0;0.0;0.0;0.0;0.0;0.0;0.0;0.0;0.0;0.0;0.0;0.0;0.0;0.0;0.0;0.0;0.0;0.0;0.0
Aracati;AEROPORTO DE ARACATI;-4.5661111111111;-37.794583333333;2011;1;438.0;0.0;0.0;0.0;0.0;32.0;0.0;0.0;0.0;0.0;85.0;28.0;0.0;0.0;0.0;0.0;0.0;0.0;0.0;0.0;29.0;23.0;60.0;20.0;35.0;15.0;0.0;0.0;29.0;22.0;25.0;35.0
Aracati;AEROPORTO DE ARACATI;-4.5661111111111;-37.794583333333;2011;2;130.0;0.0;0.0;0.0;0.0;0.0;0.0;0.0;0.0;0.0;0.0;23.0;0.0;0.0;30.0;32.0;4.0;0.0;0.0;5.0;29.0;7.0;0.0;0.0;0.0;0.0;0.0;0.0;0.0;888.0;888.0;888.0
Aracati;AEROPORTO DE ARACATI;-4.5661111111111;-37.794583333333;2011;3;258.8;41.0;19.0;0.0;0.0;0.0;0.0;0.0;25.0;44.0;16.0;9.0;64.8;0.0;0.0;0.0;0.0;0.0;0.0;4.0;0.0;6.0;15.0;0.0;10.0;0.0;0.0;0.0;0.0;5.0;0.0;0.0
Aracati;AEROPORTO DE ARACATI;-4.5661111111111;-37.794583333333;2011;4;251.6;0.0;35.0;0.0;30.0;3.0;0.0;0.0;0.0;0.0;0.0;35.0;0.0;15.0;0.0;23.0;7.0;0.0;27.0;12.0;16.0;4.7;6.8;5.5;0.0;28.7;2.9;0.0;0.0;0.0;0.0;888.0
Aracati;AEROPORTO DE ARACATI;-4.5661111111111;-37.794583333333;2011;5;0.0;0.0;0.0;0.0;0.0;0.0;0.0;0.0;0.0;0.0;0.0;0.0;0.0;0.0;0.0;0.0;0.0;0.0;0.0;0.0;0.0;0.0;0.0;0.0;0.0;0.0;0.0;0.0;0.0;0.0;0.0;0.0
Aracati;AEROPORTO DE ARACATI;-4.5661111111111;-37.794583333333;2011;6;0.0;0.0;0.0;0.0;0.0;0.0;0.0;0.0;0.0;0.0;0.0;0.0;0.0;0.0;0.0;0.0;0.0;0.0;0.0;0.0;0.0;0.0;0.0;0.0;0.0;0.0;0.0;0.0;0.0;0.0;0.0;888.0
Aracati;AEROPORTO DE ARACATI;-4.5661111111111;-37.794583333333;2011;10;28.5;0.0;0.0;0.0;0.0;0.0;0.0;0.0;0.0;0.0;0.0;0.0;0.0;10.0;2.5;0.0;0.0;0.0;0.0;0.0;16.0;0.0;0.0;0.0;0.0;0.0;0.0;0.0;0.0;0.0;0.0;0.0
Aracati;AEROPORTO DE ARACATI;-4.5661111111111;-37.794583333333;2012;1;51.2;0.0;0.0;0.0;0.0;0.0;0.0;0.0;0.0;0.0;0.0;0.0;0.0;0.0;0.0;0.0;0.0;0.0;0.0;38.5;9.3;3.4;0.0;0.0;0.0;0.0;0.0;0.0;0.0;0.0;0.0;0.0
Aracati;AEROPORTO DE ARACATI;-4.5661111111111;-37.794583333333;2012;2;121.6;0.0;0.0;0.0;0.0;0.0;0.0;0.0;0.0;0.0;0.0;0.0;0.0;0.0;0.0;0.0;0.0;30.6;91.0;0.0;0.0;0.0;0.0;0.0;0.0;0.0;0.0;0.0;0.0;0.0;888.0;888.0
Aracati;AEROPORTO DE ARACATI;-4.5661111111111;-37.794583333333;2012;3;0.0;0.0;999.0;999.0;999.0;999.0;999.0;999.0;999.0;999.0;999.0;999.0;999.0;999.0;999.0;999.0;999.0;999.0;999.0;999.0;999.0;999.0;999.0;999.0;999.0;999.0;999.0;999.0;999.0;999.0;999.0;999.0
Aracati;AEROPORTO DE ARACATI;-4.5661111111111;-37.794583333333;2013;1;21.2;0.0;0.0;0.0;0.0;0.0;0.0;0.0;0.0;0.0;0.0;0.0;0.0;0.0;0.0;0.0;0.0;0.0;0.0;0.0;6.5;14.7;0.0;0.0;0.0;0.0;0.0;0.0;0.0;0.0;0.0;0.0
Aracati;AEROPORTO DE ARACATI;-4.5661111111111;-37.794583333333;2013;2;47.6;0.0;0.0;0.0;0.0;0.0;0.0;0.0;0.0;0.0;0.0;0.0;0.0;0.0;0.0;4.3;18.7;24.6;0.0;0.0;0.0;0.0;0.0;0.0;0.0;0.0;0.0;0.0;0.0;888.0;888.0;888.0
Aracati;AEROPORTO DE ARACATI;-4.5661111111111;-37.794583333333;2013;3;138.0;0.0;0.0;0.0;0.0;0.0;0.0;0.0;0.0;0.0;0.0;0.0;0.0;0.0;10.0;0.0;0.0;0.0;0.0;50.0;0.0;0.0;0.0;5.0;30.0;5.0;0.0;0.0;38.0;0.0;0.0;0.0
Aracati;AEROPORTO DE ARACATI;-4.5661111111111;-37.794583333333;2013;4;272.0;0.0;0.0;0.0;34.0;0.0;0.0;0.0;0.0;0.0;0.0;0.0;0.0;0.0;0.0;0.0;0.0;0.0;0.0;10.0;142.0;0.0;0.0;0.0;86.0;0.0;0.0;0.0;0.0;0.0;0.0;888.0
Aracati;AEROPORTO DE ARACATI;-4.5661111111111;-37.794583333333;2014;1;0.0;0.0;0.0;0.0;0.0;0.0;0.0;0.0;0.0;0.0;0.0;0.0;0.0;0.0;0.0;0.0;0.0;0.0;0.0;0.0;0.0;0.0;0.0;0.0;0.0;0.0;0.0;0.0;0.0;0.0;0.0;0.0
Aracati;AEROPORTO DE ARACATI;-4.5661111111111;-37.794583333333;2014;2;31.4;0.0;0.0;0.0;0.0;0.0;0.0;0.0;0.0;2.8;2.1;0.0;0.0;0.0;0.0;0.0;0.0;26.5;0.0;0.0;0.0;0.0;0.0;0.0;0.0;0.0;0.0;0.0;0.0;888.0;888.0;888.0
Aracati;AEROPORTO DE ARACATI;-4.5661111111111;-37.794583333333;2014;3;311.5;0.0;0.0;0.0;0.0;0.0;0.0;0.0;0.0;0.0;109.0;68.5;0.0;0.0;0.0;0.0;58.0;0.0;0.0;21.0;0.0;0.0;0.0;0.0;0.0;0.0;0.0;0.0;55.0;999.0;999.0;999.0
Aracati;AEROPORTO DE ARACATI;-4.5661111111111;-37.794583333333;2015;6;8.5;999.0;999.0;999.0;999.0;999.0;999.0;999.0;999.0;999.0;999.0;999.0;999.0;999.0;999.0;999.0;999.0;999.0;999.0;999.0;999.0;999.0;999.0;999.0;999.0;999.0;8.5;0.0;0.0;0.0;0.0;888.0
Aracati;AEROPORTO DE ARACATI;-4.5661111111111;-37.794583333333;2015;7;100.0;0.0;0.0;0.0;11.0;89.0;0.0;0.0;0.0;0.0;0.0;0.0;0.0;0.0;0.0;0.0;0.0;0.0;0.0;0.0;0.0;0.0;0.0;0.0;0.0;0.0;0.0;0.0;0.0;0.0;0.0;0.0
Aracati;AEROPORTO DE ARACATI;-4.5661111111111;-37.794583333333;2015;8;0.0;0.0;0.0;0.0;0.0;0.0;0.0;0.0;999.0;999.0;999.0;999.0;999.0;999.0;999.0;999.0;999.0;999.0;999.0;999.0;999.0;999.0;999.0;999.0;999.0;999.0;999.0;999.0;999.0;999.0;999.0;999.0
Aracati;AEROPORTO DE ARACATI;-4.5661111111111;-37.794583333333;2016;12;3.6;0.0;0.0;0.0;0.0;0.0;0.0;0.0;0.0;0.0;0.0;0.0;0.0;3.6;0.0;0.0;0.0;0.0;0.0;0.0;0.0;0.0;0.0;0.0;0.0;0.0;0.0;0.0;0.0;0.0;0.0;0.0
Aracati;AEROPORTO DE ARACATI;-4.5661111111111;-37.794583333333;2017;1;67.3;0.0;0.0;0.0;18.2;0.0;0.0;0.0;0.0;0.0;2.0;1.8;0.0;0.0;0.0;13.8;0.0;0.0;6.6;0.0;13.5;0.0;0.0;0.0;0.0;0.0;0.0;0.0;11.4;0.0;0.0;0.0
Aracati;AEROPORTO DE ARACATI;-4.5661111111111;-37.794583333333;2017;2;186.8;0.0;0.0;0.0;0.0;0.0;0.0;0.0;0.0;0.0;0.0;24.0;21.0;0.0;0.0;0.0;0.0;0.0;79.8;0.0;62.0;0.0;0.0;0.0;0.0;0.0;0.0;0.0;0.0;888.0;888.0;888.0
Aracati;AEROPORTO DE ARACATI;-4.5661111111111;-37.794583333333;2017;3;189.3;0.0;48.0;91.0;0.0;0.0;0.0;5.3;45.0;0.0;0.0;0.0;0.0;0.0;0.0;0.0;0.0;0.0;0.0;0.0;0.0;0.0;0.0;0.0;0.0;0.0;0.0;0.0;0.0;0.0;0.0;0.0
Aracati;AEROPORTO DE ARACATI;-4.5661111111111;-37.794583333333;2017;4;0.0;0.0;0.0;0.0;0.0;0.0;0.0;0.0;0.0;0.0;0.0;0.0;0.0;0.0;0.0;0.0;0.0;0.0;0.0;0.0;0.0;0.0;0.0;0.0;0.0;0.0;0.0;0.0;0.0;0.0;0.0;888.0
Aracati;AEROPORTO DE ARACATI;-4.5661111111111;-37.794583333333;2017;5;0.0;0.0;0.0;0.0;0.0;0.0;0.0;0.0;0.0;0.0;0.0;0.0;0.0;0.0;0.0;0.0;0.0;0.0;0.0;0.0;0.0;0.0;0.0;0.0;0.0;0.0;0.0;0.0;0.0;0.0;0.0;0.0
Aracati;AEROPORTO DE ARACATI;-4.5661111111111;-37.794583333333;2017;6;0.0;0.0;0.0;0.0;0.0;0.0;0.0;0.0;0.0;0.0;0.0;0.0;0.0;0.0;0.0;0.0;0.0;0.0;0.0;0.0;0.0;0.0;0.0;0.0;0.0;0.0;0.0;0.0;0.0;0.0;0.0;888.0
Aracati;AEROPORTO DE ARACATI;-4.5661111111111;-37.794583333333;2017;7;0.0;0.0;0.0;0.0;0.0;0.0;0.0;0.0;0.0;0.0;0.0;0.0;0.0;0.0;0.0;0.0;0.0;0.0;0.0;0.0;0.0;0.0;0.0;0.0;0.0;0.0;0.0;0.0;0.0;0.0;0.0;0.0
Aracati;AEROPORTO DE ARACATI;-4.5661111111111;-37.794583333333;2017;8;0.0;0.0;0.0;0.0;0.0;0.0;0.0;0.0;0.0;0.0;0.0;0.0;0.0;0.0;0.0;0.0;0.0;0.0;0.0;0.0;0.0;0.0;0.0;0.0;0.0;0.0;0.0;0.0;0.0;0.0;0.0;0.0
Aracati;AEROPORTO DE ARACATI;-4.5661111111111;-37.794583333333;2017;9;0.0;0.0;0.0;0.0;0.0;0.0;0.0;0.0;0.0;0.0;0.0;0.0;0.0;0.0;0.0;0.0;0.0;0.0;0.0;0.0;0.0;0.0;0.0;0.0;0.0;0.0;0.0;0.0;0.0;0.0;0.0;888.0
Aracati;AEROPORTO DE ARACATI;-4.5661111111111;-37.794583333333;2017;10;0.0;0.0;0.0;0.0;0.0;0.0;0.0;0.0;0.0;0.0;0.0;0.0;0.0;0.0;0.0;0.0;0.0;0.0;0.0;0.0;0.0;0.0;0.0;0.0;0.0;0.0;0.0;0.0;0.0;0.0;0.0;0.0
Aracati;AEROPORTO DE ARACATI;-4.5661111111111;-37.794583333333;2017;11;0.0;0.0;0.0;0.0;0.0;0.0;0.0;0.0;0.0;0.0;0.0;0.0;0.0;0.0;0.0;0.0;0.0;0.0;0.0;0.0;0.0;0.0;0.0;0.0;0.0;0.0;0.0;0.0;0.0;0.0;0.0;888.0
Aracati;AEROPORTO DE ARACATI;-4.5661111111111;-37.794583333333;2017;12;0.0;0.0;0.0;0.0;0.0;0.0;0.0;0.0;0.0;0.0;0.0;0.0;0.0;0.0;0.0;0.0;0.0;0.0;0.0;0.0;0.0;0.0;0.0;0.0;0.0;0.0;0.0;0.0;0.0;0.0;0.0;0.0
Aracati;AEROPORTO DE ARACATI;-4.5661111111111;-37.794583333333;2018;1;80.0;0.0;0.0;0.0;0.0;0.0;0.0;0.0;0.0;0.0;0.0;67.0;0.0;0.0;0.0;0.0;0.0;0.0;0.0;0.0;3.7;0.0;0.0;0.0;4.5;0.0;0.0;4.8;0.0;0.0;0.0;0.0
Aracati;AEROPORTO DE ARACATI;-4.5661111111111;-37.794583333333;2018;2;265.1;0.0;0.0;0.0;0.0;0.0;0.0;0.0;0.0;0.0;0.0;52.0;0.0;20.0;20.0;30.0;3.1;32.0;37.0;10.0;2.0;0.0;0.0;14.0;6.0;39.0;0.0;0.0;0.0;888.0;888.0;888.0
Aracati;AEROPORTO DE ARACATI;-4.5661111111111;-37.794583333333;2018;3;80.0;0.0;4.0;0.0;0.0;0.0;0.0;0.0;0.0;0.0;0.0;0.0;0.0;0.0;0.0;0.0;0.0;0.0;0.0;0.0;0.0;0.0;0.0;0.0;0.0;0.0;0.0;0.0;0.0;57.0;12.0;7.0
Aracati;AEROPORTO DE ARACATI;-4.5661111111111;-37.794583333333;2018;4;245.5;0.0;30.0;0.0;0.0;0.0;0.0;0.0;76.0;8.0;62.0;0.0;18.0;51.5;0.0;0.0;0.0;0.0;0.0;0.0;0.0;0.0;0.0;0.0;0.0;0.0;0.0;0.0;0.0;0.0;0.0;888.0
