Municipios;Postos;Latitude;Longitude;Anos;Meses;Total;Dia1;Dia2;Dia3;Dia4;Dia5;Dia6;Dia7;Dia8;Dia9;Dia10;Dia11;Dia12;Dia13;Dia14;Dia15;Dia16;Dia17;Dia18;Dia19;Dia20;Dia21;Dia22;Dia23;Dia24;Dia25;Dia26;Dia27;Dia28;Dia29;Dia30;Dia31
Russas;PEIXE;-4.92577777778;-38.0905833333;2000;6;12.6;0.0;0.0;0.0;0.0;0.0;0.0;0.0;0.0;0.0;0.0;0.0;0.0;0.0;0.0;0.0;0.0;0.0;0.0;0.0;0.0;0.0;0.0;0.0;0.0;0.0;0.0;8.0;4.6;0.0;0.0;888.0
Russas;PEIXE;-4.92577777778;-38.0905833333;2000;7;15.6;0.0;0.0;0.0;0.0;0.0;0.0;0.0;0.0;0.0;0.0;1.2;1.0;1.6;0.0;0.0;0.0;0.0;0.0;0.0;0.0;0.0;1.2;0.0;0.0;0.0;0.0;0.6;10.0;0.0;0.0;0.0
Russas;PEIXE;-4.92577777778;-38.0905833333;2000;8;123.6;0.0;85.6;0.0;0.0;0.0;7.2;24.0;6.0;0.0;0.8;0.0;0.0;0.0;0.0;0.0;0.0;0.0;0.0;0.0;0.0;0.0;0.0;0.0;0.0;0.0;0.0;0.0;0.0;0.0;0.0;0.0
Russas;PEIXE;-4.92577777778;-38.0905833333;2000;9;24.0;0.0;0.0;0.0;0.0;0.0;0.0;0.0;0.0;0.0;0.0;0.0;0.0;0.0;0.0;0.0;24.0;0.0;0.0;0.0;0.0;0.0;0.0;0.0;0.0;0.0;0.0;0.0;0.0;0.0;0.0;888.0
Russas;PEIXE;-4.92577777778;-38.0905833333;2000;10;0.0;0.0;0.0;0.0;0.0;0.0;0.0;0.0;0.0;0.0;0.0;0.0;0.0;0.0;0.0;0.0;0.0;0.0;0.0;0.0;0.0;0.0;0.0;0.0;0.0;0.0;0.0;0.0;0.0;0.0;0.0;0.0
Russas;PEIXE;-4.92577777778;-38.0905833333;2000;11;0.0;0.0;0.0;0.0;0.0;0.0;0.0;0.0;0.0;0.0;0.0;0.0;0.0;0.0;0.0;0.0;0.0;0.0;0.0;0.0;0.0;0.0;0.0;0.0;0.0;0.0;0.0;0.0;0.0;0.0;0.0;888.0
Russas;PEIXE;-4.92577777778;-38.0905833333;2000;12;15.3;0.0;0.0;0.0;0.0;0.0;0.0;0.0;0.0;0.0;0.0;0.0;0.0;0.0;0.0;0.0;6.1;0.4;0.0;0.0;0.0;0.0;8.8;0.0;0.0;0.0;0.0;0.0;0.0;0.0;0.0;0.0
Russas;PEIXE;-4.92577777778;-38.0905833333;2001;1;47.0;0.0;0.0;0.0;0.0;0.0;0.0;0.0;0.0;0.0;0.0;0.0;0.0;30.0;17.0;0.0;0.0;0.0;0.0;0.0;0.0;0.0;0.0;0.0;0.0;0.0;0.0;0.0;0.0;0.0;0.0;0.0
Russas;PEIXE;-4.92577777778;-38.0905833333;2001;2;22.8;0.0;0.0;0.0;3.0;0.0;4.6;0.0;4.0;0.0;0.0;0.0;0.0;11.2;0.0;0.0;0.0;0.0;0.0;0.0;0.0;0.0;0.0;0.0;0.0;0.0;0.0;0.0;0.0;888.0;888.0;888.0
Russas;PEIXE;-4.92577777778;-38.0905833333;2001;3;161.2;13.0;0.0;0.0;0.0;0.0;0.0;0.0;18.6;0.0;0.0;27.6;3.0;0.0;27.4;35.0;0.0;0.0;0.0;0.0;3.2;0.0;0.0;0.4;0.0;0.0;0.0;0.0;0.0;33.0;0.0;0.0
Russas;PEIXE;-4.92577777778;-38.0905833333;2001;4;169.2;41.0;0.0;0.0;19.0;0.0;0.0;0.0;0.0;0.0;0.0;0.0;3.0;16.0;0.2;35.0;15.0;0.0;0.0;0.0;0.0;0.0;40.0;0.0;0.0;0.0;0.0;0.0;0.0;0.0;0.0;888.0
Russas;PEIXE;-4.92577777778;-38.0905833333;2001;5;5.6;0.0;0.0;0.0;5.6;0.0;0.0;0.0;0.0;0.0;0.0;0.0;0.0;0.0;0.0;0.0;0.0;0.0;0.0;0.0;0.0;0.0;0.0;0.0;0.0;0.0;0.0;0.0;0.0;0.0;0.0;0.0
Russas;PEIXE;-4.92577777778;-38.0905833333;2001;6;25.2;0.0;4.4;3.0;2.0;0.0;0.0;0.0;0.0;0.0;0.0;7.2;0.0;0.0;0.0;4.0;0.0;0.0;0.0;0.0;0.0;3.6;0.0;0.0;0.0;0.0;0.0;0.0;1.0;0.0;0.0;888.0
Russas;PEIXE;-4.92577777778;-38.0905833333;2001;7;3.0;0.0;0.0;0.0;0.0;0.0;0.0;3.0;0.0;0.0;0.0;0.0;0.0;0.0;0.0;0.0;0.0;0.0;0.0;0.0;0.0;0.0;0.0;0.0;0.0;0.0;0.0;0.0;0.0;0.0;0.0;0.0
Russas;PEIXE;-4.92577777778;-38.0905833333;2001;8;4.6;0.0;0.0;0.0;0.0;0.0;0.0;0.0;0.0;0.0;0.0;0.0;0.0;0.0;0.0;0.0;4.6;0.0;0.0;0.0;0.0;0.0;0.0;0.0;0.0;0.0;0.0;0.0;0.0;0.0;0.0;0.0
Russas;PEIXE;-4.92577777778;-38.0905833333;2001;9;0.0;0.0;0.0;0.0;0.0;0.0;0.0;0.0;0.0;0.0;0.0;0.0;0.0;0.0;0.0;0.0;0.0;0.0;0.0;0.0;0.0;0.0;0.0;0.0;0.0;0.0;0.0;0.0;0.0;0.0;0.0;888.0
Russas;PEIXE;-4.92577777778;-38.0905833333;2001;10;0.0;0.0;0.0;0.0;0.0;0.0;0.0;0.0;0.0;0.0;0.0;0.0;0.0;0.0;0.0;0.0;0.0;0.0;0.0;0.0;0.0;0.0;0.0;0.0;0.0;0.0;0.0;0.0;0.0;0.0;0.0;0.0
Russas;PEIXE;-4.92577777778;-38.0905833333;2001;11;0.0;0.0;0.0;0.0;0.0;0.0;0.0;0.0;0.0;0.0;0.0;0.0;0.0;0.0;0.0;0.0;0.0;0.0;0.0;0.0;0.0;0.0;0.0;0.0;0.0;0.0;0.0;0.0;0.0;0.0;0.0;888.0
Russas;PEIXE;-4.92577777778;-38.0905833333;2001;12;0.0;0.0;0.0;0.0;0.0;0.0;0.0;0.0;0.0;0.0;0.0;0.0;0.0;0.0;0.0;0.0;0.0;0.0;0.0;0.0;0.0;0.0;0.0;0.0;0.0;0.0;0.0;0.0;0.0;0.0;0.0;0.0
Russas;PEIXE;-4.92577777778;-38.0905833333;2002;1;213.4;0.0;0.0;0.0;0.0;0.0;17.2;27.4;29.0;19.4;0.0;1.6;0.0;66.0;0.0;0.0;3.6;0.0;12.2;0.0;0.0;0.0;8.4;17.6;0.0;0.0;10.0;0.0;0.0;0.0;1.0;0.0
Russas;PEIXE;-4.92577777778;-38.0905833333;2002;2;12.6;4.6;0.0;0.0;8.0;0.0;0.0;0.0;0.0;0.0;0.0;0.0;0.0;0.0;0.0;0.0;0.0;0.0;0.0;0.0;0.0;0.0;0.0;0.0;0.0;0.0;0.0;0.0;0.0;888.0;888.0;888.0
Russas;PEIXE;-4.92577777778;-38.0905833333;2002;3;140.4;0.0;0.0;0.0;0.0;31.0;0.0;0.0;8.0;0.0;0.0;5.0;0.0;0.0;0.0;0.0;0.0;27.0;0.0;0.0;22.0;0.0;0.0;0.0;10.0;6.0;0.0;0.0;0.0;21.0;10.4;0.0
Russas;PEIXE;-4.92577777778;-38.0905833333;2002;4;139.4;0.0;0.0;0.0;0.0;7.0;0.0;0.0;52.0;0.0;0.0;0.0;0.0;0.0;0.0;0.0;0.0;0.0;0.0;0.0;0.0;31.4;0.0;0.0;0.0;0.0;31.0;0.0;0.0;18.0;0.0;888.0
Russas;PEIXE;-4.92577777778;-38.0905833333;2002;5;181.4;0.0;14.0;0.0;0.0;0.0;2.4;15.4;0.0;0.0;38.8;0.0;0.0;0.0;0.0;22.4;0.0;25.0;0.0;0.0;0.0;0.0;35.0;0.0;0.0;23.0;3.0;2.4;0.0;0.0;0.0;0.0
Russas;PEIXE;-4.92577777778;-38.0905833333;2002;6;79.4;45.4;0.0;0.0;0.0;0.0;0.0;0.0;0.0;17.0;0.0;0.0;0.0;0.0;0.0;8.0;0.0;0.0;0.0;9.0;0.0;0.0;0.0;0.0;0.0;0.0;0.0;0.0;0.0;0.0;0.0;888.0
Russas;PEIXE;-4.92577777778;-38.0905833333;2002;7;0.0;0.0;0.0;0.0;0.0;0.0;0.0;0.0;0.0;0.0;0.0;0.0;0.0;0.0;0.0;0.0;0.0;0.0;0.0;0.0;0.0;0.0;0.0;0.0;0.0;0.0;0.0;0.0;0.0;0.0;0.0;0.0
Russas;PEIXE;-4.92577777778;-38.0905833333;2002;8;0.0;0.0;0.0;0.0;0.0;0.0;0.0;0.0;0.0;0.0;0.0;0.0;0.0;0.0;0.0;0.0;0.0;0.0;0.0;0.0;0.0;0.0;0.0;0.0;0.0;0.0;0.0;0.0;0.0;0.0;0.0;0.0
Russas;PEIXE;-4.92577777778;-38.0905833333;2002;9;0.0;0.0;0.0;0.0;0.0;0.0;0.0;0.0;0.0;0.0;0.0;0.0;0.0;0.0;0.0;0.0;0.0;0.0;0.0;0.0;0.0;0.0;0.0;0.0;0.0;0.0;0.0;0.0;0.0;0.0;0.0;888.0
Russas;PEIXE;-4.92577777778;-38.0905833333;2002;10;0.0;0.0;0.0;0.0;0.0;0.0;0.0;0.0;0.0;0.0;0.0;0.0;0.0;0.0;0.0;0.0;0.0;0.0;0.0;0.0;0.0;0.0;0.0;0.0;0.0;0.0;0.0;0.0;0.0;0.0;0.0;0.0
Russas;PEIXE;-4.92577777778;-38.0905833333;2002;11;0.0;0.0;0.0;0.0;0.0;0.0;0.0;0.0;0.0;0.0;0.0;0.0;0.0;0.0;0.0;0.0;0.0;0.0;0.0;0.0;0.0;0.0;0.0;0.0;0.0;0.0;0.0;0.0;0.0;0.0;0.0;888.0
Russas;PEIXE;-4.92577777778;-38.0905833333;2002;12;0.0;0.0;0.0;0.0;0.0;0.0;0.0;0.0;0.0;0.0;0.0;0.0;0.0;0.0;0.0;0.0;0.0;0.0;0.0;0.0;0.0;0.0;0.0;0.0;0.0;0.0;0.0;0.0;0.0;0.0;0.0;0.0
Russas;PEIXE;-4.92577777778;-38.0905833333;2003;1;87.4;0.0;0.0;0.0;0.0;0.0;0.0;0.0;0.0;0.0;0.0;0.0;0.0;0.0;0.0;0.0;0.0;0.0;0.0;35.0;7.0;0.0;0.0;0.0;0.0;0.0;0.0;0.0;39.4;0.0;0.0;6.0
Russas;PEIXE;-4.92577777778;-38.0905833333;2003;2;80.4;0.0;0.0;5.0;0.0;0.0;0.0;0.0;0.0;0.0;0.0;0.0;0.0;0.0;0.0;23.0;0.0;0.0;0.0;0.0;0.0;46.0;0.0;0.0;0.0;0.0;0.0;6.4;0.0;888.0;888.0;888.0
Russas;PEIXE;-4.92577777778;-38.0905833333;2003;3;183.6;0.0;0.0;0.0;25.0;5.4;0.0;0.0;31.0;0.0;0.0;16.0;0.0;0.0;23.2;0.0;0.0;16.0;0.0;0.0;0.0;0.0;23.0;0.0;29.0;0.0;0.0;0.0;0.0;0.0;15.0;0.0
Russas;PEIXE;-4.92577777778;-38.0905833333;2003;4;121.4;0.0;7.0;12.0;0.0;0.0;0.0;0.0;0.0;0.0;48.0;0.0;0.0;0.0;0.0;0.0;0.0;0.0;0.0;0.0;0.0;0.0;9.4;0.0;12.0;0.0;19.0;0.0;6.0;0.0;8.0;888.0
Russas;PEIXE;-4.92577777778;-38.0905833333;2003;5;3.0;0.0;0.0;0.0;0.0;0.0;0.0;0.0;0.0;0.0;0.0;0.0;0.0;3.0;0.0;0.0;0.0;0.0;0.0;0.0;0.0;0.0;0.0;0.0;0.0;0.0;0.0;0.0;0.0;0.0;0.0;0.0
Russas;PEIXE;-4.92577777778;-38.0905833333;2003;6;93.4;0.0;14.4;13.6;0.0;0.0;0.0;0.0;0.0;0.0;0.0;0.0;0.0;0.0;0.0;0.0;17.4;48.0;0.0;0.0;0.0;0.0;0.0;0.0;0.0;0.0;0.0;0.0;0.0;0.0;0.0;888.0
Russas;PEIXE;-4.92577777778;-38.0905833333;2003;7;0.0;0.0;0.0;0.0;0.0;0.0;0.0;0.0;0.0;0.0;0.0;0.0;0.0;0.0;0.0;0.0;0.0;0.0;0.0;0.0;0.0;0.0;0.0;0.0;0.0;0.0;0.0;0.0;0.0;0.0;0.0;0.0
Russas;PEIXE;-4.92577777778;-38.0905833333;2003;8;0.0;0.0;0.0;0.0;0.0;0.0;0.0;0.0;0.0;0.0;0.0;0.0;0.0;0.0;0.0;0.0;0.0;0.0;0.0;0.0;0.0;0.0;0.0;0.0;0.0;0.0;0.0;0.0;0.0;0.0;0.0;0.0
Russas;PEIXE;-4.92577777778;-38.0905833333;2003;9;0.0;0.0;0.0;0.0;0.0;0.0;0.0;0.0;0.0;0.0;0.0;0.0;0.0;0.0;0.0;0.0;0.0;0.0;0.0;0.0;0.0;0.0;0.0;0.0;0.0;0.0;0.0;0.0;0.0;0.0;0.0;888.0
Russas;PEIXE;-4.92577777778;-38.0905833333;2003;10;0.0;0.0;0.0;0.0;0.0;0.0;0.0;0.0;0.0;0.0;0.0;0.0;0.0;0.0;0.0;0.0;0.0;0.0;0.0;0.0;0.0;0.0;0.0;0.0;0.0;0.0;0.0;0.0;0.0;0.0;0.0;0.0
Russas;PEIXE;-4.92577777778;-38.0905833333;2003;11;0.0;0.0;0.0;0.0;0.0;0.0;0.0;0.0;0.0;0.0;0.0;0.0;0.0;0.0;0.0;0.0;0.0;0.0;0.0;0.0;0.0;0.0;0.0;0.0;0.0;0.0;0.0;0.0;0.0;0.0;0.0;888.0
Russas;PEIXE;-4.92577777778;-38.0905833333;2003;12;27.4;0.0;0.0;0.0;0.0;0.0;0.0;0.0;0.0;0.0;0.0;0.0;0.0;0.0;0.0;0.0;0.0;0.0;7.4;0.0;0.0;0.0;20.0;0.0;0.0;0.0;0.0;0.0;0.0;0.0;0.0;0.0
Russas;PEIXE;-4.92577777778;-38.0905833333;2004;1;324.4;0.0;0.0;0.0;0.0;0.0;0.0;0.0;0.0;0.0;0.0;0.0;0.0;10.4;0.0;10.4;0.0;0.0;70.0;11.4;0.0;14.0;8.0;4.4;50.0;9.0;10.4;0.0;22.0;78.0;0.0;26.4
Russas;PEIXE;-4.92577777778;-38.0905833333;2004;2;245.8;0.0;0.0;13.0;23.0;16.0;35.4;7.0;0.0;10.0;0.0;0.0;0.0;0.0;22.0;0.0;46.0;2.0;0.0;0.0;0.0;0.0;0.0;0.0;0.0;18.4;0.0;29.0;12.0;12.0;888.0;888.0
Russas;PEIXE;-4.92577777778;-38.0905833333;2004;3;69.6;0.0;0.0;0.0;0.0;0.0;0.0;24.0;0.0;0.0;0.0;0.0;0.0;0.0;0.0;0.0;0.0;0.0;0.0;0.0;0.0;14.0;15.0;0.0;0.0;0.0;16.6;0.0;0.0;0.0;0.0;0.0
Russas;PEIXE;-4.92577777778;-38.0905833333;2004;4;47.0;0.0;0.0;0.0;0.0;0.0;0.0;0.0;4.6;0.0;0.0;0.0;0.0;0.0;0.0;0.0;0.0;0.0;6.4;0.0;15.0;0.0;0.0;17.0;0.0;0.0;4.0;0.0;0.0;0.0;0.0;888.0
Russas;PEIXE;-4.92577777778;-38.0905833333;2004;5;80.8;0.0;0.0;0.0;0.0;28.0;0.0;12.0;0.0;0.0;0.0;3.4;0.0;0.0;0.0;0.0;0.0;0.0;37.4;0.0;0.0;0.0;0.0;0.0;0.0;0.0;0.0;0.0;0.0;0.0;0.0;0.0
Russas;PEIXE;-4.92577777778;-38.0905833333;2004;6;67.6;0.0;0.0;0.0;0.0;0.0;0.0;0.0;0.0;0.0;21.0;0.0;0.0;0.0;0.0;17.6;3.0;0.0;8.0;2.0;0.0;3.0;0.0;0.0;0.0;13.0;0.0;0.0;0.0;0.0;0.0;888.0
Russas;PEIXE;-4.92577777778;-38.0905833333;2004;7;10.2;0.0;0.0;0.0;10.2;0.0;0.0;0.0;0.0;0.0;0.0;0.0;0.0;0.0;0.0;0.0;0.0;0.0;0.0;0.0;0.0;0.0;0.0;0.0;0.0;0.0;0.0;0.0;0.0;0.0;0.0;0.0
Russas;PEIXE;-4.92577777778;-38.0905833333;2004;8;0.0;0.0;0.0;0.0;0.0;0.0;0.0;0.0;0.0;0.0;0.0;0.0;0.0;0.0;0.0;0.0;0.0;0.0;0.0;0.0;0.0;0.0;0.0;0.0;0.0;0.0;0.0;0.0;0.0;0.0;0.0;0.0
Russas;PEIXE;-4.92577777778;-38.0905833333;2004;9;0.0;0.0;0.0;0.0;0.0;0.0;0.0;0.0;0.0;0.0;0.0;0.0;0.0;0.0;0.0;0.0;0.0;0.0;0.0;0.0;0.0;0.0;0.0;0.0;0.0;0.0;0.0;0.0;0.0;0.0;0.0;888.0
Russas;PEIXE;-4.92577777778;-38.0905833333;2004;10;0.0;0.0;0.0;0.0;0.0;0.0;0.0;0.0;0.0;0.0;0.0;0.0;0.0;0.0;0.0;0.0;0.0;0.0;0.0;0.0;0.0;0.0;0.0;0.0;0.0;0.0;0.0;0.0;0.0;0.0;0.0;0.0
Russas;PEIXE;-4.92577777778;-38.0905833333;2004;11;0.0;0.0;0.0;0.0;0.0;0.0;0.0;0.0;0.0;0.0;0.0;0.0;0.0;0.0;0.0;0.0;0.0;0.0;0.0;0.0;0.0;0.0;0.0;0.0;0.0;0.0;0.0;0.0;0.0;0.0;0.0;888.0
Russas;PEIXE;-4.92577777778;-38.0905833333;2004;12;0.0;0.0;0.0;0.0;0.0;0.0;0.0;0.0;0.0;0.0;0.0;0.0;0.0;0.0;0.0;0.0;0.0;0.0;0.0;0.0;0.0;0.0;0.0;0.0;0.0;0.0;0.0;0.0;0.0;0.0;0.0;0.0
Russas;PEIXE;-4.92577777778;-38.0905833333;2005;1;6.0;0.0;0.0;0.0;0.0;0.0;0.0;0.0;0.0;0.0;0.0;0.0;0.0;0.0;0.0;0.0;0.0;0.0;0.0;0.0;0.0;0.0;0.0;0.0;0.0;6.0;0.0;0.0;0.0;0.0;0.0;0.0
Russas;PEIXE;-4.92577777778;-38.0905833333;2005;2;76.8;0.0;17.0;8.4;0.0;0.0;0.0;0.0;0.0;0.0;0.0;0.0;0.0;0.0;0.0;0.0;44.4;0.0;0.0;0.0;0.0;0.0;0.0;0.0;0.0;0.0;0.0;7.0;999.0;888.0;888.0;888.0
Russas;PEIXE;-4.92577777778;-38.0905833333;2005;3;124.0;0.0;0.0;0.0;0.0;0.0;0.0;0.0;0.0;0.0;0.0;0.0;0.0;0.0;0.0;0.0;0.0;0.0;0.0;0.0;0.0;0.0;31.0;42.0;0.0;0.0;18.2;0.0;6.8;0.0;15.2;10.8
Russas;PEIXE;-4.92577777778;-38.0905833333;2005;4;247.6;0.0;0.0;1.0;0.0;0.0;0.0;17.0;0.0;5.4;20.6;37.0;12.8;0.0;0.0;39.0;0.0;8.0;0.0;17.0;19.4;0.0;0.0;0.0;0.0;0.0;0.0;0.0;0.0;15.0;55.4;888.0
Russas;PEIXE;-4.92577777778;-38.0905833333;2005;5;124.0;0.0;0.0;0.0;0.0;0.0;0.0;0.0;0.0;0.0;8.2;0.0;12.0;0.0;8.0;0.0;0.0;0.0;0.0;4.6;17.4;8.0;28.6;0.0;1.8;0.0;0.0;22.0;0.0;13.4;0.0;0.0
Russas;PEIXE;-4.92577777778;-38.0905833333;2005;6;110.8;5.4;7.6;61.2;0.0;0.0;5.2;0.0;0.0;8.0;0.0;0.0;0.0;0.0;2.6;0.0;0.0;0.0;0.0;15.2;0.0;0.0;0.0;0.0;0.0;0.0;0.0;1.6;0.0;4.0;0.0;888.0
Russas;PEIXE;-4.92577777778;-38.0905833333;2005;7;34.8;0.0;0.0;0.0;0.0;0.0;0.0;0.0;0.0;0.0;0.0;0.0;0.0;0.0;0.0;0.0;0.0;0.0;0.0;0.0;0.0;34.8;0.0;0.0;0.0;0.0;0.0;0.0;0.0;0.0;0.0;0.0
Russas;PEIXE;-4.92577777778;-38.0905833333;2005;8;34.8;0.0;0.0;0.0;0.0;0.0;0.0;0.0;0.0;0.0;0.0;0.0;0.0;0.0;0.0;0.0;0.0;0.0;0.0;0.0;0.0;34.8;0.0;0.0;0.0;0.0;0.0;0.0;0.0;0.0;0.0;0.0
Russas;PEIXE;-4.92577777778;-38.0905833333;2005;9;0.0;0.0;0.0;0.0;0.0;0.0;0.0;0.0;0.0;0.0;0.0;0.0;0.0;0.0;0.0;0.0;0.0;0.0;0.0;0.0;0.0;0.0;0.0;0.0;0.0;0.0;0.0;0.0;0.0;0.0;0.0;888.0
Russas;PEIXE;-4.92577777778;-38.0905833333;2005;10;0.0;0.0;0.0;0.0;0.0;0.0;0.0;0.0;0.0;0.0;0.0;0.0;0.0;0.0;0.0;0.0;0.0;0.0;0.0;0.0;0.0;0.0;0.0;0.0;0.0;0.0;0.0;0.0;0.0;0.0;0.0;0.0
Russas;PEIXE;-4.92577777778;-38.0905833333;2005;11;0.0;0.0;0.0;0.0;0.0;0.0;0.0;0.0;0.0;0.0;0.0;0.0;0.0;0.0;0.0;0.0;0.0;0.0;0.0;0.0;0.0;0.0;0.0;0.0;0.0;0.0;0.0;0.0;0.0;0.0;0.0;888.0
Russas;PEIXE;-4.92577777778;-38.0905833333;2005;12;0.0;0.0;0.0;0.0;0.0;0.0;0.0;0.0;0.0;0.0;0.0;0.0;0.0;0.0;0.0;0.0;0.0;0.0;0.0;0.0;0.0;0.0;0.0;0.0;0.0;0.0;0.0;0.0;0.0;0.0;0.0;0.0
Russas;PEIXE;-4.92577777778;-38.0905833333;2006;1;0.0;0.0;0.0;0.0;0.0;0.0;0.0;0.0;0.0;0.0;0.0;0.0;0.0;0.0;0.0;0.0;0.0;0.0;0.0;0.0;0.0;0.0;0.0;0.0;0.0;0.0;0.0;0.0;0.0;0.0;0.0;0.0
Russas;PEIXE;-4.92577777778;-38.0905833333;2006;2;151.6;0.4;0.0;0.0;0.0;0.0;0.0;0.0;0.0;0.0;0.0;0.0;0.0;0.0;0.0;0.0;7.4;53.0;11.0;0.0;0.0;0.0;0.0;12.4;17.0;11.8;0.0;3.6;35.0;888.0;888.0;888.0
Russas;PEIXE;-4.92577777778;-38.0905833333;2006;3;120.8;12.2;6.2;15.0;0.0;0.0;1.0;0.0;0.0;0.0;0.0;0.0;0.0;0.0;0.0;4.4;0.0;0.0;0.0;0.0;9.0;21.0;1.4;4.8;15.0;0.0;0.0;26.4;0.0;0.0;4.4;0.0
Russas;PEIXE;-4.92577777778;-38.0905833333;2006;4;268.0;0.0;5.2;0.0;0.0;36.0;0.0;0.0;0.0;0.0;33.6;20.4;16.2;0.0;12.8;31.0;8.0;0.0;1.2;6.2;0.0;27.0;31.2;9.2;0.0;0.0;0.0;0.0;6.0;0.0;24.0;888.0
Russas;PEIXE;-4.92577777778;-38.0905833333;2006;5;130.6;4.6;0.0;6.2;0.0;2.8;12.4;4.8;18.2;2.2;21.8;5.2;0.0;0.0;15.6;23.8;0.0;0.0;0.0;0.0;0.0;2.2;0.0;0.0;0.0;0.0;0.0;6.8;0.0;0.0;0.0;4.0
Russas;PEIXE;-4.92577777778;-38.0905833333;2006;6;99.6;0.0;0.0;0.0;0.0;0.0;0.0;11.4;0.0;0.0;0.0;0.0;10.8;0.0;0.0;0.0;0.0;0.0;0.0;0.0;0.0;0.0;65.2;0.0;0.0;0.0;0.0;0.0;0.0;12.2;0.0;888.0
Russas;PEIXE;-4.92577777778;-38.0905833333;2006;7;9.8;0.0;0.0;0.0;0.0;0.0;0.0;7.2;0.0;0.0;0.0;0.0;0.0;0.0;0.0;0.0;0.0;0.0;2.6;0.0;0.0;0.0;0.0;0.0;0.0;0.0;0.0;0.0;0.0;0.0;0.0;0.0
Russas;PEIXE;-4.92577777778;-38.0905833333;2006;8;21.0;0.0;0.0;0.0;0.0;0.0;0.0;0.0;0.0;0.0;0.0;10.0;0.0;0.0;0.0;0.0;0.0;10.0;0.0;0.0;0.0;0.0;0.0;0.0;0.0;0.0;0.0;0.0;0.0;0.0;0.0;1.0
Russas;PEIXE;-4.92577777778;-38.0905833333;2006;9;1.0;1.0;0.0;0.0;0.0;0.0;0.0;0.0;0.0;0.0;0.0;0.0;0.0;0.0;0.0;0.0;0.0;0.0;0.0;0.0;0.0;0.0;0.0;0.0;0.0;0.0;0.0;0.0;0.0;0.0;0.0;888.0
Russas;PEIXE;-4.92577777778;-38.0905833333;2006;10;0.0;0.0;0.0;0.0;0.0;0.0;0.0;0.0;0.0;0.0;0.0;0.0;0.0;0.0;0.0;0.0;0.0;0.0;0.0;0.0;0.0;0.0;0.0;0.0;0.0;0.0;0.0;0.0;0.0;0.0;0.0;0.0
Russas;PEIXE;-4.92577777778;-38.0905833333;2006;11;0.0;0.0;0.0;0.0;0.0;0.0;0.0;0.0;0.0;0.0;0.0;0.0;0.0;0.0;0.0;0.0;0.0;0.0;0.0;0.0;0.0;0.0;0.0;0.0;0.0;0.0;0.0;0.0;0.0;0.0;0.0;888.0
Russas;PEIXE;-4.92577777778;-38.0905833333;2006;12;23.6;0.0;0.0;0.0;0.0;0.0;0.0;0.0;0.0;0.0;0.0;0.0;0.0;0.0;0.0;0.0;0.0;0.0;0.0;0.0;0.0;0.0;0.0;0.0;0.0;0.0;0.0;0.0;0.0;0.0;0.0;23.6
Russas;PEIXE;-4.92577777778;-38.0905833333;2007;1;56.6;0.0;12.6;0.0;5.0;0.0;0.0;0.0;0.0;0.0;39.0;0.0;0.0;0.0;0.0;0.0;0.0;0.0;0.0;0.0;0.0;0.0;0.0;0.0;0.0;0.0;0.0;0.0;0.0;0.0;0.0;0.0
Russas;PEIXE;-4.92577777778;-38.0905833333;2007;2;134.2;0.0;0.0;0.0;0.0;4.4;0.0;0.0;0.0;0.0;0.0;0.0;0.0;30.2;0.0;5.4;0.0;31.8;37.0;0.0;6.0;0.0;7.4;12.0;0.0;0.0;0.0;0.0;0.0;888.0;888.0;888.0
Russas;PEIXE;-4.92577777778;-38.0905833333;2007;3;190.4;0.0;21.0;0.0;0.0;54.2;12.8;0.0;5.0;0.0;0.0;0.0;46.6;13.2;6.0;10.0;0.0;0.0;0.0;17.4;0.0;0.0;0.0;0.0;0.0;0.0;0.0;0.0;0.0;0.0;0.0;4.2
Russas;PEIXE;-4.92577777778;-38.0905833333;2007;4;144.8;0.0;0.0;0.0;0.0;0.0;0.0;0.0;0.0;0.0;0.0;0.0;0.0;0.0;0.0;0.0;0.0;0.0;48.0;2.2;0.0;31.6;3.6;2.0;0.0;24.6;0.0;16.6;16.2;0.0;0.0;888.0
Russas;PEIXE;-4.92577777778;-38.0905833333;2007;5;48.8;0.0;18.0;2.0;0.0;16.0;0.0;0.0;0.0;0.0;0.0;3.0;0.0;0.0;0.0;0.0;0.0;0.0;9.8;0.0;0.0;0.0;0.0;0.0;0.0;0.0;0.0;0.0;0.0;0.0;0.0;0.0
Russas;PEIXE;-4.92577777778;-38.0905833333;2007;6;76.8;11.2;0.0;14.8;0.0;9.0;0.0;0.0;0.0;0.0;8.2;0.0;0.0;0.0;32.0;0.0;0.0;0.0;1.6;0.0;0.0;0.0;0.0;0.0;0.0;0.0;0.0;0.0;0.0;0.0;0.0;888.0
Russas;PEIXE;-4.92577777778;-38.0905833333;2007;7;4.4;0.0;0.0;0.0;0.0;0.0;0.0;0.0;0.0;4.4;0.0;0.0;0.0;0.0;0.0;0.0;0.0;0.0;0.0;0.0;0.0;0.0;0.0;0.0;0.0;0.0;0.0;0.0;0.0;0.0;0.0;0.0
Russas;PEIXE;-4.92577777778;-38.0905833333;2007;8;0.0;0.0;0.0;0.0;0.0;0.0;0.0;0.0;0.0;0.0;0.0;0.0;0.0;0.0;0.0;0.0;0.0;0.0;0.0;0.0;0.0;0.0;0.0;0.0;0.0;0.0;0.0;0.0;0.0;0.0;0.0;0.0
Russas;PEIXE;-4.92577777778;-38.0905833333;2007;9;0.0;0.0;0.0;0.0;0.0;0.0;0.0;0.0;0.0;0.0;0.0;0.0;0.0;0.0;0.0;0.0;0.0;0.0;0.0;0.0;0.0;0.0;0.0;0.0;0.0;0.0;0.0;0.0;0.0;0.0;0.0;888.0
Russas;PEIXE;-4.92577777778;-38.0905833333;2007;10;13.0;0.0;0.0;0.0;0.0;0.0;0.0;0.0;0.0;0.0;0.0;0.0;0.0;0.0;0.0;0.0;0.0;0.0;0.0;0.0;0.0;0.0;0.0;0.0;0.0;13.0;0.0;0.0;0.0;0.0;0.0;0.0
Russas;PEIXE;-4.92577777778;-38.0905833333;2007;11;0.0;0.0;0.0;0.0;0.0;0.0;0.0;0.0;0.0;0.0;0.0;0.0;0.0;0.0;0.0;0.0;0.0;0.0;0.0;0.0;0.0;0.0;0.0;0.0;0.0;0.0;0.0;0.0;0.0;0.0;0.0;888.0
Russas;PEIXE;-4.92577777778;-38.0905833333;2007;12;0.0;0.0;0.0;0.0;0.0;0.0;0.0;0.0;0.0;0.0;0.0;0.0;0.0;0.0;0.0;0.0;0.0;0.0;0.0;0.0;0.0;0.0;0.0;0.0;0.0;0.0;0.0;0.0;0.0;0.0;0.0;0.0
Russas;PEIXE;-4.92577777778;-38.0905833333;2008;1;51.8;0.0;0.0;0.0;0.0;12.2;0.0;0.0;20.8;0.0;0.0;0.0;0.0;0.0;0.0;0.0;0.0;7.6;3.8;0.0;0.0;0.0;0.0;3.8;0.0;0.0;0.0;0.0;0.0;3.6;0.0;0.0
Russas;PEIXE;-4.92577777778;-38.0905833333;2008;2;73.8;0.0;0.0;0.0;12.8;0.0;30.2;0.0;0.0;0.0;0.0;0.0;0.0;0.0;0.0;0.0;0.0;0.0;0.0;26.0;2.8;0.0;0.0;0.0;2.0;0.0;0.0;0.0;0.0;0.0;888.0;888.0
Russas;PEIXE;-4.92577777778;-38.0905833333;2008;3;374.4;0.0;0.0;0.0;42.8;36.2;0.0;7.2;5.6;10.2;3.0;0.0;0.0;14.4;0.0;2.8;7.4;1.4;0.0;50.0;4.0;79.4;0.0;6.0;66.0;3.8;0.0;0.0;0.0;9.6;21.0;3.6
Russas;PEIXE;-4.92577777778;-38.0905833333;2008;4;93.6;0.0;9.4;10.0;0.0;9.2;14.8;7.6;3.6;5.2;0.0;0.0;7.2;0.0;0.0;0.0;0.0;0.0;3.6;0.0;5.2;1.0;16.8;0.0;0.0;0.0;0.0;0.0;0.0;0.0;999.0;888.0
Russas;PEIXE;-4.92577777778;-38.0905833333;2008;5;119.8;0.0;0.0;10.8;0.0;20.4;3.6;0.0;0.0;4.2;6.6;7.0;0.0;14.6;0.0;0.0;0.0;0.0;29.0;0.0;0.0;0.0;0.0;5.6;1.6;0.0;0.0;0.0;11.2;0.0;3.2;2.0
Russas;PEIXE;-4.92577777778;-38.0905833333;2008;6;10.6;0.0;0.0;0.0;0.0;5.6;0.0;0.0;0.0;4.0;0.0;0.0;0.0;0.0;0.0;0.0;1.0;0.0;0.0;0.0;0.0;0.0;0.0;0.0;0.0;0.0;0.0;0.0;0.0;0.0;0.0;888.0
Russas;PEIXE;-4.92577777778;-38.0905833333;2008;7;24.0;0.0;3.8;0.0;0.0;0.0;0.0;6.6;0.0;0.0;0.0;0.0;0.0;8.0;0.0;0.0;0.0;5.6;0.0;0.0;0.0;0.0;0.0;0.0;0.0;0.0;0.0;0.0;0.0;0.0;0.0;0.0
Russas;PEIXE;-4.92577777778;-38.0905833333;2008;8;15.0;0.0;0.0;0.0;0.0;0.0;0.0;0.0;10.0;5.0;0.0;0.0;0.0;0.0;0.0;0.0;0.0;0.0;0.0;0.0;0.0;0.0;0.0;0.0;0.0;0.0;0.0;0.0;0.0;0.0;0.0;0.0
Russas;PEIXE;-4.92577777778;-38.0905833333;2008;9;0.0;0.0;0.0;0.0;0.0;0.0;0.0;0.0;0.0;0.0;0.0;0.0;0.0;0.0;0.0;0.0;0.0;0.0;0.0;0.0;0.0;0.0;0.0;0.0;0.0;0.0;0.0;0.0;0.0;0.0;0.0;888.0
Russas;PEIXE;-4.92577777778;-38.0905833333;2008;10;0.0;0.0;0.0;0.0;0.0;0.0;0.0;0.0;0.0;0.0;0.0;0.0;0.0;0.0;0.0;0.0;0.0;0.0;0.0;0.0;0.0;0.0;0.0;0.0;0.0;0.0;0.0;0.0;0.0;0.0;0.0;0.0
Russas;PEIXE;-4.92577777778;-38.0905833333;2008;11;0.0;0.0;0.0;0.0;0.0;0.0;0.0;0.0;0.0;0.0;0.0;0.0;0.0;0.0;0.0;0.0;0.0;0.0;0.0;0.0;0.0;0.0;0.0;0.0;0.0;0.0;0.0;0.0;0.0;0.0;0.0;888.0
Russas;PEIXE;-4.92577777778;-38.0905833333;2008;12;0.0;0.0;0.0;0.0;0.0;0.0;0.0;0.0;0.0;0.0;0.0;0.0;0.0;0.0;0.0;0.0;0.0;0.0;0.0;0.0;0.0;0.0;0.0;0.0;0.0;0.0;0.0;0.0;0.0;0.0;0.0;0.0
Russas;PEIXE;-4.92577777778;-38.0905833333;2009;1;64.4;0.0;0.0;0.0;0.0;0.0;0.0;0.0;0.0;0.0;0.0;0.0;0.0;0.0;0.0;0.0;0.0;7.0;0.0;0.0;0.0;18.0;19.6;0.0;0.0;19.8;0.0;0.0;0.0;0.0;0.0;0.0
Russas;PEIXE;-4.92577777778;-38.0905833333;2009;2;122.4;0.0;23.6;5.8;20.4;0.0;0.0;0.0;0.0;0.0;0.0;0.0;1.0;0.0;0.0;0.0;0.0;0.0;0.0;0.0;0.0;0.0;0.0;29.0;20.8;8.4;1.0;0.0;12.4;888.0;888.0;888.0
Russas;PEIXE;-4.92577777778;-38.0905833333;2009;3;165.4;3.0;4.0;7.0;0.0;2.0;0.0;0.0;0.0;0.0;0.0;0.0;16.0;58.0;1.4;1.0;13.0;4.2;13.0;0.0;0.0;0.0;0.0;0.0;0.0;18.8;8.6;12.8;0.0;0.0;2.6;0.0
Russas;PEIXE;-4.92577777778;-38.0905833333;2009;4;368.0;0.0;0.0;4.8;39.4;8.6;2.0;0.0;18.0;0.0;27.6;0.0;3.6;49.6;33.0;0.0;1.6;0.0;0.0;0.0;0.0;53.4;38.2;27.0;0.0;32.8;0.0;19.2;0.0;0.0;9.2;888.0
Russas;PEIXE;-4.92577777778;-38.0905833333;2009;5;298.6;18.0;0.0;30.6;0.0;101.2;4.0;0.0;0.0;0.0;4.0;64.0;1.0;0.0;8.2;0.0;0.0;0.0;10.2;8.6;0.0;0.0;3.6;10.2;0.0;2.0;12.2;7.0;11.0;2.8;0.0;0.0
Russas;PEIXE;-4.92577777778;-38.0905833333;2009;6;59.0;0.0;0.0;7.4;0.0;18.0;0.0;0.0;3.0;0.0;0.0;0.0;0.0;0.0;0.0;0.0;0.0;0.0;0.0;0.0;0.0;0.0;0.0;14.0;0.0;4.2;8.2;0.0;4.2;0.0;0.0;888.0
Russas;PEIXE;-4.92577777778;-38.0905833333;2009;7;19.4;0.0;0.0;0.0;0.0;0.0;6.6;0.0;5.0;0.0;0.0;0.0;2.0;0.0;0.0;0.0;0.0;0.0;0.0;5.8;0.0;0.0;0.0;0.0;0.0;0.0;0.0;0.0;0.0;0.0;0.0;0.0
Russas;PEIXE;-4.92577777778;-38.0905833333;2009;8;32.0;0.0;0.0;0.0;0.0;0.0;0.0;0.0;0.0;0.0;0.0;0.0;0.0;0.0;0.0;0.0;0.0;0.0;0.0;0.0;0.0;0.0;0.0;0.0;0.0;0.0;10.2;21.8;0.0;0.0;0.0;0.0
Russas;PEIXE;-4.92577777778;-38.0905833333;2009;9;0.0;0.0;0.0;0.0;0.0;0.0;0.0;0.0;0.0;0.0;0.0;0.0;0.0;0.0;0.0;0.0;0.0;0.0;0.0;0.0;0.0;0.0;0.0;0.0;0.0;0.0;0.0;0.0;0.0;0.0;0.0;888.0
Russas;PEIXE;-4.92577777778;-38.0905833333;2009;10;0.0;0.0;0.0;0.0;0.0;0.0;0.0;0.0;0.0;0.0;0.0;0.0;0.0;0.0;0.0;0.0;0.0;0.0;0.0;0.0;0.0;0.0;0.0;0.0;0.0;0.0;0.0;0.0;0.0;0.0;0.0;0.0
Russas;PEIXE;-4.92577777778;-38.0905833333;2009;11;0.0;0.0;0.0;0.0;0.0;0.0;0.0;0.0;0.0;0.0;0.0;0.0;0.0;0.0;0.0;0.0;0.0;0.0;0.0;0.0;0.0;0.0;0.0;0.0;0.0;0.0;0.0;0.0;0.0;0.0;0.0;888.0
Russas;PEIXE;-4.92577777778;-38.0905833333;2009;12;0.0;0.0;0.0;0.0;0.0;0.0;0.0;0.0;0.0;0.0;0.0;0.0;0.0;0.0;0.0;0.0;0.0;0.0;0.0;0.0;0.0;0.0;0.0;0.0;0.0;0.0;0.0;0.0;0.0;0.0;0.0;0.0
Russas;PEIXE;-4.92577777778;-38.0905833333;2010;1;112.2;0.0;0.0;0.0;0.0;0.0;0.0;0.0;0.0;0.0;15.4;0.0;0.0;0.0;0.0;0.0;0.0;0.0;0.0;0.0;0.0;0.0;0.0;0.0;0.0;0.0;0.0;3.0;74.4;19.4;999.0;999.0
Russas;PEIXE;-4.92577777778;-38.0905833333;2010;2;62.4;53.2;0.0;2.6;0.0;0.0;0.0;0.0;0.0;0.0;6.6;0.0;0.0;0.0;0.0;0.0;0.0;0.0;0.0;0.0;0.0;0.0;0.0;0.0;0.0;0.0;0.0;0.0;0.0;888.0;888.0;888.0
Russas;PEIXE;-4.92577777778;-38.0905833333;2010;3;7.8;0.0;0.0;0.0;0.0;0.0;0.0;0.0;0.0;0.0;0.0;0.0;0.0;0.0;0.0;0.0;0.0;0.0;0.0;0.0;3.0;0.0;0.0;0.0;0.0;0.0;1.0;0.0;0.0;3.8;0.0;0.0
Russas;PEIXE;-4.92577777778;-38.0905833333;2010;4;202.6;0.0;3.2;0.0;12.0;0.0;0.0;0.0;0.0;4.2;0.0;75.4;0.0;9.6;0.0;0.0;1.8;7.6;19.8;34.8;1.2;0.0;0.0;27.4;3.4;0.0;0.0;0.0;0.0;2.2;0.0;888.0
Russas;PEIXE;-4.92577777778;-38.0905833333;2010;5;49.4;0.0;0.0;28.4;6.0;0.0;3.4;2.4;0.0;0.0;0.0;0.0;0.0;6.4;2.8;0.0;0.0;0.0;0.0;0.0;0.0;0.0;0.0;0.0;0.0;0.0;0.0;0.0;0.0;0.0;0.0;0.0
Russas;PEIXE;-4.92577777778;-38.0905833333;2010;6;33.0;0.0;0.0;0.0;0.0;33.0;0.0;0.0;0.0;0.0;0.0;0.0;0.0;0.0;0.0;0.0;0.0;0.0;0.0;0.0;0.0;0.0;0.0;0.0;0.0;0.0;0.0;0.0;0.0;0.0;0.0;888.0
Russas;PEIXE;-4.92577777778;-38.0905833333;2010;7;7.6;0.0;0.0;0.0;0.0;0.0;0.0;0.0;0.0;0.0;0.0;0.0;0.0;0.0;0.0;0.0;0.0;0.0;0.0;0.0;0.0;0.0;0.0;7.6;0.0;0.0;0.0;0.0;0.0;0.0;0.0;0.0
Russas;PEIXE;-4.92577777778;-38.0905833333;2010;8;0.0;0.0;0.0;0.0;0.0;0.0;0.0;0.0;0.0;0.0;0.0;0.0;0.0;0.0;0.0;0.0;0.0;0.0;0.0;0.0;0.0;0.0;0.0;0.0;0.0;0.0;0.0;0.0;0.0;0.0;0.0;0.0
Russas;PEIXE;-4.92577777778;-38.0905833333;2010;9;0.0;0.0;0.0;0.0;0.0;0.0;0.0;0.0;0.0;0.0;0.0;0.0;0.0;0.0;0.0;0.0;0.0;0.0;0.0;0.0;0.0;0.0;0.0;0.0;0.0;0.0;0.0;0.0;0.0;0.0;0.0;888.0
Russas;PEIXE;-4.92577777778;-38.0905833333;2010;10;40.6;0.0;0.0;0.0;0.0;0.0;0.0;0.0;0.0;0.0;0.0;0.0;0.0;0.0;0.0;0.0;0.0;0.0;0.0;0.0;0.0;0.0;0.0;0.0;0.0;19.2;0.0;21.4;0.0;0.0;0.0;0.0
Russas;PEIXE;-4.92577777778;-38.0905833333;2010;11;0.0;0.0;0.0;0.0;0.0;0.0;0.0;0.0;0.0;0.0;0.0;0.0;0.0;0.0;0.0;0.0;0.0;0.0;0.0;0.0;0.0;0.0;0.0;0.0;0.0;0.0;0.0;0.0;0.0;0.0;0.0;888.0
Russas;PEIXE;-4.92577777778;-38.0905833333;2010;12;105.0;0.0;0.0;0.0;0.0;0.0;0.0;0.0;0.0;17.6;7.6;0.0;44.4;0.0;0.0;0.0;0.0;0.0;15.0;0.0;0.0;0.0;0.0;20.4;999.0;999.0;999.0;999.0;999.0;999.0;999.0;999.0
Russas;PEIXE;-4.92577777778;-38.0905833333;2011;1;207.4;0.0;0.0;0.0;9.0;0.0;0.0;10.6;0.0;0.0;26.6;53.6;0.0;0.0;0.0;0.0;0.0;0.0;0.0;0.0;22.0;0.0;7.2;0.0;8.4;42.4;22.8;0.0;0.0;0.0;0.0;4.8
Russas;PEIXE;-4.92577777778;-38.0905833333;2011;2;146.8;0.0;0.0;0.0;20.8;6.0;0.0;0.0;0.0;0.0;0.0;0.0;0.0;15.2;0.0;16.0;0.0;2.6;52.0;0.0;3.6;0.0;0.0;0.0;0.0;0.0;29.4;0.0;1.2;888.0;888.0;888.0
Russas;PEIXE;-4.92577777778;-38.0905833333;2011;3;115.2;9.0;3.4;0.0;6.6;19.2;0.0;0.0;0.0;19.6;0.0;0.0;0.0;10.0;0.0;1.0;0.0;4.8;0.0;0.0;0.0;0.0;0.0;0.0;0.0;19.4;0.0;4.6;0.0;9.6;0.0;8.0
Russas;PEIXE;-4.92577777778;-38.0905833333;2011;4;177.8;8.0;6.2;14.0;0.0;3.6;0.0;0.0;0.0;3.0;0.0;26.0;4.8;10.0;4.0;0.0;1.6;0.0;0.0;66.4;0.0;0.0;5.6;0.0;1.4;23.2;0.0;0.0;0.0;0.0;0.0;888.0
Russas;PEIXE;-4.92577777778;-38.0905833333;2011;5;123.0;0.0;0.0;0.0;20.4;40.6;10.2;5.0;0.0;0.0;0.0;9.0;0.0;0.0;0.0;0.0;5.6;0.0;1.2;18.6;0.0;0.0;0.0;0.0;0.0;0.0;5.0;0.0;0.0;0.0;0.0;7.4
Russas;PEIXE;-4.92577777778;-38.0905833333;2011;6;0.0;0.0;0.0;0.0;0.0;0.0;0.0;0.0;0.0;0.0;0.0;0.0;0.0;0.0;0.0;0.0;0.0;0.0;0.0;0.0;0.0;0.0;0.0;0.0;0.0;0.0;0.0;0.0;0.0;0.0;0.0;888.0
Russas;PEIXE;-4.92577777778;-38.0905833333;2011;7;69.4;0.0;0.0;0.0;0.0;0.0;0.0;0.0;0.0;0.0;0.0;0.0;7.6;13.8;0.0;0.0;28.6;19.4;0.0;0.0;0.0;0.0;0.0;0.0;0.0;0.0;0.0;0.0;0.0;0.0;0.0;0.0
Russas;PEIXE;-4.92577777778;-38.0905833333;2011;8;5.2;3.2;0.0;0.0;0.0;0.0;0.0;0.0;0.0;0.0;0.0;0.0;0.0;0.0;0.0;0.0;0.0;0.0;0.0;0.0;0.0;0.0;0.0;0.0;0.0;0.0;2.0;0.0;0.0;0.0;0.0;0.0
Russas;PEIXE;-4.92577777778;-38.0905833333;2011;9;0.0;0.0;0.0;0.0;0.0;0.0;0.0;0.0;0.0;0.0;0.0;0.0;0.0;0.0;0.0;0.0;0.0;0.0;0.0;0.0;0.0;0.0;0.0;0.0;0.0;0.0;0.0;0.0;0.0;0.0;0.0;888.0
Russas;PEIXE;-4.92577777778;-38.0905833333;2011;10;32.0;0.0;0.0;0.0;0.0;0.0;0.0;0.0;0.0;0.0;0.0;0.0;0.0;0.0;0.0;0.0;0.0;0.0;0.0;0.0;30.0;2.0;0.0;0.0;0.0;0.0;0.0;0.0;0.0;0.0;0.0;0.0
Russas;PEIXE;-4.92577777778;-38.0905833333;2011;11;0.0;0.0;0.0;0.0;0.0;0.0;0.0;0.0;0.0;0.0;0.0;0.0;0.0;0.0;0.0;0.0;0.0;0.0;0.0;0.0;0.0;0.0;0.0;0.0;0.0;0.0;0.0;0.0;0.0;0.0;0.0;888.0
Russas;PEIXE;-4.92577777778;-38.0905833333;2011;12;5.0;0.0;0.0;0.0;0.0;0.0;0.0;0.0;0.0;0.0;0.0;0.0;0.0;0.0;0.0;0.0;0.0;0.0;0.0;0.0;0.0;0.0;5.0;0.0;0.0;0.0;0.0;0.0;0.0;0.0;0.0;0.0
Russas;PEIXE;-4.92577777778;-38.0905833333;2012;1;48.4;0.0;0.0;0.0;0.0;0.0;0.0;0.0;0.0;0.0;0.0;0.0;0.0;0.0;0.0;0.0;0.0;0.0;0.0;0.0;31.0;0.0;8.6;0.0;0.0;8.8;0.0;0.0;0.0;0.0;0.0;0.0
Russas;PEIXE;-4.92577777778;-38.0905833333;2012;2;189.8;0.0;0.0;0.0;0.0;0.0;0.0;0.0;0.0;0.0;0.0;0.0;0.0;0.0;1.4;0.0;11.4;37.2;0.0;21.0;13.6;27.0;0.0;0.0;0.0;0.0;72.6;0.0;5.6;0.0;888.0;888.0
Russas;PEIXE;-4.92577777778;-38.0905833333;2012;3;26.2;0.0;0.0;0.0;0.0;0.0;0.0;0.0;0.0;0.0;0.0;9.2;12.6;0.0;4.4;0.0;0.0;0.0;0.0;0.0;0.0;0.0;0.0;0.0;0.0;0.0;0.0;0.0;0.0;0.0;0.0;0.0
Russas;PEIXE;-4.92577777778;-38.0905833333;2012;4;58.4;0.0;0.0;0.0;0.0;0.0;0.0;0.0;58.4;999.0;999.0;999.0;999.0;999.0;999.0;999.0;999.0;999.0;999.0;999.0;999.0;999.0;999.0;999.0;999.0;999.0;999.0;999.0;999.0;999.0;999.0;888.0
Russas;PEIXE;-4.92577777778;-38.0905833333;2013;1;21.6;0.0;0.0;0.0;0.0;0.0;0.0;0.0;0.0;0.0;0.0;0.0;0.0;0.0;0.0;0.0;0.0;0.0;0.0;0.0;20.2;1.4;0.0;0.0;0.0;0.0;0.0;0.0;0.0;0.0;0.0;0.0
Russas;PEIXE;-4.92577777778;-38.0905833333;2013;2;88.8;0.0;0.0;0.0;0.0;0.0;0.0;0.0;0.0;0.0;0.0;0.0;0.0;0.0;0.0;0.0;15.6;24.0;1.6;42.2;5.4;0.0;0.0;0.0;0.0;0.0;0.0;0.0;999.0;888.0;888.0;888.0
Russas;PEIXE;-4.92577777778;-38.0905833333;2013;3;63.8;0.0;0.0;0.0;0.0;0.0;0.0;0.0;0.0;0.0;0.0;0.0;0.0;0.0;0.0;0.0;0.0;0.0;0.0;26.0;15.8;0.0;0.0;1.4;7.0;11.0;0.0;2.6;0.0;0.0;0.0;0.0
Russas;PEIXE;-4.92577777778;-38.0905833333;2013;4;124.6;0.0;0.0;0.0;0.0;0.0;0.0;0.0;0.0;9.0;0.0;0.0;3.4;0.0;0.0;0.0;0.0;0.0;0.0;19.0;0.0;0.0;0.0;16.0;9.6;6.8;0.0;16.6;0.0;41.2;3.0;888.0
Russas;PEIXE;-4.92577777778;-38.0905833333;2013;5;29.6;0.0;0.0;1.4;0.0;0.0;0.0;0.0;0.0;7.8;0.0;0.0;0.0;0.0;0.0;9.4;0.0;0.0;2.2;8.8;0.0;0.0;0.0;0.0;0.0;0.0;0.0;0.0;0.0;0.0;0.0;0.0
Russas;PEIXE;-4.92577777778;-38.0905833333;2013;6;121.2;0.0;0.0;0.0;0.0;0.0;10.0;9.4;0.0;14.4;0.0;0.0;0.0;13.2;0.0;0.0;0.0;0.0;0.0;0.0;0.0;0.0;25.0;24.8;0.0;0.0;0.0;0.0;0.0;0.0;24.4;888.0
Russas;PEIXE;-4.92577777778;-38.0905833333;2013;7;87.8;0.0;0.0;0.0;15.8;14.4;0.0;0.0;0.0;0.0;0.0;0.0;0.0;0.0;40.0;0.0;0.0;0.0;0.0;14.8;0.0;0.0;2.8;0.0;0.0;0.0;0.0;0.0;0.0;0.0;0.0;0.0
Russas;PEIXE;-4.92577777778;-38.0905833333;2013;8;0.0;0.0;0.0;0.0;0.0;0.0;0.0;0.0;0.0;0.0;0.0;0.0;0.0;0.0;0.0;0.0;0.0;0.0;0.0;0.0;0.0;0.0;0.0;0.0;0.0;0.0;0.0;0.0;0.0;0.0;0.0;0.0
Russas;PEIXE;-4.92577777778;-38.0905833333;2013;9;0.0;0.0;0.0;0.0;0.0;0.0;0.0;0.0;0.0;0.0;0.0;0.0;0.0;0.0;0.0;0.0;0.0;0.0;0.0;0.0;0.0;0.0;0.0;0.0;0.0;0.0;0.0;0.0;0.0;0.0;0.0;888.0
Russas;PEIXE;-4.92577777778;-38.0905833333;2013;10;0.0;0.0;0.0;0.0;0.0;0.0;0.0;0.0;0.0;0.0;0.0;0.0;0.0;0.0;0.0;0.0;0.0;0.0;0.0;0.0;0.0;0.0;0.0;0.0;0.0;0.0;0.0;0.0;0.0;0.0;0.0;0.0
Russas;PEIXE;-4.92577777778;-38.0905833333;2013;11;5.0;0.0;0.0;0.0;5.0;0.0;0.0;0.0;0.0;0.0;0.0;0.0;0.0;0.0;0.0;0.0;0.0;0.0;0.0;0.0;0.0;0.0;0.0;0.0;0.0;0.0;0.0;0.0;0.0;0.0;0.0;888.0
Russas;PEIXE;-4.92577777778;-38.0905833333;2013;12;2.6;0.0;0.0;0.0;0.0;0.0;0.0;0.0;0.0;0.0;0.0;0.0;0.0;0.0;0.0;0.0;0.0;0.0;0.0;0.0;2.6;0.0;0.0;0.0;0.0;0.0;0.0;0.0;0.0;0.0;0.0;0.0
Russas;PEIXE;-4.92577777778;-38.0905833333;2014;1;0.0;0.0;0.0;0.0;0.0;0.0;0.0;0.0;0.0;0.0;0.0;0.0;0.0;0.0;0.0;0.0;0.0;0.0;0.0;0.0;0.0;0.0;0.0;0.0;0.0;0.0;0.0;0.0;0.0;0.0;0.0;0.0
Russas;PEIXE;-4.92577777778;-38.0905833333;2014;2;40.6;0.0;0.0;0.0;0.0;0.0;0.0;0.0;0.0;0.0;0.0;0.0;0.0;0.0;0.0;0.0;0.0;36.0;0.0;1.0;3.6;0.0;0.0;0.0;0.0;0.0;0.0;0.0;0.0;888.0;888.0;888.0
Russas;PEIXE;-4.92577777778;-38.0905833333;2014;3;122.2;0.0;0.0;0.0;0.0;0.0;0.0;0.0;0.0;0.0;2.0;24.0;0.0;4.4;2.6;0.0;31.0;16.0;20.0;7.6;0.0;1.6;0.0;0.0;0.0;0.0;0.0;0.0;0.0;6.4;6.6;0.0
Russas;PEIXE;-4.92577777778;-38.0905833333;2014;4;102.8;27.0;0.0;1.4;20.0;0.0;4.2;0.0;41.0;0.0;4.2;0.0;0.0;0.0;0.0;0.0;0.0;0.0;0.0;0.0;0.0;0.0;0.0;0.0;0.0;0.0;0.0;0.0;0.0;5.0;0.0;888.0
Russas;PEIXE;-4.92577777778;-38.0905833333;2014;5;77.4;4.0;0.0;0.0;0.0;0.0;0.0;0.0;0.0;0.0;0.0;19.2;3.0;0.0;0.0;45.0;0.0;2.4;0.0;0.0;0.0;0.0;0.0;0.0;0.0;0.0;0.0;0.0;0.0;3.8;0.0;0.0
Russas;PEIXE;-4.92577777778;-38.0905833333;2014;6;0.0;0.0;0.0;0.0;0.0;0.0;0.0;0.0;0.0;0.0;0.0;0.0;0.0;0.0;0.0;0.0;0.0;0.0;0.0;0.0;0.0;0.0;0.0;0.0;0.0;0.0;0.0;0.0;0.0;0.0;0.0;888.0
Russas;PEIXE;-4.92577777778;-38.0905833333;2014;7;0.0;0.0;0.0;0.0;0.0;0.0;0.0;0.0;0.0;0.0;0.0;0.0;0.0;0.0;0.0;0.0;0.0;0.0;0.0;0.0;0.0;0.0;0.0;0.0;0.0;0.0;0.0;0.0;0.0;0.0;0.0;0.0
Russas;PEIXE;-4.92577777778;-38.0905833333;2014;8;0.0;0.0;0.0;0.0;0.0;0.0;0.0;0.0;0.0;0.0;0.0;0.0;0.0;0.0;0.0;0.0;0.0;0.0;0.0;0.0;0.0;0.0;0.0;0.0;0.0;0.0;0.0;0.0;0.0;0.0;0.0;0.0
Russas;PEIXE;-4.92577777778;-38.0905833333;2014;9;0.0;0.0;0.0;0.0;0.0;0.0;0.0;0.0;0.0;0.0;0.0;0.0;0.0;0.0;0.0;0.0;0.0;0.0;0.0;0.0;0.0;0.0;0.0;0.0;0.0;0.0;0.0;0.0;0.0;0.0;0.0;888.0
Russas;PEIXE;-4.92577777778;-38.0905833333;2014;10;6.2;0.0;4.0;0.0;0.0;0.0;0.0;2.2;0.0;0.0;0.0;0.0;0.0;0.0;0.0;0.0;0.0;0.0;0.0;0.0;0.0;0.0;0.0;0.0;0.0;0.0;0.0;0.0;0.0;0.0;0.0;0.0
Russas;PEIXE;-4.92577777778;-38.0905833333;2014;11;0.0;0.0;0.0;0.0;0.0;0.0;0.0;0.0;0.0;0.0;0.0;0.0;0.0;0.0;0.0;0.0;0.0;0.0;0.0;0.0;0.0;0.0;0.0;0.0;0.0;0.0;0.0;0.0;0.0;0.0;0.0;888.0
Russas;PEIXE;-4.92577777778;-38.0905833333;2014;12;0.0;0.0;0.0;0.0;0.0;0.0;0.0;0.0;0.0;0.0;0.0;0.0;0.0;0.0;0.0;0.0;0.0;0.0;0.0;0.0;0.0;0.0;0.0;0.0;0.0;0.0;0.0;0.0;0.0;0.0;0.0;0.0
Russas;PEIXE;-4.92577777778;-38.0905833333;2015;1;20.0;0.0;0.0;0.0;20.0;0.0;0.0;0.0;0.0;0.0;0.0;0.0;0.0;0.0;0.0;0.0;0.0;0.0;0.0;0.0;0.0;0.0;0.0;0.0;0.0;0.0;0.0;0.0;0.0;0.0;0.0;0.0
Russas;PEIXE;-4.92577777778;-38.0905833333;2015;2;54.6;0.0;0.0;0.0;0.0;12.0;0.0;0.0;0.0;0.0;0.0;0.0;0.0;0.0;0.0;0.0;0.0;0.0;0.0;13.2;0.0;0.0;20.4;0.0;0.0;0.0;9.0;0.0;0.0;888.0;888.0;888.0
Russas;PEIXE;-4.92577777778;-38.0905833333;2015;3;123.8;0.0;0.0;9.8;0.0;0.0;0.0;0.0;0.0;26.0;3.0;0.0;0.0;0.0;0.0;0.0;0.0;0.0;0.0;9.0;0.0;7.0;28.0;24.0;8.8;0.0;3.6;0.0;0.0;0.0;4.6;0.0
Russas;PEIXE;-4.92577777778;-38.0905833333;2015;4;23.6;0.0;8.4;0.0;0.0;0.0;0.0;0.0;0.0;15.2;0.0;0.0;0.0;0.0;0.0;0.0;0.0;0.0;0.0;0.0;0.0;0.0;0.0;0.0;0.0;0.0;0.0;0.0;0.0;0.0;0.0;888.0
Russas;PEIXE;-4.92577777778;-38.0905833333;2015;5;0.0;0.0;0.0;0.0;0.0;0.0;0.0;0.0;0.0;0.0;0.0;0.0;0.0;0.0;0.0;0.0;0.0;0.0;0.0;0.0;0.0;0.0;0.0;0.0;0.0;0.0;0.0;0.0;0.0;0.0;0.0;0.0
Russas;PEIXE;-4.92577777778;-38.0905833333;2015;6;49.0;0.0;0.0;0.0;0.0;0.0;0.0;0.0;16.0;0.0;0.0;0.0;0.0;0.0;0.0;0.0;0.0;0.0;0.0;0.0;0.0;0.0;0.0;0.0;0.0;0.0;33.0;0.0;0.0;0.0;0.0;888.0
Russas;PEIXE;-4.92577777778;-38.0905833333;2015;7;3.2;0.0;0.0;0.0;0.0;0.0;3.2;0.0;0.0;0.0;0.0;0.0;0.0;0.0;0.0;0.0;0.0;0.0;0.0;0.0;0.0;0.0;0.0;0.0;0.0;0.0;0.0;0.0;0.0;0.0;0.0;0.0
Russas;PEIXE;-4.92577777778;-38.0905833333;2015;8;0.0;0.0;0.0;0.0;0.0;0.0;0.0;0.0;0.0;0.0;0.0;0.0;0.0;0.0;0.0;0.0;0.0;0.0;0.0;0.0;0.0;0.0;0.0;0.0;0.0;0.0;0.0;0.0;0.0;0.0;0.0;0.0
Russas;PEIXE;-4.92577777778;-38.0905833333;2015;9;0.0;0.0;0.0;0.0;0.0;0.0;0.0;0.0;0.0;0.0;0.0;999.0;0.0;0.0;0.0;0.0;0.0;0.0;0.0;0.0;0.0;0.0;0.0;0.0;0.0;0.0;0.0;0.0;0.0;0.0;0.0;888.0
Russas;PEIXE;-4.92577777778;-38.0905833333;2015;10;0.0;0.0;0.0;0.0;0.0;0.0;999.0;0.0;999.0;0.0;0.0;0.0;0.0;0.0;0.0;0.0;0.0;0.0;0.0;0.0;0.0;0.0;0.0;0.0;0.0;0.0;0.0;0.0;0.0;0.0;0.0;0.0
Russas;PEIXE;-4.92577777778;-38.0905833333;2015;11;0.0;0.0;0.0;0.0;0.0;0.0;0.0;0.0;0.0;0.0;0.0;0.0;0.0;0.0;0.0;0.0;0.0;0.0;0.0;0.0;0.0;0.0;0.0;0.0;0.0;0.0;0.0;0.0;0.0;0.0;0.0;888.0
Russas;PEIXE;-4.92577777778;-38.0905833333;2015;12;6.8;0.0;0.0;0.0;0.0;0.0;0.0;0.0;0.0;0.0;0.0;0.0;0.0;0.0;0.0;0.0;0.0;0.0;0.0;0.0;0.0;0.0;0.0;0.0;0.0;0.0;0.0;0.0;0.0;6.8;0.0;0.0
Russas;PEIXE;-4.92577777778;-38.0905833333;2016;1;133.0;0.0;0.0;0.0;0.0;0.0;0.0;0.0;44.0;0.0;0.0;0.0;0.0;0.0;10.8;2.0;0.0;0.0;0.0;36.2;0.0;3.2;19.6;4.2;6.0;7.0;0.0;0.0;0.0;0.0;0.0;0.0
Russas;PEIXE;-4.92577777778;-38.0905833333;2016;2;184.2;3.0;31.0;12.0;0.0;0.0;0.0;0.0;0.0;0.0;19.4;0.0;0.0;0.0;0.0;0.0;0.0;12.0;0.0;0.0;10.8;0.0;0.0;76.6;19.4;0.0;0.0;0.0;0.0;0.0;888.0;888.0
Russas;PEIXE;-4.92577777778;-38.0905833333;2016;3;102.0;0.0;0.0;0.0;0.0;16.4;0.0;0.0;0.0;0.0;0.0;0.0;0.0;0.0;0.0;0.0;0.0;0.0;4.0;0.0;0.0;0.0;0.0;0.0;0.0;0.0;31.4;0.0;0.0;0.0;50.2;0.0
Russas;PEIXE;-4.92577777778;-38.0905833333;2016;4;94.8;0.0;8.2;8.6;0.0;0.0;13.8;0.0;0.0;0.0;0.0;12.8;26.0;0.0;0.0;21.0;4.4;0.0;0.0;0.0;0.0;0.0;0.0;0.0;0.0;0.0;0.0;0.0;0.0;0.0;0.0;888.0
Russas;PEIXE;-4.92577777778;-38.0905833333;2016;5;49.0;0.0;0.0;42.8;0.0;0.0;0.0;0.0;0.0;0.0;0.0;0.0;0.0;0.0;0.0;6.2;0.0;0.0;0.0;0.0;0.0;0.0;0.0;0.0;0.0;0.0;0.0;0.0;0.0;0.0;0.0;0.0
Russas;PEIXE;-4.92577777778;-38.0905833333;2016;6;0.0;0.0;0.0;0.0;0.0;0.0;0.0;0.0;0.0;0.0;0.0;0.0;0.0;0.0;0.0;0.0;0.0;0.0;0.0;0.0;0.0;0.0;0.0;0.0;0.0;0.0;0.0;0.0;0.0;0.0;0.0;888.0
Russas;PEIXE;-4.92577777778;-38.0905833333;2016;7;0.0;0.0;0.0;0.0;0.0;0.0;0.0;0.0;0.0;0.0;0.0;0.0;0.0;0.0;0.0;0.0;0.0;0.0;0.0;0.0;0.0;0.0;0.0;0.0;0.0;0.0;0.0;0.0;0.0;0.0;0.0;0.0
Russas;PEIXE;-4.92577777778;-38.0905833333;2016;8;0.0;0.0;0.0;0.0;0.0;0.0;0.0;0.0;0.0;0.0;0.0;0.0;0.0;0.0;0.0;0.0;0.0;0.0;0.0;0.0;0.0;0.0;0.0;0.0;0.0;0.0;0.0;0.0;0.0;0.0;0.0;0.0
Russas;PEIXE;-4.92577777778;-38.0905833333;2016;9;0.0;0.0;0.0;0.0;0.0;0.0;0.0;0.0;0.0;0.0;0.0;0.0;0.0;0.0;0.0;0.0;0.0;0.0;0.0;0.0;0.0;0.0;0.0;0.0;0.0;0.0;0.0;0.0;0.0;0.0;0.0;888.0
Russas;PEIXE;-4.92577777778;-38.0905833333;2016;10;0.0;0.0;0.0;0.0;0.0;0.0;0.0;0.0;0.0;0.0;0.0;0.0;0.0;0.0;0.0;0.0;0.0;0.0;0.0;0.0;0.0;0.0;0.0;0.0;0.0;0.0;0.0;0.0;0.0;0.0;0.0;0.0
Russas;PEIXE;-4.92577777778;-38.0905833333;2016;12;15.6;0.0;0.0;0.0;0.0;0.0;0.0;0.0;0.0;0.0;0.0;0.0;0.0;0.0;2.0;0.0;0.0;0.0;0.0;1.0;0.0;0.0;0.0;0.0;0.0;0.0;0.0;0.0;0.0;0.0;12.6;0.0
Russas;PEIXE;-4.92577777778;-38.0905833333;2017;1;11.4;0.0;0.0;0.0;0.0;0.0;0.0;0.0;0.0;0.0;0.0;11.4;0.0;0.0;0.0;0.0;0.0;0.0;0.0;0.0;0.0;0.0;0.0;0.0;0.0;0.0;0.0;0.0;0.0;0.0;0.0;0.0
Russas;PEIXE;-4.92577777778;-38.0905833333;2017;2;314.4;0.0;0.0;0.0;0.0;0.0;0.0;0.0;0.0;3.6;0.0;5.6;50.0;0.0;58.6;7.4;0.0;0.0;85.0;0.0;59.4;11.0;0.0;0.0;0.0;19.8;0.0;8.0;6.0;888.0;888.0;888.0
Russas;PEIXE;-4.92577777778;-38.0905833333;2017;3;269.2;4.4;17.0;48.6;3.8;0.0;11.2;0.0;9.2;0.0;0.0;0.0;37.6;0.0;15.2;0.0;0.0;0.0;0.0;0.0;0.0;0.0;0.0;91.0;7.2;0.0;0.0;24.0;0.0;0.0;0.0;0.0
Russas;PEIXE;-4.92577777778;-38.0905833333;2017;4;185.4;22.6;41.8;0.0;0.0;0.0;21.0;0.0;0.0;0.0;0.0;11.0;16.4;5.8;2.2;9.4;33.0;0.0;0.0;0.0;0.0;0.0;0.0;0.0;0.0;0.0;0.0;0.0;22.2;0.0;0.0;888.0
Russas;PEIXE;-4.92577777778;-38.0905833333;2017;5;38.8;0.0;0.0;0.0;0.0;0.0;0.0;0.0;0.0;21.8;0.0;0.0;0.0;0.0;0.0;0.0;0.0;0.0;0.0;4.8;0.0;0.0;0.0;0.0;0.0;0.0;0.0;0.0;0.0;12.2;0.0;0.0
Russas;PEIXE;-4.92577777778;-38.0905833333;2017;6;20.4;0.0;0.0;20.4;0.0;0.0;0.0;0.0;0.0;0.0;0.0;0.0;0.0;0.0;0.0;0.0;0.0;0.0;0.0;0.0;0.0;0.0;0.0;0.0;0.0;0.0;0.0;0.0;0.0;0.0;0.0;888.0
Russas;PEIXE;-4.92577777778;-38.0905833333;2017;7;78.2;0.0;11.8;20.2;0.0;0.0;0.0;0.0;0.0;0.0;0.0;0.0;0.0;0.0;0.0;0.0;0.0;0.0;0.0;0.0;0.0;37.8;8.4;0.0;0.0;0.0;0.0;0.0;0.0;0.0;0.0;0.0
Russas;PEIXE;-4.92577777778;-38.0905833333;2017;8;0.0;0.0;0.0;0.0;0.0;0.0;0.0;0.0;0.0;0.0;0.0;0.0;0.0;0.0;0.0;0.0;0.0;0.0;0.0;0.0;0.0;0.0;0.0;0.0;0.0;0.0;0.0;0.0;0.0;0.0;0.0;0.0
Russas;PEIXE;-4.92577777778;-38.0905833333;2017;9;0.0;0.0;0.0;0.0;0.0;0.0;0.0;0.0;0.0;0.0;0.0;0.0;0.0;0.0;0.0;0.0;0.0;0.0;0.0;0.0;0.0;0.0;0.0;0.0;0.0;0.0;0.0;0.0;0.0;0.0;0.0;888.0
Russas;PEIXE;-4.92577777778;-38.0905833333;2017;10;0.0;0.0;0.0;0.0;0.0;0.0;0.0;0.0;0.0;0.0;0.0;0.0;0.0;0.0;0.0;0.0;0.0;0.0;0.0;0.0;0.0;0.0;0.0;0.0;0.0;0.0;0.0;0.0;0.0;0.0;0.0;0.0
Russas;PEIXE;-4.92577777778;-38.0905833333;2017;11;0.0;0.0;0.0;0.0;0.0;0.0;0.0;0.0;0.0;0.0;0.0;0.0;0.0;0.0;0.0;0.0;0.0;0.0;0.0;0.0;0.0;0.0;0.0;0.0;0.0;0.0;0.0;0.0;0.0;0.0;0.0;888.0
Russas;PEIXE;-4.92577777778;-38.0905833333;2017;12;0.0;0.0;0.0;0.0;0.0;0.0;0.0;0.0;0.0;0.0;0.0;0.0;0.0;0.0;0.0;0.0;0.0;0.0;0.0;0.0;0.0;0.0;0.0;0.0;0.0;0.0;0.0;0.0;0.0;0.0;0.0;0.0
Russas;PEIXE;-4.92577777778;-38.0905833333;2018;1;34.0;0.0;0.0;0.0;0.0;0.0;0.0;0.0;20.0;0.0;0.0;0.0;0.0;0.0;0.0;0.0;0.0;0.0;0.0;0.0;0.0;0.0;0.0;0.0;0.0;0.0;0.0;0.0;14.0;0.0;0.0;0.0
Russas;PEIXE;-4.92577777778;-38.0905833333;2018;2;109.6;0.0;0.0;0.0;0.0;0.0;0.0;0.0;0.0;0.0;0.0;73.8;0.0;0.0;16.0;0.0;0.0;6.0;11.0;0.0;0.0;0.0;1.6;0.0;0.0;0.0;0.0;1.2;0.0;888.0;888.0;888.0
Russas;PEIXE;-4.92577777778;-38.0905833333;2018;3;191.6;23.4;26.0;1.0;0.0;0.0;0.0;0.0;0.0;0.0;0.0;0.0;0.0;0.0;0.0;0.0;0.0;0.0;0.0;0.0;0.0;0.0;0.0;0.0;0.0;0.0;5.2;1.8;84.6;30.0;10.4;9.2
Russas;PEIXE;-4.92577777778;-38.0905833333;2018;4;446.3;0.0;32.2;6.8;0.0;0.0;0.0;4.8;135.0;0.0;8.4;0.0;12.0;47.0;12.0;0.0;29.0;16.2;0.0;0.0;0.0;11.6;4.6;31.6;31.4;0.0;0.0;27.2;5.0;3.4;28.1;888.0
Russas;PEIXE;-4.92577777778;-38.0905833333;2018;5;69.0;28.0;0.0;0.0;0.0;0.0;0.0;0.0;0.0;0.0;0.0;0.0;17.6;0.0;0.0;0.0;0.0;0.0;15.0;3.4;0.0;0.0;5.0;0.0;0.0;0.0;0.0;0.0;0.0;0.0;0.0;0.0
Russas;PEIXE;-4.92577777778;-38.0905833333;2018;6;4.0;0.0;0.0;0.0;0.0;0.0;0.0;0.0;4.0;0.0;0.0;0.0;0.0;0.0;0.0;0.0;0.0;0.0;0.0;0.0;0.0;0.0;0.0;0.0;0.0;0.0;0.0;0.0;0.0;0.0;0.0;888.0
Russas;PEIXE;-4.92577777778;-38.0905833333;2018;7;21.2;0.0;0.0;0.0;0.0;0.0;0.0;1.2;1.0;0.0;0.0;19.0;0.0;0.0;0.0;0.0;0.0;0.0;0.0;0.0;0.0;0.0;0.0;0.0;0.0;0.0;0.0;0.0;0.0;0.0;0.0;0.0
Russas;PEIXE;-4.92577777778;-38.0905833333;2018;8;0.0;0.0;0.0;0.0;0.0;0.0;0.0;0.0;0.0;0.0;0.0;0.0;0.0;0.0;0.0;0.0;0.0;0.0;0.0;0.0;0.0;0.0;0.0;0.0;0.0;0.0;0.0;0.0;0.0;0.0;0.0;0.0
Russas;PEIXE;-4.92577777778;-38.0905833333;2018;9;0.0;0.0;0.0;0.0;0.0;0.0;0.0;0.0;0.0;0.0;0.0;0.0;0.0;0.0;0.0;0.0;0.0;0.0;999.0;999.0;999.0;999.0;999.0;999.0;999.0;999.0;999.0;999.0;999.0;999.0;999.0;888.0
