Municipios;Postos;Latitude;Longitude;Anos;Meses;Total;Dia1;Dia2;Dia3;Dia4;Dia5;Dia6;Dia7;Dia8;Dia9;Dia10;Dia11;Dia12;Dia13;Dia14;Dia15;Dia16;Dia17;Dia18;Dia19;Dia20;Dia21;Dia22;Dia23;Dia24;Dia25;Dia26;Dia27;Dia28;Dia29;Dia30;Dia31
Orós;PALESTINA;-6.317;-39.033305555556;2000;7;0.5;999.0;999.0;999.0;999.0;999.0;999.0;999.0;0.0;0.0;0.0;0.0;0.0;0.0;0.0;0.0;0.0;0.0;0.0;0.0;0.0;0.5;0.0;0.0;0.0;0.0;0.0;0.0;0.0;0.0;0.0;0.0
Orós;PALESTINA;-6.317;-39.033305555556;2000;8;2.6;0.0;0.0;0.0;0.0;0.0;0.0;0.0;0.0;2.6;0.0;0.0;0.0;0.0;0.0;0.0;0.0;0.0;0.0;0.0;0.0;0.0;0.0;0.0;0.0;0.0;0.0;0.0;0.0;0.0;0.0;0.0
Orós;PALESTINA;-6.317;-39.033305555556;2000;9;19.0;0.0;0.0;0.0;0.0;0.0;0.0;0.0;0.0;0.0;0.0;0.0;0.0;0.0;0.0;0.0;0.0;0.0;19.0;0.0;0.0;0.0;0.0;0.0;0.0;0.0;0.0;0.0;0.0;0.0;0.0;888.0
Orós;PALESTINA;-6.317;-39.033305555556;2000;10;0.0;0.0;0.0;0.0;0.0;0.0;0.0;0.0;0.0;0.0;0.0;0.0;0.0;0.0;0.0;0.0;0.0;0.0;0.0;0.0;0.0;0.0;0.0;0.0;0.0;0.0;0.0;0.0;0.0;0.0;0.0;0.0
Orós;PALESTINA;-6.317;-39.033305555556;2000;11;0.0;0.0;0.0;0.0;0.0;0.0;0.0;0.0;0.0;0.0;0.0;0.0;0.0;0.0;0.0;0.0;0.0;0.0;0.0;0.0;0.0;0.0;0.0;0.0;0.0;0.0;0.0;0.0;0.0;0.0;0.0;888.0
Orós;PALESTINA;-6.317;-39.033305555556;2000;12;96.0;0.0;0.0;0.0;0.0;0.0;0.0;0.0;0.0;0.0;0.0;0.0;0.0;0.0;17.0;65.0;14.0;0.0;0.0;0.0;0.0;0.0;0.0;0.0;0.0;0.0;0.0;0.0;0.0;0.0;0.0;0.0
Orós;PALESTINA;-6.317;-39.033305555556;2001;1;54.0;0.0;0.0;0.0;0.0;0.0;0.0;0.0;5.0;0.0;0.0;0.0;31.0;18.0;0.0;0.0;0.0;0.0;0.0;0.0;0.0;0.0;0.0;0.0;0.0;0.0;0.0;0.0;0.0;0.0;0.0;0.0
Orós;PALESTINA;-6.317;-39.033305555556;2001;2;62.0;0.0;0.0;0.0;24.0;0.0;0.0;0.0;0.0;0.0;0.0;0.0;0.0;0.0;21.0;0.0;0.0;0.0;0.0;7.0;10.0;0.0;0.0;0.0;0.0;0.0;0.0;0.0;0.0;888.0;888.0;888.0
Orós;PALESTINA;-6.317;-39.033305555556;2001;3;240.6;10.0;5.0;0.0;0.0;0.0;0.0;0.0;0.0;9.0;0.0;0.0;50.0;26.0;0.0;69.0;9.0;0.0;0.0;27.2;0.0;0.0;10.4;0.0;0.0;25.0;0.0;0.0;0.0;0.0;0.0;0.0
Orós;PALESTINA;-6.317;-39.033305555556;2001;4;95.0;16.0;0.0;3.0;0.0;0.0;0.0;0.0;0.0;0.0;0.0;0.0;0.0;0.0;0.0;0.0;0.0;0.0;27.0;0.0;0.0;0.0;0.0;0.0;0.0;0.0;0.0;0.0;45.0;0.0;4.0;888.0
Orós;PALESTINA;-6.317;-39.033305555556;2001;5;5.0;0.0;0.0;0.0;0.0;0.0;0.0;0.0;0.0;0.0;0.0;0.0;0.0;0.0;0.0;0.0;0.0;0.0;0.0;0.0;0.0;0.0;0.0;0.0;5.0;0.0;0.0;0.0;0.0;0.0;0.0;0.0
Orós;PALESTINA;-6.317;-39.033305555556;2001;6;72.0;43.0;26.0;0.0;0.0;0.0;0.0;0.0;0.0;0.0;0.0;0.0;0.0;0.0;0.0;0.0;0.0;0.0;0.0;0.0;0.0;0.0;0.0;0.0;0.0;0.0;0.0;0.0;3.0;0.0;0.0;888.0
Orós;PALESTINA;-6.317;-39.033305555556;2001;7;4.0;0.0;0.0;0.0;0.0;0.0;0.0;0.0;0.0;0.0;0.0;0.0;0.0;0.0;0.0;0.0;0.0;0.0;0.0;0.0;0.0;4.0;0.0;0.0;0.0;0.0;0.0;0.0;0.0;0.0;0.0;0.0
Orós;PALESTINA;-6.317;-39.033305555556;2001;8;0.0;0.0;0.0;0.0;0.0;0.0;0.0;0.0;0.0;0.0;0.0;0.0;0.0;0.0;0.0;0.0;0.0;0.0;0.0;0.0;0.0;0.0;0.0;0.0;0.0;0.0;0.0;0.0;0.0;0.0;0.0;0.0
Orós;PALESTINA;-6.317;-39.033305555556;2001;9;0.0;0.0;0.0;0.0;0.0;0.0;0.0;0.0;0.0;0.0;0.0;0.0;0.0;0.0;0.0;0.0;0.0;0.0;0.0;0.0;0.0;0.0;0.0;0.0;0.0;0.0;0.0;0.0;0.0;0.0;0.0;888.0
Orós;PALESTINA;-6.317;-39.033305555556;2001;10;16.0;0.0;0.0;0.0;0.0;0.0;0.0;0.0;0.0;0.0;0.0;0.0;0.0;16.0;0.0;0.0;0.0;0.0;0.0;0.0;0.0;0.0;0.0;0.0;0.0;0.0;0.0;0.0;0.0;0.0;0.0;0.0
Orós;PALESTINA;-6.317;-39.033305555556;2001;11;0.0;0.0;0.0;0.0;0.0;0.0;0.0;0.0;0.0;0.0;0.0;0.0;0.0;0.0;0.0;0.0;0.0;0.0;0.0;0.0;0.0;0.0;0.0;0.0;0.0;0.0;0.0;0.0;0.0;0.0;0.0;888.0
Orós;PALESTINA;-6.317;-39.033305555556;2001;12;83.0;0.0;0.0;0.0;6.0;0.0;0.0;0.0;5.0;0.0;0.0;0.0;0.0;0.0;0.0;0.0;0.0;0.0;0.0;0.0;0.0;0.0;0.0;0.0;0.0;0.0;0.0;0.0;32.0;0.0;37.0;3.0
Orós;PALESTINA;-6.317;-39.033305555556;2002;1;188.5;0.0;7.0;0.0;67.0;0.0;0.0;0.0;0.0;0.0;10.0;0.0;0.0;15.0;26.0;0.0;0.0;0.0;50.0;0.0;6.0;0.0;3.5;0.0;4.0;0.0;0.0;0.0;0.0;0.0;0.0;0.0
Orós;PALESTINA;-6.317;-39.033305555556;2002;2;60.0;0.0;0.0;0.0;18.0;0.0;0.0;0.0;0.0;0.0;0.0;0.0;8.0;25.0;0.0;5.0;0.0;0.0;0.0;0.0;0.0;4.0;0.0;0.0;0.0;0.0;0.0;0.0;0.0;888.0;888.0;888.0
Orós;PALESTINA;-6.317;-39.033305555556;2002;3;156.0;0.0;0.0;0.0;9.0;7.0;21.0;7.0;42.0;0.0;0.0;0.0;0.0;0.0;0.0;0.0;0.0;0.0;18.0;9.0;7.0;0.0;0.0;0.0;18.0;0.0;0.0;9.0;0.0;6.0;0.0;3.0
Orós;PALESTINA;-6.317;-39.033305555556;2002;4;150.7;0.0;5.0;2.0;0.0;35.0;37.0;0.0;0.0;0.0;0.0;0.0;34.0;0.0;0.0;0.0;13.5;0.0;0.0;0.0;0.0;0.0;0.0;0.0;0.0;0.0;0.0;0.0;16.2;8.0;0.0;888.0
Orós;PALESTINA;-6.317;-39.033305555556;2002;5;122.1;0.0;43.0;23.1;0.0;0.0;0.0;4.0;0.0;0.0;0.0;0.0;0.0;0.0;0.0;0.0;0.0;0.0;0.0;0.0;0.0;0.0;0.0;0.0;8.0;44.0;0.0;0.0;0.0;0.0;0.0;0.0
Orós;PALESTINA;-6.317;-39.033305555556;2002;6;39.0;24.0;0.0;0.0;0.0;0.0;0.0;0.0;0.0;0.0;0.0;0.0;0.0;0.0;0.0;0.0;15.0;0.0;0.0;0.0;0.0;0.0;0.0;0.0;0.0;0.0;0.0;0.0;0.0;0.0;0.0;888.0
Orós;PALESTINA;-6.317;-39.033305555556;2002;7;10.0;0.0;0.0;0.0;0.0;0.0;0.0;0.0;0.0;0.0;0.0;0.0;0.0;0.0;0.0;0.0;0.0;0.0;0.0;0.0;0.0;0.0;0.0;0.0;0.0;0.0;0.0;10.0;0.0;0.0;0.0;0.0
Orós;PALESTINA;-6.317;-39.033305555556;2002;8;0.0;0.0;0.0;0.0;0.0;0.0;0.0;0.0;0.0;0.0;0.0;0.0;0.0;0.0;0.0;0.0;0.0;0.0;0.0;0.0;0.0;0.0;0.0;0.0;0.0;0.0;0.0;0.0;0.0;0.0;0.0;0.0
Orós;PALESTINA;-6.317;-39.033305555556;2002;9;0.0;0.0;0.0;0.0;0.0;0.0;0.0;0.0;0.0;0.0;0.0;0.0;0.0;0.0;0.0;0.0;0.0;0.0;0.0;0.0;0.0;0.0;0.0;0.0;0.0;0.0;0.0;0.0;0.0;0.0;0.0;888.0
Orós;PALESTINA;-6.317;-39.033305555556;2002;10;0.0;0.0;0.0;0.0;0.0;0.0;0.0;0.0;0.0;0.0;0.0;0.0;0.0;0.0;0.0;0.0;0.0;0.0;0.0;0.0;0.0;0.0;0.0;0.0;0.0;0.0;0.0;0.0;0.0;0.0;0.0;0.0
Orós;PALESTINA;-6.317;-39.033305555556;2002;11;0.0;0.0;0.0;0.0;0.0;0.0;0.0;0.0;0.0;0.0;0.0;0.0;0.0;0.0;0.0;0.0;0.0;0.0;0.0;0.0;0.0;0.0;0.0;0.0;0.0;0.0;0.0;0.0;0.0;0.0;0.0;888.0
Orós;PALESTINA;-6.317;-39.033305555556;2002;12;0.0;0.0;0.0;0.0;0.0;0.0;0.0;0.0;0.0;0.0;0.0;0.0;0.0;0.0;0.0;0.0;0.0;0.0;0.0;0.0;0.0;0.0;0.0;0.0;0.0;0.0;0.0;0.0;0.0;0.0;0.0;0.0
Orós;PALESTINA;-6.317;-39.033305555556;2003;1;104.0;0.0;0.0;0.0;0.0;0.0;0.0;0.0;0.0;0.0;0.0;0.0;0.0;0.0;0.0;0.0;0.0;0.0;0.0;25.0;0.0;0.0;14.0;9.0;7.0;0.0;0.0;0.0;22.0;0.0;14.0;13.0
Orós;PALESTINA;-6.317;-39.033305555556;2003;2;135.0;0.0;0.0;0.0;0.0;26.0;0.0;0.0;0.0;0.0;0.0;0.0;6.0;0.0;0.0;0.0;3.0;15.0;0.0;0.0;6.0;0.0;0.0;13.0;55.0;0.0;11.0;0.0;0.0;888.0;888.0;888.0
Orós;PALESTINA;-6.317;-39.033305555556;2003;3;169.0;0.0;0.0;0.0;0.0;25.0;29.0;0.0;0.0;0.0;0.0;0.0;0.0;0.0;0.0;17.0;30.0;4.0;0.0;0.0;0.0;0.0;0.0;0.0;37.0;0.0;4.0;0.0;0.0;0.0;23.0;0.0
Orós;PALESTINA;-6.317;-39.033305555556;2003;4;72.0;19.0;0.0;0.0;0.0;0.0;0.0;0.0;0.0;0.0;7.0;0.0;0.0;0.0;0.0;0.0;0.0;0.0;0.0;0.0;0.0;0.0;15.0;0.0;0.0;0.0;0.0;14.0;12.0;5.0;0.0;888.0
Orós;PALESTINA;-6.317;-39.033305555556;2003;5;117.0;0.0;10.0;0.0;0.0;64.0;0.0;0.0;0.0;0.0;0.0;0.0;0.0;0.0;0.0;0.0;0.0;0.0;0.0;0.0;0.0;0.0;0.0;0.0;0.0;0.0;11.0;0.0;0.0;32.0;0.0;0.0
Orós;PALESTINA;-6.317;-39.033305555556;2003;6;5.0;0.0;0.0;0.0;0.0;0.0;0.0;0.0;0.0;0.0;0.0;0.0;5.0;0.0;0.0;0.0;0.0;0.0;0.0;0.0;0.0;0.0;0.0;0.0;0.0;0.0;0.0;0.0;0.0;0.0;0.0;888.0
Orós;PALESTINA;-6.317;-39.033305555556;2003;7;0.0;0.0;0.0;0.0;0.0;0.0;0.0;0.0;0.0;0.0;0.0;0.0;0.0;0.0;0.0;0.0;0.0;0.0;0.0;0.0;0.0;0.0;0.0;0.0;0.0;0.0;0.0;0.0;0.0;0.0;0.0;0.0
Orós;PALESTINA;-6.317;-39.033305555556;2003;8;0.0;0.0;0.0;0.0;0.0;0.0;0.0;0.0;0.0;0.0;0.0;0.0;0.0;0.0;0.0;0.0;0.0;0.0;0.0;0.0;0.0;0.0;0.0;0.0;0.0;0.0;0.0;0.0;0.0;0.0;0.0;0.0
Orós;PALESTINA;-6.317;-39.033305555556;2003;9;0.0;0.0;0.0;0.0;0.0;0.0;0.0;0.0;0.0;0.0;0.0;0.0;0.0;0.0;0.0;0.0;0.0;0.0;0.0;0.0;0.0;0.0;0.0;0.0;0.0;0.0;0.0;0.0;0.0;0.0;0.0;888.0
Orós;PALESTINA;-6.317;-39.033305555556;2003;10;0.0;0.0;0.0;0.0;0.0;0.0;0.0;0.0;0.0;0.0;0.0;0.0;0.0;0.0;0.0;0.0;0.0;0.0;0.0;0.0;0.0;0.0;0.0;0.0;0.0;0.0;0.0;0.0;0.0;0.0;0.0;0.0
Orós;PALESTINA;-6.317;-39.033305555556;2003;11;10.0;0.0;0.0;0.0;10.0;0.0;0.0;0.0;0.0;0.0;0.0;0.0;0.0;0.0;0.0;0.0;0.0;0.0;0.0;0.0;0.0;0.0;0.0;0.0;0.0;0.0;0.0;0.0;0.0;0.0;0.0;888.0
Orós;PALESTINA;-6.317;-39.033305555556;2003;12;0.0;0.0;0.0;0.0;0.0;0.0;0.0;0.0;0.0;0.0;0.0;0.0;0.0;0.0;0.0;0.0;0.0;0.0;0.0;0.0;0.0;0.0;0.0;0.0;0.0;0.0;0.0;0.0;0.0;0.0;0.0;0.0
Orós;PALESTINA;-6.317;-39.033305555556;2004;1;371.0;0.0;0.0;0.0;0.0;0.0;0.0;0.0;0.0;8.0;0.0;13.0;0.0;0.0;28.0;0.0;0.0;0.0;18.0;0.0;13.0;0.0;27.0;7.0;36.0;22.0;28.0;6.0;102.0;8.0;0.0;55.0
Orós;PALESTINA;-6.317;-39.033305555556;2004;2;225.0;9.0;10.0;0.0;11.0;17.0;0.0;18.0;0.0;0.0;0.0;0.0;0.0;14.0;0.0;6.0;34.0;0.0;0.0;0.0;0.0;63.0;0.0;0.0;2.0;11.0;0.0;3.0;27.0;0.0;888.0;888.0
Orós;PALESTINA;-6.317;-39.033305555556;2004;3;229.0;0.0;0.0;56.0;0.0;0.0;0.0;64.0;14.0;0.0;0.0;0.0;0.0;0.0;0.0;0.0;16.0;50.0;0.0;0.0;0.0;0.0;0.0;29.0;0.0;0.0;0.0;0.0;0.0;0.0;0.0;0.0
Orós;PALESTINA;-6.317;-39.033305555556;2004;4;88.4;0.0;0.0;10.0;0.0;0.0;0.0;18.0;2.0;0.0;0.0;0.0;0.0;0.0;0.0;0.0;13.0;0.0;0.0;0.0;0.0;0.0;13.4;0.0;0.0;0.0;13.0;19.0;0.0;0.0;0.0;888.0
Orós;PALESTINA;-6.317;-39.033305555556;2004;5;82.8;0.0;0.0;0.0;0.0;0.0;0.0;0.0;0.0;0.0;0.0;0.0;0.0;0.0;0.0;0.0;0.0;0.0;73.0;0.0;9.8;0.0;0.0;0.0;0.0;0.0;0.0;0.0;0.0;0.0;0.0;0.0
Orós;PALESTINA;-6.317;-39.033305555556;2004;6;21.0;0.0;0.0;0.0;0.0;0.0;0.0;0.0;0.0;0.0;0.0;0.0;0.0;0.0;0.0;0.0;0.0;0.0;21.0;0.0;0.0;0.0;0.0;0.0;0.0;0.0;0.0;0.0;0.0;0.0;0.0;888.0
Orós;PALESTINA;-6.317;-39.033305555556;2004;7;0.0;0.0;0.0;0.0;0.0;0.0;0.0;0.0;0.0;0.0;0.0;0.0;0.0;0.0;0.0;0.0;0.0;0.0;0.0;0.0;0.0;0.0;0.0;0.0;0.0;0.0;0.0;0.0;0.0;0.0;0.0;0.0
Orós;PALESTINA;-6.317;-39.033305555556;2004;8;0.0;0.0;0.0;0.0;0.0;0.0;0.0;0.0;0.0;0.0;0.0;0.0;0.0;0.0;0.0;0.0;0.0;0.0;0.0;0.0;0.0;0.0;0.0;0.0;0.0;0.0;0.0;0.0;0.0;0.0;0.0;0.0
Orós;PALESTINA;-6.317;-39.033305555556;2004;9;0.0;0.0;0.0;0.0;0.0;0.0;0.0;0.0;0.0;0.0;0.0;0.0;0.0;0.0;0.0;0.0;0.0;0.0;0.0;0.0;0.0;0.0;0.0;0.0;0.0;0.0;0.0;0.0;0.0;0.0;0.0;888.0
Orós;PALESTINA;-6.317;-39.033305555556;2004;10;0.0;0.0;0.0;0.0;0.0;0.0;0.0;0.0;0.0;0.0;0.0;0.0;0.0;0.0;0.0;0.0;0.0;0.0;0.0;0.0;0.0;0.0;0.0;0.0;0.0;0.0;0.0;0.0;0.0;0.0;0.0;0.0
Orós;PALESTINA;-6.317;-39.033305555556;2004;11;0.0;0.0;0.0;0.0;0.0;0.0;0.0;0.0;0.0;0.0;0.0;0.0;0.0;0.0;0.0;0.0;0.0;0.0;0.0;0.0;0.0;0.0;0.0;0.0;0.0;0.0;0.0;0.0;0.0;0.0;0.0;888.0
Orós;PALESTINA;-6.317;-39.033305555556;2004;12;0.0;0.0;0.0;0.0;0.0;0.0;0.0;0.0;0.0;0.0;0.0;0.0;0.0;0.0;0.0;0.0;0.0;0.0;0.0;0.0;0.0;0.0;0.0;0.0;0.0;0.0;0.0;0.0;0.0;0.0;0.0;0.0
Orós;PALESTINA;-6.317;-39.033305555556;2005;1;0.0;0.0;0.0;0.0;0.0;0.0;0.0;0.0;0.0;0.0;0.0;0.0;0.0;0.0;0.0;0.0;0.0;0.0;0.0;0.0;0.0;0.0;0.0;0.0;0.0;0.0;0.0;0.0;0.0;0.0;0.0;0.0
Orós;PALESTINA;-6.317;-39.033305555556;2005;2;9.0;0.0;0.0;0.0;0.0;0.0;0.0;0.0;0.0;0.0;0.0;0.0;0.0;0.0;0.0;0.0;5.0;4.0;0.0;0.0;0.0;0.0;0.0;0.0;0.0;0.0;0.0;0.0;0.0;888.0;888.0;888.0
Orós;PALESTINA;-6.317;-39.033305555556;2005;3;301.5;0.0;0.0;0.0;0.0;0.0;0.0;0.0;0.0;0.0;0.0;0.0;0.0;0.0;0.0;0.0;0.0;0.0;0.0;66.0;0.0;11.0;20.3;10.0;9.0;52.0;17.0;2.0;24.0;76.0;6.0;8.2
Orós;PALESTINA;-6.317;-39.033305555556;2005;4;121.4;0.0;0.0;0.0;0.0;0.0;0.0;0.0;0.0;0.0;0.0;0.0;0.0;0.0;25.2;53.2;7.0;16.0;0.0;0.0;0.0;0.0;0.0;0.0;0.0;0.0;14.0;0.0;0.0;6.0;0.0;888.0
Orós;PALESTINA;-6.317;-39.033305555556;2005;5;84.0;0.0;0.0;27.0;5.0;0.0;0.0;0.0;4.2;0.0;0.0;0.0;0.0;0.0;6.0;0.0;0.0;9.4;0.0;0.0;0.0;0.0;32.4;0.0;0.0;0.0;0.0;0.0;0.0;0.0;0.0;0.0
Orós;PALESTINA;-6.317;-39.033305555556;2005;6;69.5;4.2;0.0;0.0;0.0;0.0;0.0;0.0;2.0;0.0;0.0;0.0;0.0;4.0;0.0;0.0;0.0;0.0;0.0;0.0;0.0;0.0;0.0;0.0;0.0;0.0;39.2;2.0;18.1;0.0;0.0;888.0
Orós;PALESTINA;-6.317;-39.033305555556;2005;7;0.0;0.0;0.0;0.0;0.0;0.0;0.0;0.0;0.0;0.0;0.0;0.0;0.0;0.0;0.0;0.0;0.0;0.0;0.0;0.0;0.0;0.0;0.0;0.0;0.0;0.0;0.0;0.0;0.0;0.0;0.0;0.0
Orós;PALESTINA;-6.317;-39.033305555556;2005;8;0.0;0.0;0.0;0.0;0.0;0.0;0.0;0.0;0.0;0.0;0.0;0.0;0.0;0.0;0.0;0.0;0.0;0.0;0.0;0.0;0.0;0.0;0.0;0.0;0.0;0.0;0.0;0.0;0.0;0.0;0.0;0.0
Orós;PALESTINA;-6.317;-39.033305555556;2005;9;0.0;0.0;0.0;0.0;0.0;0.0;0.0;0.0;0.0;0.0;0.0;0.0;0.0;0.0;0.0;0.0;0.0;0.0;0.0;0.0;0.0;0.0;0.0;0.0;0.0;0.0;0.0;0.0;0.0;0.0;0.0;888.0
Orós;PALESTINA;-6.317;-39.033305555556;2005;10;0.0;0.0;0.0;0.0;0.0;0.0;0.0;0.0;0.0;0.0;0.0;0.0;0.0;0.0;0.0;0.0;0.0;0.0;0.0;0.0;0.0;0.0;0.0;0.0;0.0;0.0;0.0;0.0;0.0;0.0;0.0;0.0
Orós;PALESTINA;-6.317;-39.033305555556;2005;11;0.0;0.0;0.0;0.0;0.0;0.0;0.0;0.0;0.0;0.0;0.0;0.0;0.0;0.0;0.0;0.0;0.0;0.0;0.0;0.0;0.0;0.0;0.0;0.0;0.0;0.0;0.0;0.0;0.0;0.0;0.0;888.0
Orós;PALESTINA;-6.317;-39.033305555556;2005;12;0.0;0.0;0.0;0.0;0.0;0.0;0.0;0.0;0.0;0.0;0.0;0.0;0.0;0.0;0.0;0.0;0.0;0.0;0.0;0.0;0.0;0.0;0.0;0.0;0.0;0.0;0.0;0.0;0.0;0.0;0.0;0.0
Orós;PALESTINA;-6.317;-39.033305555556;2006;1;114.4;40.0;0.0;0.0;0.0;0.0;0.0;0.0;0.0;0.0;41.3;18.1;0.0;0.0;0.0;0.0;0.0;0.0;0.0;15.0;0.0;0.0;0.0;0.0;0.0;0.0;0.0;0.0;0.0;0.0;0.0;0.0
Orós;PALESTINA;-6.317;-39.033305555556;2006;2;125.5;0.0;0.0;0.0;8.3;7.4;14.1;0.0;0.0;0.0;0.0;0.0;0.0;0.0;0.0;0.0;21.4;0.0;19.0;21.0;0.0;0.0;0.0;0.0;0.0;0.0;0.0;19.0;15.3;888.0;888.0;888.0
Orós;PALESTINA;-6.317;-39.033305555556;2006;3;95.3;21.4;6.2;0.0;0.0;7.0;0.0;0.0;0.0;0.0;0.0;0.0;0.0;0.0;0.0;16.4;3.4;0.0;0.0;0.0;6.4;0.0;0.0;0.0;16.2;0.0;0.0;0.0;15.0;3.3;0.0;0.0
Orós;PALESTINA;-6.317;-39.033305555556;2006;4;207.6;21.0;0.0;0.0;7.0;12.3;0.0;0.0;0.0;12.4;0.0;0.0;11.0;16.2;0.0;4.3;13.0;0.0;0.0;0.0;0.0;0.0;0.0;0.0;46.0;14.0;9.4;0.0;0.0;0.0;41.0;888.0
Orós;PALESTINA;-6.317;-39.033305555556;2006;5;227.1;64.0;0.0;0.0;0.0;0.0;4.2;0.0;22.0;0.0;0.0;22.0;0.0;0.0;35.2;10.3;0.0;0.0;0.0;0.0;0.0;0.0;0.0;0.0;69.4;0.0;0.0;0.0;0.0;0.0;0.0;0.0
Orós;PALESTINA;-6.317;-39.033305555556;2006;6;3.0;0.0;0.0;0.0;0.0;0.0;0.0;0.0;0.0;0.0;0.0;0.0;3.0;0.0;0.0;0.0;0.0;0.0;0.0;0.0;0.0;0.0;0.0;0.0;0.0;0.0;0.0;0.0;0.0;0.0;0.0;888.0
Orós;PALESTINA;-6.317;-39.033305555556;2006;7;11.3;0.0;0.0;0.0;0.0;0.0;0.0;7.0;0.0;0.0;0.0;0.0;0.0;0.0;0.0;0.0;0.0;0.0;0.0;0.0;0.0;0.0;0.0;0.0;4.3;0.0;0.0;0.0;0.0;0.0;0.0;0.0
Orós;PALESTINA;-6.317;-39.033305555556;2006;8;30.2;0.0;0.0;0.0;0.0;0.0;0.0;0.0;0.0;0.0;0.0;0.0;0.0;0.0;0.0;0.0;0.0;0.0;0.0;0.0;0.0;0.0;0.0;0.0;0.0;0.0;0.0;0.0;0.0;0.0;0.0;30.2
Orós;PALESTINA;-6.317;-39.033305555556;2006;9;0.0;0.0;0.0;0.0;0.0;0.0;0.0;0.0;0.0;0.0;0.0;0.0;0.0;0.0;0.0;0.0;0.0;0.0;0.0;0.0;0.0;0.0;0.0;0.0;0.0;0.0;0.0;0.0;0.0;0.0;0.0;888.0
Orós;PALESTINA;-6.317;-39.033305555556;2006;10;37.0;0.0;0.0;0.0;0.0;0.0;0.0;0.0;0.0;0.0;0.0;0.0;0.0;0.0;0.0;0.0;0.0;0.0;0.0;0.0;0.0;0.0;0.0;34.0;3.0;0.0;0.0;0.0;0.0;0.0;0.0;0.0
Orós;PALESTINA;-6.317;-39.033305555556;2006;11;0.0;0.0;0.0;0.0;0.0;0.0;0.0;0.0;0.0;0.0;0.0;0.0;0.0;0.0;0.0;0.0;0.0;0.0;0.0;0.0;0.0;0.0;0.0;0.0;0.0;0.0;0.0;0.0;0.0;0.0;0.0;888.0
Orós;PALESTINA;-6.317;-39.033305555556;2006;12;60.0;0.0;0.0;0.0;0.0;0.0;0.0;0.0;0.0;0.0;0.0;0.0;0.0;0.0;0.0;0.0;0.0;0.0;0.0;0.0;0.0;0.0;0.0;0.0;0.0;0.0;0.0;0.0;0.0;26.0;30.0;4.0
Orós;PALESTINA;-6.317;-39.033305555556;2007;1;23.2;11.2;0.0;12.0;0.0;0.0;0.0;0.0;0.0;0.0;0.0;0.0;0.0;0.0;0.0;0.0;0.0;0.0;0.0;0.0;0.0;0.0;0.0;0.0;0.0;0.0;0.0;0.0;0.0;0.0;0.0;0.0
Orós;PALESTINA;-6.317;-39.033305555556;2007;2;237.2;7.0;0.0;0.0;0.0;0.0;8.0;16.0;0.0;34.2;0.0;0.0;0.0;0.0;6.0;0.0;0.0;23.0;60.0;0.0;0.0;22.0;0.0;48.0;0.0;0.0;13.0;0.0;0.0;888.0;888.0;888.0
Orós;PALESTINA;-6.317;-39.033305555556;2007;3;120.4;17.0;3.4;0.0;40.4;0.0;0.0;0.0;11.0;0.0;0.0;0.0;0.0;0.0;0.0;0.0;0.0;0.0;17.0;6.0;0.0;11.0;0.0;4.2;0.0;0.0;10.4;0.0;0.0;0.0;0.0;0.0
Orós;PALESTINA;-6.317;-39.033305555556;2007;4;226.6;0.0;0.0;0.0;0.0;0.0;0.0;0.0;0.0;32.0;0.0;0.0;2.0;0.0;36.0;3.0;3.0;0.0;10.0;46.3;23.0;2.0;2.2;0.0;24.3;0.0;10.4;22.4;0.0;10.0;0.0;888.0
Orós;PALESTINA;-6.317;-39.033305555556;2007;5;48.6;5.4;0.0;0.0;0.0;0.0;0.0;0.0;2.0;0.0;0.0;0.0;0.0;0.0;0.0;1.0;0.0;0.0;0.0;0.0;22.0;0.0;0.0;0.0;0.0;9.0;0.0;9.2;0.0;0.0;0.0;0.0
Orós;PALESTINA;-6.317;-39.033305555556;2007;6;0.0;0.0;0.0;0.0;0.0;0.0;0.0;0.0;0.0;0.0;0.0;0.0;0.0;0.0;0.0;0.0;0.0;0.0;0.0;0.0;0.0;0.0;0.0;0.0;0.0;0.0;0.0;0.0;0.0;0.0;0.0;888.0
Orós;PALESTINA;-6.317;-39.033305555556;2007;7;0.0;0.0;0.0;0.0;0.0;0.0;0.0;0.0;0.0;0.0;0.0;0.0;0.0;0.0;0.0;0.0;0.0;0.0;0.0;0.0;0.0;0.0;0.0;0.0;0.0;0.0;0.0;0.0;0.0;0.0;0.0;0.0
Orós;PALESTINA;-6.317;-39.033305555556;2007;8;0.0;0.0;0.0;0.0;0.0;0.0;0.0;0.0;0.0;0.0;0.0;0.0;0.0;0.0;0.0;0.0;0.0;0.0;0.0;0.0;0.0;0.0;0.0;0.0;0.0;0.0;0.0;0.0;0.0;0.0;0.0;0.0
Orós;PALESTINA;-6.317;-39.033305555556;2007;9;0.0;0.0;0.0;0.0;0.0;0.0;0.0;0.0;0.0;0.0;0.0;0.0;0.0;0.0;0.0;0.0;0.0;0.0;0.0;0.0;0.0;0.0;0.0;0.0;0.0;0.0;0.0;0.0;0.0;0.0;0.0;888.0
Orós;PALESTINA;-6.317;-39.033305555556;2007;10;0.0;0.0;0.0;0.0;0.0;0.0;0.0;0.0;0.0;0.0;0.0;0.0;0.0;0.0;0.0;0.0;0.0;0.0;0.0;0.0;0.0;0.0;0.0;0.0;0.0;0.0;0.0;0.0;0.0;0.0;0.0;0.0
Orós;PALESTINA;-6.317;-39.033305555556;2007;11;0.0;0.0;0.0;0.0;0.0;0.0;0.0;0.0;0.0;0.0;0.0;0.0;0.0;0.0;0.0;0.0;0.0;0.0;0.0;0.0;0.0;0.0;0.0;0.0;0.0;0.0;0.0;0.0;0.0;0.0;0.0;888.0
Orós;PALESTINA;-6.317;-39.033305555556;2007;12;22.3;0.0;0.0;0.0;0.0;0.0;11.0;0.0;0.0;0.0;0.0;0.0;0.0;0.0;0.0;0.0;11.3;0.0;0.0;0.0;0.0;0.0;0.0;0.0;0.0;0.0;0.0;0.0;0.0;0.0;0.0;0.0
Orós;PALESTINA;-6.317;-39.033305555556;2008;1;135.6;0.0;0.0;0.0;0.0;0.0;0.0;0.0;0.0;0.0;0.0;0.0;0.0;0.0;0.0;0.0;0.0;0.0;0.0;0.0;0.0;0.0;59.2;0.0;13.0;9.3;13.0;23.0;0.0;0.0;0.0;18.1
Orós;PALESTINA;-6.317;-39.033305555556;2008;2;79.5;12.0;9.0;0.0;0.0;0.0;0.0;0.0;11.2;0.0;0.0;0.0;0.0;0.0;0.0;0.0;10.0;18.0;12.0;0.0;0.0;0.0;0.0;0.0;0.0;0.0;0.0;4.3;3.0;0.0;888.0;888.0
Orós;PALESTINA;-6.317;-39.033305555556;2008;3;476.5;0.0;0.0;0.0;0.0;20.0;0.0;0.0;0.0;36.0;0.0;0.0;28.0;15.4;0.0;0.0;30.4;15.0;0.0;34.0;32.0;0.0;0.0;0.0;88.2;43.0;33.4;15.0;10.0;0.0;65.0;11.1
Orós;PALESTINA;-6.317;-39.033305555556;2008;4;246.0;18.0;27.0;24.2;0.0;0.0;0.0;0.0;16.0;18.4;0.0;0.0;0.0;14.0;9.0;0.0;12.0;0.0;0.0;0.0;0.0;0.0;0.0;0.0;0.0;0.0;0.0;0.0;0.0;58.4;49.0;888.0
Orós;PALESTINA;-6.317;-39.033305555556;2008;5;67.3;0.0;0.0;0.0;0.0;0.0;37.0;0.0;0.0;9.3;0.0;0.0;0.0;0.0;0.0;0.0;0.0;0.0;0.0;0.0;0.0;0.0;0.0;0.0;12.0;0.0;0.0;0.0;9.0;0.0;0.0;0.0
Orós;PALESTINA;-6.317;-39.033305555556;2008;6;0.0;0.0;0.0;0.0;0.0;0.0;0.0;0.0;0.0;0.0;0.0;0.0;0.0;0.0;0.0;0.0;0.0;0.0;0.0;0.0;0.0;0.0;0.0;0.0;0.0;0.0;0.0;0.0;0.0;0.0;0.0;888.0
Orós;PALESTINA;-6.317;-39.033305555556;2008;7;36.0;0.0;7.0;0.0;0.0;0.0;0.0;0.0;0.0;0.0;0.0;0.0;0.0;0.0;0.0;0.0;0.0;0.0;0.0;0.0;0.0;0.0;0.0;0.0;0.0;0.0;0.0;29.0;0.0;0.0;0.0;0.0
Orós;PALESTINA;-6.317;-39.033305555556;2008;8;9.3;0.0;0.0;0.0;0.0;0.0;0.0;0.0;9.3;0.0;0.0;0.0;0.0;0.0;0.0;0.0;0.0;0.0;0.0;0.0;0.0;0.0;0.0;0.0;0.0;0.0;0.0;0.0;0.0;0.0;0.0;0.0
Orós;PALESTINA;-6.317;-39.033305555556;2008;9;0.0;0.0;0.0;0.0;0.0;0.0;0.0;0.0;0.0;0.0;0.0;0.0;0.0;0.0;0.0;0.0;0.0;0.0;0.0;0.0;0.0;0.0;0.0;0.0;0.0;0.0;0.0;0.0;0.0;0.0;0.0;888.0
Orós;PALESTINA;-6.317;-39.033305555556;2008;10;13.0;0.0;0.0;0.0;0.0;0.0;0.0;0.0;0.0;13.0;0.0;0.0;0.0;0.0;0.0;0.0;0.0;0.0;0.0;0.0;0.0;0.0;0.0;0.0;0.0;0.0;0.0;0.0;0.0;0.0;0.0;0.0
Orós;PALESTINA;-6.317;-39.033305555556;2008;11;0.0;0.0;0.0;0.0;0.0;0.0;0.0;0.0;0.0;0.0;0.0;0.0;0.0;0.0;0.0;0.0;0.0;0.0;0.0;0.0;0.0;0.0;0.0;0.0;0.0;0.0;0.0;0.0;0.0;0.0;0.0;888.0
Orós;PALESTINA;-6.317;-39.033305555556;2008;12;28.0;0.0;0.0;0.0;0.0;0.0;0.0;0.0;0.0;0.0;0.0;0.0;28.0;0.0;0.0;0.0;0.0;0.0;0.0;0.0;0.0;0.0;0.0;0.0;0.0;0.0;0.0;0.0;0.0;0.0;0.0;0.0
Orós;PALESTINA;-6.317;-39.033305555556;2009;1;133.0;0.0;0.0;0.0;0.0;0.0;0.0;0.0;0.0;0.0;0.0;0.0;0.0;0.0;0.0;0.0;0.0;15.0;0.0;0.0;0.0;20.0;54.0;29.0;0.0;0.0;0.0;0.0;0.0;0.0;15.0;0.0
Orós;PALESTINA;-6.317;-39.033305555556;2009;2;150.4;0.0;0.0;18.0;7.0;10.0;0.0;0.0;0.0;0.0;0.0;0.0;34.0;8.0;0.0;0.0;0.0;0.0;9.0;0.0;0.0;12.0;10.0;14.0;9.2;0.0;0.0;1.2;18.0;888.0;888.0;888.0
Orós;PALESTINA;-6.317;-39.033305555556;2009;3;179.7;16.0;110.3;0.0;30.0;0.0;0.0;0.0;0.0;0.0;0.0;0.0;0.0;0.0;0.0;0.0;0.0;0.0;18.0;0.0;0.0;0.0;0.0;0.0;0.0;5.4;0.0;0.0;0.0;0.0;0.0;0.0
Orós;PALESTINA;-6.317;-39.033305555556;2009;4;469.3;0.0;0.0;0.0;0.0;0.0;15.0;5.0;0.0;0.0;14.2;0.0;4.3;26.4;19.1;17.0;0.0;11.0;20.0;47.0;34.0;36.0;24.0;36.0;10.3;74.0;0.0;20.0;0.0;50.0;6.0;888.0
Orós;PALESTINA;-6.317;-39.033305555556;2009;5;241.8;17.0;0.0;0.0;0.0;40.4;35.2;0.0;82.0;0.0;19.0;14.0;13.0;0.0;0.0;0.5;0.0;0.0;8.4;3.3;0.0;0.0;0.0;0.0;0.0;0.0;0.0;0.0;0.0;9.0;0.0;0.0
Orós;PALESTINA;-6.317;-39.033305555556;2009;6;55.0;0.0;0.0;10.0;24.0;0.0;15.0;6.0;0.0;0.0;0.0;0.0;0.0;0.0;0.0;0.0;0.0;0.0;0.0;0.0;0.0;0.0;0.0;0.0;0.0;0.0;0.0;0.0;0.0;0.0;0.0;888.0
Orós;PALESTINA;-6.317;-39.033305555556;2009;7;49.5;0.0;0.0;0.0;0.0;0.0;0.0;0.0;0.0;0.0;0.0;0.0;0.0;0.0;15.0;0.0;0.0;0.0;0.0;0.0;7.3;0.0;0.0;20.0;7.2;0.0;0.0;0.0;0.0;0.0;0.0;0.0
Orós;PALESTINA;-6.317;-39.033305555556;2009;8;82.0;0.0;0.0;0.0;0.0;0.0;0.0;0.0;0.0;0.0;0.0;0.0;0.0;0.0;0.0;0.0;0.0;0.0;0.0;0.0;0.0;0.0;0.0;0.0;0.0;26.0;0.0;56.0;0.0;0.0;0.0;0.0
Orós;PALESTINA;-6.317;-39.033305555556;2010;1;196.0;0.0;75.0;0.0;0.0;0.0;0.0;0.0;0.0;0.0;0.0;0.0;0.0;0.0;0.0;0.0;0.0;0.0;0.0;0.0;67.0;0.0;0.0;0.0;0.0;0.0;0.0;40.0;14.0;0.0;0.0;0.0
Orós;PALESTINA;-6.317;-39.033305555556;2010;2;59.0;0.0;0.0;0.0;0.0;0.0;0.0;0.0;0.0;0.0;28.0;0.0;0.0;0.0;0.0;27.0;0.0;0.0;0.0;0.0;0.0;0.0;0.0;0.0;0.0;0.0;4.0;0.0;0.0;888.0;888.0;888.0
Orós;PALESTINA;-6.317;-39.033305555556;2010;3;59.3;0.0;0.0;0.0;0.0;0.0;0.0;0.0;0.0;0.0;0.0;0.0;0.0;0.0;0.0;0.0;0.0;0.0;0.0;4.1;0.0;42.2;0.0;0.0;0.0;0.0;0.0;0.0;8.0;5.0;0.0;0.0
Orós;PALESTINA;-6.317;-39.033305555556;2010;4;159.0;0.0;12.4;0.0;0.0;0.0;0.0;0.0;0.0;0.0;10.0;42.0;7.4;0.0;0.0;0.0;9.0;0.0;0.0;60.0;0.0;0.0;0.0;0.0;0.0;0.0;0.0;6.0;0.0;12.2;0.0;888.0
Orós;PALESTINA;-6.317;-39.033305555556;2010;5;27.2;0.0;0.0;0.0;4.2;10.0;0.0;0.0;0.0;0.0;0.0;0.0;0.0;0.0;0.0;0.0;0.0;0.0;0.0;0.0;0.0;0.0;0.0;0.0;0.0;0.0;0.0;0.0;13.0;0.0;0.0;0.0
Orós;PALESTINA;-6.317;-39.033305555556;2010;6;33.7;0.0;0.0;0.0;0.0;7.4;0.0;0.0;0.0;0.0;0.0;0.0;0.0;0.0;0.0;0.0;0.0;0.0;21.0;5.3;0.0;0.0;0.0;0.0;0.0;0.0;0.0;0.0;0.0;0.0;0.0;888.0
Orós;PALESTINA;-6.317;-39.033305555556;2010;7;0.0;0.0;0.0;0.0;0.0;0.0;0.0;0.0;0.0;0.0;0.0;0.0;0.0;0.0;0.0;0.0;0.0;0.0;0.0;0.0;0.0;0.0;0.0;0.0;0.0;0.0;0.0;0.0;0.0;0.0;0.0;0.0
Orós;PALESTINA;-6.317;-39.033305555556;2010;8;0.0;0.0;0.0;0.0;0.0;0.0;0.0;0.0;0.0;0.0;0.0;0.0;0.0;0.0;0.0;0.0;0.0;0.0;0.0;0.0;0.0;0.0;0.0;0.0;0.0;0.0;0.0;0.0;0.0;0.0;0.0;0.0
Orós;PALESTINA;-6.317;-39.033305555556;2010;9;0.0;0.0;0.0;0.0;0.0;0.0;0.0;0.0;0.0;0.0;0.0;0.0;0.0;0.0;0.0;0.0;0.0;0.0;0.0;0.0;0.0;0.0;0.0;0.0;0.0;0.0;0.0;0.0;0.0;0.0;0.0;888.0
Orós;PALESTINA;-6.317;-39.033305555556;2010;10;165.0;0.0;0.0;0.0;0.0;0.0;0.0;0.0;0.0;0.0;0.0;0.0;0.0;0.0;0.0;0.0;0.0;0.0;0.0;0.0;0.0;0.0;0.0;165.0;0.0;0.0;0.0;0.0;0.0;0.0;0.0;0.0
Orós;PALESTINA;-6.317;-39.033305555556;2010;11;0.0;0.0;0.0;0.0;0.0;0.0;0.0;0.0;0.0;0.0;0.0;0.0;0.0;0.0;0.0;0.0;0.0;0.0;0.0;0.0;0.0;0.0;0.0;0.0;0.0;0.0;0.0;0.0;0.0;0.0;0.0;888.0
Orós;PALESTINA;-6.317;-39.033305555556;2010;12;36.0;0.0;0.0;0.0;0.0;0.0;0.0;0.0;0.0;0.0;0.0;0.0;0.0;0.0;28.0;0.0;0.0;8.0;999.0;999.0;999.0;999.0;999.0;999.0;999.0;999.0;999.0;999.0;999.0;999.0;999.0;999.0
Orós;PALESTINA;-6.317;-39.033305555556;2011;1;186.6;0.0;0.0;0.0;0.0;0.0;0.0;0.0;0.0;0.0;0.0;0.0;0.0;0.0;0.0;0.0;0.0;0.0;0.0;0.0;0.0;0.0;0.0;19.4;82.0;2.0;0.0;0.0;61.0;0.0;20.0;2.2
Orós;PALESTINA;-6.317;-39.033305555556;2011;2;206.3;31.0;0.0;0.0;0.0;13.0;0.0;0.0;0.0;0.0;0.0;0.0;0.0;0.0;0.0;0.0;15.0;0.0;0.0;0.0;20.0;16.0;0.0;0.0;0.0;0.0;0.0;45.0;66.3;888.0;888.0;888.0
Orós;PALESTINA;-6.317;-39.033305555556;2011;3;79.2;0.0;0.0;0.0;13.0;0.0;10.0;0.0;0.0;11.0;0.0;0.0;6.2;0.0;0.0;0.0;0.0;6.0;0.0;0.0;0.0;0.0;0.0;0.0;24.0;0.0;0.0;0.0;0.0;9.0;0.0;0.0
Orós;PALESTINA;-6.317;-39.033305555556;2011;4;307.3;0.0;0.0;0.0;0.0;6.5;0.0;0.0;0.0;0.0;0.0;56.0;0.0;19.0;15.3;0.0;33.0;6.0;3.0;57.0;8.2;0.0;0.0;50.0;10.0;43.3;0.0;0.0;0.0;0.0;0.0;888.0
Orós;PALESTINA;-6.317;-39.033305555556;2011;5;110.6;0.0;0.0;0.0;28.4;22.0;24.2;0.0;0.0;0.0;0.0;7.0;0.0;0.0;0.0;0.0;0.0;0.0;4.0;6.0;19.0;0.0;0.0;0.0;0.0;0.0;0.0;0.0;0.0;0.0;0.0;0.0
Orós;PALESTINA;-6.317;-39.033305555556;2011;6;0.0;0.0;0.0;0.0;0.0;0.0;0.0;0.0;0.0;0.0;0.0;0.0;0.0;0.0;0.0;0.0;0.0;0.0;0.0;0.0;0.0;0.0;0.0;0.0;0.0;0.0;0.0;0.0;0.0;0.0;0.0;888.0
Orós;PALESTINA;-6.317;-39.033305555556;2011;7;0.0;0.0;0.0;0.0;0.0;0.0;0.0;0.0;0.0;0.0;0.0;0.0;0.0;0.0;0.0;0.0;0.0;0.0;0.0;0.0;0.0;0.0;0.0;0.0;0.0;0.0;0.0;0.0;0.0;0.0;0.0;0.0
Orós;PALESTINA;-6.317;-39.033305555556;2011;8;0.0;0.0;0.0;0.0;0.0;0.0;0.0;0.0;0.0;0.0;0.0;0.0;0.0;0.0;0.0;0.0;0.0;0.0;0.0;0.0;0.0;0.0;0.0;0.0;0.0;0.0;0.0;0.0;0.0;0.0;0.0;0.0
Orós;PALESTINA;-6.317;-39.033305555556;2011;9;0.0;0.0;0.0;0.0;0.0;0.0;0.0;0.0;0.0;0.0;0.0;0.0;0.0;0.0;0.0;0.0;0.0;0.0;0.0;0.0;0.0;0.0;0.0;0.0;0.0;0.0;0.0;0.0;0.0;0.0;0.0;888.0
Orós;PALESTINA;-6.317;-39.033305555556;2011;10;97.4;0.0;0.0;0.0;0.0;0.0;0.0;0.0;0.0;0.0;0.0;0.0;0.0;0.0;0.0;0.0;0.0;0.0;0.0;0.0;47.0;50.4;0.0;0.0;0.0;0.0;0.0;0.0;0.0;0.0;0.0;0.0
Orós;PALESTINA;-6.317;-39.033305555556;2011;11;0.0;0.0;0.0;0.0;0.0;0.0;0.0;0.0;0.0;0.0;0.0;0.0;0.0;0.0;0.0;0.0;0.0;0.0;0.0;0.0;0.0;0.0;0.0;0.0;0.0;0.0;0.0;0.0;0.0;0.0;0.0;888.0
Orós;PALESTINA;-6.317;-39.033305555556;2011;12;0.0;0.0;0.0;0.0;0.0;0.0;0.0;0.0;0.0;0.0;0.0;0.0;0.0;0.0;0.0;0.0;0.0;0.0;0.0;0.0;0.0;0.0;0.0;0.0;0.0;0.0;0.0;0.0;0.0;0.0;0.0;0.0
Orós;PALESTINA;-6.317;-39.033305555556;2012;1;123.5;0.0;0.0;0.0;0.0;0.0;0.0;0.0;0.0;0.0;0.0;0.0;0.0;0.0;0.0;0.0;0.0;0.0;0.0;59.2;0.0;20.0;17.0;12.0;8.0;7.3;0.0;0.0;0.0;0.0;0.0;0.0
Orós;PALESTINA;-6.317;-39.033305555556;2012;2;201.4;0.0;0.0;0.0;0.0;0.0;0.0;0.0;0.0;0.0;0.0;0.0;0.0;0.0;0.0;0.0;0.0;46.0;41.4;52.0;7.0;48.0;0.0;0.0;7.0;0.0;0.0;0.0;0.0;0.0;888.0;888.0
Orós;PALESTINA;-6.317;-39.033305555556;2012;3;154.0;0.0;0.0;0.0;42.0;0.0;0.0;0.0;0.0;0.0;0.0;0.0;0.0;4.0;0.0;0.0;0.0;0.0;0.0;0.0;24.0;0.0;0.0;0.0;0.0;0.0;27.0;44.0;4.0;9.0;0.0;0.0
Orós;PALESTINA;-6.317;-39.033305555556;2012;4;117.4;0.0;14.0;0.0;40.0;0.0;0.0;0.0;0.0;0.0;0.0;6.0;0.0;0.0;0.0;0.0;0.0;0.0;0.0;0.0;55.0;2.4;0.0;0.0;0.0;0.0;0.0;0.0;0.0;0.0;0.0;888.0
Orós;PALESTINA;-6.317;-39.033305555556;2012;5;3.0;0.0;0.0;0.0;0.0;0.0;0.0;0.0;0.0;0.0;0.0;0.0;0.0;0.0;0.0;0.0;0.0;0.0;0.0;3.0;0.0;0.0;0.0;0.0;0.0;0.0;0.0;0.0;0.0;0.0;0.0;0.0
Orós;PALESTINA;-6.317;-39.033305555556;2012;6;0.0;0.0;0.0;0.0;0.0;0.0;0.0;0.0;0.0;0.0;0.0;0.0;0.0;0.0;0.0;0.0;0.0;0.0;0.0;0.0;0.0;0.0;0.0;0.0;0.0;0.0;0.0;0.0;0.0;0.0;0.0;888.0
Orós;PALESTINA;-6.317;-39.033305555556;2012;7;0.0;0.0;0.0;0.0;0.0;0.0;0.0;0.0;0.0;0.0;0.0;0.0;0.0;0.0;0.0;0.0;0.0;0.0;0.0;0.0;0.0;0.0;0.0;0.0;0.0;0.0;0.0;0.0;0.0;0.0;0.0;0.0
Orós;PALESTINA;-6.317;-39.033305555556;2012;8;0.0;0.0;0.0;0.0;0.0;0.0;0.0;0.0;0.0;0.0;0.0;0.0;0.0;0.0;0.0;0.0;0.0;0.0;0.0;0.0;0.0;0.0;0.0;0.0;0.0;0.0;0.0;0.0;0.0;0.0;0.0;0.0
Orós;PALESTINA;-6.317;-39.033305555556;2012;9;0.0;0.0;0.0;0.0;0.0;0.0;0.0;0.0;0.0;0.0;0.0;0.0;0.0;0.0;0.0;0.0;0.0;0.0;0.0;0.0;0.0;0.0;0.0;0.0;0.0;0.0;0.0;0.0;0.0;0.0;0.0;888.0
Orós;PALESTINA;-6.317;-39.033305555556;2012;10;0.0;0.0;0.0;0.0;0.0;0.0;0.0;0.0;0.0;0.0;0.0;0.0;0.0;0.0;0.0;0.0;0.0;0.0;0.0;0.0;0.0;0.0;0.0;0.0;0.0;0.0;0.0;0.0;0.0;0.0;0.0;0.0
Orós;PALESTINA;-6.317;-39.033305555556;2012;11;0.0;0.0;0.0;0.0;0.0;0.0;0.0;0.0;0.0;0.0;0.0;0.0;0.0;0.0;0.0;0.0;0.0;0.0;0.0;0.0;0.0;0.0;0.0;0.0;0.0;0.0;0.0;0.0;0.0;0.0;0.0;888.0
Orós;PALESTINA;-6.317;-39.033305555556;2012;12;0.0;0.0;0.0;0.0;0.0;0.0;0.0;0.0;0.0;0.0;0.0;0.0;0.0;0.0;0.0;0.0;0.0;0.0;0.0;0.0;0.0;0.0;0.0;0.0;0.0;0.0;0.0;0.0;0.0;0.0;0.0;0.0
Orós;PALESTINA;-6.317;-39.033305555556;2013;1;53.3;0.0;0.0;0.0;0.0;0.0;0.0;0.0;0.0;7.0;0.0;0.0;0.0;0.0;0.0;0.0;0.0;0.0;0.0;0.0;0.0;0.0;46.3;0.0;0.0;0.0;0.0;0.0;0.0;0.0;0.0;0.0
Orós;PALESTINA;-6.317;-39.033305555556;2013;2;67.2;0.0;0.0;0.0;0.0;0.0;0.0;0.0;0.0;0.0;0.0;0.0;25.0;0.0;0.0;0.0;22.0;12.0;0.0;8.2;0.0;0.0;0.0;0.0;0.0;0.0;0.0;0.0;0.0;888.0;888.0;888.0
Orós;PALESTINA;-6.317;-39.033305555556;2013;3;60.5;0.0;0.0;0.0;0.0;0.0;0.0;0.0;0.0;0.0;0.0;0.0;0.0;0.0;0.0;0.0;3.0;0.0;0.0;27.3;0.0;0.0;0.0;0.0;16.2;0.0;6.0;0.0;0.0;0.0;0.0;8.0
Orós;PALESTINA;-6.317;-39.033305555556;2013;4;150.4;0.0;0.0;0.0;0.0;0.0;0.0;0.0;0.0;9.0;0.0;0.0;0.0;0.0;0.0;0.0;0.0;23.0;0.0;14.0;42.0;11.0;0.0;0.0;0.0;18.0;0.0;29.0;0.0;4.4;0.0;888.0
Orós;PALESTINA;-6.317;-39.033305555556;2013;5;89.0;0.0;0.0;0.0;0.0;0.0;0.0;8.0;0.0;14.0;52.0;0.0;0.0;0.0;0.0;0.0;0.0;0.0;7.0;0.0;0.0;0.0;0.0;0.0;0.0;0.0;8.0;0.0;0.0;0.0;0.0;0.0
Orós;PALESTINA;-6.317;-39.033305555556;2013;6;91.0;0.0;0.0;0.0;0.0;10.0;0.0;0.0;0.0;0.0;0.0;0.0;0.0;14.0;12.0;0.0;0.0;0.0;0.0;0.0;0.0;0.0;9.0;46.0;0.0;0.0;0.0;0.0;0.0;0.0;0.0;888.0
Orós;PALESTINA;-6.317;-39.033305555556;2013;7;73.3;0.0;0.0;0.0;0.0;0.0;0.0;0.0;0.0;0.0;0.0;0.0;0.0;56.3;17.0;0.0;0.0;0.0;0.0;0.0;0.0;0.0;0.0;0.0;0.0;0.0;0.0;0.0;0.0;0.0;0.0;0.0
Orós;PALESTINA;-6.317;-39.033305555556;2013;8;24.0;0.0;0.0;0.0;0.0;0.0;0.0;0.0;0.0;0.0;24.0;0.0;0.0;0.0;0.0;0.0;0.0;0.0;0.0;0.0;0.0;0.0;0.0;0.0;0.0;0.0;0.0;0.0;0.0;0.0;0.0;0.0
Orós;PALESTINA;-6.317;-39.033305555556;2013;9;0.0;0.0;0.0;0.0;0.0;0.0;0.0;0.0;0.0;0.0;0.0;0.0;0.0;0.0;0.0;0.0;0.0;0.0;0.0;0.0;0.0;0.0;0.0;0.0;0.0;0.0;0.0;0.0;0.0;0.0;0.0;888.0
Orós;PALESTINA;-6.317;-39.033305555556;2013;10;0.0;0.0;0.0;0.0;0.0;999.0;0.0;0.0;0.0;0.0;0.0;0.0;0.0;0.0;0.0;0.0;0.0;0.0;0.0;0.0;0.0;0.0;0.0;0.0;0.0;0.0;0.0;0.0;0.0;0.0;0.0;0.0
Orós;PALESTINA;-6.317;-39.033305555556;2013;11;39.0;0.0;0.0;0.0;25.0;14.0;0.0;0.0;0.0;0.0;0.0;0.0;0.0;0.0;0.0;0.0;0.0;0.0;0.0;0.0;0.0;0.0;0.0;0.0;0.0;0.0;0.0;0.0;0.0;0.0;0.0;888.0
Orós;PALESTINA;-6.317;-39.033305555556;2013;12;0.0;0.0;0.0;0.0;0.0;0.0;0.0;0.0;0.0;0.0;0.0;0.0;0.0;0.0;0.0;0.0;0.0;0.0;0.0;0.0;0.0;0.0;0.0;0.0;0.0;0.0;0.0;0.0;0.0;0.0;0.0;0.0
Orós;PALESTINA;-6.317;-39.033305555556;2014;1;51.3;0.0;0.0;0.0;0.0;0.0;0.0;15.3;0.0;0.0;0.0;0.0;0.0;0.0;0.0;0.0;0.0;0.0;0.0;0.0;22.0;0.0;0.0;0.0;0.0;0.0;0.0;0.0;0.0;0.0;0.0;14.0
Orós;PALESTINA;-6.317;-39.033305555556;2014;2;106.4;0.0;8.0;6.0;2.0;0.0;0.0;0.0;3.0;13.0;0.0;5.0;43.2;0.0;0.0;0.0;0.0;6.0;0.0;0.0;0.0;20.2;0.0;0.0;0.0;0.0;0.0;0.0;0.0;888.0;888.0;888.0
Orós;PALESTINA;-6.317;-39.033305555556;2014;3;221.7;0.0;0.0;0.0;0.0;19.0;71.1;0.0;0.0;0.0;13.2;4.0;0.0;0.0;8.6;0.0;0.0;0.0;0.0;0.0;27.4;6.0;0.0;0.0;0.0;0.0;0.0;3.4;0.0;0.0;0.0;69.0
Orós;PALESTINA;-6.317;-39.033305555556;2014;4;139.9;0.0;0.0;0.0;0.0;0.0;0.0;15.0;0.0;5.0;0.0;27.0;0.0;0.0;0.0;21.3;0.0;0.0;0.0;0.0;0.0;0.0;44.4;3.0;0.0;0.0;0.0;0.0;0.0;24.2;0.0;888.0
Orós;PALESTINA;-6.317;-39.033305555556;2014;5;75.2;0.0;0.0;0.0;0.0;48.2;0.0;0.0;0.0;10.0;0.0;0.0;0.0;0.0;0.0;0.0;0.0;0.0;0.0;0.0;0.0;0.0;9.0;0.0;0.0;0.0;0.0;0.0;0.0;3.0;5.0;0.0
Orós;PALESTINA;-6.317;-39.033305555556;2014;6;0.0;0.0;0.0;0.0;0.0;0.0;0.0;0.0;0.0;0.0;0.0;0.0;0.0;0.0;0.0;0.0;0.0;0.0;0.0;0.0;0.0;0.0;0.0;0.0;0.0;0.0;0.0;0.0;0.0;0.0;0.0;888.0
Orós;PALESTINA;-6.317;-39.033305555556;2014;7;0.0;0.0;0.0;0.0;0.0;0.0;0.0;0.0;0.0;0.0;0.0;0.0;0.0;0.0;0.0;0.0;0.0;0.0;0.0;0.0;0.0;0.0;0.0;0.0;0.0;0.0;0.0;0.0;0.0;0.0;0.0;0.0
Orós;PALESTINA;-6.317;-39.033305555556;2014;8;0.0;0.0;0.0;0.0;0.0;0.0;0.0;0.0;0.0;0.0;0.0;0.0;0.0;0.0;0.0;0.0;0.0;0.0;0.0;0.0;0.0;0.0;0.0;0.0;0.0;0.0;0.0;0.0;0.0;0.0;0.0;0.0
Orós;PALESTINA;-6.317;-39.033305555556;2014;9;0.0;0.0;0.0;0.0;0.0;0.0;0.0;0.0;0.0;0.0;0.0;0.0;0.0;0.0;0.0;0.0;0.0;0.0;0.0;0.0;0.0;0.0;0.0;0.0;0.0;0.0;0.0;0.0;0.0;0.0;0.0;888.0
Orós;PALESTINA;-6.317;-39.033305555556;2014;10;0.0;0.0;0.0;0.0;0.0;0.0;0.0;0.0;0.0;0.0;0.0;0.0;0.0;0.0;0.0;0.0;0.0;0.0;0.0;0.0;0.0;0.0;0.0;0.0;0.0;0.0;0.0;0.0;0.0;0.0;0.0;0.0
Orós;PALESTINA;-6.317;-39.033305555556;2014;11;0.0;0.0;0.0;0.0;0.0;0.0;0.0;0.0;0.0;0.0;0.0;0.0;0.0;0.0;0.0;0.0;0.0;0.0;0.0;0.0;0.0;0.0;0.0;0.0;0.0;0.0;0.0;0.0;0.0;0.0;0.0;888.0
Orós;PALESTINA;-6.317;-39.033305555556;2014;12;0.0;0.0;0.0;0.0;0.0;0.0;0.0;0.0;0.0;0.0;0.0;0.0;0.0;0.0;0.0;0.0;0.0;0.0;0.0;0.0;0.0;0.0;0.0;0.0;0.0;0.0;0.0;0.0;0.0;0.0;0.0;0.0
Orós;PALESTINA;-6.317;-39.033305555556;2015;1;17.0;0.0;0.0;0.0;0.0;0.0;0.0;17.0;0.0;0.0;0.0;0.0;0.0;0.0;0.0;0.0;0.0;0.0;0.0;0.0;0.0;0.0;0.0;0.0;0.0;0.0;0.0;0.0;0.0;0.0;0.0;0.0
Orós;PALESTINA;-6.317;-39.033305555556;2015;2;99.0;0.0;0.0;0.0;0.0;52.0;0.0;0.0;0.0;0.0;0.0;0.0;0.0;0.0;0.0;0.0;0.0;0.0;0.0;0.0;14.0;0.0;0.0;33.0;0.0;0.0;0.0;0.0;0.0;888.0;888.0;888.0
Orós;PALESTINA;-6.317;-39.033305555556;2015;3;195.8;0.0;72.4;0.0;0.0;0.0;44.0;21.0;0.0;13.0;0.0;0.0;0.0;0.0;0.0;0.0;0.0;0.0;0.0;0.0;0.0;0.0;0.0;16.4;10.0;0.0;0.0;13.0;0.0;0.0;0.0;6.0
Orós;PALESTINA;-6.317;-39.033305555556;2015;4;15.3;0.0;0.0;0.0;0.0;0.0;0.0;0.0;0.0;0.0;0.0;0.0;0.0;15.3;0.0;0.0;0.0;0.0;0.0;0.0;0.0;0.0;0.0;0.0;0.0;0.0;0.0;0.0;0.0;0.0;0.0;888.0
Orós;PALESTINA;-6.317;-39.033305555556;2015;5;82.4;0.0;0.0;0.0;0.0;0.0;0.0;0.0;0.0;0.0;0.0;0.0;0.0;0.0;0.0;0.0;0.0;0.0;0.0;0.0;32.0;4.0;12.0;0.0;0.0;9.4;12.0;0.0;0.0;13.0;0.0;0.0
Orós;PALESTINA;-6.317;-39.033305555556;2015;6;7.2;0.0;0.0;0.0;0.0;7.2;0.0;0.0;0.0;0.0;0.0;0.0;0.0;0.0;0.0;0.0;0.0;0.0;0.0;0.0;0.0;0.0;0.0;0.0;0.0;0.0;0.0;0.0;0.0;0.0;0.0;888.0
Orós;PALESTINA;-6.317;-39.033305555556;2015;7;55.4;0.0;0.0;34.4;0.0;21.0;0.0;0.0;0.0;0.0;0.0;0.0;0.0;0.0;0.0;0.0;0.0;0.0;0.0;0.0;0.0;0.0;0.0;0.0;0.0;0.0;0.0;0.0;0.0;0.0;0.0;0.0
Orós;PALESTINA;-6.317;-39.033305555556;2015;8;0.0;0.0;0.0;0.0;0.0;0.0;0.0;0.0;0.0;0.0;0.0;0.0;0.0;0.0;0.0;0.0;0.0;0.0;0.0;0.0;0.0;0.0;0.0;0.0;0.0;0.0;0.0;0.0;0.0;0.0;0.0;0.0
Orós;PALESTINA;-6.317;-39.033305555556;2015;9;0.0;0.0;0.0;0.0;0.0;0.0;0.0;0.0;0.0;0.0;0.0;0.0;0.0;0.0;0.0;0.0;0.0;0.0;0.0;0.0;0.0;0.0;0.0;0.0;0.0;0.0;0.0;0.0;0.0;0.0;0.0;888.0
Orós;PALESTINA;-6.317;-39.033305555556;2015;11;0.0;0.0;0.0;0.0;0.0;0.0;0.0;0.0;0.0;0.0;0.0;0.0;0.0;0.0;0.0;0.0;0.0;0.0;0.0;0.0;0.0;0.0;0.0;0.0;0.0;0.0;0.0;0.0;0.0;0.0;0.0;888.0
Orós;PALESTINA;-6.317;-39.033305555556;2015;12;29.0;0.0;0.0;0.0;0.0;0.0;0.0;0.0;0.0;0.0;0.0;0.0;0.0;0.0;0.0;0.0;0.0;0.0;0.0;0.0;0.0;0.0;0.0;0.0;0.0;29.0;0.0;0.0;0.0;0.0;0.0;0.0
Orós;PALESTINA;-6.317;-39.033305555556;2016;1;229.4;0.0;0.0;0.0;0.0;0.0;0.0;48.0;0.0;0.0;69.2;0.0;0.0;0.0;0.0;0.0;0.0;0.0;0.0;0.0;28.0;4.2;44.0;6.0;10.0;7.0;0.0;0.0;0.0;0.0;0.0;13.0
Orós;PALESTINA;-6.317;-39.033305555556;2016;2;31.0;0.0;31.0;0.0;0.0;0.0;0.0;0.0;0.0;0.0;0.0;0.0;0.0;0.0;0.0;0.0;0.0;0.0;0.0;0.0;0.0;0.0;0.0;0.0;0.0;0.0;0.0;0.0;0.0;0.0;888.0;888.0
Orós;PALESTINA;-6.317;-39.033305555556;2016;3;354.9;0.0;0.0;0.0;0.0;0.0;0.0;0.0;0.0;70.4;0.0;0.0;0.0;29.0;2.2;9.0;0.0;0.0;44.0;0.0;0.0;41.0;40.3;0.0;0.0;0.0;0.0;11.0;21.0;15.0;72.0;0.0
Orós;PALESTINA;-6.317;-39.033305555556;2016;4;78.0;0.0;0.0;0.0;0.0;12.0;0.0;0.0;0.0;0.0;0.0;0.0;15.0;0.0;0.0;20.0;31.0;0.0;0.0;0.0;0.0;0.0;0.0;0.0;0.0;0.0;0.0;0.0;0.0;0.0;0.0;888.0
Orós;PALESTINA;-6.317;-39.033305555556;2016;5;64.3;0.0;0.0;44.3;0.0;0.0;0.0;0.0;0.0;0.0;0.0;20.0;0.0;0.0;0.0;0.0;0.0;0.0;0.0;0.0;0.0;0.0;0.0;0.0;0.0;0.0;0.0;0.0;0.0;0.0;0.0;0.0
Orós;PALESTINA;-6.317;-39.033305555556;2016;6;0.0;0.0;0.0;0.0;0.0;0.0;0.0;0.0;0.0;0.0;0.0;0.0;0.0;0.0;0.0;0.0;0.0;0.0;0.0;0.0;0.0;0.0;0.0;0.0;0.0;0.0;0.0;0.0;0.0;0.0;0.0;888.0
Orós;PALESTINA;-6.317;-39.033305555556;2016;7;0.0;0.0;0.0;0.0;0.0;0.0;0.0;0.0;0.0;0.0;0.0;0.0;0.0;0.0;0.0;0.0;0.0;0.0;0.0;0.0;0.0;0.0;0.0;0.0;0.0;0.0;0.0;0.0;0.0;0.0;0.0;0.0
Orós;PALESTINA;-6.317;-39.033305555556;2016;8;0.0;0.0;0.0;0.0;0.0;0.0;0.0;0.0;0.0;0.0;0.0;0.0;0.0;0.0;0.0;0.0;0.0;0.0;0.0;0.0;0.0;0.0;0.0;0.0;0.0;0.0;0.0;0.0;0.0;0.0;0.0;0.0
Orós;PALESTINA;-6.317;-39.033305555556;2016;9;0.0;0.0;0.0;0.0;0.0;0.0;0.0;0.0;0.0;0.0;0.0;0.0;0.0;0.0;0.0;0.0;0.0;0.0;0.0;0.0;0.0;0.0;0.0;0.0;0.0;0.0;0.0;0.0;0.0;0.0;0.0;888.0
Orós;PALESTINA;-6.317;-39.033305555556;2016;10;0.0;0.0;0.0;0.0;0.0;0.0;0.0;0.0;0.0;0.0;0.0;0.0;0.0;0.0;0.0;0.0;0.0;0.0;0.0;0.0;0.0;0.0;0.0;0.0;0.0;0.0;0.0;0.0;0.0;0.0;0.0;0.0
Orós;PALESTINA;-6.317;-39.033305555556;2016;11;0.0;0.0;0.0;0.0;0.0;0.0;0.0;0.0;0.0;0.0;0.0;0.0;0.0;0.0;0.0;0.0;0.0;0.0;0.0;0.0;0.0;0.0;0.0;0.0;0.0;0.0;0.0;0.0;0.0;0.0;0.0;888.0
Orós;PALESTINA;-6.317;-39.033305555556;2016;12;99.0;0.0;0.0;0.0;0.0;0.0;0.0;0.0;0.0;0.0;0.0;0.0;0.0;0.0;0.0;0.0;0.0;0.0;77.0;22.0;0.0;0.0;0.0;0.0;0.0;0.0;0.0;0.0;0.0;0.0;0.0;0.0
Orós;PALESTINA;-6.317;-39.033305555556;2017;1;68.5;0.0;0.0;0.0;0.0;0.0;0.0;0.0;23.0;0.0;0.0;0.0;0.0;0.0;0.0;0.0;0.0;0.0;0.0;0.0;8.0;0.0;0.0;2.0;0.0;0.0;4.3;4.2;27.0;0.0;0.0;0.0
Orós;PALESTINA;-6.317;-39.033305555556;2017;2;105.2;0.0;0.0;0.0;0.0;0.0;0.0;0.0;0.0;0.0;0.0;53.0;0.0;0.0;0.0;0.0;0.0;0.0;33.2;0.0;19.0;0.0;0.0;0.0;0.0;0.0;0.0;0.0;0.0;888.0;888.0;888.0
Orós;PALESTINA;-6.317;-39.033305555556;2017;3;188.2;0.0;14.0;4.0;0.0;3.0;0.0;0.0;0.0;25.0;12.0;10.0;0.0;39.0;13.0;2.0;0.0;0.0;0.0;0.0;0.0;0.0;0.0;0.0;58.0;0.0;0.0;0.0;0.0;0.0;0.0;8.2
Orós;PALESTINA;-6.317;-39.033305555556;2017;4;164.0;0.0;0.0;93.0;0.0;0.0;0.0;0.0;0.0;0.0;27.0;0.0;12.0;0.0;0.0;0.0;0.0;0.0;0.0;5.0;0.0;0.0;0.0;0.0;0.0;0.0;0.0;0.0;0.0;27.0;0.0;888.0
Orós;PALESTINA;-6.317;-39.033305555556;2017;5;40.4;12.0;0.0;0.0;0.0;0.0;0.0;0.0;0.0;8.0;0.0;5.0;0.0;0.0;0.0;0.0;0.0;0.0;15.4;0.0;0.0;0.0;0.0;0.0;0.0;0.0;0.0;0.0;0.0;0.0;0.0;0.0
Orós;PALESTINA;-6.317;-39.033305555556;2017;6;13.0;0.0;0.0;13.0;0.0;0.0;0.0;0.0;0.0;0.0;0.0;0.0;0.0;0.0;0.0;0.0;0.0;0.0;0.0;0.0;0.0;0.0;0.0;0.0;0.0;0.0;0.0;0.0;0.0;0.0;0.0;888.0
Orós;PALESTINA;-6.317;-39.033305555556;2017;7;15.0;15.0;0.0;0.0;0.0;0.0;0.0;0.0;0.0;0.0;0.0;0.0;0.0;0.0;0.0;0.0;0.0;0.0;0.0;0.0;0.0;0.0;0.0;0.0;0.0;0.0;0.0;0.0;0.0;0.0;0.0;0.0
Orós;PALESTINA;-6.317;-39.033305555556;2017;8;0.0;0.0;0.0;0.0;0.0;0.0;0.0;0.0;0.0;0.0;0.0;0.0;0.0;0.0;0.0;0.0;0.0;0.0;0.0;0.0;0.0;0.0;0.0;0.0;0.0;0.0;0.0;0.0;0.0;0.0;0.0;0.0
Orós;PALESTINA;-6.317;-39.033305555556;2017;9;0.0;0.0;0.0;0.0;0.0;0.0;0.0;0.0;0.0;0.0;0.0;0.0;0.0;0.0;0.0;0.0;0.0;0.0;0.0;0.0;0.0;0.0;0.0;0.0;0.0;0.0;0.0;0.0;0.0;0.0;0.0;888.0
Orós;PALESTINA;-6.317;-39.033305555556;2017;10;0.0;0.0;0.0;0.0;0.0;0.0;0.0;0.0;0.0;0.0;0.0;0.0;0.0;0.0;0.0;0.0;0.0;0.0;0.0;0.0;0.0;0.0;0.0;0.0;0.0;0.0;0.0;0.0;0.0;0.0;0.0;0.0
Orós;PALESTINA;-6.317;-39.033305555556;2017;11;0.0;0.0;0.0;0.0;0.0;0.0;0.0;0.0;0.0;0.0;0.0;0.0;0.0;0.0;0.0;0.0;0.0;0.0;0.0;0.0;0.0;0.0;0.0;0.0;0.0;0.0;0.0;0.0;0.0;0.0;0.0;888.0
Orós;PALESTINA;-6.317;-39.033305555556;2017;12;26.0;0.0;0.0;0.0;0.0;0.0;0.0;0.0;0.0;0.0;0.0;0.0;0.0;0.0;0.0;0.0;0.0;0.0;0.0;0.0;0.0;0.0;0.0;0.0;26.0;0.0;0.0;0.0;0.0;0.0;0.0;0.0
Orós;PALESTINA;-6.317;-39.033305555556;2018;1;36.7;0.0;0.0;0.0;0.0;0.0;0.0;10.2;0.0;0.0;0.0;0.0;0.0;0.0;0.0;0.0;0.0;0.0;0.0;0.0;9.0;0.0;0.0;0.0;0.0;4.3;0.0;6.0;7.2;0.0;0.0;0.0
Orós;PALESTINA;-6.317;-39.033305555556;2018;2;163.6;0.0;0.0;0.0;0.0;0.0;0.0;0.0;0.0;0.0;0.0;23.3;6.2;19.3;17.2;12.4;0.0;45.0;25.0;0.0;0.0;0.0;7.2;0.0;3.0;0.0;0.0;0.0;5.0;888.0;888.0;888.0
Orós;PALESTINA;-6.317;-39.033305555556;2018;3;172.0;0.0;0.0;41.2;0.0;0.0;0.0;0.0;0.0;0.0;0.0;0.0;0.0;0.0;0.0;0.0;0.0;0.0;0.0;0.0;0.0;0.0;0.0;0.0;0.0;0.0;0.0;47.0;10.2;4.3;52.3;17.0
Orós;PALESTINA;-6.317;-39.033305555556;2018;4;122.1;0.0;0.0;42.2;0.0;0.0;6.2;0.0;9.0;2.3;25.2;0.0;0.0;35.0;0.0;2.2;0.0;0.0;0.0;0.0;0.0;0.0;0.0;0.0;0.0;0.0;0.0;0.0;0.0;0.0;0.0;888.0
Orós;PALESTINA;-6.317;-39.033305555556;2018;5;37.0;0.0;21.0;0.0;0.0;0.0;0.0;0.0;0.0;0.0;0.0;0.0;0.0;0.0;16.0;0.0;0.0;0.0;0.0;0.0;0.0;0.0;0.0;0.0;0.0;0.0;0.0;0.0;0.0;0.0;0.0;0.0
Orós;PALESTINA;-6.317;-39.033305555556;2018;6;0.0;0.0;0.0;0.0;0.0;0.0;0.0;0.0;0.0;0.0;0.0;0.0;0.0;0.0;0.0;0.0;0.0;0.0;0.0;0.0;0.0;0.0;0.0;0.0;0.0;0.0;0.0;0.0;0.0;0.0;0.0;888.0
Orós;PALESTINA;-6.317;-39.033305555556;2018;7;0.0;0.0;0.0;0.0;0.0;0.0;0.0;0.0;0.0;0.0;0.0;0.0;0.0;0.0;0.0;0.0;0.0;0.0;0.0;0.0;0.0;0.0;0.0;0.0;0.0;0.0;0.0;0.0;0.0;0.0;0.0;0.0
Orós;PALESTINA;-6.317;-39.033305555556;2018;8;0.0;0.0;0.0;0.0;0.0;0.0;0.0;0.0;0.0;0.0;0.0;0.0;0.0;0.0;0.0;0.0;0.0;0.0;0.0;0.0;0.0;0.0;0.0;0.0;0.0;0.0;0.0;0.0;0.0;0.0;0.0;0.0
Orós;PALESTINA;-6.317;-39.033305555556;2018;9;0.0;0.0;0.0;0.0;0.0;0.0;0.0;0.0;0.0;0.0;0.0;0.0;0.0;0.0;0.0;0.0;0.0;0.0;0.0;0.0;0.0;0.0;0.0;0.0;0.0;0.0;0.0;0.0;0.0;0.0;0.0;888.0
Orós;PALESTINA;-6.317;-39.033305555556;2018;10;0.0;0.0;0.0;0.0;999.0;999.0;999.0;999.0;999.0;999.0;999.0;999.0;999.0;999.0;999.0;999.0;999.0;999.0;999.0;999.0;999.0;999.0;999.0;999.0;999.0;999.0;999.0;999.0;999.0;999.0;999.0;999.0
