Municipios;Postos;Latitude;Longitude;Anos;Meses;Total;Dia1;Dia2;Dia3;Dia4;Dia5;Dia6;Dia7;Dia8;Dia9;Dia10;Dia11;Dia12;Dia13;Dia14;Dia15;Dia16;Dia17;Dia18;Dia19;Dia20;Dia21;Dia22;Dia23;Dia24;Dia25;Dia26;Dia27;Dia28;Dia29;Dia30;Dia31
Irauçuba;JUA;-3.8901111111111;-39.866138888889;1988;3;12.3;999.0;999.0;999.0;999.0;999.0;999.0;999.0;999.0;999.0;999.0;999.0;999.0;999.0;999.0;999.0;999.0;999.0;999.0;999.0;999.0;0.0;0.0;999.0;0.0;0.0;999.0;0.0;12.3;999.0;999.0;999.0
Irauçuba;JUA;-3.8901111111111;-39.866138888889;1988;4;79.7;999.0;0.0;0.0;0.0;999.0;0.0;0.0;999.0;0.0;0.0;999.0;16.3;999.0;0.0;43.7;0.0;999.0;12.8;5.9;0.0;1.0;999.0;999.0;0.0;0.0;0.0;0.0;0.0;999.0;999.0;888.0
Irauçuba;JUA;-3.8901111111111;-39.866138888889;1988;5;126.7;999.0;999.0;999.0;999.0;9.0;0.0;5.4;0.0;0.0;999.0;70.6;0.0;0.0;0.0;0.0;0.0;0.0;0.0;0.0;0.0;0.0;16.1;0.0;25.6;0.0;0.0;0.0;0.0;0.0;0.0;0.0
Irauçuba;JUA;-3.8901111111111;-39.866138888889;1988;6;0.0;0.0;999.0;0.0;0.0;0.0;0.0;0.0;0.0;0.0;0.0;0.0;0.0;0.0;0.0;0.0;0.0;0.0;0.0;0.0;0.0;0.0;0.0;0.0;0.0;0.0;0.0;0.0;0.0;0.0;0.0;888.0
Irauçuba;JUA;-3.8901111111111;-39.866138888889;1988;10;0.0;999.0;999.0;999.0;999.0;999.0;999.0;999.0;999.0;999.0;999.0;999.0;999.0;999.0;999.0;999.0;999.0;999.0;999.0;999.0;999.0;999.0;999.0;999.0;999.0;999.0;999.0;999.0;999.0;999.0;999.0;0.0
Irauçuba;JUA;-3.8901111111111;-39.866138888889;1988;12;0.0;999.0;999.0;999.0;999.0;999.0;999.0;999.0;999.0;999.0;999.0;999.0;999.0;999.0;999.0;999.0;999.0;999.0;999.0;999.0;999.0;999.0;999.0;999.0;999.0;999.0;999.0;0.0;0.0;999.0;999.0;999.0
Irauçuba;JUA;-3.8901111111111;-39.866138888889;1989;1;0.0;0.0;0.0;0.0;0.0;0.0;0.0;0.0;0.0;0.0;0.0;0.0;0.0;0.0;999.0;0.0;0.0;0.0;0.0;999.0;999.0;0.0;999.0;0.0;0.0;0.0;0.0;0.0;999.0;0.0;0.0;0.0
Irauçuba;JUA;-3.8901111111111;-39.866138888889;1989;2;0.0;0.0;0.0;0.0;0.0;0.0;0.0;0.0;999.0;0.0;0.0;0.0;0.0;0.0;0.0;0.0;0.0;0.0;0.0;0.0;0.0;0.0;0.0;0.0;0.0;0.0;0.0;0.0;0.0;888.0;888.0;888.0
Irauçuba;JUA;-3.8901111111111;-39.866138888889;1989;3;4.4;999.0;0.0;999.0;0.0;0.0;0.0;0.0;999.0;0.0;999.0;999.0;999.0;999.0;999.0;999.0;999.0;999.0;999.0;999.0;999.0;999.0;999.0;999.0;4.4;999.0;999.0;999.0;999.0;999.0;999.0;999.0
Irauçuba;JUA;-3.8901111111111;-39.866138888889;1989;7;0.0;0.0;0.0;0.0;999.0;999.0;999.0;999.0;999.0;999.0;999.0;999.0;999.0;999.0;999.0;999.0;999.0;0.0;999.0;999.0;999.0;999.0;999.0;999.0;999.0;999.0;999.0;999.0;999.0;999.0;999.0;999.0
Irauçuba;JUA;-3.8901111111111;-39.866138888889;1989;8;0.0;999.0;999.0;999.0;999.0;999.0;999.0;999.0;999.0;999.0;999.0;999.0;999.0;999.0;999.0;999.0;0.0;0.0;999.0;999.0;999.0;0.0;999.0;0.0;0.0;0.0;999.0;0.0;0.0;0.0;0.0;0.0
Irauçuba;JUA;-3.8901111111111;-39.866138888889;1989;9;0.0;999.0;999.0;999.0;999.0;999.0;999.0;0.0;999.0;999.0;999.0;999.0;999.0;999.0;999.0;999.0;999.0;999.0;999.0;999.0;999.0;999.0;999.0;999.0;999.0;999.0;999.0;999.0;999.0;999.0;999.0;888.0
Irauçuba;JUA;-3.8901111111111;-39.866138888889;1989;10;0.0;999.0;0.0;999.0;999.0;999.0;999.0;999.0;999.0;999.0;999.0;999.0;999.0;999.0;999.0;999.0;999.0;999.0;999.0;999.0;999.0;999.0;999.0;999.0;999.0;999.0;999.0;999.0;999.0;999.0;999.0;999.0
Irauçuba;JUA;-3.8901111111111;-39.866138888889;1990;3;0.0;0.0;999.0;999.0;999.0;999.0;999.0;999.0;999.0;999.0;999.0;999.0;999.0;999.0;999.0;999.0;999.0;999.0;0.0;999.0;999.0;999.0;999.0;999.0;999.0;999.0;999.0;999.0;999.0;999.0;999.0;999.0
Irauçuba;JUA;-3.8901111111111;-39.866138888889;1991;1;44.8;0.0;0.0;0.0;0.0;0.0;0.0;0.0;0.0;0.0;0.0;0.0;0.0;0.0;0.0;3.4;0.0;0.0;0.0;34.2;0.0;0.0;4.1;0.0;3.1;0.0;0.0;0.0;0.0;0.0;0.0;0.0
Irauçuba;JUA;-3.8901111111111;-39.866138888889;1991;2;28.3;999.0;999.0;999.0;999.0;999.0;999.0;999.0;999.0;999.0;999.0;999.0;999.0;999.0;999.0;999.0;999.0;999.0;999.0;999.0;28.3;999.0;999.0;999.0;999.0;999.0;999.0;999.0;999.0;888.0;888.0;888.0
Irauçuba;JUA;-3.8901111111111;-39.866138888889;1991;3;97.3;999.0;999.0;999.0;999.0;999.0;999.0;999.0;999.0;34.2;999.0;999.0;999.0;999.0;999.0;999.0;999.0;999.0;999.0;999.0;999.0;999.0;999.0;63.1;999.0;999.0;999.0;999.0;999.0;999.0;999.0;999.0
Irauçuba;JUA;-3.8901111111111;-39.866138888889;1991;5;33.2;33.2;999.0;999.0;999.0;999.0;999.0;999.0;999.0;999.0;999.0;999.0;999.0;999.0;999.0;999.0;999.0;999.0;999.0;999.0;999.0;999.0;999.0;999.0;999.0;999.0;999.0;999.0;999.0;999.0;999.0;999.0
Irauçuba;JUA;-3.8901111111111;-39.866138888889;1991;6;0.0;0.0;999.0;999.0;999.0;999.0;999.0;999.0;999.0;999.0;999.0;999.0;999.0;999.0;999.0;999.0;999.0;999.0;999.0;999.0;999.0;999.0;999.0;999.0;999.0;999.0;999.0;999.0;999.0;999.0;999.0;888.0
Irauçuba;JUA;-3.8901111111111;-39.866138888889;1998;5;14.6;0.0;0.0;0.0;0.0;0.0;0.0;0.0;0.0;0.0;14.6;0.0;0.0;0.0;0.0;0.0;0.0;0.0;0.0;0.0;0.0;0.0;0.0;0.0;0.0;0.0;0.0;0.0;0.0;0.0;0.0;0.0
Irauçuba;JUA;-3.8901111111111;-39.866138888889;1998;6;0.0;0.0;0.0;0.0;0.0;0.0;0.0;0.0;0.0;0.0;0.0;0.0;0.0;0.0;0.0;0.0;0.0;0.0;0.0;0.0;0.0;0.0;0.0;0.0;0.0;0.0;0.0;0.0;0.0;0.0;0.0;888.0
Irauçuba;JUA;-3.8901111111111;-39.866138888889;1998;7;0.0;0.0;0.0;0.0;0.0;0.0;0.0;0.0;0.0;0.0;0.0;0.0;0.0;0.0;0.0;0.0;0.0;0.0;0.0;0.0;0.0;0.0;0.0;0.0;0.0;0.0;0.0;0.0;0.0;0.0;0.0;0.0
Irauçuba;JUA;-3.8901111111111;-39.866138888889;1998;8;0.0;0.0;0.0;0.0;0.0;0.0;0.0;0.0;0.0;0.0;0.0;0.0;0.0;0.0;0.0;0.0;0.0;0.0;0.0;0.0;0.0;0.0;0.0;0.0;0.0;0.0;0.0;0.0;0.0;0.0;0.0;0.0
Irauçuba;JUA;-3.8901111111111;-39.866138888889;1998;9;0.0;0.0;0.0;0.0;0.0;0.0;0.0;0.0;0.0;0.0;0.0;0.0;0.0;0.0;0.0;0.0;0.0;0.0;0.0;0.0;0.0;0.0;0.0;0.0;0.0;0.0;0.0;0.0;0.0;0.0;0.0;888.0
Irauçuba;JUA;-3.8901111111111;-39.866138888889;1998;10;0.0;0.0;0.0;0.0;0.0;0.0;0.0;0.0;0.0;0.0;0.0;0.0;0.0;0.0;0.0;0.0;0.0;0.0;0.0;0.0;0.0;0.0;0.0;0.0;0.0;0.0;0.0;0.0;0.0;0.0;0.0;0.0
Irauçuba;JUA;-3.8901111111111;-39.866138888889;1998;11;0.0;0.0;0.0;0.0;0.0;0.0;0.0;0.0;0.0;0.0;0.0;0.0;0.0;0.0;0.0;0.0;0.0;0.0;0.0;0.0;0.0;0.0;0.0;0.0;0.0;0.0;0.0;0.0;0.0;0.0;0.0;888.0
Irauçuba;JUA;-3.8901111111111;-39.866138888889;1998;12;0.0;0.0;0.0;0.0;0.0;0.0;0.0;0.0;0.0;0.0;0.0;0.0;0.0;0.0;0.0;0.0;0.0;0.0;0.0;0.0;0.0;0.0;0.0;0.0;0.0;0.0;0.0;0.0;0.0;0.0;0.0;0.0
Irauçuba;JUA;-3.8901111111111;-39.866138888889;1999;1;16.0;0.0;0.0;0.0;0.0;0.0;0.0;0.0;0.0;0.0;0.0;0.0;0.0;0.0;0.0;0.0;0.0;0.0;0.0;0.0;0.0;0.0;0.0;0.0;0.0;0.0;0.0;0.0;0.0;0.0;16.0;0.0
Irauçuba;JUA;-3.8901111111111;-39.866138888889;1999;2;38.1;0.0;0.0;0.0;2.0;0.0;0.0;0.0;0.0;0.0;0.0;0.0;0.0;0.0;0.0;0.0;0.0;0.0;0.0;0.0;0.0;0.0;16.1;6.5;0.0;7.7;0.0;5.8;0.0;888.0;888.0;888.0
Irauçuba;JUA;-3.8901111111111;-39.866138888889;1999;3;154.8;16.3;3.0;4.6;0.0;0.0;0.0;0.0;0.0;0.0;0.0;0.0;0.0;0.0;23.0;0.0;0.0;0.0;42.6;11.2;0.0;0.0;24.2;0.0;16.0;0.0;10.3;0.0;3.6;0.0;0.0;0.0
Irauçuba;JUA;-3.8901111111111;-39.866138888889;1999;4;102.6;0.0;0.0;0.0;7.2;10.3;6.5;4.0;0.0;0.0;0.0;0.0;0.0;0.0;8.0;0.0;14.1;0.0;0.0;0.0;0.0;0.0;0.0;4.1;0.0;0.0;0.0;0.0;42.2;6.2;0.0;888.0
Irauçuba;JUA;-3.8901111111111;-39.866138888889;1999;5;96.4;11.6;2.7;0.0;4.0;7.7;6.0;0.0;25.2;0.0;0.0;0.0;0.0;6.8;0.0;4.7;8.8;18.9;0.0;0.0;0.0;0.0;0.0;0.0;0.0;0.0;0.0;0.0;0.0;0.0;0.0;0.0
Irauçuba;JUA;-3.8901111111111;-39.866138888889;1999;6;18.0;0.0;0.0;0.0;0.0;0.0;0.0;0.0;0.0;0.0;0.0;0.0;18.0;0.0;0.0;0.0;0.0;0.0;0.0;0.0;0.0;0.0;0.0;0.0;0.0;0.0;0.0;0.0;0.0;0.0;0.0;888.0
Irauçuba;JUA;-3.8901111111111;-39.866138888889;1999;7;9.4;0.0;0.0;0.0;0.0;0.0;0.0;9.4;0.0;0.0;0.0;0.0;0.0;0.0;0.0;0.0;0.0;0.0;0.0;0.0;0.0;0.0;0.0;0.0;0.0;0.0;0.0;0.0;0.0;0.0;0.0;0.0
Irauçuba;JUA;-3.8901111111111;-39.866138888889;1999;8;0.0;0.0;0.0;0.0;0.0;0.0;0.0;0.0;0.0;0.0;0.0;0.0;0.0;0.0;0.0;0.0;0.0;0.0;0.0;0.0;0.0;0.0;0.0;0.0;0.0;0.0;0.0;0.0;0.0;0.0;0.0;0.0
Irauçuba;JUA;-3.8901111111111;-39.866138888889;1999;9;0.0;0.0;0.0;0.0;0.0;0.0;0.0;0.0;0.0;0.0;0.0;0.0;0.0;0.0;0.0;0.0;0.0;0.0;0.0;0.0;0.0;0.0;0.0;0.0;0.0;0.0;0.0;0.0;0.0;0.0;0.0;888.0
Irauçuba;JUA;-3.8901111111111;-39.866138888889;1999;10;0.0;0.0;0.0;0.0;0.0;0.0;0.0;0.0;0.0;0.0;0.0;0.0;0.0;0.0;0.0;0.0;0.0;0.0;0.0;0.0;0.0;0.0;0.0;0.0;0.0;0.0;0.0;0.0;0.0;0.0;0.0;0.0
Irauçuba;JUA;-3.8901111111111;-39.866138888889;1999;11;38.3;0.0;0.0;0.0;0.0;0.0;0.0;0.0;0.0;0.0;0.0;0.0;0.0;0.0;0.0;0.0;0.0;0.0;0.0;0.0;0.0;0.0;0.0;0.0;0.0;0.0;21.9;16.4;0.0;0.0;0.0;888.0
Irauçuba;JUA;-3.8901111111111;-39.866138888889;1999;12;80.2;0.0;0.0;0.0;0.0;0.0;0.0;0.0;0.0;0.0;0.0;0.0;0.0;0.0;0.0;0.0;0.0;0.0;0.0;0.0;0.0;0.0;0.0;0.0;0.0;0.0;0.0;0.0;35.0;32.0;0.0;13.2
Irauçuba;JUA;-3.8901111111111;-39.866138888889;2000;1;110.9;0.0;0.0;0.0;0.0;5.2;0.0;0.0;0.0;0.0;27.9;0.0;0.0;0.0;0.0;26.0;25.0;0.0;0.0;0.0;0.0;16.2;5.0;5.6;0.0;0.0;0.0;0.0;0.0;0.0;0.0;0.0
Irauçuba;JUA;-3.8901111111111;-39.866138888889;2000;2;171.6;0.0;0.0;0.0;0.0;0.0;0.0;0.0;0.0;78.6;0.0;0.0;0.0;0.0;0.0;0.0;14.6;6.3;14.0;0.0;0.0;0.0;0.0;0.0;24.4;14.4;0.0;14.0;5.3;0.0;888.0;888.0
Irauçuba;JUA;-3.8901111111111;-39.866138888889;2000;3;147.5;0.0;6.3;0.0;0.0;0.0;0.0;0.0;0.0;0.0;9.5;14.5;0.0;0.0;3.1;0.0;0.0;0.0;0.0;0.0;0.0;0.0;0.0;0.0;14.2;0.0;0.0;0.0;7.0;0.0;10.3;82.6
Irauçuba;JUA;-3.8901111111111;-39.866138888889;2000;4;234.6;0.0;7.4;13.2;0.0;2.7;0.0;9.8;12.8;0.0;0.0;23.4;0.0;5.8;17.0;0.0;37.0;14.2;37.4;17.4;12.8;0.0;10.6;0.0;0.0;0.0;0.0;8.8;0.0;2.2;2.1;888.0
Irauçuba;JUA;-3.8901111111111;-39.866138888889;2000;5;36.6;0.0;0.0;4.3;0.0;0.0;0.0;1.9;0.0;0.0;0.0;6.6;0.0;0.0;0.0;0.0;0.0;0.0;23.8;0.0;0.0;0.0;0.0;0.0;0.0;0.0;0.0;0.0;0.0;0.0;0.0;0.0
Irauçuba;JUA;-3.8901111111111;-39.866138888889;2000;6;25.4;0.0;0.0;0.0;0.0;0.0;0.0;0.0;0.0;0.0;16.0;0.0;0.0;0.0;0.0;0.0;0.0;9.4;0.0;0.0;0.0;0.0;0.0;0.0;0.0;0.0;0.0;0.0;0.0;0.0;0.0;888.0
Irauçuba;JUA;-3.8901111111111;-39.866138888889;2000;7;46.2;0.0;0.0;0.0;0.0;0.0;0.0;0.0;0.0;0.0;0.0;0.0;0.0;46.2;0.0;0.0;0.0;0.0;0.0;0.0;0.0;0.0;0.0;0.0;0.0;0.0;0.0;0.0;0.0;0.0;0.0;0.0
Irauçuba;JUA;-3.8901111111111;-39.866138888889;2000;8;0.0;0.0;0.0;0.0;0.0;0.0;0.0;0.0;0.0;0.0;0.0;0.0;0.0;0.0;0.0;0.0;0.0;0.0;0.0;0.0;0.0;0.0;0.0;0.0;0.0;0.0;0.0;0.0;0.0;0.0;0.0;0.0
Irauçuba;JUA;-3.8901111111111;-39.866138888889;2000;9;0.0;0.0;0.0;0.0;0.0;0.0;0.0;0.0;0.0;0.0;0.0;0.0;0.0;0.0;0.0;0.0;0.0;0.0;0.0;0.0;0.0;0.0;0.0;0.0;0.0;0.0;0.0;0.0;0.0;0.0;0.0;888.0
Irauçuba;JUA;-3.8901111111111;-39.866138888889;2000;10;0.0;0.0;0.0;0.0;0.0;0.0;0.0;0.0;0.0;0.0;0.0;0.0;0.0;0.0;0.0;0.0;0.0;0.0;0.0;0.0;0.0;0.0;0.0;0.0;0.0;0.0;0.0;0.0;0.0;0.0;0.0;0.0
Irauçuba;JUA;-3.8901111111111;-39.866138888889;2000;11;0.0;0.0;0.0;0.0;0.0;0.0;0.0;0.0;0.0;0.0;0.0;0.0;0.0;0.0;0.0;0.0;0.0;0.0;0.0;0.0;0.0;0.0;0.0;0.0;0.0;0.0;0.0;0.0;0.0;0.0;0.0;888.0
Irauçuba;JUA;-3.8901111111111;-39.866138888889;2000;12;0.0;0.0;0.0;0.0;0.0;0.0;0.0;0.0;0.0;0.0;0.0;0.0;0.0;0.0;0.0;0.0;0.0;0.0;0.0;0.0;0.0;0.0;0.0;0.0;0.0;0.0;0.0;0.0;0.0;0.0;0.0;0.0
Irauçuba;JUA;-3.8901111111111;-39.866138888889;2001;1;29.0;0.0;0.0;0.0;0.0;0.0;0.0;0.0;0.0;0.0;0.0;0.0;0.0;29.0;0.0;0.0;0.0;0.0;0.0;0.0;0.0;0.0;0.0;0.0;0.0;0.0;0.0;0.0;0.0;0.0;0.0;0.0
Irauçuba;JUA;-3.8901111111111;-39.866138888889;2001;2;60.0;0.0;0.0;0.0;0.0;19.4;0.0;0.0;0.0;0.0;4.7;0.0;0.0;23.4;0.0;0.0;0.0;0.0;0.0;0.0;0.0;0.0;0.0;0.0;0.0;0.0;0.0;12.5;0.0;888.0;888.0;888.0
Irauçuba;JUA;-3.8901111111111;-39.866138888889;2001;3;109.0;0.0;0.0;0.0;0.0;0.0;9.2;0.0;0.0;0.0;5.0;38.0;7.6;3.3;4.7;9.3;6.6;0.0;0.0;0.0;0.0;0.0;4.6;0.0;0.0;0.0;0.0;0.0;0.0;0.0;20.7;0.0
Irauçuba;JUA;-3.8901111111111;-39.866138888889;2001;4;131.3;0.0;0.0;0.0;5.6;0.0;0.0;0.0;0.0;0.0;0.0;57.8;6.8;0.0;38.0;0.0;0.0;0.0;0.0;0.0;0.0;13.4;4.0;0.0;0.0;5.7;0.0;0.0;0.0;0.0;0.0;888.0
Irauçuba;JUA;-3.8901111111111;-39.866138888889;2001;5;10.5;0.0;0.0;0.0;0.0;0.0;0.0;0.0;0.0;0.0;3.5;7.0;0.0;0.0;0.0;0.0;0.0;0.0;0.0;0.0;0.0;0.0;0.0;0.0;0.0;0.0;0.0;0.0;0.0;0.0;0.0;0.0
Irauçuba;JUA;-3.8901111111111;-39.866138888889;2001;6;6.3;0.0;6.3;0.0;0.0;0.0;0.0;0.0;0.0;0.0;0.0;0.0;0.0;0.0;0.0;0.0;0.0;0.0;0.0;0.0;0.0;0.0;0.0;0.0;0.0;0.0;0.0;0.0;0.0;0.0;0.0;888.0
Irauçuba;JUA;-3.8901111111111;-39.866138888889;2001;7;0.0;0.0;0.0;0.0;0.0;0.0;0.0;0.0;0.0;0.0;0.0;0.0;0.0;0.0;0.0;0.0;0.0;0.0;0.0;0.0;0.0;0.0;0.0;0.0;0.0;0.0;0.0;0.0;0.0;0.0;0.0;0.0
Irauçuba;JUA;-3.8901111111111;-39.866138888889;2001;8;0.0;0.0;0.0;0.0;0.0;0.0;0.0;0.0;0.0;0.0;0.0;0.0;0.0;0.0;0.0;0.0;0.0;0.0;0.0;0.0;0.0;0.0;0.0;0.0;0.0;0.0;0.0;0.0;0.0;0.0;0.0;0.0
Irauçuba;JUA;-3.8901111111111;-39.866138888889;2001;9;0.0;0.0;0.0;0.0;0.0;0.0;0.0;0.0;0.0;0.0;0.0;0.0;0.0;0.0;0.0;0.0;0.0;0.0;0.0;0.0;0.0;0.0;0.0;0.0;0.0;0.0;0.0;0.0;0.0;0.0;0.0;888.0
Irauçuba;JUA;-3.8901111111111;-39.866138888889;2001;10;0.0;0.0;0.0;0.0;0.0;0.0;0.0;0.0;0.0;0.0;0.0;0.0;0.0;0.0;0.0;0.0;0.0;0.0;0.0;0.0;0.0;0.0;0.0;0.0;0.0;0.0;0.0;0.0;0.0;0.0;0.0;0.0
Irauçuba;JUA;-3.8901111111111;-39.866138888889;2001;11;0.0;0.0;0.0;0.0;0.0;0.0;0.0;0.0;0.0;0.0;0.0;0.0;0.0;0.0;0.0;0.0;0.0;0.0;0.0;0.0;0.0;0.0;0.0;0.0;0.0;0.0;0.0;0.0;0.0;0.0;0.0;888.0
Irauçuba;JUA;-3.8901111111111;-39.866138888889;2001;12;0.0;0.0;0.0;0.0;0.0;0.0;0.0;0.0;0.0;0.0;0.0;0.0;0.0;0.0;0.0;0.0;0.0;0.0;0.0;0.0;0.0;0.0;0.0;0.0;0.0;0.0;0.0;0.0;0.0;0.0;0.0;0.0
Irauçuba;JUA;-3.8901111111111;-39.866138888889;2002;1;291.7;0.0;0.0;0.0;0.0;0.0;0.0;0.0;49.0;0.0;0.0;0.0;0.0;0.0;5.7;50.0;6.7;62.2;54.6;0.0;0.0;3.5;19.4;0.0;3.5;10.0;6.4;6.5;3.8;5.0;5.4;0.0
Irauçuba;JUA;-3.8901111111111;-39.866138888889;2002;2;15.1;2.3;0.0;0.0;5.0;0.0;0.0;0.0;0.0;0.0;7.8;0.0;0.0;0.0;0.0;0.0;0.0;0.0;0.0;0.0;0.0;0.0;0.0;0.0;0.0;0.0;0.0;0.0;0.0;888.0;888.0;888.0
Irauçuba;JUA;-3.8901111111111;-39.866138888889;2002;3;126.6;0.0;0.0;0.0;12.1;8.1;18.2;0.0;0.0;13.5;6.4;0.0;0.0;0.0;0.0;0.0;0.0;8.8;0.0;6.6;4.8;0.0;0.0;13.5;0.0;12.4;0.0;0.0;22.2;0.0;0.0;0.0
Irauçuba;JUA;-3.8901111111111;-39.866138888889;2002;4;100.7;0.0;0.0;0.0;0.0;7.0;0.0;36.4;16.2;0.0;0.0;19.6;0.0;0.0;0.0;0.0;0.0;0.0;0.0;0.0;0.0;10.0;5.1;0.0;0.0;0.0;0.0;0.0;0.0;0.0;6.4;888.0
Irauçuba;JUA;-3.8901111111111;-39.866138888889;2002;5;40.8;0.0;6.6;0.0;0.0;0.0;0.0;18.4;0.0;0.0;0.0;0.0;15.8;0.0;0.0;0.0;0.0;0.0;0.0;0.0;0.0;0.0;0.0;0.0;0.0;0.0;0.0;0.0;0.0;0.0;0.0;0.0
Irauçuba;JUA;-3.8901111111111;-39.866138888889;2002;6;14.2;0.0;0.0;0.0;0.0;0.0;0.0;0.0;0.0;0.0;0.0;0.0;0.0;0.0;0.0;0.0;8.2;0.0;0.0;0.0;0.0;6.0;0.0;0.0;0.0;0.0;0.0;0.0;0.0;0.0;0.0;888.0
Irauçuba;JUA;-3.8901111111111;-39.866138888889;2002;7;0.0;0.0;0.0;0.0;0.0;0.0;0.0;0.0;0.0;0.0;0.0;0.0;0.0;0.0;0.0;0.0;0.0;0.0;0.0;0.0;0.0;0.0;0.0;0.0;0.0;0.0;0.0;0.0;0.0;0.0;0.0;0.0
Irauçuba;JUA;-3.8901111111111;-39.866138888889;2002;8;0.0;0.0;0.0;0.0;0.0;0.0;0.0;0.0;0.0;0.0;0.0;0.0;0.0;0.0;0.0;0.0;0.0;0.0;0.0;0.0;0.0;0.0;0.0;0.0;0.0;0.0;0.0;0.0;0.0;0.0;0.0;0.0
Irauçuba;JUA;-3.8901111111111;-39.866138888889;2002;9;0.0;0.0;0.0;0.0;0.0;0.0;0.0;0.0;0.0;0.0;0.0;0.0;0.0;0.0;0.0;0.0;0.0;0.0;0.0;0.0;0.0;0.0;0.0;0.0;0.0;0.0;0.0;0.0;0.0;0.0;0.0;888.0
Irauçuba;JUA;-3.8901111111111;-39.866138888889;2002;10;0.0;0.0;0.0;0.0;0.0;0.0;0.0;0.0;0.0;0.0;0.0;0.0;0.0;0.0;0.0;0.0;0.0;0.0;0.0;0.0;0.0;0.0;0.0;0.0;0.0;0.0;0.0;0.0;0.0;0.0;0.0;0.0
Irauçuba;JUA;-3.8901111111111;-39.866138888889;2002;11;0.0;0.0;0.0;0.0;0.0;0.0;0.0;0.0;0.0;0.0;0.0;0.0;0.0;0.0;0.0;0.0;0.0;0.0;0.0;0.0;0.0;0.0;0.0;0.0;0.0;0.0;0.0;0.0;0.0;0.0;0.0;888.0
Irauçuba;JUA;-3.8901111111111;-39.866138888889;2002;12;18.6;0.0;0.0;0.0;0.0;0.0;0.0;0.0;0.0;18.6;0.0;0.0;0.0;0.0;0.0;0.0;0.0;0.0;0.0;0.0;0.0;0.0;0.0;0.0;0.0;0.0;0.0;0.0;0.0;0.0;0.0;0.0
Irauçuba;JUA;-3.8901111111111;-39.866138888889;2003;1;53.8;0.0;0.0;0.0;0.0;0.0;0.0;0.0;0.0;0.0;0.0;0.0;0.0;0.0;0.0;0.0;0.0;0.0;0.0;0.0;31.6;0.0;0.0;9.5;0.0;0.0;0.0;0.0;0.0;0.0;0.0;12.7
Irauçuba;JUA;-3.8901111111111;-39.866138888889;2003;2;182.5;0.0;0.0;25.4;28.8;0.0;9.4;0.0;0.0;0.0;0.0;0.0;0.0;0.0;0.0;0.0;9.0;0.0;0.0;0.0;0.0;15.0;0.0;0.0;0.0;31.4;36.4;22.0;5.1;888.0;888.0;888.0
Irauçuba;JUA;-3.8901111111111;-39.866138888889;2003;3;326.3;3.6;0.0;0.0;26.4;4.1;0.0;0.0;0.0;0.0;8.6;0.0;0.0;0.0;24.6;0.0;16.4;9.4;13.4;0.0;7.2;32.6;39.0;27.6;62.0;0.0;0.0;0.0;8.0;19.2;24.2;0.0
Irauçuba;JUA;-3.8901111111111;-39.866138888889;2003;4;92.4;16.2;4.2;0.0;0.0;0.0;0.0;0.0;0.0;22.0;0.0;0.0;0.0;0.0;8.4;0.0;0.0;0.0;0.0;0.0;0.0;18.2;0.0;0.0;0.0;0.0;21.4;0.0;2.0;0.0;0.0;888.0
Irauçuba;JUA;-3.8901111111111;-39.866138888889;2003;5;26.7;13.4;0.0;0.0;0.0;4.5;0.0;0.0;0.0;0.0;0.0;0.0;0.0;0.0;0.0;0.0;0.0;0.0;0.0;0.0;0.0;8.8;0.0;0.0;0.0;0.0;0.0;0.0;0.0;0.0;0.0;0.0
Irauçuba;JUA;-3.8901111111111;-39.866138888889;2003;6;14.8;0.0;0.0;0.0;0.0;0.0;0.0;0.0;0.0;0.0;0.0;0.0;0.0;0.0;0.0;0.0;14.8;0.0;0.0;0.0;0.0;0.0;0.0;0.0;0.0;0.0;0.0;0.0;0.0;0.0;0.0;888.0
Irauçuba;JUA;-3.8901111111111;-39.866138888889;2003;7;0.0;0.0;0.0;0.0;0.0;0.0;0.0;0.0;0.0;0.0;0.0;0.0;0.0;0.0;0.0;0.0;0.0;0.0;0.0;0.0;0.0;0.0;0.0;0.0;0.0;0.0;0.0;0.0;0.0;0.0;0.0;0.0
Irauçuba;JUA;-3.8901111111111;-39.866138888889;2003;8;0.0;0.0;0.0;0.0;0.0;0.0;0.0;0.0;0.0;0.0;0.0;0.0;0.0;0.0;0.0;0.0;0.0;0.0;0.0;0.0;0.0;0.0;0.0;0.0;0.0;0.0;0.0;0.0;0.0;0.0;0.0;0.0
Irauçuba;JUA;-3.8901111111111;-39.866138888889;2003;9;0.0;0.0;0.0;0.0;0.0;0.0;0.0;0.0;0.0;0.0;0.0;0.0;0.0;0.0;0.0;0.0;0.0;0.0;0.0;0.0;0.0;0.0;0.0;0.0;0.0;0.0;0.0;0.0;0.0;0.0;0.0;888.0
Irauçuba;JUA;-3.8901111111111;-39.866138888889;2003;10;0.0;0.0;0.0;0.0;0.0;0.0;0.0;0.0;0.0;0.0;0.0;0.0;0.0;0.0;0.0;0.0;0.0;0.0;0.0;0.0;0.0;0.0;0.0;0.0;0.0;0.0;0.0;0.0;0.0;0.0;0.0;0.0
Irauçuba;JUA;-3.8901111111111;-39.866138888889;2003;11;0.0;0.0;0.0;0.0;0.0;0.0;0.0;0.0;0.0;0.0;0.0;0.0;0.0;0.0;0.0;0.0;0.0;0.0;0.0;0.0;0.0;0.0;0.0;0.0;0.0;0.0;0.0;0.0;0.0;0.0;0.0;888.0
Irauçuba;JUA;-3.8901111111111;-39.866138888889;2003;12;0.0;0.0;0.0;0.0;0.0;0.0;0.0;0.0;0.0;0.0;0.0;0.0;0.0;0.0;0.0;0.0;0.0;0.0;0.0;0.0;0.0;0.0;0.0;0.0;0.0;0.0;0.0;0.0;0.0;0.0;0.0;0.0
Irauçuba;JUA;-3.8901111111111;-39.866138888889;2004;1;268.5;0.0;0.0;0.0;0.0;0.0;0.0;0.0;0.0;0.0;0.0;0.0;0.0;0.0;0.0;0.0;0.0;0.0;9.3;0.0;0.0;0.0;13.2;3.2;87.0;37.2;0.0;34.0;47.2;0.0;37.4;0.0
Irauçuba;JUA;-3.8901111111111;-39.866138888889;2004;2;139.2;0.0;0.0;6.1;20.6;0.0;0.0;0.0;19.4;1.3;0.0;0.0;0.0;0.0;0.0;0.0;38.0;8.1;11.3;0.0;0.0;24.0;0.0;0.0;0.0;0.0;0.0;10.4;0.0;0.0;888.0;888.0
Irauçuba;JUA;-3.8901111111111;-39.866138888889;2004;3;148.8;21.0;0.0;0.0;0.0;0.0;0.0;69.2;0.0;18.0;0.0;0.0;0.0;6.0;0.0;0.0;0.0;0.0;0.0;0.0;0.0;0.0;0.0;0.0;15.0;0.0;0.0;13.0;0.0;0.0;0.0;6.6
Irauçuba;JUA;-3.8901111111111;-39.866138888889;2004;4;27.0;0.0;0.0;0.0;0.0;0.0;0.0;0.0;0.0;6.4;0.0;0.0;0.0;0.0;0.0;0.0;0.0;0.0;0.0;10.6;0.0;0.0;0.0;0.0;0.0;0.0;0.0;0.0;10.0;0.0;0.0;888.0
Irauçuba;JUA;-3.8901111111111;-39.866138888889;2004;5;14.2;0.0;0.0;0.0;0.0;4.4;0.0;0.0;0.0;0.0;0.0;0.0;6.8;0.0;0.0;0.0;0.0;0.0;0.0;0.0;0.0;0.0;0.0;0.0;0.0;0.0;0.0;0.0;0.0;0.0;0.0;3.0
Irauçuba;JUA;-3.8901111111111;-39.866138888889;2004;6;36.2;0.0;0.0;0.0;0.0;0.0;0.0;0.0;0.0;0.0;12.2;0.0;0.0;0.0;0.0;0.0;0.0;0.0;0.0;0.0;0.0;0.0;0.0;0.0;0.0;0.0;0.0;0.0;0.0;24.0;0.0;888.0
Irauçuba;JUA;-3.8901111111111;-39.866138888889;2004;7;49.4;0.0;0.0;0.0;10.2;0.0;0.0;0.0;0.0;0.0;0.0;0.0;0.0;0.0;0.0;0.0;0.0;39.2;0.0;0.0;0.0;0.0;0.0;0.0;0.0;0.0;0.0;0.0;0.0;0.0;0.0;0.0
Irauçuba;JUA;-3.8901111111111;-39.866138888889;2004;8;0.0;0.0;0.0;0.0;0.0;0.0;0.0;0.0;0.0;0.0;0.0;0.0;0.0;0.0;0.0;0.0;0.0;0.0;0.0;0.0;0.0;0.0;0.0;0.0;0.0;0.0;0.0;0.0;0.0;0.0;0.0;0.0
Irauçuba;JUA;-3.8901111111111;-39.866138888889;2004;9;0.0;0.0;0.0;0.0;0.0;0.0;0.0;0.0;0.0;0.0;0.0;0.0;0.0;0.0;0.0;0.0;0.0;0.0;0.0;0.0;0.0;0.0;0.0;0.0;0.0;0.0;0.0;0.0;0.0;0.0;0.0;888.0
Irauçuba;JUA;-3.8901111111111;-39.866138888889;2004;10;0.0;0.0;0.0;0.0;0.0;0.0;0.0;0.0;0.0;0.0;0.0;0.0;0.0;0.0;0.0;0.0;0.0;0.0;0.0;0.0;0.0;0.0;0.0;0.0;0.0;0.0;0.0;0.0;0.0;0.0;0.0;0.0
Irauçuba;JUA;-3.8901111111111;-39.866138888889;2004;11;0.0;0.0;0.0;0.0;0.0;0.0;0.0;0.0;0.0;0.0;0.0;0.0;0.0;0.0;0.0;0.0;0.0;0.0;0.0;0.0;0.0;0.0;0.0;0.0;0.0;0.0;0.0;0.0;0.0;0.0;0.0;888.0
Irauçuba;JUA;-3.8901111111111;-39.866138888889;2004;12;0.0;0.0;0.0;0.0;0.0;0.0;0.0;0.0;0.0;0.0;0.0;0.0;0.0;0.0;0.0;0.0;0.0;0.0;0.0;0.0;0.0;0.0;0.0;0.0;0.0;0.0;0.0;0.0;0.0;0.0;0.0;0.0
Irauçuba;JUA;-3.8901111111111;-39.866138888889;2005;1;49.0;0.0;0.0;0.0;0.0;0.0;0.0;0.0;0.0;0.0;0.0;0.0;0.0;0.0;0.0;0.0;0.0;0.0;0.0;0.0;0.0;0.0;0.0;0.0;0.0;49.0;0.0;0.0;0.0;0.0;0.0;0.0
Irauçuba;JUA;-3.8901111111111;-39.866138888889;2005;2;0.0;0.0;0.0;0.0;0.0;0.0;0.0;0.0;0.0;0.0;0.0;0.0;0.0;0.0;0.0;0.0;0.0;0.0;0.0;0.0;0.0;0.0;0.0;0.0;0.0;0.0;0.0;0.0;0.0;888.0;888.0;888.0
Irauçuba;JUA;-3.8901111111111;-39.866138888889;2005;3;87.2;0.0;0.0;0.0;0.0;0.0;0.0;0.0;0.0;0.0;0.0;0.0;0.0;0.0;0.0;0.0;0.0;0.0;15.0;11.8;0.0;0.0;0.0;0.0;0.0;22.6;0.0;11.6;0.0;9.2;17.0;0.0
Irauçuba;JUA;-3.8901111111111;-39.866138888889;2005;4;73.6;6.6;22.0;0.0;0.0;0.0;13.8;0.0;0.0;0.0;0.0;10.4;0.0;0.0;7.6;0.0;0.0;0.0;0.0;0.0;0.0;0.0;0.0;0.0;0.0;0.0;0.0;0.0;0.0;0.0;13.2;888.0
Irauçuba;JUA;-3.8901111111111;-39.866138888889;2005;5;90.6;0.0;0.0;0.0;26.4;0.0;0.0;0.0;0.0;0.0;0.0;0.0;26.8;0.0;9.2;0.0;0.0;0.0;12.8;0.0;0.0;15.4;0.0;0.0;0.0;0.0;0.0;0.0;0.0;0.0;0.0;0.0
Irauçuba;JUA;-3.8901111111111;-39.866138888889;2005;6;58.4;0.0;0.0;0.0;0.0;0.0;11.6;0.0;0.0;0.0;0.0;0.0;0.0;15.8;0.0;0.0;0.0;0.0;0.0;0.0;0.0;0.0;0.0;0.0;31.0;0.0;0.0;0.0;0.0;0.0;0.0;888.0
Irauçuba;JUA;-3.8901111111111;-39.866138888889;2005;7;0.0;0.0;0.0;0.0;0.0;0.0;0.0;0.0;0.0;0.0;0.0;0.0;0.0;0.0;0.0;0.0;0.0;0.0;0.0;0.0;0.0;0.0;0.0;0.0;0.0;0.0;0.0;0.0;0.0;0.0;0.0;0.0
Irauçuba;JUA;-3.8901111111111;-39.866138888889;2005;8;0.0;0.0;0.0;0.0;0.0;0.0;0.0;0.0;0.0;0.0;0.0;0.0;0.0;0.0;0.0;0.0;0.0;0.0;0.0;0.0;0.0;0.0;0.0;0.0;0.0;0.0;0.0;0.0;0.0;0.0;0.0;0.0
Irauçuba;JUA;-3.8901111111111;-39.866138888889;2005;9;0.0;0.0;0.0;0.0;0.0;0.0;0.0;0.0;0.0;0.0;0.0;0.0;0.0;0.0;0.0;0.0;0.0;0.0;0.0;0.0;0.0;0.0;0.0;0.0;0.0;0.0;0.0;0.0;0.0;0.0;0.0;888.0
Irauçuba;JUA;-3.8901111111111;-39.866138888889;2005;10;0.0;0.0;0.0;0.0;0.0;0.0;0.0;0.0;0.0;0.0;0.0;0.0;0.0;0.0;0.0;0.0;0.0;0.0;0.0;0.0;0.0;0.0;0.0;0.0;0.0;0.0;0.0;0.0;0.0;0.0;0.0;0.0
Irauçuba;JUA;-3.8901111111111;-39.866138888889;2005;11;0.0;0.0;0.0;0.0;0.0;0.0;0.0;0.0;0.0;0.0;0.0;0.0;0.0;0.0;0.0;0.0;0.0;0.0;0.0;0.0;0.0;0.0;0.0;0.0;0.0;0.0;0.0;0.0;0.0;0.0;0.0;888.0
Irauçuba;JUA;-3.8901111111111;-39.866138888889;2005;12;0.0;0.0;0.0;0.0;0.0;0.0;0.0;0.0;0.0;0.0;0.0;0.0;0.0;0.0;0.0;0.0;0.0;0.0;0.0;0.0;0.0;0.0;0.0;0.0;0.0;0.0;0.0;0.0;0.0;0.0;0.0;0.0
Irauçuba;JUA;-3.8901111111111;-39.866138888889;2006;1;0.0;0.0;0.0;0.0;0.0;0.0;0.0;0.0;0.0;0.0;0.0;0.0;0.0;0.0;0.0;0.0;0.0;0.0;0.0;0.0;0.0;0.0;0.0;0.0;0.0;0.0;0.0;0.0;0.0;0.0;0.0;0.0
Irauçuba;JUA;-3.8901111111111;-39.866138888889;2006;2;54.6;0.0;0.0;0.0;0.0;0.0;0.0;0.0;0.0;0.0;0.0;0.0;7.6;0.0;10.4;5.4;0.0;0.0;0.0;0.0;0.0;0.0;0.0;17.6;13.6;0.0;0.0;0.0;0.0;888.0;888.0;888.0
Irauçuba;JUA;-3.8901111111111;-39.866138888889;2006;3;188.2;0.0;24.4;0.0;0.0;13.2;0.0;0.0;0.0;17.6;0.0;10.4;0.0;0.0;0.0;15.4;28.8;0.0;0.0;14.2;5.0;0.0;0.0;0.0;25.2;8.6;0.0;0.0;0.0;7.6;9.8;8.0
Irauçuba;JUA;-3.8901111111111;-39.866138888889;2006;4;165.4;0.0;5.0;0.0;0.0;0.0;0.0;3.4;0.0;0.0;56.0;0.0;0.0;0.0;0.0;0.0;10.6;12.8;6.0;5.4;29.8;0.0;14.2;0.0;5.2;17.0;0.0;0.0;0.0;0.0;0.0;888.0
Irauçuba;JUA;-3.8901111111111;-39.866138888889;2006;5;54.6;13.0;0.0;0.0;0.0;0.0;21.6;0.0;0.0;0.0;0.0;2.4;0.0;0.0;17.6;0.0;0.0;0.0;0.0;0.0;0.0;0.0;0.0;0.0;0.0;0.0;0.0;0.0;0.0;0.0;0.0;0.0
Irauçuba;JUA;-3.8901111111111;-39.866138888889;2006;6;16.6;0.0;0.0;0.0;0.0;0.0;0.0;0.0;0.0;0.0;0.0;0.0;0.0;0.0;0.0;0.0;0.0;0.0;0.0;0.0;0.0;0.0;0.0;0.0;0.0;0.0;0.0;5.0;0.0;11.6;0.0;888.0
Irauçuba;JUA;-3.8901111111111;-39.866138888889;2006;7;3.0;0.0;0.0;0.0;0.0;0.0;0.0;3.0;0.0;0.0;0.0;0.0;0.0;0.0;0.0;0.0;0.0;0.0;0.0;0.0;0.0;0.0;0.0;0.0;0.0;0.0;0.0;0.0;0.0;0.0;0.0;0.0
Irauçuba;JUA;-3.8901111111111;-39.866138888889;2006;8;0.0;0.0;0.0;0.0;0.0;0.0;0.0;0.0;0.0;0.0;0.0;0.0;0.0;0.0;0.0;0.0;0.0;0.0;0.0;0.0;0.0;0.0;0.0;0.0;0.0;0.0;0.0;0.0;0.0;0.0;0.0;0.0
Irauçuba;JUA;-3.8901111111111;-39.866138888889;2006;9;7.0;0.0;0.0;0.0;0.0;0.0;0.0;0.0;0.0;0.0;0.0;0.0;0.0;0.0;0.0;0.0;0.0;7.0;0.0;0.0;0.0;0.0;0.0;0.0;0.0;0.0;0.0;0.0;0.0;0.0;0.0;888.0
Irauçuba;JUA;-3.8901111111111;-39.866138888889;2006;10;0.0;0.0;0.0;0.0;0.0;0.0;0.0;0.0;0.0;0.0;0.0;0.0;0.0;0.0;0.0;0.0;0.0;0.0;0.0;0.0;0.0;0.0;0.0;0.0;0.0;0.0;0.0;0.0;0.0;0.0;0.0;0.0
Irauçuba;JUA;-3.8901111111111;-39.866138888889;2006;11;0.0;0.0;0.0;0.0;0.0;0.0;0.0;0.0;0.0;0.0;0.0;0.0;0.0;0.0;0.0;0.0;0.0;0.0;0.0;0.0;0.0;0.0;0.0;0.0;0.0;0.0;0.0;0.0;0.0;0.0;0.0;888.0
Irauçuba;JUA;-3.8901111111111;-39.866138888889;2006;12;0.0;0.0;0.0;0.0;0.0;0.0;0.0;0.0;0.0;0.0;0.0;0.0;0.0;0.0;0.0;0.0;0.0;0.0;0.0;0.0;0.0;0.0;0.0;0.0;0.0;0.0;0.0;0.0;0.0;0.0;0.0;0.0
Irauçuba;JUA;-3.8901111111111;-39.866138888889;2007;1;0.0;0.0;0.0;0.0;0.0;0.0;0.0;0.0;0.0;0.0;0.0;0.0;0.0;0.0;0.0;0.0;0.0;0.0;0.0;0.0;0.0;0.0;0.0;0.0;0.0;0.0;0.0;0.0;0.0;0.0;0.0;0.0
Irauçuba;JUA;-3.8901111111111;-39.866138888889;2007;2;148.2;0.0;0.0;0.0;0.0;14.0;11.2;0.0;0.0;0.0;0.0;0.0;13.4;0.0;0.0;20.4;0.0;9.8;0.0;15.4;27.2;0.0;0.0;36.8;0.0;0.0;0.0;0.0;0.0;888.0;888.0;888.0
Irauçuba;JUA;-3.8901111111111;-39.866138888889;2007;3;28.4;0.0;0.0;0.0;0.0;2.4;0.0;0.0;0.0;0.0;0.0;0.0;10.4;0.0;0.0;3.2;2.0;0.0;0.0;0.0;0.0;0.0;0.0;0.0;0.0;0.0;0.0;0.0;0.0;10.4;0.0;0.0
Irauçuba;JUA;-3.8901111111111;-39.866138888889;2007;4;57.8;9.6;0.0;0.0;0.0;0.0;0.0;0.0;0.0;0.0;0.0;0.0;0.0;0.0;0.0;0.0;0.0;2.0;8.6;3.2;0.0;0.0;18.4;0.0;2.4;9.6;0.0;4.0;0.0;0.0;0.0;888.0
Irauçuba;JUA;-3.8901111111111;-39.866138888889;2007;5;19.6;19.6;0.0;0.0;0.0;0.0;0.0;0.0;0.0;0.0;0.0;0.0;0.0;0.0;0.0;0.0;0.0;0.0;0.0;0.0;0.0;0.0;0.0;0.0;0.0;0.0;0.0;0.0;0.0;0.0;0.0;0.0
Irauçuba;JUA;-3.8901111111111;-39.866138888889;2007;6;28.0;0.0;0.0;0.0;0.0;0.0;0.0;0.0;0.0;17.6;0.0;0.0;0.0;0.0;0.0;0.0;0.0;0.0;0.0;0.0;0.0;0.0;0.0;0.0;0.0;0.0;0.0;0.0;8.0;2.4;0.0;888.0
Irauçuba;JUA;-3.8901111111111;-39.866138888889;2007;7;0.0;0.0;0.0;0.0;0.0;0.0;0.0;0.0;0.0;0.0;0.0;0.0;0.0;0.0;0.0;0.0;0.0;0.0;0.0;0.0;0.0;0.0;0.0;0.0;0.0;0.0;0.0;0.0;0.0;0.0;0.0;0.0
Irauçuba;JUA;-3.8901111111111;-39.866138888889;2007;8;0.0;0.0;0.0;0.0;0.0;0.0;0.0;0.0;0.0;0.0;0.0;0.0;0.0;0.0;0.0;0.0;0.0;0.0;0.0;0.0;0.0;0.0;0.0;0.0;0.0;0.0;0.0;0.0;0.0;0.0;0.0;0.0
Irauçuba;JUA;-3.8901111111111;-39.866138888889;2007;9;0.0;0.0;0.0;0.0;0.0;0.0;0.0;0.0;0.0;0.0;0.0;0.0;0.0;0.0;0.0;0.0;0.0;0.0;0.0;0.0;0.0;0.0;0.0;0.0;0.0;0.0;0.0;0.0;0.0;0.0;0.0;888.0
Irauçuba;JUA;-3.8901111111111;-39.866138888889;2007;10;0.0;0.0;0.0;0.0;0.0;0.0;0.0;0.0;0.0;0.0;0.0;0.0;0.0;0.0;0.0;0.0;0.0;0.0;0.0;0.0;0.0;0.0;0.0;0.0;0.0;0.0;0.0;0.0;0.0;0.0;0.0;0.0
Irauçuba;JUA;-3.8901111111111;-39.866138888889;2007;11;0.0;0.0;0.0;0.0;0.0;0.0;0.0;0.0;0.0;0.0;0.0;0.0;0.0;0.0;0.0;0.0;0.0;0.0;0.0;0.0;0.0;0.0;0.0;0.0;0.0;0.0;0.0;0.0;0.0;0.0;0.0;888.0
Irauçuba;JUA;-3.8901111111111;-39.866138888889;2007;12;29.2;0.0;0.0;0.0;0.0;0.0;0.0;0.0;0.0;0.0;0.0;0.0;0.0;0.0;0.0;0.0;0.0;29.2;0.0;0.0;0.0;0.0;0.0;0.0;0.0;0.0;0.0;0.0;0.0;0.0;0.0;0.0
Irauçuba;JUA;-3.8901111111111;-39.866138888889;2008;1;84.6;0.0;0.0;0.0;0.0;0.0;0.0;0.0;0.0;0.0;0.0;0.0;0.0;0.0;0.0;0.0;0.0;8.4;0.0;0.0;0.0;0.0;28.2;38.0;0.0;0.0;0.0;0.0;0.0;0.0;0.0;10.0
Irauçuba;JUA;-3.8901111111111;-39.866138888889;2008;2;23.4;4.4;6.0;0.0;5.0;0.0;0.0;0.0;0.0;0.0;0.0;2.6;0.0;0.0;0.0;0.0;0.0;0.0;0.0;0.0;0.0;5.4;0.0;0.0;0.0;0.0;0.0;0.0;0.0;0.0;888.0;888.0
Irauçuba;JUA;-3.8901111111111;-39.866138888889;2008;3;306.4;0.0;13.6;0.0;28.6;15.6;0.0;0.0;0.0;0.0;0.0;0.0;0.0;42.2;15.8;0.0;2.6;0.0;19.0;0.0;42.4;10.6;0.0;0.0;13.4;41.2;0.0;9.0;17.6;0.0;34.8;0.0
Irauçuba;JUA;-3.8901111111111;-39.866138888889;2008;4;146.8;18.4;24.4;0.0;35.0;20.2;0.0;0.0;16.0;13.2;0.0;0.0;0.0;0.0;10.0;0.0;0.0;0.0;0.0;0.0;0.0;0.0;0.0;0.0;0.0;0.0;9.6;0.0;0.0;0.0;0.0;888.0
Irauçuba;JUA;-3.8901111111111;-39.866138888889;2008;5;116.4;4.0;3.4;0.0;0.0;18.4;27.6;0.0;0.0;28.0;0.0;0.0;4.0;19.0;0.0;0.0;0.0;12.0;0.0;0.0;0.0;0.0;0.0;0.0;0.0;0.0;0.0;0.0;0.0;0.0;0.0;0.0
Irauçuba;JUA;-3.8901111111111;-39.866138888889;2008;6;4.4;0.0;0.0;0.0;0.0;0.0;0.0;0.0;0.0;0.0;0.0;0.0;0.0;0.0;0.0;0.0;0.0;4.4;0.0;0.0;0.0;0.0;0.0;0.0;0.0;0.0;0.0;0.0;0.0;0.0;0.0;888.0
Irauçuba;JUA;-3.8901111111111;-39.866138888889;2008;7;3.0;0.0;3.0;0.0;0.0;0.0;0.0;0.0;0.0;0.0;0.0;0.0;0.0;0.0;0.0;0.0;0.0;0.0;0.0;0.0;0.0;0.0;0.0;0.0;0.0;0.0;0.0;0.0;0.0;0.0;0.0;0.0
Irauçuba;JUA;-3.8901111111111;-39.866138888889;2008;8;0.0;0.0;0.0;0.0;0.0;0.0;0.0;0.0;0.0;0.0;0.0;0.0;0.0;0.0;0.0;0.0;0.0;0.0;0.0;0.0;0.0;0.0;0.0;0.0;0.0;0.0;0.0;0.0;0.0;0.0;0.0;0.0
Irauçuba;JUA;-3.8901111111111;-39.866138888889;2008;9;0.0;0.0;0.0;0.0;0.0;0.0;0.0;0.0;0.0;0.0;0.0;0.0;0.0;0.0;0.0;0.0;0.0;0.0;0.0;0.0;0.0;0.0;0.0;0.0;0.0;0.0;0.0;0.0;0.0;0.0;0.0;888.0
Irauçuba;JUA;-3.8901111111111;-39.866138888889;2008;10;0.0;0.0;0.0;0.0;0.0;0.0;0.0;0.0;0.0;0.0;0.0;0.0;0.0;0.0;0.0;0.0;0.0;0.0;0.0;0.0;0.0;0.0;0.0;0.0;0.0;0.0;0.0;0.0;0.0;0.0;0.0;0.0
Irauçuba;JUA;-3.8901111111111;-39.866138888889;2008;11;0.0;0.0;0.0;0.0;0.0;0.0;0.0;0.0;0.0;0.0;0.0;0.0;0.0;0.0;0.0;0.0;0.0;0.0;0.0;0.0;0.0;0.0;0.0;0.0;0.0;0.0;0.0;0.0;0.0;0.0;0.0;888.0
Irauçuba;JUA;-3.8901111111111;-39.866138888889;2008;12;0.0;0.0;0.0;0.0;0.0;0.0;0.0;0.0;0.0;0.0;0.0;0.0;0.0;0.0;0.0;0.0;0.0;0.0;0.0;0.0;0.0;0.0;0.0;0.0;0.0;0.0;0.0;0.0;0.0;0.0;0.0;0.0
Irauçuba;JUA;-3.8901111111111;-39.866138888889;2009;1;106.0;0.0;0.0;0.0;0.0;0.0;0.0;0.0;0.0;0.0;0.0;0.0;0.0;0.0;0.0;0.0;0.0;0.0;6.0;48.0;0.0;0.0;0.0;10.8;23.0;7.0;11.2;0.0;0.0;0.0;0.0;0.0
Irauçuba;JUA;-3.8901111111111;-39.866138888889;2009;2;61.4;6.4;0.0;0.0;0.0;0.0;0.0;0.0;0.0;0.0;0.0;0.0;0.0;17.0;0.0;3.6;12.0;0.0;0.0;0.0;0.0;0.0;6.0;16.4;0.0;0.0;0.0;0.0;0.0;888.0;888.0;888.0
Irauçuba;JUA;-3.8901111111111;-39.866138888889;2009;3;231.2;29.8;23.8;0.0;0.0;51.8;0.0;0.0;12.0;0.0;0.0;0.0;0.0;13.6;0.0;0.0;3.6;4.8;19.6;0.0;0.0;0.0;0.0;0.0;41.0;0.0;0.0;0.0;31.2;0.0;0.0;0.0
Irauçuba;JUA;-3.8901111111111;-39.866138888889;2009;4;440.0;18.4;41.8;0.0;10.6;0.0;0.0;0.0;0.0;0.0;28.0;0.0;24.0;6.4;0.0;0.0;12.0;0.0;8.4;1.6;7.6;45.4;88.0;0.0;0.0;93.0;0.0;35.0;4.2;0.0;15.6;888.0
Irauçuba;JUA;-3.8901111111111;-39.866138888889;2009;5;173.0;0.0;0.0;26.8;10.6;6.2;13.6;0.0;0.0;9.6;0.0;35.0;0.0;0.0;9.4;0.0;0.0;0.0;0.0;0.0;0.0;4.6;0.0;4.0;0.0;33.0;0.0;0.0;20.2;0.0;0.0;0.0
Irauçuba;JUA;-3.8901111111111;-39.866138888889;2009;6;65.2;0.0;0.0;22.6;0.0;17.0;0.0;0.0;0.0;0.0;0.0;0.0;0.0;0.0;0.0;0.0;0.0;0.0;0.0;0.0;0.0;0.0;0.0;13.6;0.0;12.0;0.0;0.0;0.0;0.0;999.0;888.0
Irauçuba;JUA;-3.8901111111111;-39.866138888889;2009;7;34.0;0.0;0.0;0.0;0.0;0.0;0.0;0.0;0.0;0.0;0.0;0.0;0.0;0.0;0.0;0.0;0.0;9.0;0.0;0.0;0.0;0.0;0.0;25.0;0.0;0.0;0.0;0.0;0.0;0.0;0.0;0.0
Irauçuba;JUA;-3.8901111111111;-39.866138888889;2009;8;0.0;0.0;0.0;0.0;0.0;0.0;0.0;0.0;0.0;0.0;0.0;0.0;0.0;0.0;0.0;0.0;0.0;0.0;0.0;0.0;0.0;0.0;0.0;0.0;0.0;0.0;0.0;0.0;0.0;0.0;0.0;0.0
Irauçuba;JUA;-3.8901111111111;-39.866138888889;2009;9;0.0;0.0;0.0;0.0;0.0;0.0;0.0;0.0;0.0;0.0;0.0;0.0;0.0;0.0;0.0;0.0;0.0;0.0;0.0;0.0;0.0;0.0;0.0;0.0;0.0;0.0;0.0;0.0;0.0;0.0;0.0;888.0
Irauçuba;JUA;-3.8901111111111;-39.866138888889;2009;10;0.0;0.0;0.0;0.0;0.0;0.0;0.0;0.0;0.0;0.0;0.0;0.0;0.0;0.0;0.0;0.0;0.0;0.0;0.0;0.0;0.0;0.0;0.0;0.0;0.0;0.0;0.0;0.0;0.0;0.0;0.0;0.0
Irauçuba;JUA;-3.8901111111111;-39.866138888889;2009;11;0.0;0.0;0.0;0.0;0.0;0.0;0.0;0.0;0.0;0.0;0.0;0.0;0.0;0.0;0.0;0.0;0.0;0.0;0.0;0.0;0.0;0.0;0.0;0.0;0.0;0.0;0.0;0.0;0.0;0.0;0.0;888.0
Irauçuba;JUA;-3.8901111111111;-39.866138888889;2009;12;0.0;0.0;0.0;0.0;0.0;0.0;0.0;0.0;0.0;0.0;0.0;0.0;0.0;0.0;0.0;0.0;0.0;0.0;0.0;0.0;0.0;0.0;0.0;0.0;0.0;0.0;0.0;0.0;0.0;0.0;0.0;0.0
Irauçuba;JUA;-3.8901111111111;-39.866138888889;2010;1;15.8;0.0;0.0;5.0;0.0;0.0;0.0;0.0;0.0;0.0;4.8;0.0;0.0;0.0;0.0;0.0;0.0;0.0;0.0;0.0;6.0;0.0;0.0;0.0;0.0;0.0;0.0;999.0;999.0;999.0;999.0;999.0
Irauçuba;JUA;-3.8901111111111;-39.866138888889;2010;2;27.4;5.0;0.0;0.0;0.0;0.0;0.0;0.0;0.0;0.0;5.8;4.8;0.0;0.0;0.0;0.0;0.0;0.0;0.0;0.0;0.0;0.0;0.0;7.8;0.0;0.0;4.0;0.0;0.0;888.0;888.0;888.0
Irauçuba;JUA;-3.8901111111111;-39.866138888889;2010;3;33.4;0.0;0.0;0.0;0.0;0.0;0.0;0.0;0.0;0.0;0.0;0.0;0.0;0.0;0.0;0.0;0.0;0.0;0.0;0.0;0.0;0.0;5.4;0.0;0.0;0.0;21.4;0.0;6.6;0.0;0.0;0.0
Irauçuba;JUA;-3.8901111111111;-39.866138888889;2010;4;64.4;0.0;4.2;0.0;9.0;0.0;0.0;0.0;3.4;0.0;14.6;16.6;0.0;0.0;0.0;0.0;0.0;5.6;3.6;0.0;0.0;0.0;0.0;0.0;0.0;0.0;7.4;0.0;0.0;0.0;0.0;888.0
Irauçuba;JUA;-3.8901111111111;-39.866138888889;2010;5;95.0;6.4;45.0;0.0;9.0;0.0;28.4;6.2;0.0;0.0;0.0;0.0;0.0;0.0;0.0;0.0;0.0;0.0;0.0;0.0;0.0;0.0;0.0;0.0;0.0;0.0;0.0;0.0;0.0;0.0;0.0;0.0
Irauçuba;JUA;-3.8901111111111;-39.866138888889;2010;6;10.8;0.0;0.0;0.0;5.0;0.0;0.0;0.0;0.0;0.0;0.0;0.0;0.0;0.0;0.0;0.0;0.0;0.0;5.8;0.0;0.0;0.0;0.0;0.0;0.0;0.0;0.0;0.0;0.0;0.0;0.0;888.0
Irauçuba;JUA;-3.8901111111111;-39.866138888889;2010;12;64.0;0.0;0.0;0.0;0.0;0.0;0.0;0.0;0.0;0.0;0.0;0.0;37.6;0.0;13.8;0.0;0.0;0.0;0.0;8.6;0.0;0.0;0.0;4.0;0.0;0.0;0.0;0.0;0.0;0.0;0.0;0.0
Irauçuba;JUA;-3.8901111111111;-39.866138888889;2011;1;153.4;0.0;0.0;6.0;0.0;0.0;0.0;0.0;2.6;0.0;19.4;2.8;0.0;0.0;4.0;0.0;0.0;0.0;0.0;0.0;5.2;2.4;33.2;0.0;10.0;24.6;43.2;0.0;0.0;0.0;0.0;0.0
Irauçuba;JUA;-3.8901111111111;-39.866138888889;2011;2;15.2;0.0;0.0;15.2;0.0;0.0;0.0;0.0;0.0;0.0;0.0;0.0;0.0;0.0;0.0;0.0;0.0;0.0;0.0;0.0;0.0;0.0;0.0;0.0;0.0;0.0;0.0;0.0;0.0;888.0;888.0;888.0
Irauçuba;JUA;-3.8901111111111;-39.866138888889;2011;3;100.7;25.2;9.0;0.0;0.0;7.4;0.0;0.0;0.0;16.0;0.0;0.0;10.6;0.0;0.0;0.0;0.0;4.4;0.0;0.0;0.0;0.0;3.0;5.6;0.0;0.0;0.0;0.0;3.0;3.3;0.0;13.2
Irauçuba;JUA;-3.8901111111111;-39.866138888889;2011;4;123.6;0.0;0.0;2.4;0.0;0.0;0.0;0.0;0.0;6.0;0.0;15.0;0.0;8.0;26.0;5.0;0.0;0.0;0.0;0.0;0.0;0.0;9.0;0.0;0.0;27.4;0.0;0.0;0.0;15.2;9.6;888.0
Irauçuba;JUA;-3.8901111111111;-39.866138888889;2011;5;88.0;4.2;8.6;0.0;29.6;0.0;3.6;11.0;0.0;0.0;0.0;17.6;0.0;0.0;0.0;0.0;0.0;0.0;0.0;4.8;0.0;0.0;0.0;0.0;3.6;0.0;0.0;0.0;0.0;0.0;5.0;0.0
Irauçuba;JUA;-3.8901111111111;-39.866138888889;2011;6;31.6;0.0;0.0;0.0;0.0;0.0;0.0;0.0;0.0;0.0;0.0;0.0;0.0;0.0;0.0;0.0;0.0;0.0;0.0;0.0;0.0;0.0;0.0;0.0;0.0;31.6;0.0;0.0;0.0;0.0;0.0;888.0
Irauçuba;JUA;-3.8901111111111;-39.866138888889;2011;7;28.2;0.0;0.0;0.0;0.0;0.0;0.0;0.0;0.0;0.0;0.0;0.0;0.0;20.4;0.0;0.0;0.0;7.8;0.0;0.0;0.0;0.0;0.0;0.0;0.0;0.0;0.0;0.0;0.0;0.0;0.0;0.0
Irauçuba;JUA;-3.8901111111111;-39.866138888889;2011;8;0.0;0.0;0.0;0.0;0.0;0.0;0.0;0.0;0.0;0.0;0.0;0.0;0.0;0.0;0.0;0.0;0.0;0.0;0.0;0.0;0.0;0.0;0.0;0.0;0.0;0.0;0.0;0.0;0.0;0.0;0.0;0.0
Irauçuba;JUA;-3.8901111111111;-39.866138888889;2011;9;0.0;0.0;0.0;0.0;0.0;0.0;0.0;0.0;0.0;0.0;0.0;0.0;0.0;0.0;0.0;0.0;0.0;0.0;0.0;0.0;0.0;0.0;0.0;0.0;0.0;0.0;0.0;0.0;0.0;0.0;0.0;888.0
Irauçuba;JUA;-3.8901111111111;-39.866138888889;2011;10;3.8;0.0;0.0;0.0;0.0;0.0;0.0;0.0;0.0;0.0;0.0;0.0;0.0;0.0;0.0;0.0;0.0;0.0;0.0;0.0;0.0;0.0;3.8;0.0;0.0;0.0;0.0;0.0;0.0;0.0;0.0;0.0
Irauçuba;JUA;-3.8901111111111;-39.866138888889;2011;11;7.6;7.6;0.0;0.0;0.0;0.0;0.0;0.0;0.0;0.0;0.0;0.0;0.0;0.0;0.0;0.0;0.0;0.0;0.0;0.0;0.0;0.0;0.0;0.0;0.0;0.0;0.0;0.0;0.0;0.0;0.0;888.0
Irauçuba;JUA;-3.8901111111111;-39.866138888889;2011;12;0.0;0.0;0.0;0.0;0.0;0.0;0.0;0.0;0.0;0.0;0.0;0.0;0.0;0.0;0.0;0.0;0.0;0.0;0.0;0.0;0.0;0.0;0.0;0.0;0.0;0.0;0.0;0.0;0.0;0.0;0.0;0.0
Irauçuba;JUA;-3.8901111111111;-39.866138888889;2012;1;7.8;0.0;0.0;0.0;0.0;0.0;0.0;0.0;0.0;0.0;0.0;0.0;0.0;0.0;0.0;0.0;0.0;0.0;0.0;0.0;7.8;0.0;0.0;0.0;0.0;0.0;0.0;0.0;0.0;0.0;0.0;0.0
Irauçuba;JUA;-3.8901111111111;-39.866138888889;2012;2;112.4;0.0;0.0;0.0;0.0;0.0;0.0;0.0;0.0;0.0;0.0;0.0;0.0;0.0;0.0;3.0;0.0;3.6;0.0;34.4;0.0;13.0;0.0;6.0;0.0;12.8;23.4;2.4;6.6;7.2;888.0;888.0
Irauçuba;JUA;-3.8901111111111;-39.866138888889;2012;3;40.4;0.0;0.0;0.0;0.0;0.0;0.0;0.0;0.0;0.0;0.0;0.0;0.0;0.0;0.0;0.0;0.0;0.0;0.0;0.0;5.4;4.2;0.0;0.0;2.6;6.4;0.0;14.6;7.2;0.0;0.0;0.0
Irauçuba;JUA;-3.8901111111111;-39.866138888889;2012;4;13.6;0.0;0.0;3.0;0.0;0.0;0.0;0.0;0.0;0.0;0.0;0.0;0.0;0.0;0.0;0.0;0.0;3.0;0.0;0.0;3.4;0.0;4.2;0.0;0.0;0.0;0.0;0.0;0.0;0.0;0.0;888.0
Irauçuba;JUA;-3.8901111111111;-39.866138888889;2012;5;88.0;4.2;8.6;0.0;29.6;0.0;3.6;11.0;0.0;0.0;0.0;17.6;0.0;0.0;0.0;0.0;0.0;0.0;0.0;4.8;0.0;0.0;0.0;0.0;3.6;0.0;0.0;0.0;0.0;0.0;5.0;0.0
Irauçuba;JUA;-3.8901111111111;-39.866138888889;2012;6;31.6;0.0;0.0;0.0;0.0;0.0;0.0;0.0;0.0;0.0;0.0;0.0;0.0;0.0;0.0;0.0;0.0;0.0;0.0;0.0;0.0;0.0;0.0;0.0;0.0;31.6;0.0;0.0;0.0;0.0;0.0;888.0
Irauçuba;JUA;-3.8901111111111;-39.866138888889;2012;7;0.0;0.0;0.0;0.0;0.0;0.0;0.0;0.0;0.0;0.0;0.0;0.0;0.0;0.0;0.0;0.0;0.0;0.0;0.0;0.0;0.0;0.0;0.0;0.0;0.0;0.0;0.0;0.0;0.0;0.0;0.0;0.0
Irauçuba;JUA;-3.8901111111111;-39.866138888889;2012;8;0.0;0.0;0.0;0.0;0.0;0.0;0.0;0.0;0.0;0.0;0.0;0.0;0.0;0.0;0.0;0.0;0.0;0.0;0.0;0.0;0.0;0.0;0.0;0.0;0.0;0.0;0.0;0.0;0.0;0.0;0.0;0.0
Irauçuba;JUA;-3.8901111111111;-39.866138888889;2012;9;0.0;0.0;0.0;0.0;0.0;0.0;0.0;0.0;0.0;0.0;0.0;0.0;0.0;0.0;0.0;0.0;0.0;0.0;0.0;0.0;0.0;0.0;0.0;0.0;0.0;0.0;0.0;0.0;0.0;0.0;0.0;888.0
Irauçuba;JUA;-3.8901111111111;-39.866138888889;2012;10;0.0;0.0;0.0;0.0;0.0;0.0;0.0;0.0;0.0;0.0;0.0;0.0;0.0;0.0;0.0;0.0;0.0;0.0;0.0;0.0;0.0;0.0;0.0;0.0;0.0;0.0;0.0;0.0;0.0;0.0;0.0;0.0
Irauçuba;JUA;-3.8901111111111;-39.866138888889;2012;11;0.0;0.0;0.0;0.0;0.0;0.0;0.0;0.0;0.0;0.0;0.0;0.0;0.0;0.0;0.0;0.0;0.0;0.0;0.0;0.0;0.0;0.0;0.0;0.0;0.0;0.0;0.0;0.0;0.0;0.0;0.0;888.0
Irauçuba;JUA;-3.8901111111111;-39.866138888889;2012;12;0.0;0.0;0.0;0.0;0.0;0.0;0.0;0.0;0.0;0.0;0.0;0.0;0.0;0.0;0.0;0.0;0.0;0.0;0.0;0.0;0.0;0.0;0.0;0.0;0.0;0.0;0.0;0.0;0.0;0.0;0.0;0.0
Irauçuba;JUA;-3.8901111111111;-39.866138888889;2013;1;63.4;0.0;0.0;0.0;0.0;8.0;0.0;0.0;0.0;0.0;0.0;0.0;0.0;0.0;17.0;0.0;0.0;0.0;0.0;0.0;12.4;26.0;0.0;0.0;0.0;0.0;0.0;0.0;0.0;0.0;0.0;0.0
Irauçuba;JUA;-3.8901111111111;-39.866138888889;2013;2;26.8;0.0;0.0;0.0;0.0;0.0;0.0;0.0;0.0;0.0;0.0;0.0;0.0;0.0;0.0;0.0;9.2;0.0;9.0;0.0;8.6;0.0;0.0;0.0;0.0;0.0;0.0;0.0;0.0;888.0;888.0;888.0
Irauçuba;JUA;-3.8901111111111;-39.866138888889;2013;3;12.4;0.0;0.0;0.0;0.0;0.0;0.0;0.0;0.0;0.0;0.0;0.0;0.0;0.0;0.0;0.0;0.0;0.0;0.0;4.4;0.0;0.0;0.0;0.0;4.8;2.0;0.0;0.0;0.0;0.0;1.2;0.0
Irauçuba;JUA;-3.8901111111111;-39.866138888889;2013;4;50.0;3.6;0.0;0.0;0.0;0.0;0.0;0.0;0.0;0.0;3.4;0.0;0.0;0.0;0.0;0.0;0.0;0.0;0.0;13.4;14.0;0.0;0.0;0.0;0.0;0.0;3.0;0.0;0.0;1.6;11.0;888.0
Irauçuba;JUA;-3.8901111111111;-39.866138888889;2013;5;126.6;5.8;0.0;0.0;0.0;0.0;0.0;0.0;2.0;0.0;18.8;0.0;0.0;0.0;0.0;27.0;0.0;0.0;0.0;62.6;0.0;0.0;0.0;0.0;10.4;0.0;0.0;0.0;0.0;0.0;0.0;0.0
Irauçuba;JUA;-3.8901111111111;-39.866138888889;2013;6;3.0;0.0;0.0;0.0;0.0;0.0;0.0;0.0;0.0;0.0;0.0;0.0;0.0;0.0;0.0;0.0;0.0;0.0;0.0;0.0;0.0;3.0;0.0;0.0;0.0;0.0;0.0;0.0;0.0;0.0;0.0;888.0
Irauçuba;JUA;-3.8901111111111;-39.866138888889;2013;7;41.8;0.0;0.0;0.0;0.0;14.0;0.0;0.0;0.0;0.0;0.0;0.0;0.0;0.0;27.8;0.0;0.0;0.0;0.0;0.0;0.0;0.0;0.0;0.0;0.0;0.0;0.0;0.0;0.0;0.0;0.0;0.0
Irauçuba;JUA;-3.8901111111111;-39.866138888889;2013;8;0.0;0.0;0.0;0.0;0.0;0.0;0.0;0.0;0.0;0.0;0.0;0.0;0.0;0.0;0.0;0.0;0.0;0.0;0.0;0.0;0.0;0.0;0.0;0.0;0.0;0.0;0.0;0.0;0.0;0.0;0.0;0.0
Irauçuba;JUA;-3.8901111111111;-39.866138888889;2013;9;0.0;0.0;0.0;0.0;0.0;0.0;0.0;0.0;0.0;0.0;0.0;0.0;0.0;0.0;0.0;0.0;0.0;0.0;0.0;0.0;0.0;0.0;0.0;0.0;0.0;0.0;0.0;0.0;0.0;0.0;0.0;888.0
Irauçuba;JUA;-3.8901111111111;-39.866138888889;2013;10;0.0;0.0;0.0;0.0;0.0;0.0;0.0;0.0;0.0;0.0;0.0;0.0;0.0;0.0;0.0;0.0;0.0;0.0;0.0;0.0;0.0;0.0;0.0;0.0;0.0;0.0;0.0;0.0;0.0;0.0;0.0;0.0
Irauçuba;JUA;-3.8901111111111;-39.866138888889;2013;11;0.0;0.0;0.0;0.0;0.0;0.0;0.0;0.0;0.0;0.0;0.0;0.0;0.0;0.0;0.0;0.0;0.0;0.0;0.0;0.0;0.0;0.0;0.0;0.0;0.0;0.0;0.0;0.0;0.0;0.0;0.0;888.0
Irauçuba;JUA;-3.8901111111111;-39.866138888889;2013;12;18.2;0.0;0.0;0.0;0.0;0.0;0.0;0.0;0.0;0.0;0.0;0.0;0.0;0.0;0.0;0.0;0.0;0.0;0.0;0.0;18.2;0.0;0.0;0.0;0.0;0.0;0.0;0.0;0.0;0.0;0.0;0.0
Irauçuba;JUA;-3.8901111111111;-39.866138888889;2014;1;51.6;0.0;0.0;0.0;0.0;0.0;0.0;0.0;24.8;0.0;0.0;0.0;0.0;2.8;0.0;0.0;0.0;0.0;0.0;0.0;0.0;0.0;0.0;0.0;0.0;0.0;0.0;0.0;0.0;0.0;0.0;24.0
Irauçuba;JUA;-3.8901111111111;-39.866138888889;2014;2;34.4;0.0;0.0;0.0;0.0;0.0;0.0;0.0;0.0;0.0;0.0;0.0;0.0;0.0;0.0;3.0;0.0;18.0;0.0;0.0;0.0;13.4;0.0;0.0;0.0;0.0;0.0;0.0;0.0;888.0;888.0;888.0
Irauçuba;JUA;-3.8901111111111;-39.866138888889;2014;3;71.0;0.0;0.0;0.0;0.0;4.4;0.0;0.0;0.0;0.0;0.0;0.0;0.0;5.4;4.0;0.0;0.0;41.2;0.0;6.0;0.0;0.0;0.0;0.0;0.0;0.0;0.0;0.0;0.0;0.0;0.0;10.0
Irauçuba;JUA;-3.8901111111111;-39.866138888889;2014;4;45.4;0.0;0.0;0.0;0.0;0.0;0.0;0.0;0.0;0.0;6.4;0.0;0.0;0.0;0.0;0.0;0.0;0.0;0.0;0.0;0.0;0.0;0.0;3.8;2.2;0.0;0.0;0.0;0.0;33.0;0.0;888.0
Irauçuba;JUA;-3.8901111111111;-39.866138888889;2014;5;107.0;75.0;18.4;0.0;0.0;0.0;0.0;0.0;0.0;0.0;0.0;0.0;4.0;0.0;0.0;7.2;0.0;0.0;0.0;0.0;0.0;0.0;0.0;2.4;0.0;0.0;0.0;0.0;0.0;0.0;0.0;0.0
Irauçuba;JUA;-3.8901111111111;-39.866138888889;2014;6;0.0;0.0;0.0;0.0;0.0;0.0;0.0;0.0;0.0;0.0;0.0;0.0;0.0;0.0;0.0;0.0;0.0;0.0;0.0;0.0;0.0;0.0;0.0;0.0;0.0;0.0;0.0;0.0;0.0;0.0;0.0;888.0
Irauçuba;JUA;-3.8901111111111;-39.866138888889;2014;7;0.0;0.0;0.0;0.0;0.0;0.0;0.0;0.0;0.0;0.0;0.0;0.0;0.0;0.0;0.0;0.0;0.0;0.0;0.0;0.0;0.0;0.0;0.0;0.0;0.0;0.0;0.0;0.0;0.0;0.0;0.0;0.0
Irauçuba;JUA;-3.8901111111111;-39.866138888889;2014;8;0.0;0.0;0.0;0.0;0.0;0.0;0.0;0.0;0.0;0.0;0.0;0.0;0.0;0.0;0.0;0.0;0.0;0.0;0.0;0.0;0.0;0.0;0.0;0.0;0.0;0.0;0.0;0.0;0.0;0.0;0.0;0.0
Irauçuba;JUA;-3.8901111111111;-39.866138888889;2014;9;0.0;0.0;0.0;0.0;0.0;0.0;0.0;0.0;0.0;0.0;0.0;0.0;0.0;0.0;0.0;0.0;0.0;0.0;0.0;0.0;0.0;0.0;0.0;0.0;0.0;0.0;0.0;0.0;0.0;0.0;0.0;888.0
Irauçuba;JUA;-3.8901111111111;-39.866138888889;2014;10;0.0;0.0;0.0;0.0;0.0;0.0;0.0;0.0;0.0;0.0;0.0;0.0;0.0;0.0;0.0;0.0;0.0;0.0;0.0;0.0;0.0;0.0;0.0;0.0;0.0;0.0;0.0;0.0;0.0;0.0;0.0;0.0
Irauçuba;JUA;-3.8901111111111;-39.866138888889;2014;11;0.0;0.0;0.0;0.0;0.0;0.0;0.0;0.0;0.0;0.0;0.0;0.0;0.0;0.0;0.0;0.0;0.0;0.0;0.0;0.0;0.0;0.0;0.0;0.0;0.0;0.0;0.0;0.0;0.0;0.0;0.0;888.0
Irauçuba;JUA;-3.8901111111111;-39.866138888889;2014;12;0.0;0.0;0.0;0.0;0.0;0.0;0.0;0.0;0.0;0.0;0.0;0.0;0.0;0.0;0.0;0.0;0.0;0.0;0.0;0.0;0.0;0.0;0.0;0.0;0.0;0.0;0.0;0.0;0.0;0.0;0.0;0.0
Irauçuba;JUA;-3.8901111111111;-39.866138888889;2015;1;39.6;0.0;0.0;0.0;7.6;0.0;0.0;0.0;0.0;0.0;0.0;0.0;0.0;0.0;0.0;0.0;0.0;0.0;0.0;0.0;0.0;0.0;3.8;0.0;0.0;18.0;10.2;0.0;0.0;0.0;0.0;0.0
Irauçuba;JUA;-3.8901111111111;-39.866138888889;2015;2;39.0;0.0;0.0;7.0;0.0;0.0;0.0;0.0;0.0;0.0;0.0;0.0;0.0;0.0;0.0;0.0;0.0;0.0;0.0;0.0;0.0;0.0;3.8;0.0;0.0;18.0;10.2;0.0;0.0;888.0;888.0;888.0
Irauçuba;JUA;-3.8901111111111;-39.866138888889;2015;3;117.0;0.0;0.0;0.0;0.0;0.0;6.2;7.4;0.0;0.0;0.0;0.0;0.0;15.0;0.0;0.0;0.0;0.0;0.0;0.0;0.0;0.0;65.8;15.0;0.0;0.0;3.0;0.0;4.6;0.0;0.0;0.0
Irauçuba;JUA;-3.8901111111111;-39.866138888889;2015;4;108.4;0.0;37.0;0.0;37.2;0.0;0.0;0.0;0.0;0.0;0.0;9.8;5.4;3.6;10.0;0.0;0.0;0.0;0.0;0.0;0.0;0.0;0.0;5.4;0.0;0.0;0.0;0.0;0.0;0.0;0.0;888.0
Irauçuba;JUA;-3.8901111111111;-39.866138888889;2015;5;0.0;0.0;0.0;0.0;0.0;0.0;0.0;0.0;0.0;0.0;0.0;0.0;0.0;0.0;0.0;0.0;0.0;0.0;0.0;0.0;0.0;0.0;0.0;0.0;0.0;0.0;0.0;0.0;0.0;0.0;0.0;0.0
Irauçuba;JUA;-3.8901111111111;-39.866138888889;2015;6;12.0;0.0;0.0;0.0;0.0;0.0;0.0;0.0;0.0;0.0;0.0;0.0;0.0;0.0;0.0;0.0;0.0;0.0;0.0;0.0;0.0;0.0;0.0;0.0;0.0;0.0;12.0;0.0;0.0;0.0;0.0;888.0
Irauçuba;JUA;-3.8901111111111;-39.866138888889;2015;7;26.0;0.0;0.0;1.6;0.0;13.2;0.0;0.0;0.0;0.0;0.0;0.0;0.0;0.0;0.0;0.0;0.0;11.2;0.0;0.0;0.0;0.0;0.0;0.0;0.0;0.0;0.0;0.0;0.0;0.0;0.0;0.0
Irauçuba;JUA;-3.8901111111111;-39.866138888889;2015;8;0.0;0.0;0.0;0.0;0.0;0.0;0.0;0.0;0.0;0.0;0.0;0.0;0.0;0.0;0.0;0.0;0.0;0.0;0.0;0.0;0.0;0.0;0.0;0.0;0.0;0.0;0.0;0.0;0.0;0.0;0.0;0.0
Irauçuba;JUA;-3.8901111111111;-39.866138888889;2015;9;0.0;0.0;0.0;0.0;0.0;0.0;0.0;0.0;0.0;0.0;0.0;0.0;0.0;0.0;0.0;0.0;0.0;0.0;0.0;0.0;0.0;0.0;0.0;0.0;0.0;0.0;0.0;0.0;0.0;0.0;0.0;888.0
Irauçuba;JUA;-3.8901111111111;-39.866138888889;2015;10;0.0;0.0;0.0;0.0;0.0;0.0;0.0;0.0;0.0;0.0;0.0;0.0;0.0;0.0;0.0;0.0;0.0;0.0;0.0;0.0;0.0;0.0;0.0;0.0;0.0;0.0;0.0;0.0;0.0;0.0;0.0;0.0
Irauçuba;JUA;-3.8901111111111;-39.866138888889;2015;11;0.0;0.0;0.0;0.0;0.0;0.0;0.0;0.0;0.0;0.0;0.0;0.0;0.0;0.0;0.0;0.0;0.0;0.0;0.0;0.0;0.0;0.0;0.0;0.0;0.0;0.0;0.0;0.0;0.0;0.0;0.0;888.0
Irauçuba;JUA;-3.8901111111111;-39.866138888889;2015;12;0.0;0.0;0.0;0.0;0.0;0.0;0.0;0.0;0.0;0.0;0.0;0.0;0.0;0.0;0.0;0.0;0.0;0.0;0.0;0.0;0.0;0.0;0.0;0.0;0.0;0.0;0.0;0.0;0.0;0.0;0.0;0.0
Irauçuba;JUA;-3.8901111111111;-39.866138888889;2016;1;234.4;0.0;0.0;0.0;0.0;0.0;0.0;62.6;48.0;0.0;0.0;3.4;0.0;0.0;0.0;0.0;0.0;0.0;12.6;5.6;0.0;33.6;32.2;7.2;0.0;20.0;0.0;9.2;0.0;0.0;0.0;0.0
Irauçuba;JUA;-3.8901111111111;-39.866138888889;2016;2;70.4;0.0;0.0;48.2;7.0;0.0;0.0;0.0;0.0;0.0;0.0;0.0;0.0;0.0;0.0;0.0;0.0;0.0;0.0;0.0;0.0;0.0;0.0;0.0;0.0;0.0;0.0;15.2;0.0;0.0;888.0;888.0
Irauçuba;JUA;-3.8901111111111;-39.866138888889;2016;3;19.0;0.0;0.0;0.0;0.0;0.0;0.0;0.0;0.0;0.0;0.0;0.0;0.0;0.0;0.0;0.0;0.0;15.4;0.0;0.0;0.0;0.0;3.6;0.0;0.0;0.0;0.0;0.0;0.0;0.0;0.0;0.0
Irauçuba;JUA;-3.8901111111111;-39.866138888889;2016;4;71.4;0.0;0.0;0.0;5.0;0.0;10.0;0.0;12.0;0.0;15.4;10.0;7.8;0.0;0.0;0.0;0.0;11.2;0.0;0.0;0.0;0.0;0.0;0.0;0.0;0.0;0.0;0.0;0.0;0.0;0.0;888.0
Irauçuba;JUA;-3.8901111111111;-39.866138888889;2016;5;44.0;0.0;10.0;0.0;0.0;0.0;0.0;0.0;0.0;4.4;0.0;0.0;15.4;0.0;0.0;3.4;0.0;0.0;0.0;0.0;0.0;0.0;0.0;0.0;0.0;0.0;0.0;0.0;0.0;0.0;0.0;10.8
Irauçuba;JUA;-3.8901111111111;-39.866138888889;2016;6;21.4;0.0;0.0;0.0;0.0;0.0;0.0;21.4;0.0;0.0;0.0;0.0;0.0;0.0;0.0;0.0;0.0;0.0;0.0;0.0;0.0;0.0;0.0;0.0;0.0;0.0;0.0;0.0;0.0;0.0;0.0;888.0
Irauçuba;JUA;-3.8901111111111;-39.866138888889;2016;7;0.0;0.0;0.0;0.0;0.0;0.0;0.0;0.0;0.0;0.0;0.0;0.0;0.0;0.0;0.0;0.0;0.0;0.0;0.0;0.0;0.0;0.0;0.0;0.0;0.0;0.0;0.0;0.0;0.0;0.0;0.0;0.0
Irauçuba;JUA;-3.8901111111111;-39.866138888889;2016;10;0.0;0.0;0.0;0.0;0.0;0.0;0.0;0.0;0.0;0.0;0.0;0.0;0.0;0.0;999.0;999.0;999.0;999.0;999.0;999.0;999.0;999.0;999.0;999.0;999.0;999.0;999.0;999.0;999.0;999.0;999.0;999.0
Irauçuba;JUA;-3.8901111111111;-39.866138888889;2017;1;13.6;0.0;0.0;0.0;0.0;0.0;0.0;0.0;0.0;0.0;0.0;0.0;0.0;0.0;0.0;0.0;0.0;0.0;0.0;0.0;13.6;0.0;0.0;0.0;0.0;0.0;0.0;0.0;0.0;0.0;0.0;0.0
Irauçuba;JUA;-3.8901111111111;-39.866138888889;2017;2;180.6;19.0;0.0;0.0;0.0;0.0;0.0;0.0;0.0;19.0;0.0;67.2;0.0;12.6;0.0;4.4;0.0;0.0;15.4;0.0;18.0;0.0;6.6;0.0;0.0;0.0;0.0;18.4;0.0;888.0;888.0;888.0
Irauçuba;JUA;-3.8901111111111;-39.866138888889;2017;3;133.4;0.0;4.0;0.0;0.0;54.6;0.0;0.0;6.6;0.0;0.0;3.8;0.0;0.0;0.0;9.6;8.4;0.0;0.0;0.0;0.0;0.0;0.0;10.8;15.4;0.0;0.0;20.2;0.0;0.0;0.0;0.0
Irauçuba;JUA;-3.8901111111111;-39.866138888889;2017;4;82.6;22.0;0.0;0.0;0.0;0.0;0.0;17.0;0.0;0.0;0.0;0.0;4.0;0.0;16.2;9.4;0.0;0.0;0.0;0.0;0.0;14.0;0.0;0.0;0.0;0.0;0.0;0.0;0.0;0.0;0.0;888.0
Irauçuba;JUA;-3.8901111111111;-39.866138888889;2017;5;0.0;0.0;0.0;0.0;0.0;0.0;0.0;0.0;0.0;0.0;0.0;0.0;0.0;0.0;0.0;0.0;0.0;0.0;0.0;0.0;0.0;0.0;0.0;0.0;0.0;0.0;0.0;0.0;0.0;0.0;0.0;0.0
Irauçuba;JUA;-3.8901111111111;-39.866138888889;2017;6;0.0;0.0;0.0;0.0;0.0;0.0;0.0;0.0;0.0;0.0;0.0;0.0;0.0;0.0;0.0;0.0;0.0;0.0;0.0;0.0;0.0;0.0;0.0;0.0;0.0;0.0;0.0;0.0;0.0;0.0;0.0;888.0
Irauçuba;JUA;-3.8901111111111;-39.866138888889;2017;7;0.0;0.0;0.0;0.0;0.0;0.0;0.0;0.0;0.0;0.0;0.0;0.0;0.0;0.0;0.0;0.0;0.0;0.0;0.0;0.0;0.0;0.0;0.0;0.0;0.0;0.0;0.0;0.0;0.0;0.0;0.0;0.0
Irauçuba;JUA;-3.8901111111111;-39.866138888889;2017;8;0.0;0.0;0.0;0.0;0.0;0.0;0.0;0.0;0.0;0.0;0.0;0.0;0.0;0.0;0.0;0.0;0.0;0.0;0.0;0.0;0.0;0.0;0.0;0.0;0.0;0.0;0.0;0.0;0.0;0.0;0.0;0.0
Irauçuba;JUA;-3.8901111111111;-39.866138888889;2017;9;0.0;0.0;0.0;0.0;0.0;0.0;0.0;0.0;0.0;0.0;0.0;0.0;0.0;0.0;0.0;0.0;0.0;0.0;0.0;0.0;0.0;0.0;0.0;0.0;0.0;0.0;0.0;0.0;0.0;0.0;0.0;888.0
Irauçuba;JUA;-3.8901111111111;-39.866138888889;2017;10;0.0;0.0;0.0;0.0;0.0;0.0;0.0;0.0;0.0;0.0;0.0;0.0;0.0;0.0;0.0;0.0;0.0;0.0;0.0;0.0;0.0;0.0;0.0;0.0;0.0;0.0;0.0;0.0;0.0;0.0;0.0;0.0
Irauçuba;JUA;-3.8901111111111;-39.866138888889;2017;11;0.0;0.0;0.0;0.0;0.0;0.0;0.0;0.0;0.0;0.0;0.0;0.0;0.0;0.0;0.0;0.0;0.0;0.0;0.0;0.0;0.0;0.0;0.0;0.0;0.0;0.0;0.0;0.0;0.0;0.0;0.0;888.0
Irauçuba;JUA;-3.8901111111111;-39.866138888889;2017;12;6.4;0.0;0.0;0.0;0.0;0.0;0.0;0.0;0.0;0.0;0.0;0.0;0.0;0.0;0.0;0.0;0.0;0.0;0.0;0.0;0.0;0.0;0.0;0.0;6.4;0.0;0.0;0.0;0.0;0.0;0.0;0.0
Irauçuba;JUA;-3.8901111111111;-39.866138888889;2018;1;12.8;0.0;0.0;0.0;0.0;0.0;0.0;0.0;0.0;0.0;0.0;0.0;0.0;0.0;0.0;0.0;0.0;0.0;0.0;0.0;0.0;0.0;0.0;0.0;0.0;0.0;0.0;0.0;9.6;0.0;3.2;0.0
Irauçuba;JUA;-3.8901111111111;-39.866138888889;2018;2;218.6;0.0;8.4;0.0;0.0;16.0;0.0;0.0;0.0;14.6;0.0;0.0;17.0;0.0;9.8;72.8;0.0;0.0;0.0;60.0;0.0;0.0;0.0;0.0;20.0;0.0;0.0;0.0;0.0;888.0;888.0;888.0
Irauçuba;JUA;-3.8901111111111;-39.866138888889;2018;3;88.8;0.0;0.0;0.0;0.0;0.0;5.0;0.0;0.0;10.6;11.2;0.0;0.0;0.0;0.0;0.0;0.0;0.0;0.0;0.0;0.0;0.0;0.0;15.4;0.0;0.0;0.0;13.4;29.6;3.6;0.0;0.0
Irauçuba;JUA;-3.8901111111111;-39.866138888889;2018;4;90.2;0.0;0.0;17.8;0.0;5.6;0.0;0.0;0.0;0.0;0.0;0.0;17.2;0.0;0.0;0.0;9.6;25.0;0.0;0.0;0.0;0.0;0.0;4.0;0.0;0.0;0.0;0.0;0.0;0.0;11.0;888.0
Irauçuba;JUA;-3.8901111111111;-39.866138888889;2018;5;91.2;0.0;16.4;0.0;0.0;0.0;0.0;0.0;0.0;0.0;26.6;0.0;17.4;0.0;0.0;0.0;21.8;0.0;9.0;0.0;0.0;0.0;0.0;0.0;0.0;0.0;0.0;0.0;0.0;0.0;0.0;0.0
Irauçuba;JUA;-3.8901111111111;-39.866138888889;2018;6;0.0;0.0;0.0;0.0;0.0;0.0;0.0;0.0;0.0;0.0;0.0;0.0;0.0;0.0;0.0;0.0;0.0;0.0;0.0;0.0;0.0;0.0;0.0;0.0;0.0;0.0;0.0;0.0;0.0;0.0;0.0;888.0
Irauçuba;JUA;-3.8901111111111;-39.866138888889;2018;7;9.6;0.0;0.0;0.0;0.0;0.0;0.0;0.0;9.6;0.0;0.0;0.0;0.0;0.0;0.0;0.0;0.0;0.0;0.0;0.0;0.0;0.0;0.0;0.0;0.0;0.0;0.0;0.0;0.0;0.0;0.0;0.0
Irauçuba;JUA;-3.8901111111111;-39.866138888889;2018;8;0.0;0.0;0.0;0.0;0.0;0.0;0.0;0.0;0.0;0.0;0.0;0.0;0.0;0.0;0.0;0.0;0.0;0.0;0.0;0.0;0.0;0.0;999.0;999.0;999.0;999.0;999.0;999.0;999.0;999.0;999.0;999.0
