Municipios;Postos;Latitude;Longitude;Anos;Meses;Total;Dia1;Dia2;Dia3;Dia4;Dia5;Dia6;Dia7;Dia8;Dia9;Dia10;Dia11;Dia12;Dia13;Dia14;Dia15;Dia16;Dia17;Dia18;Dia19;Dia20;Dia21;Dia22;Dia23;Dia24;Dia25;Dia26;Dia27;Dia28;Dia29;Dia30;Dia31
Iracema;BASTIOES;-5.8670555555556;-38.397527777778;2000;6;0.0;0.0;999.0;999.0;999.0;999.0;999.0;999.0;999.0;999.0;999.0;999.0;999.0;999.0;999.0;999.0;999.0;999.0;999.0;999.0;999.0;999.0;999.0;999.0;999.0;999.0;999.0;999.0;999.0;999.0;999.0;888.0
Iracema;BASTIOES;-5.8670555555556;-38.397527777778;2000;7;18.4;0.0;0.0;0.0;0.0;0.0;0.0;0.0;0.0;0.0;2.2;1.0;2.0;0.0;3.4;0.0;0.0;0.0;0.0;0.0;0.0;0.0;0.0;0.0;0.0;0.0;3.0;0.0;0.0;0.0;0.0;6.8
Iracema;BASTIOES;-5.8670555555556;-38.397527777778;2000;8;139.4;43.6;0.0;0.0;0.0;36.4;2.0;0.0;42.6;14.8;0.0;0.0;0.0;0.0;0.0;0.0;0.0;0.0;0.0;0.0;0.0;0.0;0.0;0.0;0.0;0.0;0.0;0.0;0.0;0.0;0.0;0.0
Iracema;BASTIOES;-5.8670555555556;-38.397527777778;2000;9;0.0;0.0;0.0;0.0;0.0;0.0;0.0;0.0;0.0;0.0;0.0;0.0;0.0;0.0;0.0;0.0;0.0;0.0;0.0;0.0;0.0;0.0;0.0;0.0;0.0;0.0;0.0;0.0;0.0;0.0;0.0;888.0
Iracema;BASTIOES;-5.8670555555556;-38.397527777778;2000;10;0.0;0.0;0.0;0.0;0.0;0.0;0.0;0.0;0.0;0.0;0.0;0.0;0.0;0.0;0.0;0.0;0.0;0.0;0.0;0.0;0.0;0.0;0.0;0.0;0.0;0.0;0.0;0.0;0.0;0.0;0.0;0.0
Iracema;BASTIOES;-5.8670555555556;-38.397527777778;2000;11;0.0;0.0;0.0;0.0;0.0;0.0;0.0;0.0;0.0;0.0;0.0;0.0;0.0;0.0;0.0;0.0;0.0;0.0;0.0;0.0;0.0;0.0;0.0;0.0;0.0;0.0;0.0;0.0;0.0;0.0;0.0;888.0
Iracema;BASTIOES;-5.8670555555556;-38.397527777778;2000;12;39.5;0.0;0.0;0.0;0.0;0.0;0.0;0.0;0.0;0.0;0.0;0.0;0.0;0.0;6.3;23.2;10.0;0.0;0.0;0.0;0.0;0.0;0.0;0.0;0.0;0.0;0.0;0.0;0.0;0.0;0.0;0.0
Iracema;BASTIOES;-5.8670555555556;-38.397527777778;2001;1;43.8;0.0;0.0;0.0;0.0;0.0;0.0;0.0;0.0;0.0;0.0;0.0;13.0;13.4;17.4;0.0;0.0;0.0;0.0;0.0;0.0;0.0;0.0;0.0;0.0;0.0;0.0;0.0;0.0;0.0;0.0;0.0
Iracema;BASTIOES;-5.8670555555556;-38.397527777778;2001;2;35.0;0.0;0.0;0.0;35.0;0.0;0.0;0.0;0.0;0.0;0.0;0.0;0.0;0.0;0.0;0.0;0.0;0.0;0.0;0.0;0.0;0.0;0.0;0.0;0.0;0.0;0.0;0.0;0.0;888.0;888.0;888.0
Iracema;BASTIOES;-5.8670555555556;-38.397527777778;2001;3;406.2;16.8;2.0;22.4;0.0;0.0;0.0;0.0;0.0;13.0;16.0;5.8;63.0;26.8;0.0;74.6;13.0;0.0;0.0;14.0;0.0;4.0;29.0;11.0;0.0;0.0;0.0;0.0;0.0;0.0;94.8;0.0
Iracema;BASTIOES;-5.8670555555556;-38.397527777778;2001;4;135.2;26.4;0.0;5.2;0.0;0.0;0.0;0.0;0.0;0.0;0.0;21.4;0.0;0.0;14.4;6.0;16.2;0.0;0.0;8.2;0.0;0.0;0.0;0.0;0.0;0.0;0.0;21.8;12.4;3.2;0.0;888.0
Iracema;BASTIOES;-5.8670555555556;-38.397527777778;2001;5;6.0;0.0;0.0;0.0;0.0;0.0;0.0;0.0;0.0;0.0;0.0;0.0;0.0;0.0;0.0;0.0;0.0;0.0;0.0;0.0;6.0;0.0;0.0;0.0;0.0;0.0;0.0;0.0;0.0;0.0;0.0;0.0
Iracema;BASTIOES;-5.8670555555556;-38.397527777778;2001;6;30.8;0.0;17.0;0.0;1.8;0.0;0.0;3.8;0.0;0.0;0.0;0.0;0.0;0.0;0.0;0.0;0.0;0.0;0.0;0.0;0.0;0.0;0.0;8.2;0.0;0.0;0.0;0.0;0.0;0.0;0.0;888.0
Iracema;BASTIOES;-5.8670555555556;-38.397527777778;2001;7;121.8;0.0;17.0;0.0;1.8;0.0;0.0;3.8;0.0;0.0;0.0;0.0;0.0;0.0;36.6;0.0;0.0;0.0;0.0;0.0;11.4;31.8;0.0;8.2;0.0;0.0;0.0;4.6;6.6;0.0;0.0;0.0
Iracema;BASTIOES;-5.8670555555556;-38.397527777778;2001;8;0.0;0.0;0.0;0.0;0.0;0.0;0.0;0.0;0.0;0.0;0.0;0.0;0.0;0.0;0.0;0.0;0.0;0.0;0.0;0.0;0.0;0.0;0.0;0.0;0.0;0.0;0.0;0.0;0.0;0.0;0.0;0.0
Iracema;BASTIOES;-5.8670555555556;-38.397527777778;2001;9;0.0;0.0;0.0;0.0;0.0;0.0;0.0;0.0;0.0;0.0;0.0;0.0;0.0;0.0;0.0;0.0;0.0;0.0;0.0;0.0;0.0;0.0;0.0;0.0;0.0;0.0;0.0;0.0;0.0;0.0;0.0;888.0
Iracema;BASTIOES;-5.8670555555556;-38.397527777778;2001;10;0.0;0.0;0.0;0.0;0.0;0.0;0.0;0.0;0.0;0.0;0.0;0.0;0.0;0.0;0.0;0.0;0.0;0.0;0.0;0.0;0.0;0.0;0.0;0.0;0.0;0.0;0.0;0.0;0.0;0.0;0.0;0.0
Iracema;BASTIOES;-5.8670555555556;-38.397527777778;2001;11;6.2;0.0;0.0;0.0;0.0;0.0;0.0;0.0;0.0;0.0;0.0;0.0;0.0;0.0;0.0;0.0;0.0;0.0;0.0;0.0;0.0;0.0;0.0;0.0;0.0;0.0;0.0;0.0;6.2;0.0;0.0;888.0
Iracema;BASTIOES;-5.8670555555556;-38.397527777778;2001;12;10.0;0.0;0.0;0.0;0.0;0.0;0.0;0.0;0.0;0.0;0.0;0.0;0.0;0.0;0.0;0.0;0.0;0.0;0.0;0.0;0.0;0.0;0.0;0.0;0.0;0.0;0.0;0.0;0.0;0.0;10.0;0.0
Iracema;BASTIOES;-5.8670555555556;-38.397527777778;2002;1;288.6;0.0;0.0;0.0;0.0;0.0;42.0;28.2;0.0;0.0;28.0;0.0;0.0;35.0;64.0;0.0;0.0;0.0;44.0;0.0;0.0;0.0;20.1;0.0;0.0;0.0;0.0;23.2;0.0;0.0;4.1;0.0
Iracema;BASTIOES;-5.8670555555556;-38.397527777778;2002;2;115.3;0.0;0.0;0.0;66.0;15.0;0.0;0.0;0.0;0.0;0.0;0.0;11.3;0.0;15.0;0.0;0.0;0.0;0.0;0.0;8.0;0.0;0.0;0.0;0.0;0.0;0.0;0.0;0.0;888.0;888.0;888.0
Iracema;BASTIOES;-5.8670555555556;-38.397527777778;2002;3;277.0;0.0;0.0;12.1;10.4;34.0;23.1;41.3;15.2;0.0;0.0;0.0;0.0;0.0;0.0;0.0;0.0;0.0;62.1;37.2;17.2;0.0;0.0;0.0;15.0;0.0;0.0;0.0;0.0;6.0;3.4;0.0
Iracema;BASTIOES;-5.8670555555556;-38.397527777778;2002;4;376.1;33.0;29.3;5.1;0.0;5.7;23.2;31.0;0.0;0.0;3.3;47.1;0.0;14.0;0.0;0.0;2.1;0.0;15.2;0.0;11.0;0.0;0.0;3.3;0.0;0.0;56.2;0.0;11.4;85.2;0.0;888.0
Iracema;BASTIOES;-5.8670555555556;-38.397527777778;2002;5;269.4;15.3;100.0;0.0;0.0;0.0;0.0;16.0;0.0;0.0;0.0;0.0;0.0;0.0;0.0;0.0;75.0;49.0;0.0;0.0;0.0;4.1;10.0;0.0;0.0;0.0;0.0;0.0;0.0;0.0;0.0;0.0
Iracema;BASTIOES;-5.8670555555556;-38.397527777778;2002;6;37.6;19.0;0.0;0.0;0.0;0.0;0.0;0.0;0.0;0.0;0.0;0.0;0.0;0.0;0.0;0.0;13.3;0.0;0.0;5.3;0.0;0.0;0.0;0.0;0.0;0.0;0.0;0.0;0.0;0.0;0.0;888.0
Iracema;BASTIOES;-5.8670555555556;-38.397527777778;2002;7;0.0;0.0;0.0;0.0;0.0;0.0;0.0;0.0;0.0;0.0;0.0;0.0;0.0;0.0;0.0;0.0;0.0;0.0;0.0;0.0;0.0;0.0;0.0;0.0;0.0;0.0;0.0;0.0;0.0;0.0;0.0;0.0
Iracema;BASTIOES;-5.8670555555556;-38.397527777778;2002;8;0.0;0.0;0.0;0.0;0.0;0.0;0.0;0.0;0.0;0.0;0.0;0.0;0.0;0.0;0.0;0.0;0.0;0.0;0.0;0.0;0.0;0.0;0.0;0.0;0.0;0.0;0.0;0.0;0.0;0.0;0.0;0.0
Iracema;BASTIOES;-5.8670555555556;-38.397527777778;2002;9;0.0;0.0;0.0;0.0;0.0;0.0;0.0;0.0;0.0;0.0;0.0;0.0;0.0;0.0;0.0;0.0;0.0;0.0;0.0;0.0;0.0;0.0;0.0;0.0;0.0;0.0;0.0;0.0;0.0;0.0;0.0;888.0
Iracema;BASTIOES;-5.8670555555556;-38.397527777778;2002;10;0.0;0.0;0.0;0.0;0.0;0.0;0.0;0.0;0.0;0.0;0.0;0.0;0.0;0.0;0.0;0.0;0.0;0.0;0.0;0.0;0.0;0.0;0.0;0.0;0.0;0.0;0.0;0.0;0.0;0.0;0.0;0.0
Iracema;BASTIOES;-5.8670555555556;-38.397527777778;2002;11;0.0;0.0;0.0;0.0;0.0;0.0;0.0;0.0;0.0;0.0;0.0;0.0;0.0;0.0;0.0;0.0;0.0;0.0;0.0;0.0;0.0;0.0;0.0;0.0;0.0;0.0;0.0;0.0;0.0;0.0;0.0;888.0
Iracema;BASTIOES;-5.8670555555556;-38.397527777778;2002;12;0.0;0.0;0.0;0.0;0.0;0.0;0.0;0.0;0.0;0.0;0.0;0.0;0.0;0.0;0.0;0.0;0.0;0.0;0.0;0.0;0.0;0.0;0.0;0.0;0.0;0.0;0.0;0.0;0.0;0.0;0.0;0.0
Iracema;BASTIOES;-5.8670555555556;-38.397527777778;2003;1;156.9;0.0;0.0;0.0;0.0;0.0;0.0;0.0;0.0;0.0;0.0;0.0;0.0;0.0;0.0;0.0;0.0;0.0;0.0;17.0;60.0;0.0;0.0;0.0;0.0;0.0;0.0;7.2;41.2;0.0;23.3;8.2
Iracema;BASTIOES;-5.8670555555556;-38.397527777778;2003;2;253.8;14.2;0.0;10.0;0.0;0.0;0.0;0.0;0.0;0.0;0.0;0.0;20.0;0.0;0.0;0.0;7.0;0.0;4.2;0.0;28.2;5.2;0.0;55.0;52.0;42.0;16.0;0.0;0.0;888.0;888.0;888.0
Iracema;BASTIOES;-5.8670555555556;-38.397527777778;2003;3;137.1;0.0;0.0;0.0;0.0;15.0;0.0;0.0;11.4;0.0;4.0;0.0;0.0;0.0;18.0;0.0;12.3;7.0;14.4;0.0;0.0;0.0;27.0;0.0;9.0;0.0;0.0;0.0;0.0;0.0;19.0;0.0
Iracema;BASTIOES;-5.8670555555556;-38.397527777778;2003;4;160.0;12.4;8.0;0.0;0.0;0.0;0.0;12.2;0.0;10.0;44.0;0.0;0.0;0.0;0.0;0.0;0.0;0.0;0.0;0.0;0.0;0.0;48.2;0.0;0.0;0.0;12.0;0.0;13.2;0.0;0.0;888.0
Iracema;BASTIOES;-5.8670555555556;-38.397527777778;2003;5;224.2;18.0;21.0;0.0;0.0;6.0;0.0;0.0;0.0;0.0;0.0;0.0;0.0;0.0;0.0;0.0;0.0;0.0;0.0;0.0;0.0;0.0;0.0;0.0;0.0;0.0;0.0;0.0;0.0;0.0;163.0;16.2
Iracema;BASTIOES;-5.8670555555556;-38.397527777778;2003;6;19.2;0.0;0.0;0.0;0.0;0.0;0.0;0.0;0.0;0.0;0.0;0.0;0.0;0.0;0.0;0.0;19.2;0.0;0.0;0.0;0.0;0.0;0.0;0.0;0.0;0.0;0.0;0.0;0.0;0.0;0.0;888.0
Iracema;BASTIOES;-5.8670555555556;-38.397527777778;2003;7;0.0;0.0;0.0;0.0;0.0;0.0;0.0;0.0;0.0;0.0;0.0;0.0;0.0;0.0;0.0;0.0;0.0;0.0;0.0;0.0;0.0;0.0;0.0;0.0;0.0;0.0;0.0;0.0;0.0;0.0;0.0;0.0
Iracema;BASTIOES;-5.8670555555556;-38.397527777778;2003;8;0.0;0.0;0.0;0.0;0.0;0.0;0.0;0.0;0.0;0.0;0.0;0.0;0.0;0.0;0.0;0.0;0.0;0.0;0.0;0.0;0.0;0.0;0.0;0.0;0.0;0.0;0.0;0.0;0.0;0.0;0.0;0.0
Iracema;BASTIOES;-5.8670555555556;-38.397527777778;2003;9;0.0;0.0;0.0;0.0;0.0;0.0;0.0;0.0;0.0;0.0;0.0;0.0;0.0;0.0;0.0;0.0;0.0;0.0;0.0;0.0;0.0;0.0;0.0;0.0;0.0;0.0;0.0;0.0;0.0;0.0;0.0;888.0
Iracema;BASTIOES;-5.8670555555556;-38.397527777778;2003;10;0.0;0.0;0.0;0.0;0.0;0.0;0.0;0.0;0.0;0.0;0.0;0.0;0.0;0.0;0.0;0.0;0.0;0.0;0.0;0.0;0.0;0.0;0.0;0.0;0.0;0.0;0.0;0.0;0.0;0.0;0.0;0.0
Iracema;BASTIOES;-5.8670555555556;-38.397527777778;2003;11;0.0;0.0;0.0;0.0;0.0;0.0;0.0;0.0;0.0;0.0;0.0;0.0;0.0;0.0;0.0;0.0;0.0;0.0;0.0;0.0;0.0;0.0;0.0;0.0;0.0;0.0;0.0;0.0;0.0;0.0;0.0;888.0
Iracema;BASTIOES;-5.8670555555556;-38.397527777778;2003;12;22.0;0.0;0.0;0.0;0.0;0.0;0.0;0.0;0.0;0.0;0.0;0.0;0.0;0.0;0.0;0.0;0.0;0.0;0.0;0.0;0.0;0.0;0.0;0.0;0.0;0.0;0.0;0.0;0.0;0.0;22.0;0.0
Iracema;BASTIOES;-5.8670555555556;-38.397527777778;2004;1;645.0;0.0;0.0;0.0;0.0;0.0;0.0;0.0;0.0;0.0;0.0;0.0;0.0;18.0;30.0;0.0;0.0;0.0;95.0;0.0;11.0;17.0;59.0;71.0;90.0;16.0;22.0;3.0;106.0;87.0;7.0;13.0
Iracema;BASTIOES;-5.8670555555556;-38.397527777778;2004;2;293.0;13.0;11.0;16.0;9.0;46.0;21.0;13.0;0.0;0.0;0.0;0.0;0.0;0.0;0.0;9.0;63.0;20.0;0.0;5.0;20.0;0.0;0.0;0.0;9.0;20.0;8.0;0.0;0.0;10.0;888.0;888.0
Iracema;BASTIOES;-5.8670555555556;-38.397527777778;2004;3;205.0;0.0;0.0;0.0;0.0;19.0;0.0;68.0;40.0;9.0;0.0;0.0;5.0;0.0;0.0;0.0;8.0;26.0;0.0;0.0;0.0;0.0;0.0;11.0;19.0;0.0;0.0;0.0;0.0;0.0;0.0;0.0
Iracema;BASTIOES;-5.8670555555556;-38.397527777778;2004;4;184.0;0.0;0.0;0.0;37.0;3.0;0.0;0.0;0.0;0.0;0.0;0.0;0.0;7.0;0.0;0.0;48.0;11.0;0.0;0.0;0.0;0.0;26.0;10.0;0.0;0.0;14.0;22.0;6.0;0.0;0.0;888.0
Iracema;BASTIOES;-5.8670555555556;-38.397527777778;2004;5;65.0;12.0;0.0;0.0;0.0;0.0;0.0;0.0;0.0;0.0;0.0;0.0;0.0;0.0;0.0;0.0;0.0;0.0;0.0;0.0;24.0;22.0;0.0;7.0;0.0;0.0;0.0;0.0;0.0;0.0;0.0;0.0
Iracema;BASTIOES;-5.8670555555556;-38.397527777778;2004;6;204.0;65.0;21.0;0.0;0.0;0.0;0.0;0.0;0.0;0.0;0.0;0.0;0.0;0.0;0.0;48.0;0.0;0.0;7.0;11.0;16.0;10.0;0.0;14.0;0.0;0.0;12.0;0.0;0.0;0.0;0.0;888.0
Iracema;BASTIOES;-5.8670555555556;-38.397527777778;2004;7;71.0;8.0;0.0;0.0;52.0;0.0;0.0;0.0;0.0;11.0;0.0;0.0;0.0;0.0;0.0;0.0;0.0;0.0;0.0;0.0;0.0;0.0;0.0;0.0;0.0;0.0;0.0;0.0;0.0;0.0;0.0;0.0
Iracema;BASTIOES;-5.8670555555556;-38.397527777778;2004;8;16.0;16.0;0.0;0.0;0.0;0.0;0.0;0.0;0.0;0.0;0.0;0.0;0.0;0.0;0.0;0.0;0.0;0.0;0.0;0.0;0.0;0.0;0.0;0.0;0.0;0.0;0.0;0.0;0.0;0.0;0.0;0.0
Iracema;BASTIOES;-5.8670555555556;-38.397527777778;2004;9;0.0;0.0;0.0;0.0;0.0;0.0;0.0;0.0;0.0;0.0;0.0;0.0;0.0;0.0;0.0;0.0;0.0;0.0;0.0;0.0;0.0;0.0;0.0;0.0;0.0;0.0;0.0;0.0;0.0;0.0;0.0;888.0
Iracema;BASTIOES;-5.8670555555556;-38.397527777778;2004;10;0.0;0.0;0.0;0.0;0.0;0.0;0.0;0.0;0.0;0.0;0.0;0.0;0.0;0.0;0.0;0.0;0.0;0.0;0.0;0.0;0.0;0.0;0.0;0.0;0.0;0.0;0.0;0.0;0.0;0.0;0.0;0.0
Iracema;BASTIOES;-5.8670555555556;-38.397527777778;2004;11;0.0;0.0;0.0;0.0;0.0;0.0;0.0;0.0;0.0;0.0;0.0;0.0;0.0;0.0;0.0;0.0;0.0;0.0;0.0;0.0;0.0;0.0;0.0;0.0;0.0;0.0;0.0;0.0;0.0;0.0;0.0;888.0
Iracema;BASTIOES;-5.8670555555556;-38.397527777778;2004;12;0.0;0.0;0.0;0.0;0.0;0.0;0.0;0.0;0.0;0.0;0.0;0.0;0.0;0.0;0.0;0.0;0.0;0.0;0.0;0.0;0.0;0.0;0.0;0.0;0.0;0.0;0.0;0.0;0.0;0.0;0.0;0.0
Iracema;BASTIOES;-5.8670555555556;-38.397527777778;2005;1;54.2;0.0;0.0;0.0;0.0;0.0;0.0;0.0;0.0;0.0;0.0;0.0;0.0;0.0;0.0;0.0;0.0;0.0;0.0;0.0;0.0;0.0;0.0;0.0;0.0;0.0;54.2;0.0;0.0;0.0;0.0;0.0
Iracema;BASTIOES;-5.8670555555556;-38.397527777778;2005;2;86.1;0.0;0.0;0.0;0.0;0.0;0.0;0.0;0.0;0.0;0.0;0.0;5.1;0.0;0.0;0.0;6.0;17.0;0.0;0.0;0.0;0.0;0.0;0.0;40.0;0.0;0.0;18.0;0.0;888.0;888.0;888.0
Iracema;BASTIOES;-5.8670555555556;-38.397527777778;2005;3;209.2;0.0;0.0;0.0;0.0;0.0;0.0;0.0;0.0;0.0;0.0;0.0;0.0;0.0;0.0;0.0;0.0;0.0;0.0;7.0;5.0;35.0;0.0;7.2;30.0;7.0;30.0;0.0;21.0;5.0;40.0;22.0
Iracema;BASTIOES;-5.8670555555556;-38.397527777778;2005;4;60.0;0.0;0.0;3.0;0.0;0.0;0.0;3.0;8.0;0.0;0.0;0.0;0.0;0.0;9.0;10.0;17.0;0.0;0.0;0.0;4.0;0.0;0.0;0.0;0.0;0.0;0.0;0.0;0.0;0.0;6.0;888.0
Iracema;BASTIOES;-5.8670555555556;-38.397527777778;2005;5;195.2;28.0;0.0;0.0;0.0;0.0;0.0;0.0;0.0;0.0;0.0;0.0;0.0;10.2;0.0;10.0;8.0;18.0;0.0;6.0;0.0;0.0;31.0;9.0;9.0;6.0;0.0;0.0;0.0;0.0;0.0;60.0
Iracema;BASTIOES;-5.8670555555556;-38.397527777778;2005;6;55.0;0.0;0.0;0.0;0.0;5.0;0.0;0.0;0.0;0.0;0.0;0.0;0.0;0.0;0.0;0.0;40.0;0.0;0.0;10.0;0.0;0.0;0.0;0.0;0.0;0.0;0.0;0.0;0.0;0.0;0.0;888.0
Iracema;BASTIOES;-5.8670555555556;-38.397527777778;2005;7;0.0;0.0;0.0;0.0;0.0;0.0;0.0;0.0;0.0;0.0;0.0;0.0;0.0;0.0;0.0;0.0;0.0;0.0;0.0;0.0;0.0;0.0;0.0;0.0;0.0;0.0;0.0;0.0;0.0;0.0;0.0;0.0
Iracema;BASTIOES;-5.8670555555556;-38.397527777778;2005;8;0.0;0.0;0.0;0.0;0.0;0.0;0.0;0.0;0.0;0.0;0.0;0.0;0.0;0.0;0.0;0.0;0.0;0.0;0.0;0.0;0.0;0.0;0.0;0.0;0.0;0.0;0.0;0.0;0.0;0.0;0.0;0.0
Iracema;BASTIOES;-5.8670555555556;-38.397527777778;2005;9;0.0;0.0;0.0;0.0;0.0;0.0;0.0;0.0;0.0;0.0;0.0;0.0;0.0;0.0;0.0;0.0;0.0;0.0;0.0;0.0;0.0;0.0;0.0;0.0;0.0;0.0;0.0;0.0;0.0;0.0;0.0;888.0
Iracema;BASTIOES;-5.8670555555556;-38.397527777778;2005;10;0.0;0.0;0.0;0.0;0.0;0.0;0.0;0.0;0.0;0.0;0.0;0.0;0.0;0.0;0.0;0.0;0.0;0.0;0.0;0.0;0.0;0.0;0.0;0.0;0.0;0.0;0.0;0.0;0.0;0.0;0.0;0.0
Iracema;BASTIOES;-5.8670555555556;-38.397527777778;2005;11;0.0;0.0;0.0;0.0;0.0;0.0;0.0;0.0;0.0;0.0;0.0;0.0;0.0;0.0;0.0;0.0;0.0;0.0;0.0;0.0;0.0;0.0;0.0;0.0;0.0;0.0;0.0;0.0;0.0;0.0;0.0;888.0
Iracema;BASTIOES;-5.8670555555556;-38.397527777778;2005;12;35.0;0.0;0.0;0.0;0.0;0.0;0.0;0.0;30.0;5.0;0.0;0.0;0.0;0.0;0.0;0.0;0.0;0.0;0.0;0.0;0.0;0.0;0.0;0.0;0.0;0.0;0.0;0.0;0.0;0.0;0.0;0.0
Iracema;BASTIOES;-5.8670555555556;-38.397527777778;2006;1;29.0;29.0;0.0;0.0;0.0;0.0;0.0;0.0;0.0;0.0;0.0;0.0;0.0;0.0;0.0;0.0;0.0;0.0;0.0;0.0;0.0;0.0;0.0;0.0;0.0;0.0;0.0;0.0;0.0;0.0;0.0;0.0
Iracema;BASTIOES;-5.8670555555556;-38.397527777778;2006;2;159.0;0.0;0.0;0.0;0.0;0.0;0.0;0.0;0.0;0.0;0.0;0.0;0.0;0.0;0.0;0.0;0.0;0.0;15.0;11.0;0.0;0.0;0.0;75.0;9.0;24.0;0.0;9.0;16.0;888.0;888.0;888.0
Iracema;BASTIOES;-5.8670555555556;-38.397527777778;2006;3;224.0;16.0;35.0;0.0;0.0;0.0;0.0;0.0;0.0;0.0;0.0;0.0;0.0;0.0;0.0;0.0;0.0;0.0;0.0;15.0;15.0;22.0;0.0;33.0;52.0;0.0;0.0;0.0;26.0;0.0;0.0;10.0
Iracema;BASTIOES;-5.8670555555556;-38.397527777778;2006;4;332.0;55.0;0.0;0.0;0.0;0.0;0.0;34.0;4.0;24.0;0.0;0.0;0.0;27.0;68.0;0.0;24.0;0.0;0.0;0.0;0.0;0.0;46.0;0.0;0.0;0.0;50.0;0.0;0.0;0.0;0.0;888.0
Iracema;BASTIOES;-5.8670555555556;-38.397527777778;2006;5;268.0;15.0;0.0;0.0;10.0;0.0;31.0;0.0;27.0;23.0;59.0;0.0;0.0;0.0;0.0;54.0;2.0;0.0;0.0;0.0;0.0;0.0;0.0;0.0;47.0;0.0;0.0;0.0;0.0;0.0;0.0;0.0
Iracema;BASTIOES;-5.8670555555556;-38.397527777778;2006;6;64.0;0.0;0.0;0.0;0.0;0.0;0.0;0.0;0.0;0.0;0.0;0.0;0.0;64.0;0.0;0.0;0.0;0.0;0.0;0.0;0.0;0.0;0.0;0.0;0.0;0.0;0.0;0.0;0.0;0.0;0.0;888.0
Iracema;BASTIOES;-5.8670555555556;-38.397527777778;2006;7;0.0;0.0;0.0;0.0;0.0;0.0;0.0;0.0;0.0;0.0;0.0;0.0;0.0;0.0;0.0;0.0;0.0;0.0;0.0;0.0;0.0;0.0;0.0;0.0;0.0;0.0;0.0;0.0;0.0;0.0;0.0;0.0
Iracema;BASTIOES;-5.8670555555556;-38.397527777778;2006;8;0.0;0.0;0.0;0.0;0.0;0.0;0.0;0.0;0.0;0.0;0.0;0.0;0.0;0.0;0.0;0.0;0.0;0.0;0.0;0.0;0.0;0.0;0.0;0.0;0.0;0.0;0.0;0.0;0.0;0.0;0.0;0.0
Iracema;BASTIOES;-5.8670555555556;-38.397527777778;2006;9;0.0;0.0;0.0;0.0;0.0;0.0;0.0;0.0;0.0;0.0;0.0;0.0;0.0;0.0;0.0;0.0;0.0;0.0;0.0;0.0;0.0;0.0;0.0;0.0;0.0;0.0;0.0;0.0;0.0;0.0;0.0;888.0
Iracema;BASTIOES;-5.8670555555556;-38.397527777778;2006;10;0.0;0.0;0.0;0.0;0.0;0.0;0.0;0.0;0.0;0.0;0.0;0.0;0.0;0.0;0.0;0.0;0.0;0.0;0.0;0.0;0.0;0.0;0.0;0.0;0.0;0.0;0.0;0.0;0.0;0.0;0.0;0.0
Iracema;BASTIOES;-5.8670555555556;-38.397527777778;2006;11;0.0;0.0;0.0;0.0;0.0;0.0;0.0;0.0;0.0;0.0;0.0;0.0;0.0;0.0;0.0;0.0;0.0;0.0;0.0;0.0;0.0;0.0;0.0;0.0;0.0;0.0;0.0;0.0;0.0;0.0;0.0;888.0
Iracema;BASTIOES;-5.8670555555556;-38.397527777778;2006;12;0.0;0.0;0.0;0.0;0.0;0.0;0.0;0.0;0.0;0.0;0.0;0.0;0.0;0.0;0.0;0.0;0.0;0.0;0.0;0.0;0.0;0.0;0.0;0.0;0.0;0.0;0.0;0.0;0.0;0.0;0.0;0.0
Iracema;BASTIOES;-5.8670555555556;-38.397527777778;2007;1;54.0;15.0;24.0;15.0;0.0;0.0;0.0;0.0;0.0;0.0;0.0;0.0;0.0;0.0;0.0;0.0;0.0;0.0;0.0;0.0;0.0;0.0;0.0;0.0;0.0;0.0;0.0;0.0;0.0;0.0;0.0;0.0
Iracema;BASTIOES;-5.8670555555556;-38.397527777778;2007;2;431.4;0.0;0.0;0.0;27.0;0.0;0.0;6.0;0.0;0.0;0.0;0.0;0.0;0.0;135.0;16.0;0.0;35.0;120.0;0.0;25.0;22.0;25.0;20.0;0.4;0.0;0.0;0.0;0.0;888.0;888.0;888.0
Iracema;BASTIOES;-5.8670555555556;-38.397527777778;2007;3;137.0;0.0;25.0;0.0;12.0;0.0;0.0;0.0;0.0;0.0;30.0;0.0;0.0;42.0;8.0;0.0;0.0;0.0;0.0;14.0;6.0;0.0;0.0;0.0;0.0;0.0;0.0;0.0;0.0;0.0;0.0;0.0
Iracema;BASTIOES;-5.8670555555556;-38.397527777778;2007;4;204.0;0.0;0.0;0.0;0.0;0.0;0.0;0.0;0.0;0.0;0.0;0.0;0.0;0.0;0.0;0.0;0.0;0.0;137.0;12.0;0.0;0.0;0.0;11.0;0.0;13.0;0.0;0.0;16.0;15.0;0.0;888.0
Iracema;BASTIOES;-5.8670555555556;-38.397527777778;2007;5;108.0;0.0;4.0;0.0;0.0;0.0;0.0;0.0;0.0;0.0;0.0;0.0;0.0;0.0;0.0;0.0;0.0;0.0;0.0;0.0;0.0;0.0;0.0;0.0;0.0;15.0;19.0;36.0;0.0;34.0;0.0;0.0
Iracema;BASTIOES;-5.8670555555556;-38.397527777778;2007;6;0.0;0.0;0.0;0.0;0.0;0.0;0.0;0.0;0.0;0.0;0.0;0.0;0.0;0.0;0.0;0.0;0.0;0.0;0.0;0.0;0.0;0.0;0.0;0.0;0.0;0.0;0.0;0.0;0.0;0.0;0.0;888.0
Iracema;BASTIOES;-5.8670555555556;-38.397527777778;2007;7;0.0;0.0;0.0;0.0;0.0;0.0;0.0;0.0;0.0;0.0;0.0;0.0;0.0;0.0;0.0;0.0;0.0;0.0;0.0;0.0;0.0;0.0;0.0;0.0;0.0;0.0;0.0;0.0;0.0;0.0;0.0;0.0
Iracema;BASTIOES;-5.8670555555556;-38.397527777778;2007;8;0.0;0.0;0.0;0.0;0.0;0.0;0.0;0.0;0.0;0.0;0.0;0.0;0.0;0.0;0.0;0.0;0.0;0.0;0.0;0.0;0.0;0.0;0.0;0.0;0.0;0.0;0.0;0.0;0.0;0.0;0.0;0.0
Iracema;BASTIOES;-5.8670555555556;-38.397527777778;2007;9;0.0;0.0;0.0;0.0;0.0;0.0;0.0;0.0;0.0;0.0;0.0;0.0;0.0;0.0;0.0;0.0;0.0;0.0;0.0;0.0;0.0;0.0;0.0;0.0;0.0;0.0;0.0;0.0;0.0;0.0;0.0;888.0
Iracema;BASTIOES;-5.8670555555556;-38.397527777778;2007;10;0.0;0.0;0.0;0.0;0.0;0.0;0.0;0.0;0.0;0.0;0.0;0.0;0.0;0.0;0.0;0.0;0.0;0.0;0.0;0.0;0.0;0.0;0.0;0.0;0.0;0.0;0.0;0.0;0.0;0.0;0.0;0.0
Iracema;BASTIOES;-5.8670555555556;-38.397527777778;2007;11;0.0;0.0;0.0;0.0;0.0;0.0;0.0;0.0;0.0;0.0;0.0;0.0;0.0;0.0;0.0;0.0;0.0;0.0;0.0;0.0;0.0;0.0;0.0;0.0;0.0;0.0;0.0;0.0;0.0;0.0;0.0;888.0
Iracema;BASTIOES;-5.8670555555556;-38.397527777778;2007;12;0.0;0.0;0.0;0.0;0.0;0.0;0.0;0.0;0.0;0.0;0.0;0.0;0.0;0.0;0.0;0.0;0.0;0.0;0.0;0.0;0.0;0.0;0.0;0.0;0.0;0.0;0.0;0.0;0.0;0.0;0.0;0.0
Iracema;BASTIOES;-5.8670555555556;-38.397527777778;2008;1;111.0;0.0;0.0;0.0;0.0;0.0;0.0;0.0;0.0;0.0;0.0;0.0;0.0;0.0;11.0;0.0;0.0;0.0;9.0;0.0;0.0;0.0;13.0;0.0;31.0;0.0;0.0;9.0;0.0;0.0;0.0;38.0
Iracema;BASTIOES;-5.8670555555556;-38.397527777778;2008;2;88.0;42.0;0.0;0.0;0.0;0.0;0.0;0.0;9.0;0.0;0.0;0.0;0.0;0.0;0.0;0.0;0.0;18.0;0.0;0.0;0.0;0.0;0.0;0.0;0.0;0.0;0.0;19.0;0.0;0.0;888.0;888.0
Iracema;BASTIOES;-5.8670555555556;-38.397527777778;2008;3;535.0;11.0;0.0;0.0;0.0;67.0;0.0;6.0;0.0;25.0;0.0;0.0;46.0;25.0;0.0;0.0;11.0;33.0;0.0;0.0;7.0;20.0;0.0;50.0;20.0;0.0;12.0;19.0;15.0;0.0;156.0;12.0
Iracema;BASTIOES;-5.8670555555556;-38.397527777778;2008;4;347.0;13.0;22.0;104.0;0.0;0.0;36.0;48.0;0.0;0.0;0.0;0.0;10.0;0.0;10.0;9.0;0.0;0.0;60.0;0.0;0.0;0.0;0.0;0.0;15.0;0.0;0.0;0.0;0.0;20.0;0.0;888.0
Iracema;BASTIOES;-5.8670555555556;-38.397527777778;2008;5;236.0;0.0;0.0;0.0;0.0;0.0;45.0;0.0;0.0;0.0;64.0;30.0;0.0;10.0;0.0;0.0;0.0;0.0;9.0;0.0;0.0;0.0;0.0;0.0;0.0;0.0;0.0;53.0;25.0;0.0;0.0;0.0
Iracema;BASTIOES;-5.8670555555556;-38.397527777778;2008;6;93.0;0.0;0.0;0.0;0.0;50.0;0.0;0.0;0.0;43.0;0.0;0.0;0.0;0.0;0.0;0.0;0.0;0.0;0.0;0.0;0.0;0.0;0.0;0.0;0.0;0.0;0.0;0.0;0.0;0.0;0.0;888.0
Iracema;BASTIOES;-5.8670555555556;-38.397527777778;2008;7;63.0;0.0;24.0;0.0;0.0;0.0;14.0;0.0;0.0;0.0;0.0;0.0;0.0;0.0;0.0;0.0;0.0;0.0;0.0;0.0;0.0;0.0;0.0;0.0;0.0;0.0;0.0;25.0;0.0;0.0;0.0;0.0
Iracema;BASTIOES;-5.8670555555556;-38.397527777778;2008;8;34.0;0.0;0.0;22.0;0.0;0.0;0.0;0.0;0.0;12.0;0.0;0.0;0.0;0.0;0.0;0.0;0.0;0.0;0.0;0.0;0.0;0.0;0.0;0.0;0.0;0.0;0.0;0.0;0.0;0.0;0.0;0.0
Iracema;BASTIOES;-5.8670555555556;-38.397527777778;2008;9;0.0;0.0;0.0;0.0;0.0;0.0;0.0;0.0;0.0;0.0;0.0;0.0;0.0;0.0;0.0;0.0;0.0;0.0;0.0;0.0;0.0;0.0;0.0;0.0;0.0;0.0;0.0;0.0;0.0;0.0;0.0;888.0
Iracema;BASTIOES;-5.8670555555556;-38.397527777778;2008;10;0.0;0.0;0.0;0.0;0.0;0.0;0.0;0.0;0.0;0.0;0.0;0.0;0.0;0.0;0.0;0.0;0.0;0.0;0.0;0.0;0.0;0.0;0.0;0.0;0.0;0.0;0.0;0.0;0.0;0.0;0.0;0.0
Iracema;BASTIOES;-5.8670555555556;-38.397527777778;2008;11;6.0;0.0;0.0;6.0;0.0;0.0;0.0;0.0;0.0;0.0;0.0;0.0;0.0;0.0;0.0;0.0;0.0;0.0;0.0;0.0;0.0;0.0;0.0;0.0;0.0;0.0;0.0;0.0;0.0;0.0;0.0;888.0
Iracema;BASTIOES;-5.8670555555556;-38.397527777778;2008;12;0.0;0.0;0.0;0.0;0.0;0.0;0.0;0.0;0.0;0.0;0.0;0.0;0.0;0.0;0.0;0.0;0.0;0.0;0.0;0.0;0.0;0.0;0.0;0.0;0.0;0.0;0.0;0.0;0.0;0.0;0.0;0.0
Iracema;BASTIOES;-5.8670555555556;-38.397527777778;2009;1;211.0;0.0;0.0;0.0;0.0;0.0;0.0;0.0;0.0;0.0;0.0;0.0;0.0;0.0;0.0;0.0;0.0;0.0;0.0;0.0;0.0;10.0;42.0;113.0;11.0;0.0;0.0;0.0;0.0;0.0;0.0;35.0
Iracema;BASTIOES;-5.8670555555556;-38.397527777778;2009;2;219.0;0.0;0.0;16.0;44.0;0.0;0.0;0.0;0.0;0.0;0.0;0.0;0.0;67.0;23.0;0.0;0.0;12.0;0.0;0.0;26.0;0.0;0.0;0.0;0.0;24.0;0.0;7.0;0.0;888.0;888.0;888.0
Iracema;BASTIOES;-5.8670555555556;-38.397527777778;2009;3;184.0;17.0;0.0;38.0;0.0;7.0;0.0;0.0;0.0;0.0;0.0;0.0;19.0;0.0;0.0;0.0;33.0;0.0;0.0;0.0;0.0;0.0;0.0;0.0;22.0;13.0;35.0;0.0;0.0;0.0;0.0;0.0
Iracema;BASTIOES;-5.8670555555556;-38.397527777778;2009;4;456.0;0.0;0.0;0.0;51.0;33.0;0.0;0.0;0.0;0.0;28.0;0.0;0.0;29.0;0.0;57.0;38.0;0.0;0.0;0.0;58.0;0.0;45.0;65.0;26.0;0.0;9.0;0.0;0.0;17.0;0.0;888.0
Iracema;BASTIOES;-5.8670555555556;-38.397527777778;2009;5;310.0;4.0;11.0;0.0;0.0;22.0;83.0;0.0;5.0;0.0;0.0;0.0;0.0;0.0;0.0;70.0;0.0;0.0;30.0;0.0;0.0;0.0;0.0;0.0;0.0;0.0;0.0;37.0;38.0;10.0;0.0;0.0
Iracema;BASTIOES;-5.8670555555556;-38.397527777778;2009;6;89.0;0.0;0.0;27.0;0.0;0.0;22.0;0.0;0.0;0.0;0.0;0.0;0.0;0.0;0.0;0.0;0.0;0.0;0.0;0.0;0.0;0.0;0.0;0.0;0.0;0.0;40.0;0.0;0.0;0.0;0.0;888.0
Iracema;BASTIOES;-5.8670555555556;-38.397527777778;2009;7;63.0;0.0;0.0;24.0;0.0;0.0;0.0;0.0;0.0;0.0;0.0;0.0;0.0;0.0;17.0;0.0;0.0;0.0;0.0;0.0;0.0;22.0;0.0;0.0;0.0;0.0;0.0;0.0;0.0;0.0;0.0;0.0
Iracema;BASTIOES;-5.8670555555556;-38.397527777778;2009;8;102.0;0.0;0.0;0.0;0.0;0.0;0.0;0.0;0.0;0.0;27.0;0.0;0.0;0.0;0.0;0.0;0.0;0.0;0.0;0.0;0.0;0.0;0.0;0.0;0.0;0.0;30.0;45.0;0.0;0.0;0.0;0.0
Iracema;BASTIOES;-5.8670555555556;-38.397527777778;2009;9;0.0;0.0;0.0;0.0;0.0;0.0;0.0;0.0;0.0;0.0;0.0;0.0;0.0;0.0;0.0;0.0;0.0;0.0;0.0;0.0;0.0;0.0;0.0;0.0;0.0;0.0;0.0;0.0;0.0;0.0;0.0;888.0
Iracema;BASTIOES;-5.8670555555556;-38.397527777778;2009;10;0.0;0.0;0.0;0.0;0.0;0.0;0.0;0.0;0.0;0.0;0.0;0.0;0.0;0.0;0.0;0.0;0.0;0.0;0.0;0.0;0.0;0.0;0.0;0.0;0.0;0.0;0.0;0.0;0.0;0.0;0.0;0.0
Iracema;BASTIOES;-5.8670555555556;-38.397527777778;2009;11;0.0;0.0;0.0;0.0;0.0;0.0;0.0;0.0;0.0;0.0;0.0;0.0;0.0;0.0;0.0;0.0;0.0;0.0;0.0;0.0;0.0;0.0;0.0;0.0;0.0;0.0;0.0;0.0;0.0;0.0;0.0;888.0
Iracema;BASTIOES;-5.8670555555556;-38.397527777778;2009;12;30.0;0.0;0.0;0.0;0.0;0.0;0.0;0.0;0.0;0.0;0.0;0.0;0.0;0.0;0.0;0.0;0.0;0.0;0.0;0.0;0.0;0.0;0.0;0.0;0.0;0.0;30.0;0.0;0.0;0.0;0.0;0.0
Iracema;BASTIOES;-5.8670555555556;-38.397527777778;2010;1;90.0;0.0;20.0;10.0;0.0;0.0;0.0;0.0;0.0;0.0;0.0;0.0;0.0;0.0;0.0;0.0;0.0;0.0;0.0;0.0;60.0;0.0;0.0;0.0;0.0;0.0;0.0;0.0;0.0;0.0;0.0;0.0
Iracema;BASTIOES;-5.8670555555556;-38.397527777778;2010;2;14.0;0.0;0.0;0.0;0.0;0.0;0.0;0.0;0.0;0.0;14.0;0.0;0.0;0.0;0.0;0.0;0.0;0.0;0.0;0.0;0.0;0.0;0.0;0.0;0.0;0.0;0.0;0.0;0.0;888.0;888.0;888.0
Iracema;BASTIOES;-5.8670555555556;-38.397527777778;2010;3;134.0;0.0;0.0;0.0;0.0;0.0;0.0;0.0;0.0;0.0;0.0;0.0;0.0;0.0;0.0;0.0;0.0;0.0;0.0;0.0;0.0;102.0;0.0;0.0;0.0;0.0;0.0;14.0;0.0;18.0;0.0;0.0
Iracema;BASTIOES;-5.8670555555556;-38.397527777778;2010;4;55.0;0.0;0.0;0.0;0.0;0.0;0.0;0.0;0.0;0.0;26.0;29.0;999.0;999.0;999.0;999.0;999.0;999.0;999.0;999.0;999.0;999.0;999.0;999.0;999.0;999.0;999.0;999.0;999.0;999.0;999.0;888.0
Iracema;BASTIOES;-5.8670555555556;-38.397527777778;2010;7;0.0;0.0;0.0;0.0;0.0;0.0;0.0;0.0;0.0;0.0;0.0;0.0;0.0;0.0;0.0;0.0;0.0;0.0;0.0;0.0;0.0;0.0;0.0;0.0;0.0;0.0;0.0;0.0;0.0;0.0;0.0;0.0
Iracema;BASTIOES;-5.8670555555556;-38.397527777778;2010;8;0.0;0.0;0.0;0.0;0.0;0.0;0.0;0.0;0.0;0.0;0.0;0.0;0.0;0.0;0.0;0.0;0.0;0.0;0.0;0.0;0.0;0.0;0.0;0.0;0.0;0.0;0.0;0.0;0.0;0.0;0.0;0.0
Iracema;BASTIOES;-5.8670555555556;-38.397527777778;2010;9;0.0;0.0;0.0;0.0;0.0;0.0;0.0;0.0;0.0;0.0;0.0;0.0;0.0;0.0;0.0;0.0;0.0;0.0;0.0;0.0;0.0;0.0;0.0;0.0;0.0;0.0;0.0;0.0;0.0;0.0;0.0;888.0
Iracema;BASTIOES;-5.8670555555556;-38.397527777778;2010;10;0.0;0.0;0.0;0.0;0.0;0.0;0.0;0.0;0.0;0.0;0.0;0.0;0.0;0.0;0.0;0.0;0.0;0.0;0.0;0.0;0.0;0.0;0.0;0.0;0.0;0.0;0.0;0.0;0.0;0.0;0.0;0.0
Iracema;BASTIOES;-5.8670555555556;-38.397527777778;2010;11;0.0;0.0;0.0;0.0;0.0;0.0;0.0;0.0;0.0;0.0;0.0;0.0;0.0;0.0;0.0;0.0;0.0;0.0;0.0;0.0;0.0;0.0;0.0;0.0;0.0;0.0;0.0;0.0;0.0;0.0;0.0;888.0
Iracema;BASTIOES;-5.8670555555556;-38.397527777778;2010;12;0.0;0.0;0.0;0.0;0.0;0.0;0.0;0.0;0.0;0.0;0.0;0.0;0.0;0.0;0.0;0.0;0.0;0.0;0.0;0.0;0.0;0.0;0.0;0.0;0.0;0.0;0.0;0.0;0.0;0.0;0.0;0.0
Iracema;BASTIOES;-5.8670555555556;-38.397527777778;2011;1;423.0;0.0;0.0;0.0;0.0;0.0;0.0;0.0;0.0;0.0;140.0;34.0;0.0;15.0;0.0;0.0;0.0;0.0;0.0;0.0;0.0;50.0;11.0;0.0;14.0;31.0;8.0;0.0;34.0;21.0;30.0;35.0
Iracema;BASTIOES;-5.8670555555556;-38.397527777778;2011;2;141.2;0.0;0.0;0.0;7.0;0.0;0.0;0.0;0.0;0.0;0.0;0.0;0.0;0.0;7.0;9.0;15.0;9.0;4.2;0.0;0.0;0.0;20.0;0.0;0.0;0.0;0.0;24.0;46.0;888.0;888.0;888.0
Iracema;BASTIOES;-5.8670555555556;-38.397527777778;2011;3;100.6;0.0;9.0;0.0;0.0;36.0;0.0;0.0;16.3;5.3;0.0;0.0;0.0;0.0;0.0;0.0;16.0;0.0;0.0;0.0;0.0;0.0;0.0;0.0;0.0;11.0;0.0;7.0;0.0;0.0;0.0;0.0
Iracema;BASTIOES;-5.8670555555556;-38.397527777778;2011;4;324.8;0.0;0.0;10.3;0.0;0.0;0.0;0.0;0.0;0.0;16.0;72.0;0.0;48.0;8.3;0.0;0.0;0.0;0.0;80.0;0.0;20.0;0.0;0.0;0.0;67.0;0.0;0.0;3.2;0.0;0.0;888.0
Iracema;BASTIOES;-5.8670555555556;-38.397527777778;2011;5;173.3;0.0;0.0;8.3;10.0;0.0;12.0;20.0;0.0;0.0;0.0;51.0;0.0;0.0;0.0;0.0;0.0;0.0;0.0;27.0;45.0;0.0;0.0;0.0;0.0;0.0;0.0;0.0;0.0;0.0;0.0;0.0
Iracema;BASTIOES;-5.8670555555556;-38.397527777778;2011;6;27.0;0.0;0.0;0.0;0.0;0.0;0.0;0.0;0.0;0.0;0.0;0.0;0.0;0.0;0.0;0.0;0.0;0.0;0.0;0.0;0.0;0.0;20.0;0.0;7.0;0.0;0.0;0.0;0.0;0.0;0.0;888.0
Iracema;BASTIOES;-5.8670555555556;-38.397527777778;2011;7;14.0;0.0;0.0;0.0;0.0;0.0;14.0;0.0;0.0;0.0;0.0;0.0;0.0;0.0;0.0;0.0;0.0;0.0;0.0;0.0;0.0;0.0;0.0;0.0;0.0;0.0;0.0;0.0;0.0;0.0;0.0;0.0
Iracema;BASTIOES;-5.8670555555556;-38.397527777778;2011;8;0.0;0.0;0.0;0.0;0.0;0.0;0.0;0.0;0.0;0.0;0.0;0.0;0.0;0.0;0.0;0.0;0.0;0.0;0.0;0.0;0.0;0.0;0.0;0.0;0.0;0.0;0.0;0.0;0.0;0.0;0.0;0.0
Iracema;BASTIOES;-5.8670555555556;-38.397527777778;2011;9;0.0;0.0;0.0;0.0;0.0;0.0;0.0;0.0;0.0;0.0;0.0;0.0;0.0;0.0;0.0;0.0;0.0;0.0;0.0;0.0;0.0;0.0;0.0;0.0;0.0;0.0;0.0;0.0;0.0;0.0;0.0;888.0
Iracema;BASTIOES;-5.8670555555556;-38.397527777778;2011;10;0.0;0.0;0.0;0.0;0.0;0.0;0.0;0.0;0.0;0.0;0.0;0.0;0.0;0.0;0.0;0.0;0.0;0.0;0.0;0.0;0.0;0.0;0.0;0.0;0.0;0.0;0.0;0.0;0.0;0.0;0.0;0.0
Iracema;BASTIOES;-5.8670555555556;-38.397527777778;2011;11;0.0;0.0;0.0;0.0;0.0;0.0;0.0;0.0;0.0;0.0;0.0;0.0;0.0;0.0;0.0;0.0;0.0;0.0;0.0;0.0;0.0;0.0;0.0;0.0;0.0;0.0;0.0;0.0;0.0;0.0;0.0;888.0
Iracema;BASTIOES;-5.8670555555556;-38.397527777778;2011;12;0.0;0.0;0.0;0.0;0.0;0.0;0.0;0.0;0.0;0.0;0.0;0.0;0.0;0.0;0.0;0.0;0.0;0.0;0.0;0.0;0.0;0.0;0.0;0.0;0.0;0.0;0.0;0.0;0.0;0.0;0.0;0.0
Iracema;BASTIOES;-5.8670555555556;-38.397527777778;2012;1;219.0;0.0;0.0;0.0;0.0;0.0;0.0;0.0;0.0;0.0;0.0;0.0;0.0;0.0;0.0;0.0;0.0;0.0;0.0;18.0;33.0;4.0;23.0;22.0;88.0;31.0;0.0;0.0;0.0;0.0;0.0;0.0
Iracema;BASTIOES;-5.8670555555556;-38.397527777778;2012;2;138.0;0.0;0.0;0.0;0.0;0.0;0.0;0.0;0.0;0.0;0.0;0.0;0.0;0.0;0.0;0.0;32.0;0.0;0.0;10.0;0.0;96.0;0.0;0.0;0.0;0.0;0.0;0.0;0.0;0.0;888.0;888.0
Iracema;BASTIOES;-5.8670555555556;-38.397527777778;2012;3;159.0;0.0;0.0;0.0;0.0;51.0;0.0;0.0;0.0;0.0;0.0;0.0;0.0;0.0;0.0;0.0;0.0;0.0;0.0;0.0;0.0;0.0;0.0;0.0;0.0;97.0;11.0;0.0;0.0;0.0;0.0;0.0
Iracema;BASTIOES;-5.8670555555556;-38.397527777778;2012;4;55.2;0.0;0.0;0.0;0.0;0.0;0.0;0.0;0.0;0.0;0.0;0.0;0.0;0.0;0.0;0.0;0.0;0.0;55.2;999.0;999.0;999.0;999.0;999.0;999.0;999.0;999.0;999.0;999.0;999.0;999.0;888.0
Iracema;BASTIOES;-5.8670555555556;-38.397527777778;2012;5;58.0;0.0;0.0;0.0;0.0;0.0;0.0;0.0;0.0;0.0;0.0;0.0;0.0;0.0;0.0;0.0;0.0;0.0;0.0;0.0;0.0;0.0;0.0;50.0;0.0;8.0;999.0;999.0;999.0;999.0;999.0;999.0
Iracema;BASTIOES;-5.8670555555556;-38.397527777778;2012;7;25.0;0.0;0.0;0.0;0.0;0.0;0.0;0.0;0.0;0.0;0.0;0.0;0.0;0.0;0.0;0.0;0.0;0.0;0.0;0.0;0.0;0.0;25.0;0.0;0.0;0.0;0.0;0.0;0.0;0.0;0.0;0.0
Iracema;BASTIOES;-5.8670555555556;-38.397527777778;2012;8;0.0;0.0;0.0;0.0;0.0;0.0;0.0;0.0;0.0;0.0;0.0;0.0;0.0;0.0;0.0;0.0;0.0;0.0;0.0;0.0;0.0;0.0;0.0;0.0;0.0;0.0;0.0;0.0;0.0;0.0;0.0;0.0
Iracema;BASTIOES;-5.8670555555556;-38.397527777778;2012;10;0.0;0.0;0.0;0.0;0.0;0.0;0.0;0.0;0.0;0.0;0.0;0.0;0.0;0.0;0.0;0.0;0.0;0.0;0.0;0.0;0.0;0.0;0.0;0.0;0.0;0.0;0.0;0.0;0.0;0.0;0.0;0.0
Iracema;BASTIOES;-5.8670555555556;-38.397527777778;2012;11;0.0;0.0;0.0;0.0;0.0;0.0;0.0;0.0;0.0;0.0;0.0;0.0;0.0;0.0;0.0;0.0;0.0;0.0;0.0;0.0;0.0;0.0;0.0;0.0;0.0;0.0;0.0;0.0;0.0;0.0;0.0;888.0
Iracema;BASTIOES;-5.8670555555556;-38.397527777778;2012;12;0.0;0.0;0.0;0.0;0.0;0.0;0.0;0.0;0.0;0.0;0.0;0.0;0.0;0.0;0.0;0.0;0.0;0.0;0.0;0.0;0.0;0.0;0.0;0.0;0.0;0.0;0.0;0.0;0.0;0.0;0.0;0.0
Iracema;BASTIOES;-5.8670555555556;-38.397527777778;2013;1;10.0;0.0;0.0;5.0;0.0;0.0;0.0;0.0;0.0;0.0;0.0;0.0;0.0;0.0;0.0;0.0;0.0;0.0;0.0;5.0;0.0;0.0;0.0;0.0;0.0;0.0;0.0;0.0;0.0;0.0;0.0;0.0
Iracema;BASTIOES;-5.8670555555556;-38.397527777778;2013;2;81.0;0.0;0.0;0.0;0.0;0.0;0.0;0.0;0.0;0.0;0.0;0.0;0.0;0.0;0.0;33.0;28.0;0.0;6.0;14.0;999.0;999.0;999.0;999.0;999.0;999.0;999.0;999.0;999.0;888.0;888.0;888.0
Iracema;BASTIOES;-5.8670555555556;-38.397527777778;2013;3;90.0;0.0;0.0;0.0;0.0;0.0;0.0;0.0;0.0;0.0;0.0;0.0;0.0;0.0;5.0;0.0;0.0;0.0;0.0;62.0;0.0;0.0;0.0;0.0;12.0;0.0;0.0;0.0;11.0;0.0;0.0;0.0
Iracema;BASTIOES;-5.8670555555556;-38.397527777778;2013;4;165.0;0.0;0.0;0.0;0.0;10.0;0.0;0.0;0.0;0.0;0.0;0.0;0.0;0.0;0.0;0.0;11.0;0.0;0.0;0.0;31.0;0.0;22.0;0.0;23.0;54.0;14.0;0.0;0.0;0.0;0.0;888.0
Iracema;BASTIOES;-5.8670555555556;-38.397527777778;2013;5;164.0;0.0;14.0;0.0;0.0;0.0;0.0;0.0;0.0;0.0;91.0;20.0;0.0;0.0;14.0;0.0;0.0;0.0;0.0;0.0;0.0;0.0;0.0;0.0;0.0;0.0;0.0;0.0;0.0;25.0;0.0;0.0
Iracema;BASTIOES;-5.8670555555556;-38.397527777778;2013;6;194.0;0.0;0.0;0.0;0.0;0.0;0.0;0.0;0.0;0.0;0.0;0.0;0.0;30.0;62.0;0.0;0.0;0.0;0.0;0.0;0.0;0.0;53.0;49.0;999.0;999.0;999.0;999.0;999.0;999.0;999.0;888.0
Iracema;BASTIOES;-5.8670555555556;-38.397527777778;2014;1;0.0;0.0;0.0;0.0;0.0;0.0;0.0;0.0;0.0;0.0;0.0;0.0;0.0;0.0;0.0;0.0;0.0;0.0;0.0;0.0;0.0;0.0;0.0;0.0;0.0;0.0;0.0;0.0;0.0;0.0;0.0;0.0
Iracema;BASTIOES;-5.8670555555556;-38.397527777778;2014;2;160.0;0.0;0.0;0.0;0.0;0.0;0.0;0.0;20.0;0.0;26.0;0.0;17.0;0.0;0.0;0.0;0.0;0.0;0.0;65.0;32.0;0.0;0.0;0.0;0.0;0.0;0.0;0.0;0.0;888.0;888.0;888.0
Iracema;BASTIOES;-5.8670555555556;-38.397527777778;2014;3;208.2;0.0;0.0;0.0;0.0;0.0;0.0;0.0;0.0;0.0;0.0;0.0;0.0;19.0;8.0;0.0;29.0;0.0;0.0;32.0;0.0;0.0;0.0;0.0;0.0;0.0;0.0;5.2;0.0;70.0;33.0;12.0
Iracema;BASTIOES;-5.8670555555556;-38.397527777778;2014;4;160.5;0.0;0.0;0.0;25.0;0.0;0.0;15.0;5.2;22.0;0.0;18.3;19.0;0.0;6.0;0.0;0.0;26.0;0.0;0.0;0.0;0.0;0.0;0.0;0.0;0.0;0.0;0.0;24.0;0.0;0.0;888.0
Iracema;BASTIOES;-5.8670555555556;-38.397527777778;2014;5;108.0;38.0;65.0;0.0;5.0;0.0;0.0;0.0;0.0;0.0;0.0;0.0;0.0;0.0;0.0;0.0;0.0;0.0;0.0;0.0;0.0;0.0;0.0;999.0;0.0;0.0;0.0;0.0;0.0;0.0;0.0;0.0
Iracema;BASTIOES;-5.8670555555556;-38.397527777778;2014;6;0.0;0.0;0.0;0.0;0.0;0.0;0.0;0.0;0.0;0.0;0.0;0.0;0.0;0.0;0.0;0.0;0.0;0.0;0.0;0.0;0.0;0.0;0.0;0.0;0.0;0.0;0.0;0.0;0.0;0.0;0.0;888.0
Iracema;BASTIOES;-5.8670555555556;-38.397527777778;2014;7;0.0;0.0;0.0;0.0;0.0;0.0;0.0;0.0;0.0;0.0;0.0;0.0;0.0;0.0;0.0;0.0;0.0;0.0;0.0;0.0;0.0;0.0;0.0;0.0;0.0;0.0;0.0;0.0;0.0;0.0;0.0;0.0
Iracema;BASTIOES;-5.8670555555556;-38.397527777778;2014;8;0.0;0.0;0.0;0.0;0.0;0.0;0.0;0.0;0.0;0.0;0.0;0.0;0.0;0.0;0.0;0.0;0.0;0.0;0.0;0.0;0.0;0.0;0.0;0.0;0.0;0.0;0.0;0.0;0.0;0.0;0.0;0.0
Iracema;BASTIOES;-5.8670555555556;-38.397527777778;2014;9;0.0;0.0;0.0;0.0;0.0;0.0;0.0;0.0;0.0;0.0;0.0;0.0;0.0;0.0;0.0;0.0;0.0;0.0;0.0;0.0;0.0;0.0;0.0;0.0;0.0;0.0;0.0;0.0;0.0;0.0;0.0;888.0
Iracema;BASTIOES;-5.8670555555556;-38.397527777778;2014;10;0.0;0.0;0.0;0.0;0.0;0.0;0.0;0.0;0.0;0.0;0.0;0.0;0.0;0.0;0.0;0.0;0.0;0.0;0.0;0.0;0.0;0.0;0.0;0.0;0.0;0.0;0.0;0.0;0.0;0.0;0.0;0.0
Iracema;BASTIOES;-5.8670555555556;-38.397527777778;2014;11;0.0;0.0;0.0;0.0;0.0;0.0;0.0;0.0;0.0;0.0;0.0;0.0;0.0;0.0;0.0;0.0;0.0;0.0;0.0;0.0;0.0;0.0;0.0;0.0;0.0;0.0;0.0;0.0;0.0;0.0;0.0;888.0
Iracema;BASTIOES;-5.8670555555556;-38.397527777778;2014;12;0.0;0.0;0.0;0.0;0.0;0.0;0.0;0.0;0.0;0.0;0.0;0.0;0.0;0.0;0.0;0.0;0.0;0.0;0.0;0.0;0.0;0.0;0.0;0.0;0.0;0.0;0.0;0.0;0.0;0.0;0.0;0.0
Iracema;BASTIOES;-5.8670555555556;-38.397527777778;2015;1;42.0;0.0;0.0;17.0;25.0;0.0;0.0;0.0;0.0;0.0;0.0;0.0;0.0;0.0;0.0;0.0;0.0;0.0;0.0;0.0;0.0;0.0;0.0;0.0;0.0;0.0;0.0;0.0;0.0;0.0;0.0;0.0
Iracema;BASTIOES;-5.8670555555556;-38.397527777778;2015;2;87.0;0.0;0.0;0.0;0.0;16.0;0.0;0.0;0.0;0.0;0.0;0.0;0.0;0.0;0.0;0.0;0.0;0.0;0.0;0.0;11.0;0.0;21.0;30.0;5.0;4.0;0.0;0.0;0.0;888.0;888.0;888.0
Iracema;BASTIOES;-5.8670555555556;-38.397527777778;2015;3;194.0;0.0;0.0;8.0;0.0;0.0;0.0;0.0;17.0;47.0;14.0;0.0;0.0;0.0;0.0;0.0;0.0;0.0;0.0;0.0;0.0;0.0;0.0;32.0;37.0;33.0;0.0;0.0;0.0;0.0;0.0;6.0
Iracema;BASTIOES;-5.8670555555556;-38.397527777778;2015;4;35.0;0.0;0.0;20.0;0.0;0.0;0.0;0.0;0.0;0.0;4.0;0.0;0.0;0.0;0.0;0.0;0.0;0.0;0.0;0.0;0.0;0.0;0.0;6.0;5.0;0.0;0.0;0.0;0.0;0.0;0.0;888.0
Iracema;BASTIOES;-5.8670555555556;-38.397527777778;2015;5;26.0;0.0;0.0;0.0;0.0;0.0;0.0;0.0;0.0;0.0;0.0;0.0;0.0;0.0;0.0;0.0;0.0;0.0;0.0;0.0;0.0;8.0;18.0;0.0;0.0;0.0;0.0;0.0;0.0;0.0;0.0;0.0
Iracema;BASTIOES;-5.8670555555556;-38.397527777778;2015;6;0.0;0.0;0.0;0.0;0.0;0.0;0.0;0.0;0.0;0.0;0.0;0.0;0.0;0.0;0.0;0.0;0.0;0.0;0.0;0.0;0.0;0.0;0.0;0.0;0.0;0.0;0.0;0.0;0.0;0.0;0.0;888.0
Iracema;BASTIOES;-5.8670555555556;-38.397527777778;2015;7;0.0;0.0;0.0;0.0;0.0;0.0;0.0;0.0;0.0;0.0;0.0;0.0;0.0;0.0;0.0;0.0;0.0;0.0;0.0;0.0;0.0;0.0;0.0;0.0;0.0;0.0;0.0;0.0;0.0;0.0;0.0;0.0
Iracema;BASTIOES;-5.8670555555556;-38.397527777778;2015;8;0.0;0.0;0.0;0.0;0.0;0.0;0.0;0.0;0.0;0.0;0.0;0.0;0.0;0.0;0.0;0.0;0.0;0.0;0.0;0.0;0.0;0.0;0.0;0.0;0.0;0.0;0.0;0.0;0.0;0.0;0.0;0.0
Iracema;BASTIOES;-5.8670555555556;-38.397527777778;2015;9;0.0;0.0;0.0;0.0;0.0;0.0;0.0;0.0;0.0;0.0;0.0;0.0;0.0;0.0;0.0;0.0;0.0;0.0;0.0;0.0;0.0;0.0;0.0;0.0;0.0;0.0;0.0;0.0;0.0;0.0;0.0;888.0
Iracema;BASTIOES;-5.8670555555556;-38.397527777778;2015;10;0.0;0.0;0.0;0.0;0.0;0.0;0.0;0.0;0.0;0.0;0.0;0.0;0.0;0.0;0.0;0.0;0.0;0.0;0.0;0.0;0.0;0.0;0.0;0.0;0.0;0.0;0.0;0.0;0.0;0.0;0.0;0.0
Iracema;BASTIOES;-5.8670555555556;-38.397527777778;2015;11;0.0;0.0;0.0;0.0;0.0;0.0;0.0;0.0;0.0;0.0;0.0;0.0;0.0;0.0;0.0;0.0;0.0;0.0;0.0;0.0;0.0;0.0;0.0;0.0;0.0;0.0;0.0;0.0;0.0;0.0;0.0;888.0
Iracema;BASTIOES;-5.8670555555556;-38.397527777778;2015;12;71.0;0.0;0.0;0.0;0.0;0.0;0.0;0.0;0.0;0.0;0.0;0.0;0.0;0.0;0.0;0.0;0.0;0.0;0.0;0.0;0.0;0.0;0.0;0.0;0.0;0.0;71.0;0.0;0.0;0.0;0.0;0.0
Iracema;BASTIOES;-5.8670555555556;-38.397527777778;2016;1;253.3;0.0;0.0;0.0;0.0;0.0;0.0;31.0;5.0;6.3;35.0;0.0;0.0;0.0;23.0;4.0;0.0;0.0;0.0;26.0;0.0;0.0;32.0;8.0;58.0;5.0;12.0;0.0;0.0;0.0;0.0;8.0
Iracema;BASTIOES;-5.8670555555556;-38.397527777778;2016;2;56.0;13.0;9.0;30.0;0.0;0.0;0.0;0.0;0.0;0.0;0.0;0.0;0.0;0.0;0.0;0.0;0.0;0.0;0.0;4.0;0.0;0.0;0.0;0.0;0.0;0.0;0.0;0.0;0.0;0.0;888.0;888.0
Iracema;BASTIOES;-5.8670555555556;-38.397527777778;2016;3;143.0;0.0;0.0;0.0;0.0;0.0;0.0;0.0;0.0;0.0;0.0;0.0;0.0;0.0;3.0;4.0;0.0;0.0;27.0;0.0;0.0;0.0;0.0;57.0;0.0;5.0;0.0;8.0;0.0;0.0;39.0;0.0
Iracema;BASTIOES;-5.8670555555556;-38.397527777778;2016;4;76.0;4.0;6.0;0.0;0.0;0.0;0.0;10.0;0.0;0.0;0.0;0.0;21.0;0.0;2.0;13.0;0.0;0.0;0.0;5.0;0.0;0.0;0.0;15.0;0.0;0.0;0.0;0.0;0.0;0.0;0.0;888.0
Iracema;BASTIOES;-5.8670555555556;-38.397527777778;2016;5;43.0;0.0;0.0;4.0;0.0;0.0;0.0;0.0;0.0;0.0;0.0;22.0;0.0;0.0;0.0;11.0;0.0;0.0;0.0;0.0;0.0;0.0;0.0;0.0;0.0;0.0;6.0;0.0;0.0;0.0;0.0;0.0
Iracema;BASTIOES;-5.8670555555556;-38.397527777778;2016;6;11.0;0.0;0.0;11.0;0.0;0.0;0.0;0.0;0.0;0.0;0.0;0.0;0.0;0.0;0.0;0.0;0.0;0.0;0.0;0.0;0.0;0.0;0.0;0.0;0.0;0.0;0.0;0.0;0.0;0.0;0.0;888.0
Iracema;BASTIOES;-5.8670555555556;-38.397527777778;2016;7;0.0;0.0;0.0;0.0;0.0;0.0;0.0;0.0;0.0;0.0;0.0;0.0;0.0;0.0;0.0;0.0;0.0;0.0;0.0;0.0;0.0;0.0;0.0;0.0;0.0;0.0;0.0;0.0;0.0;0.0;0.0;0.0
Iracema;BASTIOES;-5.8670555555556;-38.397527777778;2016;8;0.0;0.0;0.0;0.0;0.0;0.0;0.0;0.0;0.0;0.0;0.0;0.0;0.0;0.0;0.0;0.0;0.0;0.0;0.0;0.0;0.0;0.0;0.0;0.0;0.0;0.0;0.0;0.0;0.0;0.0;0.0;0.0
Iracema;BASTIOES;-5.8670555555556;-38.397527777778;2016;9;0.0;0.0;0.0;0.0;0.0;0.0;0.0;0.0;0.0;0.0;0.0;0.0;0.0;0.0;0.0;0.0;0.0;0.0;0.0;0.0;0.0;0.0;0.0;0.0;0.0;0.0;0.0;0.0;0.0;0.0;0.0;888.0
Iracema;BASTIOES;-5.8670555555556;-38.397527777778;2016;10;0.0;0.0;0.0;0.0;0.0;0.0;0.0;0.0;0.0;0.0;0.0;0.0;0.0;0.0;0.0;0.0;0.0;0.0;999.0;0.0;0.0;0.0;0.0;0.0;0.0;0.0;0.0;0.0;0.0;0.0;0.0;0.0
Iracema;BASTIOES;-5.8670555555556;-38.397527777778;2016;11;0.0;0.0;0.0;0.0;0.0;0.0;0.0;0.0;0.0;0.0;0.0;0.0;0.0;0.0;0.0;0.0;0.0;0.0;0.0;0.0;0.0;0.0;0.0;0.0;0.0;0.0;0.0;0.0;0.0;0.0;0.0;888.0
Iracema;BASTIOES;-5.8670555555556;-38.397527777778;2016;12;49.0;0.0;0.0;0.0;0.0;0.0;0.0;0.0;0.0;0.0;0.0;0.0;0.0;0.0;0.0;0.0;0.0;0.0;12.0;25.0;0.0;0.0;0.0;0.0;0.0;0.0;0.0;0.0;0.0;12.0;0.0;0.0
Iracema;BASTIOES;-5.8670555555556;-38.397527777778;2017;1;18.0;0.0;0.0;0.0;0.0;0.0;0.0;0.0;0.0;0.0;0.0;0.0;0.0;0.0;0.0;0.0;0.0;0.0;0.0;0.0;0.0;0.0;0.0;6.0;12.0;0.0;0.0;0.0;0.0;0.0;0.0;0.0
Iracema;BASTIOES;-5.8670555555556;-38.397527777778;2017;2;141.0;0.0;0.0;0.0;0.0;0.0;0.0;0.0;0.0;0.0;0.0;21.0;4.0;0.0;0.0;0.0;0.0;0.0;61.0;0.0;33.0;0.0;0.0;0.0;0.0;0.0;0.0;0.0;22.0;888.0;888.0;888.0
Iracema;BASTIOES;-5.8670555555556;-38.397527777778;2017;3;194.0;0.0;15.0;14.0;0.0;0.0;34.0;0.0;0.0;0.0;54.0;29.0;0.0;7.0;3.0;0.0;0.0;0.0;14.0;0.0;0.0;0.0;0.0;13.0;0.0;0.0;0.0;0.0;0.0;0.0;6.0;5.0
Iracema;BASTIOES;-5.8670555555556;-38.397527777778;2017;4;133.0;6.0;0.0;8.0;0.0;0.0;8.0;0.0;0.0;0.0;7.0;37.0;19.0;0.0;0.0;4.0;0.0;0.0;19.0;0.0;0.0;0.0;0.0;0.0;0.0;0.0;0.0;0.0;0.0;25.0;0.0;888.0
Iracema;BASTIOES;-5.8670555555556;-38.397527777778;2017;5;59.0;0.0;0.0;0.0;13.0;0.0;0.0;0.0;0.0;0.0;0.0;0.0;23.0;0.0;0.0;0.0;0.0;0.0;0.0;0.0;0.0;0.0;0.0;0.0;0.0;0.0;0.0;0.0;0.0;23.0;0.0;0.0
Iracema;BASTIOES;-5.8670555555556;-38.397527777778;2017;6;41.0;5.0;0.0;0.0;0.0;0.0;0.0;0.0;0.0;0.0;0.0;0.0;36.0;0.0;0.0;0.0;0.0;0.0;0.0;0.0;0.0;0.0;0.0;0.0;0.0;0.0;0.0;0.0;0.0;0.0;0.0;888.0
Iracema;BASTIOES;-5.8670555555556;-38.397527777778;2017;7;72.0;23.0;35.0;0.0;0.0;0.0;0.0;0.0;0.0;0.0;0.0;0.0;0.0;0.0;0.0;0.0;0.0;0.0;0.0;0.0;0.0;0.0;0.0;0.0;14.0;0.0;0.0;0.0;0.0;0.0;0.0;0.0
Iracema;BASTIOES;-5.8670555555556;-38.397527777778;2017;8;0.0;0.0;0.0;0.0;0.0;0.0;0.0;0.0;0.0;0.0;0.0;0.0;0.0;0.0;0.0;0.0;0.0;0.0;0.0;0.0;0.0;0.0;0.0;0.0;0.0;0.0;0.0;0.0;0.0;0.0;0.0;0.0
Iracema;BASTIOES;-5.8670555555556;-38.397527777778;2017;9;0.0;0.0;0.0;0.0;0.0;0.0;0.0;0.0;0.0;0.0;0.0;0.0;0.0;0.0;0.0;0.0;0.0;0.0;0.0;0.0;0.0;0.0;0.0;0.0;0.0;0.0;0.0;0.0;0.0;0.0;0.0;888.0
Iracema;BASTIOES;-5.8670555555556;-38.397527777778;2017;10;0.0;0.0;0.0;0.0;0.0;0.0;0.0;0.0;0.0;0.0;0.0;0.0;0.0;0.0;0.0;0.0;0.0;0.0;0.0;0.0;0.0;0.0;0.0;0.0;0.0;0.0;0.0;0.0;0.0;0.0;0.0;0.0
Iracema;BASTIOES;-5.8670555555556;-38.397527777778;2017;11;0.0;0.0;0.0;0.0;0.0;0.0;0.0;0.0;0.0;0.0;0.0;0.0;0.0;0.0;0.0;0.0;0.0;0.0;0.0;0.0;0.0;0.0;0.0;0.0;0.0;0.0;0.0;0.0;0.0;0.0;0.0;888.0
Iracema;BASTIOES;-5.8670555555556;-38.397527777778;2017;12;0.0;0.0;0.0;0.0;0.0;0.0;0.0;0.0;0.0;0.0;0.0;0.0;0.0;0.0;0.0;0.0;0.0;0.0;0.0;0.0;0.0;0.0;0.0;0.0;0.0;0.0;0.0;0.0;0.0;0.0;0.0;0.0
Iracema;BASTIOES;-5.8670555555556;-38.397527777778;2018;1;89.0;0.0;0.0;0.0;0.0;0.0;0.0;0.0;0.0;30.0;0.0;0.0;20.0;0.0;0.0;0.0;0.0;0.0;0.0;30.0;9.0;0.0;0.0;0.0;0.0;0.0;0.0;0.0;0.0;0.0;0.0;0.0
Iracema;BASTIOES;-5.8670555555556;-38.397527777778;2018;2;191.7;0.0;0.0;0.0;0.0;0.0;0.0;0.0;0.0;0.0;9.0;21.5;0.0;7.0;5.0;20.0;8.0;31.0;13.0;30.0;3.0;37.0;0.0;0.0;0.0;7.2;0.0;0.0;0.0;888.0;888.0;888.0
Iracema;BASTIOES;-5.8670555555556;-38.397527777778;2018;3;193.3;5.0;0.0;0.0;0.0;0.0;0.0;0.0;0.0;0.0;0.0;0.0;0.0;0.0;0.0;0.0;0.0;0.0;0.0;0.0;0.0;0.0;0.0;0.0;0.0;49.0;44.0;4.0;20.3;0.0;53.0;18.0
Iracema;BASTIOES;-5.8670555555556;-38.397527777778;2018;4;337.3;7.0;14.0;0.0;0.0;0.0;0.0;76.0;0.0;5.5;27.0;0.0;41.0;87.0;0.0;0.0;27.0;5.0;0.0;0.0;0.0;0.0;0.0;12.4;0.0;0.0;0.0;23.2;0.0;0.0;12.2;888.0
Iracema;BASTIOES;-5.8670555555556;-38.397527777778;2018;5;133.1;5.0;21.3;0.0;0.0;0.0;0.0;0.0;0.0;0.0;0.0;0.0;3.0;0.0;0.0;0.0;0.0;0.0;41.3;31.0;0.0;0.0;0.0;0.0;0.0;0.0;3.5;14.0;0.0;14.0;0.0;0.0
Iracema;BASTIOES;-5.8670555555556;-38.397527777778;2018;6;29.2;0.0;0.0;0.0;0.0;11.2;0.0;0.0;6.0;0.0;0.0;0.0;0.0;0.0;0.0;0.0;0.0;0.0;12.0;0.0;0.0;0.0;0.0;0.0;0.0;0.0;0.0;0.0;0.0;0.0;0.0;888.0
Iracema;BASTIOES;-5.8670555555556;-38.397527777778;2018;7;0.0;0.0;0.0;0.0;0.0;0.0;0.0;0.0;0.0;0.0;0.0;0.0;0.0;0.0;0.0;0.0;0.0;0.0;0.0;0.0;0.0;0.0;0.0;0.0;0.0;0.0;0.0;0.0;0.0;0.0;0.0;0.0
Iracema;BASTIOES;-5.8670555555556;-38.397527777778;2018;8;0.0;0.0;0.0;0.0;0.0;0.0;0.0;0.0;0.0;0.0;0.0;0.0;0.0;0.0;0.0;0.0;0.0;0.0;0.0;0.0;0.0;0.0;0.0;0.0;0.0;0.0;0.0;0.0;0.0;0.0;0.0;0.0
Iracema;BASTIOES;-5.8670555555556;-38.397527777778;2018;9;0.0;0.0;0.0;0.0;0.0;0.0;0.0;0.0;0.0;0.0;0.0;0.0;0.0;0.0;0.0;0.0;0.0;0.0;0.0;0.0;0.0;0.0;0.0;0.0;0.0;0.0;0.0;0.0;0.0;0.0;0.0;888.0
Iracema;BASTIOES;-5.8670555555556;-38.397527777778;2018;10;0.0;0.0;0.0;0.0;999.0;999.0;999.0;999.0;999.0;999.0;999.0;999.0;999.0;999.0;999.0;999.0;999.0;999.0;999.0;999.0;999.0;999.0;999.0;999.0;999.0;999.0;999.0;999.0;999.0;999.0;999.0;999.0
