Municipios;Postos;Latitude;Longitude;Anos;Meses;Total;Dia1;Dia2;Dia3;Dia4;Dia5;Dia6;Dia7;Dia8;Dia9;Dia10;Dia11;Dia12;Dia13;Dia14;Dia15;Dia16;Dia17;Dia18;Dia19;Dia20;Dia21;Dia22;Dia23;Dia24;Dia25;Dia26;Dia27;Dia28;Dia29;Dia30;Dia31
Crato;DOM QUINTINO;-7.0413055555556;-39.471194444444;2000;11;0.0;0.0;0.0;0.0;0.0;0.0;0.0;0.0;0.0;0.0;0.0;0.0;0.0;0.0;0.0;0.0;0.0;0.0;0.0;0.0;0.0;0.0;0.0;0.0;0.0;0.0;0.0;0.0;0.0;0.0;0.0;888.0
Crato;DOM QUINTINO;-7.0413055555556;-39.471194444444;2000;12;60.2;0.0;0.0;0.0;0.0;0.0;0.0;0.0;0.0;0.0;0.0;0.0;0.0;0.0;15.0;32.0;13.2;0.0;0.0;0.0;0.0;0.0;0.0;0.0;0.0;0.0;0.0;0.0;0.0;0.0;0.0;0.0
Crato;DOM QUINTINO;-7.0413055555556;-39.471194444444;2001;1;52.2;0.0;0.0;0.0;0.0;0.0;0.0;0.0;0.0;5.2;10.0;0.0;0.0;0.0;0.0;0.0;0.0;0.0;0.0;0.0;0.0;0.0;0.0;0.0;0.0;0.0;0.0;0.0;37.0;0.0;0.0;0.0
Crato;DOM QUINTINO;-7.0413055555556;-39.471194444444;2001;2;65.7;0.0;0.0;0.0;10.0;2.5;0.0;0.0;0.0;0.0;11.2;0.0;0.0;0.0;0.0;0.0;0.0;0.0;0.0;0.0;0.0;0.0;0.0;0.0;0.0;0.0;8.0;9.0;25.0;888.0;888.0;888.0
Crato;DOM QUINTINO;-7.0413055555556;-39.471194444444;2001;3;133.4;0.0;25.0;0.0;0.0;0.0;0.0;0.0;0.0;0.0;0.0;0.0;0.0;38.0;15.8;0.0;0.0;0.0;0.0;0.0;0.0;0.0;6.2;0.0;0.0;0.0;0.0;19.2;0.0;13.0;16.2;0.0
Crato;DOM QUINTINO;-7.0413055555556;-39.471194444444;2001;4;60.0;0.0;0.0;0.0;44.0;0.0;0.0;16.0;0.0;0.0;0.0;0.0;0.0;0.0;0.0;0.0;0.0;0.0;0.0;0.0;0.0;0.0;0.0;0.0;0.0;0.0;0.0;0.0;0.0;0.0;0.0;888.0
Crato;DOM QUINTINO;-7.0413055555556;-39.471194444444;2001;5;25.2;0.0;0.0;0.0;0.0;0.0;0.0;0.0;0.0;0.0;0.0;0.0;0.0;0.0;5.2;0.0;0.0;0.0;20.0;0.0;0.0;0.0;0.0;0.0;0.0;0.0;0.0;0.0;0.0;0.0;0.0;0.0
Crato;DOM QUINTINO;-7.0413055555556;-39.471194444444;2001;6;40.0;0.0;0.0;0.0;0.0;0.0;0.0;0.0;0.0;0.0;0.0;0.0;0.0;0.0;0.0;0.0;0.0;0.0;10.0;0.0;0.0;0.0;0.0;0.0;0.0;0.0;0.0;0.0;0.0;30.0;0.0;888.0
Crato;DOM QUINTINO;-7.0413055555556;-39.471194444444;2001;7;0.0;0.0;0.0;0.0;0.0;0.0;0.0;0.0;0.0;0.0;0.0;0.0;0.0;0.0;0.0;0.0;0.0;0.0;0.0;0.0;0.0;0.0;0.0;0.0;0.0;0.0;0.0;0.0;0.0;0.0;0.0;0.0
Crato;DOM QUINTINO;-7.0413055555556;-39.471194444444;2001;8;0.0;0.0;0.0;0.0;0.0;0.0;0.0;0.0;0.0;0.0;0.0;0.0;0.0;0.0;0.0;0.0;0.0;0.0;0.0;0.0;0.0;0.0;0.0;0.0;0.0;0.0;0.0;0.0;0.0;0.0;0.0;0.0
Crato;DOM QUINTINO;-7.0413055555556;-39.471194444444;2001;9;0.0;0.0;0.0;0.0;0.0;0.0;0.0;0.0;0.0;0.0;0.0;0.0;0.0;0.0;0.0;0.0;0.0;0.0;0.0;0.0;0.0;0.0;0.0;0.0;0.0;0.0;0.0;0.0;0.0;0.0;0.0;888.0
Crato;DOM QUINTINO;-7.0413055555556;-39.471194444444;2001;10;0.0;0.0;0.0;0.0;0.0;0.0;0.0;0.0;0.0;0.0;0.0;0.0;0.0;0.0;0.0;0.0;0.0;0.0;0.0;0.0;0.0;0.0;0.0;0.0;0.0;0.0;0.0;0.0;0.0;0.0;0.0;0.0
Crato;DOM QUINTINO;-7.0413055555556;-39.471194444444;2001;11;30.0;0.0;0.0;0.0;0.0;0.0;0.0;0.0;0.0;0.0;0.0;0.0;0.0;0.0;0.0;0.0;0.0;0.0;0.0;0.0;0.0;0.0;0.0;0.0;0.0;0.0;13.0;0.0;17.0;0.0;0.0;888.0
Crato;DOM QUINTINO;-7.0413055555556;-39.471194444444;2001;12;266.0;0.0;0.0;0.0;55.0;45.0;0.0;0.0;0.0;0.0;0.0;0.0;0.0;0.0;0.0;0.0;0.0;0.0;0.0;0.0;0.0;12.0;0.0;0.0;0.0;0.0;0.0;0.0;87.0;0.0;45.0;22.0
Crato;DOM QUINTINO;-7.0413055555556;-39.471194444444;2002;1;329.8;22.0;25.2;0.0;0.0;0.0;19.2;0.0;45.0;0.0;0.0;0.0;0.0;50.0;15.0;0.0;6.2;0.0;34.0;42.0;0.0;0.0;0.0;16.2;0.0;0.0;0.0;0.0;0.0;0.0;0.0;55.0
Crato;DOM QUINTINO;-7.0413055555556;-39.471194444444;2002;2;59.6;0.0;0.0;0.0;0.0;0.0;0.0;6.2;10.2;0.0;0.0;0.0;0.0;0.0;0.0;0.0;39.0;0.0;0.0;0.0;0.0;0.0;0.0;0.0;0.0;0.0;4.2;0.0;0.0;888.0;888.0;888.0
Crato;DOM QUINTINO;-7.0413055555556;-39.471194444444;2002;3;168.0;0.0;0.0;0.0;18.0;0.0;35.0;0.0;0.0;9.0;0.0;0.0;0.0;0.0;0.0;0.0;0.0;17.0;15.0;5.0;0.0;0.0;0.0;0.0;13.0;20.0;0.0;0.0;0.0;0.0;0.0;36.0
Crato;DOM QUINTINO;-7.0413055555556;-39.471194444444;2002;4;25.2;0.0;0.0;0.0;0.0;0.0;0.0;0.0;0.0;0.0;0.0;0.0;0.0;0.0;0.0;0.0;0.0;0.0;0.0;0.0;0.0;0.0;0.0;0.0;25.2;0.0;0.0;0.0;0.0;0.0;0.0;888.0
Crato;DOM QUINTINO;-7.0413055555556;-39.471194444444;2002;5;30.0;0.0;0.0;0.0;0.0;0.0;0.0;0.0;0.0;0.0;0.0;0.0;0.0;0.0;0.0;0.0;0.0;0.0;0.0;0.0;0.0;0.0;0.0;0.0;30.0;0.0;0.0;0.0;0.0;0.0;0.0;0.0
Crato;DOM QUINTINO;-7.0413055555556;-39.471194444444;2002;6;0.0;0.0;0.0;0.0;0.0;0.0;0.0;0.0;0.0;0.0;0.0;0.0;0.0;0.0;0.0;0.0;0.0;0.0;0.0;0.0;0.0;0.0;0.0;0.0;0.0;0.0;0.0;0.0;0.0;0.0;0.0;888.0
Crato;DOM QUINTINO;-7.0413055555556;-39.471194444444;2002;7;0.0;0.0;0.0;0.0;0.0;0.0;0.0;0.0;0.0;0.0;0.0;0.0;0.0;0.0;0.0;0.0;0.0;0.0;0.0;0.0;0.0;0.0;0.0;0.0;0.0;0.0;0.0;0.0;0.0;0.0;0.0;0.0
Crato;DOM QUINTINO;-7.0413055555556;-39.471194444444;2002;8;0.0;0.0;0.0;0.0;0.0;0.0;0.0;0.0;0.0;0.0;0.0;0.0;0.0;0.0;0.0;0.0;0.0;0.0;0.0;0.0;0.0;0.0;0.0;0.0;0.0;0.0;0.0;0.0;0.0;0.0;0.0;0.0
Crato;DOM QUINTINO;-7.0413055555556;-39.471194444444;2002;9;0.0;0.0;0.0;0.0;0.0;0.0;0.0;0.0;0.0;0.0;0.0;0.0;0.0;0.0;0.0;0.0;0.0;0.0;0.0;0.0;0.0;0.0;0.0;0.0;0.0;0.0;0.0;0.0;0.0;0.0;0.0;888.0
Crato;DOM QUINTINO;-7.0413055555556;-39.471194444444;2002;10;0.0;0.0;0.0;0.0;0.0;0.0;0.0;0.0;0.0;0.0;0.0;0.0;0.0;0.0;0.0;0.0;0.0;0.0;0.0;0.0;0.0;0.0;0.0;0.0;0.0;0.0;0.0;0.0;0.0;0.0;0.0;0.0
Crato;DOM QUINTINO;-7.0413055555556;-39.471194444444;2002;11;8.2;0.0;0.0;0.0;0.0;0.0;0.0;0.0;0.0;0.0;0.0;0.0;0.0;0.0;0.0;0.0;0.0;0.0;0.0;0.0;0.0;0.0;0.0;0.0;0.0;0.0;8.2;0.0;0.0;0.0;0.0;888.0
Crato;DOM QUINTINO;-7.0413055555556;-39.471194444444;2002;12;0.0;0.0;0.0;0.0;0.0;0.0;0.0;0.0;0.0;0.0;0.0;0.0;0.0;0.0;0.0;0.0;0.0;0.0;0.0;0.0;0.0;0.0;0.0;0.0;0.0;0.0;0.0;0.0;0.0;0.0;0.0;0.0
Crato;DOM QUINTINO;-7.0413055555556;-39.471194444444;2003;1;153.4;0.0;0.0;0.0;0.0;0.0;0.0;0.0;0.0;0.0;0.0;0.0;0.0;0.0;0.0;0.0;0.0;0.0;0.0;86.0;0.0;0.0;0.0;3.0;43.0;0.0;0.0;6.2;0.0;7.0;0.0;8.2
Crato;DOM QUINTINO;-7.0413055555556;-39.471194444444;2003;2;58.0;0.0;0.0;0.0;0.0;0.0;0.0;0.0;0.0;0.0;0.0;0.0;23.0;10.0;25.0;0.0;0.0;0.0;0.0;0.0;0.0;0.0;0.0;0.0;0.0;0.0;0.0;0.0;0.0;888.0;888.0;888.0
Crato;DOM QUINTINO;-7.0413055555556;-39.471194444444;2003;3;180.4;0.0;0.0;0.0;0.0;0.0;0.0;0.0;0.0;0.0;0.0;0.0;0.0;0.0;0.0;15.2;0.0;0.0;0.0;30.0;0.0;100.0;25.0;0.0;0.0;0.0;0.0;10.2;0.0;0.0;0.0;0.0
Crato;DOM QUINTINO;-7.0413055555556;-39.471194444444;2003;4;135.0;0.0;0.0;0.0;0.0;15.0;10.0;0.0;0.0;0.0;0.0;0.0;0.0;0.0;25.0;0.0;0.0;0.0;0.0;0.0;0.0;0.0;0.0;0.0;0.0;0.0;50.0;35.0;0.0;0.0;0.0;888.0
Crato;DOM QUINTINO;-7.0413055555556;-39.471194444444;2003;5;26.0;8.0;12.0;6.0;0.0;0.0;0.0;0.0;0.0;0.0;0.0;0.0;0.0;0.0;0.0;0.0;0.0;0.0;0.0;0.0;0.0;0.0;0.0;0.0;0.0;0.0;0.0;0.0;0.0;0.0;0.0;0.0
Crato;DOM QUINTINO;-7.0413055555556;-39.471194444444;2003;6;0.0;0.0;0.0;0.0;0.0;0.0;0.0;0.0;0.0;0.0;0.0;0.0;0.0;0.0;0.0;0.0;0.0;0.0;0.0;0.0;0.0;0.0;0.0;0.0;0.0;0.0;0.0;0.0;0.0;0.0;0.0;888.0
Crato;DOM QUINTINO;-7.0413055555556;-39.471194444444;2003;7;0.0;0.0;0.0;0.0;0.0;0.0;0.0;0.0;0.0;0.0;0.0;0.0;0.0;0.0;0.0;0.0;0.0;0.0;0.0;0.0;0.0;0.0;0.0;0.0;0.0;0.0;0.0;0.0;0.0;0.0;0.0;0.0
Crato;DOM QUINTINO;-7.0413055555556;-39.471194444444;2003;8;0.0;0.0;0.0;0.0;0.0;0.0;0.0;0.0;0.0;0.0;0.0;0.0;0.0;0.0;0.0;0.0;0.0;0.0;0.0;0.0;0.0;0.0;0.0;0.0;0.0;0.0;0.0;0.0;0.0;0.0;0.0;0.0
Crato;DOM QUINTINO;-7.0413055555556;-39.471194444444;2003;9;0.0;0.0;0.0;0.0;0.0;0.0;0.0;0.0;0.0;0.0;0.0;0.0;0.0;0.0;0.0;0.0;0.0;0.0;0.0;0.0;0.0;0.0;0.0;0.0;0.0;0.0;0.0;0.0;0.0;0.0;0.0;888.0
Crato;DOM QUINTINO;-7.0413055555556;-39.471194444444;2003;10;0.0;0.0;0.0;0.0;0.0;0.0;0.0;0.0;0.0;0.0;0.0;0.0;0.0;0.0;0.0;0.0;0.0;0.0;0.0;0.0;0.0;0.0;0.0;0.0;0.0;0.0;0.0;0.0;0.0;0.0;0.0;0.0
Crato;DOM QUINTINO;-7.0413055555556;-39.471194444444;2003;11;0.0;0.0;0.0;0.0;0.0;0.0;0.0;0.0;0.0;0.0;0.0;0.0;0.0;0.0;0.0;0.0;0.0;0.0;0.0;0.0;0.0;0.0;0.0;0.0;0.0;0.0;0.0;0.0;0.0;0.0;0.0;888.0
Crato;DOM QUINTINO;-7.0413055555556;-39.471194444444;2003;12;36.2;0.0;0.0;0.0;0.0;0.0;0.0;0.0;0.0;0.0;30.0;0.0;0.0;0.0;6.2;0.0;0.0;0.0;0.0;0.0;0.0;0.0;0.0;0.0;0.0;0.0;0.0;0.0;0.0;0.0;0.0;0.0
Crato;DOM QUINTINO;-7.0413055555556;-39.471194444444;2004;1;319.4;0.0;0.0;0.0;0.0;0.0;0.0;0.0;0.0;0.0;0.0;0.0;0.0;0.0;70.0;0.0;0.0;39.0;19.0;18.0;44.0;0.0;25.0;0.0;0.0;0.0;14.0;12.0;28.0;5.2;4.2;41.0
Crato;DOM QUINTINO;-7.0413055555556;-39.471194444444;2004;2;551.0;5.0;4.0;50.0;53.0;4.0;0.0;0.0;0.0;0.0;0.0;0.0;0.0;63.0;0.0;0.0;290.0;0.0;0.0;0.0;0.0;0.0;0.0;17.0;65.0;0.0;0.0;0.0;0.0;0.0;888.0;888.0
Crato;DOM QUINTINO;-7.0413055555556;-39.471194444444;2004;3;0.0;0.0;999.0;999.0;999.0;999.0;999.0;999.0;999.0;999.0;999.0;999.0;999.0;999.0;999.0;999.0;999.0;999.0;999.0;999.0;999.0;999.0;999.0;999.0;999.0;999.0;999.0;999.0;999.0;999.0;999.0;999.0
Crato;DOM QUINTINO;-7.0413055555556;-39.471194444444;2004;4;0.0;0.0;999.0;999.0;999.0;999.0;999.0;999.0;999.0;999.0;999.0;999.0;999.0;999.0;999.0;999.0;999.0;999.0;999.0;999.0;999.0;999.0;999.0;999.0;999.0;999.0;999.0;999.0;999.0;999.0;999.0;888.0
Crato;DOM QUINTINO;-7.0413055555556;-39.471194444444;2004;5;100.0;0.0;0.0;0.0;0.0;0.0;0.0;0.0;0.0;10.0;40.0;20.0;30.0;0.0;0.0;0.0;0.0;0.0;0.0;0.0;0.0;0.0;0.0;0.0;0.0;0.0;0.0;0.0;0.0;0.0;0.0;0.0
Crato;DOM QUINTINO;-7.0413055555556;-39.471194444444;2004;6;0.0;0.0;0.0;0.0;0.0;0.0;0.0;0.0;0.0;0.0;0.0;0.0;0.0;0.0;0.0;0.0;0.0;0.0;0.0;0.0;0.0;0.0;0.0;0.0;0.0;0.0;0.0;0.0;0.0;0.0;0.0;888.0
Crato;DOM QUINTINO;-7.0413055555556;-39.471194444444;2004;7;0.0;0.0;0.0;0.0;0.0;0.0;0.0;0.0;0.0;0.0;0.0;0.0;0.0;0.0;0.0;0.0;0.0;0.0;0.0;0.0;0.0;0.0;0.0;0.0;0.0;0.0;0.0;0.0;0.0;0.0;0.0;0.0
Crato;DOM QUINTINO;-7.0413055555556;-39.471194444444;2004;8;0.0;0.0;0.0;0.0;0.0;0.0;0.0;0.0;0.0;0.0;0.0;0.0;0.0;0.0;0.0;0.0;0.0;0.0;0.0;0.0;0.0;0.0;0.0;0.0;0.0;0.0;0.0;0.0;0.0;0.0;0.0;0.0
Crato;DOM QUINTINO;-7.0413055555556;-39.471194444444;2004;9;0.0;0.0;0.0;0.0;0.0;0.0;0.0;0.0;0.0;0.0;0.0;0.0;0.0;0.0;0.0;0.0;0.0;0.0;0.0;0.0;0.0;0.0;0.0;0.0;0.0;0.0;0.0;0.0;0.0;0.0;0.0;888.0
Crato;DOM QUINTINO;-7.0413055555556;-39.471194444444;2004;10;0.0;0.0;0.0;0.0;0.0;0.0;0.0;0.0;0.0;0.0;0.0;0.0;0.0;0.0;0.0;0.0;0.0;0.0;0.0;0.0;0.0;0.0;0.0;0.0;0.0;0.0;0.0;0.0;0.0;0.0;0.0;0.0
Crato;DOM QUINTINO;-7.0413055555556;-39.471194444444;2004;11;0.0;0.0;0.0;0.0;0.0;0.0;0.0;0.0;0.0;0.0;0.0;0.0;0.0;0.0;0.0;0.0;0.0;0.0;0.0;0.0;0.0;0.0;0.0;0.0;0.0;0.0;0.0;0.0;0.0;0.0;0.0;888.0
Crato;DOM QUINTINO;-7.0413055555556;-39.471194444444;2004;12;19.0;0.0;0.0;0.0;0.0;0.0;0.0;0.0;0.0;0.0;0.0;0.0;0.0;0.0;0.0;0.0;0.0;0.0;0.0;0.0;0.0;0.0;0.0;0.0;0.0;0.0;0.0;0.0;0.0;0.0;19.0;0.0
Crato;DOM QUINTINO;-7.0413055555556;-39.471194444444;2005;1;166.8;0.0;0.0;0.0;0.0;0.0;0.0;0.0;0.0;0.0;0.0;0.0;0.0;0.0;0.0;97.2;0.0;5.2;0.0;0.0;41.2;0.0;0.0;0.0;6.0;12.0;0.0;0.0;0.0;5.2;0.0;0.0
Crato;DOM QUINTINO;-7.0413055555556;-39.471194444444;2005;2;32.2;0.0;0.0;0.0;0.0;0.0;0.0;0.0;0.0;23.0;0.0;0.0;0.0;0.0;0.0;9.2;0.0;0.0;0.0;0.0;0.0;0.0;0.0;0.0;0.0;0.0;0.0;0.0;0.0;888.0;888.0;888.0
Crato;DOM QUINTINO;-7.0413055555556;-39.471194444444;2005;3;269.0;0.0;0.0;0.0;10.0;0.0;0.0;0.0;0.0;0.0;0.0;2.0;124.0;0.0;0.0;14.0;0.0;2.0;5.0;0.0;38.0;0.0;14.0;0.0;9.0;5.0;0.0;0.0;23.0;12.0;11.0;0.0
Crato;DOM QUINTINO;-7.0413055555556;-39.471194444444;2005;4;105.0;12.0;0.0;0.0;0.0;0.0;0.0;0.0;0.0;0.0;0.0;0.0;0.0;0.0;0.0;0.0;0.0;0.0;0.0;0.0;25.0;0.0;0.0;0.0;0.0;0.0;0.0;0.0;52.0;0.0;16.0;888.0
Crato;DOM QUINTINO;-7.0413055555556;-39.471194444444;2005;5;91.0;0.0;4.0;0.0;0.0;7.0;0.0;0.0;0.0;0.0;0.0;5.0;2.0;0.0;3.0;0.0;0.0;5.0;0.0;0.0;0.0;0.0;50.0;0.0;4.0;0.0;4.0;5.0;0.0;0.0;0.0;2.0
Crato;DOM QUINTINO;-7.0413055555556;-39.471194444444;2005;6;3.0;0.0;0.0;0.0;0.0;0.0;0.0;0.0;0.0;0.0;0.0;0.0;0.0;0.0;0.0;0.0;0.0;0.0;0.0;0.0;0.0;0.0;0.0;3.0;0.0;0.0;0.0;0.0;0.0;0.0;0.0;888.0
Crato;DOM QUINTINO;-7.0413055555556;-39.471194444444;2005;7;0.0;0.0;0.0;0.0;0.0;0.0;0.0;0.0;0.0;0.0;0.0;0.0;0.0;0.0;0.0;0.0;0.0;0.0;0.0;0.0;0.0;0.0;0.0;0.0;0.0;0.0;0.0;0.0;0.0;0.0;0.0;0.0
Crato;DOM QUINTINO;-7.0413055555556;-39.471194444444;2005;8;0.0;0.0;0.0;0.0;0.0;0.0;0.0;0.0;0.0;0.0;0.0;0.0;0.0;0.0;0.0;0.0;0.0;0.0;0.0;0.0;0.0;0.0;0.0;0.0;0.0;0.0;0.0;0.0;0.0;0.0;0.0;0.0
Crato;DOM QUINTINO;-7.0413055555556;-39.471194444444;2005;9;0.0;0.0;0.0;0.0;0.0;0.0;0.0;0.0;0.0;0.0;0.0;0.0;0.0;0.0;0.0;0.0;0.0;0.0;0.0;0.0;0.0;0.0;0.0;0.0;0.0;0.0;0.0;0.0;0.0;0.0;0.0;888.0
Crato;DOM QUINTINO;-7.0413055555556;-39.471194444444;2005;10;0.0;0.0;0.0;0.0;0.0;0.0;0.0;0.0;0.0;0.0;0.0;0.0;0.0;0.0;0.0;0.0;0.0;0.0;0.0;0.0;0.0;0.0;0.0;0.0;0.0;0.0;0.0;0.0;0.0;0.0;0.0;0.0
Crato;DOM QUINTINO;-7.0413055555556;-39.471194444444;2005;11;0.0;0.0;999.0;999.0;999.0;999.0;999.0;999.0;999.0;999.0;999.0;999.0;999.0;999.0;999.0;999.0;999.0;999.0;999.0;999.0;999.0;999.0;999.0;999.0;999.0;999.0;999.0;999.0;999.0;999.0;999.0;888.0
Crato;DOM QUINTINO;-7.0413055555556;-39.471194444444;2005;12;20.0;0.0;0.0;0.0;0.0;20.0;0.0;0.0;0.0;0.0;0.0;0.0;0.0;0.0;0.0;0.0;0.0;0.0;0.0;0.0;0.0;0.0;0.0;0.0;0.0;0.0;0.0;0.0;0.0;0.0;0.0;0.0
Crato;DOM QUINTINO;-7.0413055555556;-39.471194444444;2006;1;40.0;0.0;0.0;0.0;0.0;0.0;0.0;0.0;0.0;0.0;0.0;0.0;0.0;0.0;0.0;0.0;0.0;0.0;0.0;0.0;0.0;0.0;0.0;0.0;0.0;0.0;0.0;0.0;0.0;0.0;0.0;40.0
Crato;DOM QUINTINO;-7.0413055555556;-39.471194444444;2006;2;304.1;40.0;0.0;0.0;0.0;0.0;30.0;0.0;0.0;0.0;0.0;0.0;0.0;10.0;0.0;39.0;79.0;9.0;70.0;25.0;0.0;0.0;0.0;0.0;2.1;0.0;0.0;0.0;0.0;888.0;888.0;888.0
Crato;DOM QUINTINO;-7.0413055555556;-39.471194444444;2006;3;150.0;0.0;2.0;0.0;0.0;0.0;0.0;0.0;0.0;0.0;0.0;0.0;0.0;0.0;0.0;0.0;0.0;25.0;0.0;25.0;50.0;0.0;0.0;0.0;0.0;0.0;24.0;0.0;0.0;0.0;22.0;2.0
Crato;DOM QUINTINO;-7.0413055555556;-39.471194444444;2006;4;177.0;22.0;0.0;0.0;0.0;0.0;25.0;8.0;65.0;27.0;0.0;30.0;0.0;0.0;0.0;0.0;0.0;0.0;0.0;0.0;0.0;0.0;0.0;0.0;0.0;0.0;0.0;0.0;0.0;0.0;0.0;888.0
Crato;DOM QUINTINO;-7.0413055555556;-39.471194444444;2006;5;0.0;0.0;0.0;0.0;0.0;0.0;0.0;0.0;0.0;0.0;0.0;0.0;0.0;0.0;0.0;0.0;0.0;0.0;0.0;0.0;0.0;0.0;0.0;0.0;0.0;0.0;0.0;0.0;0.0;0.0;0.0;0.0
Crato;DOM QUINTINO;-7.0413055555556;-39.471194444444;2006;6;0.0;0.0;0.0;0.0;0.0;0.0;0.0;0.0;0.0;0.0;0.0;0.0;0.0;0.0;0.0;0.0;0.0;0.0;0.0;0.0;0.0;0.0;0.0;0.0;0.0;0.0;0.0;0.0;0.0;0.0;0.0;888.0
Crato;DOM QUINTINO;-7.0413055555556;-39.471194444444;2006;7;0.0;0.0;0.0;0.0;0.0;0.0;0.0;0.0;0.0;0.0;0.0;0.0;0.0;0.0;0.0;0.0;0.0;0.0;0.0;0.0;0.0;0.0;0.0;0.0;0.0;0.0;0.0;0.0;0.0;0.0;0.0;0.0
Crato;DOM QUINTINO;-7.0413055555556;-39.471194444444;2006;8;0.0;0.0;0.0;0.0;0.0;0.0;0.0;0.0;0.0;0.0;0.0;0.0;0.0;0.0;0.0;0.0;0.0;0.0;0.0;0.0;0.0;0.0;0.0;0.0;0.0;0.0;0.0;0.0;0.0;0.0;0.0;0.0
Crato;DOM QUINTINO;-7.0413055555556;-39.471194444444;2006;9;0.0;0.0;0.0;0.0;0.0;0.0;0.0;0.0;0.0;0.0;0.0;0.0;0.0;0.0;0.0;0.0;0.0;0.0;0.0;0.0;0.0;0.0;0.0;0.0;0.0;0.0;0.0;0.0;0.0;0.0;0.0;888.0
Crato;DOM QUINTINO;-7.0413055555556;-39.471194444444;2006;10;0.0;0.0;0.0;0.0;0.0;0.0;0.0;0.0;0.0;0.0;0.0;0.0;0.0;0.0;0.0;0.0;0.0;0.0;0.0;0.0;0.0;0.0;0.0;0.0;0.0;0.0;0.0;0.0;0.0;0.0;0.0;0.0
Crato;DOM QUINTINO;-7.0413055555556;-39.471194444444;2006;11;0.0;0.0;0.0;0.0;0.0;0.0;0.0;0.0;0.0;0.0;0.0;0.0;0.0;0.0;0.0;0.0;0.0;0.0;0.0;0.0;0.0;0.0;0.0;0.0;0.0;0.0;0.0;0.0;0.0;0.0;0.0;888.0
Crato;DOM QUINTINO;-7.0413055555556;-39.471194444444;2006;12;70.0;0.0;0.0;0.0;0.0;0.0;0.0;0.0;0.0;0.0;0.0;0.0;0.0;0.0;0.0;0.0;0.0;0.0;0.0;0.0;0.0;0.0;0.0;0.0;0.0;0.0;0.0;0.0;0.0;0.0;70.0;0.0
Crato;DOM QUINTINO;-7.0413055555556;-39.471194444444;2007;1;141.0;84.0;37.0;0.0;0.0;0.0;0.0;20.0;0.0;0.0;0.0;0.0;0.0;0.0;0.0;0.0;0.0;0.0;0.0;0.0;0.0;0.0;0.0;0.0;0.0;0.0;0.0;0.0;0.0;0.0;0.0;0.0
Crato;DOM QUINTINO;-7.0413055555556;-39.471194444444;2007;2;322.6;34.0;0.0;0.0;0.0;10.0;24.0;0.0;15.2;0.0;0.0;0.0;0.0;0.0;22.0;0.0;7.0;0.0;100.4;0.0;32.0;19.0;4.0;6.0;21.0;0.0;28.0;0.0;0.0;888.0;888.0;888.0
Crato;DOM QUINTINO;-7.0413055555556;-39.471194444444;2007;3;249.0;15.0;10.0;0.0;0.0;0.0;0.0;0.0;0.0;0.0;0.0;65.0;22.0;0.0;0.0;5.0;0.0;0.0;0.0;0.0;21.0;63.0;31.0;0.0;0.0;0.0;17.0;0.0;0.0;0.0;0.0;0.0
Crato;DOM QUINTINO;-7.0413055555556;-39.471194444444;2007;4;204.0;0.0;0.0;0.0;0.0;0.0;0.0;0.0;0.0;0.0;0.0;0.0;24.0;0.0;0.0;0.0;0.0;0.0;0.0;7.0;15.0;0.0;67.0;0.0;0.0;31.0;0.0;0.0;0.0;60.0;0.0;888.0
Crato;DOM QUINTINO;-7.0413055555556;-39.471194444444;2007;5;44.0;11.0;15.0;0.0;0.0;0.0;0.0;0.0;0.0;0.0;0.0;0.0;0.0;0.0;0.0;0.0;0.0;0.0;0.0;0.0;0.0;0.0;0.0;0.0;0.0;18.0;0.0;0.0;0.0;0.0;0.0;0.0
Crato;DOM QUINTINO;-7.0413055555556;-39.471194444444;2007;6;0.0;0.0;0.0;0.0;0.0;0.0;0.0;0.0;0.0;0.0;0.0;0.0;0.0;0.0;0.0;0.0;0.0;0.0;0.0;0.0;0.0;0.0;0.0;0.0;0.0;0.0;0.0;0.0;0.0;0.0;0.0;888.0
Crato;DOM QUINTINO;-7.0413055555556;-39.471194444444;2007;7;0.0;0.0;0.0;0.0;0.0;0.0;0.0;0.0;0.0;0.0;0.0;0.0;0.0;0.0;0.0;0.0;0.0;0.0;0.0;0.0;0.0;0.0;0.0;0.0;0.0;0.0;0.0;0.0;0.0;0.0;0.0;0.0
Crato;DOM QUINTINO;-7.0413055555556;-39.471194444444;2007;8;0.0;0.0;0.0;0.0;0.0;0.0;0.0;0.0;0.0;0.0;0.0;0.0;0.0;0.0;0.0;0.0;0.0;0.0;0.0;0.0;0.0;0.0;0.0;0.0;0.0;0.0;0.0;0.0;0.0;0.0;0.0;0.0
Crato;DOM QUINTINO;-7.0413055555556;-39.471194444444;2007;9;0.0;0.0;0.0;0.0;0.0;0.0;0.0;0.0;0.0;0.0;0.0;0.0;0.0;0.0;0.0;0.0;0.0;0.0;0.0;0.0;0.0;0.0;0.0;0.0;0.0;0.0;0.0;0.0;0.0;0.0;0.0;888.0
Crato;DOM QUINTINO;-7.0413055555556;-39.471194444444;2007;10;0.0;0.0;0.0;0.0;0.0;0.0;0.0;0.0;0.0;0.0;0.0;0.0;0.0;0.0;0.0;0.0;0.0;0.0;0.0;999.0;999.0;999.0;999.0;999.0;999.0;999.0;999.0;999.0;999.0;999.0;999.0;999.0
Crato;DOM QUINTINO;-7.0413055555556;-39.471194444444;2007;11;8.0;0.0;0.0;0.0;0.0;0.0;0.0;0.0;0.0;0.0;0.0;0.0;0.0;0.0;0.0;0.0;0.0;0.0;0.0;0.0;0.0;0.0;0.0;0.0;0.0;8.0;0.0;0.0;0.0;0.0;0.0;888.0
Crato;DOM QUINTINO;-7.0413055555556;-39.471194444444;2007;12;77.0;0.0;0.0;0.0;0.0;0.0;30.0;0.0;0.0;0.0;0.0;0.0;0.0;0.0;0.0;0.0;0.0;0.0;0.0;0.0;0.0;0.0;0.0;47.0;0.0;0.0;0.0;0.0;0.0;0.0;0.0;0.0
Crato;DOM QUINTINO;-7.0413055555556;-39.471194444444;2008;1;141.0;0.0;0.0;36.0;0.0;8.0;0.0;0.0;0.0;0.0;0.0;68.0;0.0;0.0;10.0;0.0;0.0;0.0;0.0;0.0;0.0;0.0;0.0;0.0;0.0;0.0;0.0;0.0;19.0;0.0;0.0;0.0
Crato;DOM QUINTINO;-7.0413055555556;-39.471194444444;2008;2;179.0;31.0;0.0;0.0;0.0;0.0;0.0;0.0;0.0;36.0;0.0;0.0;92.0;0.0;0.0;0.0;0.0;0.0;20.0;0.0;0.0;0.0;0.0;0.0;0.0;0.0;0.0;0.0;0.0;0.0;888.0;888.0
Crato;DOM QUINTINO;-7.0413055555556;-39.471194444444;2008;3;554.0;0.0;0.0;0.0;0.0;0.0;0.0;30.0;9.0;50.0;8.0;0.0;86.0;0.0;0.0;25.0;75.0;20.0;0.0;97.0;0.0;15.0;0.0;49.0;0.0;0.0;10.0;0.0;30.0;10.0;40.0;0.0
Crato;DOM QUINTINO;-7.0413055555556;-39.471194444444;2008;4;167.0;30.0;20.0;0.0;15.0;0.0;12.0;0.0;12.0;0.0;11.0;0.0;10.0;10.0;12.0;20.0;15.0;0.0;0.0;0.0;0.0;0.0;0.0;0.0;0.0;0.0;0.0;0.0;0.0;0.0;0.0;888.0
Crato;DOM QUINTINO;-7.0413055555556;-39.471194444444;2008;5;46.0;5.0;0.0;0.0;10.0;0.0;0.0;0.0;0.0;0.0;0.0;6.0;0.0;0.0;15.0;0.0;0.0;0.0;10.0;0.0;0.0;0.0;0.0;0.0;0.0;0.0;0.0;0.0;0.0;0.0;0.0;0.0
Crato;DOM QUINTINO;-7.0413055555556;-39.471194444444;2008;6;4.0;0.0;0.0;0.0;0.0;0.0;0.0;0.0;0.0;0.0;0.0;0.0;4.0;0.0;0.0;0.0;0.0;0.0;0.0;0.0;0.0;0.0;0.0;0.0;0.0;0.0;0.0;999.0;0.0;0.0;0.0;888.0
Crato;DOM QUINTINO;-7.0413055555556;-39.471194444444;2008;7;0.0;0.0;0.0;0.0;0.0;0.0;0.0;0.0;0.0;0.0;0.0;0.0;0.0;0.0;0.0;0.0;0.0;0.0;0.0;0.0;0.0;0.0;0.0;0.0;0.0;0.0;0.0;0.0;0.0;0.0;0.0;0.0
Crato;DOM QUINTINO;-7.0413055555556;-39.471194444444;2008;8;4.2;0.0;0.0;0.0;0.0;0.0;0.0;0.0;4.2;0.0;0.0;0.0;0.0;0.0;0.0;0.0;0.0;0.0;0.0;0.0;0.0;0.0;0.0;0.0;0.0;0.0;0.0;0.0;0.0;0.0;0.0;0.0
Crato;DOM QUINTINO;-7.0413055555556;-39.471194444444;2008;9;0.0;0.0;0.0;0.0;0.0;0.0;0.0;0.0;0.0;0.0;0.0;0.0;0.0;0.0;0.0;0.0;0.0;0.0;0.0;0.0;0.0;0.0;0.0;0.0;0.0;0.0;0.0;0.0;0.0;0.0;0.0;888.0
Crato;DOM QUINTINO;-7.0413055555556;-39.471194444444;2008;10;0.0;0.0;0.0;0.0;0.0;0.0;0.0;0.0;0.0;0.0;0.0;0.0;0.0;0.0;0.0;0.0;0.0;0.0;0.0;0.0;0.0;0.0;0.0;0.0;0.0;0.0;0.0;0.0;0.0;0.0;0.0;0.0
Crato;DOM QUINTINO;-7.0413055555556;-39.471194444444;2008;11;0.0;0.0;0.0;0.0;0.0;0.0;0.0;0.0;0.0;0.0;0.0;0.0;0.0;0.0;0.0;0.0;0.0;0.0;0.0;0.0;0.0;0.0;0.0;0.0;0.0;0.0;0.0;0.0;0.0;0.0;0.0;888.0
Crato;DOM QUINTINO;-7.0413055555556;-39.471194444444;2008;12;114.0;0.0;0.0;0.0;0.0;0.0;0.0;0.0;0.0;0.0;25.0;17.0;0.0;0.0;0.0;0.0;0.0;0.0;0.0;0.0;0.0;72.0;0.0;0.0;0.0;0.0;0.0;0.0;0.0;0.0;0.0;0.0
Crato;DOM QUINTINO;-7.0413055555556;-39.471194444444;2009;1;54.0;0.0;0.0;0.0;0.0;0.0;0.0;0.0;0.0;0.0;0.0;0.0;0.0;0.0;0.0;0.0;0.0;0.0;12.0;0.0;0.0;0.0;0.0;42.0;0.0;0.0;0.0;0.0;0.0;0.0;0.0;0.0
Crato;DOM QUINTINO;-7.0413055555556;-39.471194444444;2009;2;185.6;0.0;25.0;0.0;13.0;0.0;0.0;0.0;0.0;0.0;0.0;15.0;48.0;15.0;0.0;0.0;0.0;0.0;0.0;32.2;0.0;11.2;0.0;0.0;26.2;0.0;0.0;0.0;0.0;888.0;888.0;888.0
Crato;DOM QUINTINO;-7.0413055555556;-39.471194444444;2009;3;195.4;63.0;25.0;14.0;24.0;0.0;0.0;0.0;0.0;0.0;0.0;2.2;0.0;0.0;0.0;0.0;0.0;25.2;25.0;17.0;0.0;0.0;0.0;0.0;0.0;0.0;0.0;0.0;0.0;0.0;0.0;0.0
Crato;DOM QUINTINO;-7.0413055555556;-39.471194444444;2009;4;394.0;4.0;0.0;12.0;21.0;0.0;0.0;0.0;0.0;0.0;0.0;47.0;26.0;58.0;0.0;0.0;0.0;0.0;0.0;0.0;0.0;33.0;28.0;45.0;20.0;0.0;0.0;0.0;40.0;60.0;0.0;888.0
Crato;DOM QUINTINO;-7.0413055555556;-39.471194444444;2009;5;214.4;125.0;15.0;0.0;0.0;20.0;6.2;0.0;0.0;0.0;14.0;12.0;2.2;0.0;0.0;0.0;0.0;0.0;0.0;0.0;0.0;0.0;0.0;0.0;0.0;0.0;7.0;13.0;0.0;0.0;0.0;0.0
Crato;DOM QUINTINO;-7.0413055555556;-39.471194444444;2009;6;3.0;0.0;0.0;0.0;3.0;0.0;0.0;0.0;0.0;0.0;0.0;0.0;0.0;0.0;0.0;0.0;0.0;0.0;0.0;0.0;0.0;0.0;0.0;0.0;0.0;0.0;0.0;0.0;0.0;0.0;0.0;888.0
Crato;DOM QUINTINO;-7.0413055555556;-39.471194444444;2009;7;0.0;0.0;0.0;0.0;0.0;0.0;0.0;0.0;0.0;0.0;0.0;0.0;0.0;0.0;0.0;0.0;0.0;0.0;0.0;0.0;0.0;0.0;0.0;0.0;0.0;0.0;0.0;0.0;0.0;0.0;0.0;0.0
Crato;DOM QUINTINO;-7.0413055555556;-39.471194444444;2009;8;0.0;0.0;0.0;0.0;0.0;0.0;0.0;0.0;0.0;0.0;0.0;0.0;0.0;0.0;0.0;0.0;0.0;0.0;0.0;0.0;0.0;0.0;0.0;0.0;0.0;0.0;0.0;0.0;0.0;0.0;0.0;0.0
Crato;DOM QUINTINO;-7.0413055555556;-39.471194444444;2009;9;0.0;0.0;0.0;0.0;0.0;0.0;0.0;0.0;0.0;0.0;0.0;0.0;0.0;0.0;0.0;0.0;0.0;0.0;0.0;0.0;0.0;0.0;0.0;0.0;0.0;0.0;0.0;0.0;0.0;0.0;0.0;888.0
Crato;DOM QUINTINO;-7.0413055555556;-39.471194444444;2009;10;0.0;0.0;0.0;0.0;0.0;0.0;0.0;0.0;0.0;0.0;0.0;0.0;0.0;0.0;0.0;0.0;0.0;0.0;0.0;0.0;0.0;0.0;0.0;0.0;0.0;0.0;0.0;0.0;0.0;0.0;0.0;0.0
Crato;DOM QUINTINO;-7.0413055555556;-39.471194444444;2009;11;0.0;0.0;0.0;0.0;0.0;0.0;0.0;0.0;0.0;0.0;0.0;0.0;0.0;0.0;0.0;0.0;0.0;0.0;0.0;0.0;0.0;0.0;0.0;0.0;0.0;0.0;0.0;0.0;0.0;0.0;0.0;888.0
Crato;DOM QUINTINO;-7.0413055555556;-39.471194444444;2009;12;23.0;0.0;0.0;0.0;0.0;0.0;0.0;0.0;0.0;0.0;0.0;0.0;0.0;0.0;0.0;0.0;0.0;0.0;0.0;0.0;0.0;0.0;0.0;9.0;0.0;0.0;14.0;0.0;0.0;0.0;0.0;0.0
Crato;DOM QUINTINO;-7.0413055555556;-39.471194444444;2010;1;149.6;8.2;21.0;6.2;13.0;0.0;0.0;0.0;0.0;0.0;0.0;10.2;14.0;0.0;0.0;0.0;0.0;0.0;0.0;0.0;0.0;0.0;0.0;0.0;0.0;0.0;0.0;7.0;999.0;66.0;4.0;0.0
Crato;DOM QUINTINO;-7.0413055555556;-39.471194444444;2010;2;80.0;0.0;0.0;0.0;0.0;0.0;0.0;0.0;0.0;0.0;0.0;14.0;0.0;0.0;0.0;0.0;0.0;0.0;0.0;0.0;0.0;0.0;0.0;0.0;66.0;0.0;0.0;0.0;0.0;888.0;888.0;888.0
Crato;DOM QUINTINO;-7.0413055555556;-39.471194444444;2010;3;88.0;0.0;0.0;0.0;0.0;0.0;0.0;0.0;0.0;0.0;0.0;0.0;0.0;0.0;0.0;12.0;0.0;0.0;6.0;4.0;0.0;36.0;0.0;0.0;0.0;0.0;0.0;0.0;6.0;0.0;12.0;12.0
Crato;DOM QUINTINO;-7.0413055555556;-39.471194444444;2010;4;152.0;0.0;0.0;14.0;0.0;0.0;0.0;0.0;0.0;103.0;0.0;35.0;0.0;0.0;0.0;0.0;0.0;0.0;0.0;0.0;0.0;0.0;0.0;0.0;0.0;0.0;0.0;0.0;0.0;0.0;0.0;888.0
Crato;DOM QUINTINO;-7.0413055555556;-39.471194444444;2010;5;0.0;0.0;0.0;0.0;0.0;0.0;0.0;0.0;0.0;0.0;0.0;0.0;0.0;0.0;0.0;0.0;0.0;0.0;0.0;0.0;0.0;0.0;0.0;0.0;0.0;0.0;0.0;0.0;999.0;0.0;0.0;0.0
Crato;DOM QUINTINO;-7.0413055555556;-39.471194444444;2010;6;0.0;0.0;0.0;0.0;0.0;0.0;0.0;0.0;0.0;0.0;0.0;0.0;0.0;0.0;0.0;0.0;0.0;0.0;0.0;0.0;0.0;0.0;0.0;0.0;0.0;0.0;999.0;0.0;0.0;0.0;0.0;888.0
Crato;DOM QUINTINO;-7.0413055555556;-39.471194444444;2010;7;0.0;0.0;0.0;0.0;0.0;0.0;0.0;0.0;0.0;0.0;0.0;0.0;0.0;0.0;999.0;0.0;0.0;0.0;0.0;0.0;0.0;0.0;0.0;0.0;0.0;0.0;0.0;0.0;0.0;0.0;0.0;0.0
Crato;DOM QUINTINO;-7.0413055555556;-39.471194444444;2010;8;0.0;0.0;0.0;0.0;0.0;0.0;0.0;0.0;0.0;0.0;0.0;0.0;0.0;0.0;0.0;0.0;0.0;0.0;0.0;0.0;0.0;0.0;0.0;0.0;0.0;0.0;0.0;0.0;0.0;0.0;0.0;0.0
Crato;DOM QUINTINO;-7.0413055555556;-39.471194444444;2010;9;0.0;0.0;0.0;0.0;0.0;0.0;0.0;0.0;0.0;0.0;0.0;0.0;0.0;0.0;0.0;0.0;0.0;0.0;0.0;0.0;0.0;0.0;0.0;0.0;0.0;0.0;0.0;0.0;0.0;0.0;0.0;888.0
Crato;DOM QUINTINO;-7.0413055555556;-39.471194444444;2010;10;52.0;0.0;0.0;0.0;0.0;0.0;0.0;0.0;0.0;0.0;0.0;0.0;0.0;0.0;0.0;0.0;0.0;0.0;0.0;0.0;0.0;0.0;0.0;33.0;0.0;0.0;0.0;19.0;0.0;0.0;0.0;0.0
Crato;DOM QUINTINO;-7.0413055555556;-39.471194444444;2010;11;0.0;0.0;0.0;0.0;0.0;0.0;0.0;0.0;0.0;0.0;0.0;0.0;0.0;0.0;0.0;0.0;0.0;0.0;0.0;0.0;0.0;0.0;0.0;0.0;0.0;0.0;0.0;0.0;0.0;0.0;0.0;888.0
Crato;DOM QUINTINO;-7.0413055555556;-39.471194444444;2010;12;96.0;0.0;0.0;0.0;0.0;0.0;0.0;0.0;0.0;0.0;4.0;7.0;0.0;0.0;21.0;21.0;13.0;0.0;21.0;0.0;0.0;9.0;0.0;0.0;0.0;0.0;0.0;0.0;0.0;0.0;0.0;0.0
Crato;DOM QUINTINO;-7.0413055555556;-39.471194444444;2011;1;232.0;0.0;0.0;31.0;0.0;0.0;0.0;0.0;0.0;0.0;0.0;0.0;0.0;0.0;0.0;0.0;0.0;28.0;0.0;0.0;0.0;0.0;0.0;39.0;15.0;0.0;83.0;0.0;0.0;9.0;0.0;27.0
Crato;DOM QUINTINO;-7.0413055555556;-39.471194444444;2011;2;273.0;37.0;36.0;0.0;61.0;4.0;0.0;0.0;0.0;0.0;0.0;0.0;0.0;0.0;0.0;40.0;0.0;2.0;0.0;45.0;15.0;0.0;0.0;0.0;23.0;0.0;0.0;0.0;10.0;888.0;888.0;888.0
Crato;DOM QUINTINO;-7.0413055555556;-39.471194444444;2011;3;228.0;20.0;19.0;0.0;0.0;0.0;0.0;0.0;20.0;25.0;0.0;0.0;0.0;0.0;0.0;15.0;0.0;0.0;0.0;0.0;0.0;0.0;0.0;18.0;0.0;41.0;0.0;56.0;0.0;0.0;14.0;0.0
Crato;DOM QUINTINO;-7.0413055555556;-39.471194444444;2011;4;68.2;0.0;0.0;0.0;0.0;0.0;0.0;0.0;0.0;0.0;43.2;0.0;0.0;14.0;0.0;0.0;0.0;0.0;0.0;0.0;11.0;0.0;0.0;0.0;0.0;0.0;0.0;0.0;0.0;0.0;0.0;888.0
Crato;DOM QUINTINO;-7.0413055555556;-39.471194444444;2011;5;44.0;0.0;22.0;10.0;0.0;12.0;0.0;0.0;0.0;0.0;0.0;0.0;0.0;0.0;0.0;0.0;0.0;0.0;0.0;0.0;0.0;0.0;0.0;0.0;0.0;0.0;0.0;0.0;0.0;0.0;0.0;0.0
Crato;DOM QUINTINO;-7.0413055555556;-39.471194444444;2011;6;0.0;0.0;0.0;0.0;0.0;0.0;0.0;0.0;0.0;0.0;0.0;0.0;0.0;0.0;0.0;0.0;0.0;0.0;0.0;0.0;0.0;0.0;0.0;0.0;0.0;0.0;0.0;0.0;0.0;0.0;0.0;888.0
Crato;DOM QUINTINO;-7.0413055555556;-39.471194444444;2011;7;0.0;0.0;0.0;0.0;0.0;0.0;0.0;0.0;0.0;0.0;0.0;0.0;0.0;0.0;0.0;0.0;0.0;0.0;0.0;0.0;0.0;0.0;0.0;0.0;0.0;0.0;0.0;0.0;0.0;0.0;0.0;0.0
Crato;DOM QUINTINO;-7.0413055555556;-39.471194444444;2011;8;0.0;0.0;0.0;0.0;0.0;0.0;0.0;0.0;0.0;0.0;0.0;0.0;0.0;0.0;0.0;0.0;0.0;0.0;0.0;0.0;0.0;0.0;0.0;0.0;0.0;0.0;0.0;0.0;0.0;0.0;0.0;0.0
Crato;DOM QUINTINO;-7.0413055555556;-39.471194444444;2011;9;0.0;0.0;0.0;0.0;0.0;0.0;0.0;0.0;0.0;0.0;0.0;0.0;0.0;0.0;0.0;0.0;0.0;0.0;0.0;0.0;0.0;0.0;0.0;0.0;0.0;0.0;0.0;0.0;0.0;0.0;0.0;888.0
Crato;DOM QUINTINO;-7.0413055555556;-39.471194444444;2011;10;98.0;0.0;0.0;0.0;0.0;0.0;0.0;0.0;0.0;0.0;0.0;0.0;0.0;0.0;0.0;0.0;0.0;0.0;0.0;0.0;0.0;48.0;0.0;0.0;0.0;0.0;0.0;0.0;0.0;0.0;50.0;0.0
Crato;DOM QUINTINO;-7.0413055555556;-39.471194444444;2011;11;57.0;0.0;0.0;18.0;35.0;0.0;0.0;0.0;4.0;0.0;0.0;0.0;0.0;0.0;0.0;0.0;0.0;0.0;0.0;0.0;0.0;0.0;0.0;0.0;0.0;0.0;0.0;0.0;0.0;0.0;0.0;888.0
Crato;DOM QUINTINO;-7.0413055555556;-39.471194444444;2011;12;50.0;0.0;0.0;0.0;0.0;0.0;0.0;0.0;0.0;0.0;0.0;0.0;0.0;0.0;8.0;0.0;0.0;0.0;0.0;0.0;0.0;0.0;0.0;42.0;0.0;0.0;0.0;0.0;0.0;0.0;0.0;0.0
Crato;DOM QUINTINO;-7.0413055555556;-39.471194444444;2012;1;43.0;0.0;0.0;0.0;0.0;0.0;0.0;0.0;0.0;0.0;0.0;0.0;0.0;0.0;0.0;0.0;0.0;0.0;0.0;0.0;0.0;0.0;0.0;30.0;13.0;0.0;0.0;0.0;0.0;0.0;0.0;0.0
Crato;DOM QUINTINO;-7.0413055555556;-39.471194444444;2012;2;191.0;0.0;0.0;0.0;0.0;0.0;0.0;0.0;0.0;0.0;0.0;0.0;0.0;0.0;0.0;0.0;17.0;30.0;0.0;63.0;0.0;0.0;0.0;0.0;35.0;0.0;0.0;46.0;0.0;0.0;888.0;888.0
Crato;DOM QUINTINO;-7.0413055555556;-39.471194444444;2012;3;272.0;0.0;0.0;0.0;0.0;11.0;0.0;0.0;0.0;0.0;0.0;0.0;0.0;0.0;116.0;0.0;0.0;0.0;0.0;0.0;30.0;0.0;0.0;0.0;0.0;0.0;115.0;0.0;0.0;0.0;0.0;0.0
Crato;DOM QUINTINO;-7.0413055555556;-39.471194444444;2012;4;0.0;0.0;0.0;0.0;0.0;0.0;0.0;0.0;0.0;0.0;0.0;0.0;0.0;0.0;0.0;0.0;0.0;0.0;0.0;0.0;0.0;0.0;0.0;0.0;0.0;0.0;0.0;0.0;0.0;0.0;0.0;888.0
Crato;DOM QUINTINO;-7.0413055555556;-39.471194444444;2012;5;0.0;0.0;0.0;0.0;0.0;0.0;0.0;0.0;0.0;0.0;0.0;0.0;0.0;0.0;0.0;0.0;0.0;0.0;0.0;0.0;0.0;0.0;0.0;0.0;0.0;0.0;0.0;0.0;0.0;0.0;0.0;0.0
Crato;DOM QUINTINO;-7.0413055555556;-39.471194444444;2012;6;0.0;0.0;0.0;0.0;0.0;0.0;0.0;0.0;0.0;0.0;0.0;0.0;0.0;0.0;0.0;0.0;0.0;0.0;0.0;0.0;0.0;0.0;0.0;0.0;0.0;0.0;0.0;0.0;0.0;0.0;0.0;888.0
Crato;DOM QUINTINO;-7.0413055555556;-39.471194444444;2012;7;0.0;0.0;0.0;0.0;0.0;0.0;0.0;0.0;0.0;0.0;0.0;0.0;0.0;0.0;0.0;0.0;0.0;0.0;0.0;0.0;0.0;0.0;0.0;0.0;0.0;0.0;0.0;0.0;0.0;0.0;0.0;0.0
Crato;DOM QUINTINO;-7.0413055555556;-39.471194444444;2012;8;0.0;0.0;0.0;0.0;0.0;0.0;0.0;0.0;0.0;0.0;0.0;0.0;0.0;0.0;0.0;0.0;0.0;0.0;0.0;0.0;0.0;0.0;0.0;0.0;0.0;0.0;0.0;0.0;0.0;0.0;0.0;0.0
Crato;DOM QUINTINO;-7.0413055555556;-39.471194444444;2012;9;0.0;0.0;0.0;0.0;0.0;0.0;0.0;0.0;0.0;0.0;0.0;0.0;0.0;0.0;0.0;0.0;0.0;0.0;0.0;0.0;0.0;0.0;0.0;0.0;0.0;0.0;0.0;0.0;0.0;0.0;0.0;888.0
Crato;DOM QUINTINO;-7.0413055555556;-39.471194444444;2012;10;0.0;0.0;0.0;0.0;0.0;0.0;0.0;0.0;0.0;0.0;0.0;0.0;0.0;0.0;0.0;0.0;0.0;0.0;0.0;0.0;0.0;0.0;0.0;0.0;0.0;0.0;0.0;0.0;0.0;0.0;0.0;0.0
Crato;DOM QUINTINO;-7.0413055555556;-39.471194444444;2012;11;0.0;0.0;0.0;0.0;0.0;0.0;0.0;0.0;0.0;0.0;0.0;0.0;0.0;0.0;0.0;0.0;0.0;0.0;0.0;0.0;0.0;0.0;0.0;0.0;0.0;0.0;0.0;0.0;0.0;0.0;0.0;888.0
Crato;DOM QUINTINO;-7.0413055555556;-39.471194444444;2012;12;0.0;0.0;0.0;0.0;0.0;0.0;0.0;0.0;0.0;0.0;0.0;0.0;0.0;0.0;0.0;0.0;0.0;0.0;0.0;0.0;0.0;0.0;0.0;0.0;0.0;0.0;0.0;0.0;0.0;0.0;0.0;0.0
Crato;DOM QUINTINO;-7.0413055555556;-39.471194444444;2013;1;43.0;0.0;0.0;0.0;0.0;0.0;0.0;0.0;0.0;0.0;0.0;0.0;0.0;0.0;0.0;0.0;0.0;0.0;0.0;999.0;0.0;0.0;0.0;30.0;13.0;0.0;0.0;0.0;0.0;0.0;0.0;0.0
Crato;DOM QUINTINO;-7.0413055555556;-39.471194444444;2013;2;110.0;0.0;0.0;0.0;0.0;0.0;0.0;2.0;0.0;0.0;0.0;0.0;0.0;0.0;58.0;8.0;0.0;42.0;0.0;0.0;0.0;0.0;0.0;0.0;0.0;0.0;0.0;0.0;0.0;888.0;888.0;888.0
Crato;DOM QUINTINO;-7.0413055555556;-39.471194444444;2013;3;30.0;0.0;0.0;0.0;0.0;11.0;0.0;0.0;0.0;0.0;0.0;0.0;0.0;0.0;16.0;0.0;0.0;0.0;0.0;0.0;3.0;0.0;0.0;0.0;0.0;0.0;0.0;0.0;0.0;0.0;0.0;0.0
Crato;DOM QUINTINO;-7.0413055555556;-39.471194444444;2013;4;49.0;0.0;0.0;0.0;0.0;0.0;0.0;0.0;15.0;0.0;15.0;0.0;0.0;0.0;0.0;0.0;12.0;0.0;5.0;0.0;2.0;0.0;0.0;0.0;0.0;0.0;0.0;0.0;0.0;0.0;0.0;888.0
Crato;DOM QUINTINO;-7.0413055555556;-39.471194444444;2013;5;0.0;0.0;0.0;0.0;0.0;0.0;0.0;0.0;0.0;0.0;0.0;0.0;0.0;0.0;0.0;0.0;0.0;0.0;0.0;0.0;0.0;0.0;0.0;0.0;0.0;0.0;0.0;0.0;0.0;0.0;0.0;0.0
Crato;DOM QUINTINO;-7.0413055555556;-39.471194444444;2013;6;100.0;0.0;0.0;0.0;0.0;0.0;0.0;0.0;0.0;0.0;0.0;0.0;0.0;0.0;0.0;0.0;0.0;52.0;0.0;48.0;0.0;0.0;0.0;0.0;0.0;0.0;0.0;0.0;0.0;0.0;0.0;888.0
Crato;DOM QUINTINO;-7.0413055555556;-39.471194444444;2013;7;0.0;0.0;0.0;0.0;0.0;0.0;0.0;0.0;0.0;0.0;0.0;0.0;0.0;0.0;0.0;0.0;0.0;0.0;0.0;0.0;0.0;0.0;0.0;0.0;0.0;0.0;0.0;0.0;0.0;0.0;0.0;0.0
Crato;DOM QUINTINO;-7.0413055555556;-39.471194444444;2013;8;0.0;0.0;0.0;0.0;0.0;0.0;0.0;0.0;0.0;0.0;0.0;0.0;0.0;0.0;0.0;0.0;0.0;0.0;0.0;0.0;0.0;0.0;0.0;0.0;0.0;0.0;0.0;0.0;0.0;0.0;0.0;0.0
Crato;DOM QUINTINO;-7.0413055555556;-39.471194444444;2013;9;0.0;0.0;0.0;0.0;0.0;0.0;0.0;0.0;0.0;0.0;0.0;0.0;0.0;0.0;0.0;0.0;0.0;0.0;0.0;0.0;0.0;0.0;0.0;0.0;0.0;0.0;0.0;0.0;0.0;0.0;0.0;888.0
Crato;DOM QUINTINO;-7.0413055555556;-39.471194444444;2013;10;0.0;0.0;0.0;0.0;0.0;0.0;0.0;0.0;0.0;0.0;0.0;0.0;0.0;0.0;0.0;0.0;0.0;0.0;0.0;0.0;0.0;0.0;0.0;0.0;0.0;0.0;0.0;0.0;0.0;0.0;0.0;0.0
Crato;DOM QUINTINO;-7.0413055555556;-39.471194444444;2013;11;0.0;0.0;0.0;0.0;0.0;0.0;0.0;0.0;0.0;0.0;0.0;0.0;0.0;0.0;0.0;0.0;0.0;0.0;0.0;0.0;0.0;0.0;0.0;0.0;0.0;0.0;0.0;0.0;0.0;0.0;0.0;888.0
Crato;DOM QUINTINO;-7.0413055555556;-39.471194444444;2013;12;56.0;0.0;0.0;0.0;0.0;0.0;0.0;0.0;0.0;0.0;0.0;11.0;0.0;0.0;0.0;0.0;0.0;0.0;0.0;0.0;45.0;0.0;0.0;0.0;0.0;0.0;0.0;0.0;0.0;0.0;0.0;0.0
Crato;DOM QUINTINO;-7.0413055555556;-39.471194444444;2014;1;33.0;0.0;0.0;0.0;0.0;0.0;0.0;0.0;0.0;0.0;0.0;0.0;0.0;0.0;0.0;0.0;0.0;0.0;0.0;16.0;10.0;0.0;0.0;0.0;0.0;0.0;0.0;0.0;0.0;0.0;0.0;7.0
Crato;DOM QUINTINO;-7.0413055555556;-39.471194444444;2014;2;274.0;0.0;0.0;0.0;58.0;0.0;0.0;0.0;0.0;0.0;10.0;26.0;0.0;0.0;0.0;0.0;999.0;135.0;0.0;35.0;0.0;0.0;0.0;0.0;0.0;0.0;0.0;10.0;0.0;888.0;888.0;888.0
Crato;DOM QUINTINO;-7.0413055555556;-39.471194444444;2014;3;390.4;0.0;0.0;0.0;11.0;82.0;0.0;31.0;49.0;0.0;35.0;74.0;0.0;0.0;0.0;0.0;12.0;12.0;7.2;0.0;0.0;0.0;0.0;0.0;0.0;0.0;0.0;0.0;14.2;6.0;4.0;53.0
Crato;DOM QUINTINO;-7.0413055555556;-39.471194444444;2014;4;149.0;0.0;0.0;13.0;38.0;0.0;0.0;0.0;0.0;0.0;0.0;17.0;81.0;0.0;0.0;0.0;0.0;0.0;0.0;0.0;0.0;0.0;0.0;0.0;0.0;0.0;0.0;0.0;0.0;0.0;0.0;888.0
Crato;DOM QUINTINO;-7.0413055555556;-39.471194444444;2014;5;57.0;0.0;0.0;0.0;0.0;0.0;0.0;0.0;0.0;0.0;0.0;0.0;0.0;0.0;0.0;0.0;7.0;0.0;0.0;0.0;0.0;0.0;0.0;0.0;0.0;0.0;0.0;0.0;0.0;50.0;0.0;0.0
Crato;DOM QUINTINO;-7.0413055555556;-39.471194444444;2014;6;0.0;0.0;0.0;0.0;0.0;0.0;0.0;0.0;0.0;0.0;0.0;0.0;0.0;0.0;0.0;0.0;0.0;0.0;0.0;0.0;0.0;0.0;0.0;0.0;0.0;0.0;0.0;0.0;0.0;0.0;0.0;888.0
Crato;DOM QUINTINO;-7.0413055555556;-39.471194444444;2014;7;0.0;0.0;0.0;0.0;0.0;0.0;0.0;0.0;0.0;0.0;0.0;0.0;0.0;0.0;0.0;0.0;0.0;0.0;0.0;0.0;0.0;0.0;0.0;0.0;0.0;0.0;0.0;0.0;0.0;0.0;0.0;0.0
Crato;DOM QUINTINO;-7.0413055555556;-39.471194444444;2014;8;0.0;0.0;0.0;0.0;0.0;0.0;0.0;0.0;0.0;0.0;0.0;0.0;0.0;0.0;0.0;0.0;0.0;0.0;0.0;0.0;0.0;0.0;0.0;0.0;0.0;0.0;0.0;0.0;0.0;0.0;0.0;0.0
Crato;DOM QUINTINO;-7.0413055555556;-39.471194444444;2014;9;0.0;0.0;0.0;0.0;0.0;0.0;0.0;0.0;0.0;0.0;0.0;0.0;0.0;0.0;0.0;0.0;0.0;0.0;0.0;0.0;0.0;0.0;0.0;0.0;999.0;999.0;999.0;999.0;999.0;999.0;999.0;888.0
Crato;DOM QUINTINO;-7.0413055555556;-39.471194444444;2017;6;0.0;999.0;999.0;999.0;999.0;999.0;999.0;999.0;999.0;999.0;999.0;999.0;999.0;999.0;999.0;999.0;999.0;999.0;999.0;999.0;999.0;999.0;999.0;999.0;999.0;999.0;999.0;999.0;999.0;999.0;999.0;888.0
Crato;DOM QUINTINO;-7.0413055555556;-39.471194444444;2018;1;32.0;0.0;0.0;0.0;0.0;0.0;0.0;0.0;0.0;0.0;0.0;20.0;0.0;0.0;0.0;12.0;0.0;0.0;0.0;0.0;0.0;0.0;0.0;0.0;0.0;0.0;0.0;0.0;0.0;0.0;0.0;0.0
Crato;DOM QUINTINO;-7.0413055555556;-39.471194444444;2018;2;321.0;0.0;0.0;0.0;0.0;0.0;0.0;10.0;25.0;0.0;0.0;34.0;0.0;0.0;30.0;15.0;22.0;28.0;45.0;20.0;18.0;5.0;20.0;10.0;8.0;4.0;12.0;15.0;0.0;888.0;888.0;888.0
Crato;DOM QUINTINO;-7.0413055555556;-39.471194444444;2018;3;72.0;28.0;11.0;7.0;0.0;0.0;0.0;0.0;0.0;0.0;0.0;0.0;0.0;0.0;0.0;0.0;0.0;0.0;0.0;0.0;0.0;4.0;0.0;0.0;0.0;0.0;0.0;0.0;0.0;22.0;0.0;0.0
Crato;DOM QUINTINO;-7.0413055555556;-39.471194444444;2018;4;147.0;0.0;40.0;0.0;0.0;32.0;28.0;0.0;0.0;0.0;16.0;0.0;0.0;31.0;0.0;0.0;0.0;0.0;0.0;0.0;0.0;0.0;0.0;0.0;0.0;0.0;0.0;0.0;0.0;0.0;0.0;888.0
Crato;DOM QUINTINO;-7.0413055555556;-39.471194444444;2018;5;15.0;0.0;0.0;0.0;0.0;0.0;0.0;0.0;0.0;0.0;0.0;0.0;0.0;0.0;0.0;0.0;15.0;999.0;999.0;999.0;999.0;999.0;999.0;999.0;999.0;999.0;999.0;999.0;999.0;999.0;999.0;999.0
