Municipios;Postos;Latitude;Longitude;Anos;Meses;Total;Dia1;Dia2;Dia3;Dia4;Dia5;Dia6;Dia7;Dia8;Dia9;Dia10;Dia11;Dia12;Dia13;Dia14;Dia15;Dia16;Dia17;Dia18;Dia19;Dia20;Dia21;Dia22;Dia23;Dia24;Dia25;Dia26;Dia27;Dia28;Dia29;Dia30;Dia31
Ararendá;ARARENDA;-4.7501111111111;-40.827944444444;1990;1;0.0;0.0;0.0;0.0;0.0;0.0;0.0;0.0;0.0;0.0;0.0;0.0;0.0;0.0;0.0;0.0;0.0;0.0;0.0;0.0;0.0;0.0;0.0;0.0;0.0;0.0;0.0;0.0;0.0;0.0;0.0;0.0
Ararendá;ARARENDA;-4.7501111111111;-40.827944444444;1990;2;102.8;0.0;0.0;0.0;0.0;0.0;0.0;6.2;0.0;42.2;20.6;0.0;0.0;0.0;0.0;0.0;0.0;11.0;0.0;0.0;0.0;0.0;22.8;0.0;0.0;0.0;0.0;0.0;0.0;888.0;888.0;888.0
Ararendá;ARARENDA;-4.7501111111111;-40.827944444444;1990;3;36.8;12.4;0.0;0.0;0.0;0.0;0.0;0.0;0.0;0.0;0.0;0.0;0.0;0.0;0.0;0.0;0.0;0.0;0.0;0.0;0.0;8.8;0.0;0.0;15.6;0.0;0.0;0.0;0.0;0.0;0.0;0.0
Ararendá;ARARENDA;-4.7501111111111;-40.827944444444;1990;4;85.0;0.0;0.0;0.0;15.2;0.0;0.0;14.0;0.0;15.6;0.0;0.0;0.0;0.0;0.0;0.0;0.0;0.0;0.0;0.0;0.0;0.0;0.0;0.0;0.0;18.2;0.0;0.0;22.0;0.0;0.0;888.0
Ararendá;ARARENDA;-4.7501111111111;-40.827944444444;1990;5;21.8;0.0;0.0;0.0;0.0;0.0;0.0;0.0;0.0;0.0;0.0;0.0;0.0;0.0;0.0;0.0;0.0;0.0;0.0;0.0;0.0;0.0;0.0;0.0;0.0;0.0;0.0;0.0;21.8;0.0;0.0;0.0
Ararendá;ARARENDA;-4.7501111111111;-40.827944444444;1990;6;0.0;0.0;0.0;0.0;0.0;0.0;0.0;0.0;0.0;0.0;0.0;0.0;0.0;0.0;0.0;0.0;0.0;0.0;0.0;0.0;0.0;0.0;0.0;0.0;0.0;0.0;0.0;0.0;0.0;0.0;0.0;888.0
Ararendá;ARARENDA;-4.7501111111111;-40.827944444444;1990;7;12.8;0.0;0.0;12.8;0.0;0.0;0.0;0.0;0.0;0.0;0.0;0.0;0.0;0.0;0.0;0.0;0.0;0.0;0.0;0.0;0.0;0.0;0.0;0.0;0.0;0.0;0.0;0.0;0.0;0.0;0.0;0.0
Ararendá;ARARENDA;-4.7501111111111;-40.827944444444;1990;8;0.0;0.0;0.0;0.0;0.0;0.0;0.0;0.0;0.0;0.0;0.0;0.0;0.0;0.0;0.0;0.0;0.0;0.0;0.0;0.0;0.0;0.0;0.0;0.0;0.0;0.0;0.0;0.0;0.0;0.0;0.0;0.0
Ararendá;ARARENDA;-4.7501111111111;-40.827944444444;1990;9;0.0;0.0;0.0;0.0;0.0;0.0;0.0;0.0;0.0;0.0;0.0;0.0;0.0;0.0;0.0;0.0;0.0;0.0;0.0;0.0;0.0;0.0;0.0;0.0;0.0;0.0;0.0;0.0;0.0;0.0;0.0;888.0
Ararendá;ARARENDA;-4.7501111111111;-40.827944444444;1990;10;0.0;0.0;0.0;0.0;0.0;0.0;0.0;0.0;0.0;0.0;0.0;0.0;0.0;0.0;0.0;0.0;0.0;0.0;0.0;0.0;0.0;0.0;0.0;0.0;0.0;0.0;0.0;0.0;0.0;0.0;0.0;0.0
Ararendá;ARARENDA;-4.7501111111111;-40.827944444444;1990;11;0.0;0.0;0.0;0.0;0.0;0.0;0.0;0.0;0.0;0.0;0.0;0.0;0.0;0.0;0.0;0.0;0.0;0.0;0.0;0.0;0.0;0.0;0.0;0.0;0.0;0.0;0.0;0.0;0.0;0.0;0.0;888.0
Ararendá;ARARENDA;-4.7501111111111;-40.827944444444;1990;12;0.0;0.0;0.0;0.0;0.0;0.0;0.0;0.0;0.0;0.0;0.0;0.0;0.0;0.0;0.0;0.0;0.0;0.0;0.0;0.0;0.0;0.0;0.0;0.0;0.0;0.0;0.0;0.0;0.0;0.0;0.0;0.0
Ararendá;ARARENDA;-4.7501111111111;-40.827944444444;1991;1;77.0;0.0;0.0;0.0;0.0;0.0;0.0;0.0;31.2;0.0;0.0;0.0;0.0;0.0;0.0;0.0;0.0;0.0;0.0;24.2;0.0;0.0;11.6;0.0;10.0;0.0;0.0;0.0;0.0;0.0;0.0;0.0
Ararendá;ARARENDA;-4.7501111111111;-40.827944444444;1991;2;50.6;25.8;0.0;0.0;0.0;0.0;0.0;0.0;0.0;0.0;0.0;0.0;0.0;0.0;0.0;0.0;24.8;0.0;0.0;0.0;0.0;0.0;0.0;0.0;0.0;0.0;0.0;0.0;0.0;888.0;888.0;888.0
Ararendá;ARARENDA;-4.7501111111111;-40.827944444444;1991;3;132.2;0.0;0.0;0.0;15.0;7.0;0.0;0.0;0.0;7.0;0.0;0.0;0.0;0.0;0.0;0.0;15.0;0.0;0.0;35.2;0.0;0.0;0.0;0.0;0.0;32.0;0.0;0.0;21.0;0.0;0.0;0.0
Ararendá;ARARENDA;-4.7501111111111;-40.827944444444;1991;4;53.8;0.0;0.0;0.0;0.0;15.0;0.0;0.0;0.0;0.0;0.0;0.0;0.0;0.0;0.0;0.0;0.0;0.0;0.0;0.0;0.0;6.8;0.0;0.0;0.0;0.0;0.0;0.0;32.0;0.0;0.0;888.0
Ararendá;ARARENDA;-4.7501111111111;-40.827944444444;1991;5;35.0;0.0;18.0;5.0;0.0;0.0;12.0;0.0;0.0;0.0;0.0;0.0;0.0;0.0;0.0;0.0;0.0;0.0;0.0;0.0;0.0;0.0;0.0;0.0;0.0;0.0;0.0;0.0;0.0;0.0;0.0;0.0
Ararendá;ARARENDA;-4.7501111111111;-40.827944444444;1991;6;0.0;0.0;0.0;0.0;0.0;0.0;0.0;0.0;0.0;0.0;0.0;0.0;0.0;0.0;0.0;0.0;0.0;0.0;0.0;0.0;0.0;0.0;0.0;0.0;0.0;0.0;0.0;0.0;0.0;0.0;0.0;888.0
Ararendá;ARARENDA;-4.7501111111111;-40.827944444444;1991;7;0.0;0.0;0.0;0.0;0.0;0.0;0.0;0.0;0.0;0.0;0.0;0.0;0.0;0.0;0.0;0.0;0.0;0.0;0.0;0.0;0.0;0.0;0.0;0.0;0.0;0.0;0.0;0.0;0.0;0.0;0.0;0.0
Ararendá;ARARENDA;-4.7501111111111;-40.827944444444;1991;8;0.0;0.0;0.0;0.0;0.0;0.0;0.0;0.0;0.0;0.0;0.0;0.0;0.0;0.0;0.0;0.0;0.0;0.0;0.0;0.0;0.0;0.0;0.0;0.0;0.0;0.0;0.0;0.0;0.0;0.0;0.0;0.0
Ararendá;ARARENDA;-4.7501111111111;-40.827944444444;1991;9;0.0;0.0;0.0;0.0;0.0;0.0;0.0;0.0;0.0;0.0;0.0;0.0;0.0;0.0;0.0;0.0;0.0;0.0;0.0;0.0;0.0;0.0;0.0;0.0;0.0;0.0;0.0;0.0;0.0;0.0;0.0;888.0
Ararendá;ARARENDA;-4.7501111111111;-40.827944444444;1991;10;0.0;0.0;0.0;0.0;0.0;0.0;0.0;0.0;0.0;0.0;0.0;0.0;0.0;0.0;0.0;0.0;0.0;0.0;0.0;0.0;0.0;0.0;0.0;0.0;0.0;0.0;0.0;0.0;0.0;0.0;0.0;0.0
Ararendá;ARARENDA;-4.7501111111111;-40.827944444444;1991;11;0.0;0.0;0.0;0.0;0.0;0.0;0.0;0.0;0.0;0.0;0.0;0.0;0.0;0.0;0.0;0.0;0.0;0.0;0.0;0.0;0.0;0.0;0.0;0.0;0.0;0.0;0.0;0.0;0.0;0.0;0.0;888.0
Ararendá;ARARENDA;-4.7501111111111;-40.827944444444;1991;12;0.0;0.0;0.0;0.0;0.0;0.0;0.0;0.0;0.0;0.0;0.0;0.0;0.0;0.0;0.0;0.0;0.0;0.0;0.0;0.0;0.0;0.0;0.0;0.0;0.0;0.0;0.0;0.0;0.0;0.0;0.0;0.0
Ararendá;ARARENDA;-4.7501111111111;-40.827944444444;1992;1;15.2;0.0;0.0;0.0;0.0;0.0;0.0;0.0;0.0;0.0;0.0;0.0;0.0;0.0;0.0;0.0;0.0;0.0;0.0;0.0;0.0;0.0;0.0;0.0;0.0;0.0;0.0;0.0;0.0;0.0;15.2;0.0
Ararendá;ARARENDA;-4.7501111111111;-40.827944444444;1992;2;99.4;0.0;0.0;0.0;0.0;0.0;0.0;0.0;0.0;0.0;0.0;0.0;38.6;0.0;0.0;0.0;5.0;0.0;36.8;0.0;19.0;0.0;0.0;0.0;0.0;0.0;0.0;0.0;0.0;0.0;888.0;888.0
Ararendá;ARARENDA;-4.7501111111111;-40.827944444444;1992;3;56.2;0.0;0.0;0.0;0.0;0.0;0.0;0.0;10.2;0.0;0.0;0.0;0.0;0.0;0.0;0.0;9.0;0.0;0.0;0.0;0.0;0.0;7.0;0.0;0.0;0.0;0.0;0.0;0.0;30.0;0.0;0.0
Ararendá;ARARENDA;-4.7501111111111;-40.827944444444;1992;4;64.8;0.0;10.0;11.0;29.0;5.0;0.0;0.0;0.0;0.0;0.0;0.0;0.0;0.0;0.0;9.8;0.0;0.0;0.0;0.0;0.0;0.0;0.0;0.0;0.0;0.0;0.0;0.0;0.0;0.0;0.0;888.0
Ararendá;ARARENDA;-4.7501111111111;-40.827944444444;1992;5;0.0;0.0;0.0;0.0;0.0;0.0;0.0;0.0;0.0;0.0;0.0;0.0;0.0;0.0;0.0;0.0;0.0;0.0;0.0;0.0;0.0;0.0;0.0;0.0;0.0;0.0;0.0;0.0;0.0;0.0;0.0;0.0
Ararendá;ARARENDA;-4.7501111111111;-40.827944444444;1992;6;0.0;0.0;0.0;0.0;0.0;0.0;0.0;0.0;0.0;0.0;0.0;0.0;0.0;0.0;0.0;0.0;0.0;0.0;0.0;0.0;0.0;0.0;0.0;0.0;0.0;0.0;0.0;0.0;0.0;0.0;0.0;888.0
Ararendá;ARARENDA;-4.7501111111111;-40.827944444444;1992;7;0.0;0.0;0.0;0.0;0.0;0.0;0.0;0.0;0.0;0.0;0.0;0.0;0.0;0.0;0.0;0.0;0.0;0.0;0.0;0.0;0.0;0.0;0.0;0.0;0.0;0.0;0.0;0.0;0.0;0.0;0.0;0.0
Ararendá;ARARENDA;-4.7501111111111;-40.827944444444;1992;8;0.0;0.0;0.0;0.0;0.0;0.0;0.0;0.0;0.0;0.0;0.0;0.0;0.0;0.0;0.0;0.0;0.0;0.0;0.0;0.0;0.0;0.0;0.0;0.0;0.0;0.0;0.0;0.0;0.0;0.0;0.0;0.0
Ararendá;ARARENDA;-4.7501111111111;-40.827944444444;1992;9;0.0;0.0;0.0;0.0;0.0;0.0;0.0;0.0;0.0;0.0;0.0;0.0;0.0;0.0;0.0;0.0;0.0;0.0;0.0;0.0;0.0;0.0;0.0;0.0;0.0;0.0;0.0;0.0;0.0;0.0;0.0;888.0
Ararendá;ARARENDA;-4.7501111111111;-40.827944444444;1992;10;0.0;0.0;0.0;0.0;0.0;0.0;0.0;0.0;0.0;0.0;0.0;0.0;0.0;0.0;0.0;0.0;0.0;0.0;0.0;0.0;0.0;0.0;0.0;0.0;0.0;0.0;0.0;0.0;0.0;0.0;0.0;0.0
Ararendá;ARARENDA;-4.7501111111111;-40.827944444444;1992;11;0.0;0.0;0.0;0.0;0.0;0.0;0.0;0.0;0.0;0.0;0.0;0.0;0.0;0.0;0.0;0.0;0.0;0.0;0.0;0.0;0.0;0.0;0.0;0.0;0.0;0.0;0.0;0.0;0.0;0.0;0.0;888.0
Ararendá;ARARENDA;-4.7501111111111;-40.827944444444;1992;12;0.0;0.0;0.0;0.0;0.0;0.0;0.0;0.0;0.0;0.0;0.0;0.0;0.0;0.0;0.0;0.0;0.0;0.0;0.0;0.0;0.0;0.0;0.0;0.0;0.0;0.0;0.0;0.0;0.0;0.0;0.0;0.0
Ararendá;ARARENDA;-4.7501111111111;-40.827944444444;1993;1;0.0;0.0;0.0;0.0;0.0;0.0;0.0;0.0;0.0;0.0;0.0;0.0;0.0;0.0;0.0;0.0;0.0;0.0;0.0;0.0;0.0;0.0;0.0;0.0;0.0;0.0;0.0;0.0;0.0;0.0;0.0;0.0
Ararendá;ARARENDA;-4.7501111111111;-40.827944444444;1993;2;87.2;0.0;0.0;0.0;0.0;0.0;0.0;0.0;0.0;0.0;0.0;0.0;0.0;0.0;58.0;10.0;8.0;0.0;0.0;5.4;1.8;0.0;0.0;0.0;4.0;0.0;0.0;0.0;0.0;888.0;888.0;888.0
Ararendá;ARARENDA;-4.7501111111111;-40.827944444444;1993;3;210.7;0.0;2.0;23.3;0.0;0.0;0.0;0.0;0.0;0.0;0.0;0.0;0.0;0.0;0.0;0.0;0.0;0.0;0.0;0.0;0.0;0.0;0.0;0.0;0.0;3.0;0.0;73.0;18.0;21.0;59.8;10.6
Ararendá;ARARENDA;-4.7501111111111;-40.827944444444;1993;4;95.8;4.6;0.0;0.0;0.0;0.0;0.0;0.0;0.0;0.0;0.0;0.0;0.0;0.0;0.0;0.0;0.0;0.0;0.0;21.5;6.0;0.0;15.7;0.0;0.0;0.0;0.0;26.5;0.0;8.0;13.5;888.0
Ararendá;ARARENDA;-4.7501111111111;-40.827944444444;1993;5;46.5;13.5;0.0;28.0;0.0;5.0;0.0;0.0;0.0;0.0;0.0;0.0;0.0;0.0;0.0;0.0;0.0;0.0;0.0;0.0;0.0;0.0;0.0;0.0;0.0;0.0;0.0;0.0;0.0;0.0;0.0;0.0
Ararendá;ARARENDA;-4.7501111111111;-40.827944444444;1993;6;0.0;0.0;0.0;0.0;0.0;0.0;0.0;0.0;0.0;0.0;0.0;0.0;0.0;0.0;0.0;0.0;0.0;0.0;0.0;0.0;0.0;0.0;0.0;0.0;0.0;0.0;0.0;0.0;0.0;0.0;0.0;888.0
Ararendá;ARARENDA;-4.7501111111111;-40.827944444444;1993;7;33.8;0.0;0.0;0.0;0.0;0.0;0.0;0.0;0.0;0.0;0.0;6.1;0.0;0.0;25.2;2.5;0.0;0.0;0.0;0.0;0.0;0.0;0.0;0.0;0.0;0.0;0.0;0.0;0.0;0.0;0.0;0.0
Ararendá;ARARENDA;-4.7501111111111;-40.827944444444;1993;8;0.0;0.0;0.0;0.0;0.0;0.0;0.0;0.0;0.0;0.0;0.0;0.0;0.0;0.0;0.0;0.0;0.0;0.0;0.0;0.0;0.0;0.0;0.0;0.0;0.0;0.0;0.0;0.0;0.0;0.0;0.0;0.0
Ararendá;ARARENDA;-4.7501111111111;-40.827944444444;1993;9;0.0;0.0;0.0;0.0;0.0;0.0;0.0;0.0;0.0;0.0;0.0;0.0;0.0;0.0;0.0;0.0;0.0;0.0;0.0;0.0;0.0;0.0;0.0;0.0;0.0;0.0;0.0;0.0;0.0;0.0;0.0;888.0
Ararendá;ARARENDA;-4.7501111111111;-40.827944444444;1993;10;0.0;0.0;0.0;0.0;0.0;0.0;0.0;0.0;0.0;0.0;0.0;0.0;0.0;0.0;0.0;0.0;0.0;0.0;0.0;0.0;0.0;0.0;0.0;0.0;0.0;0.0;0.0;0.0;0.0;0.0;0.0;0.0
Ararendá;ARARENDA;-4.7501111111111;-40.827944444444;1993;11;0.0;0.0;0.0;0.0;0.0;0.0;0.0;0.0;0.0;0.0;0.0;0.0;0.0;0.0;0.0;0.0;0.0;0.0;0.0;0.0;0.0;0.0;0.0;0.0;0.0;0.0;0.0;0.0;0.0;0.0;0.0;888.0
Ararendá;ARARENDA;-4.7501111111111;-40.827944444444;1993;12;21.0;0.0;0.0;0.0;0.0;1.5;0.0;0.0;0.0;0.0;0.0;0.0;0.0;0.0;1.5;0.0;0.0;0.0;0.0;0.0;0.0;0.0;0.0;0.0;0.0;0.0;0.0;0.0;10.0;0.0;0.0;8.0
Ararendá;ARARENDA;-4.7501111111111;-40.827944444444;1994;1;128.3;24.5;0.0;0.0;0.0;46.0;0.0;0.0;0.0;0.0;1.5;0.0;0.0;0.0;0.0;0.0;0.0;0.0;13.0;32.0;0.0;3.0;3.1;0.0;0.0;0.0;0.0;0.0;5.2;0.0;0.0;0.0
Ararendá;ARARENDA;-4.7501111111111;-40.827944444444;1994;2;128.8;0.0;0.0;0.0;0.0;0.0;1.1;1.2;5.0;0.0;0.0;0.0;4.0;52.3;0.0;0.0;6.3;0.0;5.0;0.0;0.0;0.0;0.0;0.0;0.0;0.0;0.0;41.0;12.9;888.0;888.0;888.0
Ararendá;ARARENDA;-4.7501111111111;-40.827944444444;1994;3;221.8;1.0;1.3;0.0;0.0;0.0;0.0;9.3;0.0;60.0;5.0;0.0;0.0;0.0;0.0;0.0;11.0;0.0;3.0;0.0;22.2;3.1;2.0;0.0;0.0;5.3;32.2;0.0;8.2;8.2;50.0;0.0
Ararendá;ARARENDA;-4.7501111111111;-40.827944444444;1994;4;138.5;0.0;0.0;16.0;2.0;6.3;4.0;31.0;0.0;0.0;0.0;0.0;10.0;0.0;0.0;0.0;0.0;7.0;0.0;29.0;9.0;0.0;0.0;0.0;0.0;0.0;0.0;0.0;0.0;18.0;6.2;888.0
Ararendá;ARARENDA;-4.7501111111111;-40.827944444444;1994;5;47.1;0.0;0.0;0.0;4.3;3.0;0.0;0.0;0.0;0.0;0.0;0.0;20.2;5.4;4.0;0.0;0.0;0.0;4.0;0.0;0.0;0.0;0.0;0.0;0.0;0.0;0.0;0.0;0.0;0.0;6.2;0.0
Ararendá;ARARENDA;-4.7501111111111;-40.827944444444;1994;6;96.8;0.0;0.0;14.2;9.2;0.0;32.0;6.0;0.0;0.0;0.0;0.0;0.0;0.0;0.0;0.0;0.0;0.0;0.0;0.0;0.0;0.0;0.0;0.0;0.0;12.0;0.0;17.2;0.0;0.0;6.2;888.0
Ararendá;ARARENDA;-4.7501111111111;-40.827944444444;1994;7;0.0;0.0;0.0;0.0;0.0;0.0;0.0;0.0;0.0;0.0;0.0;0.0;0.0;0.0;0.0;0.0;0.0;0.0;0.0;0.0;0.0;0.0;0.0;0.0;0.0;0.0;0.0;0.0;0.0;0.0;0.0;0.0
Ararendá;ARARENDA;-4.7501111111111;-40.827944444444;1994;8;0.0;0.0;0.0;0.0;0.0;0.0;0.0;0.0;0.0;0.0;0.0;0.0;0.0;0.0;0.0;0.0;0.0;0.0;0.0;0.0;0.0;0.0;0.0;0.0;0.0;0.0;0.0;0.0;0.0;0.0;0.0;0.0
Ararendá;ARARENDA;-4.7501111111111;-40.827944444444;1994;9;0.0;0.0;0.0;0.0;0.0;0.0;0.0;0.0;0.0;0.0;0.0;0.0;0.0;0.0;0.0;0.0;0.0;0.0;0.0;0.0;0.0;0.0;0.0;0.0;0.0;0.0;0.0;0.0;0.0;0.0;0.0;888.0
Ararendá;ARARENDA;-4.7501111111111;-40.827944444444;1994;10;0.0;0.0;0.0;0.0;0.0;0.0;0.0;0.0;0.0;0.0;0.0;0.0;0.0;0.0;0.0;0.0;0.0;0.0;0.0;0.0;0.0;0.0;0.0;0.0;0.0;0.0;0.0;0.0;0.0;0.0;0.0;0.0
Ararendá;ARARENDA;-4.7501111111111;-40.827944444444;1994;11;0.0;0.0;0.0;0.0;0.0;0.0;0.0;0.0;0.0;0.0;0.0;0.0;0.0;0.0;0.0;0.0;0.0;0.0;0.0;0.0;0.0;0.0;0.0;0.0;0.0;0.0;0.0;0.0;0.0;0.0;0.0;888.0
Ararendá;ARARENDA;-4.7501111111111;-40.827944444444;1994;12;21.0;0.0;0.0;0.0;0.0;0.0;0.0;0.0;0.0;0.0;0.0;0.0;0.0;0.0;0.0;0.0;0.0;0.0;0.0;0.0;0.0;0.0;0.0;0.0;0.0;0.0;0.0;0.0;21.0;0.0;0.0;0.0
Ararendá;ARARENDA;-4.7501111111111;-40.827944444444;1995;1;24.1;0.0;0.0;0.0;0.0;1.2;1.0;0.0;0.0;1.8;2.2;0.0;0.0;2.3;0.0;0.0;0.0;0.0;0.0;0.0;0.0;0.0;0.0;0.0;5.6;0.0;0.0;0.0;0.0;10.0;0.0;0.0
Ararendá;ARARENDA;-4.7501111111111;-40.827944444444;1995;2;201.2;0.0;0.0;7.2;40.4;0.0;0.0;0.0;0.0;0.0;0.0;7.4;0.0;4.0;0.0;0.0;4.8;0.0;11.0;14.0;10.4;49.7;6.9;2.8;9.0;8.0;11.6;14.0;0.0;888.0;888.0;888.0
Ararendá;ARARENDA;-4.7501111111111;-40.827944444444;1995;3;232.5;0.0;7.8;0.0;0.0;0.0;0.0;0.0;4.7;0.0;0.0;0.0;10.0;0.0;0.0;0.0;32.7;0.0;0.0;0.0;0.0;8.6;0.0;9.3;0.0;0.0;94.4;0.0;0.0;65.0;0.0;0.0
Ararendá;ARARENDA;-4.7501111111111;-40.827944444444;1995;4;478.6;19.3;30.0;7.0;0.0;38.0;24.2;22.0;24.0;40.0;0.0;47.0;6.1;14.2;8.3;28.0;5.4;32.0;0.0;32.3;0.0;11.4;1.2;0.0;0.0;0.0;0.0;0.0;40.2;48.0;0.0;888.0
Ararendá;ARARENDA;-4.7501111111111;-40.827944444444;1995;5;177.4;14.0;4.2;3.0;27.1;0.0;0.0;0.0;0.0;0.0;0.0;0.0;0.0;0.0;0.0;2.2;24.0;0.0;0.0;5.1;0.0;0.0;10.0;6.1;0.0;0.0;50.4;0.0;28.0;0.0;3.3;0.0
Ararendá;ARARENDA;-4.7501111111111;-40.827944444444;1995;6;15.0;0.0;0.0;5.0;0.0;0.0;0.0;0.0;0.0;0.0;0.0;0.0;0.0;0.0;0.0;0.0;10.0;0.0;0.0;0.0;0.0;0.0;0.0;0.0;0.0;0.0;0.0;0.0;0.0;0.0;0.0;888.0
Ararendá;ARARENDA;-4.7501111111111;-40.827944444444;1995;7;38.9;0.0;0.0;0.0;0.0;0.0;0.0;0.0;0.0;0.0;0.0;0.0;0.0;0.0;0.0;0.0;6.1;5.2;0.0;4.0;0.0;0.0;0.0;0.0;11.2;12.4;0.0;0.0;0.0;0.0;0.0;0.0
Ararendá;ARARENDA;-4.7501111111111;-40.827944444444;1995;8;0.0;0.0;0.0;0.0;0.0;0.0;0.0;0.0;0.0;0.0;0.0;0.0;0.0;0.0;0.0;0.0;0.0;0.0;0.0;0.0;0.0;0.0;0.0;0.0;0.0;0.0;0.0;0.0;0.0;0.0;0.0;0.0
Ararendá;ARARENDA;-4.7501111111111;-40.827944444444;1995;9;0.0;0.0;0.0;0.0;0.0;0.0;0.0;0.0;0.0;0.0;0.0;0.0;0.0;0.0;0.0;0.0;0.0;0.0;0.0;0.0;0.0;0.0;0.0;0.0;0.0;0.0;0.0;0.0;0.0;0.0;0.0;888.0
Ararendá;ARARENDA;-4.7501111111111;-40.827944444444;1995;10;0.0;0.0;0.0;0.0;0.0;0.0;0.0;0.0;0.0;0.0;0.0;0.0;0.0;0.0;0.0;0.0;0.0;0.0;0.0;0.0;0.0;0.0;0.0;0.0;0.0;0.0;0.0;0.0;0.0;0.0;0.0;0.0
Ararendá;ARARENDA;-4.7501111111111;-40.827944444444;1995;11;9.8;0.0;0.0;0.0;0.0;0.0;0.0;0.0;0.0;0.0;0.0;0.0;0.0;0.0;0.0;0.0;0.0;0.0;0.0;0.0;0.0;0.0;0.0;0.0;9.8;0.0;0.0;0.0;0.0;0.0;0.0;888.0
Ararendá;ARARENDA;-4.7501111111111;-40.827944444444;1995;12;0.0;0.0;0.0;0.0;0.0;0.0;0.0;0.0;0.0;0.0;0.0;0.0;0.0;0.0;0.0;0.0;0.0;0.0;0.0;0.0;0.0;0.0;0.0;0.0;0.0;0.0;0.0;0.0;0.0;0.0;0.0;0.0
Ararendá;ARARENDA;-4.7501111111111;-40.827944444444;1996;1;80.7;0.0;0.0;0.0;0.0;0.0;0.0;0.0;0.0;0.0;0.0;0.0;20.4;0.0;3.8;5.0;0.0;19.3;2.2;0.0;0.0;0.0;5.0;0.0;0.0;0.0;0.0;0.0;25.0;0.0;0.0;0.0
Ararendá;ARARENDA;-4.7501111111111;-40.827944444444;1996;2;71.8;0.0;0.0;0.0;0.0;0.0;23.6;0.0;0.0;0.0;0.0;0.0;6.0;0.0;6.2;0.0;0.0;0.0;14.0;8.0;0.0;0.0;0.0;0.0;0.0;0.0;14.0;0.0;0.0;0.0;888.0;888.0
Ararendá;ARARENDA;-4.7501111111111;-40.827944444444;1996;3;378.4;0.0;0.0;9.6;29.0;63.0;63.4;13.8;6.6;0.0;0.0;41.0;7.4;42.8;0.0;0.0;11.0;0.0;0.0;33.8;0.0;0.0;0.0;0.0;0.0;0.0;20.0;6.6;30.4;0.0;0.0;0.0
Ararendá;ARARENDA;-4.7501111111111;-40.827944444444;1996;4;290.6;0.0;0.0;0.0;13.0;12.2;18.6;37.2;0.0;0.0;0.0;21.0;0.0;0.0;50.0;10.0;2.8;0.0;0.0;0.0;0.0;29.2;0.0;6.6;0.0;0.0;7.0;0.0;35.0;0.0;48.0;888.0
Ararendá;ARARENDA;-4.7501111111111;-40.827944444444;1996;5;22.1;0.0;8.7;0.0;0.0;13.4;0.0;0.0;0.0;0.0;0.0;0.0;0.0;0.0;0.0;0.0;0.0;0.0;0.0;0.0;0.0;0.0;0.0;0.0;0.0;0.0;0.0;0.0;0.0;0.0;0.0;0.0
Ararendá;ARARENDA;-4.7501111111111;-40.827944444444;1996;6;0.0;0.0;0.0;0.0;0.0;0.0;0.0;0.0;0.0;0.0;0.0;0.0;0.0;0.0;0.0;0.0;0.0;0.0;0.0;0.0;0.0;0.0;0.0;0.0;0.0;0.0;0.0;0.0;0.0;0.0;0.0;888.0
Ararendá;ARARENDA;-4.7501111111111;-40.827944444444;1996;7;6.6;0.0;0.0;0.0;0.0;0.0;0.0;0.0;0.0;0.0;0.0;0.0;0.0;0.0;0.0;0.0;0.0;0.0;0.0;0.0;0.0;0.0;0.0;6.6;0.0;0.0;0.0;0.0;0.0;0.0;0.0;0.0
Ararendá;ARARENDA;-4.7501111111111;-40.827944444444;1996;8;19.8;0.0;0.0;0.0;0.0;12.8;0.0;0.0;0.0;0.0;0.0;0.0;0.0;0.0;0.0;0.0;0.0;7.0;0.0;0.0;0.0;0.0;0.0;0.0;0.0;0.0;0.0;0.0;0.0;0.0;0.0;0.0
Ararendá;ARARENDA;-4.7501111111111;-40.827944444444;1996;9;0.0;0.0;0.0;0.0;0.0;0.0;0.0;0.0;0.0;0.0;0.0;0.0;0.0;0.0;0.0;0.0;0.0;0.0;0.0;0.0;0.0;0.0;0.0;0.0;0.0;0.0;0.0;0.0;0.0;0.0;0.0;888.0
Ararendá;ARARENDA;-4.7501111111111;-40.827944444444;1996;10;0.0;0.0;0.0;0.0;0.0;0.0;0.0;0.0;0.0;0.0;0.0;0.0;0.0;0.0;0.0;0.0;0.0;0.0;0.0;0.0;0.0;0.0;0.0;0.0;0.0;0.0;0.0;0.0;0.0;0.0;0.0;0.0
Ararendá;ARARENDA;-4.7501111111111;-40.827944444444;1996;11;3.0;0.0;0.0;0.0;0.0;0.0;0.0;0.0;0.0;0.0;0.0;0.0;0.0;0.0;0.0;0.0;0.0;0.0;0.0;0.0;3.0;0.0;0.0;0.0;0.0;0.0;0.0;0.0;0.0;0.0;0.0;888.0
Ararendá;ARARENDA;-4.7501111111111;-40.827944444444;1996;12;0.0;0.0;0.0;0.0;0.0;0.0;0.0;0.0;0.0;0.0;0.0;0.0;0.0;0.0;0.0;0.0;0.0;0.0;0.0;0.0;0.0;0.0;0.0;0.0;0.0;0.0;0.0;0.0;0.0;0.0;0.0;0.0
Ararendá;ARARENDA;-4.7501111111111;-40.827944444444;1997;1;122.4;0.0;0.0;0.0;0.0;0.0;0.0;0.0;0.0;5.0;0.0;0.0;0.0;2.0;22.0;0.0;0.0;0.0;0.0;0.0;0.0;4.2;1.4;8.8;5.0;13.0;59.0;0.0;1.0;1.0;0.0;0.0
Ararendá;ARARENDA;-4.7501111111111;-40.827944444444;1997;2;57.2;0.0;0.0;0.0;0.0;0.0;16.0;0.0;0.0;0.0;10.2;0.0;0.0;0.0;25.0;0.0;0.0;0.0;0.0;0.0;0.0;0.0;6.0;0.0;0.0;0.0;0.0;0.0;0.0;888.0;888.0;888.0
Ararendá;ARARENDA;-4.7501111111111;-40.827944444444;1997;3;254.0;0.0;0.0;0.0;2.4;0.0;27.0;0.0;0.0;0.0;0.0;0.0;0.0;0.0;0.0;0.0;0.0;0.0;4.2;0.0;5.1;0.0;0.0;85.0;8.0;40.0;10.0;52.0;10.3;10.0;0.0;0.0
Ararendá;ARARENDA;-4.7501111111111;-40.827944444444;1997;4;242.8;0.0;5.0;76.3;4.2;0.0;0.0;0.0;26.0;0.0;10.0;0.0;0.0;0.0;0.0;55.0;0.0;0.0;0.0;0.0;0.0;0.0;0.0;0.0;10.0;25.3;10.0;0.0;21.0;0.0;0.0;888.0
Ararendá;ARARENDA;-4.7501111111111;-40.827944444444;1997;5;182.8;10.0;0.0;56.0;33.2;36.0;0.0;0.0;6.0;36.4;0.0;0.0;0.0;0.0;0.0;0.0;0.0;0.0;0.0;0.0;5.2;0.0;0.0;0.0;0.0;0.0;0.0;0.0;0.0;0.0;0.0;0.0
Ararendá;ARARENDA;-4.7501111111111;-40.827944444444;1997;6;0.0;0.0;0.0;0.0;0.0;0.0;0.0;0.0;0.0;0.0;0.0;0.0;0.0;0.0;0.0;0.0;0.0;0.0;0.0;0.0;0.0;0.0;0.0;0.0;0.0;0.0;0.0;0.0;0.0;0.0;0.0;888.0
Ararendá;ARARENDA;-4.7501111111111;-40.827944444444;1997;7;0.0;0.0;0.0;0.0;0.0;0.0;0.0;0.0;0.0;0.0;0.0;0.0;0.0;0.0;0.0;0.0;0.0;0.0;0.0;0.0;0.0;0.0;0.0;0.0;0.0;0.0;0.0;0.0;0.0;0.0;0.0;0.0
Ararendá;ARARENDA;-4.7501111111111;-40.827944444444;1997;8;0.0;0.0;0.0;0.0;0.0;0.0;0.0;0.0;0.0;0.0;0.0;0.0;0.0;0.0;0.0;0.0;0.0;0.0;0.0;0.0;0.0;0.0;0.0;0.0;0.0;0.0;0.0;0.0;0.0;0.0;0.0;0.0
Ararendá;ARARENDA;-4.7501111111111;-40.827944444444;1997;9;0.0;0.0;0.0;0.0;0.0;0.0;0.0;0.0;0.0;0.0;0.0;0.0;0.0;0.0;0.0;0.0;0.0;0.0;0.0;0.0;0.0;0.0;0.0;0.0;0.0;0.0;0.0;0.0;0.0;0.0;0.0;888.0
Ararendá;ARARENDA;-4.7501111111111;-40.827944444444;1997;10;0.0;0.0;0.0;0.0;0.0;0.0;0.0;0.0;0.0;0.0;0.0;0.0;0.0;0.0;0.0;0.0;0.0;0.0;0.0;0.0;0.0;0.0;0.0;0.0;0.0;0.0;0.0;0.0;0.0;0.0;0.0;0.0
Ararendá;ARARENDA;-4.7501111111111;-40.827944444444;1997;11;0.0;0.0;0.0;0.0;0.0;0.0;0.0;0.0;0.0;0.0;0.0;0.0;0.0;0.0;0.0;0.0;0.0;0.0;0.0;0.0;0.0;0.0;0.0;0.0;0.0;0.0;0.0;0.0;0.0;0.0;0.0;888.0
Ararendá;ARARENDA;-4.7501111111111;-40.827944444444;1997;12;3.4;0.0;0.0;0.0;0.0;0.0;0.0;0.0;0.0;0.0;0.0;0.0;0.0;0.0;0.0;0.0;0.0;0.0;0.0;0.0;0.0;0.0;0.0;0.0;0.0;0.0;0.0;0.0;0.0;0.0;0.0;3.4
Ararendá;ARARENDA;-4.7501111111111;-40.827944444444;1998;1;137.2;0.0;0.0;0.0;4.0;0.0;0.0;0.0;0.0;0.0;0.0;0.0;24.0;0.0;25.0;0.0;0.0;0.0;0.0;0.0;20.0;30.0;25.4;0.0;0.0;0.0;4.2;0.0;2.3;2.3;0.0;0.0
Ararendá;ARARENDA;-4.7501111111111;-40.827944444444;1998;2;23.2;0.0;15.0;0.0;0.0;0.0;0.0;0.0;0.0;0.0;0.0;0.0;0.0;0.0;0.0;5.2;0.0;0.0;0.0;1.0;0.0;0.0;0.0;0.0;0.0;0.0;2.0;0.0;0.0;888.0;888.0;888.0
Ararendá;ARARENDA;-4.7501111111111;-40.827944444444;1998;3;197.3;0.0;0.0;0.0;0.0;0.0;0.0;0.0;0.0;0.0;0.0;43.3;0.0;14.2;0.0;12.0;0.0;0.0;20.0;0.0;0.0;0.0;0.0;20.2;5.2;25.0;16.0;25.2;0.0;16.2;0.0;0.0
Ararendá;ARARENDA;-4.7501111111111;-40.827944444444;1998;4;92.8;30.1;5.2;28.0;0.0;0.0;0.0;0.0;0.0;0.0;0.0;12.3;0.0;0.0;0.0;0.0;0.0;17.2;0.0;0.0;0.0;0.0;0.0;0.0;0.0;0.0;0.0;0.0;0.0;0.0;0.0;888.0
Ararendá;ARARENDA;-4.7501111111111;-40.827944444444;1998;5;0.0;0.0;0.0;0.0;0.0;0.0;0.0;0.0;0.0;0.0;0.0;0.0;0.0;0.0;0.0;0.0;0.0;0.0;0.0;0.0;0.0;0.0;0.0;0.0;0.0;0.0;0.0;0.0;0.0;0.0;0.0;0.0
Ararendá;ARARENDA;-4.7501111111111;-40.827944444444;1998;6;0.0;0.0;0.0;0.0;0.0;0.0;0.0;0.0;0.0;0.0;0.0;0.0;0.0;0.0;0.0;0.0;0.0;0.0;0.0;0.0;0.0;0.0;0.0;0.0;0.0;0.0;0.0;0.0;0.0;0.0;0.0;888.0
Ararendá;ARARENDA;-4.7501111111111;-40.827944444444;1998;7;0.0;0.0;0.0;0.0;0.0;0.0;0.0;0.0;0.0;0.0;0.0;0.0;0.0;0.0;0.0;0.0;0.0;0.0;0.0;0.0;0.0;0.0;0.0;0.0;0.0;0.0;0.0;0.0;0.0;0.0;0.0;0.0
Ararendá;ARARENDA;-4.7501111111111;-40.827944444444;1998;8;0.0;0.0;0.0;0.0;0.0;0.0;0.0;0.0;0.0;0.0;0.0;0.0;0.0;0.0;0.0;0.0;0.0;0.0;0.0;0.0;0.0;0.0;0.0;0.0;0.0;0.0;0.0;0.0;0.0;0.0;0.0;0.0
Ararendá;ARARENDA;-4.7501111111111;-40.827944444444;1998;9;0.0;0.0;0.0;0.0;0.0;0.0;0.0;0.0;0.0;0.0;0.0;0.0;0.0;0.0;0.0;0.0;0.0;0.0;0.0;0.0;0.0;0.0;0.0;0.0;0.0;0.0;0.0;0.0;0.0;0.0;0.0;888.0
Ararendá;ARARENDA;-4.7501111111111;-40.827944444444;1998;10;0.0;0.0;0.0;0.0;0.0;0.0;0.0;0.0;0.0;0.0;0.0;0.0;0.0;0.0;0.0;0.0;0.0;0.0;0.0;0.0;0.0;0.0;0.0;0.0;0.0;0.0;0.0;0.0;0.0;0.0;0.0;0.0
Ararendá;ARARENDA;-4.7501111111111;-40.827944444444;1998;11;0.0;0.0;0.0;0.0;0.0;0.0;0.0;0.0;0.0;0.0;0.0;0.0;0.0;0.0;0.0;0.0;0.0;0.0;0.0;0.0;0.0;0.0;0.0;0.0;0.0;0.0;0.0;0.0;0.0;0.0;0.0;888.0
Ararendá;ARARENDA;-4.7501111111111;-40.827944444444;1998;12;0.0;0.0;0.0;0.0;0.0;0.0;0.0;0.0;0.0;0.0;0.0;0.0;0.0;0.0;0.0;0.0;0.0;0.0;0.0;0.0;0.0;0.0;0.0;0.0;0.0;0.0;0.0;0.0;0.0;0.0;0.0;0.0
Ararendá;ARARENDA;-4.7501111111111;-40.827944444444;1999;1;63.4;0.0;0.0;0.0;0.0;0.0;0.0;0.0;0.0;0.0;0.0;36.0;0.0;0.0;9.1;0.0;0.0;0.0;0.0;0.0;5.3;0.0;8.0;5.0;0.0;0.0;0.0;0.0;0.0;0.0;0.0;0.0
Ararendá;ARARENDA;-4.7501111111111;-40.827944444444;1999;2;177.5;0.0;0.0;0.0;26.0;0.0;0.0;10.0;0.0;41.0;0.0;0.0;0.0;20.0;0.0;0.0;0.0;0.0;20.0;36.0;4.0;0.0;4.3;0.0;8.1;0.0;8.1;0.0;0.0;888.0;888.0;888.0
Ararendá;ARARENDA;-4.7501111111111;-40.827944444444;1999;3;195.2;5.0;22.2;0.0;0.0;0.0;0.0;7.2;0.0;0.0;0.0;0.0;0.0;6.2;0.0;38.0;30.2;7.0;0.0;13.0;21.0;10.2;0.0;30.0;0.0;0.0;0.0;0.0;5.2;0.0;0.0;0.0
Ararendá;ARARENDA;-4.7501111111111;-40.827944444444;1999;4;182.0;0.0;0.0;0.0;0.0;13.0;7.0;0.0;0.0;0.0;0.0;0.0;10.0;39.0;25.0;0.0;8.0;0.0;0.0;0.0;0.0;0.0;0.0;0.0;0.0;10.0;45.0;25.0;0.0;0.0;0.0;888.0
Ararendá;ARARENDA;-4.7501111111111;-40.827944444444;1999;5;143.0;22.0;0.0;0.0;0.0;0.0;10.0;0.0;23.0;0.0;10.0;0.0;0.0;0.0;14.0;0.0;20.0;5.0;15.0;15.0;0.0;0.0;0.0;0.0;9.0;0.0;0.0;0.0;0.0;0.0;0.0;0.0
Ararendá;ARARENDA;-4.7501111111111;-40.827944444444;1999;6;0.0;0.0;0.0;0.0;0.0;0.0;0.0;0.0;0.0;0.0;0.0;0.0;0.0;0.0;0.0;0.0;0.0;0.0;0.0;0.0;0.0;0.0;0.0;0.0;0.0;0.0;0.0;0.0;0.0;0.0;0.0;888.0
Ararendá;ARARENDA;-4.7501111111111;-40.827944444444;1999;7;0.0;0.0;0.0;0.0;0.0;0.0;0.0;0.0;0.0;0.0;0.0;0.0;0.0;0.0;0.0;0.0;0.0;0.0;0.0;0.0;0.0;0.0;0.0;0.0;0.0;0.0;0.0;0.0;0.0;0.0;0.0;0.0
Ararendá;ARARENDA;-4.7501111111111;-40.827944444444;1999;8;0.0;0.0;0.0;0.0;0.0;0.0;0.0;0.0;0.0;0.0;0.0;0.0;0.0;0.0;0.0;0.0;0.0;0.0;0.0;0.0;0.0;0.0;0.0;0.0;0.0;0.0;0.0;0.0;0.0;0.0;0.0;0.0
Ararendá;ARARENDA;-4.7501111111111;-40.827944444444;1999;9;0.0;0.0;0.0;0.0;0.0;0.0;0.0;0.0;0.0;0.0;0.0;0.0;0.0;0.0;0.0;0.0;0.0;0.0;0.0;0.0;0.0;0.0;0.0;0.0;0.0;0.0;0.0;0.0;0.0;0.0;0.0;888.0
Ararendá;ARARENDA;-4.7501111111111;-40.827944444444;1999;10;0.0;0.0;0.0;0.0;0.0;0.0;0.0;0.0;0.0;0.0;0.0;0.0;0.0;0.0;0.0;0.0;0.0;0.0;0.0;0.0;0.0;0.0;0.0;0.0;0.0;0.0;0.0;0.0;0.0;0.0;0.0;0.0
Ararendá;ARARENDA;-4.7501111111111;-40.827944444444;1999;11;0.0;0.0;0.0;0.0;0.0;0.0;0.0;0.0;0.0;0.0;0.0;0.0;0.0;0.0;0.0;0.0;0.0;0.0;0.0;0.0;0.0;0.0;0.0;0.0;0.0;0.0;0.0;0.0;0.0;0.0;0.0;888.0
Ararendá;ARARENDA;-4.7501111111111;-40.827944444444;1999;12;58.0;0.0;0.0;0.0;0.0;0.0;0.0;0.0;0.0;0.0;0.0;0.0;0.0;0.0;0.0;0.0;0.0;0.0;0.0;0.0;0.0;0.0;0.0;0.0;0.0;0.0;0.0;0.0;0.0;0.0;58.0;0.0
Ararendá;ARARENDA;-4.7501111111111;-40.827944444444;2000;1;205.0;0.0;0.0;0.0;33.0;8.0;35.0;25.0;0.0;40.0;3.0;16.0;2.0;0.0;0.0;5.0;9.0;8.0;16.0;5.0;0.0;0.0;0.0;0.0;0.0;0.0;0.0;0.0;0.0;0.0;0.0;0.0
Ararendá;ARARENDA;-4.7501111111111;-40.827944444444;2000;2;176.0;0.0;0.0;0.0;0.0;0.0;0.0;4.0;0.0;3.0;3.0;0.0;5.0;0.0;0.0;17.0;28.0;28.0;5.0;15.0;35.0;0.0;5.0;0.0;4.0;2.0;0.0;10.0;12.0;0.0;888.0;888.0
Ararendá;ARARENDA;-4.7501111111111;-40.827944444444;2000;3;301.4;0.0;5.0;41.4;9.3;0.0;0.0;0.0;0.0;5.2;16.2;51.1;0.0;0.0;0.0;0.0;0.0;0.0;0.0;0.0;0.0;2.3;8.3;0.0;0.0;0.0;0.0;0.0;24.0;49.3;31.3;58.0
Ararendá;ARARENDA;-4.7501111111111;-40.827944444444;2000;4;228.5;7.4;10.2;6.1;0.0;0.0;0.0;0.0;25.3;0.0;4.0;9.3;0.0;17.2;37.0;0.0;22.0;0.0;16.1;34.2;12.2;3.2;0.0;13.1;7.2;4.0;0.0;0.0;0.0;0.0;0.0;888.0
Ararendá;ARARENDA;-4.7501111111111;-40.827944444444;2000;5;31.0;0.0;0.0;0.0;0.0;3.0;0.0;0.0;0.0;0.0;0.0;0.0;0.0;0.0;0.0;0.0;0.0;0.0;0.0;0.0;0.0;0.0;0.0;0.0;0.0;0.0;0.0;0.0;0.0;0.0;0.0;28.0
Ararendá;ARARENDA;-4.7501111111111;-40.827944444444;2000;6;0.0;0.0;0.0;0.0;0.0;0.0;0.0;0.0;0.0;0.0;0.0;0.0;0.0;0.0;0.0;0.0;0.0;0.0;0.0;0.0;0.0;0.0;0.0;0.0;0.0;0.0;0.0;0.0;0.0;0.0;0.0;888.0
Ararendá;ARARENDA;-4.7501111111111;-40.827944444444;2000;7;0.0;0.0;0.0;0.0;0.0;0.0;0.0;0.0;0.0;0.0;0.0;0.0;0.0;0.0;0.0;0.0;0.0;0.0;0.0;0.0;0.0;0.0;0.0;0.0;0.0;0.0;0.0;0.0;0.0;0.0;0.0;0.0
Ararendá;ARARENDA;-4.7501111111111;-40.827944444444;2000;8;0.0;0.0;0.0;0.0;0.0;0.0;0.0;0.0;0.0;0.0;0.0;0.0;0.0;0.0;0.0;0.0;0.0;0.0;0.0;0.0;0.0;0.0;0.0;0.0;0.0;0.0;0.0;0.0;0.0;0.0;0.0;999.0
Ararendá;ARARENDA;-4.7501111111111;-40.827944444444;2000;9;0.0;0.0;0.0;0.0;0.0;0.0;0.0;0.0;0.0;0.0;0.0;0.0;0.0;0.0;0.0;0.0;0.0;0.0;0.0;0.0;0.0;0.0;0.0;0.0;0.0;0.0;0.0;0.0;0.0;0.0;0.0;888.0
Ararendá;ARARENDA;-4.7501111111111;-40.827944444444;2000;10;0.0;0.0;0.0;0.0;0.0;0.0;0.0;0.0;0.0;0.0;0.0;0.0;0.0;0.0;0.0;0.0;0.0;0.0;0.0;0.0;0.0;0.0;0.0;0.0;0.0;0.0;0.0;0.0;0.0;0.0;0.0;999.0
Ararendá;ARARENDA;-4.7501111111111;-40.827944444444;2000;11;0.0;0.0;0.0;0.0;0.0;0.0;0.0;0.0;0.0;0.0;0.0;0.0;0.0;0.0;0.0;0.0;0.0;0.0;0.0;0.0;0.0;0.0;0.0;0.0;0.0;0.0;0.0;0.0;0.0;0.0;0.0;888.0
Ararendá;ARARENDA;-4.7501111111111;-40.827944444444;2000;12;33.4;0.0;0.0;0.0;0.0;0.0;0.0;0.0;0.0;0.0;0.0;0.0;0.0;0.0;0.0;0.0;24.4;9.0;0.0;0.0;0.0;0.0;0.0;0.0;0.0;0.0;0.0;0.0;0.0;0.0;0.0;0.0
Ararendá;ARARENDA;-4.7501111111111;-40.827944444444;2001;1;13.2;0.0;0.0;0.0;0.0;0.0;0.0;0.0;0.0;0.0;0.0;0.0;13.2;0.0;0.0;0.0;0.0;0.0;0.0;0.0;0.0;0.0;0.0;0.0;0.0;0.0;0.0;0.0;0.0;0.0;0.0;0.0
Ararendá;ARARENDA;-4.7501111111111;-40.827944444444;2001;2;105.8;0.0;0.0;3.8;0.0;0.0;0.0;0.0;0.0;0.0;0.0;0.0;0.0;20.0;0.0;0.0;0.0;22.0;0.0;0.0;0.0;0.0;0.0;0.0;0.0;60.0;0.0;0.0;0.0;888.0;888.0;888.0
Ararendá;ARARENDA;-4.7501111111111;-40.827944444444;2001;3;120.9;0.0;13.0;0.0;0.0;0.0;0.0;0.0;0.0;0.0;6.3;0.0;16.2;0.0;27.3;0.0;0.0;0.0;0.0;0.0;0.0;0.0;0.0;6.6;0.0;0.0;0.0;0.0;0.0;37.3;14.2;0.0
Ararendá;ARARENDA;-4.7501111111111;-40.827944444444;2001;4;160.8;0.0;0.0;29.3;35.0;0.0;0.0;0.0;0.0;0.0;0.0;11.2;0.0;0.0;12.3;0.0;0.0;0.0;30.0;43.0;0.0;0.0;0.0;0.0;0.0;0.0;0.0;0.0;0.0;0.0;0.0;888.0
Ararendá;ARARENDA;-4.7501111111111;-40.827944444444;2001;5;22.0;0.0;0.0;0.0;0.0;0.0;0.0;0.0;0.0;0.0;0.0;22.0;0.0;0.0;0.0;0.0;0.0;0.0;0.0;0.0;0.0;0.0;0.0;0.0;0.0;0.0;0.0;0.0;0.0;0.0;0.0;0.0
Ararendá;ARARENDA;-4.7501111111111;-40.827944444444;2001;6;37.6;37.6;0.0;0.0;0.0;0.0;0.0;0.0;0.0;0.0;0.0;0.0;0.0;0.0;0.0;0.0;0.0;0.0;0.0;0.0;0.0;0.0;0.0;0.0;0.0;0.0;0.0;0.0;0.0;0.0;0.0;888.0
Ararendá;ARARENDA;-4.7501111111111;-40.827944444444;2001;7;0.0;0.0;0.0;0.0;0.0;0.0;0.0;0.0;0.0;0.0;0.0;0.0;0.0;0.0;0.0;0.0;0.0;0.0;0.0;0.0;0.0;0.0;0.0;0.0;0.0;0.0;0.0;0.0;0.0;0.0;0.0;0.0
Ararendá;ARARENDA;-4.7501111111111;-40.827944444444;2001;8;0.0;0.0;0.0;0.0;0.0;0.0;0.0;0.0;0.0;0.0;0.0;0.0;0.0;0.0;0.0;0.0;0.0;0.0;0.0;0.0;0.0;0.0;0.0;0.0;0.0;0.0;0.0;0.0;0.0;0.0;0.0;0.0
Ararendá;ARARENDA;-4.7501111111111;-40.827944444444;2001;9;0.0;0.0;0.0;0.0;0.0;0.0;0.0;0.0;0.0;0.0;0.0;0.0;0.0;0.0;0.0;0.0;0.0;0.0;0.0;0.0;0.0;0.0;0.0;0.0;0.0;0.0;0.0;0.0;0.0;0.0;0.0;888.0
Ararendá;ARARENDA;-4.7501111111111;-40.827944444444;2001;10;0.0;0.0;0.0;0.0;0.0;0.0;0.0;0.0;0.0;0.0;0.0;0.0;0.0;0.0;0.0;0.0;0.0;0.0;0.0;0.0;0.0;0.0;0.0;0.0;0.0;0.0;0.0;0.0;0.0;0.0;0.0;0.0
Ararendá;ARARENDA;-4.7501111111111;-40.827944444444;2001;11;0.0;0.0;0.0;0.0;0.0;0.0;0.0;0.0;0.0;0.0;0.0;0.0;0.0;0.0;0.0;0.0;0.0;0.0;0.0;0.0;0.0;0.0;0.0;0.0;0.0;0.0;0.0;0.0;0.0;0.0;0.0;888.0
Ararendá;ARARENDA;-4.7501111111111;-40.827944444444;2001;12;0.0;0.0;0.0;0.0;0.0;0.0;0.0;0.0;0.0;0.0;0.0;0.0;0.0;0.0;0.0;0.0;0.0;0.0;0.0;0.0;0.0;0.0;0.0;0.0;0.0;0.0;0.0;0.0;0.0;0.0;0.0;0.0
Ararendá;ARARENDA;-4.7501111111111;-40.827944444444;2002;1;264.0;0.0;0.0;0.0;0.0;0.0;0.0;35.0;81.0;0.0;0.0;0.0;71.0;0.0;19.0;0.0;0.0;0.0;58.0;0.0;0.0;0.0;0.0;0.0;0.0;0.0;0.0;0.0;0.0;0.0;0.0;0.0
Ararendá;ARARENDA;-4.7501111111111;-40.827944444444;2002;2;12.0;0.0;0.0;0.0;0.0;0.0;2.0;10.0;0.0;0.0;0.0;0.0;0.0;0.0;0.0;0.0;0.0;0.0;0.0;0.0;0.0;0.0;0.0;0.0;0.0;0.0;0.0;0.0;0.0;888.0;888.0;888.0
Ararendá;ARARENDA;-4.7501111111111;-40.827944444444;2002;3;175.0;0.0;0.0;0.0;0.0;26.0;0.0;0.0;10.0;10.0;40.0;0.0;0.0;0.0;0.0;0.0;0.0;0.0;61.0;0.0;0.0;0.0;0.0;0.0;0.0;0.0;0.0;0.0;28.0;0.0;0.0;0.0
Ararendá;ARARENDA;-4.7501111111111;-40.827944444444;2002;4;284.0;0.0;13.0;0.0;0.0;34.0;9.0;0.0;37.0;20.0;0.0;3.0;13.0;26.0;0.0;18.0;0.0;0.0;0.0;0.0;36.0;0.0;0.0;0.0;0.0;0.0;35.0;40.0;0.0;0.0;0.0;888.0
Ararendá;ARARENDA;-4.7501111111111;-40.827944444444;2002;5;29.0;0.0;13.0;0.0;0.0;0.0;0.0;0.0;0.0;0.0;0.0;0.0;16.0;0.0;0.0;0.0;0.0;0.0;0.0;0.0;0.0;0.0;0.0;0.0;0.0;0.0;0.0;0.0;0.0;0.0;0.0;0.0
Ararendá;ARARENDA;-4.7501111111111;-40.827944444444;2002;6;45.2;26.2;0.0;0.0;0.0;0.0;0.0;0.0;3.8;0.0;0.0;0.0;0.0;0.0;0.0;0.0;6.0;0.0;0.0;9.2;0.0;0.0;0.0;0.0;0.0;0.0;0.0;0.0;0.0;0.0;0.0;888.0
Ararendá;ARARENDA;-4.7501111111111;-40.827944444444;2002;7;0.0;0.0;0.0;0.0;0.0;0.0;0.0;0.0;0.0;0.0;0.0;0.0;0.0;0.0;0.0;0.0;0.0;0.0;0.0;0.0;0.0;0.0;0.0;0.0;0.0;0.0;0.0;0.0;0.0;0.0;0.0;0.0
Ararendá;ARARENDA;-4.7501111111111;-40.827944444444;2002;8;0.0;0.0;0.0;0.0;0.0;0.0;0.0;0.0;0.0;0.0;0.0;0.0;0.0;0.0;0.0;0.0;0.0;0.0;0.0;0.0;0.0;0.0;0.0;0.0;0.0;0.0;0.0;0.0;0.0;0.0;0.0;0.0
Ararendá;ARARENDA;-4.7501111111111;-40.827944444444;2002;9;0.0;0.0;0.0;0.0;0.0;0.0;0.0;0.0;0.0;0.0;0.0;0.0;0.0;0.0;0.0;0.0;0.0;0.0;0.0;0.0;0.0;0.0;0.0;0.0;0.0;0.0;0.0;0.0;0.0;0.0;0.0;888.0
Ararendá;ARARENDA;-4.7501111111111;-40.827944444444;2002;10;0.0;0.0;0.0;0.0;0.0;0.0;0.0;0.0;0.0;0.0;0.0;0.0;0.0;0.0;0.0;0.0;0.0;0.0;0.0;0.0;0.0;0.0;0.0;0.0;0.0;0.0;0.0;0.0;0.0;0.0;0.0;0.0
Ararendá;ARARENDA;-4.7501111111111;-40.827944444444;2002;11;0.0;0.0;0.0;0.0;0.0;0.0;0.0;0.0;0.0;0.0;0.0;0.0;0.0;0.0;0.0;0.0;0.0;0.0;0.0;0.0;0.0;0.0;0.0;0.0;0.0;0.0;0.0;0.0;0.0;0.0;0.0;888.0
Ararendá;ARARENDA;-4.7501111111111;-40.827944444444;2002;12;0.0;0.0;0.0;0.0;0.0;0.0;0.0;0.0;0.0;0.0;0.0;0.0;0.0;0.0;0.0;0.0;0.0;0.0;0.0;0.0;0.0;0.0;0.0;0.0;0.0;0.0;0.0;0.0;0.0;0.0;0.0;0.0
Ararendá;ARARENDA;-4.7501111111111;-40.827944444444;2003;1;14.0;0.0;0.0;0.0;0.0;0.0;0.0;0.0;0.0;0.0;0.0;0.0;0.0;0.0;0.0;0.0;0.0;0.0;0.0;0.0;0.0;3.0;11.0;0.0;0.0;0.0;0.0;0.0;0.0;0.0;0.0;0.0
Ararendá;ARARENDA;-4.7501111111111;-40.827944444444;2003;2;255.0;0.0;0.0;24.0;3.0;0.0;4.0;0.0;0.0;0.0;5.0;0.0;21.0;57.0;0.0;0.0;0.0;0.0;47.0;0.0;0.0;0.0;0.0;0.0;0.0;54.0;0.0;0.0;40.0;888.0;888.0;888.0
Ararendá;ARARENDA;-4.7501111111111;-40.827944444444;2003;3;220.3;0.0;0.0;10.2;9.1;0.0;0.0;0.0;0.0;6.6;0.0;0.0;0.0;0.0;12.0;0.0;0.0;17.2;0.0;0.0;29.0;24.0;0.0;31.2;23.0;0.0;0.0;0.0;8.0;0.0;22.0;28.0
Ararendá;ARARENDA;-4.7501111111111;-40.827944444444;2003;4;98.2;0.0;13.0;0.0;0.0;12.0;0.0;3.0;23.0;0.0;0.0;11.0;0.0;0.0;0.0;0.0;0.0;0.0;0.0;23.0;0.0;0.0;0.0;0.0;0.0;0.0;0.0;0.0;13.2;0.0;0.0;888.0
Ararendá;ARARENDA;-4.7501111111111;-40.827944444444;2003;5;0.0;0.0;0.0;0.0;0.0;0.0;0.0;0.0;0.0;0.0;0.0;0.0;0.0;0.0;0.0;0.0;0.0;0.0;0.0;0.0;0.0;0.0;0.0;0.0;0.0;0.0;0.0;0.0;0.0;0.0;0.0;0.0
Ararendá;ARARENDA;-4.7501111111111;-40.827944444444;2003;6;0.0;0.0;0.0;0.0;0.0;0.0;0.0;0.0;0.0;0.0;0.0;0.0;0.0;0.0;0.0;0.0;0.0;0.0;0.0;0.0;0.0;0.0;0.0;0.0;0.0;0.0;0.0;0.0;0.0;0.0;0.0;888.0
Ararendá;ARARENDA;-4.7501111111111;-40.827944444444;2003;7;0.0;0.0;0.0;0.0;0.0;0.0;0.0;0.0;0.0;0.0;0.0;0.0;0.0;0.0;0.0;0.0;0.0;0.0;0.0;0.0;0.0;0.0;0.0;0.0;0.0;0.0;0.0;0.0;0.0;0.0;0.0;0.0
Ararendá;ARARENDA;-4.7501111111111;-40.827944444444;2003;8;0.0;0.0;0.0;0.0;0.0;0.0;0.0;0.0;0.0;0.0;0.0;0.0;0.0;0.0;0.0;0.0;0.0;0.0;0.0;0.0;0.0;0.0;0.0;0.0;0.0;0.0;0.0;0.0;0.0;0.0;0.0;0.0
Ararendá;ARARENDA;-4.7501111111111;-40.827944444444;2003;9;0.0;0.0;0.0;0.0;0.0;0.0;0.0;0.0;0.0;0.0;0.0;0.0;0.0;0.0;0.0;0.0;0.0;0.0;0.0;0.0;0.0;0.0;0.0;0.0;0.0;0.0;0.0;0.0;0.0;0.0;0.0;888.0
Ararendá;ARARENDA;-4.7501111111111;-40.827944444444;2003;10;0.0;0.0;0.0;0.0;0.0;0.0;0.0;0.0;0.0;0.0;0.0;0.0;0.0;0.0;0.0;0.0;0.0;0.0;0.0;0.0;0.0;0.0;0.0;0.0;0.0;0.0;0.0;0.0;0.0;0.0;0.0;0.0
Ararendá;ARARENDA;-4.7501111111111;-40.827944444444;2003;11;0.0;0.0;0.0;0.0;0.0;0.0;0.0;0.0;0.0;0.0;0.0;0.0;0.0;0.0;0.0;0.0;0.0;0.0;0.0;0.0;0.0;0.0;0.0;0.0;0.0;0.0;0.0;0.0;0.0;0.0;0.0;888.0
Ararendá;ARARENDA;-4.7501111111111;-40.827944444444;2003;12;0.0;0.0;0.0;0.0;0.0;0.0;0.0;0.0;0.0;0.0;0.0;0.0;0.0;0.0;0.0;0.0;0.0;0.0;0.0;0.0;0.0;0.0;0.0;0.0;0.0;0.0;0.0;0.0;0.0;0.0;0.0;0.0
Ararendá;ARARENDA;-4.7501111111111;-40.827944444444;2004;1;434.0;0.0;0.0;0.0;0.0;0.0;0.0;0.0;0.0;0.0;0.0;0.0;13.0;0.0;0.0;0.0;0.0;0.0;0.0;9.0;3.0;51.0;51.0;13.0;0.0;55.0;45.0;40.0;45.0;0.0;109.0;0.0
Ararendá;ARARENDA;-4.7501111111111;-40.827944444444;2004;2;332.0;29.0;0.0;0.0;0.0;0.0;0.0;0.0;0.0;0.0;0.0;0.0;0.0;30.0;49.0;24.0;35.0;0.0;0.0;0.0;0.0;18.0;0.0;0.0;16.0;0.0;23.0;53.0;30.0;25.0;888.0;888.0
Ararendá;ARARENDA;-4.7501111111111;-40.827944444444;2004;3;139.0;0.0;0.0;0.0;0.0;0.0;0.0;72.0;22.0;32.0;13.0;0.0;0.0;0.0;0.0;0.0;0.0;0.0;0.0;0.0;0.0;0.0;0.0;0.0;0.0;0.0;0.0;0.0;0.0;0.0;0.0;0.0
Ararendá;ARARENDA;-4.7501111111111;-40.827944444444;2004;4;10.0;0.0;0.0;0.0;0.0;0.0;0.0;0.0;0.0;0.0;0.0;0.0;0.0;0.0;0.0;0.0;0.0;0.0;0.0;0.0;0.0;0.0;0.0;0.0;0.0;0.0;0.0;10.0;0.0;0.0;0.0;888.0
Ararendá;ARARENDA;-4.7501111111111;-40.827944444444;2004;5;24.0;0.0;0.0;0.0;0.0;0.0;0.0;0.0;0.0;0.0;0.0;0.0;0.0;0.0;0.0;0.0;0.0;0.0;0.0;0.0;0.0;24.0;0.0;0.0;0.0;0.0;0.0;0.0;0.0;0.0;0.0;0.0
Ararendá;ARARENDA;-4.7501111111111;-40.827944444444;2004;6;0.0;0.0;0.0;0.0;0.0;0.0;0.0;0.0;0.0;0.0;0.0;0.0;0.0;0.0;0.0;0.0;0.0;0.0;0.0;0.0;0.0;0.0;0.0;0.0;0.0;0.0;0.0;0.0;0.0;0.0;0.0;888.0
Ararendá;ARARENDA;-4.7501111111111;-40.827944444444;2004;7;0.0;0.0;0.0;0.0;0.0;0.0;0.0;0.0;0.0;0.0;0.0;0.0;0.0;0.0;0.0;0.0;0.0;0.0;0.0;0.0;0.0;0.0;0.0;0.0;0.0;0.0;0.0;0.0;0.0;0.0;0.0;0.0
Ararendá;ARARENDA;-4.7501111111111;-40.827944444444;2004;8;0.0;0.0;0.0;0.0;0.0;0.0;0.0;0.0;0.0;0.0;0.0;0.0;0.0;0.0;0.0;0.0;0.0;0.0;0.0;0.0;0.0;0.0;0.0;0.0;0.0;0.0;0.0;0.0;0.0;0.0;0.0;0.0
Ararendá;ARARENDA;-4.7501111111111;-40.827944444444;2004;9;0.0;0.0;0.0;0.0;0.0;0.0;0.0;0.0;0.0;0.0;0.0;0.0;0.0;0.0;0.0;0.0;0.0;0.0;0.0;0.0;0.0;0.0;0.0;0.0;0.0;0.0;0.0;0.0;0.0;0.0;0.0;888.0
Ararendá;ARARENDA;-4.7501111111111;-40.827944444444;2004;10;0.0;0.0;0.0;0.0;0.0;0.0;0.0;0.0;0.0;0.0;0.0;0.0;0.0;0.0;0.0;0.0;0.0;0.0;0.0;0.0;0.0;0.0;0.0;0.0;0.0;0.0;0.0;0.0;0.0;0.0;0.0;0.0
Ararendá;ARARENDA;-4.7501111111111;-40.827944444444;2004;11;0.0;0.0;0.0;0.0;0.0;0.0;0.0;0.0;0.0;0.0;0.0;0.0;0.0;0.0;0.0;0.0;0.0;0.0;0.0;0.0;0.0;0.0;0.0;0.0;0.0;0.0;0.0;0.0;0.0;0.0;0.0;888.0
Ararendá;ARARENDA;-4.7501111111111;-40.827944444444;2004;12;0.0;0.0;0.0;0.0;0.0;0.0;0.0;0.0;0.0;0.0;0.0;0.0;0.0;0.0;0.0;0.0;0.0;0.0;0.0;0.0;0.0;0.0;0.0;0.0;0.0;0.0;0.0;0.0;0.0;0.0;0.0;0.0
Ararendá;ARARENDA;-4.7501111111111;-40.827944444444;2005;1;238.2;0.0;0.0;0.0;0.0;0.0;0.0;0.0;0.0;0.0;0.0;0.0;0.0;0.0;0.0;12.0;0.0;80.2;0.0;0.0;23.0;0.0;0.0;0.0;0.0;13.0;110.0;0.0;0.0;0.0;0.0;0.0
Ararendá;ARARENDA;-4.7501111111111;-40.827944444444;2005;2;19.0;0.0;0.0;0.0;0.0;0.0;0.0;3.0;0.0;0.0;0.0;0.0;0.0;2.0;0.0;0.0;0.0;4.0;8.0;0.0;0.0;0.0;0.0;2.0;0.0;0.0;0.0;0.0;0.0;888.0;888.0;888.0
Ararendá;ARARENDA;-4.7501111111111;-40.827944444444;2005;3;284.0;0.0;0.0;0.0;0.0;0.0;0.0;0.0;0.0;0.0;0.0;0.0;0.0;0.0;0.0;0.0;0.0;0.0;28.0;16.0;0.0;0.0;26.0;0.0;23.0;27.0;18.0;35.0;38.0;0.0;28.0;45.0
Ararendá;ARARENDA;-4.7501111111111;-40.827944444444;2005;4;27.0;0.0;0.0;0.0;0.0;0.0;0.0;0.0;0.0;0.0;0.0;0.0;0.0;0.0;27.0;0.0;0.0;0.0;0.0;0.0;0.0;0.0;0.0;0.0;0.0;0.0;0.0;0.0;0.0;0.0;0.0;888.0
Ararendá;ARARENDA;-4.7501111111111;-40.827944444444;2005;5;71.4;0.0;0.0;28.0;0.0;0.0;0.0;0.0;0.0;0.0;0.0;0.0;0.0;7.8;6.5;6.5;0.0;0.0;0.0;0.0;0.0;0.0;7.2;0.0;0.0;0.0;0.0;0.0;0.0;4.2;0.0;11.2
Ararendá;ARARENDA;-4.7501111111111;-40.827944444444;2005;6;0.0;0.0;0.0;0.0;0.0;0.0;0.0;0.0;0.0;0.0;0.0;0.0;0.0;0.0;0.0;0.0;0.0;0.0;0.0;0.0;0.0;0.0;0.0;0.0;0.0;0.0;0.0;0.0;0.0;0.0;0.0;888.0
Ararendá;ARARENDA;-4.7501111111111;-40.827944444444;2005;7;0.0;0.0;0.0;0.0;0.0;0.0;0.0;0.0;0.0;0.0;0.0;0.0;0.0;0.0;0.0;0.0;0.0;0.0;0.0;0.0;0.0;0.0;0.0;0.0;0.0;0.0;0.0;0.0;0.0;0.0;0.0;0.0
Ararendá;ARARENDA;-4.7501111111111;-40.827944444444;2005;8;0.0;0.0;0.0;0.0;0.0;0.0;0.0;0.0;0.0;0.0;0.0;0.0;0.0;0.0;0.0;0.0;0.0;0.0;0.0;0.0;0.0;0.0;0.0;0.0;0.0;0.0;0.0;0.0;0.0;0.0;0.0;0.0
Ararendá;ARARENDA;-4.7501111111111;-40.827944444444;2005;9;0.0;0.0;0.0;0.0;0.0;0.0;0.0;0.0;0.0;0.0;0.0;0.0;0.0;0.0;0.0;0.0;0.0;0.0;0.0;0.0;0.0;0.0;0.0;0.0;0.0;0.0;0.0;0.0;0.0;0.0;0.0;888.0
Ararendá;ARARENDA;-4.7501111111111;-40.827944444444;2005;10;0.0;0.0;0.0;0.0;0.0;0.0;0.0;0.0;0.0;0.0;0.0;0.0;0.0;0.0;0.0;0.0;0.0;0.0;0.0;0.0;0.0;0.0;0.0;0.0;0.0;0.0;0.0;0.0;0.0;0.0;0.0;0.0
Ararendá;ARARENDA;-4.7501111111111;-40.827944444444;2005;11;0.0;0.0;0.0;0.0;0.0;0.0;0.0;0.0;0.0;0.0;0.0;0.0;0.0;0.0;0.0;0.0;0.0;0.0;0.0;0.0;0.0;0.0;0.0;0.0;0.0;0.0;0.0;0.0;0.0;0.0;0.0;888.0
Ararendá;ARARENDA;-4.7501111111111;-40.827944444444;2005;12;0.0;0.0;0.0;0.0;0.0;0.0;0.0;0.0;0.0;0.0;0.0;0.0;0.0;0.0;0.0;0.0;0.0;0.0;0.0;0.0;0.0;0.0;0.0;0.0;0.0;0.0;0.0;0.0;0.0;0.0;0.0;0.0
Ararendá;ARARENDA;-4.7501111111111;-40.827944444444;2006;1;0.0;0.0;0.0;0.0;0.0;0.0;0.0;0.0;0.0;0.0;0.0;0.0;0.0;0.0;0.0;0.0;0.0;0.0;0.0;0.0;0.0;0.0;0.0;0.0;0.0;0.0;0.0;0.0;0.0;0.0;0.0;0.0
Ararendá;ARARENDA;-4.7501111111111;-40.827944444444;2006;2;44.0;0.0;0.0;0.0;0.0;0.0;0.0;0.0;0.0;0.0;0.0;0.0;0.0;0.0;0.0;0.0;0.0;0.0;0.0;0.0;0.0;0.0;0.0;44.0;0.0;0.0;0.0;0.0;0.0;888.0;888.0;888.0
Ararendá;ARARENDA;-4.7501111111111;-40.827944444444;2006;3;170.2;55.0;20.0;28.0;0.0;0.0;0.0;0.0;0.0;0.0;0.0;0.0;0.0;0.0;0.0;6.0;27.0;0.0;0.0;0.0;0.0;0.0;0.0;0.0;3.8;0.0;12.6;8.8;5.0;0.0;2.0;2.0
Ararendá;ARARENDA;-4.7501111111111;-40.827944444444;2006;4;154.0;0.0;0.0;0.0;0.0;0.0;0.0;0.0;0.0;0.0;0.0;0.0;0.0;0.0;0.0;38.0;27.0;5.0;30.0;15.0;0.0;0.0;4.0;8.0;7.0;0.0;0.0;0.0;0.0;0.0;20.0;888.0
Ararendá;ARARENDA;-4.7501111111111;-40.827944444444;2006;5;35.8;10.0;0.0;0.0;0.0;0.0;0.0;4.0;5.2;3.4;7.2;6.0;0.0;0.0;0.0;0.0;0.0;0.0;0.0;0.0;0.0;0.0;0.0;0.0;0.0;0.0;0.0;0.0;0.0;0.0;0.0;0.0
Ararendá;ARARENDA;-4.7501111111111;-40.827944444444;2006;6;58.0;0.0;0.0;0.0;0.0;0.0;0.0;0.0;0.0;0.0;0.0;0.0;44.0;14.0;0.0;0.0;0.0;0.0;0.0;0.0;0.0;0.0;0.0;0.0;0.0;0.0;0.0;0.0;0.0;0.0;0.0;888.0
Ararendá;ARARENDA;-4.7501111111111;-40.827944444444;2006;7;0.0;0.0;0.0;0.0;0.0;0.0;0.0;0.0;0.0;0.0;0.0;0.0;0.0;0.0;0.0;0.0;0.0;0.0;0.0;0.0;0.0;0.0;0.0;0.0;0.0;0.0;0.0;0.0;0.0;0.0;0.0;0.0
Ararendá;ARARENDA;-4.7501111111111;-40.827944444444;2006;8;0.0;0.0;0.0;0.0;0.0;0.0;0.0;0.0;0.0;0.0;0.0;0.0;0.0;0.0;0.0;0.0;0.0;0.0;0.0;0.0;0.0;0.0;0.0;0.0;0.0;0.0;0.0;0.0;0.0;0.0;0.0;0.0
Ararendá;ARARENDA;-4.7501111111111;-40.827944444444;2006;9;0.0;0.0;0.0;0.0;0.0;0.0;0.0;0.0;0.0;0.0;0.0;0.0;0.0;0.0;0.0;0.0;0.0;0.0;0.0;0.0;0.0;0.0;0.0;0.0;0.0;0.0;0.0;0.0;0.0;0.0;0.0;888.0
Ararendá;ARARENDA;-4.7501111111111;-40.827944444444;2006;10;0.0;0.0;0.0;0.0;0.0;0.0;0.0;0.0;0.0;0.0;0.0;0.0;0.0;0.0;0.0;0.0;0.0;0.0;0.0;0.0;0.0;0.0;0.0;0.0;0.0;0.0;0.0;0.0;0.0;0.0;0.0;0.0
Ararendá;ARARENDA;-4.7501111111111;-40.827944444444;2006;11;0.0;0.0;0.0;0.0;0.0;0.0;0.0;0.0;0.0;0.0;0.0;0.0;0.0;0.0;0.0;0.0;0.0;0.0;0.0;0.0;0.0;0.0;0.0;0.0;0.0;0.0;0.0;0.0;0.0;0.0;0.0;888.0
Ararendá;ARARENDA;-4.7501111111111;-40.827944444444;2006;12;0.0;0.0;0.0;0.0;0.0;0.0;0.0;0.0;0.0;0.0;0.0;0.0;0.0;0.0;0.0;0.0;0.0;0.0;0.0;0.0;0.0;0.0;0.0;0.0;0.0;0.0;0.0;0.0;0.0;0.0;0.0;0.0
Ararendá;ARARENDA;-4.7501111111111;-40.827944444444;2007;1;0.0;0.0;0.0;0.0;0.0;0.0;0.0;0.0;0.0;0.0;0.0;0.0;0.0;0.0;0.0;0.0;0.0;0.0;0.0;0.0;0.0;0.0;0.0;0.0;0.0;0.0;0.0;0.0;0.0;0.0;0.0;0.0
Ararendá;ARARENDA;-4.7501111111111;-40.827944444444;2007;2;318.6;0.0;0.0;0.0;0.0;0.0;0.0;0.0;0.0;0.0;11.0;0.0;35.0;7.0;35.0;8.3;0.0;0.0;8.0;9.3;154.0;0.0;16.0;30.0;5.0;0.0;0.0;0.0;0.0;888.0;888.0;888.0
Ararendá;ARARENDA;-4.7501111111111;-40.827944444444;2007;3;97.2;0.0;25.0;0.0;0.0;0.0;0.0;3.0;4.0;8.2;12.0;0.0;0.0;0.0;0.0;0.0;0.0;0.0;0.0;0.0;0.0;0.0;45.0;0.0;0.0;0.0;0.0;0.0;0.0;0.0;0.0;0.0
Ararendá;ARARENDA;-4.7501111111111;-40.827944444444;2007;4;108.0;0.0;0.0;0.0;0.0;0.0;0.0;0.0;0.0;0.0;0.0;0.0;0.0;0.0;0.0;0.0;47.0;0.0;17.0;0.0;0.0;25.0;0.0;0.0;0.0;19.0;0.0;0.0;0.0;0.0;0.0;888.0
Ararendá;ARARENDA;-4.7501111111111;-40.827944444444;2007;5;54.0;9.0;15.0;0.0;0.0;0.0;0.0;0.0;0.0;0.0;0.0;0.0;0.0;0.0;0.0;0.0;0.0;0.0;0.0;0.0;0.0;0.0;0.0;0.0;0.0;0.0;0.0;0.0;0.0;0.0;30.0;0.0
Ararendá;ARARENDA;-4.7501111111111;-40.827944444444;2007;6;30.0;4.0;0.0;5.0;0.0;0.0;0.0;0.0;0.0;0.0;0.0;0.0;0.0;0.0;0.0;0.0;0.0;0.0;21.0;0.0;0.0;0.0;0.0;0.0;0.0;0.0;0.0;0.0;0.0;0.0;0.0;888.0
Ararendá;ARARENDA;-4.7501111111111;-40.827944444444;2007;7;0.0;0.0;0.0;0.0;0.0;0.0;0.0;0.0;0.0;0.0;0.0;0.0;0.0;0.0;0.0;0.0;0.0;0.0;0.0;0.0;0.0;0.0;0.0;0.0;0.0;0.0;0.0;0.0;0.0;0.0;0.0;0.0
Ararendá;ARARENDA;-4.7501111111111;-40.827944444444;2007;8;0.0;0.0;0.0;0.0;0.0;0.0;0.0;0.0;0.0;0.0;0.0;0.0;0.0;0.0;0.0;0.0;0.0;0.0;0.0;0.0;0.0;0.0;0.0;0.0;0.0;0.0;0.0;0.0;0.0;0.0;0.0;0.0
Ararendá;ARARENDA;-4.7501111111111;-40.827944444444;2007;9;0.0;0.0;0.0;0.0;0.0;0.0;0.0;0.0;0.0;0.0;0.0;0.0;0.0;0.0;0.0;0.0;0.0;0.0;0.0;0.0;0.0;0.0;0.0;0.0;0.0;0.0;0.0;0.0;0.0;0.0;0.0;888.0
Ararendá;ARARENDA;-4.7501111111111;-40.827944444444;2007;10;0.0;0.0;0.0;0.0;0.0;0.0;0.0;0.0;0.0;0.0;0.0;0.0;0.0;0.0;0.0;0.0;0.0;0.0;0.0;0.0;0.0;0.0;0.0;0.0;0.0;0.0;0.0;0.0;0.0;0.0;0.0;0.0
Ararendá;ARARENDA;-4.7501111111111;-40.827944444444;2007;11;0.0;0.0;0.0;0.0;0.0;0.0;0.0;0.0;0.0;0.0;0.0;0.0;0.0;0.0;0.0;0.0;0.0;0.0;0.0;0.0;0.0;0.0;0.0;0.0;0.0;0.0;0.0;0.0;0.0;0.0;0.0;888.0
Ararendá;ARARENDA;-4.7501111111111;-40.827944444444;2007;12;74.0;0.0;0.0;0.0;0.0;0.0;0.0;0.0;0.0;0.0;0.0;999.0;0.0;0.0;0.0;70.0;4.0;0.0;0.0;0.0;0.0;0.0;0.0;0.0;0.0;0.0;0.0;0.0;0.0;0.0;0.0;0.0
Ararendá;ARARENDA;-4.7501111111111;-40.827944444444;2008;1;36.0;0.0;0.0;0.0;0.0;0.0;0.0;0.0;0.0;0.0;0.0;0.0;0.0;0.0;0.0;7.0;0.0;0.0;0.0;0.0;0.0;0.0;0.0;0.0;0.0;0.0;0.0;0.0;29.0;0.0;0.0;0.0
Ararendá;ARARENDA;-4.7501111111111;-40.827944444444;2008;2;44.0;20.0;0.0;0.0;0.0;0.0;0.0;0.0;0.0;0.0;0.0;0.0;0.0;0.0;0.0;0.0;0.0;24.0;0.0;0.0;0.0;0.0;0.0;0.0;0.0;0.0;0.0;0.0;0.0;0.0;888.0;888.0
Ararendá;ARARENDA;-4.7501111111111;-40.827944444444;2008;3;208.0;0.0;0.0;0.0;0.0;2.0;0.0;0.0;0.0;29.0;0.0;0.0;0.0;0.0;0.0;0.0;0.0;35.0;0.0;0.0;0.0;0.0;0.0;10.0;0.0;0.0;52.0;0.0;80.0;0.0;0.0;0.0
Ararendá;ARARENDA;-4.7501111111111;-40.827944444444;2008;4;40.0;0.0;0.0;0.0;0.0;0.0;0.0;0.0;0.0;0.0;0.0;0.0;0.0;40.0;0.0;0.0;0.0;0.0;0.0;0.0;0.0;0.0;0.0;0.0;0.0;0.0;0.0;0.0;0.0;0.0;0.0;888.0
Ararendá;ARARENDA;-4.7501111111111;-40.827944444444;2008;5;0.0;0.0;0.0;0.0;0.0;0.0;0.0;0.0;0.0;0.0;0.0;0.0;0.0;0.0;0.0;0.0;0.0;0.0;0.0;0.0;0.0;0.0;0.0;0.0;0.0;0.0;0.0;0.0;0.0;0.0;0.0;0.0
Ararendá;ARARENDA;-4.7501111111111;-40.827944444444;2008;6;0.0;0.0;0.0;0.0;0.0;0.0;0.0;0.0;0.0;0.0;0.0;0.0;0.0;0.0;0.0;0.0;0.0;0.0;0.0;0.0;0.0;0.0;0.0;0.0;0.0;0.0;0.0;0.0;0.0;0.0;0.0;888.0
Ararendá;ARARENDA;-4.7501111111111;-40.827944444444;2008;7;0.0;0.0;0.0;0.0;0.0;0.0;0.0;0.0;0.0;0.0;0.0;0.0;0.0;0.0;0.0;0.0;0.0;0.0;0.0;0.0;0.0;0.0;0.0;0.0;0.0;0.0;0.0;0.0;0.0;0.0;0.0;0.0
Ararendá;ARARENDA;-4.7501111111111;-40.827944444444;2008;8;0.0;0.0;0.0;0.0;0.0;0.0;0.0;0.0;0.0;0.0;0.0;0.0;0.0;0.0;0.0;0.0;0.0;0.0;0.0;0.0;0.0;0.0;0.0;0.0;0.0;0.0;0.0;0.0;0.0;0.0;0.0;0.0
Ararendá;ARARENDA;-4.7501111111111;-40.827944444444;2008;9;0.0;0.0;0.0;0.0;0.0;0.0;0.0;0.0;0.0;0.0;0.0;0.0;0.0;0.0;0.0;0.0;0.0;0.0;0.0;0.0;0.0;0.0;0.0;0.0;0.0;0.0;0.0;0.0;0.0;0.0;0.0;888.0
Ararendá;ARARENDA;-4.7501111111111;-40.827944444444;2008;10;0.0;0.0;0.0;0.0;0.0;0.0;0.0;0.0;0.0;0.0;0.0;0.0;0.0;0.0;0.0;0.0;0.0;0.0;0.0;0.0;0.0;0.0;0.0;0.0;0.0;0.0;0.0;0.0;0.0;0.0;0.0;0.0
Ararendá;ARARENDA;-4.7501111111111;-40.827944444444;2008;11;0.0;0.0;0.0;0.0;0.0;0.0;0.0;0.0;0.0;0.0;0.0;0.0;0.0;0.0;0.0;0.0;0.0;0.0;0.0;0.0;0.0;0.0;0.0;0.0;0.0;0.0;0.0;0.0;0.0;0.0;0.0;888.0
Ararendá;ARARENDA;-4.7501111111111;-40.827944444444;2008;12;0.0;0.0;0.0;0.0;0.0;0.0;0.0;0.0;0.0;0.0;0.0;0.0;0.0;0.0;0.0;0.0;0.0;0.0;0.0;0.0;0.0;0.0;0.0;0.0;0.0;0.0;0.0;0.0;0.0;0.0;0.0;0.0
Ararendá;ARARENDA;-4.7501111111111;-40.827944444444;2009;1;120.0;0.0;0.0;0.0;0.0;0.0;0.0;0.0;0.0;0.0;0.0;0.0;0.0;0.0;0.0;0.0;0.0;0.0;0.0;0.0;41.0;0.0;0.0;0.0;0.0;27.0;0.0;0.0;27.0;0.0;0.0;25.0
Ararendá;ARARENDA;-4.7501111111111;-40.827944444444;2009;2;174.4;0.0;19.0;0.0;22.0;0.0;0.0;0.0;0.0;0.0;0.0;0.0;0.0;78.0;0.0;0.0;0.0;15.2;0.0;0.0;9.2;0.0;0.0;0.0;0.0;0.0;31.0;0.0;0.0;888.0;888.0;888.0
Ararendá;ARARENDA;-4.7501111111111;-40.827944444444;2009;3;221.5;14.0;9.5;25.0;16.0;20.0;0.0;0.0;0.0;0.0;0.0;0.0;0.0;0.0;17.0;26.0;0.0;19.0;17.5;0.0;0.0;9.0;0.0;4.0;38.0;0.0;0.0;0.0;0.0;0.0;0.0;6.5
Ararendá;ARARENDA;-4.7501111111111;-40.827944444444;2009;4;183.0;0.0;0.0;8.4;5.0;0.0;0.0;0.0;0.0;17.0;0.0;55.0;5.0;6.6;0.0;0.0;0.0;0.0;0.0;0.0;0.0;0.0;0.0;38.0;7.0;0.0;0.0;0.0;9.0;7.0;25.0;888.0
Ararendá;ARARENDA;-4.7501111111111;-40.827944444444;2009;5;308.5;20.0;25.0;0.0;10.0;0.0;0.0;13.0;12.0;11.0;22.0;0.0;41.0;0.0;5.0;6.0;0.0;15.0;0.0;25.0;23.0;0.0;14.5;5.0;13.0;0.0;16.0;11.0;21.0;0.0;0.0;0.0
Ararendá;ARARENDA;-4.7501111111111;-40.827944444444;2009;6;32.0;0.0;0.0;16.0;0.0;12.0;0.0;0.0;0.0;0.0;0.0;0.0;0.0;0.0;0.0;0.0;0.0;0.0;0.0;0.0;0.0;0.0;0.0;0.0;0.0;0.0;0.0;4.0;0.0;0.0;0.0;888.0
Ararendá;ARARENDA;-4.7501111111111;-40.827944444444;2009;7;0.0;0.0;0.0;0.0;0.0;0.0;0.0;0.0;0.0;0.0;0.0;0.0;0.0;0.0;0.0;0.0;0.0;0.0;0.0;0.0;0.0;0.0;0.0;0.0;0.0;0.0;0.0;0.0;0.0;0.0;0.0;0.0
Ararendá;ARARENDA;-4.7501111111111;-40.827944444444;2009;8;0.0;0.0;0.0;0.0;0.0;0.0;0.0;0.0;0.0;0.0;0.0;0.0;0.0;0.0;0.0;0.0;0.0;0.0;0.0;0.0;0.0;0.0;0.0;0.0;0.0;0.0;0.0;0.0;0.0;0.0;0.0;0.0
Ararendá;ARARENDA;-4.7501111111111;-40.827944444444;2009;9;0.0;0.0;0.0;0.0;0.0;0.0;0.0;0.0;0.0;0.0;0.0;0.0;0.0;0.0;0.0;0.0;0.0;0.0;0.0;0.0;0.0;0.0;0.0;0.0;0.0;0.0;0.0;0.0;0.0;0.0;0.0;888.0
Ararendá;ARARENDA;-4.7501111111111;-40.827944444444;2009;10;0.0;0.0;0.0;0.0;0.0;0.0;0.0;0.0;0.0;0.0;0.0;0.0;0.0;0.0;0.0;0.0;0.0;0.0;0.0;0.0;0.0;0.0;0.0;0.0;0.0;0.0;0.0;0.0;0.0;0.0;0.0;0.0
Ararendá;ARARENDA;-4.7501111111111;-40.827944444444;2009;11;0.0;0.0;0.0;0.0;0.0;0.0;0.0;0.0;0.0;0.0;0.0;0.0;0.0;0.0;0.0;0.0;0.0;0.0;0.0;0.0;0.0;0.0;0.0;0.0;0.0;0.0;0.0;0.0;0.0;0.0;0.0;888.0
Ararendá;ARARENDA;-4.7501111111111;-40.827944444444;2009;12;17.0;0.0;0.0;0.0;0.0;0.0;0.0;0.0;0.0;0.0;0.0;0.0;0.0;0.0;0.0;0.0;0.0;0.0;0.0;0.0;0.0;0.0;0.0;0.0;0.0;0.0;12.0;5.0;0.0;0.0;0.0;0.0
Ararendá;ARARENDA;-4.7501111111111;-40.827944444444;2010;1;88.0;65.0;9.0;0.0;0.0;0.0;0.0;0.0;0.0;0.0;0.0;0.0;0.0;0.0;0.0;0.0;0.0;0.0;4.5;0.0;9.5;0.0;0.0;0.0;0.0;0.0;0.0;0.0;0.0;0.0;0.0;0.0
Ararendá;ARARENDA;-4.7501111111111;-40.827944444444;2010;2;9.0;0.0;0.0;0.0;0.0;0.0;0.0;0.0;0.0;0.0;9.0;0.0;0.0;0.0;0.0;0.0;0.0;0.0;0.0;0.0;0.0;0.0;0.0;0.0;0.0;0.0;0.0;0.0;0.0;888.0;888.0;888.0
Ararendá;ARARENDA;-4.7501111111111;-40.827944444444;2010;3;83.0;0.0;0.0;0.0;0.0;0.0;0.0;0.0;3.0;0.0;0.0;0.0;0.0;5.0;0.0;0.0;0.0;0.0;0.0;8.0;2.0;9.5;0.0;0.0;1.0;8.0;0.0;25.0;15.0;1.0;5.5;0.0
Ararendá;ARARENDA;-4.7501111111111;-40.827944444444;2010;4;131.5;2.5;0.0;0.0;0.0;0.0;0.0;11.0;0.0;40.0;0.0;60.0;15.0;0.0;0.0;0.0;0.0;0.0;0.0;0.0;0.0;0.0;0.0;0.0;0.0;0.0;0.0;0.0;0.0;3.0;0.0;888.0
Ararendá;ARARENDA;-4.7501111111111;-40.827944444444;2010;5;4.0;0.0;0.0;0.0;2.0;0.0;0.0;0.0;2.0;0.0;0.0;0.0;0.0;0.0;0.0;0.0;0.0;0.0;0.0;0.0;0.0;0.0;0.0;0.0;0.0;0.0;0.0;0.0;0.0;0.0;0.0;0.0
Ararendá;ARARENDA;-4.7501111111111;-40.827944444444;2010;6;0.0;0.0;0.0;0.0;0.0;0.0;0.0;0.0;0.0;0.0;0.0;0.0;0.0;0.0;0.0;0.0;0.0;0.0;0.0;0.0;0.0;0.0;0.0;0.0;0.0;0.0;0.0;0.0;0.0;0.0;0.0;888.0
Ararendá;ARARENDA;-4.7501111111111;-40.827944444444;2010;7;0.0;0.0;0.0;0.0;0.0;0.0;0.0;0.0;0.0;0.0;0.0;0.0;0.0;0.0;0.0;0.0;0.0;0.0;0.0;0.0;0.0;0.0;0.0;0.0;0.0;0.0;0.0;0.0;0.0;0.0;0.0;0.0
Ararendá;ARARENDA;-4.7501111111111;-40.827944444444;2010;8;0.0;0.0;0.0;0.0;0.0;0.0;0.0;0.0;0.0;0.0;0.0;0.0;0.0;0.0;0.0;0.0;0.0;0.0;0.0;0.0;0.0;0.0;0.0;0.0;0.0;0.0;0.0;0.0;0.0;0.0;0.0;0.0
Ararendá;ARARENDA;-4.7501111111111;-40.827944444444;2010;9;0.0;0.0;0.0;0.0;0.0;0.0;0.0;0.0;0.0;0.0;0.0;0.0;0.0;0.0;0.0;0.0;0.0;0.0;0.0;0.0;0.0;0.0;0.0;0.0;0.0;0.0;0.0;0.0;0.0;0.0;0.0;888.0
Ararendá;ARARENDA;-4.7501111111111;-40.827944444444;2010;10;0.0;0.0;0.0;0.0;0.0;0.0;0.0;0.0;0.0;0.0;0.0;0.0;0.0;0.0;0.0;0.0;0.0;0.0;0.0;0.0;0.0;0.0;0.0;0.0;0.0;0.0;0.0;0.0;0.0;0.0;0.0;0.0
Ararendá;ARARENDA;-4.7501111111111;-40.827944444444;2010;11;0.0;0.0;0.0;0.0;0.0;0.0;0.0;0.0;0.0;0.0;0.0;0.0;0.0;0.0;0.0;0.0;0.0;0.0;0.0;0.0;0.0;0.0;0.0;0.0;0.0;0.0;0.0;0.0;0.0;0.0;0.0;888.0
Ararendá;ARARENDA;-4.7501111111111;-40.827944444444;2010;12;77.0;0.0;0.0;0.0;0.0;0.0;0.0;0.0;0.0;0.0;0.0;0.0;0.0;0.0;0.0;0.0;0.0;62.0;0.0;15.0;0.0;0.0;0.0;0.0;0.0;0.0;0.0;0.0;0.0;0.0;0.0;0.0
Ararendá;ARARENDA;-4.7501111111111;-40.827944444444;2011;1;183.0;0.0;0.0;0.0;8.0;0.0;0.0;0.0;0.0;0.0;20.0;0.0;0.0;0.0;0.0;0.0;0.0;0.0;0.0;0.0;4.5;8.0;0.0;0.0;36.0;8.0;35.5;0.0;63.0;0.0;0.0;0.0
Ararendá;ARARENDA;-4.7501111111111;-40.827944444444;2011;2;151.5;17.0;0.0;0.0;6.0;0.0;0.0;0.0;0.0;0.0;0.0;3.5;0.0;0.0;23.0;0.0;0.0;0.0;8.0;0.0;0.0;0.0;26.0;0.0;0.0;0.0;20.0;22.0;26.0;888.0;888.0;888.0
Ararendá;ARARENDA;-4.7501111111111;-40.827944444444;2011;3;175.5;32.0;0.0;0.0;0.0;0.0;17.0;45.0;0.0;18.0;0.0;6.5;0.0;0.0;0.0;10.0;0.0;0.0;0.0;6.0;0.0;0.0;10.5;0.0;0.0;0.0;0.0;0.0;16.0;12.0;2.5;0.0
Ararendá;ARARENDA;-4.7501111111111;-40.827944444444;2011;4;195.0;0.0;4.0;0.0;0.0;0.0;0.0;0.0;0.0;0.0;0.0;13.0;3.0;2.0;5.0;8.0;8.0;0.0;0.0;0.0;0.0;0.0;75.0;12.0;0.0;19.0;24.0;7.5;11.0;3.5;0.0;888.0
Ararendá;ARARENDA;-4.7501111111111;-40.827944444444;2011;5;231.2;8.0;0.0;0.0;30.0;3.0;27.0;0.0;0.0;0.0;0.0;103.0;0.0;0.0;0.0;0.0;0.0;16.2;2.0;0.0;7.0;30.0;0.0;0.0;4.0;0.0;0.0;0.0;0.0;0.0;1.0;0.0
Ararendá;ARARENDA;-4.7501111111111;-40.827944444444;2011;6;19.0;0.0;0.0;0.0;0.0;0.0;0.0;0.0;0.0;0.0;0.0;0.0;0.0;0.0;0.0;0.0;0.0;0.0;19.0;0.0;0.0;0.0;0.0;0.0;0.0;0.0;0.0;0.0;0.0;0.0;0.0;888.0
Ararendá;ARARENDA;-4.7501111111111;-40.827944444444;2011;7;15.0;0.0;0.0;0.0;0.0;6.0;0.0;0.0;0.0;0.0;0.0;0.0;4.0;5.0;0.0;0.0;0.0;0.0;0.0;0.0;0.0;0.0;0.0;0.0;0.0;0.0;0.0;0.0;0.0;0.0;0.0;0.0
Ararendá;ARARENDA;-4.7501111111111;-40.827944444444;2011;8;0.0;0.0;0.0;0.0;0.0;0.0;0.0;0.0;0.0;0.0;0.0;0.0;0.0;0.0;0.0;0.0;0.0;0.0;0.0;0.0;0.0;0.0;0.0;0.0;0.0;0.0;0.0;0.0;0.0;0.0;0.0;0.0
Ararendá;ARARENDA;-4.7501111111111;-40.827944444444;2011;9;0.0;0.0;0.0;0.0;0.0;0.0;0.0;0.0;0.0;0.0;0.0;0.0;0.0;0.0;0.0;0.0;0.0;0.0;0.0;0.0;0.0;0.0;0.0;0.0;0.0;0.0;0.0;0.0;0.0;0.0;0.0;888.0
Ararendá;ARARENDA;-4.7501111111111;-40.827944444444;2011;10;0.0;0.0;0.0;0.0;0.0;0.0;0.0;0.0;0.0;0.0;0.0;0.0;0.0;0.0;0.0;0.0;0.0;0.0;0.0;0.0;0.0;0.0;0.0;0.0;0.0;0.0;0.0;0.0;0.0;0.0;0.0;0.0
Ararendá;ARARENDA;-4.7501111111111;-40.827944444444;2011;11;0.0;0.0;0.0;0.0;0.0;0.0;0.0;0.0;0.0;0.0;0.0;0.0;0.0;0.0;0.0;0.0;0.0;0.0;0.0;0.0;0.0;0.0;0.0;0.0;0.0;0.0;0.0;0.0;0.0;0.0;0.0;888.0
Ararendá;ARARENDA;-4.7501111111111;-40.827944444444;2011;12;0.0;0.0;0.0;0.0;0.0;0.0;0.0;0.0;0.0;0.0;0.0;0.0;0.0;0.0;0.0;0.0;0.0;0.0;0.0;0.0;0.0;0.0;0.0;0.0;0.0;0.0;0.0;0.0;0.0;0.0;0.0;0.0
Ararendá;ARARENDA;-4.7501111111111;-40.827944444444;2012;1;64.0;0.0;0.0;0.0;0.0;0.0;0.0;0.0;0.0;0.0;0.0;0.0;0.0;0.0;0.0;0.0;0.0;0.0;0.0;0.0;0.0;0.0;0.0;0.0;0.0;64.0;0.0;0.0;0.0;0.0;0.0;0.0
Ararendá;ARARENDA;-4.7501111111111;-40.827944444444;2012;2;57.0;0.0;0.0;0.0;0.0;0.0;0.0;0.0;0.0;0.0;0.0;0.0;0.0;0.0;0.0;0.0;15.0;0.0;0.0;0.0;0.0;0.0;0.0;0.0;0.0;0.0;0.0;0.0;42.0;0.0;888.0;888.0
Ararendá;ARARENDA;-4.7501111111111;-40.827944444444;2012;3;45.0;0.0;0.0;0.0;0.0;0.0;0.0;0.0;0.0;0.0;0.0;0.0;22.0;0.0;0.0;0.0;0.0;0.0;0.0;0.0;0.0;0.0;15.0;8.0;0.0;0.0;0.0;0.0;0.0;0.0;0.0;0.0
Ararendá;ARARENDA;-4.7501111111111;-40.827944444444;2012;4;10.0;0.0;0.0;0.0;0.0;0.0;0.0;0.0;0.0;0.0;0.0;0.0;0.0;0.0;0.0;0.0;0.0;0.0;10.0;0.0;0.0;0.0;0.0;0.0;0.0;0.0;0.0;0.0;0.0;0.0;0.0;888.0
Ararendá;ARARENDA;-4.7501111111111;-40.827944444444;2012;5;0.0;0.0;0.0;0.0;0.0;0.0;0.0;0.0;0.0;0.0;0.0;0.0;0.0;0.0;0.0;0.0;0.0;0.0;0.0;0.0;0.0;0.0;0.0;0.0;0.0;0.0;0.0;0.0;0.0;0.0;0.0;0.0
Ararendá;ARARENDA;-4.7501111111111;-40.827944444444;2012;6;0.0;0.0;0.0;0.0;0.0;0.0;0.0;0.0;0.0;0.0;0.0;0.0;0.0;0.0;0.0;0.0;0.0;0.0;0.0;0.0;0.0;0.0;0.0;0.0;0.0;0.0;0.0;0.0;0.0;0.0;0.0;888.0
Ararendá;ARARENDA;-4.7501111111111;-40.827944444444;2012;7;0.0;0.0;0.0;0.0;0.0;0.0;0.0;0.0;0.0;0.0;0.0;0.0;0.0;0.0;0.0;0.0;0.0;0.0;0.0;0.0;0.0;0.0;0.0;0.0;0.0;0.0;0.0;0.0;0.0;0.0;0.0;0.0
Ararendá;ARARENDA;-4.7501111111111;-40.827944444444;2012;8;0.0;0.0;0.0;0.0;0.0;0.0;0.0;0.0;0.0;0.0;0.0;0.0;0.0;0.0;0.0;0.0;0.0;0.0;0.0;0.0;0.0;0.0;0.0;0.0;0.0;0.0;0.0;0.0;0.0;0.0;0.0;0.0
Ararendá;ARARENDA;-4.7501111111111;-40.827944444444;2012;9;0.0;0.0;0.0;0.0;0.0;0.0;0.0;0.0;0.0;0.0;0.0;0.0;0.0;0.0;0.0;0.0;0.0;0.0;0.0;0.0;0.0;0.0;0.0;0.0;0.0;0.0;0.0;0.0;0.0;0.0;0.0;888.0
Ararendá;ARARENDA;-4.7501111111111;-40.827944444444;2012;10;0.0;0.0;0.0;0.0;0.0;0.0;0.0;0.0;0.0;0.0;0.0;0.0;0.0;0.0;0.0;0.0;0.0;0.0;0.0;0.0;0.0;0.0;0.0;0.0;0.0;0.0;0.0;0.0;0.0;0.0;0.0;0.0
Ararendá;ARARENDA;-4.7501111111111;-40.827944444444;2012;11;0.0;0.0;0.0;0.0;0.0;0.0;0.0;0.0;0.0;0.0;0.0;0.0;0.0;0.0;0.0;0.0;0.0;0.0;0.0;0.0;0.0;0.0;0.0;0.0;0.0;0.0;0.0;0.0;0.0;0.0;0.0;888.0
Ararendá;ARARENDA;-4.7501111111111;-40.827944444444;2012;12;0.0;0.0;0.0;0.0;0.0;0.0;0.0;0.0;0.0;0.0;0.0;0.0;0.0;0.0;0.0;0.0;0.0;0.0;0.0;0.0;0.0;0.0;0.0;0.0;0.0;0.0;0.0;0.0;0.0;0.0;0.0;0.0
Ararendá;ARARENDA;-4.7501111111111;-40.827944444444;2013;1;21.0;0.0;0.0;0.0;0.0;0.0;0.0;0.0;0.0;0.0;0.0;21.0;0.0;0.0;0.0;0.0;0.0;0.0;0.0;0.0;0.0;0.0;0.0;0.0;0.0;0.0;0.0;0.0;0.0;0.0;0.0;0.0
Ararendá;ARARENDA;-4.7501111111111;-40.827944444444;2013;2;10.0;0.0;0.0;0.0;0.0;0.0;0.0;0.0;0.0;0.0;0.0;0.0;0.0;0.0;10.0;0.0;0.0;0.0;0.0;0.0;0.0;0.0;0.0;0.0;0.0;0.0;0.0;0.0;0.0;888.0;888.0;888.0
Ararendá;ARARENDA;-4.7501111111111;-40.827944444444;2013;3;93.0;0.0;0.0;0.0;0.0;0.0;0.0;0.0;0.0;0.0;0.0;0.0;0.0;0.0;0.0;0.0;0.0;18.0;0.0;27.0;0.0;2.0;0.0;17.0;0.0;0.0;0.0;29.0;0.0;0.0;0.0;0.0
Ararendá;ARARENDA;-4.7501111111111;-40.827944444444;2013;4;95.0;0.0;0.0;0.0;0.0;0.0;0.0;0.0;0.0;0.0;0.0;0.0;0.0;0.0;0.0;0.0;0.0;13.0;0.0;31.0;24.0;4.0;0.0;0.0;0.0;0.0;0.0;0.0;0.0;0.0;23.0;888.0
Ararendá;ARARENDA;-4.7501111111111;-40.827944444444;2013;5;66.0;0.0;0.0;0.0;0.0;0.0;0.0;5.0;0.0;22.0;18.0;0.0;0.0;0.0;0.0;21.0;0.0;0.0;0.0;0.0;0.0;0.0;0.0;0.0;0.0;0.0;0.0;0.0;0.0;0.0;0.0;0.0
Ararendá;ARARENDA;-4.7501111111111;-40.827944444444;2013;6;78.0;0.0;0.0;0.0;0.0;0.0;0.0;0.0;0.0;0.0;0.0;0.0;0.0;5.0;0.0;37.0;0.0;0.0;0.0;0.0;0.0;36.0;0.0;0.0;0.0;0.0;0.0;0.0;0.0;0.0;0.0;888.0
Ararendá;ARARENDA;-4.7501111111111;-40.827944444444;2013;7;18.5;0.0;0.0;18.5;0.0;0.0;0.0;0.0;0.0;0.0;0.0;0.0;0.0;0.0;0.0;0.0;0.0;0.0;0.0;0.0;0.0;0.0;0.0;0.0;0.0;0.0;0.0;0.0;0.0;0.0;0.0;0.0
Ararendá;ARARENDA;-4.7501111111111;-40.827944444444;2013;8;0.0;0.0;0.0;0.0;0.0;0.0;0.0;0.0;0.0;0.0;0.0;0.0;0.0;0.0;0.0;0.0;0.0;0.0;0.0;0.0;0.0;0.0;0.0;0.0;0.0;0.0;0.0;0.0;0.0;0.0;0.0;0.0
Ararendá;ARARENDA;-4.7501111111111;-40.827944444444;2013;9;0.0;0.0;0.0;0.0;0.0;0.0;0.0;0.0;0.0;0.0;0.0;0.0;0.0;0.0;0.0;0.0;0.0;0.0;0.0;0.0;0.0;0.0;0.0;0.0;0.0;0.0;0.0;0.0;0.0;0.0;0.0;888.0
Ararendá;ARARENDA;-4.7501111111111;-40.827944444444;2013;10;0.0;0.0;0.0;0.0;0.0;0.0;0.0;0.0;0.0;0.0;0.0;0.0;0.0;0.0;0.0;0.0;0.0;0.0;0.0;0.0;0.0;0.0;0.0;0.0;0.0;0.0;0.0;0.0;0.0;0.0;0.0;0.0
Ararendá;ARARENDA;-4.7501111111111;-40.827944444444;2013;11;5.0;0.0;0.0;0.0;5.0;0.0;0.0;0.0;0.0;0.0;0.0;0.0;0.0;0.0;0.0;0.0;0.0;0.0;0.0;0.0;0.0;0.0;0.0;0.0;0.0;0.0;0.0;0.0;0.0;0.0;0.0;888.0
Ararendá;ARARENDA;-4.7501111111111;-40.827944444444;2013;12;14.0;0.0;0.0;0.0;0.0;0.0;0.0;0.0;0.0;0.0;0.0;0.0;0.0;0.0;0.0;0.0;0.0;0.0;0.0;0.0;14.0;0.0;0.0;0.0;0.0;0.0;0.0;0.0;0.0;0.0;0.0;0.0
Ararendá;ARARENDA;-4.7501111111111;-40.827944444444;2014;1;34.0;0.0;0.0;0.0;0.0;14.0;0.0;0.0;0.0;0.0;0.0;0.0;0.0;0.0;0.0;0.0;0.0;0.0;0.0;0.0;20.0;0.0;0.0;0.0;0.0;0.0;0.0;0.0;0.0;0.0;0.0;0.0
Ararendá;ARARENDA;-4.7501111111111;-40.827944444444;2014;2;114.0;0.0;8.0;0.0;0.0;0.0;0.0;0.0;0.0;0.0;0.0;0.0;0.0;0.0;0.0;30.0;28.0;39.0;0.0;0.0;9.0;0.0;0.0;0.0;0.0;0.0;0.0;0.0;0.0;888.0;888.0;888.0
Ararendá;ARARENDA;-4.7501111111111;-40.827944444444;2014;3;258.0;0.0;0.0;0.0;0.0;0.0;55.0;6.0;25.0;38.0;10.0;7.0;21.0;5.0;25.0;22.0;20.0;4.0;0.0;0.0;0.0;0.0;0.0;0.0;0.0;0.0;0.0;0.0;0.0;0.0;0.0;20.0
Ararendá;ARARENDA;-4.7501111111111;-40.827944444444;2014;4;157.0;5.0;20.0;3.0;22.0;15.0;8.0;18.0;15.0;0.0;3.0;9.0;0.0;0.0;0.0;3.0;5.0;0.0;5.0;3.0;21.0;0.0;0.0;0.0;0.0;0.0;0.0;0.0;2.0;0.0;0.0;888.0
Ararendá;ARARENDA;-4.7501111111111;-40.827944444444;2014;5;24.6;2.0;0.0;9.0;0.0;0.0;0.0;0.0;0.0;0.0;0.0;0.0;0.0;0.0;0.0;0.0;0.0;0.0;0.0;13.6;0.0;0.0;0.0;0.0;0.0;0.0;0.0;0.0;0.0;0.0;0.0;0.0
Ararendá;ARARENDA;-4.7501111111111;-40.827944444444;2014;6;5.0;0.0;0.0;0.0;0.0;0.0;0.0;0.0;0.0;0.0;5.0;0.0;0.0;0.0;0.0;0.0;0.0;0.0;0.0;0.0;0.0;0.0;0.0;0.0;0.0;0.0;0.0;0.0;0.0;0.0;0.0;888.0
Ararendá;ARARENDA;-4.7501111111111;-40.827944444444;2014;7;0.0;0.0;0.0;0.0;0.0;0.0;0.0;0.0;0.0;0.0;0.0;0.0;0.0;0.0;0.0;0.0;0.0;0.0;0.0;0.0;0.0;0.0;0.0;0.0;0.0;0.0;0.0;0.0;0.0;0.0;0.0;0.0
Ararendá;ARARENDA;-4.7501111111111;-40.827944444444;2014;8;0.0;0.0;0.0;0.0;0.0;0.0;0.0;0.0;0.0;0.0;0.0;0.0;0.0;0.0;0.0;0.0;0.0;0.0;0.0;0.0;0.0;0.0;0.0;0.0;0.0;0.0;0.0;0.0;0.0;0.0;0.0;0.0
Ararendá;ARARENDA;-4.7501111111111;-40.827944444444;2014;9;0.0;0.0;0.0;0.0;0.0;0.0;0.0;0.0;0.0;0.0;0.0;0.0;0.0;0.0;0.0;0.0;0.0;0.0;0.0;0.0;0.0;0.0;0.0;0.0;0.0;0.0;0.0;0.0;0.0;0.0;0.0;888.0
Ararendá;ARARENDA;-4.7501111111111;-40.827944444444;2014;10;36.0;31.0;5.0;0.0;0.0;0.0;0.0;0.0;0.0;0.0;0.0;0.0;0.0;0.0;0.0;0.0;0.0;0.0;0.0;0.0;0.0;0.0;0.0;0.0;0.0;0.0;0.0;0.0;0.0;0.0;0.0;0.0
Ararendá;ARARENDA;-4.7501111111111;-40.827944444444;2014;11;9.0;0.0;0.0;0.0;0.0;0.0;0.0;0.0;0.0;0.0;0.0;0.0;0.0;0.0;0.0;0.0;0.0;0.0;0.0;9.0;0.0;0.0;0.0;0.0;0.0;0.0;0.0;0.0;0.0;0.0;0.0;888.0
Ararendá;ARARENDA;-4.7501111111111;-40.827944444444;2014;12;0.0;0.0;0.0;0.0;0.0;0.0;0.0;0.0;0.0;0.0;0.0;0.0;0.0;0.0;0.0;0.0;0.0;0.0;0.0;0.0;0.0;0.0;0.0;0.0;0.0;0.0;0.0;0.0;0.0;0.0;0.0;0.0
Ararendá;ARARENDA;-4.7501111111111;-40.827944444444;2015;1;18.0;0.0;12.0;0.0;6.0;0.0;0.0;0.0;0.0;0.0;0.0;0.0;0.0;0.0;0.0;0.0;0.0;0.0;0.0;0.0;0.0;0.0;0.0;0.0;0.0;0.0;0.0;0.0;0.0;0.0;0.0;0.0
Ararendá;ARARENDA;-4.7501111111111;-40.827944444444;2015;2;142.2;0.0;0.0;4.0;22.0;15.2;0.0;0.0;0.0;0.0;0.0;0.0;0.0;0.0;0.0;0.0;0.0;16.0;0.0;0.0;0.0;0.0;17.0;44.0;10.0;0.0;2.0;0.0;12.0;888.0;888.0;888.0
Ararendá;ARARENDA;-4.7501111111111;-40.827944444444;2015;3;162.0;9.0;0.0;8.0;0.0;5.0;0.0;8.0;0.0;0.0;3.0;14.0;0.0;0.0;0.0;0.0;0.0;0.0;0.0;0.0;0.0;0.0;0.0;83.0;14.0;0.0;0.0;0.0;0.0;3.0;0.0;15.0
Ararendá;ARARENDA;-4.7501111111111;-40.827944444444;2015;4;98.0;0.0;0.0;0.0;14.0;0.0;0.0;0.0;0.0;9.0;0.0;0.0;14.0;0.0;0.0;0.0;0.0;10.0;11.0;40.0;0.0;0.0;0.0;0.0;0.0;0.0;0.0;0.0;0.0;0.0;0.0;888.0
Ararendá;ARARENDA;-4.7501111111111;-40.827944444444;2015;5;38.0;0.0;0.0;0.0;0.0;0.0;0.0;18.0;0.0;0.0;0.0;0.0;0.0;0.0;0.0;0.0;0.0;0.0;0.0;0.0;16.0;0.0;0.0;0.0;0.0;0.0;0.0;0.0;0.0;4.0;0.0;0.0
Ararendá;ARARENDA;-4.7501111111111;-40.827944444444;2015;6;33.0;0.0;0.0;0.0;0.0;0.0;30.0;0.0;3.0;0.0;0.0;0.0;0.0;0.0;0.0;0.0;0.0;0.0;0.0;0.0;0.0;0.0;0.0;0.0;0.0;0.0;0.0;0.0;0.0;0.0;0.0;888.0
Ararendá;ARARENDA;-4.7501111111111;-40.827944444444;2015;7;0.0;0.0;0.0;0.0;0.0;0.0;0.0;0.0;0.0;0.0;0.0;0.0;0.0;0.0;0.0;0.0;0.0;0.0;0.0;0.0;0.0;0.0;0.0;0.0;0.0;0.0;0.0;0.0;0.0;0.0;0.0;0.0
Ararendá;ARARENDA;-4.7501111111111;-40.827944444444;2015;8;0.0;0.0;0.0;0.0;0.0;0.0;0.0;0.0;0.0;0.0;0.0;0.0;0.0;0.0;0.0;0.0;0.0;0.0;0.0;0.0;0.0;0.0;0.0;0.0;0.0;0.0;0.0;0.0;0.0;0.0;0.0;0.0
Ararendá;ARARENDA;-4.7501111111111;-40.827944444444;2015;9;0.0;0.0;0.0;0.0;0.0;0.0;0.0;0.0;0.0;0.0;0.0;0.0;0.0;0.0;0.0;0.0;0.0;0.0;0.0;0.0;0.0;0.0;0.0;0.0;0.0;0.0;0.0;0.0;0.0;0.0;0.0;888.0
Ararendá;ARARENDA;-4.7501111111111;-40.827944444444;2015;10;0.0;0.0;0.0;0.0;0.0;0.0;0.0;0.0;0.0;0.0;0.0;0.0;0.0;0.0;0.0;0.0;0.0;0.0;0.0;0.0;0.0;0.0;0.0;0.0;0.0;0.0;0.0;0.0;0.0;0.0;0.0;0.0
Ararendá;ARARENDA;-4.7501111111111;-40.827944444444;2015;11;0.0;0.0;0.0;0.0;0.0;0.0;0.0;0.0;0.0;0.0;0.0;0.0;0.0;0.0;0.0;0.0;0.0;0.0;0.0;0.0;0.0;0.0;0.0;0.0;0.0;0.0;0.0;0.0;0.0;0.0;0.0;888.0
Ararendá;ARARENDA;-4.7501111111111;-40.827944444444;2015;12;0.0;999.0;0.0;0.0;0.0;0.0;0.0;0.0;0.0;0.0;0.0;0.0;0.0;0.0;0.0;0.0;0.0;0.0;0.0;0.0;0.0;0.0;0.0;0.0;0.0;0.0;0.0;0.0;0.0;0.0;0.0;0.0
Ararendá;ARARENDA;-4.7501111111111;-40.827944444444;2016;1;274.5;0.0;0.0;0.0;0.0;0.0;0.0;0.0;21.0;0.0;0.0;0.0;0.0;0.0;0.0;38.0;0.0;0.0;0.0;70.0;0.0;46.0;42.0;45.0;3.0;0.0;0.0;0.0;9.5;0.0;0.0;0.0
Ararendá;ARARENDA;-4.7501111111111;-40.827944444444;2016;2;30.0;5.5;2.0;0.0;0.0;0.0;0.0;0.0;0.0;0.0;0.0;0.0;0.0;0.0;0.0;15.5;0.0;0.0;0.0;7.0;0.0;0.0;0.0;0.0;0.0;0.0;0.0;0.0;0.0;0.0;888.0;888.0
Ararendá;ARARENDA;-4.7501111111111;-40.827944444444;2016;3;124.4;0.0;0.0;0.0;0.0;0.0;0.0;0.0;0.0;0.0;0.0;0.0;8.0;0.0;0.0;22.0;7.4;0.0;30.0;0.0;0.0;35.0;3.0;0.0;0.0;0.0;0.0;0.0;0.0;2.0;17.0;0.0
Ararendá;ARARENDA;-4.7501111111111;-40.827944444444;2016;4;115.0;6.0;3.0;0.0;0.0;12.5;14.5;0.0;0.0;0.0;0.0;0.0;22.0;0.0;0.0;0.0;3.0;32.0;0.0;0.0;0.0;0.0;0.0;22.0;0.0;0.0;0.0;0.0;0.0;0.0;0.0;888.0
Ararendá;ARARENDA;-4.7501111111111;-40.827944444444;2016;5;52.7;0.0;0.0;49.0;1.5;0.0;0.0;0.0;0.0;0.0;2.2;0.0;0.0;0.0;0.0;0.0;0.0;0.0;0.0;0.0;0.0;0.0;0.0;0.0;0.0;0.0;0.0;0.0;0.0;0.0;0.0;0.0
Ararendá;ARARENDA;-4.7501111111111;-40.827944444444;2016;6;20.2;3.0;0.0;0.0;0.0;0.0;4.0;10.2;0.0;0.0;0.0;0.0;0.0;0.0;0.0;0.0;0.0;0.0;0.0;0.0;0.0;0.0;0.0;3.0;0.0;0.0;0.0;0.0;0.0;0.0;0.0;888.0
Ararendá;ARARENDA;-4.7501111111111;-40.827944444444;2016;7;0.0;0.0;0.0;0.0;0.0;0.0;0.0;0.0;0.0;0.0;0.0;0.0;0.0;0.0;0.0;0.0;0.0;0.0;0.0;0.0;0.0;0.0;0.0;0.0;0.0;0.0;0.0;0.0;0.0;0.0;0.0;0.0
Ararendá;ARARENDA;-4.7501111111111;-40.827944444444;2016;8;0.0;0.0;0.0;0.0;0.0;0.0;0.0;0.0;0.0;0.0;0.0;0.0;0.0;0.0;0.0;0.0;0.0;0.0;0.0;0.0;0.0;0.0;0.0;0.0;0.0;0.0;0.0;0.0;0.0;0.0;0.0;0.0
Ararendá;ARARENDA;-4.7501111111111;-40.827944444444;2016;9;0.0;0.0;0.0;0.0;0.0;0.0;0.0;0.0;0.0;0.0;0.0;0.0;0.0;0.0;0.0;0.0;0.0;0.0;0.0;0.0;0.0;0.0;0.0;0.0;0.0;0.0;0.0;0.0;0.0;0.0;0.0;888.0
Ararendá;ARARENDA;-4.7501111111111;-40.827944444444;2016;10;0.0;0.0;0.0;0.0;0.0;0.0;0.0;0.0;0.0;0.0;0.0;0.0;0.0;0.0;0.0;0.0;0.0;0.0;0.0;0.0;0.0;0.0;0.0;0.0;0.0;0.0;0.0;0.0;0.0;0.0;0.0;0.0
Ararendá;ARARENDA;-4.7501111111111;-40.827944444444;2016;11;0.0;0.0;0.0;0.0;0.0;0.0;0.0;0.0;0.0;0.0;0.0;0.0;0.0;0.0;0.0;0.0;0.0;0.0;0.0;0.0;0.0;0.0;0.0;0.0;0.0;0.0;0.0;0.0;0.0;0.0;0.0;888.0
Ararendá;ARARENDA;-4.7501111111111;-40.827944444444;2016;12;55.0;0.0;0.0;0.0;0.0;0.0;0.0;0.0;0.0;0.0;0.0;0.0;0.0;0.0;0.0;0.0;0.0;0.0;55.0;0.0;0.0;0.0;0.0;0.0;0.0;0.0;0.0;0.0;0.0;0.0;0.0;0.0
Ararendá;ARARENDA;-4.7501111111111;-40.827944444444;2017;1;73.2;0.0;0.0;0.0;0.0;0.0;0.0;0.0;0.0;0.0;0.0;21.4;0.0;0.0;0.0;0.0;0.0;0.0;5.0;11.8;9.0;0.0;0.0;0.0;0.0;0.0;0.0;0.0;26.0;0.0;0.0;0.0
Ararendá;ARARENDA;-4.7501111111111;-40.827944444444;2017;2;197.0;0.0;3.0;0.0;0.0;0.0;0.0;0.0;0.0;6.0;0.0;51.0;26.0;5.0;0.0;0.0;0.0;9.0;49.0;0.0;43.0;2.0;0.0;0.0;0.0;0.0;3.0;0.0;0.0;888.0;888.0;888.0
Ararendá;ARARENDA;-4.7501111111111;-40.827944444444;2017;3;309.4;16.4;52.0;6.0;0.0;17.0;0.0;0.0;2.0;0.0;0.0;59.0;9.0;19.6;26.0;14.0;16.0;14.0;6.0;0.0;0.0;0.0;0.0;4.0;16.0;0.0;0.0;0.0;0.0;4.0;0.0;28.4
Ararendá;ARARENDA;-4.7501111111111;-40.827944444444;2017;4;158.1;8.0;0.0;0.0;0.0;0.0;3.0;0.0;0.0;7.0;0.0;2.0;6.0;0.0;24.2;13.2;0.0;0.0;0.0;8.4;17.2;0.0;0.0;14.2;1.5;12.0;0.0;0.0;0.0;33.0;8.4;888.0
Ararendá;ARARENDA;-4.7501111111111;-40.827944444444;2017;5;43.6;0.0;0.0;0.0;0.0;0.0;0.0;0.0;0.0;0.0;15.2;0.0;0.0;0.0;0.0;0.0;0.0;0.0;0.0;0.0;0.0;0.0;0.0;0.0;0.0;0.0;15.0;0.0;0.0;4.0;9.4;0.0
Ararendá;ARARENDA;-4.7501111111111;-40.827944444444;2017;6;1.2;0.0;1.2;0.0;0.0;0.0;0.0;999.0;999.0;999.0;999.0;999.0;999.0;999.0;999.0;999.0;999.0;999.0;999.0;999.0;999.0;999.0;999.0;999.0;999.0;999.0;999.0;999.0;999.0;999.0;999.0;888.0
Ararendá;ARARENDA;-4.7501111111111;-40.827944444444;2017;7;21.0;0.0;14.0;0.0;0.0;0.0;0.0;0.0;0.0;0.0;0.0;0.0;0.0;0.0;0.0;0.0;0.0;0.0;0.0;0.0;0.0;0.0;0.0;0.0;7.0;999.0;999.0;999.0;999.0;999.0;999.0;999.0
Ararendá;ARARENDA;-4.7501111111111;-40.827944444444;2017;9;4.0;0.0;0.0;0.0;0.0;0.0;0.0;0.0;4.0;0.0;0.0;0.0;0.0;0.0;0.0;0.0;0.0;0.0;0.0;0.0;0.0;0.0;0.0;0.0;0.0;0.0;0.0;0.0;0.0;0.0;0.0;888.0
Ararendá;ARARENDA;-4.7501111111111;-40.827944444444;2017;10;0.0;0.0;0.0;0.0;0.0;0.0;0.0;0.0;0.0;0.0;0.0;0.0;0.0;0.0;0.0;0.0;0.0;0.0;0.0;0.0;0.0;0.0;0.0;0.0;0.0;0.0;0.0;0.0;0.0;0.0;0.0;0.0
Ararendá;ARARENDA;-4.7501111111111;-40.827944444444;2017;11;5.0;0.0;0.0;0.0;0.0;0.0;0.0;0.0;5.0;0.0;0.0;0.0;0.0;0.0;0.0;0.0;0.0;0.0;0.0;0.0;0.0;0.0;0.0;0.0;0.0;0.0;0.0;0.0;0.0;0.0;0.0;888.0
Ararendá;ARARENDA;-4.7501111111111;-40.827944444444;2017;12;5.5;0.0;0.0;0.0;0.0;0.0;0.0;0.0;0.0;0.0;0.0;0.0;0.0;0.0;0.0;0.0;0.0;0.0;0.0;0.0;0.0;0.0;0.0;0.0;5.5;0.0;0.0;0.0;0.0;0.0;0.0;0.0
Ararendá;ARARENDA;-4.7501111111111;-40.827944444444;2018;1;82.5;0.0;0.0;0.0;0.0;0.0;0.0;0.0;0.0;0.0;0.0;0.0;9.0;0.0;0.0;2.5;0.0;0.0;0.0;9.0;36.0;0.0;0.0;0.0;0.0;0.0;9.5;0.0;16.5;0.0;0.0;0.0
Ararendá;ARARENDA;-4.7501111111111;-40.827944444444;2018;2;214.5;0.0;0.0;0.0;0.0;0.0;0.0;0.0;11.0;0.0;0.0;0.0;33.0;34.0;7.5;36.5;5.0;27.0;2.0;7.0;6.0;9.5;0.0;0.0;11.0;0.0;17.0;8.0;0.0;888.0;888.0;888.0
Ararendá;ARARENDA;-4.7501111111111;-40.827944444444;2018;3;143.5;16.5;12.0;9.0;3.5;4.0;1.5;0.0;0.0;0.0;0.0;0.0;0.0;0.0;0.0;15.0;0.0;30.0;0.0;0.0;0.0;0.0;0.0;0.0;0.0;0.0;2.0;0.0;18.5;2.0;7.5;22.0
Ararendá;ARARENDA;-4.7501111111111;-40.827944444444;2018;4;241.6;2.5;8.0;48.0;3.5;2.2;4.5;0.0;0.0;27.0;23.0;29.0;50.0;9.2;0.0;2.0;2.0;0.0;9.0;0.0;0.0;0.0;0.0;3.2;0.0;4.5;0.0;0.0;0.0;0.0;14.0;888.0
Ararendá;ARARENDA;-4.7501111111111;-40.827944444444;2018;5;63.5;4.0;17.0;0.0;0.0;0.0;0.0;1.5;0.0;0.0;0.0;0.0;0.0;6.0;21.0;0.0;0.0;0.0;2.0;12.0;0.0;0.0;0.0;0.0;0.0;0.0;0.0;0.0;0.0;0.0;0.0;0.0
Ararendá;ARARENDA;-4.7501111111111;-40.827944444444;2018;6;2.5;0.0;0.0;0.0;0.0;0.0;0.0;0.0;0.0;0.0;0.0;0.0;0.0;0.0;0.0;0.0;0.0;0.0;0.0;0.0;2.5;0.0;0.0;0.0;0.0;0.0;0.0;0.0;0.0;0.0;0.0;888.0
Ararendá;ARARENDA;-4.7501111111111;-40.827944444444;2018;7;3.5;0.0;0.0;0.0;0.0;0.0;0.0;1.5;2.0;0.0;0.0;0.0;0.0;0.0;0.0;0.0;0.0;0.0;0.0;0.0;0.0;0.0;0.0;0.0;0.0;0.0;0.0;0.0;0.0;0.0;0.0;0.0
Ararendá;ARARENDA;-4.7501111111111;-40.827944444444;2018;8;0.0;0.0;0.0;0.0;0.0;0.0;0.0;0.0;0.0;0.0;0.0;0.0;0.0;0.0;0.0;0.0;0.0;0.0;0.0;0.0;0.0;0.0;0.0;0.0;0.0;0.0;0.0;0.0;0.0;0.0;0.0;0.0
Ararendá;ARARENDA;-4.7501111111111;-40.827944444444;2018;9;0.0;0.0;0.0;0.0;0.0;0.0;0.0;0.0;0.0;0.0;0.0;0.0;0.0;0.0;0.0;0.0;0.0;0.0;0.0;0.0;0.0;0.0;0.0;0.0;0.0;0.0;0.0;0.0;0.0;999.0;999.0;888.0
