Municipios;Postos;Latitude;Longitude;Anos;Meses;Total;Dia1;Dia2;Dia3;Dia4;Dia5;Dia6;Dia7;Dia8;Dia9;Dia10;Dia11;Dia12;Dia13;Dia14;Dia15;Dia16;Dia17;Dia18;Dia19;Dia20;Dia21;Dia22;Dia23;Dia24;Dia25;Dia26;Dia27;Dia28;Dia29;Dia30;Dia31
São Benedito;SITIO FAVEIRA;-4.0528888888889;-40.963083333333;1994;1;152.4;6.0;20.2;1.4;0.0;0.0;0.0;0.0;0.0;0.0;0.0;0.0;0.0;0.0;0.0;0.0;16.0;0.0;36.4;18.2;15.0;12.0;6.4;0.0;0.0;0.0;0.0;0.0;0.0;0.0;20.8;0.0
São Benedito;SITIO FAVEIRA;-4.0528888888889;-40.963083333333;1994;2;157.8;0.0;0.0;0.0;0.0;0.0;0.0;6.0;15.4;0.0;2.0;4.2;0.0;3.4;0.0;25.6;4.4;9.8;22.2;0.0;0.0;9.6;0.0;0.0;0.0;0.0;33.8;1.8;19.6;888.0;888.0;888.0
São Benedito;SITIO FAVEIRA;-4.0528888888889;-40.963083333333;1994;3;255.3;13.8;8.0;0.0;0.0;0.0;13.2;44.0;0.0;0.0;2.2;6.0;0.0;6.0;0.0;2.0;26.8;2.2;4.2;6.8;0.0;2.2;4.2;3.4;1.0;5.3;11.2;5.3;10.8;3.2;50.0;23.5
São Benedito;SITIO FAVEIRA;-4.0528888888889;-40.963083333333;1994;4;175.6;0.0;0.0;14.8;1.4;0.0;1.0;36.2;11.0;0.0;0.0;0.0;1.0;1.2;3.2;13.2;0.0;35.4;4.6;31.3;4.7;1.8;0.0;0.0;0.0;0.0;0.0;1.4;13.4;0.0;0.0;888.0
São Benedito;SITIO FAVEIRA;-4.0528888888889;-40.963083333333;1994;6;244.4;0.0;1.2;5.8;0.0;1.4;0.0;5.2;0.0;0.0;0.0;0.0;0.0;0.0;14.0;0.0;0.0;91.2;46.0;0.0;0.0;7.8;9.1;0.0;3.1;0.0;0.0;3.4;11.8;29.4;15.0;888.0
São Benedito;SITIO FAVEIRA;-4.0528888888889;-40.963083333333;1995;2;164.8;0.0;0.0;0.0;9.0;0.0;0.0;15.4;0.0;4.6;0.0;7.0;26.6;0.0;6.6;2.0;0.0;0.0;5.4;3.4;5.2;64.4;0.0;2.0;0.0;0.0;11.2;2.0;0.0;888.0;888.0;888.0
São Benedito;SITIO FAVEIRA;-4.0528888888889;-40.963083333333;1995;3;113.4;7.2;0.0;0.0;0.0;0.0;0.0;0.0;3.4;0.0;0.0;0.0;0.0;0.0;0.0;0.0;9.8;3.0;0.0;0.0;0.0;0.0;0.0;0.0;0.0;7.6;18.0;0.0;57.2;4.0;3.2;0.0
São Benedito;SITIO FAVEIRA;-4.0528888888889;-40.963083333333;1995;4;218.6;14.4;7.8;5.0;0.0;0.0;9.8;41.2;2.0;18.2;19.0;13.4;0.0;0.0;14.6;19.0;6.2;19.8;0.0;0.0;4.8;8.4;4.2;0.0;0.0;0.0;0.0;0.0;0.0;3.8;7.0;888.0
São Benedito;SITIO FAVEIRA;-4.0528888888889;-40.963083333333;1995;5;146.9;3.8;4.2;0.0;6.2;8.7;0.0;17.7;3.7;2.2;0.0;0.0;0.0;0.0;3.4;1.8;23.2;0.0;0.0;0.0;1.8;9.6;10.2;0.0;0.0;22.2;4.4;19.8;4.0;0.0;0.0;0.0
São Benedito;SITIO FAVEIRA;-4.0528888888889;-40.963083333333;1995;6;61.0;0.0;0.0;0.0;2.8;0.0;0.0;0.0;0.0;0.0;0.0;0.0;6.8;0.0;0.0;0.0;1.6;0.0;0.0;5.2;0.0;0.0;10.0;0.0;0.0;0.0;34.6;0.0;0.0;0.0;0.0;888.0
São Benedito;SITIO FAVEIRA;-4.0528888888889;-40.963083333333;1996;2;97.8;0.0;0.0;0.0;0.0;0.0;4.6;0.0;12.8;0.0;0.0;0.0;2.4;0.0;6.8;17.2;0.0;26.0;0.0;0.0;0.0;0.0;28.0;0.0;0.0;0.0;0.0;0.0;0.0;0.0;888.0;888.0
São Benedito;SITIO FAVEIRA;-4.0528888888889;-40.963083333333;1996;3;342.8;5.2;1.2;0.0;4.8;3.4;7.0;0.0;0.0;0.0;0.0;0.0;1.2;37.0;0.0;2.2;2.0;11.4;25.0;10.0;13.0;48.0;0.0;0.0;7.8;14.0;12.4;1.4;119.2;5.2;11.4;0.0
São Benedito;SITIO FAVEIRA;-4.0528888888889;-40.963083333333;1996;4;231.1;0.0;0.0;2.0;9.0;0.0;5.2;22.4;2.2;10.2;3.4;2.3;0.0;0.0;33.2;2.8;0.0;0.0;2.2;0.0;0.0;0.0;9.8;0.0;35.0;24.2;16.8;43.6;0.0;0.0;6.8;888.0
São Benedito;SITIO FAVEIRA;-4.0528888888889;-40.963083333333;1996;5;36.8;0.0;0.0;0.0;0.0;0.0;6.8;2.0;0.0;6.8;0.0;4.6;0.0;0.0;0.0;0.0;0.0;0.0;0.0;0.0;0.0;0.0;0.0;3.4;0.0;0.0;9.8;0.0;0.0;0.0;3.4;0.0
São Benedito;SITIO FAVEIRA;-4.0528888888889;-40.963083333333;1997;1;0.0;0.0;0.0;0.0;0.0;0.0;0.0;0.0;0.0;0.0;0.0;0.0;0.0;0.0;0.0;0.0;0.0;0.0;0.0;0.0;0.0;0.0;0.0;0.0;0.0;0.0;0.0;0.0;0.0;0.0;0.0;0.0
São Benedito;SITIO FAVEIRA;-4.0528888888889;-40.963083333333;1997;2;100.2;0.0;3.4;17.8;0.0;0.0;0.0;0.0;7.4;7.8;36.2;1.2;7.0;1.0;0.0;0.0;1.6;0.0;3.8;0.0;10.2;0.0;0.0;0.0;0.0;0.0;2.8;0.0;0.0;888.0;888.0;888.0
São Benedito;SITIO FAVEIRA;-4.0528888888889;-40.963083333333;1997;3;191.0;0.0;3.2;17.0;14.6;0.0;3.2;0.0;0.0;0.0;0.0;0.0;0.0;0.0;0.0;3.0;0.0;0.0;0.0;0.0;0.0;0.0;11.0;35.4;43.8;8.0;28.4;0.0;8.4;0.0;13.8;1.2
São Benedito;SITIO FAVEIRA;-4.0528888888889;-40.963083333333;1997;4;149.0;0.0;0.0;7.8;0.0;62.8;0.0;0.0;4.8;0.0;0.0;3.0;0.0;6.6;2.2;12.4;0.0;0.0;0.0;9.8;0.0;0.0;0.0;0.0;2.4;0.0;0.0;0.0;14.8;14.4;8.0;888.0
São Benedito;SITIO FAVEIRA;-4.0528888888889;-40.963083333333;1997;11;0.0;0.0;0.0;0.0;0.0;0.0;0.0;0.0;0.0;0.0;0.0;0.0;0.0;0.0;0.0;0.0;0.0;0.0;0.0;0.0;0.0;0.0;0.0;0.0;0.0;0.0;0.0;0.0;0.0;0.0;0.0;888.0
São Benedito;SITIO FAVEIRA;-4.0528888888889;-40.963083333333;1998;3;110.6;1.2;0.0;2.4;0.0;0.0;2.0;3.8;0.0;0.0;17.0;14.4;7.6;0.0;0.0;0.0;0.0;2.0;0.0;4.2;15.4;5.6;2.2;4.8;6.8;0.0;0.0;0.0;4.2;17.0;0.0;0.0
São Benedito;SITIO FAVEIRA;-4.0528888888889;-40.963083333333;1998;4;89.2;2.8;0.0;19.8;0.0;3.8;0.0;0.0;14.2;0.0;0.0;0.0;3.0;0.0;0.0;0.0;0.0;14.0;0.0;0.0;4.8;0.0;0.0;0.0;0.0;7.4;0.0;11.2;1.2;7.0;0.0;888.0
São Benedito;SITIO FAVEIRA;-4.0528888888889;-40.963083333333;1998;5;33.2;0.0;0.0;0.0;0.0;0.0;0.0;2.0;0.0;1.2;11.0;0.0;0.0;0.0;0.0;0.0;0.0;0.0;0.0;0.0;18.0;0.0;0.0;1.0;0.0;0.0;0.0;0.0;0.0;0.0;0.0;0.0
São Benedito;SITIO FAVEIRA;-4.0528888888889;-40.963083333333;1998;6;14.2;0.0;0.0;0.0;0.0;0.0;0.0;0.0;0.0;0.0;0.0;0.0;1.2;4.0;0.0;0.0;0.0;3.2;0.0;0.0;2.8;3.0;0.0;0.0;0.0;0.0;0.0;0.0;0.0;0.0;0.0;888.0
São Benedito;SITIO FAVEIRA;-4.0528888888889;-40.963083333333;1998;7;0.0;0.0;0.0;0.0;0.0;0.0;0.0;0.0;0.0;0.0;0.0;0.0;0.0;0.0;0.0;0.0;0.0;0.0;0.0;0.0;0.0;0.0;0.0;0.0;0.0;0.0;0.0;0.0;0.0;0.0;0.0;0.0
São Benedito;SITIO FAVEIRA;-4.0528888888889;-40.963083333333;1998;8;0.0;0.0;0.0;0.0;0.0;0.0;0.0;0.0;0.0;0.0;0.0;0.0;0.0;0.0;0.0;0.0;0.0;0.0;0.0;0.0;0.0;0.0;0.0;0.0;0.0;0.0;0.0;0.0;0.0;0.0;0.0;0.0
São Benedito;SITIO FAVEIRA;-4.0528888888889;-40.963083333333;1998;9;0.0;0.0;0.0;0.0;0.0;0.0;0.0;0.0;0.0;0.0;0.0;0.0;0.0;0.0;0.0;0.0;0.0;0.0;0.0;0.0;0.0;0.0;0.0;0.0;0.0;0.0;0.0;0.0;0.0;0.0;0.0;888.0
São Benedito;SITIO FAVEIRA;-4.0528888888889;-40.963083333333;1998;12;0.0;0.0;0.0;0.0;0.0;0.0;0.0;0.0;0.0;0.0;0.0;0.0;0.0;0.0;0.0;0.0;0.0;0.0;0.0;0.0;0.0;0.0;0.0;0.0;0.0;0.0;0.0;0.0;0.0;0.0;0.0;0.0
São Benedito;SITIO FAVEIRA;-4.0528888888889;-40.963083333333;1999;1;81.6;0.0;0.0;0.0;0.0;0.0;0.0;0.0;0.0;55.2;0.0;5.4;1.2;0.0;0.0;0.0;0.0;0.0;9.8;3.0;0.0;0.0;5.2;0.0;0.0;0.0;0.0;0.0;0.0;0.0;0.0;1.8
São Benedito;SITIO FAVEIRA;-4.0528888888889;-40.963083333333;1999;2;160.2;2.4;49.0;0.0;0.0;0.0;0.0;8.0;8.4;5.6;0.0;0.0;4.2;0.0;0.0;0.0;0.0;0.0;4.8;0.0;0.0;0.0;7.8;28.6;0.0;0.0;29.0;7.2;5.2;888.0;888.0;888.0
São Benedito;SITIO FAVEIRA;-4.0528888888889;-40.963083333333;1999;3;186.2;5.4;6.4;6.0;13.2;2.2;0.0;0.0;0.0;18.2;0.0;0.0;0.0;3.6;15.2;21.2;28.0;6.6;5.4;7.8;7.4;0.0;0.0;5.8;6.2;4.6;1.2;1.0;7.0;8.6;0.0;5.2
São Benedito;SITIO FAVEIRA;-4.0528888888889;-40.963083333333;1999;4;77.8;0.0;0.0;0.0;0.0;7.2;16.4;1.8;0.0;4.4;0.0;0.0;0.0;3.6;4.4;16.2;17.0;3.0;0.0;0.0;0.0;0.0;1.0;0.0;0.0;1.0;0.0;1.8;0.0;0.0;0.0;888.0
São Benedito;SITIO FAVEIRA;-4.0528888888889;-40.963083333333;1999;5;87.8;10.8;0.0;0.0;0.0;8.2;0.0;0.0;3.4;1.2;1.4;2.2;5.2;0.0;0.0;2.8;2.6;2.2;10.6;0.0;0.0;0.0;6.8;28.4;0.0;2.0;0.0;0.0;0.0;0.0;0.0;0.0
São Benedito;SITIO FAVEIRA;-4.0528888888889;-40.963083333333;1999;6;68.6;64.4;0.0;0.0;0.0;0.0;0.0;0.0;0.0;0.0;0.0;0.0;4.2;0.0;0.0;0.0;0.0;0.0;0.0;0.0;0.0;0.0;0.0;0.0;0.0;0.0;0.0;0.0;0.0;0.0;0.0;888.0
São Benedito;SITIO FAVEIRA;-4.0528888888889;-40.963083333333;1999;7;0.0;0.0;0.0;0.0;0.0;0.0;0.0;0.0;0.0;0.0;0.0;0.0;0.0;0.0;0.0;0.0;0.0;0.0;0.0;0.0;0.0;0.0;0.0;0.0;0.0;0.0;0.0;0.0;0.0;0.0;0.0;0.0
São Benedito;SITIO FAVEIRA;-4.0528888888889;-40.963083333333;1999;8;0.0;0.0;0.0;0.0;0.0;0.0;0.0;0.0;0.0;0.0;0.0;0.0;0.0;0.0;0.0;0.0;0.0;0.0;0.0;0.0;0.0;0.0;0.0;0.0;0.0;0.0;0.0;0.0;0.0;0.0;0.0;0.0
São Benedito;SITIO FAVEIRA;-4.0528888888889;-40.963083333333;1999;9;0.0;0.0;0.0;0.0;0.0;0.0;0.0;0.0;0.0;0.0;0.0;0.0;0.0;0.0;0.0;0.0;0.0;0.0;0.0;0.0;0.0;0.0;0.0;0.0;0.0;0.0;0.0;0.0;0.0;0.0;0.0;888.0
São Benedito;SITIO FAVEIRA;-4.0528888888889;-40.963083333333;1999;10;0.0;0.0;0.0;0.0;0.0;0.0;0.0;0.0;0.0;0.0;0.0;0.0;0.0;0.0;0.0;0.0;0.0;0.0;0.0;0.0;0.0;0.0;0.0;0.0;0.0;0.0;0.0;0.0;0.0;0.0;0.0;0.0
São Benedito;SITIO FAVEIRA;-4.0528888888889;-40.963083333333;1999;11;57.2;0.0;0.0;0.0;0.0;0.0;0.0;0.0;0.0;0.0;0.0;0.0;0.0;0.0;0.0;0.0;0.0;0.0;0.0;6.0;0.0;0.0;19.2;0.0;0.0;0.0;0.0;0.0;32.0;0.0;0.0;888.0
São Benedito;SITIO FAVEIRA;-4.0528888888889;-40.963083333333;1999;12;62.2;0.0;0.0;0.0;0.0;0.0;0.0;0.0;0.0;0.0;0.0;0.0;0.0;0.0;18.0;0.0;0.0;0.0;0.0;0.0;0.0;0.0;6.4;0.0;10.2;0.0;0.0;0.0;0.0;0.0;27.6;0.0
São Benedito;SITIO FAVEIRA;-4.0528888888889;-40.963083333333;2000;1;152.0;0.0;0.0;0.0;7.2;36.0;0.0;9.4;0.0;12.4;4.0;0.0;7.2;6.0;4.2;2.0;14.0;3.0;4.8;2.0;0.0;10.6;3.2;0.0;26.0;0.0;0.0;0.0;0.0;0.0;0.0;0.0
São Benedito;SITIO FAVEIRA;-4.0528888888889;-40.963083333333;2000;2;87.4;0.0;0.0;0.0;0.0;0.0;2.0;0.0;2.4;0.0;0.0;5.8;0.0;0.0;0.0;0.0;13.0;0.0;30.2;3.8;8.2;22.0;0.0;0.0;0.0;0.0;0.0;0.0;0.0;0.0;888.0;888.0
São Benedito;SITIO FAVEIRA;-4.0528888888889;-40.963083333333;2000;3;189.4;0.0;1.2;6.0;0.0;0.0;0.0;3.2;0.0;7.8;2.2;12.4;0.0;23.0;0.0;0.0;0.0;14.2;0.0;0.0;0.0;0.0;9.0;0.0;7.2;3.0;2.2;3.2;11.0;41.4;9.0;33.4
São Benedito;SITIO FAVEIRA;-4.0528888888889;-40.963083333333;2000;4;281.2;0.0;8.2;2.8;0.0;7.4;1.8;10.0;34.8;0.0;4.0;3.4;4.4;1.8;102.0;5.0;1.6;12.2;1.4;25.8;3.0;9.4;6.6;0.0;12.0;3.2;6.8;2.6;0.0;9.2;1.8;888.0
São Benedito;SITIO FAVEIRA;-4.0528888888889;-40.963083333333;2000;5;12.1;0.0;0.0;0.0;0.0;4.2;0.0;0.0;2.0;1.9;0.0;0.0;0.0;0.0;0.0;0.0;0.0;0.0;4.0;0.0;0.0;0.0;0.0;0.0;0.0;0.0;0.0;0.0;0.0;0.0;0.0;0.0
São Benedito;SITIO FAVEIRA;-4.0528888888889;-40.963083333333;2000;6;20.4;0.0;0.0;0.0;0.0;0.0;0.0;0.0;0.0;0.0;0.0;0.0;0.0;0.0;0.0;0.0;18.2;0.0;0.0;0.0;0.0;2.2;0.0;0.0;0.0;0.0;0.0;0.0;0.0;0.0;0.0;888.0
São Benedito;SITIO FAVEIRA;-4.0528888888889;-40.963083333333;2000;7;17.4;0.0;0.0;0.0;0.0;0.0;0.0;0.0;0.0;0.0;0.0;0.0;0.0;10.0;0.0;0.0;0.0;0.0;0.0;0.0;0.0;0.0;0.0;0.0;0.0;0.0;0.0;0.0;7.4;0.0;0.0;0.0
São Benedito;SITIO FAVEIRA;-4.0528888888889;-40.963083333333;2000;8;45.6;0.0;3.4;0.0;0.0;0.0;0.0;0.0;19.8;0.0;22.4;0.0;0.0;0.0;0.0;0.0;0.0;0.0;0.0;0.0;0.0;0.0;0.0;0.0;0.0;0.0;0.0;0.0;0.0;0.0;0.0;0.0
São Benedito;SITIO FAVEIRA;-4.0528888888889;-40.963083333333;2000;9;8.0;0.0;0.0;0.0;0.0;0.0;0.0;0.0;0.0;0.0;0.0;0.0;0.0;0.0;0.0;0.0;0.0;0.0;0.0;8.0;0.0;0.0;0.0;0.0;0.0;0.0;0.0;0.0;0.0;0.0;0.0;888.0
São Benedito;SITIO FAVEIRA;-4.0528888888889;-40.963083333333;2000;10;0.0;0.0;0.0;0.0;0.0;0.0;0.0;0.0;0.0;0.0;0.0;0.0;0.0;0.0;0.0;0.0;0.0;0.0;0.0;0.0;0.0;0.0;0.0;0.0;0.0;0.0;0.0;0.0;0.0;0.0;0.0;0.0
São Benedito;SITIO FAVEIRA;-4.0528888888889;-40.963083333333;2000;11;0.0;0.0;0.0;0.0;0.0;0.0;0.0;0.0;0.0;0.0;0.0;0.0;0.0;0.0;0.0;0.0;0.0;0.0;0.0;0.0;0.0;0.0;0.0;0.0;0.0;0.0;0.0;0.0;0.0;0.0;0.0;888.0
São Benedito;SITIO FAVEIRA;-4.0528888888889;-40.963083333333;2000;12;43.8;0.0;0.0;0.0;0.0;0.0;0.0;0.0;0.0;0.0;0.0;0.0;0.0;0.0;0.0;12.2;4.2;2.0;0.0;25.4;0.0;0.0;0.0;0.0;0.0;0.0;0.0;0.0;0.0;0.0;0.0;0.0
São Benedito;SITIO FAVEIRA;-4.0528888888889;-40.963083333333;2001;1;36.0;0.0;2.4;0.0;1.2;5.2;0.0;0.0;3.8;0.0;0.0;0.0;0.0;6.0;16.0;0.0;0.0;0.0;0.0;0.0;0.0;1.4;0.0;0.0;0.0;0.0;0.0;0.0;0.0;0.0;0.0;0.0
São Benedito;SITIO FAVEIRA;-4.0528888888889;-40.963083333333;2001;2;70.0;0.0;0.0;0.0;22.4;1.4;0.0;0.0;0.0;11.0;5.2;3.0;0.0;0.0;0.0;0.0;0.0;0.0;5.4;4.2;3.0;1.2;0.0;0.0;0.0;0.0;13.2;0.0;0.0;888.0;888.0;888.0
São Benedito;SITIO FAVEIRA;-4.0528888888889;-40.963083333333;2001;3;117.2;0.0;0.0;0.0;0.0;0.0;2.6;0.0;0.0;1.2;0.0;0.0;5.0;13.2;0.0;52.0;0.0;0.0;0.0;0.0;3.2;0.0;0.0;0.0;1.6;9.2;2.0;3.4;0.0;0.0;20.8;3.0
São Benedito;SITIO FAVEIRA;-4.0528888888889;-40.963083333333;2001;4;242.6;0.0;3.2;15.2;6.0;29.2;6.2;0.0;0.0;0.0;29.2;70.0;3.4;17.4;0.0;5.0;0.0;0.0;7.2;13.2;15.8;4.0;0.0;0.0;0.0;0.0;0.0;0.0;13.4;4.2;0.0;888.0
São Benedito;SITIO FAVEIRA;-4.0528888888889;-40.963083333333;2001;5;31.6;0.0;1.2;0.0;0.0;0.0;0.0;0.0;0.0;24.4;0.0;2.0;1.6;0.0;0.0;0.0;0.0;0.0;0.0;0.0;0.0;0.0;0.0;0.0;2.4;0.0;0.0;0.0;0.0;0.0;0.0;0.0
São Benedito;SITIO FAVEIRA;-4.0528888888889;-40.963083333333;2001;6;14.2;0.0;2.0;3.4;0.0;0.0;4.8;0.0;0.0;0.0;0.0;0.0;0.0;0.0;0.0;0.0;0.0;0.0;0.0;0.0;0.0;0.0;2.4;0.0;0.0;0.0;0.0;0.0;1.6;0.0;0.0;888.0
São Benedito;SITIO FAVEIRA;-4.0528888888889;-40.963083333333;2001;7;0.0;0.0;0.0;0.0;0.0;0.0;0.0;0.0;0.0;0.0;0.0;0.0;0.0;0.0;0.0;0.0;0.0;0.0;0.0;0.0;0.0;0.0;0.0;0.0;0.0;0.0;0.0;0.0;0.0;0.0;0.0;0.0
São Benedito;SITIO FAVEIRA;-4.0528888888889;-40.963083333333;2001;8;0.0;0.0;0.0;0.0;0.0;0.0;0.0;0.0;0.0;0.0;0.0;0.0;0.0;0.0;0.0;0.0;0.0;0.0;0.0;0.0;0.0;0.0;0.0;0.0;0.0;0.0;0.0;0.0;0.0;0.0;0.0;0.0
São Benedito;SITIO FAVEIRA;-4.0528888888889;-40.963083333333;2001;9;0.0;0.0;0.0;0.0;0.0;0.0;0.0;0.0;0.0;0.0;0.0;0.0;0.0;0.0;0.0;0.0;0.0;0.0;0.0;0.0;0.0;0.0;0.0;0.0;0.0;0.0;0.0;0.0;0.0;0.0;0.0;888.0
São Benedito;SITIO FAVEIRA;-4.0528888888889;-40.963083333333;2001;10;0.0;0.0;0.0;0.0;0.0;0.0;0.0;0.0;0.0;0.0;0.0;0.0;0.0;0.0;0.0;0.0;0.0;0.0;0.0;0.0;0.0;0.0;0.0;0.0;0.0;0.0;0.0;0.0;0.0;0.0;0.0;0.0
São Benedito;SITIO FAVEIRA;-4.0528888888889;-40.963083333333;2001;11;0.0;0.0;0.0;0.0;0.0;0.0;0.0;0.0;0.0;0.0;0.0;0.0;0.0;0.0;0.0;0.0;0.0;0.0;0.0;0.0;0.0;0.0;0.0;0.0;0.0;0.0;0.0;0.0;0.0;0.0;0.0;888.0
São Benedito;SITIO FAVEIRA;-4.0528888888889;-40.963083333333;2001;12;0.0;0.0;0.0;0.0;0.0;0.0;0.0;0.0;0.0;0.0;0.0;0.0;0.0;0.0;0.0;0.0;0.0;0.0;0.0;0.0;0.0;0.0;0.0;0.0;0.0;0.0;0.0;0.0;0.0;0.0;0.0;0.0
São Benedito;SITIO FAVEIRA;-4.0528888888889;-40.963083333333;2002;1;205.0;0.0;1.0;0.0;0.0;0.0;4.8;4.2;6.4;42.6;0.0;4.8;0.0;26.4;0.0;0.0;0.0;34.2;9.0;3.8;0.0;4.6;19.2;0.0;14.4;0.0;3.8;1.8;5.0;17.0;2.0;0.0
São Benedito;SITIO FAVEIRA;-4.0528888888889;-40.963083333333;2002;2;17.8;2.2;0.0;0.0;0.0;0.0;0.0;0.0;0.0;0.0;0.0;0.0;0.0;0.0;5.2;0.0;0.0;0.0;0.0;7.0;3.4;0.0;0.0;0.0;0.0;0.0;0.0;0.0;0.0;888.0;888.0;888.0
São Benedito;SITIO FAVEIRA;-4.0528888888889;-40.963083333333;2002;3;276.2;0.0;0.0;0.0;5.6;26.0;0.0;36.2;7.8;57.4;0.0;8.4;0.0;0.0;0.0;0.0;0.0;18.2;0.0;6.0;21.6;0.0;0.0;0.0;19.6;0.0;14.0;2.2;49.2;0.0;4.0;0.0
São Benedito;SITIO FAVEIRA;-4.0528888888889;-40.963083333333;2002;4;160.2;2.2;18.4;10.0;0.0;18.8;21.0;4.4;26.8;0.0;7.4;7.6;0.0;7.4;0.0;2.2;0.0;1.4;0.0;0.0;0.0;13.0;0.0;0.0;0.0;0.0;11.0;4.8;0.0;2.6;1.2;888.0
São Benedito;SITIO FAVEIRA;-4.0528888888889;-40.963083333333;2002;5;102.0;0.0;9.0;17.0;0.0;0.0;0.0;0.0;19.6;0.0;0.0;0.0;29.8;0.0;0.0;0.0;0.0;0.0;0.0;0.0;0.0;0.0;0.0;0.0;7.2;9.0;9.4;1.0;0.0;0.0;0.0;0.0
São Benedito;SITIO FAVEIRA;-4.0528888888889;-40.963083333333;2002;6;42.4;16.4;0.0;0.0;0.0;0.0;0.0;0.0;0.0;3.4;0.0;0.0;0.0;2.6;0.0;0.0;14.0;5.0;1.0;0.0;0.0;0.0;0.0;0.0;0.0;0.0;0.0;0.0;0.0;0.0;0.0;888.0
São Benedito;SITIO FAVEIRA;-4.0528888888889;-40.963083333333;2002;7;8.0;3.0;5.0;0.0;0.0;0.0;0.0;0.0;0.0;0.0;0.0;0.0;0.0;0.0;0.0;0.0;0.0;0.0;0.0;0.0;0.0;0.0;0.0;0.0;0.0;0.0;0.0;0.0;0.0;0.0;0.0;0.0
São Benedito;SITIO FAVEIRA;-4.0528888888889;-40.963083333333;2002;8;0.0;0.0;0.0;0.0;0.0;0.0;0.0;0.0;0.0;0.0;0.0;0.0;0.0;0.0;0.0;0.0;0.0;0.0;0.0;0.0;0.0;0.0;0.0;0.0;0.0;0.0;0.0;0.0;0.0;0.0;0.0;0.0
São Benedito;SITIO FAVEIRA;-4.0528888888889;-40.963083333333;2002;9;0.0;0.0;0.0;0.0;0.0;0.0;0.0;0.0;0.0;0.0;0.0;0.0;0.0;0.0;0.0;0.0;0.0;0.0;0.0;0.0;0.0;0.0;0.0;0.0;0.0;0.0;0.0;0.0;0.0;0.0;0.0;888.0
São Benedito;SITIO FAVEIRA;-4.0528888888889;-40.963083333333;2002;10;0.0;0.0;0.0;0.0;0.0;0.0;0.0;0.0;0.0;0.0;0.0;0.0;0.0;0.0;0.0;0.0;0.0;0.0;0.0;0.0;0.0;0.0;0.0;0.0;0.0;0.0;0.0;0.0;0.0;0.0;0.0;0.0
São Benedito;SITIO FAVEIRA;-4.0528888888889;-40.963083333333;2002;11;0.0;0.0;0.0;0.0;0.0;0.0;0.0;0.0;0.0;0.0;0.0;0.0;0.0;0.0;0.0;0.0;0.0;0.0;0.0;0.0;0.0;0.0;0.0;0.0;0.0;0.0;0.0;0.0;0.0;0.0;0.0;888.0
São Benedito;SITIO FAVEIRA;-4.0528888888889;-40.963083333333;2002;12;20.2;0.0;0.0;0.0;0.0;0.0;0.0;0.0;0.0;7.0;0.0;13.2;0.0;0.0;0.0;0.0;0.0;0.0;0.0;0.0;0.0;0.0;0.0;0.0;0.0;0.0;0.0;0.0;0.0;0.0;0.0;0.0
São Benedito;SITIO FAVEIRA;-4.0528888888889;-40.963083333333;2003;1;32.0;0.0;0.0;0.0;0.0;0.0;0.0;0.0;0.0;0.0;0.0;0.0;0.0;0.0;0.0;0.0;0.0;0.0;0.0;5.0;5.8;7.0;1.0;0.0;3.2;0.0;0.0;0.0;3.0;0.0;3.4;3.6
São Benedito;SITIO FAVEIRA;-4.0528888888889;-40.963083333333;2003;2;174.6;0.0;3.6;27.4;0.0;0.0;26.0;5.2;0.0;0.0;0.0;0.0;0.0;0.0;1.6;0.0;0.0;3.4;73.2;9.2;1.0;3.8;0.0;0.0;0.0;5.0;11.0;0.0;4.2;888.0;888.0;888.0
São Benedito;SITIO FAVEIRA;-4.0528888888889;-40.963083333333;2003;3;268.6;47.6;0.0;0.0;20.0;1.8;0.0;0.0;7.2;0.0;0.0;5.8;20.2;0.0;4.6;4.2;5.0;3.2;3.0;0.0;29.2;6.0;1.0;1.4;21.0;4.6;16.4;19.8;16.0;20.0;9.4;1.2
São Benedito;SITIO FAVEIRA;-4.0528888888889;-40.963083333333;2003;4;163.8;20.0;16.8;13.2;0.0;16.0;0.0;15.0;0.0;0.0;0.0;11.0;0.0;0.0;0.0;0.0;0.0;0.0;0.0;3.0;23.0;0.0;2.0;0.0;11.0;0.0;14.2;7.2;4.0;0.0;7.4;888.0
São Benedito;SITIO FAVEIRA;-4.0528888888889;-40.963083333333;2003;5;26.4;1.8;10.8;0.0;0.0;0.0;0.0;0.0;0.0;0.0;0.0;0.0;0.0;0.0;0.0;0.0;4.8;2.4;0.0;0.0;5.2;0.0;1.4;0.0;0.0;0.0;0.0;0.0;0.0;0.0;0.0;0.0
São Benedito;SITIO FAVEIRA;-4.0528888888889;-40.963083333333;2003;6;56.2;2.2;0.0;0.0;0.0;14.0;1.0;0.0;0.0;0.0;0.0;0.0;0.0;0.0;0.0;0.0;39.0;0.0;0.0;0.0;0.0;0.0;0.0;0.0;0.0;0.0;0.0;0.0;0.0;0.0;0.0;888.0
São Benedito;SITIO FAVEIRA;-4.0528888888889;-40.963083333333;2003;7;0.0;0.0;0.0;0.0;0.0;0.0;0.0;0.0;0.0;0.0;0.0;0.0;0.0;0.0;0.0;0.0;0.0;0.0;0.0;0.0;0.0;0.0;0.0;0.0;0.0;0.0;0.0;0.0;0.0;0.0;0.0;0.0
São Benedito;SITIO FAVEIRA;-4.0528888888889;-40.963083333333;2003;8;0.0;0.0;0.0;0.0;0.0;0.0;0.0;0.0;0.0;0.0;0.0;0.0;0.0;0.0;0.0;0.0;0.0;0.0;0.0;0.0;0.0;0.0;0.0;0.0;0.0;0.0;0.0;0.0;0.0;0.0;0.0;0.0
São Benedito;SITIO FAVEIRA;-4.0528888888889;-40.963083333333;2003;9;0.0;0.0;0.0;0.0;0.0;0.0;0.0;0.0;0.0;0.0;0.0;0.0;0.0;0.0;0.0;0.0;0.0;0.0;0.0;0.0;0.0;0.0;0.0;0.0;0.0;0.0;0.0;0.0;0.0;0.0;0.0;888.0
São Benedito;SITIO FAVEIRA;-4.0528888888889;-40.963083333333;2003;10;0.0;0.0;0.0;0.0;0.0;0.0;0.0;0.0;0.0;0.0;0.0;0.0;0.0;0.0;0.0;0.0;0.0;0.0;0.0;0.0;0.0;0.0;0.0;0.0;0.0;0.0;0.0;0.0;0.0;0.0;0.0;0.0
São Benedito;SITIO FAVEIRA;-4.0528888888889;-40.963083333333;2003;11;0.0;0.0;0.0;0.0;0.0;0.0;0.0;0.0;0.0;0.0;0.0;0.0;0.0;0.0;0.0;0.0;0.0;0.0;0.0;0.0;0.0;0.0;0.0;0.0;0.0;0.0;0.0;0.0;0.0;0.0;0.0;888.0
São Benedito;SITIO FAVEIRA;-4.0528888888889;-40.963083333333;2003;12;41.0;0.0;0.0;0.0;0.0;0.0;0.0;0.0;0.0;0.0;0.0;0.0;0.0;0.0;0.0;0.0;0.0;0.0;0.0;0.0;0.0;0.0;0.0;0.0;0.0;0.0;0.0;0.0;0.0;28.0;13.0;0.0
São Benedito;SITIO FAVEIRA;-4.0528888888889;-40.963083333333;2004;1;476.4;0.0;0.0;0.0;0.0;0.0;0.0;0.0;0.0;0.0;0.0;0.0;0.0;0.0;5.2;19.0;0.0;0.0;40.2;0.0;8.6;27.2;12.0;32.2;48.0;40.0;4.2;39.4;15.2;105.6;78.4;1.2
São Benedito;SITIO FAVEIRA;-4.0528888888889;-40.963083333333;2004;2;182.8;2.4;17.2;11.0;0.0;1.4;4.2;0.0;0.0;6.4;1.2;0.0;0.0;16.0;42.6;2.2;40.0;4.0;0.0;0.0;0.0;0.0;12.0;0.0;0.0;0.0;0.0;17.0;4.2;1.0;888.0;888.0
São Benedito;SITIO FAVEIRA;-4.0528888888889;-40.963083333333;2004;3;232.6;9.2;0.0;0.0;0.0;0.0;104.0;0.0;46.0;13.8;0.0;7.0;0.0;6.8;0.0;0.0;1.2;0.0;0.0;0.0;0.0;4.0;11.2;0.0;0.0;4.0;0.0;23.0;0.0;0.0;0.0;2.4
São Benedito;SITIO FAVEIRA;-4.0528888888889;-40.963083333333;2004;4;54.6;2.0;0.0;0.0;0.0;2.0;0.0;0.0;3.2;3.8;0.0;0.0;0.0;0.0;0.0;0.0;11.2;3.4;1.2;4.8;4.2;0.0;3.4;7.2;0.0;0.0;6.8;0.0;1.4;0.0;0.0;888.0
São Benedito;SITIO FAVEIRA;-4.0528888888889;-40.963083333333;2004;5;129.2;0.0;0.0;0.0;0.0;23.4;0.0;0.0;0.0;0.0;10.2;14.4;12.0;7.0;0.0;0.0;0.0;0.0;0.0;0.0;0.0;21.2;0.0;0.0;0.0;32.2;0.0;0.0;0.0;6.0;2.8;0.0
São Benedito;SITIO FAVEIRA;-4.0528888888889;-40.963083333333;2004;6;71.2;20.4;0.0;0.0;0.0;2.6;2.8;3.2;0.0;0.0;0.0;0.0;0.0;0.0;0.0;8.2;0.0;0.0;13.2;0.0;0.0;6.2;9.2;0.0;0.0;0.0;0.0;0.0;0.0;5.4;0.0;888.0
São Benedito;SITIO FAVEIRA;-4.0528888888889;-40.963083333333;2004;7;37.0;2.2;0.0;0.0;2.0;0.0;0.0;0.0;0.0;0.0;0.0;0.0;0.0;0.0;0.0;0.0;0.0;32.8;0.0;0.0;0.0;0.0;0.0;0.0;0.0;0.0;0.0;0.0;0.0;0.0;0.0;0.0
São Benedito;SITIO FAVEIRA;-4.0528888888889;-40.963083333333;2004;8;0.0;0.0;0.0;0.0;0.0;0.0;0.0;0.0;0.0;0.0;0.0;0.0;0.0;0.0;0.0;0.0;0.0;0.0;0.0;0.0;0.0;0.0;0.0;0.0;0.0;0.0;0.0;0.0;0.0;0.0;0.0;0.0
São Benedito;SITIO FAVEIRA;-4.0528888888889;-40.963083333333;2004;9;0.0;0.0;0.0;0.0;0.0;0.0;0.0;0.0;0.0;0.0;0.0;0.0;0.0;0.0;0.0;0.0;0.0;0.0;0.0;0.0;0.0;0.0;0.0;0.0;0.0;0.0;0.0;0.0;0.0;0.0;0.0;888.0
São Benedito;SITIO FAVEIRA;-4.0528888888889;-40.963083333333;2004;10;0.0;0.0;0.0;0.0;0.0;0.0;0.0;0.0;0.0;0.0;0.0;0.0;0.0;0.0;0.0;0.0;0.0;0.0;0.0;0.0;0.0;0.0;0.0;0.0;0.0;0.0;0.0;0.0;0.0;0.0;0.0;0.0
São Benedito;SITIO FAVEIRA;-4.0528888888889;-40.963083333333;2004;11;0.0;0.0;0.0;0.0;0.0;0.0;0.0;0.0;0.0;0.0;0.0;0.0;0.0;0.0;0.0;0.0;0.0;0.0;0.0;0.0;0.0;0.0;0.0;0.0;0.0;0.0;0.0;0.0;0.0;0.0;0.0;888.0
São Benedito;SITIO FAVEIRA;-4.0528888888889;-40.963083333333;2004;12;0.0;0.0;0.0;0.0;0.0;0.0;0.0;0.0;0.0;0.0;0.0;0.0;0.0;0.0;0.0;0.0;0.0;0.0;0.0;0.0;0.0;0.0;0.0;0.0;0.0;0.0;0.0;0.0;0.0;0.0;0.0;0.0
São Benedito;SITIO FAVEIRA;-4.0528888888889;-40.963083333333;2005;1;39.6;0.0;0.0;0.0;0.0;0.0;0.0;0.0;0.0;0.0;0.0;0.0;0.0;0.0;0.0;0.0;0.0;21.0;17.2;0.0;1.4;0.0;0.0;0.0;0.0;0.0;0.0;0.0;0.0;0.0;0.0;0.0
São Benedito;SITIO FAVEIRA;-4.0528888888889;-40.963083333333;2005;2;73.8;0.0;0.0;0.0;0.0;0.0;0.0;0.0;0.0;0.0;0.0;0.0;1.8;0.0;3.2;11.0;16.8;15.8;8.2;0.0;0.0;0.0;0.0;0.0;0.0;0.0;10.2;4.8;2.0;888.0;888.0;888.0
São Benedito;SITIO FAVEIRA;-4.0528888888889;-40.963083333333;2005;3;109.4;0.0;0.0;0.0;35.0;0.0;0.0;0.0;0.0;0.0;0.0;0.0;1.0;0.0;0.0;0.0;0.0;0.0;0.0;3.0;43.4;5.8;6.2;1.6;6.0;7.4;0.0;0.0;0.0;0.0;0.0;0.0
São Benedito;SITIO FAVEIRA;-4.0528888888889;-40.963083333333;2005;4;47.6;0.0;3.4;8.2;0.0;7.0;0.0;6.0;2.2;0.0;5.6;0.0;0.0;0.0;0.0;0.0;0.0;0.0;0.0;5.0;0.0;0.0;0.0;0.0;0.0;0.0;0.0;0.0;0.0;0.0;10.2;888.0
São Benedito;SITIO FAVEIRA;-4.0528888888889;-40.963083333333;2005;5;91.4;0.0;0.0;2.0;0.0;0.0;0.0;0.0;0.0;0.0;0.0;0.0;0.0;2.2;3.0;2.2;0.0;10.4;5.0;0.0;0.0;20.4;0.0;0.0;40.2;0.0;0.0;0.0;0.0;4.0;0.0;2.0
São Benedito;SITIO FAVEIRA;-4.0528888888889;-40.963083333333;2005;6;24.6;0.0;4.0;0.0;0.0;0.0;7.8;2.4;0.0;1.6;5.2;0.0;0.0;0.0;0.0;1.4;0.0;0.0;0.0;0.0;0.0;0.0;0.0;0.0;0.0;0.0;0.0;2.2;0.0;0.0;0.0;888.0
São Benedito;SITIO FAVEIRA;-4.0528888888889;-40.963083333333;2005;7;0.0;0.0;0.0;0.0;0.0;0.0;0.0;0.0;0.0;0.0;0.0;0.0;0.0;0.0;0.0;0.0;0.0;0.0;0.0;0.0;0.0;0.0;0.0;0.0;0.0;0.0;0.0;0.0;0.0;0.0;0.0;0.0
São Benedito;SITIO FAVEIRA;-4.0528888888889;-40.963083333333;2005;8;0.0;0.0;0.0;0.0;0.0;0.0;0.0;0.0;0.0;0.0;0.0;0.0;0.0;0.0;0.0;0.0;0.0;0.0;0.0;0.0;0.0;0.0;0.0;0.0;0.0;0.0;0.0;0.0;0.0;0.0;0.0;999.0
São Benedito;SITIO FAVEIRA;-4.0528888888889;-40.963083333333;2005;9;0.0;0.0;0.0;0.0;0.0;0.0;0.0;0.0;0.0;0.0;0.0;0.0;0.0;0.0;0.0;0.0;0.0;0.0;0.0;0.0;0.0;0.0;0.0;0.0;0.0;0.0;0.0;0.0;0.0;0.0;0.0;888.0
São Benedito;SITIO FAVEIRA;-4.0528888888889;-40.963083333333;2005;10;0.0;0.0;0.0;0.0;0.0;0.0;0.0;0.0;0.0;0.0;0.0;0.0;0.0;0.0;0.0;0.0;0.0;0.0;0.0;0.0;0.0;0.0;0.0;0.0;0.0;0.0;0.0;0.0;0.0;0.0;0.0;0.0
São Benedito;SITIO FAVEIRA;-4.0528888888889;-40.963083333333;2005;11;0.0;0.0;0.0;0.0;0.0;0.0;0.0;0.0;0.0;0.0;0.0;0.0;0.0;0.0;0.0;0.0;0.0;0.0;0.0;0.0;0.0;0.0;0.0;0.0;0.0;0.0;0.0;0.0;0.0;0.0;0.0;888.0
São Benedito;SITIO FAVEIRA;-4.0528888888889;-40.963083333333;2005;12;16.6;0.0;0.0;0.0;0.0;0.0;0.0;0.0;16.6;0.0;0.0;0.0;0.0;0.0;0.0;0.0;0.0;0.0;0.0;0.0;0.0;0.0;0.0;0.0;0.0;0.0;0.0;0.0;0.0;0.0;0.0;0.0
São Benedito;SITIO FAVEIRA;-4.0528888888889;-40.963083333333;2006;1;9.8;0.0;9.8;0.0;0.0;0.0;0.0;0.0;0.0;0.0;0.0;0.0;0.0;0.0;0.0;0.0;0.0;0.0;0.0;0.0;0.0;0.0;0.0;0.0;0.0;0.0;0.0;0.0;0.0;0.0;0.0;0.0
São Benedito;SITIO FAVEIRA;-4.0528888888889;-40.963083333333;2006;2;92.8;0.0;0.0;0.0;0.0;0.0;0.0;0.0;0.0;0.0;0.0;0.0;3.6;0.0;1.2;17.8;0.0;0.0;0.0;43.2;5.4;4.2;0.0;13.8;0.0;3.6;0.0;0.0;0.0;888.0;888.0;888.0
São Benedito;SITIO FAVEIRA;-4.0528888888889;-40.963083333333;2006;3;133.4;11.8;5.4;39.0;13.6;0.0;0.0;4.0;4.2;0.0;0.0;0.0;0.0;0.0;0.0;0.0;0.0;0.0;0.0;5.4;0.0;0.0;0.0;7.8;5.2;14.2;1.0;9.2;0.0;0.0;4.4;8.2
São Benedito;SITIO FAVEIRA;-4.0528888888889;-40.963083333333;2006;4;142.8;0.0;7.4;0.0;0.0;21.2;4.4;0.0;8.2;2.2;0.0;0.0;2.6;0.0;0.0;0.0;8.2;8.4;1.8;24.0;0.0;10.2;21.4;0.0;0.0;12.2;8.4;0.0;0.0;0.0;2.2;888.0
São Benedito;SITIO FAVEIRA;-4.0528888888889;-40.963083333333;2006;5;164.0;39.4;0.0;0.0;0.0;12.2;2.6;6.0;45.0;10.2;9.8;3.4;5.2;17.0;0.0;0.0;0.0;0.0;0.0;0.0;0.0;0.0;0.0;0.0;0.0;0.0;7.8;5.4;0.0;0.0;0.0;0.0
São Benedito;SITIO FAVEIRA;-4.0528888888889;-40.963083333333;2006;6;0.0;0.0;0.0;0.0;0.0;0.0;0.0;0.0;0.0;0.0;0.0;0.0;0.0;0.0;0.0;0.0;0.0;0.0;0.0;0.0;0.0;0.0;0.0;0.0;0.0;0.0;0.0;0.0;0.0;0.0;0.0;888.0
São Benedito;SITIO FAVEIRA;-4.0528888888889;-40.963083333333;2006;7;0.0;0.0;0.0;0.0;0.0;0.0;0.0;0.0;0.0;0.0;0.0;0.0;0.0;0.0;0.0;0.0;0.0;0.0;0.0;0.0;0.0;0.0;0.0;0.0;0.0;0.0;0.0;0.0;0.0;0.0;0.0;0.0
São Benedito;SITIO FAVEIRA;-4.0528888888889;-40.963083333333;2006;8;0.0;0.0;0.0;0.0;0.0;0.0;0.0;0.0;0.0;0.0;0.0;0.0;0.0;0.0;0.0;0.0;0.0;0.0;0.0;0.0;0.0;0.0;0.0;0.0;0.0;0.0;0.0;0.0;0.0;0.0;0.0;0.0
São Benedito;SITIO FAVEIRA;-4.0528888888889;-40.963083333333;2006;9;0.0;0.0;0.0;0.0;0.0;0.0;0.0;0.0;0.0;0.0;0.0;0.0;0.0;0.0;0.0;0.0;0.0;0.0;0.0;0.0;0.0;0.0;0.0;0.0;0.0;0.0;0.0;0.0;0.0;0.0;0.0;888.0
São Benedito;SITIO FAVEIRA;-4.0528888888889;-40.963083333333;2006;10;0.0;0.0;0.0;0.0;0.0;0.0;0.0;0.0;0.0;0.0;0.0;0.0;0.0;0.0;0.0;0.0;0.0;0.0;0.0;0.0;0.0;0.0;0.0;0.0;0.0;0.0;0.0;0.0;0.0;0.0;0.0;0.0
São Benedito;SITIO FAVEIRA;-4.0528888888889;-40.963083333333;2006;11;0.0;0.0;0.0;0.0;0.0;0.0;0.0;0.0;0.0;0.0;0.0;0.0;0.0;0.0;0.0;0.0;0.0;0.0;0.0;0.0;0.0;0.0;0.0;0.0;0.0;0.0;0.0;0.0;0.0;0.0;0.0;888.0
São Benedito;SITIO FAVEIRA;-4.0528888888889;-40.963083333333;2006;12;0.0;0.0;0.0;0.0;0.0;0.0;0.0;0.0;0.0;0.0;0.0;0.0;0.0;0.0;0.0;0.0;0.0;0.0;0.0;0.0;0.0;0.0;0.0;0.0;0.0;0.0;0.0;0.0;0.0;0.0;0.0;0.0
São Benedito;SITIO FAVEIRA;-4.0528888888889;-40.963083333333;2007;1;3.4;0.0;3.4;0.0;0.0;0.0;0.0;0.0;0.0;0.0;0.0;0.0;0.0;0.0;0.0;0.0;0.0;0.0;0.0;0.0;0.0;0.0;0.0;0.0;0.0;0.0;0.0;0.0;0.0;0.0;0.0;0.0
São Benedito;SITIO FAVEIRA;-4.0528888888889;-40.963083333333;2007;2;217.0;0.0;0.0;0.0;2.2;2.0;0.0;0.0;5.0;0.0;0.0;0.0;0.0;0.0;1.2;28.0;2.6;14.2;21.8;26.2;70.2;0.0;37.4;0.0;0.0;2.0;0.0;0.0;4.2;888.0;888.0;888.0
São Benedito;SITIO FAVEIRA;-4.0528888888889;-40.963083333333;2007;3;115.8;0.0;8.0;25.2;28.8;5.2;2.8;22.2;3.0;0.0;0.0;3.6;0.0;0.0;0.0;4.8;5.2;0.0;0.0;0.0;1.0;0.0;0.0;3.2;0.0;0.0;0.0;0.0;0.0;2.8;0.0;0.0
São Benedito;SITIO FAVEIRA;-4.0528888888889;-40.963083333333;2007;4;158.4;4.2;5.4;0.0;0.0;2.4;5.6;37.2;6.0;27.8;2.2;0.0;2.0;0.0;0.0;0.0;0.0;0.0;21.2;0.0;25.0;0.0;6.4;0.0;0.0;5.2;0.0;4.0;0.0;3.8;0.0;888.0
São Benedito;SITIO FAVEIRA;-4.0528888888889;-40.963083333333;2007;5;36.4;0.0;0.0;7.2;24.0;0.0;0.0;0.0;0.0;0.0;0.0;0.0;0.0;0.0;0.0;0.0;0.0;0.0;0.0;0.0;0.0;0.0;0.0;0.0;0.0;5.2;0.0;0.0;0.0;0.0;0.0;0.0
São Benedito;SITIO FAVEIRA;-4.0528888888889;-40.963083333333;2007;6;47.2;3.2;0.0;0.0;0.0;0.0;44.0;0.0;0.0;0.0;0.0;0.0;0.0;0.0;0.0;0.0;0.0;0.0;0.0;0.0;0.0;0.0;0.0;0.0;0.0;0.0;0.0;0.0;0.0;0.0;0.0;888.0
São Benedito;SITIO FAVEIRA;-4.0528888888889;-40.963083333333;2007;7;0.0;0.0;0.0;0.0;0.0;0.0;0.0;0.0;0.0;0.0;0.0;0.0;0.0;0.0;0.0;0.0;0.0;0.0;0.0;0.0;0.0;0.0;0.0;0.0;0.0;0.0;0.0;0.0;0.0;0.0;0.0;0.0
São Benedito;SITIO FAVEIRA;-4.0528888888889;-40.963083333333;2007;8;0.0;0.0;0.0;0.0;0.0;0.0;0.0;0.0;0.0;0.0;0.0;0.0;0.0;0.0;0.0;0.0;0.0;0.0;0.0;0.0;0.0;0.0;0.0;0.0;0.0;0.0;0.0;0.0;0.0;0.0;0.0;0.0
São Benedito;SITIO FAVEIRA;-4.0528888888889;-40.963083333333;2007;9;0.0;0.0;0.0;0.0;0.0;0.0;0.0;0.0;0.0;0.0;0.0;0.0;0.0;0.0;0.0;0.0;0.0;0.0;0.0;0.0;0.0;0.0;0.0;0.0;0.0;0.0;0.0;0.0;0.0;0.0;0.0;888.0
São Benedito;SITIO FAVEIRA;-4.0528888888889;-40.963083333333;2007;10;0.0;0.0;0.0;0.0;0.0;0.0;0.0;0.0;0.0;0.0;0.0;0.0;0.0;0.0;0.0;0.0;0.0;0.0;0.0;0.0;0.0;0.0;0.0;0.0;0.0;0.0;0.0;0.0;0.0;0.0;0.0;0.0
São Benedito;SITIO FAVEIRA;-4.0528888888889;-40.963083333333;2007;11;0.0;0.0;0.0;0.0;0.0;0.0;0.0;0.0;0.0;0.0;0.0;0.0;0.0;0.0;0.0;0.0;0.0;0.0;0.0;0.0;0.0;0.0;0.0;0.0;0.0;0.0;0.0;0.0;0.0;0.0;0.0;888.0
São Benedito;SITIO FAVEIRA;-4.0528888888889;-40.963083333333;2007;12;0.0;0.0;0.0;0.0;0.0;0.0;0.0;0.0;0.0;0.0;0.0;0.0;0.0;0.0;0.0;0.0;0.0;0.0;0.0;0.0;0.0;0.0;0.0;0.0;0.0;0.0;0.0;0.0;0.0;0.0;0.0;0.0
São Benedito;SITIO FAVEIRA;-4.0528888888889;-40.963083333333;2008;1;112.7;0.0;0.0;4.0;0.0;0.0;0.0;0.0;0.0;0.0;0.0;0.0;0.0;0.0;0.0;0.0;0.0;6.2;1.2;0.0;0.0;0.0;5.2;0.0;2.8;8.4;0.0;2.7;14.4;0.0;4.0;63.8
São Benedito;SITIO FAVEIRA;-4.0528888888889;-40.963083333333;2008;2;77.2;21.4;2.0;0.0;0.0;0.0;0.0;0.0;0.0;0.0;0.0;0.0;15.6;0.0;0.0;4.2;5.0;1.8;0.0;0.0;4.2;1.6;17.4;0.0;0.0;0.0;0.0;0.0;0.0;4.0;888.0;888.0
São Benedito;SITIO FAVEIRA;-4.0528888888889;-40.963083333333;2008;3;298.8;0.0;1.6;0.0;0.0;0.0;8.4;0.0;0.0;6.0;5.0;0.0;2.8;0.0;0.0;2.6;35.4;6.8;0.0;0.0;12.6;18.0;5.0;16.2;29.2;13.8;5.0;28.0;0.0;0.0;36.0;66.4
São Benedito;SITIO FAVEIRA;-4.0528888888889;-40.963083333333;2008;4;101.8;43.0;32.4;26.4;0.0;0.0;0.0;0.0;0.0;0.0;0.0;0.0;0.0;0.0;0.0;0.0;0.0;0.0;0.0;0.0;0.0;0.0;0.0;0.0;0.0;0.0;0.0;0.0;0.0;0.0;0.0;888.0
São Benedito;SITIO FAVEIRA;-4.0528888888889;-40.963083333333;2008;5;0.0;0.0;0.0;0.0;0.0;0.0;0.0;0.0;0.0;0.0;0.0;0.0;0.0;0.0;0.0;0.0;0.0;0.0;0.0;0.0;0.0;0.0;0.0;0.0;0.0;0.0;0.0;0.0;0.0;0.0;0.0;0.0
São Benedito;SITIO FAVEIRA;-4.0528888888889;-40.963083333333;2008;6;0.0;0.0;0.0;0.0;0.0;0.0;0.0;0.0;0.0;0.0;0.0;0.0;0.0;0.0;0.0;0.0;0.0;0.0;0.0;0.0;0.0;0.0;0.0;0.0;0.0;0.0;0.0;0.0;0.0;0.0;0.0;888.0
São Benedito;SITIO FAVEIRA;-4.0528888888889;-40.963083333333;2008;7;0.0;0.0;0.0;0.0;0.0;0.0;0.0;0.0;0.0;0.0;0.0;0.0;0.0;0.0;0.0;0.0;0.0;0.0;0.0;0.0;0.0;0.0;0.0;0.0;0.0;0.0;0.0;0.0;0.0;0.0;0.0;0.0
São Benedito;SITIO FAVEIRA;-4.0528888888889;-40.963083333333;2008;8;0.0;0.0;0.0;0.0;0.0;0.0;0.0;0.0;0.0;0.0;0.0;0.0;0.0;0.0;0.0;0.0;0.0;0.0;0.0;0.0;0.0;0.0;0.0;0.0;0.0;0.0;0.0;0.0;0.0;0.0;0.0;0.0
São Benedito;SITIO FAVEIRA;-4.0528888888889;-40.963083333333;2008;9;0.0;0.0;0.0;0.0;0.0;0.0;0.0;0.0;0.0;0.0;0.0;0.0;0.0;0.0;0.0;0.0;0.0;0.0;0.0;0.0;0.0;0.0;0.0;0.0;0.0;0.0;0.0;0.0;0.0;0.0;0.0;888.0
São Benedito;SITIO FAVEIRA;-4.0528888888889;-40.963083333333;2008;10;0.0;0.0;0.0;0.0;0.0;0.0;0.0;0.0;0.0;0.0;0.0;0.0;0.0;0.0;0.0;0.0;0.0;0.0;0.0;0.0;0.0;0.0;0.0;0.0;0.0;0.0;0.0;0.0;0.0;0.0;0.0;0.0
São Benedito;SITIO FAVEIRA;-4.0528888888889;-40.963083333333;2008;11;0.0;0.0;0.0;0.0;0.0;0.0;0.0;0.0;0.0;0.0;0.0;0.0;0.0;0.0;0.0;0.0;0.0;0.0;0.0;0.0;0.0;0.0;0.0;0.0;0.0;0.0;0.0;0.0;0.0;0.0;0.0;888.0
São Benedito;SITIO FAVEIRA;-4.0528888888889;-40.963083333333;2008;12;0.0;0.0;0.0;0.0;0.0;0.0;0.0;0.0;0.0;0.0;0.0;0.0;0.0;0.0;0.0;0.0;0.0;0.0;0.0;0.0;0.0;0.0;0.0;0.0;0.0;0.0;0.0;0.0;0.0;0.0;0.0;0.0
São Benedito;SITIO FAVEIRA;-4.0528888888889;-40.963083333333;2009;1;91.2;0.0;0.0;0.0;0.0;0.0;0.0;0.0;0.0;0.0;0.0;0.0;0.0;0.0;0.0;0.0;0.0;0.0;25.0;0.0;0.0;0.0;14.0;7.4;24.8;0.0;13.0;0.0;0.0;0.0;7.0;0.0
São Benedito;SITIO FAVEIRA;-4.0528888888889;-40.963083333333;2009;2;102.6;0.0;0.0;20.2;13.4;0.0;0.0;9.8;0.0;0.0;0.0;0.0;0.0;1.2;0.0;4.0;0.0;0.0;0.0;2.8;0.0;3.6;0.0;19.4;10.2;0.0;11.0;7.0;0.0;888.0;888.0;888.0
São Benedito;SITIO FAVEIRA;-4.0528888888889;-40.963083333333;2009;3;193.2;1.2;7.0;37.0;11.4;16.6;2.0;13.8;7.0;0.0;0.0;0.0;2.0;0.0;0.0;38.6;0.0;16.4;7.2;0.0;3.0;0.0;2.4;4.0;14.8;6.2;1.2;1.4;0.0;0.0;0.0;0.0
São Benedito;SITIO FAVEIRA;-4.0528888888889;-40.963083333333;2009;4;365.6;5.6;22.0;21.2;5.0;5.8;0.0;0.0;0.0;7.0;2.8;33.6;27.2;10.8;20.4;0.0;1.2;0.0;0.0;9.0;4.2;11.0;4.2;0.0;44.2;40.2;18.0;7.6;32.4;7.2;25.0;888.0
São Benedito;SITIO FAVEIRA;-4.0528888888889;-40.963083333333;2009;5;330.0;7.2;25.0;127.0;2.2;8.0;14.0;2.2;1.4;2.0;0.0;37.0;3.2;0.0;0.0;0.0;0.0;0.0;0.0;2.8;0.0;8.0;0.0;3.0;4.2;0.0;0.0;54.0;26.8;2.0;0.0;0.0
São Benedito;SITIO FAVEIRA;-4.0528888888889;-40.963083333333;2009;6;68.6;0.0;0.0;3.0;34.2;1.8;2.2;0.0;0.0;0.0;1.2;3.0;0.0;0.0;0.0;0.0;0.0;0.0;0.0;0.0;0.0;0.0;0.0;5.0;4.0;3.2;11.0;0.0;0.0;0.0;0.0;888.0
São Benedito;SITIO FAVEIRA;-4.0528888888889;-40.963083333333;2009;7;0.0;0.0;0.0;0.0;0.0;0.0;0.0;0.0;0.0;0.0;0.0;0.0;0.0;0.0;0.0;0.0;0.0;0.0;0.0;0.0;0.0;0.0;0.0;0.0;0.0;0.0;0.0;0.0;0.0;0.0;0.0;0.0
São Benedito;SITIO FAVEIRA;-4.0528888888889;-40.963083333333;2009;8;0.0;0.0;0.0;0.0;0.0;0.0;0.0;0.0;0.0;0.0;0.0;0.0;0.0;0.0;0.0;0.0;0.0;0.0;0.0;0.0;0.0;0.0;0.0;0.0;0.0;0.0;0.0;0.0;0.0;0.0;0.0;0.0
São Benedito;SITIO FAVEIRA;-4.0528888888889;-40.963083333333;2009;9;0.0;0.0;0.0;0.0;0.0;0.0;0.0;0.0;0.0;0.0;0.0;0.0;0.0;0.0;0.0;0.0;0.0;0.0;0.0;0.0;0.0;0.0;0.0;0.0;0.0;0.0;0.0;0.0;0.0;0.0;0.0;888.0
São Benedito;SITIO FAVEIRA;-4.0528888888889;-40.963083333333;2009;10;0.0;0.0;0.0;0.0;0.0;0.0;0.0;0.0;0.0;0.0;0.0;0.0;0.0;0.0;0.0;0.0;0.0;0.0;0.0;0.0;0.0;0.0;0.0;0.0;0.0;0.0;0.0;0.0;0.0;0.0;0.0;0.0
São Benedito;SITIO FAVEIRA;-4.0528888888889;-40.963083333333;2009;11;0.0;0.0;0.0;0.0;0.0;0.0;0.0;0.0;0.0;0.0;0.0;0.0;0.0;0.0;0.0;0.0;0.0;0.0;0.0;0.0;0.0;0.0;0.0;0.0;0.0;0.0;0.0;0.0;0.0;0.0;0.0;888.0
São Benedito;SITIO FAVEIRA;-4.0528888888889;-40.963083333333;2009;12;0.0;0.0;0.0;0.0;0.0;0.0;0.0;0.0;0.0;0.0;0.0;0.0;0.0;0.0;0.0;0.0;0.0;0.0;0.0;0.0;0.0;0.0;0.0;0.0;0.0;0.0;0.0;0.0;0.0;0.0;0.0;0.0
São Benedito;SITIO FAVEIRA;-4.0528888888889;-40.963083333333;2010;1;48.0;0.0;0.0;5.0;6.0;0.0;0.0;0.0;0.0;0.0;8.2;11.0;0.0;0.0;0.0;0.0;0.0;0.0;0.0;0.0;0.0;0.0;0.0;0.0;0.0;0.0;0.0;0.0;12.8;0.0;5.0;0.0
São Benedito;SITIO FAVEIRA;-4.0528888888889;-40.963083333333;2010;2;23.6;0.0;0.0;0.0;0.0;0.0;0.0;0.0;0.0;5.2;0.0;0.0;5.0;0.0;0.0;8.6;4.8;0.0;0.0;0.0;0.0;0.0;0.0;0.0;0.0;0.0;0.0;0.0;0.0;888.0;888.0;888.0
São Benedito;SITIO FAVEIRA;-4.0528888888889;-40.963083333333;2010;3;71.4;0.0;0.0;0.0;0.0;0.0;0.0;17.0;0.0;0.0;0.0;0.0;0.0;0.0;0.0;0.0;0.0;0.0;0.0;2.8;23.0;14.4;0.0;0.0;0.0;4.0;1.2;0.0;1.0;8.0;0.0;0.0
São Benedito;SITIO FAVEIRA;-4.0528888888889;-40.963083333333;2010;4;55.0;0.0;2.0;12.0;4.2;0.0;0.0;3.0;0.0;0.0;7.8;26.0;999.0;999.0;999.0;999.0;999.0;999.0;999.0;999.0;999.0;999.0;999.0;999.0;999.0;999.0;999.0;999.0;999.0;999.0;999.0;888.0
São Benedito;SITIO FAVEIRA;-4.0528888888889;-40.963083333333;2011;1;170.2;0.0;0.0;0.0;0.0;0.0;0.0;0.0;0.0;0.0;34.2;0.0;0.0;0.0;9.0;0.0;0.0;0.0;0.0;0.0;2.2;0.0;0.0;0.0;4.8;23.0;67.4;0.0;0.0;5.6;24.0;0.0
São Benedito;SITIO FAVEIRA;-4.0528888888889;-40.963083333333;2011;2;62.2;1.8;0.0;0.0;0.0;0.0;0.0;0.0;0.0;0.0;0.0;0.0;5.2;0.0;0.0;0.0;6.0;7.8;0.0;0.0;8.0;0.0;19.0;0.0;2.2;0.0;6.0;6.2;0.0;888.0;888.0;888.0
São Benedito;SITIO FAVEIRA;-4.0528888888889;-40.963083333333;2011;3;148.6;29.4;14.0;0.0;2.2;2.4;0.0;1.0;7.0;8.2;0.0;1.0;2.0;0.0;0.0;0.0;0.0;0.0;0.0;0.0;0.0;0.0;0.0;29.0;0.0;4.2;8.4;9.0;7.8;0.0;23.0;0.0
São Benedito;SITIO FAVEIRA;-4.0528888888889;-40.963083333333;2011;4;74.2;0.0;2.2;0.0;4.8;5.0;2.0;0.0;1.2;0.0;1.0;1.4;2.6;12.0;40.0;2.0;0.0;0.0;0.0;0.0;0.0;0.0;0.0;0.0;0.0;0.0;0.0;0.0;0.0;0.0;0.0;888.0
São Benedito;SITIO FAVEIRA;-4.0528888888889;-40.963083333333;2011;5;0.0;0.0;0.0;0.0;0.0;0.0;0.0;0.0;0.0;0.0;0.0;0.0;0.0;0.0;0.0;0.0;0.0;0.0;0.0;0.0;0.0;0.0;0.0;0.0;0.0;0.0;0.0;0.0;0.0;0.0;0.0;0.0
São Benedito;SITIO FAVEIRA;-4.0528888888889;-40.963083333333;2011;6;0.0;0.0;0.0;0.0;0.0;0.0;0.0;0.0;0.0;0.0;0.0;0.0;0.0;0.0;0.0;0.0;0.0;0.0;0.0;0.0;0.0;0.0;0.0;0.0;0.0;0.0;0.0;0.0;0.0;0.0;0.0;888.0
São Benedito;SITIO FAVEIRA;-4.0528888888889;-40.963083333333;2011;7;0.0;0.0;0.0;0.0;0.0;0.0;0.0;0.0;0.0;0.0;0.0;0.0;0.0;0.0;0.0;0.0;0.0;0.0;0.0;0.0;0.0;0.0;0.0;0.0;0.0;0.0;0.0;0.0;0.0;0.0;0.0;0.0
São Benedito;SITIO FAVEIRA;-4.0528888888889;-40.963083333333;2011;8;0.0;0.0;0.0;0.0;0.0;0.0;0.0;0.0;0.0;0.0;0.0;0.0;0.0;0.0;0.0;0.0;0.0;0.0;0.0;0.0;0.0;0.0;0.0;0.0;0.0;0.0;0.0;0.0;0.0;0.0;0.0;0.0
São Benedito;SITIO FAVEIRA;-4.0528888888889;-40.963083333333;2011;9;1.0;1.0;0.0;0.0;0.0;0.0;0.0;0.0;0.0;0.0;0.0;0.0;0.0;0.0;0.0;0.0;0.0;0.0;0.0;0.0;0.0;0.0;0.0;0.0;0.0;0.0;0.0;0.0;0.0;0.0;0.0;888.0
São Benedito;SITIO FAVEIRA;-4.0528888888889;-40.963083333333;2011;10;15.0;0.0;0.0;0.0;0.0;0.0;0.0;0.0;0.0;0.0;0.0;0.0;0.0;0.0;0.0;0.0;0.0;15.0;0.0;0.0;0.0;0.0;0.0;0.0;0.0;0.0;0.0;0.0;0.0;0.0;0.0;0.0
São Benedito;SITIO FAVEIRA;-4.0528888888889;-40.963083333333;2011;11;0.0;0.0;0.0;0.0;0.0;0.0;0.0;0.0;0.0;0.0;0.0;0.0;0.0;0.0;0.0;0.0;0.0;0.0;0.0;0.0;0.0;0.0;0.0;0.0;0.0;0.0;0.0;0.0;0.0;0.0;0.0;888.0
São Benedito;SITIO FAVEIRA;-4.0528888888889;-40.963083333333;2011;12;0.0;0.0;0.0;0.0;0.0;0.0;0.0;0.0;0.0;0.0;0.0;0.0;0.0;0.0;0.0;0.0;0.0;0.0;0.0;0.0;0.0;0.0;0.0;0.0;0.0;0.0;0.0;0.0;0.0;0.0;0.0;0.0
São Benedito;SITIO FAVEIRA;-4.0528888888889;-40.963083333333;2012;1;34.6;0.0;0.0;0.0;0.0;0.0;0.0;0.0;0.0;0.0;3.6;0.0;0.0;0.0;0.0;0.0;0.0;0.0;0.0;0.0;3.2;2.0;0.0;7.0;13.0;5.8;0.0;0.0;0.0;0.0;0.0;0.0
São Benedito;SITIO FAVEIRA;-4.0528888888889;-40.963083333333;2012;2;206.4;3.6;0.0;0.0;0.0;0.0;0.0;0.0;0.0;0.0;0.0;0.0;21.8;0.0;48.0;0.0;3.0;39.0;3.0;13.0;5.2;16.4;0.0;0.0;1.0;5.8;25.6;0.0;19.0;2.0;888.0;888.0
São Benedito;SITIO FAVEIRA;-4.0528888888889;-40.963083333333;2012;3;7.6;0.0;0.0;0.0;4.4;0.0;0.0;0.0;0.0;0.0;1.2;2.0;0.0;0.0;0.0;0.0;0.0;0.0;0.0;0.0;0.0;0.0;0.0;999.0;999.0;999.0;999.0;999.0;999.0;999.0;999.0;999.0
São Benedito;SITIO FAVEIRA;-4.0528888888889;-40.963083333333;2013;1;109.0;0.0;0.0;0.0;38.4;9.2;0.0;0.0;8.0;0.0;0.0;0.0;0.0;0.0;0.0;0.0;0.0;0.0;0.0;0.0;0.0;0.0;0.0;0.0;0.0;53.4;0.0;0.0;0.0;0.0;0.0;0.0
São Benedito;SITIO FAVEIRA;-4.0528888888889;-40.963083333333;2013;2;38.8;0.0;0.0;0.0;0.0;0.0;0.0;0.0;5.0;0.0;3.6;12.0;0.0;0.0;0.0;0.0;6.8;10.4;1.0;0.0;0.0;0.0;0.0;0.0;0.0;0.0;0.0;0.0;0.0;888.0;888.0;888.0
São Benedito;SITIO FAVEIRA;-4.0528888888889;-40.963083333333;2013;3;38.8;0.0;0.0;0.0;0.0;0.0;0.0;0.0;0.0;0.0;0.0;0.0;0.0;0.0;0.0;0.0;0.0;0.0;0.0;0.0;3.6;0.0;32.0;0.0;0.0;0.0;2.0;1.2;0.0;0.0;0.0;0.0
São Benedito;SITIO FAVEIRA;-4.0528888888889;-40.963083333333;2013;4;60.0;14.2;0.0;0.0;14.0;0.0;0.0;0.0;0.0;0.0;5.4;0.0;0.0;0.0;0.0;0.0;0.0;0.0;11.8;0.0;6.6;8.0;0.0;0.0;0.0;0.0;0.0;0.0;0.0;0.0;0.0;888.0
São Benedito;SITIO FAVEIRA;-4.0528888888889;-40.963083333333;2014;1;109.6;0.0;0.0;0.0;0.0;0.0;0.0;1.2;19.0;7.2;4.0;5.6;18.0;0.0;7.0;3.6;0.0;0.0;0.0;0.0;0.0;0.0;0.0;0.0;0.0;0.0;0.0;0.0;1.0;0.0;0.0;43.0
São Benedito;SITIO FAVEIRA;-4.0528888888889;-40.963083333333;2014;2;109.0;0.0;0.0;0.0;0.0;0.0;0.0;0.0;2.0;4.4;7.6;0.0;9.8;1.0;0.0;0.0;0.0;17.0;3.0;51.0;9.2;4.0;0.0;0.0;0.0;0.0;0.0;0.0;0.0;888.0;888.0;888.0
São Benedito;SITIO FAVEIRA;-4.0528888888889;-40.963083333333;2014;3;116.0;0.0;0.0;0.0;7.0;19.2;0.0;12.2;1.0;0.0;41.0;0.0;1.4;0.0;1.8;0.0;9.0;18.2;1.4;0.0;0.0;3.8;0.0;0.0;0.0;0.0;0.0;0.0;0.0;0.0;0.0;0.0
São Benedito;SITIO FAVEIRA;-4.0528888888889;-40.963083333333;2014;4;69.6;1.0;2.8;6.0;0.0;1.2;0.0;18.0;1.0;1.2;12.0;4.0;4.2;0.0;2.2;0.0;0.0;1.0;15.0;0.0;0.0;0.0;0.0;0.0;0.0;0.0;0.0;0.0;0.0;0.0;0.0;888.0
São Benedito;SITIO FAVEIRA;-4.0528888888889;-40.963083333333;2014;5;0.0;0.0;0.0;0.0;0.0;0.0;0.0;0.0;0.0;0.0;0.0;0.0;0.0;0.0;0.0;0.0;0.0;0.0;0.0;0.0;0.0;0.0;0.0;0.0;0.0;0.0;0.0;0.0;0.0;0.0;0.0;0.0
São Benedito;SITIO FAVEIRA;-4.0528888888889;-40.963083333333;2014;6;10.6;0.0;0.0;0.0;0.0;0.0;0.0;0.0;0.0;999.0;2.0;0.0;1.0;0.0;0.0;5.2;0.0;0.0;0.0;0.0;0.0;0.0;0.0;0.0;0.0;0.0;2.4;0.0;0.0;0.0;0.0;888.0
São Benedito;SITIO FAVEIRA;-4.0528888888889;-40.963083333333;2014;7;0.0;0.0;0.0;0.0;0.0;0.0;0.0;0.0;0.0;0.0;0.0;0.0;0.0;0.0;0.0;0.0;0.0;0.0;0.0;0.0;0.0;0.0;0.0;0.0;0.0;0.0;0.0;0.0;0.0;0.0;0.0;0.0
São Benedito;SITIO FAVEIRA;-4.0528888888889;-40.963083333333;2014;8;0.0;0.0;0.0;0.0;0.0;0.0;0.0;0.0;0.0;0.0;0.0;0.0;0.0;0.0;0.0;0.0;0.0;0.0;0.0;0.0;0.0;0.0;0.0;0.0;0.0;0.0;0.0;0.0;0.0;0.0;0.0;0.0
São Benedito;SITIO FAVEIRA;-4.0528888888889;-40.963083333333;2014;9;0.0;0.0;0.0;0.0;0.0;0.0;0.0;0.0;0.0;0.0;0.0;0.0;0.0;0.0;0.0;0.0;0.0;0.0;0.0;0.0;0.0;0.0;0.0;0.0;0.0;0.0;0.0;999.0;999.0;999.0;999.0;888.0
São Benedito;SITIO FAVEIRA;-4.0528888888889;-40.963083333333;2015;1;28.0;19.0;0.0;0.0;0.0;0.0;0.0;1.0;8.0;0.0;0.0;0.0;0.0;0.0;0.0;0.0;0.0;0.0;0.0;0.0;0.0;0.0;0.0;0.0;0.0;0.0;0.0;0.0;0.0;0.0;0.0;0.0
São Benedito;SITIO FAVEIRA;-4.0528888888889;-40.963083333333;2015;2;87.6;0.0;0.0;0.0;3.4;28.0;0.0;0.0;0.0;0.0;0.0;0.0;0.0;0.0;0.0;0.0;0.0;0.0;0.0;0.0;4.0;0.0;6.2;7.4;10.6;28.0;0.0;0.0;0.0;888.0;888.0;888.0
São Benedito;SITIO FAVEIRA;-4.0528888888889;-40.963083333333;2015;3;140.0;12.0;0.0;31.6;0.0;0.0;3.0;2.0;3.2;1.8;11.0;22.4;0.0;12.0;0.0;0.0;1.2;0.0;0.0;0.0;0.0;0.0;16.2;0.0;6.4;0.0;0.0;5.0;1.6;5.2;2.4;3.0
São Benedito;SITIO FAVEIRA;-4.0528888888889;-40.963083333333;2015;4;101.2;3.0;0.0;9.0;33.0;1.2;0.0;0.0;0.0;4.0;9.6;7.4;1.0;2.0;10.2;1.2;0.0;0.0;1.4;0.0;0.0;0.0;0.0;1.0;1.2;16.0;0.0;0.0;0.0;0.0;0.0;888.0
São Benedito;SITIO FAVEIRA;-4.0528888888889;-40.963083333333;2015;5;32.0;2.8;0.0;0.0;0.0;0.0;7.0;0.0;0.0;0.0;1.6;0.0;0.0;0.0;0.0;8.2;0.0;0.0;2.0;0.0;1.0;0.0;0.0;0.0;0.0;5.4;0.0;0.0;0.0;0.0;0.0;4.0
São Benedito;SITIO FAVEIRA;-4.0528888888889;-40.963083333333;2015;6;44.0;0.0;0.0;0.0;0.0;15.4;0.0;0.0;1.6;0.0;0.0;4.0;0.0;0.0;0.0;0.0;0.0;0.0;0.0;0.0;0.0;0.0;0.0;23.0;0.0;0.0;0.0;0.0;0.0;0.0;0.0;888.0
São Benedito;SITIO FAVEIRA;-4.0528888888889;-40.963083333333;2015;7;44.6;1.2;0.0;2.4;30.2;9.8;1.0;0.0;0.0;0.0;0.0;0.0;0.0;0.0;0.0;0.0;0.0;0.0;0.0;0.0;0.0;0.0;0.0;0.0;0.0;0.0;0.0;0.0;0.0;0.0;0.0;0.0
São Benedito;SITIO FAVEIRA;-4.0528888888889;-40.963083333333;2015;8;0.0;0.0;0.0;0.0;0.0;0.0;0.0;0.0;0.0;0.0;0.0;0.0;0.0;999.0;999.0;999.0;999.0;999.0;999.0;999.0;999.0;999.0;999.0;999.0;999.0;999.0;999.0;999.0;999.0;999.0;999.0;999.0
São Benedito;SITIO FAVEIRA;-4.0528888888889;-40.963083333333;2016;1;145.6;2.6;0.0;0.0;0.0;0.0;0.0;0.0;0.0;3.4;4.0;0.0;0.0;0.0;0.0;0.0;0.0;17.2;2.0;2.0;1.8;9.2;57.0;4.0;31.2;5.8;0.0;5.4;0.0;0.0;0.0;0.0
São Benedito;SITIO FAVEIRA;-4.0528888888889;-40.963083333333;2016;2;51.2;10.2;0.0;14.0;1.0;0.0;0.0;0.0;0.0;0.0;3.8;0.0;0.0;0.0;0.0;0.0;0.0;0.0;0.0;0.0;0.0;0.0;0.0;13.8;0.0;0.0;8.4;0.0;0.0;0.0;888.0;888.0
São Benedito;SITIO FAVEIRA;-4.0528888888889;-40.963083333333;2016;3;142.4;0.0;0.0;0.0;16.0;0.0;24.2;0.0;0.0;0.0;0.0;0.0;13.4;0.0;0.0;0.0;0.0;0.0;11.0;0.0;0.0;23.2;0.0;0.0;0.0;0.0;1.8;9.0;10.2;1.6;17.8;14.2
São Benedito;SITIO FAVEIRA;-4.0528888888889;-40.963083333333;2016;4;55.4;5.0;5.2;4.0;0.0;0.0;1.0;20.2;0.0;0.0;0.0;0.0;5.4;0.0;0.0;4.0;0.0;2.6;0.0;5.0;0.0;0.0;0.0;3.0;0.0;0.0;0.0;0.0;0.0;0.0;0.0;888.0
São Benedito;SITIO FAVEIRA;-4.0528888888889;-40.963083333333;2016;5;36.8;0.0;2.2;9.4;0.0;0.0;0.0;0.0;0.0;2.0;4.2;7.0;3.8;7.0;0.0;0.0;0.0;0.0;0.0;0.0;0.0;0.0;0.0;0.0;0.0;0.0;0.0;0.0;0.0;0.0;0.0;1.2
São Benedito;SITIO FAVEIRA;-4.0528888888889;-40.963083333333;2016;6;0.0;0.0;999.0;999.0;999.0;999.0;999.0;999.0;999.0;999.0;999.0;999.0;999.0;999.0;999.0;999.0;999.0;999.0;999.0;999.0;999.0;999.0;999.0;999.0;999.0;999.0;999.0;999.0;999.0;999.0;999.0;888.0
São Benedito;SITIO FAVEIRA;-4.0528888888889;-40.963083333333;2017;1;49.6;0.0;0.0;0.0;0.0;3.4;6.0;0.0;0.0;0.0;0.0;0.0;6.2;0.0;0.0;0.0;0.0;0.0;0.0;2.8;0.0;0.0;0.0;0.0;16.0;0.0;0.0;3.0;0.0;12.2;0.0;0.0
São Benedito;SITIO FAVEIRA;-4.0528888888889;-40.963083333333;2017;2;123.8;16.0;11.0;0.0;0.0;0.0;0.0;0.0;0.0;0.0;0.0;2.0;7.2;30.2;12.4;0.0;0.0;4.2;10.4;4.0;9.6;2.4;6.4;0.0;0.0;8.0;0.0;0.0;0.0;888.0;888.0;888.0
São Benedito;SITIO FAVEIRA;-4.0528888888889;-40.963083333333;2017;3;119.6;8.0;3.0;10.8;1.0;0.0;6.8;2.2;2.0;1.0;0.0;17.2;3.0;1.4;3.0;8.2;0.0;4.2;3.0;0.0;0.0;5.6;7.4;1.0;9.0;6.0;5.0;0.0;1.0;7.6;1.0;1.2
São Benedito;SITIO FAVEIRA;-4.0528888888889;-40.963083333333;2017;4;180.0;27.4;10.2;3.0;0.0;0.0;2.0;0.0;0.0;0.0;5.2;20.2;11.0;8.4;3.6;19.0;0.0;0.0;0.0;0.0;1.0;8.4;0.0;22.0;0.0;38.6;0.0;0.0;0.0;0.0;0.0;888.0
São Benedito;SITIO FAVEIRA;-4.0528888888889;-40.963083333333;2017;5;41.8;11.4;1.0;0.0;1.0;2.0;0.0;0.0;0.0;1.0;7.2;0.0;0.0;0.0;0.0;0.0;0.0;0.0;0.0;0.0;0.0;0.0;0.0;0.0;0.0;0.0;0.0;0.0;0.0;18.2;0.0;0.0
São Benedito;SITIO FAVEIRA;-4.0528888888889;-40.963083333333;2017;6;28.0;3.0;0.0;0.0;0.0;1.0;0.0;0.0;0.0;0.0;0.0;0.0;24.0;0.0;0.0;0.0;0.0;0.0;0.0;0.0;0.0;0.0;0.0;0.0;0.0;0.0;0.0;0.0;0.0;0.0;0.0;888.0
São Benedito;SITIO FAVEIRA;-4.0528888888889;-40.963083333333;2017;7;8.0;0.0;8.0;0.0;0.0;0.0;0.0;0.0;0.0;0.0;0.0;0.0;0.0;0.0;0.0;0.0;0.0;0.0;0.0;0.0;0.0;0.0;0.0;0.0;0.0;0.0;0.0;0.0;0.0;0.0;0.0;0.0
São Benedito;SITIO FAVEIRA;-4.0528888888889;-40.963083333333;2017;8;0.0;0.0;0.0;0.0;0.0;0.0;0.0;0.0;0.0;0.0;0.0;0.0;0.0;0.0;0.0;0.0;0.0;0.0;0.0;0.0;0.0;0.0;0.0;0.0;0.0;0.0;0.0;0.0;0.0;0.0;0.0;0.0
São Benedito;SITIO FAVEIRA;-4.0528888888889;-40.963083333333;2017;9;0.0;0.0;0.0;0.0;0.0;0.0;0.0;0.0;0.0;0.0;0.0;0.0;0.0;0.0;0.0;0.0;0.0;0.0;0.0;0.0;0.0;0.0;0.0;0.0;0.0;0.0;0.0;0.0;0.0;0.0;0.0;888.0
São Benedito;SITIO FAVEIRA;-4.0528888888889;-40.963083333333;2017;10;0.0;0.0;0.0;0.0;0.0;0.0;0.0;0.0;0.0;0.0;0.0;0.0;0.0;0.0;0.0;0.0;0.0;0.0;0.0;0.0;0.0;0.0;0.0;0.0;0.0;0.0;0.0;0.0;0.0;0.0;0.0;0.0
São Benedito;SITIO FAVEIRA;-4.0528888888889;-40.963083333333;2017;11;0.0;0.0;0.0;0.0;0.0;0.0;0.0;0.0;0.0;0.0;0.0;0.0;0.0;0.0;0.0;0.0;0.0;0.0;0.0;0.0;0.0;0.0;0.0;0.0;0.0;0.0;0.0;0.0;0.0;0.0;0.0;888.0
São Benedito;SITIO FAVEIRA;-4.0528888888889;-40.963083333333;2017;12;0.0;0.0;0.0;0.0;0.0;0.0;0.0;0.0;0.0;0.0;0.0;0.0;0.0;0.0;0.0;0.0;0.0;0.0;0.0;0.0;0.0;0.0;0.0;0.0;0.0;0.0;0.0;0.0;0.0;0.0;0.0;0.0
São Benedito;SITIO FAVEIRA;-4.0528888888889;-40.963083333333;2018;1;24.8;0.0;0.0;0.0;0.0;0.0;0.0;7.0;1.4;0.0;0.0;0.0;0.0;0.0;0.0;0.0;0.0;0.0;0.0;0.0;5.2;0.0;0.0;0.0;0.0;6.0;0.0;3.0;2.2;0.0;0.0;0.0
São Benedito;SITIO FAVEIRA;-4.0528888888889;-40.963083333333;2018;2;251.3;0.0;0.0;0.0;0.0;0.0;0.0;0.0;62.4;29.0;0.0;1.6;12.0;1.0;5.2;37.0;1.0;0.0;3.0;6.8;1.0;33.0;1.5;0.0;28.2;0.0;2.0;21.6;5.0;888.0;888.0;888.0
São Benedito;SITIO FAVEIRA;-4.0528888888889;-40.963083333333;2018;3;70.0;0.0;6.0;10.2;0.0;6.2;1.0;0.0;0.0;0.0;0.0;0.0;0.0;0.0;0.0;0.0;0.0;0.0;0.0;0.0;0.0;0.0;0.0;1.8;0.0;0.0;0.0;1.4;1.0;23.0;18.2;1.2
São Benedito;SITIO FAVEIRA;-4.0528888888889;-40.963083333333;2018;4;214.6;0.0;5.8;19.4;2.0;16.8;0.0;0.0;0.0;1.8;8.0;23.0;39.0;8.0;13.4;0.0;2.0;45.2;15.0;0.0;0.0;0.0;2.6;7.2;1.4;0.0;0.0;0.0;0.0;0.0;4.0;888.0
São Benedito;SITIO FAVEIRA;-4.0528888888889;-40.963083333333;2018;5;40.2;5.2;5.0;0.0;0.0;0.0;0.0;7.0;0.0;0.0;1.0;0.0;0.0;12.0;0.0;0.0;0.0;0.0;4.2;1.0;0.0;0.0;0.0;0.0;0.0;0.0;0.0;4.8;0.0;0.0;0.0;0.0
São Benedito;SITIO FAVEIRA;-4.0528888888889;-40.963083333333;2018;6;15.4;0.0;0.0;0.0;1.0;0.0;1.0;0.0;2.0;0.0;0.0;0.0;0.0;0.0;0.0;0.0;0.0;4.0;7.4;0.0;0.0;0.0;0.0;0.0;0.0;0.0;0.0;0.0;0.0;0.0;0.0;888.0
São Benedito;SITIO FAVEIRA;-4.0528888888889;-40.963083333333;2018;7;11.6;0.0;0.0;0.0;0.0;0.0;0.0;10.2;1.4;0.0;0.0;0.0;0.0;0.0;0.0;0.0;0.0;0.0;0.0;0.0;0.0;0.0;0.0;0.0;0.0;0.0;0.0;0.0;0.0;0.0;0.0;0.0
São Benedito;SITIO FAVEIRA;-4.0528888888889;-40.963083333333;2018;8;0.0;0.0;0.0;0.0;0.0;0.0;0.0;0.0;0.0;0.0;0.0;0.0;0.0;0.0;0.0;0.0;0.0;0.0;0.0;0.0;0.0;0.0;0.0;0.0;0.0;0.0;0.0;0.0;0.0;0.0;0.0;0.0
