Municipios;Postos;Latitude;Longitude;Anos;Meses;Total;Dia1;Dia2;Dia3;Dia4;Dia5;Dia6;Dia7;Dia8;Dia9;Dia10;Dia11;Dia12;Dia13;Dia14;Dia15;Dia16;Dia17;Dia18;Dia19;Dia20;Dia21;Dia22;Dia23;Dia24;Dia25;Dia26;Dia27;Dia28;Dia29;Dia30;Dia31
Acaraú;ARANAU;-2.8232222222222;-40.222361111111;2000;11;0.0;0.0;0.0;0.0;0.0;0.0;0.0;0.0;0.0;0.0;0.0;0.0;0.0;0.0;0.0;0.0;0.0;0.0;0.0;0.0;0.0;0.0;0.0;0.0;0.0;0.0;0.0;0.0;0.0;0.0;0.0;888.0
Acaraú;ARANAU;-2.8232222222222;-40.222361111111;2000;12;0.0;0.0;0.0;0.0;0.0;0.0;0.0;0.0;0.0;0.0;0.0;0.0;0.0;0.0;0.0;0.0;0.0;0.0;0.0;0.0;0.0;0.0;0.0;0.0;0.0;0.0;0.0;0.0;0.0;0.0;0.0;0.0
Acaraú;ARANAU;-2.8232222222222;-40.222361111111;2001;1;167.4;0.0;0.0;0.0;50.0;0.0;0.0;0.0;0.0;0.0;0.0;0.0;0.0;21.0;8.1;0.0;1.4;0.0;0.0;0.0;0.0;33.4;0.0;38.3;0.0;0.0;0.0;0.0;0.0;0.0;0.0;15.2
Acaraú;ARANAU;-2.8232222222222;-40.222361111111;2001;2;153.6;16.0;0.0;0.0;0.0;0.0;7.0;0.0;0.0;0.0;44.1;13.0;0.0;5.0;0.0;0.0;0.0;0.0;13.3;0.0;0.0;0.0;10.2;0.0;0.0;11.0;34.0;0.0;0.0;888.0;888.0;888.0
Acaraú;ARANAU;-2.8232222222222;-40.222361111111;2001;3;114.6;5.1;1.2;0.0;0.0;0.0;0.0;32.0;0.0;0.0;5.0;0.0;14.2;2.0;1.1;0.0;0.0;0.0;0.0;0.0;0.0;0.0;18.0;0.0;0.0;0.0;0.0;0.0;0.0;0.0;36.0;0.0
Acaraú;ARANAU;-2.8232222222222;-40.222361111111;2001;4;126.8;5.0;7.3;0.0;10.3;0.0;0.0;0.0;0.0;15.2;0.0;24.0;0.0;0.0;0.0;8.4;4.2;0.0;10.0;0.0;0.0;14.3;0.0;0.0;0.0;18.2;0.0;2.4;3.1;0.0;4.4;888.0
Acaraú;ARANAU;-2.8232222222222;-40.222361111111;2001;5;30.4;0.0;0.0;0.0;0.0;0.0;3.4;13.2;0.0;0.0;0.0;0.0;0.0;0.0;0.0;0.0;0.0;0.0;0.0;0.0;0.0;0.0;0.0;0.0;0.0;0.0;6.3;0.0;3.2;4.3;0.0;0.0
Acaraú;ARANAU;-2.8232222222222;-40.222361111111;2001;6;98.6;10.4;2.3;6.1;0.0;0.0;0.0;21.4;1.1;0.0;0.0;0.0;0.0;11.4;13.2;25.4;0.0;0.0;0.0;0.0;0.0;0.0;0.0;5.0;0.0;0.0;0.0;0.0;0.0;2.3;0.0;888.0
Acaraú;ARANAU;-2.8232222222222;-40.222361111111;2001;7;4.0;0.0;4.0;0.0;0.0;0.0;0.0;0.0;0.0;0.0;0.0;0.0;0.0;0.0;0.0;0.0;0.0;0.0;0.0;0.0;0.0;0.0;0.0;0.0;0.0;0.0;0.0;0.0;0.0;0.0;0.0;0.0
Acaraú;ARANAU;-2.8232222222222;-40.222361111111;2001;8;0.0;0.0;0.0;0.0;0.0;0.0;0.0;0.0;0.0;0.0;0.0;0.0;0.0;0.0;0.0;0.0;0.0;0.0;0.0;0.0;0.0;0.0;0.0;0.0;0.0;0.0;0.0;0.0;0.0;0.0;0.0;0.0
Acaraú;ARANAU;-2.8232222222222;-40.222361111111;2001;9;0.0;0.0;0.0;0.0;0.0;0.0;0.0;0.0;0.0;0.0;0.0;0.0;0.0;0.0;0.0;0.0;0.0;0.0;0.0;0.0;0.0;0.0;0.0;0.0;0.0;0.0;0.0;0.0;0.0;0.0;0.0;888.0
Acaraú;ARANAU;-2.8232222222222;-40.222361111111;2001;10;0.0;0.0;0.0;0.0;0.0;0.0;0.0;0.0;0.0;0.0;0.0;0.0;0.0;0.0;0.0;0.0;0.0;0.0;0.0;0.0;0.0;0.0;0.0;0.0;0.0;0.0;0.0;0.0;0.0;0.0;0.0;0.0
Acaraú;ARANAU;-2.8232222222222;-40.222361111111;2001;11;0.0;0.0;0.0;0.0;0.0;0.0;0.0;0.0;0.0;0.0;0.0;0.0;0.0;0.0;0.0;0.0;0.0;0.0;0.0;0.0;0.0;0.0;0.0;0.0;0.0;0.0;0.0;0.0;0.0;0.0;0.0;888.0
Acaraú;ARANAU;-2.8232222222222;-40.222361111111;2001;12;9.1;0.0;0.0;0.0;0.0;0.0;0.0;0.0;0.0;0.0;0.0;0.0;0.0;0.0;0.0;0.0;8.1;1.0;0.0;0.0;0.0;0.0;0.0;0.0;0.0;0.0;0.0;0.0;0.0;0.0;0.0;0.0
Acaraú;ARANAU;-2.8232222222222;-40.222361111111;2002;1;147.5;0.0;0.0;0.0;0.0;0.0;0.0;21.0;15.3;10.3;0.0;6.3;0.0;2.2;1.3;1.0;10.2;12.1;48.4;0.0;0.0;0.0;2.2;0.0;0.0;0.0;1.1;16.1;0.0;0.0;0.0;0.0
Acaraú;ARANAU;-2.8232222222222;-40.222361111111;2002;2;46.6;29.1;0.0;0.0;0.0;0.0;8.0;0.0;0.0;0.0;0.0;0.0;0.0;4.1;5.4;0.0;0.0;0.0;0.0;0.0;0.0;0.0;0.0;0.0;0.0;0.0;0.0;0.0;0.0;888.0;888.0;888.0
Acaraú;ARANAU;-2.8232222222222;-40.222361111111;2002;3;271.4;0.0;0.0;3.1;11.0;51.1;0.0;21.0;0.0;44.3;4.0;0.0;0.0;0.0;0.0;2.1;6.3;14.1;0.0;0.0;7.4;0.0;0.0;25.4;51.2;0.0;15.4;0.0;0.0;0.0;0.0;15.0
Acaraú;ARANAU;-2.8232222222222;-40.222361111111;2002;4;232.8;0.0;9.2;12.1;25.3;33.0;6.1;5.1;23.0;0.0;29.1;4.0;16.4;0.0;0.0;15.1;0.0;0.0;14.2;0.0;0.0;10.0;0.0;14.0;0.0;16.2;0.0;0.0;0.0;0.0;0.0;888.0
Acaraú;ARANAU;-2.8232222222222;-40.222361111111;2002;5;122.4;0.0;6.4;11.3;0.0;0.0;0.0;11.1;0.0;3.4;0.0;0.0;0.0;0.0;4.0;0.0;0.0;4.0;0.0;0.0;0.0;0.0;5.2;10.0;15.3;25.2;0.0;22.0;0.0;1.2;0.0;3.3
Acaraú;ARANAU;-2.8232222222222;-40.222361111111;2002;6;38.1;0.0;3.0;0.0;0.0;0.0;17.2;0.0;0.0;0.0;7.3;0.0;0.0;2.3;7.3;0.0;1.0;0.0;0.0;0.0;0.0;0.0;0.0;0.0;0.0;0.0;0.0;0.0;0.0;0.0;0.0;888.0
Acaraú;ARANAU;-2.8232222222222;-40.222361111111;2002;7;44.0;8.4;11.0;0.0;0.0;0.0;0.0;0.0;0.0;0.0;3.0;6.2;0.0;0.0;0.0;0.0;5.0;0.0;0.0;0.0;0.0;0.0;0.0;0.0;1.3;4.1;5.0;0.0;0.0;0.0;0.0;0.0
Acaraú;ARANAU;-2.8232222222222;-40.222361111111;2002;8;0.0;0.0;0.0;0.0;0.0;0.0;0.0;0.0;0.0;0.0;0.0;0.0;0.0;0.0;0.0;0.0;0.0;0.0;0.0;0.0;0.0;0.0;0.0;0.0;0.0;0.0;0.0;0.0;0.0;0.0;0.0;0.0
Acaraú;ARANAU;-2.8232222222222;-40.222361111111;2002;9;0.0;0.0;0.0;0.0;0.0;0.0;0.0;0.0;0.0;0.0;0.0;0.0;0.0;0.0;0.0;0.0;0.0;0.0;0.0;0.0;0.0;0.0;0.0;0.0;0.0;0.0;0.0;0.0;0.0;0.0;0.0;888.0
Acaraú;ARANAU;-2.8232222222222;-40.222361111111;2002;10;0.0;0.0;0.0;0.0;0.0;0.0;0.0;0.0;0.0;0.0;0.0;0.0;0.0;0.0;0.0;0.0;0.0;0.0;0.0;0.0;0.0;0.0;0.0;0.0;0.0;0.0;0.0;0.0;0.0;0.0;0.0;0.0
Acaraú;ARANAU;-2.8232222222222;-40.222361111111;2002;11;0.0;0.0;0.0;0.0;0.0;0.0;0.0;0.0;0.0;0.0;0.0;0.0;0.0;0.0;0.0;0.0;0.0;0.0;0.0;0.0;0.0;0.0;0.0;0.0;0.0;0.0;0.0;0.0;0.0;0.0;0.0;888.0
Acaraú;ARANAU;-2.8232222222222;-40.222361111111;2002;12;9.7;0.0;0.0;0.0;0.0;0.0;0.0;0.0;0.0;0.0;0.0;0.0;0.0;0.0;0.0;0.0;0.0;0.0;0.0;0.0;0.0;0.0;0.0;0.0;0.0;0.0;8.4;1.3;0.0;0.0;0.0;0.0
Acaraú;ARANAU;-2.8232222222222;-40.222361111111;2003;1;89.2;0.0;0.0;0.0;0.0;0.0;0.0;0.0;0.0;0.0;0.0;0.0;0.0;0.0;0.0;0.0;0.0;0.0;0.0;9.2;0.0;20.0;1.0;3.0;41.4;0.0;0.0;3.2;0.0;0.0;9.0;2.4
Acaraú;ARANAU;-2.8232222222222;-40.222361111111;2003;2;352.9;8.2;9.1;36.4;0.0;27.1;49.2;5.3;0.0;0.0;3.4;24.1;29.3;2.0;0.0;0.0;0.0;2.1;37.4;7.0;1.3;40.1;0.0;1.0;12.4;16.4;1.0;0.0;40.1;888.0;888.0;888.0
Acaraú;ARANAU;-2.8232222222222;-40.222361111111;2003;3;711.4;30.1;0.0;3.2;36.1;39.2;31.3;4.2;3.1;6.2;0.0;37.0;33.0;0.0;49.2;32.1;101.4;1.0;12.3;26.2;0.0;11.0;7.3;26.0;126.2;1.3;2.4;8.2;30.1;18.3;35.0;0.0
Acaraú;ARANAU;-2.8232222222222;-40.222361111111;2003;4;287.4;15.1;0.0;7.1;0.0;1.3;4.0;24.1;39.4;0.0;35.0;0.0;0.0;0.0;0.0;16.0;0.0;0.0;67.0;7.3;14.0;0.0;0.0;10.0;1.4;0.0;37.4;0.0;0.0;0.0;8.3;888.0
Acaraú;ARANAU;-2.8232222222222;-40.222361111111;2003;5;143.1;13.1;21.2;0.0;0.0;22.0;6.0;0.0;0.0;0.0;41.2;3.0;9.0;1.0;0.0;0.0;7.4;0.0;0.0;5.2;0.0;0.0;0.0;0.0;0.0;0.0;0.0;0.0;0.0;0.0;0.0;14.0
Acaraú;ARANAU;-2.8232222222222;-40.222361111111;2003;6;29.3;0.0;5.1;0.0;0.0;0.0;11.0;0.0;0.0;4.3;0.0;2.2;0.0;0.0;0.0;0.0;3.4;0.0;0.0;0.0;0.0;2.3;0.0;0.0;0.0;0.0;1.0;0.0;0.0;0.0;0.0;888.0
Acaraú;ARANAU;-2.8232222222222;-40.222361111111;2003;7;11.3;0.0;0.0;0.0;0.0;0.0;0.0;0.0;0.0;0.0;0.0;0.0;0.0;11.3;0.0;0.0;0.0;0.0;0.0;0.0;0.0;0.0;0.0;0.0;0.0;0.0;0.0;0.0;0.0;0.0;0.0;0.0
Acaraú;ARANAU;-2.8232222222222;-40.222361111111;2003;8;8.2;0.0;0.0;0.0;0.0;0.0;0.0;0.0;0.0;0.0;0.0;0.0;0.0;0.0;0.0;0.0;0.0;0.0;0.0;8.2;0.0;0.0;0.0;0.0;0.0;0.0;0.0;0.0;0.0;0.0;0.0;0.0
Acaraú;ARANAU;-2.8232222222222;-40.222361111111;2003;9;0.0;0.0;0.0;0.0;0.0;0.0;0.0;0.0;0.0;0.0;0.0;0.0;0.0;0.0;0.0;0.0;0.0;0.0;0.0;0.0;0.0;0.0;0.0;0.0;0.0;0.0;0.0;0.0;0.0;0.0;0.0;888.0
Acaraú;ARANAU;-2.8232222222222;-40.222361111111;2003;10;0.0;0.0;0.0;0.0;0.0;0.0;0.0;0.0;0.0;0.0;0.0;0.0;0.0;0.0;0.0;0.0;0.0;0.0;0.0;0.0;0.0;0.0;0.0;0.0;0.0;0.0;0.0;0.0;0.0;0.0;0.0;0.0
Acaraú;ARANAU;-2.8232222222222;-40.222361111111;2003;11;0.0;0.0;0.0;0.0;0.0;0.0;0.0;0.0;0.0;0.0;0.0;0.0;0.0;0.0;0.0;0.0;0.0;0.0;0.0;0.0;0.0;0.0;0.0;0.0;0.0;0.0;0.0;0.0;0.0;0.0;0.0;888.0
Acaraú;ARANAU;-2.8232222222222;-40.222361111111;2003;12;0.0;0.0;0.0;0.0;0.0;0.0;0.0;0.0;0.0;0.0;0.0;0.0;0.0;0.0;0.0;0.0;0.0;0.0;0.0;0.0;0.0;0.0;0.0;0.0;0.0;0.0;0.0;0.0;0.0;0.0;0.0;0.0
Acaraú;ARANAU;-2.8232222222222;-40.222361111111;2004;1;458.9;0.0;0.0;0.0;0.0;0.0;0.0;0.0;0.0;0.0;9.1;0.0;0.0;5.1;0.0;10.0;0.0;25.0;30.1;0.0;0.0;15.0;1.0;37.2;92.0;26.0;1.0;61.0;17.0;126.2;1.2;2.0
Acaraú;ARANAU;-2.8232222222222;-40.222361111111;2004;2;460.5;0.0;5.2;3.1;53.2;6.4;2.2;1.2;28.2;208.2;0.0;4.3;47.1;23.4;5.1;3.0;4.3;16.3;0.0;0.0;0.0;25.4;0.0;0.0;15.1;0.0;1.2;1.3;0.0;6.3;888.0;888.0
Acaraú;ARANAU;-2.8232222222222;-40.222361111111;2004;3;204.3;30.0;0.0;0.0;26.0;0.0;0.0;4.0;21.4;0.0;5.1;4.3;0.0;21.3;10.0;3.0;13.1;12.0;0.0;0.0;0.0;0.0;0.0;21.4;0.0;13.1;0.0;9.4;10.2;0.0;0.0;0.0
Acaraú;ARANAU;-2.8232222222222;-40.222361111111;2004;4;120.8;0.0;3.1;0.0;0.0;3.3;9.1;9.1;31.4;17.3;0.0;0.0;0.0;0.0;0.0;0.0;0.0;0.0;5.2;1.1;0.0;0.0;0.0;41.2;0.0;0.0;0.0;0.0;0.0;0.0;0.0;888.0
Acaraú;ARANAU;-2.8232222222222;-40.222361111111;2004;5;19.5;0.0;0.0;0.0;0.0;17.4;0.0;0.0;0.0;0.0;0.0;0.0;0.0;0.0;0.0;0.0;0.0;0.0;0.0;0.0;0.0;0.0;0.0;0.0;0.0;0.0;0.0;0.0;2.1;0.0;0.0;0.0
Acaraú;ARANAU;-2.8232222222222;-40.222361111111;2004;6;73.4;2.0;0.0;0.0;0.0;0.0;4.0;0.0;0.0;0.0;0.0;0.0;0.0;0.0;0.0;20.3;0.0;0.0;3.1;0.0;0.0;0.0;44.0;0.0;0.0;0.0;0.0;0.0;0.0;0.0;0.0;888.0
Acaraú;ARANAU;-2.8232222222222;-40.222361111111;2004;7;15.6;0.0;2.1;5.3;0.0;0.0;0.0;0.0;0.0;0.0;0.0;0.0;0.0;0.0;0.0;0.0;0.0;0.0;8.2;0.0;0.0;0.0;0.0;0.0;0.0;0.0;0.0;0.0;0.0;0.0;0.0;0.0
Acaraú;ARANAU;-2.8232222222222;-40.222361111111;2004;8;0.0;0.0;0.0;0.0;0.0;0.0;0.0;0.0;0.0;0.0;0.0;0.0;0.0;0.0;0.0;0.0;0.0;0.0;0.0;0.0;0.0;0.0;0.0;0.0;0.0;0.0;0.0;0.0;0.0;0.0;0.0;0.0
Acaraú;ARANAU;-2.8232222222222;-40.222361111111;2004;9;0.0;0.0;0.0;0.0;0.0;0.0;0.0;0.0;0.0;0.0;0.0;0.0;0.0;0.0;0.0;0.0;0.0;0.0;0.0;0.0;0.0;0.0;0.0;0.0;0.0;0.0;0.0;0.0;0.0;0.0;0.0;888.0
Acaraú;ARANAU;-2.8232222222222;-40.222361111111;2004;10;0.0;0.0;0.0;0.0;0.0;0.0;0.0;0.0;0.0;0.0;0.0;0.0;0.0;0.0;0.0;0.0;0.0;0.0;0.0;0.0;0.0;0.0;0.0;0.0;0.0;0.0;0.0;0.0;0.0;0.0;0.0;0.0
Acaraú;ARANAU;-2.8232222222222;-40.222361111111;2004;11;0.0;0.0;0.0;0.0;0.0;0.0;0.0;0.0;0.0;0.0;0.0;0.0;0.0;0.0;0.0;0.0;0.0;0.0;0.0;0.0;0.0;0.0;0.0;0.0;0.0;0.0;0.0;0.0;0.0;0.0;0.0;888.0
Acaraú;ARANAU;-2.8232222222222;-40.222361111111;2004;12;0.0;0.0;0.0;0.0;0.0;0.0;0.0;0.0;0.0;0.0;0.0;0.0;0.0;0.0;0.0;0.0;0.0;0.0;0.0;0.0;0.0;0.0;0.0;0.0;0.0;0.0;0.0;0.0;0.0;0.0;0.0;0.0
Acaraú;ARANAU;-2.8232222222222;-40.222361111111;2005;1;4.1;0.0;0.0;0.0;0.0;0.0;0.0;0.0;0.0;0.0;0.0;0.0;0.0;0.0;0.0;0.0;0.0;0.0;0.0;0.0;0.0;0.0;0.0;0.0;0.0;4.1;0.0;0.0;0.0;0.0;0.0;0.0
Acaraú;ARANAU;-2.8232222222222;-40.222361111111;2005;2;71.5;0.0;0.0;0.0;0.0;0.0;0.0;0.0;2.2;0.0;0.0;0.0;21.0;5.2;0.0;0.0;13.1;13.1;0.0;10.1;0.0;0.0;0.0;0.0;0.0;0.0;2.4;2.4;2.0;888.0;888.0;888.0
Acaraú;ARANAU;-2.8232222222222;-40.222361111111;2005;3;115.8;0.0;0.0;0.0;0.0;0.0;0.0;0.0;0.0;0.0;0.0;0.0;10.4;0.0;32.1;0.0;0.0;0.0;2.2;0.0;1.0;0.0;0.0;0.0;10.1;5.4;0.0;0.0;34.1;12.4;0.0;8.1
Acaraú;ARANAU;-2.8232222222222;-40.222361111111;2005;4;217.9;14.2;10.3;5.0;0.0;0.0;31.1;2.2;0.0;15.1;37.3;20.0;0.0;0.0;0.0;0.0;7.1;0.0;0.0;13.2;0.0;0.0;0.0;0.0;11.0;0.0;0.0;0.0;0.0;16.1;35.3;888.0
Acaraú;ARANAU;-2.8232222222222;-40.222361111111;2005;5;165.7;0.0;0.0;0.0;0.0;0.0;0.0;21.1;0.0;0.0;9.3;0.0;17.4;18.1;0.0;16.2;0.0;0.0;3.1;0.0;0.0;0.0;0.0;0.0;55.2;0.0;8.2;2.0;0.0;0.0;0.0;15.1
Acaraú;ARANAU;-2.8232222222222;-40.222361111111;2005;6;24.0;0.0;0.0;0.0;0.0;0.0;3.0;0.0;0.0;0.0;0.0;0.0;0.0;0.0;0.0;0.0;16.0;0.0;0.0;0.0;0.0;0.0;0.0;0.0;4.0;1.0;0.0;0.0;0.0;0.0;0.0;888.0
Acaraú;ARANAU;-2.8232222222222;-40.222361111111;2005;7;32.6;0.0;0.0;0.0;0.0;0.0;0.0;0.0;0.0;29.2;3.4;0.0;0.0;0.0;0.0;0.0;0.0;0.0;0.0;0.0;0.0;0.0;0.0;0.0;0.0;0.0;0.0;0.0;0.0;0.0;0.0;0.0
Acaraú;ARANAU;-2.8232222222222;-40.222361111111;2005;8;0.0;0.0;0.0;0.0;0.0;0.0;0.0;0.0;0.0;0.0;0.0;0.0;0.0;0.0;0.0;0.0;0.0;0.0;0.0;0.0;0.0;0.0;0.0;0.0;0.0;0.0;0.0;0.0;0.0;0.0;0.0;0.0
Acaraú;ARANAU;-2.8232222222222;-40.222361111111;2005;9;0.0;0.0;0.0;0.0;0.0;0.0;0.0;0.0;0.0;0.0;0.0;0.0;0.0;0.0;0.0;0.0;0.0;0.0;0.0;0.0;0.0;0.0;0.0;0.0;0.0;0.0;0.0;0.0;0.0;0.0;0.0;888.0
Acaraú;ARANAU;-2.8232222222222;-40.222361111111;2005;10;0.0;0.0;0.0;0.0;0.0;0.0;0.0;0.0;0.0;0.0;0.0;0.0;0.0;0.0;0.0;0.0;0.0;0.0;0.0;0.0;0.0;0.0;0.0;0.0;0.0;0.0;0.0;0.0;0.0;0.0;0.0;0.0
Acaraú;ARANAU;-2.8232222222222;-40.222361111111;2005;11;0.0;0.0;0.0;0.0;0.0;0.0;0.0;0.0;0.0;0.0;0.0;0.0;0.0;0.0;0.0;0.0;0.0;0.0;0.0;0.0;0.0;0.0;0.0;0.0;0.0;0.0;0.0;0.0;0.0;0.0;0.0;888.0
Acaraú;ARANAU;-2.8232222222222;-40.222361111111;2005;12;0.0;0.0;0.0;0.0;0.0;0.0;0.0;0.0;0.0;0.0;0.0;0.0;0.0;0.0;0.0;0.0;0.0;0.0;0.0;0.0;0.0;0.0;0.0;0.0;0.0;0.0;0.0;0.0;0.0;0.0;0.0;0.0
Acaraú;ARANAU;-2.8232222222222;-40.222361111111;2006;1;22.9;0.0;0.0;0.0;0.0;0.0;0.0;0.0;0.0;0.0;10.4;0.0;0.0;0.0;0.0;0.0;0.0;0.0;0.0;0.0;4.4;8.1;0.0;0.0;0.0;0.0;0.0;0.0;0.0;0.0;0.0;0.0
Acaraú;ARANAU;-2.8232222222222;-40.222361111111;2006;2;81.9;0.0;0.0;0.0;0.0;0.0;0.0;0.0;0.0;0.0;0.0;0.0;6.0;6.1;3.2;40.1;0.0;6.4;0.0;3.1;0.0;0.0;5.3;7.4;3.3;1.0;0.0;0.0;0.0;888.0;888.0;888.0
Acaraú;ARANAU;-2.8232222222222;-40.222361111111;2006;3;319.8;6.0;1.0;20.0;6.1;41.1;7.4;3.3;0.0;0.0;0.0;0.0;0.0;6.3;63.0;0.0;6.4;1.2;2.2;0.0;0.0;0.0;65.3;7.4;45.3;0.0;2.1;9.2;0.0;2.1;18.0;6.4
Acaraú;ARANAU;-2.8232222222222;-40.222361111111;2006;4;326.3;0.0;0.0;0.0;0.0;51.2;4.2;3.4;10.4;30.3;5.0;18.3;5.0;0.0;4.4;4.0;29.4;23.4;24.3;2.4;21.1;4.1;24.1;0.0;0.0;30.1;0.0;0.0;31.2;0.0;0.0;888.0
Acaraú;ARANAU;-2.8232222222222;-40.222361111111;2006;5;168.8;0.0;15.2;0.0;0.0;12.2;16.0;29.2;0.0;6.2;3.3;5.4;0.0;1.3;5.0;0.0;0.0;0.0;0.0;43.1;0.0;7.3;0.0;0.0;0.0;0.0;0.0;13.4;0.0;11.2;0.0;0.0
Acaraú;ARANAU;-2.8232222222222;-40.222361111111;2006;6;64.1;0.0;0.0;0.0;0.0;20.1;5.4;0.0;0.0;0.0;0.0;0.0;0.0;0.0;0.0;0.0;20.2;0.0;0.0;3.3;0.0;0.0;0.0;0.0;0.0;0.0;0.0;0.0;0.0;15.1;0.0;888.0
Acaraú;ARANAU;-2.8232222222222;-40.222361111111;2006;7;6.1;0.0;0.0;0.0;0.0;0.0;0.0;0.0;0.0;0.0;0.0;6.1;0.0;0.0;0.0;0.0;0.0;0.0;0.0;0.0;0.0;0.0;0.0;0.0;0.0;0.0;0.0;0.0;0.0;0.0;0.0;0.0
Acaraú;ARANAU;-2.8232222222222;-40.222361111111;2006;8;0.0;0.0;0.0;0.0;0.0;0.0;0.0;0.0;0.0;0.0;0.0;0.0;0.0;0.0;0.0;0.0;0.0;0.0;0.0;0.0;0.0;0.0;0.0;0.0;0.0;0.0;0.0;0.0;0.0;0.0;0.0;0.0
Acaraú;ARANAU;-2.8232222222222;-40.222361111111;2006;9;3.3;0.0;0.0;0.0;0.0;0.0;0.0;0.0;0.0;0.0;0.0;0.0;0.0;0.0;0.0;0.0;0.0;0.0;0.0;0.0;1.0;0.0;0.0;0.0;0.0;0.0;0.0;2.3;0.0;0.0;0.0;888.0
Acaraú;ARANAU;-2.8232222222222;-40.222361111111;2006;10;0.0;0.0;0.0;0.0;0.0;0.0;0.0;0.0;0.0;0.0;0.0;0.0;0.0;0.0;0.0;0.0;0.0;0.0;0.0;0.0;0.0;0.0;0.0;0.0;0.0;0.0;0.0;0.0;0.0;0.0;0.0;0.0
Acaraú;ARANAU;-2.8232222222222;-40.222361111111;2006;11;0.0;0.0;0.0;0.0;0.0;0.0;0.0;0.0;0.0;0.0;0.0;0.0;0.0;0.0;0.0;0.0;0.0;0.0;0.0;0.0;0.0;0.0;0.0;0.0;0.0;0.0;0.0;0.0;0.0;0.0;0.0;888.0
Acaraú;ARANAU;-2.8232222222222;-40.222361111111;2006;12;4.3;0.0;0.0;0.0;0.0;0.0;0.0;0.0;0.0;0.0;0.0;0.0;0.0;0.0;0.0;0.0;0.0;0.0;0.0;0.0;0.0;0.0;0.0;0.0;0.0;4.3;0.0;0.0;0.0;0.0;0.0;0.0
Acaraú;ARANAU;-2.8232222222222;-40.222361111111;2007;1;31.3;0.0;0.0;0.0;10.2;0.0;0.0;8.0;0.0;0.0;13.1;0.0;0.0;0.0;0.0;0.0;0.0;0.0;0.0;0.0;0.0;0.0;0.0;0.0;0.0;0.0;0.0;0.0;0.0;0.0;0.0;0.0
Acaraú;ARANAU;-2.8232222222222;-40.222361111111;2007;2;286.7;0.0;0.0;0.0;0.0;19.3;0.0;0.0;12.1;6.4;0.0;0.0;0.0;0.0;14.2;0.0;17.4;17.3;3.2;50.0;86.1;0.0;10.1;25.2;20.4;0.0;0.0;5.0;0.0;888.0;888.0;888.0
Acaraú;ARANAU;-2.8232222222222;-40.222361111111;2007;3;204.7;45.4;13.2;14.3;7.0;0.0;17.4;1.2;15.4;0.0;0.0;9.2;0.0;21.2;0.0;2.4;17.2;7.0;5.2;0.0;0.0;0.0;12.3;0.0;0.0;0.0;0.0;0.0;16.3;0.0;0.0;0.0
Acaraú;ARANAU;-2.8232222222222;-40.222361111111;2007;4;198.1;0.0;29.4;0.0;11.2;0.0;0.0;0.0;33.1;0.0;8.3;0.0;8.4;0.0;3.3;4.3;0.0;0.0;30.4;3.4;0.0;0.0;22.3;0.0;0.0;28.0;0.0;0.0;16.0;0.0;0.0;888.0
Acaraú;ARANAU;-2.8232222222222;-40.222361111111;2007;5;35.5;0.0;0.0;0.0;0.0;12.0;0.0;0.0;0.0;6.0;0.0;0.0;8.2;3.3;0.0;0.0;0.0;0.0;0.0;0.0;0.0;0.0;0.0;0.0;0.0;6.0;0.0;0.0;0.0;0.0;0.0;0.0
Acaraú;ARANAU;-2.8232222222222;-40.222361111111;2007;6;29.4;0.0;0.0;0.0;0.0;0.0;0.0;0.0;0.0;0.0;0.0;0.0;0.0;0.0;0.0;12.1;2.0;15.3;0.0;0.0;0.0;0.0;0.0;0.0;0.0;0.0;0.0;0.0;0.0;0.0;0.0;0.0
Acaraú;ARANAU;-2.8232222222222;-40.222361111111;2007;7;0.0;0.0;0.0;0.0;0.0;0.0;0.0;0.0;0.0;0.0;0.0;0.0;0.0;0.0;0.0;0.0;0.0;0.0;0.0;0.0;0.0;0.0;0.0;0.0;0.0;0.0;0.0;0.0;0.0;0.0;0.0;0.0
Acaraú;ARANAU;-2.8232222222222;-40.222361111111;2007;8;0.0;0.0;0.0;0.0;0.0;0.0;0.0;0.0;0.0;0.0;0.0;0.0;0.0;0.0;0.0;0.0;0.0;0.0;0.0;0.0;0.0;0.0;0.0;0.0;0.0;0.0;0.0;0.0;0.0;0.0;0.0;0.0
Acaraú;ARANAU;-2.8232222222222;-40.222361111111;2007;9;0.0;0.0;0.0;0.0;0.0;0.0;0.0;0.0;0.0;0.0;0.0;0.0;0.0;0.0;0.0;0.0;0.0;0.0;0.0;0.0;0.0;0.0;0.0;0.0;0.0;0.0;0.0;0.0;0.0;0.0;0.0;888.0
Acaraú;ARANAU;-2.8232222222222;-40.222361111111;2007;10;0.0;0.0;0.0;0.0;0.0;0.0;0.0;0.0;0.0;0.0;0.0;0.0;0.0;0.0;0.0;0.0;0.0;0.0;0.0;0.0;0.0;0.0;0.0;0.0;0.0;0.0;0.0;0.0;0.0;0.0;0.0;0.0
Acaraú;ARANAU;-2.8232222222222;-40.222361111111;2007;11;0.0;0.0;0.0;0.0;0.0;0.0;0.0;0.0;0.0;0.0;0.0;0.0;0.0;0.0;0.0;0.0;0.0;0.0;0.0;0.0;0.0;0.0;0.0;0.0;0.0;0.0;0.0;0.0;0.0;0.0;0.0;888.0
Acaraú;ARANAU;-2.8232222222222;-40.222361111111;2007;12;29.4;0.0;0.0;0.0;0.0;0.0;0.0;0.0;0.0;0.0;0.0;0.0;0.0;0.0;0.0;12.1;2.0;15.3;0.0;0.0;0.0;0.0;0.0;0.0;0.0;0.0;0.0;0.0;0.0;0.0;0.0;0.0
Acaraú;ARANAU;-2.8232222222222;-40.222361111111;2008;1;126.3;0.0;9.0;0.0;0.0;0.0;10.2;0.0;3.4;0.0;0.0;0.0;0.0;0.0;9.3;0.0;3.3;0.0;22.0;17.0;0.0;0.0;0.0;14.2;22.3;0.0;0.0;0.0;7.2;0.0;0.0;8.4
Acaraú;ARANAU;-2.8232222222222;-40.222361111111;2008;2;103.0;0.0;0.0;0.0;0.0;0.0;0.0;0.0;0.0;0.0;0.0;0.0;0.0;0.0;6.0;0.0;0.0;0.0;6.3;0.0;28.4;13.0;13.2;24.0;0.0;0.0;0.0;0.0;0.0;12.1;888.0;888.0
Acaraú;ARANAU;-2.8232222222222;-40.222361111111;2008;3;303.0;26.4;5.3;0.0;4.4;5.4;0.0;0.0;0.0;0.0;7.1;0.0;0.0;45.4;0.0;10.0;52.3;0.0;0.0;8.2;7.3;0.0;23.1;0.0;23.0;1.1;53.3;10.3;3.0;11.3;6.1;0.0
Acaraú;ARANAU;-2.8232222222222;-40.222361111111;2008;4;337.1;74.3;8.3;0.0;0.0;10.4;52.3;9.3;31.0;8.2;0.0;11.4;29.2;0.0;0.0;0.0;0.0;0.0;7.4;0.0;4.3;7.2;5.4;45.4;0.0;0.0;33.0;0.0;0.0;0.0;0.0;888.0
Acaraú;ARANAU;-2.8232222222222;-40.222361111111;2008;5;154.3;0.0;0.0;22.3;0.0;15.0;0.0;0.0;3.4;0.0;21.3;0.0;43.4;4.0;0.0;6.1;16.1;7.1;8.2;0.0;0.0;0.0;0.0;0.0;0.0;0.0;0.0;0.0;0.0;7.4;0.0;0.0
Acaraú;ARANAU;-2.8232222222222;-40.222361111111;2008;6;60.1;0.0;0.0;0.0;0.0;0.0;0.0;0.0;0.0;0.0;0.0;0.0;0.0;0.0;60.1;0.0;0.0;0.0;0.0;0.0;0.0;0.0;0.0;0.0;0.0;0.0;0.0;0.0;0.0;0.0;0.0;888.0
Acaraú;ARANAU;-2.8232222222222;-40.222361111111;2008;7;15.3;0.0;0.0;0.0;0.0;0.0;0.0;0.0;0.0;0.0;15.3;0.0;0.0;0.0;0.0;0.0;0.0;0.0;0.0;0.0;0.0;0.0;0.0;0.0;0.0;0.0;0.0;0.0;0.0;0.0;0.0;0.0
Acaraú;ARANAU;-2.8232222222222;-40.222361111111;2008;8;15.3;0.0;0.0;0.0;0.0;0.0;0.0;0.0;0.0;0.0;15.3;0.0;0.0;0.0;0.0;0.0;0.0;0.0;0.0;0.0;0.0;0.0;0.0;0.0;0.0;0.0;0.0;0.0;0.0;0.0;0.0;0.0
Acaraú;ARANAU;-2.8232222222222;-40.222361111111;2008;9;0.0;0.0;0.0;0.0;0.0;0.0;0.0;0.0;0.0;0.0;0.0;0.0;0.0;0.0;0.0;0.0;0.0;0.0;0.0;0.0;0.0;0.0;0.0;0.0;0.0;0.0;0.0;0.0;0.0;0.0;0.0;888.0
Acaraú;ARANAU;-2.8232222222222;-40.222361111111;2008;10;0.0;0.0;0.0;0.0;0.0;0.0;0.0;0.0;0.0;0.0;0.0;0.0;0.0;0.0;0.0;0.0;0.0;0.0;0.0;0.0;0.0;0.0;0.0;0.0;0.0;0.0;0.0;0.0;0.0;0.0;0.0;0.0
Acaraú;ARANAU;-2.8232222222222;-40.222361111111;2008;11;0.0;0.0;0.0;0.0;0.0;0.0;0.0;0.0;0.0;0.0;0.0;0.0;0.0;0.0;0.0;0.0;0.0;0.0;0.0;0.0;0.0;0.0;0.0;0.0;0.0;0.0;0.0;0.0;0.0;0.0;0.0;888.0
Acaraú;ARANAU;-2.8232222222222;-40.222361111111;2008;12;0.0;0.0;0.0;0.0;0.0;0.0;0.0;0.0;0.0;0.0;0.0;0.0;0.0;0.0;0.0;0.0;0.0;0.0;0.0;0.0;0.0;0.0;0.0;0.0;0.0;0.0;0.0;0.0;0.0;0.0;0.0;0.0
Acaraú;ARANAU;-2.8232222222222;-40.222361111111;2009;1;244.7;0.0;0.0;0.0;0.0;0.0;0.0;0.0;0.0;0.0;0.0;4.3;0.0;0.0;0.0;0.0;3.4;0.0;21.0;38.4;2.3;0.0;90.3;56.3;0.0;0.0;3.0;0.0;0.0;0.0;4.4;21.3
Acaraú;ARANAU;-2.8232222222222;-40.222361111111;2009;2;397.0;0.0;0.0;4.4;39.1;10.2;0.0;0.0;0.0;0.0;0.0;0.0;5.0;1.2;18.2;0.0;24.2;6.0;17.3;9.3;2.0;4.3;26.0;98.1;27.4;0.0;0.0;36.0;68.3;888.0;888.0;888.0
Acaraú;ARANAU;-2.8232222222222;-40.222361111111;2009;3;607.9;10.0;6.1;13.1;0.0;46.0;109.0;0.0;0.0;0.0;0.0;6.2;0.0;0.0;0.0;11.4;43.0;86.0;0.0;0.0;0.0;0.0;29.2;92.1;39.1;0.0;5.3;0.0;84.0;0.0;27.4;0.0
Acaraú;ARANAU;-2.8232222222222;-40.222361111111;2009;4;899.6;26.0;0.0;0.0;0.0;13.4;9.2;91.1;3.0;18.3;190.3;64.4;19.0;149.1;0.0;0.0;0.0;69.2;20.3;7.1;22.3;12.0;38.0;0.0;30.4;69.0;3.1;38.0;0.0;0.0;6.4;888.0
Acaraú;ARANAU;-2.8232222222222;-40.222361111111;2009;5;485.4;0.0;71.1;16.2;27.0;0.0;11.2;0.0;0.0;31.1;0.0;0.0;62.4;12.2;0.0;0.0;42.4;13.3;0.0;17.1;31.2;54.2;0.0;18.4;32.0;15.0;3.4;0.0;0.0;0.0;8.2;19.0
Acaraú;ARANAU;-2.8232222222222;-40.222361111111;2009;6;173.0;0.0;0.0;0.0;56.2;0.0;0.0;36.1;0.0;0.0;0.0;2.2;5.2;0.0;0.0;0.0;0.0;0.0;0.0;0.0;0.0;0.0;0.0;19.0;0.0;44.3;0.0;0.0;0.0;0.0;10.0;888.0
Acaraú;ARANAU;-2.8232222222222;-40.222361111111;2009;7;68.9;0.0;0.0;0.0;0.0;0.0;0.0;0.0;0.0;0.0;0.0;15.4;0.0;0.0;0.0;0.0;0.0;12.1;0.0;0.0;0.0;0.0;0.0;22.0;19.4;0.0;0.0;0.0;0.0;0.0;0.0;0.0
Acaraú;ARANAU;-2.8232222222222;-40.222361111111;2009;8;0.0;0.0;0.0;0.0;0.0;0.0;0.0;0.0;0.0;0.0;0.0;0.0;0.0;0.0;0.0;0.0;0.0;0.0;0.0;0.0;0.0;0.0;0.0;0.0;0.0;0.0;0.0;0.0;0.0;0.0;0.0;0.0
Acaraú;ARANAU;-2.8232222222222;-40.222361111111;2009;9;0.0;0.0;0.0;0.0;0.0;0.0;0.0;0.0;0.0;0.0;0.0;0.0;0.0;0.0;0.0;0.0;0.0;0.0;0.0;0.0;0.0;0.0;0.0;0.0;0.0;0.0;0.0;0.0;0.0;0.0;0.0;888.0
Acaraú;ARANAU;-2.8232222222222;-40.222361111111;2009;10;0.0;0.0;0.0;0.0;0.0;0.0;0.0;0.0;0.0;0.0;0.0;0.0;0.0;0.0;0.0;0.0;0.0;0.0;0.0;0.0;0.0;0.0;0.0;0.0;0.0;0.0;0.0;0.0;0.0;0.0;0.0;0.0
Acaraú;ARANAU;-2.8232222222222;-40.222361111111;2009;11;0.0;0.0;0.0;0.0;0.0;0.0;0.0;0.0;0.0;0.0;0.0;0.0;0.0;0.0;0.0;0.0;0.0;0.0;0.0;0.0;0.0;0.0;0.0;0.0;0.0;0.0;0.0;0.0;0.0;0.0;0.0;888.0
Acaraú;ARANAU;-2.8232222222222;-40.222361111111;2009;12;0.0;0.0;0.0;0.0;0.0;0.0;0.0;0.0;0.0;0.0;0.0;0.0;0.0;0.0;0.0;0.0;0.0;0.0;0.0;0.0;0.0;0.0;0.0;0.0;0.0;0.0;0.0;0.0;0.0;0.0;0.0;0.0
Acaraú;ARANAU;-2.8232222222222;-40.222361111111;2010;1;65.9;0.0;0.0;0.0;18.4;0.0;0.0;0.0;0.0;0.0;0.0;0.0;0.0;0.0;0.0;0.0;0.0;0.0;0.0;0.0;0.0;0.0;0.0;0.0;0.0;0.0;0.0;0.0;43.3;0.0;0.0;4.2
Acaraú;ARANAU;-2.8232222222222;-40.222361111111;2010;2;40.3;0.0;0.0;0.0;0.0;0.0;0.0;0.0;0.0;0.0;0.0;15.0;14.1;0.0;0.0;0.0;0.0;0.0;0.0;0.0;0.0;11.2;0.0;0.0;0.0;0.0;0.0;0.0;0.0;888.0;888.0;888.0
Acaraú;ARANAU;-2.8232222222222;-40.222361111111;2010;3;148.3;0.0;0.0;0.0;0.0;0.0;0.0;0.0;0.0;0.0;0.0;0.0;0.0;0.0;0.0;0.0;0.0;0.0;0.0;0.0;12.2;23.2;27.2;0.0;0.0;0.0;47.2;0.0;7.2;0.0;31.3;0.0
Acaraú;ARANAU;-2.8232222222222;-40.222361111111;2010;4;236.8;0.0;13.1;26.0;72.4;0.0;0.0;0.0;0.0;13.3;11.4;0.0;16.1;0.0;0.0;0.0;12.0;25.0;38.4;0.0;0.0;0.0;9.1;0.0;0.0;0.0;0.0;0.0;0.0;0.0;0.0;888.0
Acaraú;ARANAU;-2.8232222222222;-40.222361111111;2010;5;119.1;12.3;0.0;16.4;0.0;5.2;0.0;0.0;0.0;5.4;0.0;0.0;0.0;0.0;18.0;0.0;0.0;0.0;0.0;0.0;0.0;0.0;9.3;0.0;0.0;3.1;5.4;3.0;0.0;0.0;0.0;41.0
Acaraú;ARANAU;-2.8232222222222;-40.222361111111;2010;6;41.2;16.0;0.0;0.0;0.0;0.0;0.0;0.0;0.0;0.0;0.0;0.0;0.0;0.0;0.0;0.0;0.0;0.0;25.2;0.0;0.0;0.0;0.0;0.0;0.0;0.0;0.0;0.0;0.0;0.0;0.0;888.0
Acaraú;ARANAU;-2.8232222222222;-40.222361111111;2010;12;16.8;0.0;0.0;0.0;0.0;0.0;0.0;0.0;0.0;0.0;0.0;0.0;0.0;0.0;0.0;12.4;0.0;0.0;0.0;0.0;0.0;0.0;0.0;0.0;4.4;0.0;0.0;0.0;0.0;0.0;0.0;0.0
Acaraú;ARANAU;-2.8232222222222;-40.222361111111;2011;1;310.6;0.0;0.0;0.0;0.0;0.0;0.0;0.0;21.2;2.4;106.0;14.1;0.0;0.0;0.0;0.0;0.0;6.2;0.0;22.4;25.4;0.0;47.1;3.1;31.1;13.2;0.0;0.0;5.2;13.2;0.0;0.0
Acaraú;ARANAU;-2.8232222222222;-40.222361111111;2011;2;203.2;0.0;16.4;0.0;0.0;0.0;0.0;0.0;0.0;22.1;12.2;0.0;0.0;0.0;11.0;34.3;0.0;0.0;0.0;0.0;24.1;30.2;0.0;0.0;13.1;9.1;16.4;0.0;14.3;888.0;888.0;888.0
Acaraú;ARANAU;-2.8232222222222;-40.222361111111;2011;3;182.4;0.0;0.0;56.4;10.1;10.1;0.0;3.0;18.3;6.0;0.0;0.0;26.0;0.0;9.2;0.0;0.0;0.0;0.0;0.0;0.0;0.0;0.0;0.0;0.0;20.1;0.0;0.0;0.0;0.0;23.2;0.0
Acaraú;ARANAU;-2.8232222222222;-40.222361111111;2011;4;450.3;0.0;18.0;0.0;22.0;0.0;19.0;0.0;0.0;31.4;21.1;23.0;0.0;36.2;0.0;32.3;0.0;19.3;27.0;29.0;0.0;0.0;0.0;0.0;0.0;139.4;0.0;23.4;0.0;0.0;9.2;888.0
Acaraú;ARANAU;-2.8232222222222;-40.222361111111;2011;5;101.1;4.0;0.0;0.0;0.0;25.2;15.2;6.4;0.0;0.0;0.0;0.0;0.0;0.0;2.2;0.0;0.0;11.2;0.0;0.0;12.4;11.3;0.0;0.0;9.2;4.0;0.0;0.0;0.0;0.0;0.0;0.0
Acaraú;ARANAU;-2.8232222222222;-40.222361111111;2011;6;100.2;0.0;0.0;0.0;29.4;0.0;8.2;17.4;0.0;0.0;6.0;0.0;0.0;0.0;0.0;0.0;0.0;0.0;0.0;0.0;0.0;0.0;0.0;0.0;17.2;22.0;0.0;0.0;0.0;0.0;0.0;888.0
Acaraú;ARANAU;-2.8232222222222;-40.222361111111;2011;7;19.0;0.0;0.0;0.0;0.0;0.0;0.0;0.0;0.0;19.0;0.0;0.0;0.0;0.0;0.0;0.0;0.0;0.0;0.0;0.0;0.0;0.0;0.0;0.0;0.0;0.0;0.0;0.0;0.0;0.0;0.0;0.0
Acaraú;ARANAU;-2.8232222222222;-40.222361111111;2011;8;0.0;0.0;0.0;0.0;0.0;0.0;0.0;0.0;0.0;0.0;0.0;0.0;0.0;0.0;0.0;0.0;0.0;0.0;0.0;0.0;0.0;0.0;0.0;0.0;0.0;0.0;0.0;0.0;0.0;0.0;0.0;0.0
Acaraú;ARANAU;-2.8232222222222;-40.222361111111;2011;9;0.0;0.0;0.0;0.0;0.0;0.0;0.0;0.0;0.0;0.0;0.0;0.0;0.0;0.0;0.0;0.0;0.0;0.0;0.0;0.0;0.0;0.0;0.0;0.0;0.0;0.0;0.0;0.0;0.0;0.0;0.0;888.0
Acaraú;ARANAU;-2.8232222222222;-40.222361111111;2011;10;52.6;0.0;0.0;0.0;0.0;0.0;0.0;0.0;0.0;0.0;0.0;0.0;0.0;0.0;0.0;0.0;0.0;0.0;0.0;0.0;45.3;7.3;0.0;0.0;0.0;0.0;0.0;0.0;0.0;0.0;0.0;0.0
Acaraú;ARANAU;-2.8232222222222;-40.222361111111;2011;11;0.0;0.0;0.0;0.0;0.0;0.0;0.0;0.0;0.0;0.0;0.0;0.0;0.0;0.0;0.0;0.0;0.0;0.0;0.0;0.0;0.0;0.0;0.0;0.0;0.0;0.0;0.0;0.0;0.0;0.0;0.0;888.0
Acaraú;ARANAU;-2.8232222222222;-40.222361111111;2011;12;0.0;0.0;0.0;0.0;0.0;0.0;0.0;0.0;0.0;0.0;0.0;0.0;0.0;0.0;0.0;0.0;0.0;0.0;0.0;0.0;0.0;0.0;0.0;0.0;0.0;0.0;0.0;0.0;0.0;0.0;0.0;0.0
Acaraú;ARANAU;-2.8232222222222;-40.222361111111;2012;1;0.0;0.0;0.0;0.0;0.0;0.0;0.0;0.0;0.0;0.0;0.0;0.0;0.0;0.0;0.0;0.0;0.0;0.0;0.0;0.0;0.0;0.0;0.0;0.0;0.0;0.0;0.0;0.0;0.0;0.0;0.0;0.0
Acaraú;ARANAU;-2.8232222222222;-40.222361111111;2012;2;90.1;0.0;0.0;0.0;0.0;0.0;0.0;0.0;0.0;0.0;0.0;0.0;10.2;0.0;0.0;2.0;0.0;0.0;19.1;0.0;2.1;0.0;0.0;0.0;7.1;0.0;0.0;15.2;13.4;21.0;888.0;888.0
Acaraú;ARANAU;-2.8232222222222;-40.222361111111;2012;3;167.7;3.0;0.0;0.0;13.4;0.0;0.0;0.0;16.1;7.0;13.4;0.0;10.1;17.1;0.0;0.0;12.1;0.0;0.0;0.0;7.0;5.0;0.0;0.0;13.3;0.0;17.3;6.3;19.4;0.0;0.0;7.2
Acaraú;ARANAU;-2.8232222222222;-40.222361111111;2012;4;168.6;0.0;9.1;0.0;0.0;0.0;0.0;0.0;0.0;0.0;0.0;0.0;0.0;0.0;0.0;66.0;0.0;0.0;29.0;0.0;0.0;40.3;15.2;0.0;0.0;0.0;0.0;9.0;0.0;0.0;0.0;888.0
Acaraú;ARANAU;-2.8232222222222;-40.222361111111;2012;5;38.0;0.0;0.0;0.0;0.0;0.0;0.0;0.0;0.0;0.0;0.0;0.0;12.2;0.0;0.0;8.2;0.0;0.0;0.0;0.0;0.0;10.2;0.0;0.0;0.0;0.0;0.0;0.0;0.0;0.0;0.0;7.4
Acaraú;ARANAU;-2.8232222222222;-40.222361111111;2012;6;0.0;0.0;0.0;0.0;0.0;0.0;0.0;0.0;0.0;0.0;0.0;0.0;0.0;0.0;0.0;0.0;0.0;0.0;0.0;0.0;0.0;0.0;0.0;0.0;0.0;0.0;0.0;0.0;0.0;0.0;0.0;888.0
Acaraú;ARANAU;-2.8232222222222;-40.222361111111;2012;7;0.0;0.0;0.0;0.0;0.0;0.0;0.0;0.0;0.0;0.0;0.0;0.0;0.0;0.0;0.0;0.0;0.0;0.0;0.0;0.0;0.0;0.0;0.0;0.0;0.0;0.0;0.0;0.0;0.0;0.0;0.0;0.0
Acaraú;ARANAU;-2.8232222222222;-40.222361111111;2012;8;0.0;0.0;0.0;0.0;0.0;0.0;0.0;0.0;0.0;0.0;0.0;0.0;0.0;0.0;0.0;0.0;0.0;0.0;0.0;0.0;0.0;0.0;0.0;0.0;0.0;0.0;0.0;0.0;0.0;0.0;0.0;0.0
Acaraú;ARANAU;-2.8232222222222;-40.222361111111;2012;9;0.0;0.0;0.0;0.0;0.0;0.0;0.0;0.0;0.0;0.0;0.0;0.0;0.0;0.0;0.0;0.0;0.0;0.0;0.0;0.0;0.0;0.0;0.0;0.0;0.0;0.0;0.0;0.0;0.0;0.0;0.0;888.0
Acaraú;ARANAU;-2.8232222222222;-40.222361111111;2012;10;0.0;0.0;0.0;0.0;0.0;0.0;0.0;0.0;0.0;0.0;0.0;0.0;0.0;0.0;0.0;0.0;0.0;0.0;0.0;0.0;0.0;0.0;0.0;0.0;0.0;0.0;0.0;0.0;0.0;0.0;0.0;0.0
Acaraú;ARANAU;-2.8232222222222;-40.222361111111;2012;11;0.0;0.0;0.0;0.0;0.0;0.0;0.0;0.0;0.0;0.0;0.0;0.0;0.0;0.0;0.0;0.0;0.0;0.0;0.0;0.0;0.0;0.0;0.0;0.0;0.0;0.0;0.0;0.0;0.0;0.0;0.0;888.0
Acaraú;ARANAU;-2.8232222222222;-40.222361111111;2012;12;0.0;0.0;0.0;0.0;0.0;0.0;0.0;0.0;0.0;0.0;0.0;0.0;0.0;0.0;0.0;0.0;0.0;0.0;0.0;0.0;0.0;0.0;0.0;0.0;0.0;0.0;0.0;0.0;0.0;0.0;0.0;0.0
Acaraú;ARANAU;-2.8232222222222;-40.222361111111;2013;1;13.0;0.0;0.0;0.0;13.0;0.0;0.0;0.0;0.0;0.0;0.0;0.0;0.0;0.0;0.0;0.0;0.0;0.0;0.0;0.0;0.0;0.0;0.0;0.0;0.0;0.0;0.0;0.0;0.0;0.0;0.0;0.0
Acaraú;ARANAU;-2.8232222222222;-40.222361111111;2013;2;62.0;0.0;0.0;0.0;0.0;0.0;0.0;0.0;0.0;0.0;0.0;0.0;0.0;0.0;15.2;0.0;6.4;11.1;0.0;13.2;10.1;0.0;0.0;0.0;0.0;0.0;0.0;6.0;0.0;888.0;888.0;888.0
Acaraú;ARANAU;-2.8232222222222;-40.222361111111;2013;3;78.0;0.0;10.0;0.0;0.0;0.0;0.0;0.0;0.0;0.0;0.0;0.0;0.0;0.0;18.1;0.0;0.0;0.0;0.0;0.0;12.4;0.0;0.0;0.0;0.0;22.3;0.0;0.0;12.0;3.2;0.0;0.0
Acaraú;ARANAU;-2.8232222222222;-40.222361111111;2013;4;222.8;34.3;0.0;0.0;0.0;57.3;0.0;0.0;8.4;5.3;0.0;16.3;0.0;0.0;0.0;0.0;5.0;13.2;0.0;9.3;12.0;0.0;0.0;0.0;0.0;0.0;0.0;21.3;26.3;14.1;0.0;888.0
Acaraú;ARANAU;-2.8232222222222;-40.222361111111;2013;5;115.0;25.0;0.0;0.0;0.0;0.0;0.0;0.0;0.0;10.4;2.4;0.0;0.0;0.0;6.3;6.2;0.0;0.0;0.0;29.0;0.0;0.0;0.0;12.0;0.0;6.4;17.3;0.0;0.0;0.0;0.0;0.0
Acaraú;ARANAU;-2.8232222222222;-40.222361111111;2013;6;39.2;0.0;0.0;0.0;0.0;0.0;0.0;0.0;0.0;0.0;0.0;20.1;0.0;0.0;0.0;0.0;0.0;0.0;0.0;0.0;0.0;9.1;0.0;0.0;0.0;10.0;0.0;0.0;0.0;0.0;0.0;888.0
Acaraú;ARANAU;-2.8232222222222;-40.222361111111;2013;7;9.3;0.0;0.0;0.0;0.0;0.0;0.0;0.0;0.0;0.0;0.0;0.0;0.0;0.0;0.0;0.0;0.0;0.0;0.0;9.3;0.0;0.0;0.0;0.0;0.0;0.0;0.0;0.0;0.0;0.0;0.0;0.0
Acaraú;ARANAU;-2.8232222222222;-40.222361111111;2013;8;4.3;0.0;0.0;0.0;0.0;0.0;0.0;0.0;0.0;0.0;0.0;0.0;0.0;0.0;0.0;0.0;0.0;0.0;0.0;0.0;0.0;0.0;0.0;0.0;0.0;0.0;0.0;0.0;0.0;0.0;0.0;4.3
Acaraú;ARANAU;-2.8232222222222;-40.222361111111;2013;9;0.0;0.0;0.0;0.0;0.0;0.0;0.0;0.0;0.0;0.0;0.0;0.0;0.0;0.0;0.0;0.0;0.0;0.0;0.0;0.0;0.0;0.0;0.0;0.0;0.0;0.0;0.0;0.0;0.0;0.0;0.0;888.0
Acaraú;ARANAU;-2.8232222222222;-40.222361111111;2013;10;0.0;0.0;0.0;0.0;0.0;0.0;0.0;0.0;0.0;0.0;0.0;0.0;0.0;0.0;0.0;0.0;0.0;0.0;0.0;0.0;0.0;0.0;0.0;0.0;0.0;0.0;0.0;0.0;0.0;0.0;0.0;0.0
Acaraú;ARANAU;-2.8232222222222;-40.222361111111;2013;11;0.0;0.0;0.0;0.0;0.0;0.0;0.0;0.0;0.0;0.0;0.0;0.0;0.0;0.0;0.0;0.0;0.0;0.0;0.0;0.0;0.0;0.0;0.0;0.0;0.0;0.0;0.0;0.0;0.0;0.0;0.0;888.0
Acaraú;ARANAU;-2.8232222222222;-40.222361111111;2013;12;0.0;0.0;0.0;0.0;0.0;0.0;0.0;0.0;0.0;0.0;0.0;0.0;0.0;0.0;0.0;0.0;0.0;0.0;0.0;0.0;0.0;0.0;0.0;0.0;0.0;0.0;0.0;0.0;0.0;0.0;0.0;0.0
Acaraú;ARANAU;-2.8232222222222;-40.222361111111;2014;1;71.8;0.0;0.0;0.0;0.0;0.0;0.0;0.0;52.4;0.0;0.0;0.0;0.0;0.0;0.0;0.0;0.0;0.0;9.1;0.0;0.0;0.0;0.0;0.0;0.0;0.0;0.0;10.3;0.0;0.0;0.0;0.0
Acaraú;ARANAU;-2.8232222222222;-40.222361111111;2014;2;140.1;0.0;0.0;0.0;0.0;0.0;0.0;0.0;21.2;0.0;0.0;0.0;0.0;0.0;36.1;42.4;10.0;25.3;0.0;0.0;5.1;0.0;0.0;0.0;0.0;0.0;0.0;0.0;0.0;888.0;888.0;888.0
Acaraú;ARANAU;-2.8232222222222;-40.222361111111;2014;3;46.3;0.0;0.0;0.0;0.0;0.0;0.0;0.0;0.0;0.0;0.0;0.0;0.0;0.0;0.0;0.0;0.0;18.2;4.1;3.4;0.0;4.1;0.0;0.0;0.0;0.0;0.0;0.0;0.0;0.0;6.4;10.1
Acaraú;ARANAU;-2.8232222222222;-40.222361111111;2014;4;213.6;0.0;54.1;0.0;53.0;11.0;0.0;19.2;6.4;0.0;0.0;0.0;0.0;0.0;7.3;0.0;0.0;0.0;0.0;0.0;0.0;45.4;0.0;12.2;0.0;0.0;0.0;0.0;0.0;5.0;0.0;888.0
Acaraú;ARANAU;-2.8232222222222;-40.222361111111;2014;5;84.8;0.0;0.0;0.0;0.0;0.0;0.0;32.4;0.0;0.0;0.0;0.0;0.0;15.1;0.0;34.1;0.0;3.2;0.0;0.0;0.0;0.0;0.0;0.0;0.0;0.0;0.0;0.0;0.0;0.0;0.0;0.0
Acaraú;ARANAU;-2.8232222222222;-40.222361111111;2014;6;77.7;0.0;0.0;0.0;0.0;0.0;0.0;60.4;0.0;0.0;0.0;0.0;0.0;0.0;0.0;0.0;0.0;0.0;0.0;0.0;0.0;0.0;0.0;0.0;0.0;0.0;0.0;11.3;0.0;6.0;0.0;888.0
Acaraú;ARANAU;-2.8232222222222;-40.222361111111;2014;7;0.0;0.0;0.0;0.0;0.0;0.0;0.0;0.0;0.0;0.0;0.0;0.0;0.0;0.0;0.0;0.0;0.0;0.0;0.0;0.0;0.0;0.0;0.0;0.0;0.0;0.0;0.0;0.0;0.0;0.0;0.0;0.0
Acaraú;ARANAU;-2.8232222222222;-40.222361111111;2014;8;0.0;0.0;0.0;0.0;0.0;0.0;0.0;0.0;0.0;0.0;0.0;0.0;0.0;0.0;0.0;0.0;0.0;0.0;0.0;0.0;0.0;0.0;0.0;0.0;0.0;0.0;0.0;0.0;0.0;0.0;0.0;0.0
Acaraú;ARANAU;-2.8232222222222;-40.222361111111;2014;9;0.0;0.0;0.0;0.0;0.0;0.0;0.0;0.0;0.0;0.0;0.0;0.0;0.0;0.0;0.0;0.0;0.0;0.0;0.0;0.0;0.0;0.0;0.0;0.0;0.0;0.0;0.0;0.0;0.0;0.0;0.0;888.0
Acaraú;ARANAU;-2.8232222222222;-40.222361111111;2014;10;0.0;0.0;0.0;0.0;0.0;0.0;0.0;0.0;0.0;0.0;0.0;0.0;0.0;0.0;0.0;0.0;0.0;0.0;0.0;0.0;0.0;0.0;0.0;0.0;0.0;0.0;0.0;0.0;0.0;0.0;0.0;0.0
Acaraú;ARANAU;-2.8232222222222;-40.222361111111;2014;11;0.0;0.0;0.0;0.0;0.0;0.0;0.0;0.0;0.0;0.0;0.0;0.0;0.0;0.0;0.0;0.0;0.0;0.0;0.0;0.0;0.0;0.0;0.0;0.0;0.0;0.0;0.0;0.0;0.0;0.0;0.0;888.0
Acaraú;ARANAU;-2.8232222222222;-40.222361111111;2014;12;0.0;0.0;0.0;0.0;0.0;0.0;0.0;0.0;0.0;0.0;0.0;0.0;0.0;0.0;0.0;0.0;0.0;0.0;0.0;0.0;0.0;0.0;0.0;0.0;0.0;0.0;0.0;0.0;0.0;0.0;0.0;0.0
Acaraú;ARANAU;-2.8232222222222;-40.222361111111;2015;1;0.0;0.0;0.0;0.0;0.0;0.0;0.0;0.0;0.0;0.0;0.0;0.0;0.0;0.0;0.0;0.0;0.0;0.0;0.0;0.0;0.0;0.0;0.0;0.0;0.0;0.0;0.0;0.0;0.0;0.0;0.0;0.0
Acaraú;ARANAU;-2.8232222222222;-40.222361111111;2015;2;82.2;0.0;0.0;0.0;0.0;0.0;0.0;0.0;0.0;0.0;0.0;0.0;0.0;0.0;0.0;0.0;7.0;6.2;0.0;5.4;0.0;9.3;7.0;0.0;18.1;15.0;0.0;0.0;14.2;888.0;888.0;888.0
Acaraú;ARANAU;-2.8232222222222;-40.222361111111;2015;3;372.5;37.1;15.2;26.3;0.0;0.0;5.3;11.2;0.0;18.0;6.2;29.4;0.0;0.0;0.0;0.0;12.3;4.2;0.0;0.0;0.0;0.0;44.4;80.3;6.2;0.0;0.0;0.0;0.0;0.0;15.0;61.4
Acaraú;ARANAU;-2.8232222222222;-40.222361111111;2015;4;486.7;57.2;11.1;31.1;108.4;2.2;0.0;0.0;5.1;29.3;56.2;19.1;15.3;20.2;47.1;9.0;0.0;0.0;18.0;10.3;6.4;4.0;0.0;6.4;5.2;0.0;0.0;0.0;0.0;25.1;0.0;888.0
Acaraú;ARANAU;-2.8232222222222;-40.222361111111;2015;5;60.9;0.0;0.0;0.0;1.3;8.0;6.3;3.4;0.0;10.1;9.2;0.0;0.0;0.0;0.0;0.0;0.0;0.0;0.0;0.0;0.0;0.0;0.0;0.0;8.1;3.1;6.0;4.1;0.0;0.0;1.3;0.0
Acaraú;ARANAU;-2.8232222222222;-40.222361111111;2015;6;97.6;0.0;0.0;0.0;0.0;60.1;0.0;0.0;0.0;12.4;9.0;0.0;0.0;0.0;0.0;0.0;0.0;0.0;0.0;0.0;0.0;8.1;8.0;0.0;0.0;0.0;0.0;0.0;0.0;0.0;0.0;888.0
Acaraú;ARANAU;-2.8232222222222;-40.222361111111;2015;7;22.3;0.0;0.0;0.0;0.0;12.2;0.0;10.1;0.0;0.0;0.0;0.0;0.0;0.0;0.0;0.0;0.0;0.0;0.0;0.0;0.0;0.0;0.0;0.0;0.0;0.0;0.0;0.0;0.0;0.0;0.0;0.0
Acaraú;ARANAU;-2.8232222222222;-40.222361111111;2015;8;0.0;0.0;0.0;0.0;0.0;0.0;0.0;0.0;0.0;0.0;0.0;0.0;0.0;0.0;0.0;0.0;0.0;0.0;0.0;0.0;0.0;0.0;0.0;0.0;0.0;0.0;0.0;0.0;0.0;0.0;0.0;0.0
Acaraú;ARANAU;-2.8232222222222;-40.222361111111;2015;9;0.0;0.0;0.0;0.0;0.0;0.0;0.0;0.0;0.0;0.0;0.0;0.0;0.0;0.0;0.0;0.0;0.0;0.0;0.0;0.0;0.0;0.0;0.0;0.0;0.0;0.0;0.0;0.0;0.0;0.0;0.0;888.0
Acaraú;ARANAU;-2.8232222222222;-40.222361111111;2015;10;0.0;0.0;0.0;0.0;0.0;0.0;0.0;0.0;0.0;0.0;0.0;0.0;0.0;0.0;0.0;0.0;0.0;0.0;0.0;0.0;0.0;0.0;0.0;0.0;0.0;0.0;0.0;0.0;0.0;0.0;0.0;0.0
Acaraú;ARANAU;-2.8232222222222;-40.222361111111;2015;11;0.0;0.0;0.0;0.0;0.0;0.0;0.0;0.0;0.0;0.0;0.0;0.0;0.0;0.0;0.0;0.0;0.0;0.0;0.0;0.0;0.0;0.0;0.0;0.0;0.0;0.0;0.0;0.0;0.0;0.0;0.0;888.0
Acaraú;ARANAU;-2.8232222222222;-40.222361111111;2015;12;0.0;0.0;0.0;0.0;0.0;0.0;0.0;0.0;0.0;0.0;0.0;0.0;0.0;0.0;0.0;0.0;0.0;0.0;0.0;0.0;0.0;0.0;0.0;0.0;0.0;0.0;0.0;0.0;0.0;0.0;0.0;0.0
Acaraú;ARANAU;-2.8232222222222;-40.222361111111;2016;1;148.0;0.0;0.0;0.0;0.0;0.0;0.0;0.0;0.0;37.0;1.3;0.0;0.0;0.0;0.0;0.0;0.0;0.0;0.0;20.2;0.0;54.2;18.0;0.0;6.3;0.0;11.0;0.0;0.0;0.0;0.0;0.0
Acaraú;ARANAU;-2.8232222222222;-40.222361111111;2016;2;200.2;0.0;52.4;0.0;0.0;0.0;0.0;0.0;0.0;0.0;0.0;0.0;0.0;0.0;0.0;0.0;0.0;0.0;0.0;81.3;48.4;0.0;0.0;0.0;18.1;0.0;0.0;0.0;0.0;0.0;888.0;888.0
Acaraú;ARANAU;-2.8232222222222;-40.222361111111;2016;3;238.4;0.0;0.0;0.0;0.0;0.0;0.0;0.0;0.0;43.0;7.1;0.0;0.0;0.0;0.0;15.2;0.0;5.2;28.3;0.0;0.0;0.0;73.1;26.4;0.0;0.0;0.0;11.4;18.3;0.0;10.4;0.0
Acaraú;ARANAU;-2.8232222222222;-40.222361111111;2016;4;312.4;18.0;19.3;52.1;20.3;0.0;0.0;49.0;0.0;0.0;0.0;0.0;45.4;0.0;0.0;0.0;0.0;0.0;0.0;24.2;0.0;0.0;36.0;48.1;0.0;0.0;0.0;0.0;0.0;0.0;0.0;888.0
Acaraú;ARANAU;-2.8232222222222;-40.222361111111;2016;5;9.4;0.0;0.0;0.0;0.0;0.0;0.0;0.0;0.0;0.0;0.0;9.4;0.0;0.0;0.0;0.0;0.0;0.0;0.0;0.0;0.0;0.0;0.0;0.0;0.0;0.0;0.0;0.0;0.0;0.0;0.0;0.0
Acaraú;ARANAU;-2.8232222222222;-40.222361111111;2016;6;16.4;0.0;0.0;0.0;0.0;0.0;0.0;0.0;0.0;5.0;0.0;0.0;0.0;11.4;0.0;0.0;0.0;0.0;0.0;0.0;0.0;0.0;0.0;0.0;0.0;0.0;0.0;0.0;0.0;0.0;0.0;888.0
Acaraú;ARANAU;-2.8232222222222;-40.222361111111;2016;7;11.1;0.0;0.0;0.0;0.0;0.0;0.0;0.0;0.0;11.1;0.0;0.0;0.0;0.0;0.0;0.0;0.0;0.0;0.0;0.0;0.0;0.0;0.0;0.0;0.0;0.0;0.0;0.0;0.0;0.0;0.0;0.0
Acaraú;ARANAU;-2.8232222222222;-40.222361111111;2016;8;0.0;0.0;0.0;0.0;0.0;0.0;0.0;0.0;0.0;0.0;0.0;0.0;0.0;0.0;0.0;0.0;0.0;0.0;0.0;0.0;0.0;0.0;0.0;0.0;0.0;0.0;0.0;0.0;0.0;0.0;0.0;0.0
Acaraú;ARANAU;-2.8232222222222;-40.222361111111;2016;9;0.0;0.0;0.0;0.0;0.0;0.0;0.0;0.0;0.0;0.0;0.0;0.0;0.0;0.0;0.0;0.0;0.0;0.0;0.0;0.0;0.0;0.0;0.0;0.0;0.0;0.0;0.0;0.0;0.0;0.0;0.0;888.0
Acaraú;ARANAU;-2.8232222222222;-40.222361111111;2016;10;0.0;0.0;0.0;0.0;0.0;0.0;0.0;0.0;0.0;0.0;0.0;0.0;0.0;0.0;0.0;0.0;0.0;0.0;0.0;0.0;0.0;0.0;0.0;0.0;0.0;0.0;0.0;0.0;0.0;0.0;0.0;0.0
Acaraú;ARANAU;-2.8232222222222;-40.222361111111;2016;11;0.0;0.0;0.0;0.0;0.0;0.0;0.0;0.0;0.0;0.0;0.0;0.0;0.0;0.0;0.0;0.0;0.0;0.0;0.0;0.0;0.0;0.0;0.0;0.0;0.0;0.0;0.0;0.0;0.0;0.0;0.0;888.0
Acaraú;ARANAU;-2.8232222222222;-40.222361111111;2016;12;30.0;0.0;0.0;0.0;0.0;0.0;0.0;0.0;0.0;0.0;0.0;0.0;0.0;0.0;0.0;0.0;0.0;0.0;0.0;0.0;0.0;0.0;0.0;0.0;0.0;0.0;0.0;0.0;0.0;30.0;0.0;0.0
Acaraú;ARANAU;-2.8232222222222;-40.222361111111;2017;1;97.8;0.0;0.0;0.0;0.0;0.0;0.0;0.0;2.0;0.0;0.0;3.1;19.4;0.0;0.0;0.0;0.0;0.0;0.0;17.0;32.2;0.0;0.0;0.0;0.0;0.0;0.0;0.0;10.0;0.0;0.0;14.1
Acaraú;ARANAU;-2.8232222222222;-40.222361111111;2017;2;204.9;30.2;0.0;0.0;0.0;0.0;0.0;0.0;0.0;0.0;0.0;49.0;33.0;35.0;0.0;0.0;0.0;0.0;19.3;0.0;23.1;15.3;0.0;0.0;0.0;0.0;0.0;0.0;0.0;888.0;888.0;888.0
Acaraú;ARANAU;-2.8232222222222;-40.222361111111;2017;3;233.0;0.0;30.3;17.1;0.0;0.0;9.3;0.0;13.4;2.3;9.3;14.3;0.0;0.0;0.0;19.1;18.0;13.0;0.0;0.0;0.0;27.2;8.4;0.0;16.1;0.0;0.0;12.2;0.0;0.0;0.0;23.0
Acaraú;ARANAU;-2.8232222222222;-40.222361111111;2017;4;357.0;21.3;58.4;0.0;0.0;79.4;38.0;0.0;0.0;0.0;9.1;85.0;11.0;0.0;0.0;17.2;0.0;0.0;0.0;0.0;5.2;0.0;0.0;0.0;0.0;0.0;0.0;0.0;0.0;0.0;32.4;888.0
Acaraú;ARANAU;-2.8232222222222;-40.222361111111;2017;5;164.7;23.2;5.0;0.0;7.2;22.4;0.0;0.0;0.0;24.4;0.0;0.0;0.0;0.0;0.0;0.0;0.0;0.0;11.1;6.4;0.0;0.0;0.0;0.0;0.0;0.0;0.0;0.0;30.0;31.0;4.0;0.0
Acaraú;ARANAU;-2.8232222222222;-40.222361111111;2017;6;26.4;0.0;0.0;0.0;0.0;0.0;0.0;0.0;0.0;0.0;0.0;0.0;26.4;0.0;0.0;0.0;0.0;0.0;0.0;0.0;0.0;0.0;0.0;0.0;0.0;0.0;0.0;0.0;0.0;0.0;0.0;888.0
Acaraú;ARANAU;-2.8232222222222;-40.222361111111;2017;7;0.0;0.0;0.0;0.0;0.0;0.0;0.0;0.0;0.0;0.0;0.0;0.0;0.0;0.0;0.0;0.0;0.0;0.0;0.0;0.0;0.0;0.0;0.0;0.0;0.0;0.0;0.0;0.0;0.0;0.0;0.0;0.0
Acaraú;ARANAU;-2.8232222222222;-40.222361111111;2017;8;0.0;0.0;0.0;0.0;0.0;0.0;0.0;0.0;0.0;0.0;0.0;0.0;0.0;0.0;0.0;0.0;0.0;0.0;0.0;0.0;0.0;0.0;0.0;0.0;0.0;0.0;0.0;0.0;0.0;0.0;0.0;0.0
Acaraú;ARANAU;-2.8232222222222;-40.222361111111;2017;9;0.0;0.0;0.0;0.0;0.0;0.0;0.0;0.0;0.0;0.0;0.0;0.0;0.0;0.0;0.0;0.0;0.0;0.0;0.0;0.0;0.0;0.0;0.0;0.0;0.0;0.0;0.0;0.0;0.0;0.0;0.0;888.0
Acaraú;ARANAU;-2.8232222222222;-40.222361111111;2017;10;0.0;0.0;0.0;0.0;0.0;0.0;0.0;0.0;0.0;0.0;0.0;0.0;0.0;0.0;0.0;0.0;0.0;0.0;0.0;0.0;0.0;0.0;0.0;0.0;0.0;0.0;0.0;0.0;0.0;0.0;0.0;0.0
Acaraú;ARANAU;-2.8232222222222;-40.222361111111;2017;11;0.0;0.0;0.0;0.0;0.0;0.0;0.0;0.0;0.0;0.0;0.0;0.0;0.0;0.0;0.0;0.0;0.0;0.0;0.0;0.0;0.0;0.0;0.0;0.0;0.0;0.0;0.0;0.0;0.0;0.0;0.0;888.0
Acaraú;ARANAU;-2.8232222222222;-40.222361111111;2017;12;0.0;0.0;0.0;0.0;0.0;0.0;0.0;0.0;0.0;0.0;0.0;0.0;0.0;0.0;0.0;0.0;0.0;0.0;0.0;0.0;0.0;0.0;0.0;0.0;0.0;0.0;0.0;0.0;0.0;0.0;0.0;0.0
Acaraú;ARANAU;-2.8232222222222;-40.222361111111;2018;1;111.3;0.0;0.0;0.0;0.0;27.3;0.0;0.0;0.0;0.0;0.0;0.0;0.0;0.0;0.0;10.3;0.0;0.0;0.0;0.0;0.0;0.0;0.0;0.0;0.0;43.4;0.0;0.0;0.0;30.3;0.0;0.0
Acaraú;ARANAU;-2.8232222222222;-40.222361111111;2018;2;290.9;0.0;0.0;0.0;8.0;0.0;0.0;13.1;17.1;0.0;0.0;0.0;21.0;19.0;42.0;0.0;0.0;0.0;17.3;0.0;0.0;0.0;14.0;12.3;0.0;16.3;70.2;34.2;6.4;888.0;888.0;888.0
Acaraú;ARANAU;-2.8232222222222;-40.222361111111;2018;3;132.8;10.1;12.0;0.0;0.0;0.0;0.0;19.3;0.0;15.2;7.4;0.0;0.0;0.0;0.0;0.0;0.0;0.0;0.0;0.0;0.0;0.0;0.0;0.0;0.0;0.0;0.0;0.0;52.2;11.4;5.2;0.0
Acaraú;ARANAU;-2.8232222222222;-40.222361111111;2018;4;246.8;0.0;32.3;28.3;0.0;16.3;0.0;0.0;0.0;0.0;40.2;41.3;12.0;0.0;0.0;0.0;12.0;15.3;0.0;12.3;0.0;0.0;11.2;8.4;0.0;0.0;0.0;0.0;0.0;0.0;17.2;888.0
Acaraú;ARANAU;-2.8232222222222;-40.222361111111;2018;5;55.6;0.0;0.0;0.0;0.0;20.3;0.0;6.1;5.0;0.0;0.0;0.0;0.0;0.0;0.0;0.0;0.0;0.0;0.0;0.0;0.0;0.0;24.2;0.0;0.0;0.0;0.0;0.0;0.0;0.0;0.0;0.0
Acaraú;ARANAU;-2.8232222222222;-40.222361111111;2018;6;37.3;0.0;0.0;0.0;0.0;0.0;0.0;0.0;0.0;0.0;0.0;0.0;0.0;0.0;0.0;0.0;0.0;0.0;0.0;33.0;4.3;0.0;0.0;0.0;0.0;0.0;0.0;0.0;0.0;0.0;0.0;888.0
Acaraú;ARANAU;-2.8232222222222;-40.222361111111;2018;7;48.4;0.0;0.0;0.0;0.0;0.0;0.0;34.0;14.4;0.0;0.0;0.0;0.0;0.0;0.0;0.0;0.0;0.0;0.0;0.0;0.0;0.0;0.0;0.0;0.0;0.0;0.0;0.0;0.0;0.0;0.0;0.0
Acaraú;ARANAU;-2.8232222222222;-40.222361111111;2018;8;0.0;0.0;0.0;0.0;0.0;0.0;0.0;0.0;0.0;0.0;0.0;0.0;0.0;0.0;0.0;0.0;0.0;0.0;0.0;0.0;0.0;0.0;0.0;0.0;0.0;0.0;0.0;0.0;0.0;0.0;0.0;0.0
Acaraú;ARANAU;-2.8232222222222;-40.222361111111;2018;9;0.0;0.0;0.0;0.0;0.0;0.0;0.0;0.0;0.0;0.0;0.0;0.0;0.0;0.0;0.0;0.0;0.0;0.0;0.0;0.0;0.0;0.0;0.0;0.0;0.0;0.0;0.0;0.0;0.0;0.0;0.0;888.0
Acaraú;ARANAU;-2.8232222222222;-40.222361111111;2018;10;0.0;0.0;0.0;0.0;999.0;999.0;999.0;999.0;999.0;999.0;999.0;999.0;999.0;999.0;999.0;999.0;999.0;999.0;999.0;999.0;999.0;999.0;999.0;999.0;999.0;999.0;999.0;999.0;999.0;999.0;999.0;999.0
