Municipios;Postos;Latitude;Longitude;Anos;Meses;Total;Dia1;Dia2;Dia3;Dia4;Dia5;Dia6;Dia7;Dia8;Dia9;Dia10;Dia11;Dia12;Dia13;Dia14;Dia15;Dia16;Dia17;Dia18;Dia19;Dia20;Dia21;Dia22;Dia23;Dia24;Dia25;Dia26;Dia27;Dia28;Dia29;Dia30;Dia31
Independência;EMATUBA;-5.2015555555556;-40.177666666667;2000;11;0.0;0.0;0.0;0.0;0.0;0.0;0.0;0.0;0.0;0.0;0.0;0.0;0.0;0.0;0.0;0.0;0.0;0.0;0.0;0.0;0.0;0.0;0.0;0.0;0.0;0.0;0.0;0.0;0.0;0.0;0.0;888.0
Independência;EMATUBA;-5.2015555555556;-40.177666666667;2000;12;72.2;0.0;0.0;0.0;0.0;0.0;0.0;0.0;0.0;0.0;0.0;0.0;0.0;0.0;0.0;58.0;8.8;5.4;0.0;0.0;0.0;0.0;0.0;0.0;0.0;0.0;0.0;0.0;0.0;0.0;0.0;0.0
Independência;EMATUBA;-5.2015555555556;-40.177666666667;2001;1;0.0;0.0;0.0;0.0;0.0;0.0;0.0;0.0;0.0;0.0;0.0;0.0;0.0;0.0;0.0;0.0;0.0;0.0;0.0;0.0;0.0;0.0;0.0;0.0;0.0;0.0;0.0;0.0;0.0;0.0;0.0;0.0
Independência;EMATUBA;-5.2015555555556;-40.177666666667;2001;2;18.2;0.0;0.0;0.0;0.0;0.0;0.0;0.0;0.0;0.0;0.0;0.0;0.0;0.0;0.0;0.0;0.0;0.0;0.0;0.0;0.0;0.0;0.0;0.0;0.0;0.0;0.0;18.2;0.0;888.0;888.0;888.0
Independência;EMATUBA;-5.2015555555556;-40.177666666667;2001;3;169.6;33.0;29.0;0.0;0.0;0.0;0.0;0.0;0.0;2.4;0.0;0.0;0.0;7.2;65.0;21.0;0.0;0.0;0.0;0.0;0.0;0.0;5.0;0.0;0.0;0.0;0.0;0.0;0.0;0.0;7.0;0.0
Independência;EMATUBA;-5.2015555555556;-40.177666666667;2001;4;79.0;0.0;0.0;0.0;28.0;0.0;0.0;0.0;0.0;0.0;0.0;23.0;0.0;0.0;0.0;0.0;0.0;0.0;0.0;0.0;0.0;0.0;0.0;0.0;0.0;0.0;0.0;0.0;0.0;0.0;28.0;888.0
Independência;EMATUBA;-5.2015555555556;-40.177666666667;2001;5;0.0;0.0;0.0;0.0;0.0;0.0;0.0;0.0;0.0;0.0;0.0;0.0;0.0;0.0;0.0;0.0;0.0;0.0;0.0;0.0;0.0;0.0;0.0;0.0;0.0;0.0;0.0;0.0;0.0;0.0;0.0;0.0
Independência;EMATUBA;-5.2015555555556;-40.177666666667;2001;6;71.0;0.0;32.0;0.0;39.0;0.0;0.0;0.0;0.0;0.0;0.0;0.0;0.0;0.0;0.0;0.0;0.0;0.0;0.0;0.0;0.0;0.0;0.0;0.0;0.0;0.0;0.0;0.0;0.0;0.0;0.0;888.0
Independência;EMATUBA;-5.2015555555556;-40.177666666667;2001;7;0.0;0.0;0.0;0.0;0.0;0.0;0.0;0.0;0.0;0.0;0.0;0.0;0.0;0.0;0.0;0.0;0.0;0.0;0.0;0.0;0.0;0.0;0.0;0.0;0.0;0.0;0.0;0.0;0.0;0.0;0.0;0.0
Independência;EMATUBA;-5.2015555555556;-40.177666666667;2001;8;0.0;0.0;0.0;0.0;0.0;0.0;0.0;0.0;0.0;0.0;0.0;0.0;0.0;0.0;0.0;0.0;0.0;0.0;0.0;0.0;0.0;0.0;0.0;0.0;0.0;0.0;0.0;0.0;0.0;0.0;0.0;0.0
Independência;EMATUBA;-5.2015555555556;-40.177666666667;2001;9;0.0;0.0;0.0;0.0;0.0;0.0;0.0;0.0;0.0;0.0;0.0;0.0;0.0;0.0;0.0;0.0;0.0;0.0;0.0;0.0;0.0;0.0;0.0;0.0;0.0;0.0;0.0;0.0;0.0;0.0;0.0;888.0
Independência;EMATUBA;-5.2015555555556;-40.177666666667;2001;10;0.0;0.0;0.0;0.0;0.0;0.0;0.0;0.0;0.0;0.0;0.0;0.0;0.0;0.0;0.0;0.0;0.0;0.0;0.0;0.0;0.0;0.0;0.0;0.0;0.0;0.0;0.0;0.0;0.0;0.0;0.0;0.0
Independência;EMATUBA;-5.2015555555556;-40.177666666667;2001;11;0.0;0.0;0.0;0.0;0.0;0.0;0.0;0.0;0.0;0.0;0.0;0.0;0.0;0.0;0.0;0.0;0.0;0.0;0.0;0.0;0.0;0.0;0.0;0.0;0.0;0.0;0.0;0.0;0.0;0.0;0.0;888.0
Independência;EMATUBA;-5.2015555555556;-40.177666666667;2001;12;0.0;0.0;0.0;0.0;0.0;0.0;0.0;0.0;0.0;0.0;0.0;0.0;0.0;0.0;0.0;0.0;0.0;0.0;0.0;0.0;0.0;0.0;0.0;0.0;0.0;0.0;0.0;0.0;0.0;0.0;0.0;0.0
Independência;EMATUBA;-5.2015555555556;-40.177666666667;2002;1;242.2;0.0;10.0;0.0;0.0;0.0;16.2;24.0;31.0;16.0;28.0;0.0;0.0;27.0;0.0;0.0;19.0;27.0;36.0;0.0;0.0;0.0;0.0;0.0;0.0;0.0;0.0;4.0;4.0;0.0;0.0;0.0
Independência;EMATUBA;-5.2015555555556;-40.177666666667;2002;2;0.0;0.0;0.0;0.0;0.0;0.0;0.0;0.0;0.0;0.0;0.0;0.0;0.0;0.0;0.0;0.0;0.0;0.0;0.0;0.0;0.0;0.0;0.0;0.0;0.0;0.0;0.0;0.0;0.0;888.0;888.0;888.0
Independência;EMATUBA;-5.2015555555556;-40.177666666667;2002;3;57.5;0.0;0.0;0.0;0.0;42.0;0.0;0.0;0.0;0.0;0.0;0.0;0.0;0.0;0.0;0.0;0.0;0.0;3.5;0.0;0.0;0.0;0.0;0.0;0.0;0.0;0.0;0.0;0.0;12.0;0.0;0.0
Independência;EMATUBA;-5.2015555555556;-40.177666666667;2002;4;59.0;0.0;13.0;7.0;0.0;9.0;0.0;0.0;15.0;0.0;0.0;8.0;0.0;0.0;0.0;0.0;0.0;0.0;0.0;0.0;7.0;0.0;0.0;0.0;0.0;0.0;0.0;0.0;0.0;0.0;0.0;888.0
Independência;EMATUBA;-5.2015555555556;-40.177666666667;2002;5;17.0;5.0;12.0;0.0;0.0;0.0;0.0;0.0;0.0;0.0;0.0;0.0;0.0;0.0;0.0;0.0;0.0;0.0;0.0;0.0;0.0;0.0;0.0;0.0;0.0;0.0;0.0;0.0;0.0;0.0;0.0;0.0
Independência;EMATUBA;-5.2015555555556;-40.177666666667;2002;6;75.0;71.0;0.0;0.0;0.0;0.0;0.0;0.0;0.0;0.0;0.0;0.0;0.0;0.0;0.0;0.0;4.0;0.0;0.0;0.0;0.0;0.0;0.0;0.0;0.0;0.0;0.0;0.0;0.0;0.0;0.0;888.0
Independência;EMATUBA;-5.2015555555556;-40.177666666667;2002;7;4.0;4.0;0.0;0.0;0.0;0.0;0.0;0.0;0.0;0.0;0.0;0.0;0.0;0.0;0.0;0.0;0.0;0.0;0.0;0.0;0.0;0.0;0.0;0.0;0.0;0.0;0.0;0.0;0.0;0.0;0.0;0.0
Independência;EMATUBA;-5.2015555555556;-40.177666666667;2002;8;0.0;0.0;0.0;0.0;0.0;0.0;0.0;0.0;0.0;0.0;0.0;0.0;0.0;0.0;0.0;0.0;0.0;0.0;0.0;0.0;0.0;0.0;0.0;0.0;0.0;0.0;0.0;0.0;0.0;0.0;0.0;0.0
Independência;EMATUBA;-5.2015555555556;-40.177666666667;2002;9;0.0;0.0;0.0;0.0;0.0;0.0;0.0;0.0;0.0;0.0;0.0;0.0;0.0;0.0;0.0;0.0;0.0;0.0;0.0;0.0;0.0;0.0;0.0;0.0;0.0;0.0;0.0;0.0;0.0;0.0;0.0;888.0
Independência;EMATUBA;-5.2015555555556;-40.177666666667;2002;10;0.0;0.0;0.0;0.0;0.0;0.0;0.0;0.0;0.0;0.0;0.0;0.0;0.0;0.0;0.0;0.0;0.0;0.0;0.0;0.0;0.0;0.0;0.0;0.0;0.0;0.0;0.0;0.0;0.0;0.0;0.0;0.0
Independência;EMATUBA;-5.2015555555556;-40.177666666667;2002;11;0.0;0.0;0.0;0.0;0.0;0.0;0.0;0.0;0.0;0.0;0.0;0.0;0.0;0.0;0.0;0.0;0.0;0.0;0.0;0.0;0.0;0.0;0.0;0.0;0.0;0.0;0.0;0.0;0.0;0.0;0.0;888.0
Independência;EMATUBA;-5.2015555555556;-40.177666666667;2002;12;0.0;0.0;0.0;0.0;0.0;0.0;0.0;0.0;0.0;0.0;0.0;0.0;0.0;0.0;0.0;0.0;0.0;0.0;0.0;0.0;0.0;0.0;0.0;0.0;0.0;0.0;0.0;0.0;0.0;0.0;0.0;0.0
Independência;EMATUBA;-5.2015555555556;-40.177666666667;2003;1;70.0;0.0;0.0;0.0;0.0;0.0;0.0;0.0;0.0;0.0;0.0;0.0;0.0;0.0;0.0;0.0;0.0;0.0;0.0;0.0;57.0;0.0;0.0;0.0;0.0;0.0;0.0;0.0;0.0;0.0;0.0;13.0
Independência;EMATUBA;-5.2015555555556;-40.177666666667;2003;2;92.0;0.0;0.0;37.0;0.0;0.0;7.0;0.0;0.0;0.0;0.0;0.0;13.0;7.0;0.0;0.0;0.0;0.0;0.0;0.0;0.0;0.0;16.0;0.0;0.0;2.0;10.0;0.0;0.0;888.0;888.0;888.0
Independência;EMATUBA;-5.2015555555556;-40.177666666667;2003;3;225.0;22.0;0.0;0.0;13.0;10.0;0.0;0.0;0.0;0.0;0.0;0.0;0.0;0.0;0.0;6.0;0.0;0.0;21.0;0.0;21.0;9.0;26.0;27.0;44.0;0.0;16.0;0.0;0.0;0.0;0.0;10.0
Independência;EMATUBA;-5.2015555555556;-40.177666666667;2003;4;56.0;0.0;5.0;0.0;0.0;0.0;6.0;0.0;23.0;0.0;0.0;0.0;0.0;0.0;0.0;0.0;0.0;0.0;0.0;0.0;0.0;0.0;6.0;0.0;0.0;2.0;0.0;0.0;14.0;0.0;0.0;888.0
Independência;EMATUBA;-5.2015555555556;-40.177666666667;2003;5;16.0;0.0;10.0;0.0;0.0;0.0;0.0;0.0;0.0;0.0;0.0;0.0;0.0;0.0;6.0;0.0;0.0;0.0;0.0;0.0;0.0;0.0;0.0;0.0;0.0;0.0;0.0;0.0;0.0;0.0;0.0;0.0
Independência;EMATUBA;-5.2015555555556;-40.177666666667;2003;6;134.0;3.0;0.0;0.0;0.0;67.0;8.0;0.0;0.0;0.0;0.0;0.0;0.0;0.0;0.0;0.0;36.0;20.0;0.0;0.0;0.0;0.0;0.0;0.0;0.0;0.0;0.0;0.0;0.0;0.0;0.0;888.0
Independência;EMATUBA;-5.2015555555556;-40.177666666667;2003;7;6.0;0.0;0.0;0.0;0.0;0.0;0.0;0.0;0.0;0.0;0.0;0.0;6.0;0.0;0.0;0.0;0.0;0.0;0.0;0.0;0.0;0.0;0.0;0.0;0.0;0.0;0.0;0.0;0.0;0.0;0.0;0.0
Independência;EMATUBA;-5.2015555555556;-40.177666666667;2003;8;0.0;0.0;0.0;0.0;0.0;0.0;0.0;0.0;0.0;0.0;0.0;0.0;0.0;0.0;0.0;0.0;0.0;0.0;0.0;0.0;0.0;0.0;0.0;0.0;0.0;0.0;0.0;0.0;0.0;0.0;0.0;0.0
Independência;EMATUBA;-5.2015555555556;-40.177666666667;2003;9;0.0;0.0;0.0;0.0;0.0;0.0;0.0;0.0;0.0;0.0;0.0;0.0;0.0;0.0;0.0;0.0;0.0;0.0;0.0;0.0;0.0;0.0;0.0;0.0;0.0;0.0;0.0;0.0;0.0;0.0;0.0;888.0
Independência;EMATUBA;-5.2015555555556;-40.177666666667;2003;10;0.0;0.0;0.0;0.0;0.0;0.0;0.0;0.0;0.0;0.0;0.0;0.0;0.0;0.0;0.0;0.0;0.0;0.0;0.0;0.0;0.0;0.0;0.0;0.0;0.0;0.0;0.0;0.0;0.0;0.0;0.0;0.0
Independência;EMATUBA;-5.2015555555556;-40.177666666667;2003;11;0.0;0.0;0.0;0.0;0.0;0.0;0.0;0.0;0.0;0.0;0.0;0.0;0.0;0.0;0.0;0.0;0.0;0.0;0.0;0.0;0.0;0.0;0.0;0.0;0.0;0.0;0.0;0.0;0.0;0.0;0.0;888.0
Independência;EMATUBA;-5.2015555555556;-40.177666666667;2003;12;0.0;0.0;0.0;0.0;0.0;0.0;0.0;0.0;0.0;0.0;0.0;0.0;0.0;0.0;0.0;0.0;0.0;0.0;0.0;0.0;0.0;0.0;0.0;0.0;0.0;0.0;0.0;0.0;0.0;0.0;0.0;0.0
Independência;EMATUBA;-5.2015555555556;-40.177666666667;2004;1;417.0;0.0;0.0;0.0;0.0;0.0;0.0;0.0;0.0;0.0;0.0;0.0;16.0;6.0;0.0;23.0;2.0;0.0;9.0;0.0;0.0;4.0;35.0;42.0;24.0;33.0;25.0;36.0;26.0;72.0;64.0;0.0
Independência;EMATUBA;-5.2015555555556;-40.177666666667;2004;2;172.0;0.0;0.0;0.0;0.0;0.0;26.0;0.0;0.0;12.0;0.0;0.0;0.0;2.0;46.0;0.0;45.0;0.0;0.0;0.0;0.0;0.0;0.0;0.0;0.0;41.0;0.0;0.0;0.0;0.0;888.0;888.0
Independência;EMATUBA;-5.2015555555556;-40.177666666667;2004;3;163.4;0.0;0.0;0.0;0.0;0.0;0.0;115.4;7.0;3.0;0.0;5.0;0.0;0.0;0.0;0.0;0.0;23.0;0.0;0.0;0.0;0.0;0.0;0.0;8.0;0.0;0.0;2.0;0.0;0.0;0.0;0.0
Independência;EMATUBA;-5.2015555555556;-40.177666666667;2004;4;18.0;0.0;0.0;0.0;0.0;0.0;0.0;7.0;0.0;0.0;0.0;0.0;0.0;0.0;0.0;0.0;0.0;0.0;0.0;0.0;0.0;0.0;0.0;11.0;0.0;0.0;0.0;0.0;0.0;0.0;0.0;888.0
Independência;EMATUBA;-5.2015555555556;-40.177666666667;2004;5;13.0;0.0;0.0;0.0;0.0;0.0;0.0;0.0;0.0;0.0;0.0;0.0;0.0;0.0;0.0;0.0;0.0;0.0;0.0;0.0;0.0;13.0;0.0;0.0;0.0;0.0;0.0;0.0;0.0;0.0;0.0;0.0
Independência;EMATUBA;-5.2015555555556;-40.177666666667;2004;6;94.0;0.0;13.0;0.0;0.0;0.0;0.0;0.0;0.0;0.0;0.0;0.0;0.0;0.0;3.0;18.0;0.0;41.0;0.0;0.0;0.0;0.0;10.0;0.0;0.0;0.0;0.0;9.0;0.0;0.0;0.0;888.0
Independência;EMATUBA;-5.2015555555556;-40.177666666667;2004;7;12.0;0.0;0.0;0.0;8.0;0.0;0.0;0.0;0.0;0.0;0.0;0.0;0.0;0.0;0.0;0.0;0.0;4.0;0.0;0.0;0.0;0.0;0.0;0.0;0.0;0.0;0.0;0.0;0.0;0.0;0.0;0.0
Independência;EMATUBA;-5.2015555555556;-40.177666666667;2004;8;0.0;0.0;0.0;0.0;0.0;0.0;0.0;0.0;0.0;0.0;0.0;0.0;0.0;0.0;0.0;0.0;0.0;0.0;0.0;0.0;0.0;0.0;0.0;0.0;0.0;0.0;0.0;0.0;0.0;0.0;0.0;0.0
Independência;EMATUBA;-5.2015555555556;-40.177666666667;2004;9;0.0;0.0;0.0;0.0;0.0;0.0;0.0;0.0;0.0;0.0;0.0;0.0;0.0;0.0;0.0;0.0;0.0;0.0;0.0;0.0;0.0;0.0;0.0;0.0;0.0;0.0;0.0;0.0;0.0;0.0;0.0;888.0
Independência;EMATUBA;-5.2015555555556;-40.177666666667;2004;10;0.0;0.0;0.0;0.0;0.0;0.0;0.0;0.0;0.0;0.0;0.0;0.0;0.0;0.0;0.0;0.0;0.0;0.0;0.0;0.0;0.0;0.0;0.0;0.0;0.0;0.0;0.0;0.0;0.0;0.0;0.0;0.0
Independência;EMATUBA;-5.2015555555556;-40.177666666667;2004;11;0.0;0.0;0.0;0.0;0.0;0.0;0.0;0.0;0.0;0.0;0.0;0.0;0.0;0.0;0.0;0.0;0.0;0.0;0.0;0.0;0.0;0.0;0.0;0.0;0.0;0.0;0.0;0.0;0.0;0.0;0.0;888.0
Independência;EMATUBA;-5.2015555555556;-40.177666666667;2004;12;0.0;0.0;0.0;0.0;0.0;0.0;0.0;0.0;0.0;0.0;0.0;0.0;0.0;0.0;0.0;0.0;0.0;0.0;0.0;0.0;0.0;0.0;0.0;0.0;0.0;0.0;0.0;0.0;0.0;0.0;0.0;0.0
Independência;EMATUBA;-5.2015555555556;-40.177666666667;2005;1;81.0;0.0;0.0;0.0;0.0;0.0;0.0;0.0;0.0;0.0;0.0;0.0;0.0;0.0;0.0;12.0;0.0;9.0;0.0;0.0;0.0;0.0;0.0;0.0;0.0;7.0;40.0;13.0;0.0;0.0;0.0;0.0
Independência;EMATUBA;-5.2015555555556;-40.177666666667;2005;2;8.0;0.0;0.0;0.0;0.0;0.0;0.0;0.0;0.0;0.0;0.0;0.0;0.0;0.0;0.0;0.0;0.0;0.0;8.0;0.0;0.0;0.0;0.0;0.0;0.0;0.0;0.0;0.0;0.0;888.0;888.0;888.0
Independência;EMATUBA;-5.2015555555556;-40.177666666667;2005;3;269.0;0.0;0.0;0.0;0.0;0.0;0.0;0.0;0.0;0.0;0.0;0.0;0.0;0.0;0.0;0.0;0.0;0.0;0.0;23.0;0.0;2.0;16.0;0.0;3.0;59.0;102.0;0.0;43.0;11.0;0.0;10.0
Independência;EMATUBA;-5.2015555555556;-40.177666666667;2005;4;53.0;0.0;0.0;0.0;0.0;0.0;0.0;0.0;0.0;0.0;0.0;4.0;0.0;0.0;9.0;13.0;0.0;0.0;0.0;0.0;0.0;0.0;0.0;0.0;0.0;0.0;0.0;0.0;0.0;0.0;27.0;888.0
Independência;EMATUBA;-5.2015555555556;-40.177666666667;2005;5;66.0;0.0;0.0;9.0;0.0;0.0;0.0;0.0;3.0;0.0;0.0;0.0;0.0;10.0;3.0;0.0;0.0;2.0;0.0;8.0;0.0;0.0;0.0;0.0;0.0;0.0;0.0;0.0;11.0;4.0;0.0;16.0
Independência;EMATUBA;-5.2015555555556;-40.177666666667;2005;6;19.0;2.0;0.0;3.0;0.0;3.0;0.0;0.0;7.0;0.0;0.0;0.0;0.0;0.0;4.0;0.0;0.0;0.0;0.0;0.0;0.0;0.0;0.0;0.0;0.0;0.0;0.0;0.0;0.0;0.0;0.0;888.0
Independência;EMATUBA;-5.2015555555556;-40.177666666667;2005;7;0.0;0.0;0.0;0.0;0.0;0.0;0.0;0.0;0.0;0.0;0.0;0.0;0.0;0.0;0.0;0.0;0.0;0.0;0.0;0.0;0.0;0.0;0.0;0.0;0.0;0.0;0.0;0.0;0.0;0.0;0.0;0.0
Independência;EMATUBA;-5.2015555555556;-40.177666666667;2005;8;0.0;0.0;0.0;0.0;0.0;0.0;0.0;0.0;0.0;0.0;0.0;0.0;0.0;0.0;0.0;0.0;0.0;0.0;0.0;0.0;0.0;0.0;0.0;0.0;0.0;0.0;0.0;0.0;0.0;0.0;0.0;0.0
Independência;EMATUBA;-5.2015555555556;-40.177666666667;2005;9;0.0;0.0;0.0;0.0;0.0;0.0;0.0;0.0;0.0;0.0;0.0;0.0;0.0;0.0;0.0;0.0;0.0;0.0;0.0;0.0;0.0;0.0;0.0;0.0;0.0;0.0;0.0;0.0;0.0;0.0;0.0;888.0
Independência;EMATUBA;-5.2015555555556;-40.177666666667;2005;10;0.0;0.0;0.0;0.0;0.0;0.0;0.0;0.0;0.0;0.0;0.0;0.0;0.0;0.0;0.0;0.0;0.0;0.0;0.0;0.0;0.0;0.0;0.0;0.0;0.0;0.0;0.0;0.0;0.0;0.0;0.0;0.0
Independência;EMATUBA;-5.2015555555556;-40.177666666667;2005;11;0.0;0.0;0.0;0.0;0.0;0.0;0.0;0.0;0.0;0.0;0.0;0.0;0.0;0.0;0.0;0.0;0.0;0.0;0.0;0.0;0.0;0.0;0.0;0.0;0.0;0.0;0.0;0.0;0.0;0.0;0.0;888.0
Independência;EMATUBA;-5.2015555555556;-40.177666666667;2005;12;7.0;0.0;0.0;0.0;0.0;0.0;0.0;7.0;0.0;0.0;0.0;0.0;0.0;0.0;0.0;0.0;0.0;0.0;0.0;0.0;0.0;0.0;0.0;0.0;0.0;0.0;0.0;0.0;0.0;0.0;0.0;0.0
Independência;EMATUBA;-5.2015555555556;-40.177666666667;2006;1;14.0;14.0;0.0;0.0;0.0;0.0;0.0;0.0;0.0;0.0;0.0;0.0;0.0;0.0;0.0;0.0;0.0;0.0;0.0;0.0;0.0;0.0;0.0;0.0;0.0;0.0;0.0;0.0;0.0;0.0;0.0;0.0
Independência;EMATUBA;-5.2015555555556;-40.177666666667;2006;2;108.0;0.0;0.0;0.0;0.0;0.0;0.0;0.0;0.0;0.0;0.0;0.0;0.0;0.0;0.0;0.0;10.0;24.0;0.0;0.0;0.0;0.0;0.0;22.0;0.0;0.0;8.0;44.0;0.0;888.0;888.0;888.0
Independência;EMATUBA;-5.2015555555556;-40.177666666667;2006;3;54.0;6.0;0.0;18.0;0.0;0.0;0.0;0.0;0.0;0.0;0.0;11.0;15.0;0.0;0.0;0.0;0.0;0.0;0.0;0.0;0.0;0.0;0.0;0.0;4.0;0.0;0.0;0.0;0.0;0.0;0.0;0.0
Independência;EMATUBA;-5.2015555555556;-40.177666666667;2006;4;66.0;0.0;0.0;0.0;0.0;0.0;0.0;0.0;0.0;0.0;0.0;0.0;0.0;0.0;0.0;0.0;12.0;6.0;1.0;6.0;0.0;0.0;6.0;0.0;2.0;6.0;0.0;0.0;0.0;0.0;27.0;888.0
Independência;EMATUBA;-5.2015555555556;-40.177666666667;2006;5;32.0;0.0;0.0;0.0;0.0;0.0;0.0;0.0;0.0;7.0;0.0;0.0;0.0;0.0;0.0;0.0;0.0;0.0;0.0;0.0;0.0;17.0;0.0;0.0;5.0;0.0;0.0;0.0;3.0;0.0;0.0;0.0
Independência;EMATUBA;-5.2015555555556;-40.177666666667;2006;6;30.0;0.0;0.0;0.0;0.0;0.0;0.0;0.0;0.0;0.0;0.0;0.0;0.0;28.0;0.0;0.0;0.0;0.0;0.0;0.0;0.0;0.0;0.0;0.0;0.0;0.0;0.0;0.0;0.0;2.0;0.0;888.0
Independência;EMATUBA;-5.2015555555556;-40.177666666667;2006;7;6.0;0.0;0.0;0.0;0.0;0.0;0.0;2.0;0.0;0.0;0.0;0.0;0.0;0.0;0.0;0.0;0.0;0.0;0.0;0.0;0.0;0.0;0.0;0.0;0.0;0.0;0.0;2.0;2.0;0.0;0.0;0.0
Independência;EMATUBA;-5.2015555555556;-40.177666666667;2006;8;9.0;0.0;0.0;0.0;0.0;0.0;0.0;0.0;0.0;0.0;0.0;0.0;0.0;0.0;0.0;0.0;0.0;0.0;0.0;0.0;0.0;0.0;0.0;0.0;0.0;0.0;0.0;0.0;0.0;0.0;0.0;9.0
Independência;EMATUBA;-5.2015555555556;-40.177666666667;2006;9;1.0;0.0;0.0;0.0;0.0;0.0;0.0;0.0;0.0;0.0;0.0;0.0;1.0;0.0;0.0;0.0;0.0;0.0;0.0;0.0;0.0;0.0;0.0;0.0;0.0;0.0;0.0;0.0;0.0;0.0;0.0;888.0
Independência;EMATUBA;-5.2015555555556;-40.177666666667;2006;10;0.0;0.0;0.0;0.0;0.0;0.0;0.0;0.0;0.0;0.0;0.0;0.0;0.0;0.0;0.0;0.0;0.0;0.0;0.0;0.0;0.0;0.0;0.0;0.0;0.0;0.0;0.0;0.0;0.0;0.0;0.0;0.0
Independência;EMATUBA;-5.2015555555556;-40.177666666667;2006;11;0.0;0.0;0.0;0.0;0.0;0.0;0.0;0.0;0.0;0.0;0.0;0.0;0.0;0.0;0.0;0.0;0.0;0.0;0.0;0.0;0.0;0.0;0.0;0.0;0.0;0.0;0.0;0.0;0.0;0.0;0.0;888.0
Independência;EMATUBA;-5.2015555555556;-40.177666666667;2006;12;0.0;0.0;0.0;0.0;0.0;0.0;0.0;0.0;0.0;0.0;0.0;0.0;0.0;0.0;0.0;0.0;0.0;0.0;0.0;0.0;0.0;0.0;0.0;0.0;0.0;0.0;0.0;0.0;0.0;0.0;0.0;0.0
Independência;EMATUBA;-5.2015555555556;-40.177666666667;2007;1;4.0;0.0;4.0;0.0;0.0;0.0;0.0;0.0;0.0;0.0;0.0;0.0;0.0;0.0;0.0;0.0;0.0;0.0;0.0;0.0;0.0;0.0;0.0;0.0;0.0;0.0;0.0;0.0;0.0;0.0;0.0;0.0
Independência;EMATUBA;-5.2015555555556;-40.177666666667;2007;2;219.0;0.0;0.0;0.0;0.0;0.0;0.0;0.0;0.0;0.0;0.0;0.0;0.0;18.0;0.0;8.0;0.0;15.0;28.0;0.0;126.0;0.0;2.0;22.0;0.0;0.0;0.0;0.0;0.0;888.0;888.0;888.0
Independência;EMATUBA;-5.2015555555556;-40.177666666667;2007;3;41.0;9.0;2.0;0.0;0.0;23.0;0.0;0.0;0.0;0.0;0.0;0.0;0.0;7.0;0.0;0.0;0.0;0.0;0.0;0.0;0.0;0.0;0.0;0.0;0.0;0.0;0.0;0.0;0.0;0.0;0.0;0.0
Independência;EMATUBA;-5.2015555555556;-40.177666666667;2007;4;49.0;0.0;26.0;0.0;0.0;0.0;0.0;0.0;0.0;0.0;0.0;0.0;0.0;0.0;0.0;0.0;0.0;0.0;0.0;0.0;0.0;0.0;19.0;0.0;4.0;0.0;0.0;0.0;0.0;0.0;0.0;888.0
Independência;EMATUBA;-5.2015555555556;-40.177666666667;2007;5;25.0;0.0;0.0;0.0;0.0;0.0;0.0;0.0;0.0;0.0;0.0;0.0;0.0;0.0;0.0;0.0;0.0;0.0;0.0;0.0;15.0;0.0;0.0;10.0;0.0;0.0;0.0;0.0;0.0;0.0;0.0;0.0
Independência;EMATUBA;-5.2015555555556;-40.177666666667;2007;6;37.0;9.0;1.0;0.0;0.0;0.0;3.0;0.0;0.0;1.0;8.0;0.0;0.0;0.0;0.0;0.0;0.0;0.0;15.0;0.0;0.0;0.0;0.0;0.0;0.0;0.0;0.0;0.0;0.0;0.0;0.0;888.0
Independência;EMATUBA;-5.2015555555556;-40.177666666667;2007;7;20.0;0.0;0.0;0.0;0.0;0.0;0.0;0.0;0.0;0.0;0.0;0.0;0.0;0.0;0.0;0.0;0.0;0.0;0.0;0.0;0.0;0.0;0.0;0.0;4.0;0.0;0.0;0.0;16.0;0.0;0.0;0.0
Independência;EMATUBA;-5.2015555555556;-40.177666666667;2007;8;0.0;0.0;0.0;0.0;0.0;0.0;0.0;0.0;0.0;0.0;0.0;0.0;0.0;0.0;0.0;0.0;0.0;0.0;0.0;0.0;0.0;0.0;0.0;0.0;0.0;0.0;0.0;0.0;0.0;0.0;0.0;0.0
Independência;EMATUBA;-5.2015555555556;-40.177666666667;2007;9;0.0;0.0;0.0;0.0;0.0;0.0;0.0;0.0;0.0;0.0;0.0;0.0;0.0;0.0;0.0;0.0;0.0;0.0;0.0;0.0;0.0;0.0;0.0;0.0;0.0;0.0;0.0;0.0;0.0;0.0;0.0;888.0
Independência;EMATUBA;-5.2015555555556;-40.177666666667;2007;10;0.0;0.0;0.0;0.0;0.0;0.0;0.0;0.0;0.0;0.0;0.0;0.0;0.0;0.0;0.0;0.0;0.0;0.0;0.0;0.0;0.0;0.0;0.0;0.0;0.0;0.0;0.0;0.0;0.0;0.0;0.0;0.0
Independência;EMATUBA;-5.2015555555556;-40.177666666667;2007;11;0.0;0.0;0.0;0.0;0.0;0.0;0.0;0.0;0.0;0.0;0.0;0.0;0.0;0.0;0.0;0.0;0.0;0.0;0.0;0.0;0.0;0.0;0.0;0.0;0.0;0.0;0.0;0.0;0.0;0.0;0.0;888.0
Independência;EMATUBA;-5.2015555555556;-40.177666666667;2007;12;81.0;0.0;0.0;0.0;0.0;0.0;0.0;0.0;0.0;0.0;0.0;0.0;0.0;0.0;0.0;0.0;81.0;0.0;0.0;0.0;0.0;0.0;0.0;0.0;0.0;0.0;0.0;0.0;0.0;0.0;0.0;0.0
Independência;EMATUBA;-5.2015555555556;-40.177666666667;2008;1;43.0;0.0;0.0;0.0;0.0;0.0;0.0;0.0;0.0;0.0;0.0;0.0;0.0;0.0;0.0;6.0;5.0;0.0;0.0;0.0;0.0;0.0;0.0;8.0;0.0;0.0;0.0;0.0;0.0;0.0;0.0;24.0
Independência;EMATUBA;-5.2015555555556;-40.177666666667;2008;2;50.0;20.0;6.0;0.0;0.0;0.0;0.0;0.0;0.0;0.0;0.0;0.0;0.0;0.0;0.0;0.0;0.0;0.0;0.0;0.0;0.0;0.0;0.0;0.0;0.0;0.0;0.0;24.0;0.0;0.0;888.0;888.0
Independência;EMATUBA;-5.2015555555556;-40.177666666667;2008;3;310.0;33.0;0.0;0.0;0.0;0.0;36.0;0.0;0.0;84.0;0.0;0.0;0.0;0.0;0.0;15.0;37.0;0.0;0.0;0.0;8.0;0.0;2.0;17.0;10.0;8.0;12.0;12.0;20.0;8.0;5.0;3.0
Independência;EMATUBA;-5.2015555555556;-40.177666666667;2008;4;158.0;26.0;25.0;2.0;0.0;0.0;11.0;0.0;0.0;0.0;0.0;0.0;0.0;6.0;60.0;0.0;0.0;0.0;4.0;0.0;0.0;13.0;11.0;0.0;0.0;0.0;0.0;0.0;0.0;0.0;0.0;888.0
Independência;EMATUBA;-5.2015555555556;-40.177666666667;2008;5;23.0;0.0;0.0;4.0;0.0;3.0;0.0;0.0;0.0;0.0;10.0;0.0;0.0;6.0;0.0;0.0;0.0;0.0;0.0;0.0;0.0;0.0;0.0;0.0;0.0;0.0;0.0;0.0;0.0;0.0;0.0;0.0
Independência;EMATUBA;-5.2015555555556;-40.177666666667;2008;6;3.0;0.0;0.0;0.0;0.0;0.0;0.0;0.0;0.0;3.0;0.0;0.0;0.0;0.0;0.0;0.0;0.0;0.0;0.0;0.0;0.0;0.0;0.0;0.0;0.0;0.0;0.0;0.0;0.0;0.0;0.0;888.0
Independência;EMATUBA;-5.2015555555556;-40.177666666667;2008;7;6.0;0.0;6.0;0.0;0.0;0.0;0.0;0.0;0.0;0.0;0.0;0.0;0.0;0.0;0.0;0.0;0.0;0.0;0.0;0.0;0.0;0.0;0.0;0.0;0.0;0.0;0.0;0.0;0.0;0.0;0.0;0.0
Independência;EMATUBA;-5.2015555555556;-40.177666666667;2008;8;32.0;0.0;0.0;0.0;0.0;0.0;0.0;0.0;30.0;2.0;0.0;0.0;0.0;0.0;0.0;0.0;0.0;0.0;0.0;0.0;0.0;0.0;0.0;0.0;0.0;0.0;0.0;0.0;0.0;0.0;0.0;0.0
Independência;EMATUBA;-5.2015555555556;-40.177666666667;2008;9;0.0;0.0;0.0;0.0;0.0;0.0;0.0;0.0;0.0;0.0;0.0;0.0;0.0;0.0;0.0;0.0;0.0;0.0;0.0;0.0;0.0;0.0;0.0;0.0;0.0;0.0;0.0;0.0;0.0;0.0;0.0;888.0
Independência;EMATUBA;-5.2015555555556;-40.177666666667;2008;10;0.0;0.0;0.0;0.0;0.0;0.0;0.0;0.0;0.0;0.0;0.0;0.0;0.0;0.0;0.0;0.0;0.0;0.0;0.0;0.0;0.0;0.0;0.0;0.0;0.0;0.0;0.0;0.0;0.0;0.0;0.0;0.0
Independência;EMATUBA;-5.2015555555556;-40.177666666667;2008;11;0.0;0.0;0.0;0.0;0.0;0.0;0.0;0.0;0.0;0.0;0.0;0.0;0.0;0.0;0.0;0.0;0.0;0.0;0.0;0.0;0.0;0.0;0.0;0.0;0.0;0.0;0.0;0.0;0.0;0.0;0.0;888.0
Independência;EMATUBA;-5.2015555555556;-40.177666666667;2008;12;0.0;0.0;0.0;0.0;0.0;0.0;0.0;0.0;0.0;0.0;0.0;0.0;0.0;0.0;0.0;0.0;0.0;0.0;0.0;0.0;0.0;0.0;0.0;0.0;0.0;0.0;0.0;0.0;0.0;0.0;0.0;0.0
Independência;EMATUBA;-5.2015555555556;-40.177666666667;2009;1;41.0;0.0;0.0;0.0;0.0;0.0;0.0;0.0;0.0;0.0;0.0;0.0;0.0;0.0;0.0;0.0;0.0;10.0;0.0;0.0;0.0;0.0;6.0;16.0;0.0;0.0;9.0;0.0;0.0;0.0;0.0;0.0
Independência;EMATUBA;-5.2015555555556;-40.177666666667;2009;2;84.0;0.0;0.0;5.0;7.0;0.0;0.0;0.0;0.0;0.0;0.0;0.0;0.0;41.0;13.0;0.0;0.0;0.0;0.0;0.0;0.0;0.0;0.0;0.0;14.0;0.0;4.0;0.0;0.0;888.0;888.0;888.0
Independência;EMATUBA;-5.2015555555556;-40.177666666667;2009;3;97.0;0.0;0.0;3.0;7.0;0.0;0.0;0.0;0.0;0.0;0.0;0.0;49.0;0.0;16.0;5.0;9.0;0.0;6.0;0.0;0.0;0.0;0.0;0.0;0.0;0.0;2.0;0.0;0.0;0.0;0.0;0.0
Independência;EMATUBA;-5.2015555555556;-40.177666666667;2009;4;418.0;0.0;56.0;0.0;0.0;0.0;6.0;0.0;0.0;0.0;45.0;14.0;22.0;0.0;2.0;0.0;5.0;0.0;3.0;0.0;12.0;0.0;8.0;30.0;0.0;70.0;10.0;8.0;8.0;10.0;109.0;888.0
Independência;EMATUBA;-5.2015555555556;-40.177666666667;2009;5;149.0;0.0;2.0;53.0;0.0;20.0;9.0;0.0;0.0;18.0;0.0;23.0;0.0;0.0;0.0;0.0;2.0;0.0;0.0;0.0;0.0;0.0;0.0;0.0;2.0;0.0;4.0;0.0;0.0;16.0;0.0;0.0
Independência;EMATUBA;-5.2015555555556;-40.177666666667;2009;6;0.0;0.0;0.0;0.0;0.0;0.0;0.0;0.0;0.0;0.0;0.0;0.0;0.0;0.0;0.0;0.0;0.0;0.0;0.0;0.0;0.0;0.0;0.0;0.0;0.0;0.0;0.0;0.0;0.0;0.0;0.0;888.0
Independência;EMATUBA;-5.2015555555556;-40.177666666667;2009;7;29.0;0.0;0.0;0.0;0.0;0.0;0.0;0.0;0.0;0.0;0.0;2.0;0.0;0.0;6.0;0.0;0.0;0.0;0.0;0.0;0.0;0.0;0.0;9.0;12.0;0.0;0.0;0.0;0.0;0.0;0.0;0.0
Independência;EMATUBA;-5.2015555555556;-40.177666666667;2009;8;0.0;0.0;0.0;0.0;0.0;0.0;0.0;0.0;0.0;0.0;0.0;0.0;0.0;0.0;0.0;0.0;0.0;0.0;0.0;0.0;0.0;0.0;0.0;0.0;0.0;0.0;0.0;0.0;0.0;0.0;0.0;0.0
Independência;EMATUBA;-5.2015555555556;-40.177666666667;2009;9;0.0;0.0;0.0;0.0;0.0;0.0;0.0;0.0;0.0;0.0;0.0;0.0;0.0;0.0;0.0;0.0;0.0;0.0;0.0;0.0;0.0;0.0;0.0;0.0;0.0;0.0;0.0;0.0;0.0;0.0;0.0;888.0
Independência;EMATUBA;-5.2015555555556;-40.177666666667;2009;10;0.0;0.0;0.0;0.0;0.0;0.0;0.0;0.0;0.0;0.0;0.0;0.0;0.0;0.0;0.0;0.0;0.0;0.0;0.0;0.0;0.0;0.0;0.0;0.0;0.0;0.0;0.0;0.0;0.0;0.0;0.0;0.0
Independência;EMATUBA;-5.2015555555556;-40.177666666667;2009;11;0.0;0.0;0.0;0.0;0.0;0.0;0.0;0.0;0.0;0.0;0.0;0.0;0.0;0.0;0.0;0.0;0.0;0.0;0.0;0.0;0.0;0.0;0.0;0.0;0.0;0.0;0.0;0.0;0.0;0.0;0.0;888.0
Independência;EMATUBA;-5.2015555555556;-40.177666666667;2009;12;0.0;0.0;0.0;0.0;0.0;0.0;0.0;0.0;0.0;0.0;0.0;0.0;0.0;0.0;0.0;0.0;0.0;0.0;0.0;0.0;0.0;0.0;0.0;0.0;0.0;0.0;0.0;0.0;0.0;0.0;0.0;0.0
Independência;EMATUBA;-5.2015555555556;-40.177666666667;2010;1;37.0;0.0;0.0;0.0;7.0;0.0;0.0;0.0;0.0;0.0;0.0;0.0;0.0;0.0;0.0;0.0;0.0;0.0;0.0;0.0;30.0;0.0;0.0;0.0;0.0;0.0;0.0;0.0;0.0;0.0;0.0;0.0
Independência;EMATUBA;-5.2015555555556;-40.177666666667;2010;2;0.0;0.0;0.0;0.0;0.0;0.0;0.0;0.0;0.0;0.0;0.0;0.0;0.0;0.0;0.0;0.0;0.0;0.0;0.0;0.0;0.0;0.0;0.0;0.0;0.0;0.0;0.0;0.0;0.0;888.0;888.0;888.0
Independência;EMATUBA;-5.2015555555556;-40.177666666667;2010;3;0.0;0.0;0.0;0.0;0.0;0.0;0.0;0.0;0.0;0.0;0.0;0.0;0.0;0.0;0.0;0.0;0.0;0.0;0.0;0.0;0.0;0.0;0.0;0.0;0.0;0.0;0.0;0.0;0.0;0.0;0.0;0.0
Independência;EMATUBA;-5.2015555555556;-40.177666666667;2010;4;94.0;0.0;0.0;0.0;0.0;17.0;0.0;0.0;0.0;17.0;0.0;0.0;35.0;20.0;0.0;0.0;0.0;0.0;0.0;0.0;0.0;0.0;5.0;0.0;0.0;0.0;0.0;0.0;0.0;0.0;0.0;888.0
Independência;EMATUBA;-5.2015555555556;-40.177666666667;2010;5;0.0;0.0;0.0;0.0;0.0;0.0;0.0;0.0;0.0;0.0;0.0;0.0;0.0;0.0;0.0;0.0;0.0;0.0;0.0;0.0;0.0;0.0;0.0;0.0;0.0;0.0;0.0;0.0;0.0;0.0;0.0;0.0
Independência;EMATUBA;-5.2015555555556;-40.177666666667;2010;6;0.0;0.0;0.0;0.0;0.0;0.0;0.0;0.0;0.0;0.0;0.0;0.0;0.0;0.0;0.0;0.0;0.0;0.0;0.0;0.0;0.0;0.0;0.0;0.0;0.0;0.0;0.0;0.0;0.0;0.0;0.0;888.0
Independência;EMATUBA;-5.2015555555556;-40.177666666667;2010;7;0.0;0.0;0.0;0.0;0.0;0.0;0.0;0.0;0.0;0.0;0.0;0.0;0.0;0.0;0.0;0.0;0.0;0.0;0.0;0.0;0.0;0.0;0.0;0.0;0.0;0.0;0.0;0.0;0.0;0.0;0.0;0.0
Independência;EMATUBA;-5.2015555555556;-40.177666666667;2010;8;0.0;0.0;0.0;0.0;0.0;0.0;0.0;0.0;0.0;0.0;0.0;0.0;0.0;0.0;0.0;0.0;0.0;0.0;0.0;0.0;0.0;0.0;0.0;0.0;0.0;0.0;0.0;0.0;0.0;0.0;0.0;0.0
Independência;EMATUBA;-5.2015555555556;-40.177666666667;2010;9;0.0;0.0;0.0;0.0;0.0;0.0;0.0;0.0;0.0;0.0;0.0;0.0;0.0;0.0;0.0;0.0;0.0;0.0;0.0;0.0;0.0;0.0;0.0;0.0;0.0;0.0;0.0;0.0;0.0;0.0;0.0;888.0
Independência;EMATUBA;-5.2015555555556;-40.177666666667;2010;10;44.0;0.0;0.0;0.0;0.0;0.0;0.0;0.0;0.0;0.0;0.0;0.0;0.0;0.0;0.0;0.0;0.0;0.0;0.0;0.0;0.0;0.0;0.0;9.0;35.0;0.0;0.0;0.0;0.0;0.0;0.0;0.0
Independência;EMATUBA;-5.2015555555556;-40.177666666667;2010;11;0.0;0.0;0.0;0.0;0.0;0.0;0.0;0.0;0.0;0.0;0.0;0.0;0.0;0.0;0.0;0.0;0.0;0.0;0.0;0.0;0.0;0.0;0.0;0.0;0.0;0.0;0.0;0.0;0.0;0.0;0.0;888.0
Independência;EMATUBA;-5.2015555555556;-40.177666666667;2010;12;65.0;0.0;0.0;0.0;0.0;0.0;0.0;0.0;0.0;0.0;0.0;0.0;0.0;19.0;25.0;0.0;0.0;0.0;0.0;0.0;21.0;0.0;0.0;0.0;0.0;0.0;0.0;0.0;0.0;0.0;0.0;0.0
Independência;EMATUBA;-5.2015555555556;-40.177666666667;2011;1;133.0;0.0;0.0;0.0;0.0;0.0;0.0;0.0;0.0;0.0;11.0;9.0;0.0;0.0;0.0;0.0;0.0;0.0;0.0;0.0;6.0;15.0;33.0;0.0;23.0;12.0;0.0;0.0;24.0;0.0;0.0;0.0
Independência;EMATUBA;-5.2015555555556;-40.177666666667;2011;2;103.0;0.0;0.0;0.0;0.0;0.0;0.0;0.0;0.0;0.0;0.0;0.0;0.0;0.0;0.0;0.0;0.0;0.0;0.0;0.0;0.0;0.0;0.0;0.0;0.0;45.0;0.0;0.0;58.0;888.0;888.0;888.0
Independência;EMATUBA;-5.2015555555556;-40.177666666667;2011;3;126.0;1.0;50.0;0.0;6.0;0.0;11.0;0.0;0.0;26.0;0.0;0.0;0.0;0.0;7.0;0.0;0.0;0.0;0.0;0.0;3.0;0.0;0.0;0.0;0.0;0.0;0.0;0.0;19.0;0.0;3.0;0.0
Independência;EMATUBA;-5.2015555555556;-40.177666666667;2011;4;55.0;0.0;0.0;0.0;0.0;0.0;0.0;0.0;0.0;0.0;0.0;16.0;3.0;3.0;0.0;4.0;0.0;0.0;0.0;0.0;0.0;0.0;0.0;0.0;14.0;15.0;0.0;0.0;0.0;0.0;0.0;888.0
Independência;EMATUBA;-5.2015555555556;-40.177666666667;2011;5;127.0;0.0;0.0;0.0;10.0;12.0;2.0;21.0;0.0;0.0;0.0;56.0;0.0;0.0;0.0;0.0;0.0;10.0;9.0;0.0;7.0;0.0;0.0;0.0;0.0;0.0;0.0;0.0;0.0;0.0;0.0;0.0
Independência;EMATUBA;-5.2015555555556;-40.177666666667;2011;6;16.0;0.0;0.0;0.0;0.0;0.0;0.0;0.0;0.0;0.0;0.0;0.0;0.0;0.0;0.0;0.0;0.0;0.0;0.0;0.0;0.0;0.0;0.0;0.0;16.0;0.0;0.0;0.0;0.0;0.0;0.0;888.0
Independência;EMATUBA;-5.2015555555556;-40.177666666667;2011;7;16.0;0.0;0.0;0.0;0.0;0.0;0.0;0.0;0.0;0.0;0.0;2.0;9.0;0.0;0.0;0.0;0.0;0.0;5.0;0.0;0.0;0.0;0.0;0.0;0.0;0.0;0.0;0.0;0.0;0.0;0.0;0.0
Independência;EMATUBA;-5.2015555555556;-40.177666666667;2011;8;10.0;10.0;0.0;0.0;0.0;0.0;0.0;0.0;0.0;0.0;0.0;0.0;0.0;0.0;0.0;0.0;0.0;0.0;0.0;0.0;0.0;0.0;0.0;0.0;0.0;0.0;0.0;0.0;0.0;0.0;0.0;0.0
Independência;EMATUBA;-5.2015555555556;-40.177666666667;2011;9;0.0;0.0;0.0;0.0;0.0;0.0;0.0;0.0;0.0;0.0;0.0;0.0;0.0;0.0;0.0;0.0;0.0;0.0;0.0;0.0;0.0;0.0;0.0;0.0;0.0;0.0;0.0;0.0;0.0;0.0;0.0;888.0
Independência;EMATUBA;-5.2015555555556;-40.177666666667;2011;10;16.0;0.0;0.0;0.0;0.0;0.0;0.0;0.0;0.0;0.0;0.0;0.0;0.0;0.0;0.0;0.0;0.0;0.0;0.0;0.0;0.0;9.0;7.0;0.0;0.0;0.0;0.0;0.0;0.0;0.0;0.0;0.0
Independência;EMATUBA;-5.2015555555556;-40.177666666667;2011;11;0.0;0.0;0.0;0.0;0.0;0.0;0.0;0.0;0.0;0.0;0.0;0.0;0.0;0.0;0.0;0.0;0.0;0.0;0.0;0.0;0.0;0.0;0.0;0.0;0.0;0.0;0.0;0.0;0.0;0.0;0.0;888.0
Independência;EMATUBA;-5.2015555555556;-40.177666666667;2011;12;0.0;0.0;0.0;0.0;0.0;0.0;0.0;0.0;0.0;0.0;0.0;0.0;0.0;0.0;0.0;0.0;0.0;0.0;0.0;0.0;0.0;0.0;0.0;0.0;0.0;0.0;0.0;0.0;0.0;0.0;0.0;0.0
Independência;EMATUBA;-5.2015555555556;-40.177666666667;2012;1;15.0;0.0;0.0;0.0;0.0;0.0;0.0;0.0;0.0;0.0;0.0;0.0;0.0;0.0;0.0;0.0;0.0;0.0;0.0;11.0;0.0;0.0;0.0;0.0;0.0;4.0;0.0;0.0;0.0;0.0;0.0;0.0
Independência;EMATUBA;-5.2015555555556;-40.177666666667;2012;2;29.0;0.0;0.0;0.0;0.0;0.0;0.0;0.0;0.0;0.0;0.0;0.0;0.0;0.0;0.0;0.0;0.0;11.0;0.0;0.0;3.0;0.0;0.0;0.0;5.0;0.0;0.0;0.0;10.0;0.0;888.0;888.0
Independência;EMATUBA;-5.2015555555556;-40.177666666667;2012;3;16.0;0.0;0.0;0.0;5.0;0.0;0.0;0.0;0.0;0.0;0.0;8.0;0.0;0.0;0.0;0.0;3.0;0.0;0.0;0.0;0.0;0.0;0.0;0.0;0.0;0.0;0.0;0.0;0.0;0.0;0.0;0.0
Independência;EMATUBA;-5.2015555555556;-40.177666666667;2012;4;17.0;0.0;0.0;0.0;0.0;0.0;0.0;0.0;0.0;0.0;0.0;0.0;0.0;0.0;0.0;0.0;0.0;6.0;0.0;11.0;0.0;0.0;0.0;0.0;0.0;0.0;0.0;0.0;0.0;0.0;0.0;888.0
Independência;EMATUBA;-5.2015555555556;-40.177666666667;2012;5;14.0;0.0;0.0;0.0;0.0;0.0;0.0;0.0;0.0;0.0;0.0;0.0;0.0;0.0;0.0;0.0;0.0;0.0;0.0;0.0;0.0;0.0;0.0;11.0;0.0;0.0;0.0;0.0;0.0;0.0;3.0;0.0
Independência;EMATUBA;-5.2015555555556;-40.177666666667;2012;6;0.0;0.0;0.0;0.0;0.0;0.0;0.0;0.0;0.0;0.0;0.0;0.0;0.0;0.0;0.0;0.0;0.0;0.0;0.0;0.0;0.0;0.0;0.0;0.0;0.0;0.0;0.0;0.0;0.0;0.0;0.0;888.0
Independência;EMATUBA;-5.2015555555556;-40.177666666667;2012;7;0.0;0.0;0.0;0.0;0.0;0.0;0.0;0.0;0.0;0.0;0.0;0.0;0.0;0.0;0.0;0.0;0.0;0.0;0.0;0.0;0.0;0.0;0.0;0.0;0.0;0.0;0.0;0.0;0.0;0.0;0.0;0.0
Independência;EMATUBA;-5.2015555555556;-40.177666666667;2012;8;0.0;0.0;0.0;0.0;0.0;0.0;0.0;0.0;0.0;0.0;0.0;0.0;0.0;0.0;0.0;0.0;0.0;0.0;0.0;0.0;0.0;0.0;0.0;0.0;0.0;0.0;0.0;0.0;0.0;0.0;0.0;0.0
Independência;EMATUBA;-5.2015555555556;-40.177666666667;2012;9;0.0;0.0;0.0;0.0;0.0;0.0;0.0;0.0;0.0;0.0;0.0;0.0;0.0;0.0;0.0;0.0;0.0;0.0;0.0;0.0;0.0;0.0;0.0;0.0;0.0;0.0;0.0;0.0;0.0;0.0;0.0;888.0
Independência;EMATUBA;-5.2015555555556;-40.177666666667;2012;10;0.0;0.0;0.0;0.0;0.0;0.0;0.0;0.0;0.0;0.0;0.0;0.0;0.0;0.0;0.0;0.0;0.0;0.0;0.0;0.0;0.0;0.0;0.0;0.0;0.0;0.0;0.0;0.0;0.0;0.0;0.0;0.0
Independência;EMATUBA;-5.2015555555556;-40.177666666667;2012;11;0.0;0.0;0.0;0.0;0.0;0.0;0.0;0.0;0.0;0.0;0.0;0.0;0.0;0.0;0.0;0.0;0.0;0.0;0.0;0.0;0.0;0.0;0.0;0.0;0.0;0.0;0.0;0.0;0.0;0.0;0.0;888.0
Independência;EMATUBA;-5.2015555555556;-40.177666666667;2012;12;0.0;0.0;0.0;0.0;0.0;0.0;0.0;0.0;0.0;0.0;0.0;0.0;0.0;0.0;0.0;0.0;0.0;0.0;0.0;0.0;0.0;0.0;0.0;0.0;0.0;0.0;0.0;0.0;0.0;0.0;0.0;0.0
Independência;EMATUBA;-5.2015555555556;-40.177666666667;2013;1;0.0;0.0;0.0;0.0;0.0;0.0;0.0;0.0;0.0;0.0;0.0;0.0;0.0;0.0;0.0;0.0;0.0;0.0;0.0;0.0;0.0;0.0;0.0;0.0;0.0;0.0;0.0;0.0;0.0;0.0;0.0;0.0
Independência;EMATUBA;-5.2015555555556;-40.177666666667;2013;2;73.0;0.0;0.0;0.0;0.0;0.0;0.0;0.0;0.0;0.0;0.0;0.0;0.0;0.0;0.0;35.0;7.0;21.0;3.0;1.0;3.0;0.0;0.0;0.0;0.0;0.0;0.0;0.0;3.0;888.0;888.0;888.0
Independência;EMATUBA;-5.2015555555556;-40.177666666667;2013;3;15.0;0.0;0.0;0.0;0.0;0.0;0.0;0.0;0.0;0.0;0.0;0.0;0.0;0.0;0.0;0.0;0.0;8.0;0.0;0.0;0.0;0.0;0.0;0.0;7.0;0.0;0.0;0.0;0.0;0.0;0.0;0.0
Independência;EMATUBA;-5.2015555555556;-40.177666666667;2013;4;42.0;0.0;0.0;0.0;0.0;0.0;0.0;0.0;0.0;0.0;5.0;0.0;0.0;0.0;0.0;0.0;0.0;16.0;0.0;0.0;4.0;0.0;0.0;0.0;0.0;0.0;3.0;0.0;0.0;0.0;14.0;888.0
Independência;EMATUBA;-5.2015555555556;-40.177666666667;2013;5;49.0;3.0;7.0;0.0;0.0;0.0;0.0;0.0;0.0;0.0;7.0;0.0;0.0;0.0;0.0;8.0;0.0;0.0;11.0;13.0;0.0;0.0;0.0;0.0;0.0;0.0;0.0;0.0;0.0;0.0;0.0;0.0
Independência;EMATUBA;-5.2015555555556;-40.177666666667;2013;6;45.0;0.0;0.0;0.0;0.0;0.0;0.0;0.0;0.0;0.0;0.0;0.0;0.0;15.0;16.0;4.0;0.0;0.0;0.0;0.0;0.0;0.0;0.0;10.0;0.0;0.0;0.0;0.0;0.0;0.0;0.0;888.0
Independência;EMATUBA;-5.2015555555556;-40.177666666667;2013;7;10.0;0.0;0.0;0.0;0.0;0.0;0.0;0.0;0.0;0.0;0.0;0.0;0.0;0.0;0.0;0.0;0.0;10.0;0.0;0.0;0.0;0.0;0.0;0.0;0.0;0.0;0.0;0.0;0.0;0.0;0.0;0.0
Independência;EMATUBA;-5.2015555555556;-40.177666666667;2013;8;0.0;0.0;0.0;0.0;0.0;0.0;0.0;0.0;0.0;0.0;0.0;0.0;0.0;0.0;0.0;0.0;0.0;0.0;0.0;0.0;0.0;0.0;0.0;0.0;0.0;0.0;0.0;0.0;0.0;0.0;0.0;0.0
Independência;EMATUBA;-5.2015555555556;-40.177666666667;2013;9;0.0;0.0;0.0;0.0;0.0;0.0;0.0;0.0;0.0;0.0;0.0;0.0;0.0;0.0;0.0;0.0;0.0;0.0;0.0;0.0;0.0;0.0;0.0;0.0;0.0;0.0;0.0;0.0;0.0;0.0;0.0;888.0
Independência;EMATUBA;-5.2015555555556;-40.177666666667;2013;10;0.0;0.0;0.0;0.0;0.0;0.0;0.0;0.0;0.0;0.0;0.0;0.0;0.0;0.0;0.0;0.0;0.0;0.0;0.0;0.0;0.0;0.0;0.0;0.0;0.0;0.0;0.0;0.0;0.0;0.0;0.0;0.0
Independência;EMATUBA;-5.2015555555556;-40.177666666667;2013;11;0.0;0.0;0.0;0.0;0.0;0.0;0.0;0.0;0.0;0.0;0.0;0.0;0.0;0.0;0.0;0.0;0.0;0.0;0.0;0.0;0.0;0.0;0.0;0.0;0.0;0.0;0.0;0.0;0.0;0.0;999.0;888.0
Independência;EMATUBA;-5.2015555555556;-40.177666666667;2013;12;15.0;0.0;0.0;0.0;0.0;0.0;0.0;0.0;0.0;0.0;0.0;0.0;0.0;0.0;0.0;0.0;0.0;0.0;0.0;0.0;15.0;999.0;999.0;999.0;999.0;999.0;999.0;999.0;999.0;999.0;999.0;999.0
Independência;EMATUBA;-5.2015555555556;-40.177666666667;2014;1;42.0;0.0;0.0;0.0;0.0;0.0;0.0;0.0;0.0;0.0;0.0;0.0;0.0;0.0;0.0;0.0;0.0;0.0;0.0;0.0;0.0;0.0;0.0;0.0;0.0;0.0;0.0;0.0;0.0;0.0;4.0;38.0
Independência;EMATUBA;-5.2015555555556;-40.177666666667;2014;2;18.0;0.0;0.0;0.0;0.0;0.0;0.0;0.0;0.0;6.0;0.0;0.0;0.0;0.0;0.0;0.0;0.0;10.0;2.0;0.0;0.0;0.0;0.0;0.0;0.0;0.0;0.0;0.0;0.0;888.0;888.0;888.0
Independência;EMATUBA;-5.2015555555556;-40.177666666667;2014;3;153.0;0.0;0.0;0.0;0.0;0.0;0.0;26.0;3.0;6.0;4.0;0.0;0.0;25.0;0.0;32.0;18.0;6.0;0.0;0.0;0.0;0.0;0.0;0.0;0.0;0.0;0.0;0.0;0.0;0.0;0.0;33.0
Independência;EMATUBA;-5.2015555555556;-40.177666666667;2014;4;25.0;0.0;0.0;0.0;0.0;0.0;0.0;0.0;20.0;0.0;0.0;0.0;5.0;0.0;0.0;0.0;0.0;0.0;0.0;0.0;0.0;0.0;0.0;0.0;0.0;0.0;0.0;0.0;0.0;0.0;0.0;888.0
Independência;EMATUBA;-5.2015555555556;-40.177666666667;2014;5;26.0;0.0;0.0;0.0;0.0;0.0;0.0;0.0;0.0;0.0;0.0;14.0;0.0;9.0;0.0;0.0;0.0;0.0;0.0;0.0;0.0;0.0;3.0;0.0;0.0;0.0;0.0;0.0;0.0;0.0;0.0;0.0
Independência;EMATUBA;-5.2015555555556;-40.177666666667;2014;6;0.0;0.0;0.0;0.0;0.0;0.0;0.0;0.0;0.0;0.0;0.0;0.0;0.0;0.0;0.0;0.0;0.0;0.0;0.0;0.0;0.0;0.0;0.0;0.0;0.0;0.0;0.0;0.0;0.0;0.0;0.0;888.0
Independência;EMATUBA;-5.2015555555556;-40.177666666667;2014;7;0.0;0.0;0.0;0.0;0.0;0.0;0.0;0.0;0.0;0.0;0.0;0.0;0.0;0.0;0.0;0.0;0.0;0.0;0.0;0.0;0.0;0.0;0.0;0.0;0.0;0.0;0.0;0.0;0.0;0.0;0.0;0.0
Independência;EMATUBA;-5.2015555555556;-40.177666666667;2014;8;0.0;0.0;0.0;0.0;0.0;0.0;0.0;0.0;0.0;0.0;0.0;0.0;0.0;0.0;0.0;0.0;0.0;0.0;0.0;0.0;0.0;0.0;0.0;0.0;0.0;0.0;0.0;0.0;0.0;0.0;0.0;0.0
Independência;EMATUBA;-5.2015555555556;-40.177666666667;2014;9;0.0;0.0;0.0;0.0;0.0;0.0;0.0;0.0;0.0;0.0;0.0;0.0;0.0;0.0;0.0;0.0;0.0;0.0;0.0;0.0;0.0;0.0;0.0;0.0;0.0;0.0;0.0;0.0;0.0;0.0;0.0;888.0
Independência;EMATUBA;-5.2015555555556;-40.177666666667;2014;10;0.0;0.0;0.0;0.0;0.0;0.0;0.0;0.0;0.0;0.0;0.0;0.0;0.0;0.0;0.0;0.0;0.0;0.0;0.0;0.0;0.0;0.0;0.0;0.0;0.0;0.0;0.0;0.0;0.0;0.0;0.0;0.0
Independência;EMATUBA;-5.2015555555556;-40.177666666667;2014;11;47.0;0.0;0.0;0.0;0.0;0.0;0.0;0.0;0.0;0.0;0.0;0.0;0.0;0.0;0.0;0.0;0.0;0.0;20.0;27.0;0.0;0.0;0.0;0.0;0.0;0.0;0.0;0.0;0.0;0.0;0.0;888.0
Independência;EMATUBA;-5.2015555555556;-40.177666666667;2014;12;0.0;0.0;0.0;0.0;0.0;0.0;0.0;0.0;0.0;0.0;0.0;0.0;0.0;0.0;0.0;0.0;0.0;0.0;0.0;0.0;0.0;0.0;0.0;0.0;0.0;0.0;0.0;0.0;0.0;0.0;0.0;0.0
Independência;EMATUBA;-5.2015555555556;-40.177666666667;2015;1;0.0;0.0;0.0;0.0;0.0;0.0;0.0;0.0;0.0;0.0;0.0;0.0;0.0;0.0;0.0;0.0;0.0;0.0;0.0;0.0;0.0;0.0;0.0;0.0;0.0;0.0;0.0;0.0;0.0;0.0;0.0;0.0
Independência;EMATUBA;-5.2015555555556;-40.177666666667;2015;2;30.0;0.0;0.0;0.0;0.0;4.0;0.0;0.0;0.0;0.0;0.0;0.0;0.0;0.0;0.0;0.0;0.0;0.0;0.0;0.0;4.0;0.0;0.0;15.0;0.0;0.0;7.0;0.0;0.0;888.0;888.0;888.0
Independência;EMATUBA;-5.2015555555556;-40.177666666667;2015;3;154.0;0.0;10.0;4.0;0.0;7.0;0.0;0.0;0.0;8.0;0.0;0.0;0.0;0.0;0.0;0.0;0.0;0.0;0.0;0.0;0.0;0.0;60.0;56.0;9.0;0.0;0.0;0.0;0.0;0.0;0.0;0.0
Independência;EMATUBA;-5.2015555555556;-40.177666666667;2015;4;59.0;0.0;0.0;0.0;0.0;0.0;0.0;0.0;0.0;0.0;0.0;0.0;44.0;4.0;0.0;0.0;0.0;9.0;0.0;0.0;0.0;0.0;0.0;0.0;2.0;0.0;0.0;0.0;0.0;0.0;0.0;888.0
Independência;EMATUBA;-5.2015555555556;-40.177666666667;2015;5;25.0;0.0;0.0;0.0;0.0;0.0;0.0;0.0;5.0;0.0;3.0;0.0;0.0;0.0;0.0;0.0;0.0;0.0;0.0;0.0;0.0;3.0;6.0;0.0;0.0;3.0;0.0;3.0;0.0;0.0;0.0;2.0
Independência;EMATUBA;-5.2015555555556;-40.177666666667;2015;6;77.0;0.0;0.0;0.0;0.0;15.0;42.0;2.0;13.0;0.0;0.0;0.0;0.0;0.0;0.0;0.0;0.0;0.0;0.0;0.0;0.0;0.0;0.0;0.0;0.0;3.0;0.0;0.0;0.0;0.0;2.0;888.0
Independência;EMATUBA;-5.2015555555556;-40.177666666667;2015;7;43.0;0.0;0.0;15.0;10.0;13.0;0.0;0.0;0.0;0.0;0.0;0.0;0.0;0.0;0.0;0.0;0.0;5.0;0.0;0.0;0.0;0.0;0.0;0.0;0.0;0.0;0.0;0.0;0.0;0.0;0.0;0.0
Independência;EMATUBA;-5.2015555555556;-40.177666666667;2015;8;12.0;12.0;0.0;0.0;0.0;0.0;0.0;0.0;0.0;0.0;0.0;0.0;0.0;0.0;0.0;0.0;0.0;0.0;0.0;0.0;0.0;0.0;0.0;0.0;0.0;0.0;0.0;0.0;0.0;0.0;0.0;0.0
Independência;EMATUBA;-5.2015555555556;-40.177666666667;2015;9;0.0;0.0;0.0;0.0;0.0;0.0;0.0;0.0;0.0;0.0;0.0;0.0;0.0;0.0;0.0;0.0;0.0;0.0;0.0;0.0;0.0;0.0;0.0;0.0;0.0;0.0;0.0;0.0;0.0;0.0;0.0;888.0
Independência;EMATUBA;-5.2015555555556;-40.177666666667;2015;10;0.0;0.0;0.0;0.0;0.0;0.0;0.0;0.0;0.0;0.0;0.0;0.0;0.0;0.0;0.0;0.0;0.0;0.0;0.0;0.0;0.0;0.0;0.0;0.0;0.0;0.0;0.0;0.0;0.0;0.0;0.0;0.0
Independência;EMATUBA;-5.2015555555556;-40.177666666667;2015;11;0.0;0.0;0.0;0.0;0.0;0.0;0.0;0.0;0.0;0.0;0.0;0.0;0.0;0.0;0.0;0.0;0.0;0.0;0.0;0.0;0.0;0.0;0.0;0.0;0.0;0.0;0.0;0.0;0.0;0.0;0.0;888.0
Independência;EMATUBA;-5.2015555555556;-40.177666666667;2015;12;0.0;0.0;0.0;0.0;0.0;0.0;0.0;0.0;0.0;0.0;0.0;0.0;0.0;0.0;0.0;0.0;0.0;0.0;0.0;0.0;0.0;0.0;0.0;0.0;0.0;0.0;0.0;0.0;0.0;0.0;0.0;0.0
Independência;EMATUBA;-5.2015555555556;-40.177666666667;2016;1;76.0;0.0;0.0;0.0;0.0;0.0;0.0;0.0;0.0;0.0;0.0;0.0;0.0;0.0;0.0;6.0;4.0;0.0;0.0;0.0;2.0;18.0;12.0;6.0;0.0;28.0;0.0;0.0;0.0;0.0;0.0;0.0
Independência;EMATUBA;-5.2015555555556;-40.177666666667;2016;2;5.0;0.0;0.0;0.0;0.0;0.0;0.0;0.0;0.0;0.0;0.0;0.0;0.0;0.0;0.0;0.0;0.0;0.0;0.0;0.0;5.0;0.0;0.0;0.0;0.0;0.0;0.0;0.0;0.0;0.0;888.0;888.0
Independência;EMATUBA;-5.2015555555556;-40.177666666667;2016;3;40.0;0.0;0.0;0.0;0.0;0.0;0.0;0.0;0.0;0.0;14.0;0.0;0.0;0.0;0.0;0.0;0.0;0.0;0.0;0.0;0.0;0.0;0.0;0.0;0.0;0.0;0.0;0.0;0.0;0.0;20.0;6.0
Independência;EMATUBA;-5.2015555555556;-40.177666666667;2016;4;46.0;7.0;0.0;5.0;0.0;0.0;5.0;0.0;0.0;0.0;0.0;0.0;0.0;0.0;0.0;24.0;0.0;0.0;0.0;5.0;0.0;0.0;0.0;0.0;0.0;0.0;0.0;0.0;0.0;0.0;0.0;888.0
Independência;EMATUBA;-5.2015555555556;-40.177666666667;2016;5;15.0;0.0;0.0;15.0;0.0;0.0;0.0;0.0;0.0;0.0;0.0;0.0;0.0;0.0;0.0;0.0;0.0;0.0;0.0;0.0;0.0;0.0;0.0;0.0;0.0;0.0;0.0;0.0;0.0;0.0;0.0;0.0
Independência;EMATUBA;-5.2015555555556;-40.177666666667;2016;6;27.0;0.0;0.0;0.0;0.0;0.0;0.0;10.0;0.0;0.0;0.0;0.0;0.0;0.0;0.0;0.0;0.0;0.0;0.0;0.0;0.0;0.0;0.0;17.0;0.0;0.0;0.0;0.0;0.0;0.0;0.0;888.0
Independência;EMATUBA;-5.2015555555556;-40.177666666667;2016;7;0.0;0.0;0.0;0.0;0.0;0.0;0.0;0.0;0.0;0.0;0.0;0.0;0.0;0.0;0.0;0.0;0.0;0.0;0.0;0.0;0.0;0.0;0.0;0.0;0.0;0.0;0.0;0.0;0.0;0.0;0.0;0.0
Independência;EMATUBA;-5.2015555555556;-40.177666666667;2016;8;0.0;0.0;0.0;0.0;0.0;0.0;0.0;0.0;0.0;0.0;0.0;0.0;0.0;0.0;0.0;0.0;0.0;0.0;0.0;0.0;0.0;0.0;0.0;0.0;0.0;0.0;0.0;0.0;0.0;0.0;0.0;0.0
Independência;EMATUBA;-5.2015555555556;-40.177666666667;2016;9;0.0;0.0;0.0;0.0;0.0;0.0;0.0;0.0;0.0;0.0;0.0;0.0;0.0;0.0;0.0;0.0;0.0;0.0;0.0;0.0;0.0;0.0;0.0;0.0;0.0;0.0;0.0;0.0;0.0;0.0;0.0;888.0
Independência;EMATUBA;-5.2015555555556;-40.177666666667;2016;10;0.0;0.0;0.0;0.0;0.0;0.0;0.0;0.0;0.0;0.0;0.0;0.0;0.0;0.0;0.0;0.0;0.0;0.0;0.0;0.0;0.0;0.0;0.0;0.0;0.0;0.0;0.0;0.0;0.0;0.0;0.0;0.0
Independência;EMATUBA;-5.2015555555556;-40.177666666667;2016;11;0.0;0.0;0.0;0.0;0.0;0.0;0.0;0.0;0.0;0.0;0.0;0.0;0.0;0.0;0.0;0.0;0.0;0.0;0.0;0.0;0.0;0.0;0.0;0.0;0.0;0.0;0.0;0.0;0.0;0.0;0.0;888.0
Independência;EMATUBA;-5.2015555555556;-40.177666666667;2016;12;56.0;0.0;0.0;0.0;0.0;0.0;0.0;0.0;0.0;0.0;0.0;0.0;0.0;0.0;0.0;0.0;0.0;0.0;40.0;9.0;0.0;0.0;0.0;0.0;0.0;7.0;0.0;0.0;0.0;0.0;0.0;0.0
Independência;EMATUBA;-5.2015555555556;-40.177666666667;2017;1;42.0;0.0;0.0;0.0;0.0;0.0;0.0;0.0;0.0;0.0;0.0;0.0;0.0;0.0;0.0;0.0;0.0;0.0;0.0;0.0;30.0;0.0;0.0;0.0;10.0;0.0;0.0;0.0;2.0;0.0;0.0;0.0
Independência;EMATUBA;-5.2015555555556;-40.177666666667;2017;2;113.0;0.0;0.0;0.0;0.0;0.0;0.0;0.0;0.0;0.0;0.0;30.0;13.0;0.0;0.0;0.0;0.0;0.0;44.0;0.0;26.0;999.0;999.0;999.0;999.0;999.0;999.0;999.0;999.0;888.0;888.0;888.0
Independência;EMATUBA;-5.2015555555556;-40.177666666667;2017;3;85.0;0.0;8.0;33.0;0.0;0.0;0.0;0.0;0.0;0.0;0.0;7.0;0.0;0.0;0.0;0.0;0.0;0.0;0.0;0.0;0.0;0.0;0.0;0.0;30.0;0.0;0.0;7.0;0.0;0.0;0.0;0.0
Independência;EMATUBA;-5.2015555555556;-40.177666666667;2017;4;29.0;0.0;0.0;0.0;0.0;0.0;6.0;0.0;0.0;0.0;0.0;0.0;0.0;0.0;15.0;0.0;0.0;0.0;0.0;0.0;0.0;0.0;0.0;0.0;0.0;0.0;0.0;8.0;0.0;0.0;0.0;888.0
Independência;EMATUBA;-5.2015555555556;-40.177666666667;2017;5;31.0;0.0;0.0;0.0;0.0;0.0;0.0;0.0;0.0;12.0;0.0;0.0;19.0;0.0;0.0;0.0;0.0;0.0;0.0;0.0;0.0;0.0;0.0;0.0;0.0;0.0;0.0;0.0;0.0;0.0;0.0;0.0
Independência;EMATUBA;-5.2015555555556;-40.177666666667;2017;6;0.0;0.0;0.0;0.0;0.0;0.0;0.0;0.0;0.0;0.0;0.0;0.0;0.0;0.0;0.0;0.0;0.0;0.0;0.0;0.0;0.0;0.0;0.0;0.0;0.0;0.0;0.0;0.0;0.0;0.0;0.0;888.0
Independência;EMATUBA;-5.2015555555556;-40.177666666667;2017;7;0.0;0.0;0.0;0.0;0.0;0.0;0.0;0.0;0.0;0.0;0.0;0.0;0.0;0.0;0.0;0.0;0.0;0.0;0.0;0.0;0.0;0.0;0.0;0.0;0.0;0.0;0.0;0.0;0.0;0.0;0.0;0.0
Independência;EMATUBA;-5.2015555555556;-40.177666666667;2017;8;0.0;0.0;0.0;0.0;0.0;0.0;0.0;0.0;0.0;0.0;0.0;0.0;0.0;0.0;0.0;0.0;0.0;0.0;0.0;0.0;0.0;0.0;0.0;0.0;0.0;0.0;0.0;0.0;0.0;0.0;0.0;0.0
Independência;EMATUBA;-5.2015555555556;-40.177666666667;2017;9;0.0;0.0;0.0;0.0;0.0;0.0;0.0;0.0;0.0;0.0;0.0;0.0;0.0;0.0;0.0;0.0;0.0;0.0;0.0;0.0;0.0;0.0;0.0;0.0;0.0;0.0;0.0;0.0;0.0;0.0;0.0;888.0
Independência;EMATUBA;-5.2015555555556;-40.177666666667;2017;10;0.0;0.0;0.0;0.0;0.0;0.0;0.0;0.0;0.0;0.0;0.0;0.0;0.0;0.0;0.0;0.0;0.0;0.0;0.0;0.0;0.0;0.0;0.0;0.0;0.0;0.0;0.0;0.0;0.0;0.0;0.0;0.0
Independência;EMATUBA;-5.2015555555556;-40.177666666667;2017;11;0.0;0.0;0.0;0.0;0.0;0.0;0.0;0.0;0.0;0.0;0.0;0.0;0.0;0.0;0.0;0.0;0.0;0.0;0.0;0.0;0.0;0.0;0.0;0.0;0.0;0.0;0.0;0.0;0.0;0.0;0.0;888.0
Independência;EMATUBA;-5.2015555555556;-40.177666666667;2017;12;9.0;0.0;0.0;0.0;0.0;0.0;0.0;0.0;0.0;0.0;0.0;0.0;0.0;0.0;0.0;0.0;0.0;0.0;0.0;0.0;0.0;0.0;0.0;0.0;9.0;0.0;0.0;0.0;0.0;0.0;0.0;0.0
Independência;EMATUBA;-5.2015555555556;-40.177666666667;2018;1;20.0;0.0;0.0;0.0;0.0;0.0;0.0;0.0;0.0;0.0;0.0;0.0;0.0;0.0;0.0;0.0;0.0;0.0;0.0;0.0;11.0;0.0;0.0;0.0;0.0;0.0;0.0;9.0;0.0;0.0;0.0;0.0
Independência;EMATUBA;-5.2015555555556;-40.177666666667;2018;2;123.0;0.0;0.0;0.0;0.0;0.0;0.0;0.0;40.0;0.0;0.0;0.0;0.0;40.0;0.0;0.0;0.0;20.0;0.0;0.0;10.0;0.0;0.0;0.0;7.0;6.0;0.0;0.0;0.0;888.0;888.0;888.0
Independência;EMATUBA;-5.2015555555556;-40.177666666667;2018;3;128.0;0.0;0.0;41.0;0.0;0.0;0.0;0.0;0.0;0.0;0.0;0.0;2.0;0.0;0.0;0.0;0.0;0.0;0.0;0.0;0.0;0.0;0.0;0.0;0.0;0.0;25.0;4.0;0.0;0.0;25.0;31.0
Independência;EMATUBA;-5.2015555555556;-40.177666666667;2018;4;170.0;0.0;7.0;26.0;0.0;0.0;0.0;0.0;17.0;28.0;0.0;31.0;0.0;14.0;5.0;0.0;6.0;14.0;0.0;0.0;0.0;0.0;0.0;9.0;0.0;0.0;0.0;0.0;0.0;0.0;13.0;888.0
Independência;EMATUBA;-5.2015555555556;-40.177666666667;2018;5;18.0;0.0;18.0;0.0;0.0;0.0;0.0;0.0;0.0;0.0;0.0;0.0;0.0;0.0;0.0;0.0;0.0;0.0;0.0;0.0;0.0;0.0;0.0;0.0;0.0;0.0;0.0;0.0;0.0;0.0;0.0;0.0
Independência;EMATUBA;-5.2015555555556;-40.177666666667;2018;6;0.0;0.0;0.0;0.0;0.0;0.0;0.0;0.0;0.0;0.0;0.0;0.0;0.0;0.0;0.0;0.0;0.0;0.0;0.0;0.0;0.0;0.0;0.0;0.0;0.0;0.0;0.0;0.0;0.0;0.0;0.0;888.0
Independência;EMATUBA;-5.2015555555556;-40.177666666667;2018;7;0.0;0.0;0.0;0.0;0.0;0.0;0.0;0.0;0.0;0.0;0.0;0.0;0.0;0.0;0.0;0.0;0.0;0.0;0.0;0.0;0.0;0.0;0.0;0.0;0.0;0.0;0.0;0.0;0.0;0.0;0.0;0.0
Independência;EMATUBA;-5.2015555555556;-40.177666666667;2018;8;0.0;0.0;0.0;0.0;0.0;0.0;0.0;0.0;0.0;0.0;0.0;0.0;0.0;0.0;0.0;0.0;0.0;0.0;0.0;0.0;0.0;0.0;0.0;0.0;0.0;0.0;0.0;0.0;0.0;0.0;0.0;0.0
Independência;EMATUBA;-5.2015555555556;-40.177666666667;2018;9;0.0;0.0;0.0;0.0;0.0;0.0;0.0;0.0;0.0;0.0;0.0;0.0;0.0;0.0;0.0;0.0;0.0;0.0;0.0;0.0;0.0;0.0;0.0;0.0;0.0;0.0;0.0;0.0;0.0;999.0;999.0;888.0
