Municipios;Postos;Latitude;Longitude;Anos;Meses;Total;Dia1;Dia2;Dia3;Dia4;Dia5;Dia6;Dia7;Dia8;Dia9;Dia10;Dia11;Dia12;Dia13;Dia14;Dia15;Dia16;Dia17;Dia18;Dia19;Dia20;Dia21;Dia22;Dia23;Dia24;Dia25;Dia26;Dia27;Dia28;Dia29;Dia30;Dia31
Jijoca de Jericoacoara;JERICOACOARA;-2.7931111111111;-40.519472222222;2000;12;0.0;0.0;999.0;999.0;999.0;999.0;999.0;999.0;999.0;999.0;999.0;999.0;999.0;999.0;999.0;999.0;999.0;999.0;999.0;999.0;999.0;999.0;999.0;999.0;999.0;999.0;999.0;999.0;999.0;999.0;999.0;999.0
Jijoca de Jericoacoara;JERICOACOARA;-2.7931111111111;-40.519472222222;2001;1;178.2;0.0;0.0;0.0;119.5;0.0;0.0;0.0;0.0;0.0;0.0;0.0;0.0;16.5;0.0;0.0;0.0;0.0;0.0;0.0;0.0;8.4;0.0;18.2;0.0;8.4;0.0;0.0;0.0;0.0;0.0;7.2
Jijoca de Jericoacoara;JERICOACOARA;-2.7931111111111;-40.519472222222;2001;2;83.5;7.2;0.0;0.0;0.0;0.0;0.0;0.0;0.0;0.0;46.3;0.0;0.0;0.0;0.0;0.0;0.0;0.0;0.0;0.0;0.0;0.0;0.0;0.0;0.0;0.0;30.0;0.0;0.0;888.0;888.0;888.0
Jijoca de Jericoacoara;JERICOACOARA;-2.7931111111111;-40.519472222222;2001;3;129.0;0.0;0.0;0.0;0.0;0.0;0.0;0.0;0.0;0.0;0.0;0.0;30.0;0.0;17.0;28.0;0.0;0.0;0.0;0.0;0.0;0.0;0.0;0.0;0.0;0.0;0.0;0.0;0.0;7.0;22.0;25.0
Jijoca de Jericoacoara;JERICOACOARA;-2.7931111111111;-40.519472222222;2001;4;230.0;0.0;23.0;4.0;0.0;53.0;0.0;0.0;0.0;27.0;0.0;0.0;0.0;0.0;0.0;12.0;0.0;10.0;0.0;75.0;5.0;0.0;0.0;0.0;0.0;10.0;0.0;5.0;0.0;0.0;6.0;888.0
Jijoca de Jericoacoara;JERICOACOARA;-2.7931111111111;-40.519472222222;2001;5;0.0;0.0;0.0;0.0;0.0;0.0;0.0;0.0;0.0;0.0;0.0;0.0;0.0;0.0;0.0;0.0;0.0;0.0;0.0;0.0;0.0;0.0;0.0;0.0;0.0;0.0;0.0;0.0;0.0;0.0;0.0;0.0
Jijoca de Jericoacoara;JERICOACOARA;-2.7931111111111;-40.519472222222;2001;6;33.0;33.0;0.0;0.0;0.0;0.0;0.0;0.0;0.0;0.0;0.0;0.0;0.0;0.0;0.0;0.0;0.0;0.0;0.0;0.0;0.0;0.0;0.0;0.0;0.0;0.0;0.0;0.0;0.0;0.0;0.0;888.0
Jijoca de Jericoacoara;JERICOACOARA;-2.7931111111111;-40.519472222222;2001;7;0.0;0.0;0.0;0.0;0.0;0.0;0.0;0.0;0.0;0.0;0.0;0.0;0.0;0.0;0.0;0.0;0.0;0.0;0.0;0.0;0.0;0.0;0.0;0.0;0.0;0.0;0.0;0.0;0.0;0.0;0.0;0.0
Jijoca de Jericoacoara;JERICOACOARA;-2.7931111111111;-40.519472222222;2001;8;0.0;0.0;0.0;0.0;0.0;0.0;0.0;0.0;0.0;0.0;0.0;0.0;0.0;0.0;0.0;0.0;0.0;0.0;0.0;0.0;0.0;0.0;0.0;0.0;0.0;0.0;0.0;0.0;0.0;0.0;0.0;0.0
Jijoca de Jericoacoara;JERICOACOARA;-2.7931111111111;-40.519472222222;2001;9;0.0;0.0;0.0;0.0;0.0;0.0;0.0;0.0;0.0;0.0;0.0;0.0;0.0;0.0;0.0;0.0;0.0;0.0;0.0;0.0;0.0;0.0;0.0;0.0;0.0;0.0;0.0;0.0;0.0;0.0;0.0;888.0
Jijoca de Jericoacoara;JERICOACOARA;-2.7931111111111;-40.519472222222;2001;10;0.0;0.0;0.0;0.0;0.0;0.0;0.0;0.0;0.0;0.0;0.0;0.0;0.0;0.0;0.0;0.0;0.0;0.0;0.0;0.0;0.0;0.0;0.0;0.0;0.0;0.0;0.0;0.0;0.0;0.0;0.0;0.0
Jijoca de Jericoacoara;JERICOACOARA;-2.7931111111111;-40.519472222222;2001;11;0.0;0.0;0.0;0.0;0.0;0.0;0.0;0.0;0.0;0.0;0.0;0.0;0.0;0.0;0.0;0.0;0.0;0.0;0.0;0.0;0.0;0.0;0.0;0.0;0.0;0.0;0.0;0.0;0.0;0.0;0.0;888.0
Jijoca de Jericoacoara;JERICOACOARA;-2.7931111111111;-40.519472222222;2001;12;0.0;0.0;0.0;0.0;0.0;0.0;0.0;0.0;0.0;0.0;0.0;0.0;0.0;0.0;0.0;0.0;0.0;0.0;0.0;0.0;0.0;0.0;0.0;0.0;0.0;0.0;0.0;0.0;0.0;0.0;0.0;0.0
Jijoca de Jericoacoara;JERICOACOARA;-2.7931111111111;-40.519472222222;2002;1;127.5;0.0;0.0;0.0;0.0;0.0;0.0;0.0;8.5;9.0;0.0;0.0;0.0;3.8;6.2;100.0;0.0;0.0;0.0;0.0;0.0;0.0;0.0;0.0;0.0;0.0;0.0;0.0;0.0;0.0;0.0;0.0
Jijoca de Jericoacoara;JERICOACOARA;-2.7931111111111;-40.519472222222;2002;2;14.2;0.0;0.0;0.0;0.0;0.0;0.0;0.0;0.0;0.0;0.0;0.0;2.0;5.0;3.2;4.0;0.0;0.0;0.0;0.0;0.0;0.0;0.0;0.0;0.0;0.0;0.0;0.0;0.0;888.0;888.0;888.0
Jijoca de Jericoacoara;JERICOACOARA;-2.7931111111111;-40.519472222222;2002;3;34.1;0.1;0.0;5.0;0.0;1.0;0.8;0.9;2.2;0.9;0.5;0.3;1.4;0.2;0.8;0.3;1.5;1.2;1.7;1.9;1.1;1.8;2.5;0.6;0.1;2.1;0.2;0.3;0.9;0.8;0.8;2.2
Jijoca de Jericoacoara;JERICOACOARA;-2.7931111111111;-40.519472222222;2002;4;11.9;0.0;0.7;0.0;0.1;0.0;0.0;1.3;0.0;0.9;0.0;0.0;2.3;0.2;0.0;0.8;0.0;0.4;1.6;0.0;0.5;0.0;0.2;0.0;0.9;0.2;0.3;0.8;0.4;0.0;0.3;888.0
Jijoca de Jericoacoara;JERICOACOARA;-2.7931111111111;-40.519472222222;2002;5;3.0;1.1;0.0;0.0;1.8;0.0;0.0;0.1;0.0;0.0;0.0;0.0;0.0;0.0;0.0;0.0;0.0;0.0;0.0;0.0;0.0;0.0;0.0;0.0;0.0;0.0;0.0;0.0;0.0;0.0;0.0;0.0
Jijoca de Jericoacoara;JERICOACOARA;-2.7931111111111;-40.519472222222;2002;6;0.0;0.0;0.0;0.0;0.0;0.0;0.0;0.0;0.0;0.0;0.0;0.0;0.0;0.0;0.0;0.0;0.0;0.0;0.0;0.0;0.0;0.0;0.0;0.0;0.0;0.0;0.0;0.0;0.0;0.0;0.0;888.0
Jijoca de Jericoacoara;JERICOACOARA;-2.7931111111111;-40.519472222222;2002;7;0.0;0.0;0.0;0.0;0.0;0.0;0.0;0.0;0.0;0.0;0.0;0.0;0.0;0.0;0.0;0.0;0.0;0.0;0.0;0.0;0.0;0.0;0.0;0.0;0.0;0.0;0.0;0.0;0.0;0.0;0.0;0.0
Jijoca de Jericoacoara;JERICOACOARA;-2.7931111111111;-40.519472222222;2002;8;0.0;0.0;0.0;0.0;0.0;0.0;0.0;0.0;0.0;0.0;0.0;0.0;0.0;0.0;0.0;0.0;0.0;0.0;0.0;0.0;0.0;0.0;0.0;0.0;0.0;0.0;0.0;0.0;0.0;0.0;0.0;0.0
Jijoca de Jericoacoara;JERICOACOARA;-2.7931111111111;-40.519472222222;2002;9;0.0;0.0;0.0;0.0;0.0;0.0;0.0;0.0;0.0;0.0;0.0;0.0;0.0;0.0;0.0;0.0;0.0;0.0;0.0;0.0;0.0;0.0;0.0;0.0;0.0;0.0;0.0;0.0;0.0;0.0;0.0;888.0
Jijoca de Jericoacoara;JERICOACOARA;-2.7931111111111;-40.519472222222;2002;10;0.0;0.0;0.0;0.0;0.0;0.0;0.0;0.0;0.0;0.0;0.0;0.0;0.0;0.0;0.0;0.0;0.0;0.0;0.0;0.0;0.0;0.0;0.0;0.0;0.0;0.0;0.0;0.0;0.0;0.0;0.0;0.0
Jijoca de Jericoacoara;JERICOACOARA;-2.7931111111111;-40.519472222222;2002;11;0.0;0.0;0.0;0.0;0.0;0.0;0.0;0.0;0.0;0.0;0.0;0.0;0.0;0.0;0.0;0.0;0.0;0.0;0.0;0.0;0.0;0.0;0.0;0.0;0.0;0.0;0.0;0.0;0.0;0.0;0.0;888.0
Jijoca de Jericoacoara;JERICOACOARA;-2.7931111111111;-40.519472222222;2002;12;0.0;0.0;0.0;0.0;0.0;0.0;0.0;0.0;0.0;0.0;0.0;0.0;0.0;0.0;0.0;0.0;0.0;0.0;0.0;0.0;0.0;0.0;0.0;0.0;0.0;0.0;0.0;0.0;0.0;0.0;0.0;0.0
Jijoca de Jericoacoara;JERICOACOARA;-2.7931111111111;-40.519472222222;2003;1;33.0;0.0;0.0;0.0;0.0;0.0;0.0;0.0;0.0;0.0;0.0;0.0;0.0;0.0;0.0;0.0;0.0;0.0;0.0;0.0;3.1;0.0;1.4;1.0;8.2;2.3;1.3;9.1;1.1;3.0;1.1;1.4
Jijoca de Jericoacoara;JERICOACOARA;-2.7931111111111;-40.519472222222;2003;2;99.0;1.3;2.4;8.1;2.4;1.3;2.1;7.3;5.1;2.0;5.4;1.3;2.0;0.4;1.2;2.0;3.0;0.4;7.1;2.2;0.0;0.0;0.0;0.0;0.0;25.0;0.0;0.0;17.0;888.0;888.0;888.0
Jijoca de Jericoacoara;JERICOACOARA;-2.7931111111111;-40.519472222222;2003;3;0.0;0.0;999.0;999.0;999.0;999.0;999.0;999.0;999.0;999.0;999.0;999.0;999.0;999.0;999.0;999.0;999.0;999.0;999.0;999.0;999.0;999.0;999.0;999.0;999.0;999.0;999.0;999.0;999.0;999.0;999.0;999.0
Jijoca de Jericoacoara;JERICOACOARA;-2.7931111111111;-40.519472222222;2003;4;0.0;0.0;999.0;999.0;999.0;999.0;999.0;999.0;999.0;999.0;999.0;999.0;999.0;999.0;999.0;999.0;999.0;999.0;999.0;999.0;999.0;999.0;999.0;999.0;999.0;999.0;999.0;999.0;999.0;999.0;999.0;888.0
Jijoca de Jericoacoara;JERICOACOARA;-2.7931111111111;-40.519472222222;2003;5;0.0;0.0;999.0;999.0;999.0;999.0;999.0;999.0;999.0;999.0;999.0;999.0;999.0;999.0;999.0;999.0;999.0;999.0;999.0;999.0;999.0;999.0;999.0;999.0;999.0;999.0;999.0;999.0;999.0;999.0;999.0;999.0
Jijoca de Jericoacoara;JERICOACOARA;-2.7931111111111;-40.519472222222;2003;6;0.0;0.0;999.0;999.0;999.0;999.0;999.0;999.0;999.0;999.0;999.0;999.0;999.0;999.0;999.0;999.0;999.0;999.0;999.0;999.0;999.0;999.0;999.0;999.0;999.0;999.0;999.0;999.0;999.0;999.0;999.0;888.0
Jijoca de Jericoacoara;JERICOACOARA;-2.7931111111111;-40.519472222222;2003;7;0.0;0.0;999.0;999.0;999.0;999.0;999.0;999.0;999.0;999.0;999.0;999.0;999.0;999.0;999.0;999.0;999.0;999.0;999.0;999.0;999.0;999.0;999.0;999.0;999.0;999.0;999.0;999.0;999.0;999.0;999.0;999.0
Jijoca de Jericoacoara;JERICOACOARA;-2.7931111111111;-40.519472222222;2003;8;0.0;0.0;999.0;999.0;999.0;999.0;999.0;999.0;999.0;999.0;999.0;999.0;999.0;999.0;999.0;999.0;999.0;999.0;999.0;999.0;999.0;999.0;999.0;999.0;999.0;999.0;999.0;999.0;999.0;999.0;999.0;999.0
Jijoca de Jericoacoara;JERICOACOARA;-2.7931111111111;-40.519472222222;2003;9;0.0;0.0;999.0;999.0;999.0;999.0;999.0;999.0;999.0;999.0;999.0;999.0;999.0;999.0;999.0;999.0;999.0;999.0;999.0;999.0;999.0;999.0;999.0;999.0;999.0;999.0;999.0;999.0;999.0;999.0;999.0;888.0
Jijoca de Jericoacoara;JERICOACOARA;-2.7931111111111;-40.519472222222;2003;10;0.0;0.0;999.0;999.0;999.0;999.0;999.0;999.0;999.0;999.0;999.0;999.0;999.0;999.0;999.0;999.0;999.0;999.0;999.0;999.0;999.0;999.0;999.0;999.0;999.0;999.0;999.0;999.0;999.0;999.0;999.0;999.0
Jijoca de Jericoacoara;JERICOACOARA;-2.7931111111111;-40.519472222222;2003;11;0.0;0.0;999.0;999.0;999.0;999.0;999.0;999.0;999.0;999.0;999.0;999.0;999.0;999.0;999.0;999.0;999.0;999.0;999.0;999.0;999.0;999.0;999.0;999.0;999.0;999.0;999.0;999.0;999.0;999.0;999.0;888.0
Jijoca de Jericoacoara;JERICOACOARA;-2.7931111111111;-40.519472222222;2003;12;0.0;0.0;999.0;999.0;999.0;999.0;999.0;999.0;999.0;999.0;999.0;999.0;999.0;999.0;999.0;999.0;999.0;999.0;999.0;999.0;999.0;999.0;999.0;999.0;999.0;999.0;999.0;999.0;999.0;999.0;999.0;999.0
Jijoca de Jericoacoara;JERICOACOARA;-2.7931111111111;-40.519472222222;2004;1;177.8;0.0;0.0;0.0;0.0;0.0;0.0;0.0;0.0;0.0;0.0;0.0;0.0;2.0;0.0;11.0;27.0;33.0;0.0;7.0;0.0;11.2;11.6;15.0;24.0;0.0;3.0;25.0;0.0;8.0;0.0;0.0
Jijoca de Jericoacoara;JERICOACOARA;-2.7931111111111;-40.519472222222;2004;2;159.2;0.0;0.0;0.0;26.2;1.0;0.0;0.0;0.0;56.0;0.0;0.0;0.0;32.0;0.0;0.0;13.0;16.0;0.0;0.0;0.0;0.0;0.0;0.0;0.0;0.0;0.0;15.0;0.0;0.0;888.0;888.0
Jijoca de Jericoacoara;JERICOACOARA;-2.7931111111111;-40.519472222222;2004;3;30.0;0.0;0.0;0.0;0.0;0.0;0.0;0.0;0.0;0.0;0.0;0.0;0.0;0.0;0.0;0.0;0.0;0.0;0.0;0.0;0.0;0.0;0.0;0.0;0.0;0.0;30.0;0.0;0.0;0.0;0.0;0.0
Jijoca de Jericoacoara;JERICOACOARA;-2.7931111111111;-40.519472222222;2004;4;54.0;0.0;0.0;0.0;0.0;0.0;0.0;0.0;0.0;0.0;0.0;0.0;0.0;0.0;0.0;0.0;0.0;0.0;0.0;19.0;0.0;0.0;0.0;0.0;0.0;0.0;35.0;0.0;0.0;0.0;0.0;888.0
Jijoca de Jericoacoara;JERICOACOARA;-2.7931111111111;-40.519472222222;2004;5;11.0;0.0;0.0;0.0;0.0;0.0;0.0;0.0;0.0;0.0;0.0;0.0;0.0;0.0;0.0;0.0;0.0;0.0;0.0;0.0;0.0;11.0;0.0;0.0;0.0;0.0;0.0;0.0;0.0;0.0;0.0;0.0
Jijoca de Jericoacoara;JERICOACOARA;-2.7931111111111;-40.519472222222;2004;6;9.0;0.0;0.0;0.0;0.0;0.0;0.0;0.0;9.0;0.0;0.0;0.0;0.0;0.0;0.0;0.0;0.0;0.0;0.0;0.0;0.0;0.0;0.0;0.0;0.0;0.0;0.0;0.0;0.0;0.0;0.0;888.0
Jijoca de Jericoacoara;JERICOACOARA;-2.7931111111111;-40.519472222222;2004;7;14.0;0.0;0.0;14.0;0.0;0.0;0.0;0.0;0.0;0.0;0.0;0.0;0.0;0.0;0.0;0.0;0.0;0.0;0.0;0.0;0.0;0.0;0.0;0.0;0.0;0.0;0.0;0.0;0.0;0.0;0.0;0.0
Jijoca de Jericoacoara;JERICOACOARA;-2.7931111111111;-40.519472222222;2004;8;0.0;0.0;0.0;0.0;0.0;0.0;0.0;0.0;0.0;0.0;0.0;0.0;0.0;0.0;0.0;0.0;0.0;0.0;0.0;0.0;0.0;0.0;0.0;0.0;0.0;0.0;0.0;0.0;0.0;0.0;0.0;0.0
Jijoca de Jericoacoara;JERICOACOARA;-2.7931111111111;-40.519472222222;2004;9;0.0;0.0;0.0;0.0;0.0;0.0;0.0;0.0;0.0;0.0;0.0;0.0;0.0;0.0;0.0;0.0;0.0;0.0;0.0;0.0;0.0;0.0;0.0;0.0;0.0;0.0;0.0;0.0;0.0;0.0;0.0;888.0
Jijoca de Jericoacoara;JERICOACOARA;-2.7931111111111;-40.519472222222;2004;10;0.0;0.0;0.0;0.0;0.0;0.0;0.0;0.0;0.0;0.0;0.0;0.0;0.0;0.0;0.0;0.0;0.0;0.0;0.0;0.0;0.0;0.0;0.0;0.0;0.0;0.0;0.0;0.0;0.0;0.0;0.0;0.0
Jijoca de Jericoacoara;JERICOACOARA;-2.7931111111111;-40.519472222222;2004;11;0.0;0.0;0.0;0.0;0.0;0.0;0.0;0.0;0.0;0.0;0.0;0.0;0.0;0.0;0.0;0.0;0.0;0.0;0.0;0.0;0.0;0.0;0.0;0.0;0.0;0.0;0.0;0.0;0.0;0.0;0.0;888.0
Jijoca de Jericoacoara;JERICOACOARA;-2.7931111111111;-40.519472222222;2004;12;0.0;0.0;0.0;0.0;0.0;0.0;0.0;0.0;0.0;0.0;0.0;0.0;0.0;0.0;0.0;0.0;0.0;0.0;0.0;0.0;0.0;0.0;0.0;0.0;0.0;0.0;0.0;0.0;0.0;0.0;0.0;0.0
Jijoca de Jericoacoara;JERICOACOARA;-2.7931111111111;-40.519472222222;2005;1;0.0;0.0;0.0;0.0;0.0;0.0;0.0;0.0;0.0;0.0;0.0;0.0;0.0;0.0;0.0;0.0;0.0;0.0;0.0;0.0;0.0;0.0;0.0;0.0;0.0;0.0;0.0;0.0;0.0;0.0;0.0;0.0
Jijoca de Jericoacoara;JERICOACOARA;-2.7931111111111;-40.519472222222;2005;2;0.0;0.0;0.0;0.0;0.0;0.0;0.0;0.0;0.0;0.0;0.0;0.0;0.0;0.0;0.0;0.0;0.0;0.0;0.0;0.0;0.0;0.0;0.0;0.0;0.0;0.0;0.0;0.0;0.0;888.0;888.0;888.0
Jijoca de Jericoacoara;JERICOACOARA;-2.7931111111111;-40.519472222222;2005;3;171.0;0.0;0.0;0.0;0.0;0.0;0.0;0.0;0.0;0.0;0.0;0.0;0.0;0.0;6.0;0.0;0.0;0.0;0.0;33.0;0.0;0.0;20.0;0.0;66.0;0.0;0.0;0.0;41.0;0.0;0.0;5.0
Jijoca de Jericoacoara;JERICOACOARA;-2.7931111111111;-40.519472222222;2005;4;35.5;0.0;0.0;0.0;0.0;0.0;16.0;0.0;0.0;0.0;0.0;0.0;0.0;0.0;0.0;0.0;0.0;0.0;0.0;0.0;19.5;0.0;0.0;0.0;0.0;0.0;0.0;0.0;0.0;0.0;0.0;888.0
Jijoca de Jericoacoara;JERICOACOARA;-2.7931111111111;-40.519472222222;2005;5;18.0;0.0;0.0;0.0;0.0;0.0;0.0;0.0;0.0;0.0;0.0;0.0;0.0;14.0;0.0;0.0;4.0;0.0;0.0;0.0;0.0;0.0;0.0;0.0;0.0;0.0;0.0;0.0;0.0;0.0;0.0;0.0
Jijoca de Jericoacoara;JERICOACOARA;-2.7931111111111;-40.519472222222;2005;6;51.0;0.0;0.0;27.0;0.0;0.0;0.0;11.0;0.0;0.0;0.0;0.0;0.0;0.0;0.0;13.0;0.0;0.0;0.0;0.0;0.0;0.0;0.0;0.0;0.0;0.0;0.0;0.0;0.0;0.0;0.0;888.0
Jijoca de Jericoacoara;JERICOACOARA;-2.7931111111111;-40.519472222222;2005;7;45.0;0.0;0.0;0.0;0.0;0.0;0.0;0.0;45.0;0.0;0.0;0.0;0.0;0.0;0.0;0.0;0.0;0.0;0.0;0.0;0.0;0.0;0.0;0.0;0.0;0.0;0.0;0.0;0.0;0.0;0.0;0.0
Jijoca de Jericoacoara;JERICOACOARA;-2.7931111111111;-40.519472222222;2005;8;0.0;0.0;0.0;0.0;0.0;0.0;0.0;0.0;0.0;0.0;0.0;0.0;0.0;0.0;0.0;0.0;0.0;0.0;0.0;0.0;0.0;0.0;0.0;0.0;0.0;0.0;0.0;0.0;0.0;0.0;0.0;0.0
Jijoca de Jericoacoara;JERICOACOARA;-2.7931111111111;-40.519472222222;2005;9;0.0;0.0;0.0;0.0;0.0;0.0;0.0;0.0;0.0;0.0;0.0;0.0;0.0;0.0;0.0;0.0;0.0;0.0;0.0;0.0;0.0;0.0;0.0;0.0;0.0;0.0;0.0;0.0;0.0;0.0;0.0;888.0
Jijoca de Jericoacoara;JERICOACOARA;-2.7931111111111;-40.519472222222;2005;10;0.0;0.0;0.0;0.0;0.0;0.0;0.0;0.0;0.0;0.0;0.0;0.0;0.0;0.0;0.0;0.0;0.0;0.0;0.0;0.0;0.0;0.0;0.0;0.0;0.0;0.0;0.0;0.0;0.0;0.0;0.0;0.0
Jijoca de Jericoacoara;JERICOACOARA;-2.7931111111111;-40.519472222222;2005;11;0.0;0.0;0.0;0.0;0.0;0.0;0.0;0.0;0.0;0.0;0.0;0.0;0.0;0.0;0.0;0.0;0.0;0.0;0.0;0.0;0.0;0.0;0.0;0.0;0.0;0.0;0.0;0.0;0.0;0.0;0.0;888.0
Jijoca de Jericoacoara;JERICOACOARA;-2.7931111111111;-40.519472222222;2005;12;0.0;0.0;0.0;0.0;0.0;0.0;0.0;0.0;0.0;0.0;0.0;0.0;0.0;0.0;0.0;0.0;0.0;0.0;0.0;0.0;0.0;0.0;0.0;0.0;0.0;0.0;0.0;0.0;0.0;0.0;0.0;0.0
Jijoca de Jericoacoara;JERICOACOARA;-2.7931111111111;-40.519472222222;2006;1;0.0;0.0;0.0;0.0;0.0;0.0;0.0;0.0;0.0;0.0;0.0;0.0;0.0;0.0;0.0;0.0;0.0;0.0;0.0;0.0;0.0;0.0;0.0;0.0;0.0;0.0;0.0;0.0;0.0;0.0;0.0;0.0
Jijoca de Jericoacoara;JERICOACOARA;-2.7931111111111;-40.519472222222;2006;2;0.0;0.0;0.0;0.0;0.0;0.0;0.0;0.0;0.0;0.0;0.0;0.0;0.0;0.0;0.0;0.0;0.0;0.0;0.0;0.0;0.0;0.0;0.0;0.0;0.0;0.0;0.0;0.0;0.0;888.0;888.0;888.0
Jijoca de Jericoacoara;JERICOACOARA;-2.7931111111111;-40.519472222222;2006;3;210.0;0.0;0.0;0.0;0.0;0.0;0.0;0.0;0.0;0.0;0.0;0.0;0.0;0.0;80.0;0.0;0.0;0.0;0.0;0.0;0.0;0.0;53.0;0.0;57.0;0.0;0.0;0.0;10.0;0.0;10.0;0.0
Jijoca de Jericoacoara;JERICOACOARA;-2.7931111111111;-40.519472222222;2006;4;228.0;0.0;0.0;0.0;0.0;35.0;0.0;0.0;0.0;0.0;22.0;35.0;0.0;0.0;0.0;0.0;0.0;45.0;0.0;0.0;0.0;0.0;34.0;0.0;0.0;20.0;0.0;0.0;37.0;0.0;0.0;888.0
Jijoca de Jericoacoara;JERICOACOARA;-2.7931111111111;-40.519472222222;2006;5;174.0;38.0;0.0;0.0;9.0;6.0;10.0;13.0;3.0;4.0;4.0;0.0;0.0;0.0;0.0;0.0;4.0;0.0;9.0;0.0;0.0;0.0;0.0;11.0;0.0;0.0;0.0;0.0;0.0;63.0;0.0;0.0
Jijoca de Jericoacoara;JERICOACOARA;-2.7931111111111;-40.519472222222;2006;6;5.0;0.0;0.0;0.0;0.0;5.0;0.0;0.0;0.0;0.0;0.0;0.0;0.0;0.0;0.0;0.0;0.0;0.0;0.0;0.0;0.0;0.0;0.0;0.0;0.0;0.0;0.0;0.0;0.0;0.0;0.0;888.0
Jijoca de Jericoacoara;JERICOACOARA;-2.7931111111111;-40.519472222222;2006;7;0.0;0.0;0.0;0.0;0.0;0.0;0.0;0.0;0.0;0.0;0.0;0.0;0.0;0.0;0.0;0.0;0.0;0.0;0.0;0.0;0.0;0.0;0.0;0.0;0.0;0.0;0.0;0.0;0.0;0.0;0.0;0.0
Jijoca de Jericoacoara;JERICOACOARA;-2.7931111111111;-40.519472222222;2006;8;0.0;0.0;0.0;0.0;0.0;0.0;0.0;0.0;0.0;0.0;0.0;0.0;0.0;0.0;0.0;0.0;0.0;0.0;0.0;0.0;0.0;0.0;0.0;0.0;0.0;0.0;0.0;0.0;0.0;0.0;0.0;0.0
Jijoca de Jericoacoara;JERICOACOARA;-2.7931111111111;-40.519472222222;2006;9;0.0;0.0;0.0;0.0;0.0;0.0;0.0;0.0;0.0;0.0;0.0;0.0;0.0;0.0;0.0;0.0;0.0;0.0;0.0;0.0;0.0;0.0;0.0;0.0;0.0;0.0;0.0;0.0;0.0;0.0;0.0;888.0
Jijoca de Jericoacoara;JERICOACOARA;-2.7931111111111;-40.519472222222;2006;10;0.0;0.0;0.0;0.0;0.0;0.0;0.0;0.0;0.0;0.0;0.0;0.0;0.0;0.0;0.0;0.0;0.0;0.0;0.0;0.0;0.0;0.0;0.0;0.0;0.0;0.0;0.0;0.0;0.0;0.0;0.0;0.0
Jijoca de Jericoacoara;JERICOACOARA;-2.7931111111111;-40.519472222222;2006;11;0.0;0.0;0.0;0.0;0.0;0.0;0.0;0.0;0.0;0.0;0.0;0.0;0.0;0.0;0.0;0.0;0.0;0.0;0.0;0.0;0.0;0.0;0.0;0.0;0.0;0.0;0.0;0.0;0.0;0.0;0.0;888.0
Jijoca de Jericoacoara;JERICOACOARA;-2.7931111111111;-40.519472222222;2006;12;0.0;0.0;0.0;0.0;0.0;0.0;0.0;0.0;0.0;0.0;0.0;0.0;0.0;0.0;0.0;0.0;0.0;0.0;0.0;0.0;0.0;0.0;0.0;0.0;0.0;0.0;0.0;0.0;0.0;0.0;0.0;0.0
Jijoca de Jericoacoara;JERICOACOARA;-2.7931111111111;-40.519472222222;2007;1;0.0;0.0;0.0;0.0;0.0;0.0;0.0;0.0;0.0;0.0;0.0;0.0;0.0;0.0;0.0;0.0;0.0;0.0;0.0;0.0;0.0;0.0;0.0;0.0;0.0;0.0;0.0;0.0;0.0;0.0;0.0;0.0
Jijoca de Jericoacoara;JERICOACOARA;-2.7931111111111;-40.519472222222;2007;2;303.0;0.0;27.0;0.0;0.0;0.0;0.0;0.0;0.0;0.0;0.0;0.0;0.0;8.0;28.0;0.0;47.0;13.0;8.0;20.0;30.0;116.0;0.0;0.0;0.0;0.0;0.0;0.0;6.0;888.0;888.0;888.0
Jijoca de Jericoacoara;JERICOACOARA;-2.7931111111111;-40.519472222222;2007;3;152.8;0.0;3.0;0.0;0.0;13.0;0.0;4.0;1.8;0.0;0.0;0.0;22.5;8.0;0.0;22.5;18.2;0.0;16.0;0.0;2.2;2.0;23.3;0.0;0.0;0.0;0.5;0.0;15.8;0.0;0.0;0.0
Jijoca de Jericoacoara;JERICOACOARA;-2.7931111111111;-40.519472222222;2007;4;209.0;0.0;22.0;0.0;21.5;0.0;2.0;0.0;5.0;0.0;0.0;6.0;0.0;0.0;0.0;1.8;26.0;5.5;57.0;0.0;0.0;0.0;0.0;41.0;18.0;0.0;0.0;2.2;0.0;0.0;1.0;888.0
Jijoca de Jericoacoara;JERICOACOARA;-2.7931111111111;-40.519472222222;2007;5;2.6;0.0;0.0;0.0;0.8;0.0;0.0;1.8;0.0;0.0;0.0;0.0;0.0;0.0;0.0;0.0;0.0;0.0;0.0;0.0;0.0;0.0;0.0;0.0;0.0;0.0;0.0;0.0;0.0;0.0;0.0;0.0
Jijoca de Jericoacoara;JERICOACOARA;-2.7931111111111;-40.519472222222;2007;6;8.0;0.0;0.0;0.0;0.0;0.0;0.0;0.0;0.0;0.0;0.0;1.0;0.0;0.0;0.0;0.0;0.0;0.0;7.0;0.0;0.0;0.0;0.0;0.0;0.0;0.0;0.0;0.0;0.0;0.0;0.0;888.0
Jijoca de Jericoacoara;JERICOACOARA;-2.7931111111111;-40.519472222222;2007;7;0.0;0.0;0.0;0.0;0.0;0.0;0.0;0.0;0.0;0.0;0.0;0.0;0.0;0.0;0.0;0.0;0.0;0.0;0.0;0.0;0.0;0.0;0.0;0.0;0.0;0.0;0.0;0.0;0.0;0.0;0.0;0.0
Jijoca de Jericoacoara;JERICOACOARA;-2.7931111111111;-40.519472222222;2007;8;0.0;0.0;0.0;0.0;0.0;0.0;0.0;0.0;0.0;0.0;0.0;0.0;0.0;0.0;0.0;0.0;0.0;0.0;0.0;0.0;0.0;0.0;0.0;0.0;0.0;0.0;0.0;0.0;0.0;0.0;0.0;0.0
Jijoca de Jericoacoara;JERICOACOARA;-2.7931111111111;-40.519472222222;2007;9;0.0;0.0;0.0;0.0;0.0;0.0;0.0;0.0;0.0;0.0;0.0;0.0;0.0;0.0;0.0;0.0;0.0;0.0;0.0;0.0;0.0;0.0;0.0;0.0;0.0;0.0;0.0;0.0;0.0;0.0;0.0;888.0
Jijoca de Jericoacoara;JERICOACOARA;-2.7931111111111;-40.519472222222;2007;10;0.0;0.0;0.0;0.0;0.0;0.0;0.0;0.0;0.0;0.0;0.0;0.0;0.0;0.0;0.0;0.0;0.0;0.0;0.0;0.0;0.0;0.0;0.0;0.0;0.0;0.0;0.0;0.0;0.0;0.0;0.0;0.0
Jijoca de Jericoacoara;JERICOACOARA;-2.7931111111111;-40.519472222222;2007;11;0.0;0.0;0.0;0.0;0.0;0.0;0.0;0.0;0.0;0.0;0.0;0.0;0.0;0.0;0.0;0.0;0.0;0.0;0.0;0.0;0.0;0.0;0.0;0.0;0.0;0.0;0.0;0.0;0.0;0.0;0.0;888.0
Jijoca de Jericoacoara;JERICOACOARA;-2.7931111111111;-40.519472222222;2007;12;19.2;0.0;0.0;0.0;0.0;0.0;0.0;0.0;0.0;0.0;0.0;0.0;0.0;0.0;0.0;0.0;19.2;0.0;0.0;0.0;0.0;0.0;0.0;0.0;0.0;0.0;0.0;0.0;0.0;0.0;0.0;0.0
Jijoca de Jericoacoara;JERICOACOARA;-2.7931111111111;-40.519472222222;2008;1;58.4;0.0;9.2;0.0;9.2;0.0;0.0;0.0;3.0;0.0;0.0;0.0;0.0;0.0;0.0;0.0;4.0;0.0;10.2;0.0;0.0;4.0;0.0;0.0;6.0;0.0;0.0;0.0;12.8;0.0;0.0;0.0
Jijoca de Jericoacoara;JERICOACOARA;-2.7931111111111;-40.519472222222;2008;2;83.0;0.0;0.0;0.0;0.0;0.0;0.0;0.0;0.0;0.0;0.0;0.0;0.0;16.8;0.0;0.0;0.0;0.0;0.0;0.0;30.0;3.5;4.1;0.0;0.0;2.0;0.0;0.0;13.2;13.4;888.0;888.0
Jijoca de Jericoacoara;JERICOACOARA;-2.7931111111111;-40.519472222222;2008;3;397.8;51.2;0.0;0.0;3.2;8.5;0.0;7.2;0.0;0.0;18.5;0.0;0.0;0.0;0.0;0.0;0.0;0.0;0.0;0.0;19.8;21.0;3.5;0.0;125.0;14.0;66.7;0.0;20.0;9.7;26.0;3.5
Jijoca de Jericoacoara;JERICOACOARA;-2.7931111111111;-40.519472222222;2008;4;267.2;34.7;5.4;5.5;0.0;29.0;24.0;1.0;38.4;2.8;1.7;5.8;21.0;11.0;0.0;0.0;0.0;0.2;24.2;14.7;3.7;19.5;0.9;6.8;4.0;0.0;9.4;0.0;0.0;0.0;3.5;888.0
Jijoca de Jericoacoara;JERICOACOARA;-2.7931111111111;-40.519472222222;2008;5;150.2;0.0;0.0;20.0;0.2;8.2;4.2;0.0;46.5;20.2;31.3;0.0;3.4;4.5;0.0;3.4;0.0;0.0;5.0;0.0;0.0;0.0;0.0;0.0;0.0;0.0;0.0;0.0;0.0;1.0;0.0;2.3
Jijoca de Jericoacoara;JERICOACOARA;-2.7931111111111;-40.519472222222;2008;6;35.6;0.5;0.0;0.0;3.4;0.0;0.0;0.0;0.0;2.2;0.0;0.0;0.0;0.0;29.5;0.0;0.0;0.0;0.0;0.0;0.0;0.0;0.0;0.0;0.0;0.0;0.0;0.0;0.0;0.0;0.0;888.0
Jijoca de Jericoacoara;JERICOACOARA;-2.7931111111111;-40.519472222222;2008;7;0.0;0.0;0.0;0.0;0.0;0.0;0.0;0.0;0.0;0.0;0.0;0.0;0.0;0.0;0.0;0.0;0.0;0.0;0.0;0.0;0.0;0.0;0.0;0.0;0.0;0.0;0.0;0.0;0.0;0.0;0.0;0.0
Jijoca de Jericoacoara;JERICOACOARA;-2.7931111111111;-40.519472222222;2008;8;0.0;0.0;0.0;0.0;0.0;0.0;0.0;0.0;0.0;0.0;0.0;0.0;0.0;0.0;0.0;0.0;0.0;0.0;0.0;0.0;0.0;0.0;0.0;0.0;0.0;0.0;0.0;0.0;0.0;0.0;0.0;0.0
Jijoca de Jericoacoara;JERICOACOARA;-2.7931111111111;-40.519472222222;2008;9;0.0;0.0;0.0;0.0;0.0;0.0;0.0;0.0;0.0;0.0;0.0;0.0;0.0;0.0;0.0;0.0;0.0;0.0;0.0;0.0;0.0;0.0;0.0;0.0;0.0;0.0;0.0;0.0;0.0;0.0;0.0;888.0
Jijoca de Jericoacoara;JERICOACOARA;-2.7931111111111;-40.519472222222;2008;10;0.0;0.0;0.0;0.0;0.0;0.0;0.0;0.0;0.0;0.0;0.0;0.0;0.0;0.0;0.0;0.0;0.0;0.0;0.0;0.0;0.0;0.0;0.0;0.0;0.0;0.0;0.0;0.0;0.0;0.0;0.0;0.0
Jijoca de Jericoacoara;JERICOACOARA;-2.7931111111111;-40.519472222222;2008;11;0.0;0.0;0.0;0.0;0.0;0.0;0.0;0.0;0.0;0.0;0.0;0.0;0.0;0.0;0.0;0.0;0.0;0.0;0.0;0.0;0.0;0.0;0.0;0.0;0.0;0.0;0.0;0.0;0.0;0.0;0.0;888.0
Jijoca de Jericoacoara;JERICOACOARA;-2.7931111111111;-40.519472222222;2008;12;0.0;0.0;0.0;0.0;0.0;0.0;0.0;0.0;0.0;0.0;0.0;0.0;0.0;0.0;0.0;0.0;0.0;0.0;0.0;0.0;0.0;0.0;0.0;0.0;0.0;0.0;0.0;0.0;0.0;0.0;0.0;0.0
Jijoca de Jericoacoara;JERICOACOARA;-2.7931111111111;-40.519472222222;2009;1;42.0;0.0;0.0;0.0;0.0;0.0;0.0;0.0;0.0;0.0;0.0;0.0;0.0;0.0;0.0;0.0;0.8;0.0;0.0;38.0;0.0;3.2;0.0;0.0;0.0;0.0;0.0;0.0;0.0;0.0;0.0;0.0
Jijoca de Jericoacoara;JERICOACOARA;-2.7931111111111;-40.519472222222;2009;2;320.7;0.0;23.0;5.6;13.0;0.0;0.0;0.0;0.0;0.0;0.0;3.4;0.0;7.5;0.0;0.0;56.2;0.0;6.0;0.0;0.0;0.0;0.0;161.0;0.0;0.0;0.0;45.0;0.0;888.0;888.0;888.0
Jijoca de Jericoacoara;JERICOACOARA;-2.7931111111111;-40.519472222222;2009;3;450.6;35.0;0.0;7.0;17.0;0.0;0.0;0.0;0.0;0.0;14.5;0.0;41.5;1.0;0.0;4.5;65.0;27.0;0.0;0.0;4.5;0.0;0.0;141.0;35.0;0.0;7.0;3.8;25.0;0.0;6.8;15.0
Jijoca de Jericoacoara;JERICOACOARA;-2.7931111111111;-40.519472222222;2009;4;603.4;24.0;1.8;3.0;4.0;0.0;13.5;56.5;2.0;9.5;124.0;7.6;0.0;61.0;0.0;9.5;0.0;26.8;5.8;21.0;56.0;23.0;26.5;0.0;0.6;27.5;0.0;40.0;9.8;50.0;0.0;888.0
Jijoca de Jericoacoara;JERICOACOARA;-2.7931111111111;-40.519472222222;2009;5;288.2;0.0;93.0;0.0;27.0;0.0;0.8;2.8;0.0;0.0;0.0;0.0;16.5;24.0;0.0;0.0;0.0;0.0;47.5;3.2;4.0;5.2;0.0;0.0;0.0;51.0;0.0;4.2;0.0;9.0;0.0;0.0
Jijoca de Jericoacoara;JERICOACOARA;-2.7931111111111;-40.519472222222;2009;6;116.0;12.8;1.2;0.0;36.0;0.0;0.0;0.0;15.0;0.0;0.0;0.0;0.0;0.0;0.0;0.0;0.0;0.0;0.0;0.0;0.0;0.0;0.0;19.0;0.0;32.0;0.0;0.0;0.0;0.0;0.0;888.0
Jijoca de Jericoacoara;JERICOACOARA;-2.7931111111111;-40.519472222222;2009;7;71.0;0.0;0.0;0.0;0.0;0.0;0.0;0.0;0.0;0.0;0.0;0.0;0.0;9.5;0.0;0.0;0.0;0.0;0.0;0.0;3.5;0.0;0.0;0.0;58.0;0.0;0.0;0.0;0.0;0.0;0.0;0.0
Jijoca de Jericoacoara;JERICOACOARA;-2.7931111111111;-40.519472222222;2009;8;0.0;0.0;0.0;0.0;0.0;0.0;0.0;0.0;0.0;0.0;0.0;0.0;0.0;0.0;0.0;0.0;0.0;0.0;0.0;0.0;0.0;0.0;0.0;0.0;0.0;0.0;0.0;0.0;0.0;0.0;0.0;0.0
Jijoca de Jericoacoara;JERICOACOARA;-2.7931111111111;-40.519472222222;2009;9;0.0;0.0;0.0;0.0;0.0;0.0;0.0;0.0;0.0;0.0;0.0;0.0;0.0;0.0;0.0;0.0;0.0;0.0;0.0;0.0;0.0;0.0;0.0;0.0;0.0;0.0;0.0;0.0;0.0;0.0;0.0;888.0
Jijoca de Jericoacoara;JERICOACOARA;-2.7931111111111;-40.519472222222;2009;10;0.0;0.0;0.0;0.0;0.0;0.0;0.0;0.0;0.0;0.0;0.0;0.0;0.0;0.0;0.0;0.0;0.0;0.0;0.0;0.0;0.0;0.0;0.0;0.0;0.0;0.0;0.0;0.0;0.0;0.0;0.0;0.0
Jijoca de Jericoacoara;JERICOACOARA;-2.7931111111111;-40.519472222222;2009;11;0.0;0.0;0.0;0.0;0.0;0.0;0.0;0.0;0.0;0.0;0.0;0.0;0.0;0.0;0.0;0.0;0.0;0.0;0.0;0.0;0.0;0.0;0.0;0.0;0.0;0.0;0.0;0.0;0.0;0.0;0.0;888.0
Jijoca de Jericoacoara;JERICOACOARA;-2.7931111111111;-40.519472222222;2009;12;0.0;0.0;0.0;0.0;0.0;0.0;0.0;0.0;0.0;0.0;0.0;0.0;0.0;0.0;0.0;0.0;0.0;0.0;0.0;0.0;0.0;0.0;0.0;0.0;0.0;0.0;0.0;0.0;0.0;0.0;0.0;0.0
Jijoca de Jericoacoara;JERICOACOARA;-2.7931111111111;-40.519472222222;2010;1;60.0;0.0;0.0;45.0;0.0;0.0;0.0;0.0;0.0;0.0;0.0;0.0;0.0;0.0;0.0;0.0;0.0;0.0;0.0;0.0;15.0;0.0;0.0;0.0;0.0;0.0;0.0;0.0;0.0;0.0;0.0;0.0
Jijoca de Jericoacoara;JERICOACOARA;-2.7931111111111;-40.519472222222;2010;2;26.1;0.0;0.0;0.0;0.0;0.0;0.0;0.0;1.2;0.0;7.3;0.0;7.4;0.0;8.0;0.0;0.0;0.0;2.2;0.0;0.0;0.0;0.0;0.0;0.0;0.0;0.0;0.0;0.0;888.0;888.0;888.0
Jijoca de Jericoacoara;JERICOACOARA;-2.7931111111111;-40.519472222222;2010;3;183.8;0.0;0.0;0.0;0.0;0.0;0.0;0.0;0.0;0.0;0.0;0.0;0.0;0.0;0.0;0.0;0.0;0.0;0.0;0.0;0.0;0.0;61.0;12.0;0.0;0.0;41.0;29.0;32.0;1.2;0.0;7.6
Jijoca de Jericoacoara;JERICOACOARA;-2.7931111111111;-40.519472222222;2010;4;167.6;999.0;2.0;13.2;47.0;0.0;0.0;3.0;2.0;0.0;13.0;18.0;0.0;15.0;2.4;2.0;0.0;20.0;25.0;0.0;0.0;4.0;1.0;0.0;0.0;0.0;0.0;0.0;0.0;0.0;0.0;888.0
Jijoca de Jericoacoara;JERICOACOARA;-2.7931111111111;-40.519472222222;2010;5;103.3;9.0;5.0;0.0;3.0;0.0;0.0;36.0;0.0;0.0;0.0;0.0;0.0;16.0;0.0;4.0;0.0;0.0;0.0;0.0;0.0;0.0;0.0;0.0;0.0;0.0;0.0;5.3;0.0;0.0;0.0;25.0
Jijoca de Jericoacoara;JERICOACOARA;-2.7931111111111;-40.519472222222;2010;6;55.3;0.0;0.0;0.0;0.2;0.0;0.0;0.0;0.0;0.0;0.0;0.0;0.1;0.0;0.0;0.0;0.0;55.0;0.0;0.0;0.0;0.0;0.0;0.0;0.0;0.0;0.0;0.0;0.0;0.0;0.0;888.0
Jijoca de Jericoacoara;JERICOACOARA;-2.7931111111111;-40.519472222222;2010;7;1.1;0.1;0.0;0.0;0.0;0.0;0.0;0.0;0.0;0.0;0.0;0.0;0.0;0.0;0.0;0.0;0.0;0.0;0.0;0.0;0.0;0.0;0.0;0.0;0.0;1.0;0.0;0.0;0.0;0.0;0.0;0.0
Jijoca de Jericoacoara;JERICOACOARA;-2.7931111111111;-40.519472222222;2010;8;0.0;0.0;0.0;0.0;0.0;0.0;0.0;0.0;0.0;0.0;0.0;0.0;0.0;0.0;0.0;0.0;0.0;0.0;0.0;0.0;0.0;0.0;0.0;0.0;0.0;0.0;0.0;0.0;0.0;0.0;0.0;0.0
Jijoca de Jericoacoara;JERICOACOARA;-2.7931111111111;-40.519472222222;2010;9;0.0;0.0;0.0;0.0;0.0;0.0;0.0;0.0;0.0;0.0;0.0;0.0;0.0;0.0;0.0;0.0;0.0;0.0;0.0;0.0;0.0;0.0;0.0;0.0;0.0;0.0;0.0;0.0;0.0;0.0;0.0;888.0
Jijoca de Jericoacoara;JERICOACOARA;-2.7931111111111;-40.519472222222;2010;10;0.0;0.0;0.0;0.0;0.0;0.0;0.0;0.0;0.0;0.0;0.0;0.0;0.0;0.0;0.0;0.0;0.0;0.0;0.0;0.0;0.0;0.0;0.0;0.0;0.0;0.0;0.0;0.0;0.0;0.0;0.0;0.0
Jijoca de Jericoacoara;JERICOACOARA;-2.7931111111111;-40.519472222222;2010;11;0.0;0.0;0.0;0.0;0.0;0.0;0.0;0.0;0.0;0.0;0.0;0.0;0.0;0.0;0.0;0.0;0.0;0.0;0.0;0.0;0.0;0.0;0.0;0.0;0.0;0.0;0.0;0.0;0.0;0.0;0.0;888.0
Jijoca de Jericoacoara;JERICOACOARA;-2.7931111111111;-40.519472222222;2010;12;73.3;0.0;0.0;0.0;0.0;0.0;0.0;0.0;0.0;0.0;0.0;0.0;0.0;6.3;0.0;67.0;0.0;0.0;0.0;0.0;0.0;0.0;0.0;0.0;0.0;0.0;0.0;0.0;0.0;0.0;0.0;0.0
Jijoca de Jericoacoara;JERICOACOARA;-2.7931111111111;-40.519472222222;2011;1;284.2;0.0;0.0;3.4;0.0;0.0;0.0;0.0;0.0;0.0;90.0;0.0;0.0;0.0;0.0;0.0;2.2;1.0;16.2;10.0;0.0;0.0;81.0;6.0;0.0;37.0;0.0;5.0;18.1;0.0;0.0;14.3
Jijoca de Jericoacoara;JERICOACOARA;-2.7931111111111;-40.519472222222;2011;2;122.4;0.0;0.0;22.3;0.0;0.0;0.0;0.0;0.0;21.0;0.3;0.0;0.0;14.2;0.0;10.0;1.0;0.0;0.0;0.0;24.3;0.0;0.0;0.0;3.3;26.0;0.0;0.0;0.0;888.0;888.0;888.0
Jijoca de Jericoacoara;JERICOACOARA;-2.7931111111111;-40.519472222222;2011;3;221.8;0.0;0.0;0.0;0.0;20.0;0.0;0.0;44.0;0.0;0.0;3.3;30.0;52.0;0.0;0.0;0.0;2.0;0.0;0.0;29.0;0.0;4.0;5.0;11.3;0.0;0.0;12.0;7.0;2.2;0.0;0.0
Jijoca de Jericoacoara;JERICOACOARA;-2.7931111111111;-40.519472222222;2011;4;191.1;0.0;0.0;30.0;0.0;14.0;0.0;0.0;0.0;30.8;28.0;2.3;0.0;0.0;7.0;0.0;0.0;25.0;31.0;8.0;0.0;0.0;0.0;0.0;15.0;0.0;0.0;0.0;0.0;0.0;0.0;888.0
Jijoca de Jericoacoara;JERICOACOARA;-2.7931111111111;-40.519472222222;2011;5;119.0;53.2;0.0;17.3;4.0;3.1;0.0;0.0;0.0;0.0;3.2;0.0;0.0;0.0;0.0;0.0;0.0;0.0;0.0;34.2;0.0;0.0;0.0;0.0;0.0;1.0;0.0;0.0;0.0;3.0;0.0;0.0
Jijoca de Jericoacoara;JERICOACOARA;-2.7931111111111;-40.519472222222;2011;6;74.6;0.0;0.0;24.0;0.0;0.0;0.0;0.0;0.0;13.3;0.0;0.0;0.0;0.0;0.0;0.0;0.0;0.0;0.0;0.0;4.3;0.0;0.0;0.0;21.0;0.0;0.0;0.0;0.0;12.0;0.0;888.0
Jijoca de Jericoacoara;JERICOACOARA;-2.7931111111111;-40.519472222222;2011;7;0.0;0.0;0.0;0.0;0.0;0.0;0.0;0.0;0.0;0.0;0.0;0.0;0.0;0.0;0.0;0.0;0.0;0.0;0.0;0.0;0.0;0.0;0.0;0.0;0.0;0.0;0.0;0.0;0.0;0.0;0.0;0.0
Jijoca de Jericoacoara;JERICOACOARA;-2.7931111111111;-40.519472222222;2011;8;0.0;0.0;0.0;0.0;0.0;0.0;0.0;0.0;0.0;0.0;0.0;0.0;0.0;0.0;0.0;0.0;0.0;0.0;0.0;0.0;0.0;0.0;0.0;0.0;0.0;0.0;0.0;0.0;0.0;0.0;0.0;0.0
Jijoca de Jericoacoara;JERICOACOARA;-2.7931111111111;-40.519472222222;2011;9;0.0;0.0;0.0;0.0;0.0;0.0;0.0;0.0;0.0;0.0;0.0;0.0;0.0;0.0;0.0;0.0;0.0;0.0;0.0;0.0;0.0;0.0;0.0;0.0;0.0;0.0;0.0;0.0;0.0;0.0;0.0;888.0
Jijoca de Jericoacoara;JERICOACOARA;-2.7931111111111;-40.519472222222;2011;10;0.0;0.0;0.0;0.0;0.0;0.0;0.0;0.0;0.0;0.0;0.0;0.0;0.0;0.0;0.0;0.0;0.0;0.0;0.0;0.0;0.0;0.0;0.0;0.0;0.0;0.0;0.0;0.0;0.0;0.0;0.0;0.0
Jijoca de Jericoacoara;JERICOACOARA;-2.7931111111111;-40.519472222222;2011;11;0.0;0.0;0.0;0.0;0.0;0.0;0.0;0.0;0.0;0.0;0.0;0.0;0.0;0.0;0.0;0.0;0.0;0.0;0.0;0.0;0.0;0.0;0.0;0.0;0.0;0.0;0.0;0.0;0.0;0.0;0.0;888.0
Jijoca de Jericoacoara;JERICOACOARA;-2.7931111111111;-40.519472222222;2011;12;0.0;0.0;0.0;0.0;0.0;0.0;0.0;0.0;0.0;0.0;0.0;0.0;0.0;0.0;0.0;0.0;0.0;0.0;0.0;0.0;0.0;0.0;0.0;0.0;0.0;0.0;0.0;0.0;0.0;0.0;0.0;0.0
Jijoca de Jericoacoara;JERICOACOARA;-2.7931111111111;-40.519472222222;2012;1;2.0;0.0;0.0;0.0;0.0;0.0;0.0;0.0;0.0;0.0;0.0;0.0;0.0;0.0;0.0;0.0;0.0;0.0;0.0;0.0;2.0;0.0;0.0;0.0;0.0;0.0;0.0;0.0;0.0;0.0;0.0;0.0
Jijoca de Jericoacoara;JERICOACOARA;-2.7931111111111;-40.519472222222;2012;2;159.3;0.0;0.0;0.0;0.0;0.0;0.0;0.0;0.0;0.0;0.0;0.0;0.0;4.0;0.0;0.0;7.4;6.4;0.0;28.0;0.0;0.0;0.0;3.3;0.0;0.0;0.0;79.0;29.2;2.0;888.0;888.0
Jijoca de Jericoacoara;JERICOACOARA;-2.7931111111111;-40.519472222222;2012;3;103.4;0.0;0.0;0.0;11.4;6.1;7.0;23.0;0.0;8.2;0.0;0.0;0.0;3.0;7.2;0.0;0.0;0.0;0.0;0.0;0.0;1.0;0.0;1.3;0.0;26.0;0.0;0.0;2.2;7.0;0.0;0.0
Jijoca de Jericoacoara;JERICOACOARA;-2.7931111111111;-40.519472222222;2012;4;124.2;0.0;0.0;0.0;0.0;0.0;0.0;1.0;0.0;0.0;6.2;0.0;0.0;0.0;0.0;7.3;9.4;5.0;0.0;12.0;43.0;0.0;27.0;0.0;0.0;5.0;8.3;0.0;0.0;0.0;0.0;888.0
Jijoca de Jericoacoara;JERICOACOARA;-2.7931111111111;-40.519472222222;2012;5;36.6;0.0;3.2;0.0;0.0;0.0;0.0;0.0;0.0;0.0;4.0;0.0;0.0;0.0;0.0;7.2;0.0;0.0;0.0;0.0;0.0;0.0;0.0;17.2;0.0;0.0;0.0;5.0;0.0;0.0;0.0;0.0
Jijoca de Jericoacoara;JERICOACOARA;-2.7931111111111;-40.519472222222;2012;6;4.0;0.0;0.0;4.0;0.0;0.0;0.0;0.0;0.0;0.0;0.0;0.0;0.0;0.0;0.0;0.0;0.0;0.0;0.0;0.0;0.0;0.0;0.0;0.0;0.0;0.0;0.0;0.0;0.0;0.0;0.0;888.0
Jijoca de Jericoacoara;JERICOACOARA;-2.7931111111111;-40.519472222222;2012;7;0.0;0.0;0.0;0.0;0.0;0.0;0.0;0.0;0.0;0.0;0.0;0.0;0.0;0.0;0.0;0.0;0.0;0.0;0.0;0.0;0.0;0.0;0.0;0.0;0.0;0.0;0.0;0.0;0.0;0.0;0.0;0.0
Jijoca de Jericoacoara;JERICOACOARA;-2.7931111111111;-40.519472222222;2012;8;0.0;0.0;0.0;0.0;0.0;0.0;0.0;0.0;0.0;0.0;0.0;0.0;0.0;0.0;0.0;0.0;0.0;0.0;0.0;0.0;0.0;0.0;0.0;0.0;0.0;0.0;0.0;0.0;0.0;0.0;0.0;0.0
Jijoca de Jericoacoara;JERICOACOARA;-2.7931111111111;-40.519472222222;2012;9;0.0;0.0;0.0;0.0;0.0;0.0;0.0;0.0;0.0;0.0;0.0;0.0;0.0;0.0;0.0;0.0;0.0;0.0;0.0;0.0;0.0;0.0;0.0;0.0;0.0;0.0;0.0;0.0;0.0;0.0;0.0;888.0
Jijoca de Jericoacoara;JERICOACOARA;-2.7931111111111;-40.519472222222;2012;10;0.0;0.0;0.0;0.0;0.0;0.0;0.0;0.0;0.0;0.0;0.0;0.0;0.0;0.0;0.0;0.0;0.0;0.0;0.0;0.0;0.0;0.0;0.0;0.0;0.0;0.0;0.0;0.0;0.0;0.0;0.0;0.0
Jijoca de Jericoacoara;JERICOACOARA;-2.7931111111111;-40.519472222222;2012;11;0.0;0.0;0.0;0.0;0.0;0.0;0.0;0.0;0.0;0.0;0.0;0.0;0.0;0.0;0.0;0.0;0.0;0.0;0.0;0.0;0.0;0.0;0.0;0.0;0.0;0.0;0.0;0.0;0.0;0.0;0.0;888.0
Jijoca de Jericoacoara;JERICOACOARA;-2.7931111111111;-40.519472222222;2012;12;33.0;0.0;0.0;0.0;0.0;0.0;0.0;0.0;0.0;0.0;0.0;0.0;0.0;0.0;0.0;0.0;0.0;0.0;0.0;0.0;0.0;0.0;0.0;0.0;0.0;33.0;0.0;0.0;0.0;0.0;0.0;0.0
Jijoca de Jericoacoara;JERICOACOARA;-2.7931111111111;-40.519472222222;2013;1;47.0;0.0;0.0;0.0;18.0;0.0;0.0;0.0;0.0;0.0;0.0;0.0;0.0;0.0;0.0;0.0;0.0;0.0;0.0;13.0;0.0;0.0;0.0;0.0;0.0;0.0;16.0;0.0;0.0;0.0;0.0;0.0
Jijoca de Jericoacoara;JERICOACOARA;-2.7931111111111;-40.519472222222;2013;2;110.0;0.0;0.0;0.0;0.0;7.0;0.0;0.0;0.0;0.0;0.0;0.0;2.0;0.0;36.0;9.0;0.0;0.0;23.0;7.0;26.0;0.0;0.0;0.0;0.0;0.0;0.0;0.0;0.0;888.0;888.0;888.0
Jijoca de Jericoacoara;JERICOACOARA;-2.7931111111111;-40.519472222222;2013;3;35.0;0.0;0.0;0.0;0.0;0.0;0.0;0.0;0.0;0.0;2.0;0.0;0.0;0.0;0.0;6.0;0.0;0.0;0.0;6.0;6.0;0.0;0.0;0.0;0.0;11.0;0.0;0.0;0.0;2.0;2.0;0.0
Jijoca de Jericoacoara;JERICOACOARA;-2.7931111111111;-40.519472222222;2013;4;226.5;26.0;0.0;2.0;18.0;7.0;0.0;0.0;0.0;14.0;0.0;18.0;0.0;0.0;0.0;0.0;33.0;5.0;7.0;5.0;10.0;1.0;0.0;7.0;3.0;0.0;2.5;0.0;0.0;67.0;1.0;888.0
Jijoca de Jericoacoara;JERICOACOARA;-2.7931111111111;-40.519472222222;2013;5;106.9;0.0;31.0;0.0;0.0;0.0;0.0;3.0;0.0;12.0;3.0;0.0;0.0;0.0;0.0;0.0;1.0;0.0;0.0;47.0;0.0;0.0;0.0;5.3;3.6;0.0;0.0;1.0;0.0;0.0;0.0;0.0
Jijoca de Jericoacoara;JERICOACOARA;-2.7931111111111;-40.519472222222;2013;6;15.6;0.0;0.0;0.0;0.0;2.0;0.0;0.0;0.0;0.0;0.0;8.0;0.0;0.0;0.0;0.0;0.0;0.0;0.0;0.0;0.0;0.0;0.0;0.0;5.6;0.0;0.0;0.0;0.0;0.0;0.0;888.0
Jijoca de Jericoacoara;JERICOACOARA;-2.7931111111111;-40.519472222222;2013;7;12.0;5.0;0.0;0.0;0.0;7.0;0.0;0.0;0.0;0.0;0.0;0.0;0.0;0.0;0.0;0.0;0.0;0.0;0.0;0.0;0.0;0.0;0.0;0.0;0.0;0.0;0.0;0.0;0.0;0.0;0.0;0.0
Jijoca de Jericoacoara;JERICOACOARA;-2.7931111111111;-40.519472222222;2013;8;0.0;0.0;0.0;0.0;0.0;0.0;0.0;0.0;0.0;0.0;0.0;0.0;0.0;0.0;0.0;0.0;0.0;0.0;0.0;0.0;0.0;0.0;0.0;0.0;0.0;0.0;0.0;0.0;0.0;0.0;0.0;0.0
Jijoca de Jericoacoara;JERICOACOARA;-2.7931111111111;-40.519472222222;2013;9;0.0;0.0;0.0;0.0;0.0;0.0;0.0;0.0;0.0;0.0;0.0;0.0;0.0;0.0;0.0;0.0;0.0;0.0;0.0;0.0;0.0;0.0;0.0;0.0;0.0;0.0;0.0;0.0;0.0;0.0;0.0;888.0
Jijoca de Jericoacoara;JERICOACOARA;-2.7931111111111;-40.519472222222;2013;10;0.0;0.0;0.0;0.0;0.0;0.0;0.0;0.0;0.0;0.0;0.0;0.0;0.0;0.0;0.0;0.0;0.0;0.0;0.0;0.0;0.0;0.0;0.0;0.0;0.0;0.0;0.0;0.0;0.0;0.0;0.0;0.0
Jijoca de Jericoacoara;JERICOACOARA;-2.7931111111111;-40.519472222222;2013;11;2.0;0.0;0.0;0.0;2.0;0.0;0.0;0.0;0.0;0.0;0.0;0.0;0.0;0.0;0.0;0.0;0.0;0.0;0.0;0.0;0.0;0.0;0.0;0.0;0.0;0.0;0.0;0.0;0.0;0.0;0.0;888.0
Jijoca de Jericoacoara;JERICOACOARA;-2.7931111111111;-40.519472222222;2013;12;0.0;0.0;0.0;0.0;0.0;0.0;0.0;0.0;0.0;0.0;0.0;0.0;0.0;0.0;0.0;0.0;0.0;0.0;0.0;0.0;0.0;0.0;0.0;0.0;0.0;0.0;0.0;0.0;0.0;0.0;0.0;0.0
Jijoca de Jericoacoara;JERICOACOARA;-2.7931111111111;-40.519472222222;2014;1;23.0;0.0;0.0;0.0;0.0;0.0;0.0;0.0;0.0;0.0;0.0;0.0;0.0;0.0;0.0;0.0;0.0;0.0;0.0;0.0;0.0;0.0;0.0;0.0;0.0;0.0;0.0;23.0;0.0;0.0;0.0;0.0
Jijoca de Jericoacoara;JERICOACOARA;-2.7931111111111;-40.519472222222;2014;2;80.8;3.8;0.0;4.0;0.0;0.0;0.0;0.0;0.0;0.0;0.0;0.0;0.0;0.0;8.0;0.0;0.0;61.0;0.0;0.0;0.0;4.0;0.0;0.0;0.0;0.0;0.0;0.0;0.0;888.0;888.0;888.0
Jijoca de Jericoacoara;JERICOACOARA;-2.7931111111111;-40.519472222222;2014;3;144.0;0.0;0.0;0.0;27.0;0.0;0.0;0.0;0.0;0.0;10.0;0.0;0.0;35.0;0.0;0.0;0.0;14.0;0.0;45.0;0.0;3.0;0.0;0.0;3.0;2.0;0.0;0.0;0.0;0.0;0.0;5.0
Jijoca de Jericoacoara;JERICOACOARA;-2.7931111111111;-40.519472222222;2014;4;187.0;33.0;0.0;70.0;0.0;0.0;0.0;4.0;0.0;25.0;0.0;0.0;0.0;0.0;0.0;4.0;0.0;0.0;0.0;0.0;26.0;0.0;0.0;0.0;0.0;0.0;0.0;0.0;25.0;0.0;0.0;888.0
Jijoca de Jericoacoara;JERICOACOARA;-2.7931111111111;-40.519472222222;2014;5;116.0;18.0;0.0;0.0;0.0;0.0;0.0;22.0;0.0;0.0;13.0;20.0;20.0;0.0;4.0;19.0;0.0;0.0;0.0;0.0;0.0;0.0;0.0;0.0;0.0;0.0;0.0;0.0;0.0;0.0;0.0;0.0
Jijoca de Jericoacoara;JERICOACOARA;-2.7931111111111;-40.519472222222;2014;6;0.0;0.0;0.0;0.0;0.0;0.0;0.0;0.0;0.0;0.0;0.0;0.0;0.0;0.0;0.0;0.0;0.0;0.0;0.0;0.0;0.0;0.0;0.0;0.0;0.0;0.0;0.0;0.0;0.0;0.0;0.0;888.0
Jijoca de Jericoacoara;JERICOACOARA;-2.7931111111111;-40.519472222222;2014;7;0.0;0.0;0.0;0.0;0.0;0.0;0.0;0.0;0.0;0.0;0.0;0.0;0.0;0.0;0.0;0.0;0.0;0.0;0.0;0.0;0.0;0.0;0.0;0.0;0.0;0.0;0.0;0.0;0.0;0.0;0.0;0.0
Jijoca de Jericoacoara;JERICOACOARA;-2.7931111111111;-40.519472222222;2014;8;0.0;0.0;0.0;0.0;0.0;0.0;0.0;0.0;0.0;0.0;0.0;0.0;0.0;0.0;0.0;0.0;0.0;0.0;0.0;0.0;0.0;0.0;0.0;0.0;0.0;0.0;0.0;0.0;0.0;0.0;0.0;0.0
Jijoca de Jericoacoara;JERICOACOARA;-2.7931111111111;-40.519472222222;2014;9;0.0;0.0;0.0;0.0;0.0;0.0;0.0;0.0;0.0;0.0;0.0;0.0;0.0;0.0;0.0;0.0;0.0;0.0;0.0;0.0;0.0;0.0;0.0;0.0;0.0;0.0;0.0;0.0;0.0;0.0;0.0;888.0
Jijoca de Jericoacoara;JERICOACOARA;-2.7931111111111;-40.519472222222;2014;10;0.0;0.0;0.0;0.0;0.0;0.0;0.0;0.0;0.0;0.0;0.0;0.0;0.0;0.0;0.0;0.0;0.0;0.0;0.0;0.0;0.0;0.0;0.0;0.0;0.0;0.0;0.0;0.0;0.0;0.0;0.0;0.0
Jijoca de Jericoacoara;JERICOACOARA;-2.7931111111111;-40.519472222222;2014;11;0.0;0.0;0.0;0.0;0.0;0.0;0.0;0.0;0.0;0.0;0.0;0.0;0.0;0.0;0.0;0.0;0.0;0.0;0.0;0.0;0.0;0.0;0.0;0.0;0.0;0.0;0.0;0.0;0.0;0.0;0.0;888.0
Jijoca de Jericoacoara;JERICOACOARA;-2.7931111111111;-40.519472222222;2014;12;0.0;0.0;0.0;0.0;0.0;0.0;0.0;0.0;0.0;0.0;0.0;0.0;0.0;0.0;0.0;0.0;0.0;0.0;0.0;0.0;0.0;0.0;0.0;0.0;0.0;0.0;0.0;0.0;0.0;0.0;0.0;0.0
Jijoca de Jericoacoara;JERICOACOARA;-2.7931111111111;-40.519472222222;2015;1;0.0;0.0;0.0;0.0;0.0;0.0;0.0;0.0;0.0;0.0;0.0;0.0;0.0;0.0;0.0;0.0;0.0;0.0;0.0;0.0;0.0;0.0;0.0;0.0;0.0;0.0;0.0;0.0;0.0;0.0;0.0;0.0
Jijoca de Jericoacoara;JERICOACOARA;-2.7931111111111;-40.519472222222;2015;2;114.0;0.0;0.0;0.0;0.0;0.0;0.0;0.0;0.0;0.0;0.0;0.0;0.0;0.0;0.0;0.0;0.0;0.0;7.0;0.0;6.0;0.0;0.0;18.0;41.0;9.0;7.0;6.0;20.0;888.0;888.0;888.0
Jijoca de Jericoacoara;JERICOACOARA;-2.7931111111111;-40.519472222222;2015;3;299.0;16.0;15.0;18.0;0.0;0.0;0.0;0.0;0.0;41.0;3.0;15.0;0.0;0.0;0.0;0.0;3.0;1.0;0.0;0.0;0.0;0.0;45.0;26.0;0.0;0.0;16.0;0.0;0.0;0.0;71.0;29.0
Jijoca de Jericoacoara;JERICOACOARA;-2.7931111111111;-40.519472222222;2015;4;363.0;23.0;8.0;35.0;47.0;0.0;0.0;0.0;38.0;54.0;42.0;0.0;0.0;48.0;24.0;4.0;0.0;0.0;0.0;0.0;14.0;0.0;0.0;17.0;9.0;0.0;0.0;0.0;0.0;0.0;0.0;888.0
Jijoca de Jericoacoara;JERICOACOARA;-2.7931111111111;-40.519472222222;2015;5;33.0;0.0;0.0;0.0;0.0;0.0;0.0;0.0;22.0;0.0;0.0;0.0;0.0;0.0;11.0;0.0;0.0;0.0;0.0;0.0;0.0;0.0;0.0;0.0;0.0;0.0;0.0;0.0;0.0;0.0;0.0;0.0
Jijoca de Jericoacoara;JERICOACOARA;-2.7931111111111;-40.519472222222;2015;6;44.0;0.0;0.0;0.0;0.0;44.0;0.0;0.0;0.0;0.0;0.0;0.0;0.0;0.0;0.0;0.0;0.0;0.0;0.0;0.0;0.0;0.0;0.0;0.0;0.0;0.0;0.0;0.0;0.0;0.0;0.0;888.0
Jijoca de Jericoacoara;JERICOACOARA;-2.7931111111111;-40.519472222222;2015;7;15.0;0.0;0.0;3.0;0.0;12.0;0.0;999.0;999.0;999.0;999.0;999.0;999.0;999.0;999.0;999.0;999.0;999.0;999.0;999.0;999.0;999.0;999.0;999.0;999.0;999.0;999.0;999.0;999.0;999.0;999.0;999.0
Jijoca de Jericoacoara;JERICOACOARA;-2.7931111111111;-40.519472222222;2016;1;238.0;0.0;0.0;0.0;0.0;0.0;0.0;0.0;0.0;35.0;10.0;0.0;0.0;0.0;0.0;0.0;0.0;0.0;0.0;32.0;3.0;78.0;17.0;10.0;10.0;18.0;5.0;0.0;11.0;9.0;0.0;0.0
Jijoca de Jericoacoara;JERICOACOARA;-2.7931111111111;-40.519472222222;2016;2;37.0;6.0;9.0;1.0;0.0;0.0;0.0;0.0;0.0;0.0;0.0;0.0;0.0;0.0;0.0;0.0;0.0;0.0;0.0;11.0;10.0;0.0;0.0;0.0;0.0;0.0;0.0;0.0;0.0;0.0;888.0;888.0
Jijoca de Jericoacoara;JERICOACOARA;-2.7931111111111;-40.519472222222;2016;3;238.0;0.0;0.0;0.0;0.0;0.0;0.0;0.0;9.0;11.0;15.0;0.0;0.0;0.0;21.0;32.0;0.0;9.0;19.0;0.0;0.0;0.0;83.0;0.0;0.0;0.0;0.0;0.0;34.0;0.0;5.0;0.0
Jijoca de Jericoacoara;JERICOACOARA;-2.7931111111111;-40.519472222222;2016;4;231.0;36.0;6.0;0.0;63.0;0.0;0.0;0.0;39.0;0.0;0.0;0.0;33.0;0.0;0.0;0.0;0.0;0.0;0.0;3.8;0.0;29.2;21.0;0.0;0.0;0.0;0.0;0.0;0.0;0.0;0.0;888.0
Jijoca de Jericoacoara;JERICOACOARA;-2.7931111111111;-40.519472222222;2016;5;19.0;0.0;0.0;0.0;0.0;0.0;0.0;0.0;0.0;0.0;0.0;0.0;19.0;0.0;0.0;0.0;0.0;0.0;0.0;0.0;0.0;0.0;0.0;0.0;0.0;0.0;0.0;0.0;0.0;0.0;0.0;0.0
Jijoca de Jericoacoara;JERICOACOARA;-2.7931111111111;-40.519472222222;2016;6;45.0;0.0;0.0;0.0;0.0;0.0;0.0;0.0;0.0;0.0;8.0;0.0;0.0;37.0;999.0;999.0;999.0;999.0;999.0;999.0;999.0;999.0;999.0;999.0;999.0;999.0;999.0;999.0;999.0;999.0;999.0;888.0
Jijoca de Jericoacoara;JERICOACOARA;-2.7931111111111;-40.519472222222;2017;1;76.0;0.0;0.0;0.0;0.0;0.0;0.0;0.0;0.0;0.0;0.0;0.0;75.0;0.0;0.0;0.0;0.0;0.0;0.0;0.0;0.0;0.0;0.0;0.0;1.0;0.0;0.0;0.0;0.0;0.0;0.0;0.0
Jijoca de Jericoacoara;JERICOACOARA;-2.7931111111111;-40.519472222222;2017;2;247.5;12.0;0.0;0.0;0.0;0.0;0.0;0.0;1.5;11.5;0.0;84.0;52.0;0.0;0.0;6.0;0.0;0.0;4.0;3.0;66.0;0.0;3.0;0.0;0.0;0.0;0.0;0.0;4.5;888.0;888.0;888.0
Jijoca de Jericoacoara;JERICOACOARA;-2.7931111111111;-40.519472222222;2017;3;261.5;2.0;24.0;23.0;0.0;6.0;13.0;0.0;12.5;0.0;3.5;7.0;0.0;0.0;4.0;29.0;2.0;6.0;0.0;0.0;14.0;5.0;18.0;3.0;23.0;0.0;0.0;29.0;8.0;10.5;13.0;6.0
Jijoca de Jericoacoara;JERICOACOARA;-2.7931111111111;-40.519472222222;2017;4;274.8;0.0;0.0;58.1;3.6;16.0;16.0;2.2;15.5;0.0;0.5;0.0;49.5;0.0;0.0;0.0;0.0;50.0;5.8;0.0;17.6;0.0;0.0;0.0;0.0;0.0;0.0;0.0;0.0;20.0;20.0;888.0
Jijoca de Jericoacoara;JERICOACOARA;-2.7931111111111;-40.519472222222;2017;5;156.0;45.0;0.0;0.0;0.0;9.0;0.0;0.0;2.0;26.0;0.0;7.0;0.0;0.0;0.0;0.0;0.0;0.0;0.0;1.0;0.0;0.0;0.0;0.0;0.0;0.0;0.0;0.0;0.0;59.0;7.0;0.0
Jijoca de Jericoacoara;JERICOACOARA;-2.7931111111111;-40.519472222222;2017;6;2.0;0.0;0.0;0.0;2.0;0.0;0.0;0.0;0.0;0.0;0.0;0.0;0.0;0.0;0.0;0.0;0.0;0.0;0.0;0.0;0.0;0.0;0.0;0.0;0.0;0.0;0.0;0.0;0.0;0.0;0.0;888.0
Jijoca de Jericoacoara;JERICOACOARA;-2.7931111111111;-40.519472222222;2017;7;0.0;0.0;0.0;0.0;0.0;0.0;0.0;0.0;0.0;0.0;0.0;0.0;0.0;0.0;0.0;0.0;0.0;0.0;0.0;0.0;0.0;0.0;0.0;0.0;0.0;0.0;0.0;0.0;0.0;0.0;0.0;0.0
Jijoca de Jericoacoara;JERICOACOARA;-2.7931111111111;-40.519472222222;2017;8;0.0;0.0;0.0;0.0;0.0;0.0;0.0;0.0;0.0;0.0;0.0;0.0;0.0;0.0;0.0;0.0;0.0;0.0;0.0;0.0;0.0;0.0;0.0;0.0;0.0;0.0;0.0;0.0;0.0;0.0;0.0;0.0
Jijoca de Jericoacoara;JERICOACOARA;-2.7931111111111;-40.519472222222;2017;9;0.0;0.0;0.0;0.0;0.0;0.0;0.0;0.0;0.0;0.0;0.0;0.0;0.0;0.0;0.0;0.0;0.0;0.0;0.0;0.0;0.0;0.0;0.0;0.0;0.0;0.0;0.0;0.0;0.0;0.0;0.0;888.0
Jijoca de Jericoacoara;JERICOACOARA;-2.7931111111111;-40.519472222222;2017;10;0.0;0.0;0.0;0.0;0.0;0.0;0.0;0.0;0.0;0.0;0.0;0.0;0.0;0.0;0.0;0.0;0.0;0.0;0.0;0.0;0.0;0.0;0.0;0.0;0.0;0.0;0.0;0.0;0.0;0.0;0.0;0.0
Jijoca de Jericoacoara;JERICOACOARA;-2.7931111111111;-40.519472222222;2017;11;0.0;0.0;0.0;0.0;0.0;0.0;0.0;0.0;0.0;0.0;0.0;0.0;0.0;0.0;0.0;0.0;0.0;0.0;0.0;0.0;0.0;0.0;0.0;0.0;0.0;0.0;0.0;0.0;0.0;0.0;0.0;888.0
Jijoca de Jericoacoara;JERICOACOARA;-2.7931111111111;-40.519472222222;2017;12;0.0;0.0;0.0;0.0;0.0;0.0;0.0;0.0;0.0;0.0;0.0;0.0;0.0;0.0;0.0;0.0;0.0;0.0;0.0;0.0;0.0;0.0;0.0;0.0;0.0;0.0;0.0;0.0;0.0;0.0;0.0;0.0
Jijoca de Jericoacoara;JERICOACOARA;-2.7931111111111;-40.519472222222;2018;1;89.0;0.0;0.0;0.0;0.0;0.0;0.0;0.0;0.0;0.0;0.0;43.0;0.0;0.0;0.0;0.0;0.0;0.0;0.0;7.0;0.0;0.0;0.0;0.0;0.0;18.0;0.0;0.0;21.0;0.0;0.0;0.0
Jijoca de Jericoacoara;JERICOACOARA;-2.7931111111111;-40.519472222222;2018;2;299.3;0.0;0.0;0.0;7.0;6.0;1.5;10.0;0.0;0.0;0.0;21.0;16.0;19.0;80.0;36.0;30.0;26.0;0.0;0.0;20.8;0.0;0.0;26.0;0.0;0.0;0.0;0.0;0.0;888.0;888.0;888.0
Jijoca de Jericoacoara;JERICOACOARA;-2.7931111111111;-40.519472222222;2018;3;79.0;0.0;0.0;0.0;0.0;9.0;4.0;2.0;9.5;1.0;0.0;0.0;0.0;0.0;9.5;2.0;0.0;0.0;0.0;0.0;0.0;0.0;0.0;0.0;0.0;0.0;0.0;26.0;16.0;0.0;0.0;0.0
Jijoca de Jericoacoara;JERICOACOARA;-2.7931111111111;-40.519472222222;2018;4;185.4;20.0;70.0;0.0;0.0;3.0;0.0;0.0;0.0;0.0;16.0;12.0;18.0;0.0;0.0;0.0;0.0;0.0;0.0;0.0;0.0;0.0;0.0;8.0;0.0;0.0;13.2;0.0;0.0;0.0;25.2;888.0
Jijoca de Jericoacoara;JERICOACOARA;-2.7931111111111;-40.519472222222;2018;5;75.7;0.0;8.0;0.0;0.0;0.0;0.0;0.0;41.0;8.5;0.0;8.2;0.0;0.0;0.0;0.0;0.0;0.0;0.0;0.0;0.0;0.0;0.0;8.0;0.0;2.0;0.0;0.0;0.0;0.0;0.0;0.0
Jijoca de Jericoacoara;JERICOACOARA;-2.7931111111111;-40.519472222222;2018;6;18.0;0.0;0.0;0.0;6.0;0.0;0.0;0.0;2.0;0.0;0.0;0.0;0.0;0.0;0.0;0.0;0.0;0.0;10.0;0.0;0.0;0.0;0.0;0.0;0.0;0.0;0.0;0.0;0.0;0.0;0.0;888.0
Jijoca de Jericoacoara;JERICOACOARA;-2.7931111111111;-40.519472222222;2018;7;31.0;0.0;0.0;0.0;0.0;0.0;0.0;0.0;0.0;31.0;0.0;0.0;0.0;0.0;0.0;0.0;0.0;0.0;0.0;0.0;0.0;0.0;0.0;0.0;0.0;0.0;0.0;0.0;0.0;0.0;0.0;0.0
Jijoca de Jericoacoara;JERICOACOARA;-2.7931111111111;-40.519472222222;2018;8;8.0;0.0;0.0;0.0;0.0;0.0;0.0;0.0;8.0;0.0;0.0;0.0;0.0;0.0;0.0;0.0;0.0;0.0;0.0;0.0;0.0;0.0;0.0;0.0;0.0;0.0;0.0;0.0;0.0;0.0;0.0;0.0
Jijoca de Jericoacoara;JERICOACOARA;-2.7931111111111;-40.519472222222;2018;9;0.0;0.0;0.0;0.0;0.0;0.0;0.0;0.0;0.0;0.0;0.0;0.0;0.0;0.0;0.0;0.0;0.0;0.0;0.0;0.0;0.0;0.0;0.0;0.0;0.0;0.0;999.0;999.0;999.0;999.0;999.0;888.0
