Municipios;Postos;Latitude;Longitude;Anos;Meses;Total;Dia1;Dia2;Dia3;Dia4;Dia5;Dia6;Dia7;Dia8;Dia9;Dia10;Dia11;Dia12;Dia13;Dia14;Dia15;Dia16;Dia17;Dia18;Dia19;Dia20;Dia21;Dia22;Dia23;Dia24;Dia25;Dia26;Dia27;Dia28;Dia29;Dia30;Dia31
Poranga;SANTANA;-4.7955555555556;-41.097472222222;2000;12;17.2;0.0;0.0;0.0;0.0;0.0;0.0;0.0;0.0;0.0;0.0;0.0;0.0;0.0;2.0;2.2;5.0;0.0;0.0;8.0;0.0;0.0;0.0;0.0;0.0;0.0;0.0;0.0;0.0;0.0;0.0;0.0
Poranga;SANTANA;-4.7955555555556;-41.097472222222;2001;1;39.0;0.0;3.0;0.0;0.0;0.0;0.0;0.0;0.0;16.0;16.0;0.0;4.0;0.0;0.0;0.0;0.0;0.0;0.0;0.0;0.0;0.0;0.0;0.0;0.0;0.0;0.0;0.0;0.0;0.0;0.0;0.0
Poranga;SANTANA;-4.7955555555556;-41.097472222222;2001;2;225.0;0.0;13.0;0.0;4.0;0.0;0.0;0.0;5.0;3.0;17.0;0.0;0.0;47.0;0.0;0.0;0.0;0.0;50.0;0.0;1.0;0.0;0.0;0.0;0.0;37.0;0.0;0.0;48.0;888.0;888.0;888.0
Poranga;SANTANA;-4.7955555555556;-41.097472222222;2001;3;47.0;11.0;0.0;0.0;0.0;0.0;0.0;4.0;0.0;0.0;0.0;0.0;0.0;6.0;18.0;0.0;0.0;0.0;0.0;0.0;0.0;0.0;0.0;0.0;0.0;0.0;0.0;0.0;0.0;0.0;8.0;0.0
Poranga;SANTANA;-4.7955555555556;-41.097472222222;2001;4;168.0;0.0;11.0;17.0;14.0;0.0;0.0;0.0;0.0;0.0;61.0;0.0;10.0;17.0;8.0;0.0;0.0;0.0;0.0;15.0;0.0;0.0;0.0;0.0;0.0;0.0;0.0;0.0;0.0;10.0;5.0;888.0
Poranga;SANTANA;-4.7955555555556;-41.097472222222;2001;5;5.0;0.0;0.0;0.0;0.0;0.0;0.0;0.0;0.0;0.0;0.0;0.0;0.0;0.0;0.0;0.0;0.0;0.0;0.0;0.0;0.0;0.0;0.0;0.0;0.0;0.0;0.0;0.0;0.0;0.0;0.0;5.0
Poranga;SANTANA;-4.7955555555556;-41.097472222222;2001;6;0.0;0.0;0.0;0.0;0.0;0.0;0.0;0.0;0.0;0.0;0.0;0.0;0.0;0.0;0.0;0.0;0.0;0.0;0.0;0.0;0.0;0.0;0.0;0.0;0.0;0.0;0.0;0.0;0.0;0.0;0.0;888.0
Poranga;SANTANA;-4.7955555555556;-41.097472222222;2001;7;0.0;0.0;0.0;0.0;0.0;0.0;0.0;0.0;0.0;0.0;0.0;0.0;0.0;0.0;0.0;0.0;0.0;0.0;0.0;0.0;0.0;0.0;0.0;0.0;0.0;0.0;0.0;0.0;0.0;0.0;0.0;0.0
Poranga;SANTANA;-4.7955555555556;-41.097472222222;2001;8;0.0;0.0;0.0;0.0;0.0;0.0;0.0;0.0;0.0;0.0;0.0;0.0;0.0;0.0;0.0;0.0;0.0;0.0;0.0;0.0;0.0;0.0;0.0;0.0;0.0;0.0;0.0;0.0;0.0;0.0;0.0;0.0
Poranga;SANTANA;-4.7955555555556;-41.097472222222;2001;9;0.0;0.0;0.0;0.0;0.0;0.0;0.0;0.0;0.0;0.0;0.0;0.0;0.0;0.0;0.0;0.0;0.0;0.0;0.0;0.0;0.0;0.0;0.0;0.0;0.0;0.0;0.0;0.0;0.0;0.0;0.0;888.0
Poranga;SANTANA;-4.7955555555556;-41.097472222222;2001;10;0.0;0.0;0.0;0.0;0.0;0.0;0.0;0.0;0.0;0.0;0.0;0.0;0.0;0.0;0.0;0.0;0.0;0.0;0.0;0.0;0.0;0.0;0.0;0.0;0.0;0.0;0.0;0.0;0.0;0.0;0.0;0.0
Poranga;SANTANA;-4.7955555555556;-41.097472222222;2001;11;0.0;0.0;0.0;0.0;0.0;0.0;0.0;0.0;0.0;0.0;0.0;0.0;0.0;0.0;0.0;0.0;0.0;0.0;0.0;0.0;0.0;0.0;0.0;0.0;0.0;0.0;0.0;0.0;0.0;0.0;0.0;888.0
Poranga;SANTANA;-4.7955555555556;-41.097472222222;2001;12;0.0;0.0;0.0;0.0;0.0;0.0;0.0;0.0;0.0;0.0;0.0;0.0;0.0;0.0;0.0;0.0;0.0;0.0;0.0;0.0;0.0;0.0;0.0;0.0;0.0;0.0;0.0;0.0;0.0;0.0;0.0;0.0
Poranga;SANTANA;-4.7955555555556;-41.097472222222;2002;1;244.0;46.0;9.0;0.0;7.0;26.0;81.0;7.0;5.0;4.0;0.0;0.0;0.0;0.0;17.0;32.0;0.0;10.0;0.0;0.0;0.0;0.0;0.0;0.0;0.0;0.0;0.0;0.0;0.0;0.0;0.0;0.0
Poranga;SANTANA;-4.7955555555556;-41.097472222222;2002;2;0.0;0.0;0.0;0.0;0.0;0.0;0.0;0.0;0.0;0.0;0.0;0.0;0.0;0.0;0.0;0.0;0.0;0.0;0.0;0.0;0.0;0.0;0.0;0.0;0.0;0.0;0.0;0.0;0.0;888.0;888.0;888.0
Poranga;SANTANA;-4.7955555555556;-41.097472222222;2002;3;78.0;0.0;0.0;0.0;0.0;35.0;7.0;3.0;0.0;5.0;0.0;0.0;0.0;0.0;5.0;0.0;0.0;10.0;0.0;0.0;0.0;0.0;0.0;0.0;0.0;5.0;0.0;4.0;0.0;4.0;0.0;0.0
Poranga;SANTANA;-4.7955555555556;-41.097472222222;2002;4;33.0;0.0;0.0;0.0;11.0;0.0;0.0;0.0;0.0;0.0;0.0;0.0;10.0;0.0;0.0;7.0;0.0;0.0;0.0;0.0;0.0;0.0;0.0;0.0;0.0;0.0;0.0;5.0;0.0;0.0;0.0;888.0
Poranga;SANTANA;-4.7955555555556;-41.097472222222;2002;5;12.0;0.0;0.0;0.0;0.0;0.0;0.0;0.0;0.0;0.0;0.0;0.0;0.0;0.0;0.0;0.0;0.0;0.0;0.0;0.0;0.0;0.0;0.0;0.0;0.0;12.0;0.0;0.0;0.0;0.0;0.0;0.0
Poranga;SANTANA;-4.7955555555556;-41.097472222222;2002;6;15.0;15.0;0.0;0.0;0.0;0.0;0.0;0.0;0.0;0.0;0.0;0.0;0.0;0.0;0.0;0.0;0.0;0.0;0.0;0.0;0.0;0.0;0.0;0.0;0.0;0.0;0.0;0.0;0.0;0.0;0.0;888.0
Poranga;SANTANA;-4.7955555555556;-41.097472222222;2002;7;0.0;0.0;0.0;0.0;0.0;0.0;0.0;0.0;0.0;0.0;0.0;0.0;0.0;0.0;0.0;0.0;0.0;0.0;0.0;0.0;0.0;0.0;0.0;0.0;0.0;0.0;0.0;0.0;0.0;0.0;0.0;0.0
Poranga;SANTANA;-4.7955555555556;-41.097472222222;2002;8;0.0;0.0;0.0;0.0;0.0;0.0;0.0;0.0;0.0;0.0;0.0;0.0;0.0;0.0;0.0;0.0;0.0;0.0;0.0;0.0;0.0;0.0;0.0;0.0;0.0;0.0;0.0;0.0;0.0;0.0;0.0;0.0
Poranga;SANTANA;-4.7955555555556;-41.097472222222;2002;9;0.0;0.0;0.0;0.0;0.0;0.0;0.0;0.0;0.0;0.0;0.0;0.0;0.0;0.0;0.0;0.0;0.0;0.0;0.0;0.0;0.0;0.0;0.0;0.0;0.0;0.0;0.0;0.0;0.0;0.0;0.0;888.0
Poranga;SANTANA;-4.7955555555556;-41.097472222222;2002;10;0.0;0.0;0.0;0.0;0.0;0.0;0.0;0.0;0.0;0.0;0.0;0.0;0.0;0.0;0.0;0.0;0.0;0.0;0.0;0.0;0.0;0.0;0.0;0.0;0.0;0.0;0.0;0.0;0.0;0.0;0.0;0.0
Poranga;SANTANA;-4.7955555555556;-41.097472222222;2002;11;0.0;0.0;0.0;0.0;0.0;0.0;0.0;0.0;0.0;0.0;0.0;0.0;0.0;0.0;0.0;0.0;0.0;0.0;0.0;0.0;0.0;0.0;0.0;0.0;0.0;0.0;0.0;0.0;0.0;0.0;0.0;888.0
Poranga;SANTANA;-4.7955555555556;-41.097472222222;2002;12;0.0;0.0;0.0;0.0;0.0;0.0;0.0;0.0;0.0;0.0;0.0;0.0;0.0;0.0;0.0;0.0;0.0;0.0;0.0;0.0;0.0;0.0;0.0;0.0;0.0;0.0;0.0;0.0;0.0;0.0;0.0;0.0
Poranga;SANTANA;-4.7955555555556;-41.097472222222;2003;1;36.0;0.0;0.0;0.0;0.0;0.0;0.0;0.0;0.0;0.0;0.0;0.0;0.0;0.0;0.0;0.0;0.0;0.0;0.0;27.0;5.0;0.0;0.0;0.0;0.0;0.0;0.0;0.0;0.0;0.0;4.0;0.0
Poranga;SANTANA;-4.7955555555556;-41.097472222222;2003;2;159.0;0.0;18.0;0.0;0.0;0.0;8.0;0.0;0.0;0.0;0.0;15.0;19.0;0.0;0.0;0.0;0.0;5.0;29.0;0.0;0.0;0.0;0.0;0.0;6.0;31.0;0.0;0.0;28.0;888.0;888.0;888.0
Poranga;SANTANA;-4.7955555555556;-41.097472222222;2003;3;124.0;0.0;0.0;0.0;0.0;6.0;0.0;0.0;0.0;0.0;0.0;0.0;0.0;0.0;12.0;0.0;0.0;0.0;0.0;0.0;68.0;0.0;0.0;0.0;0.0;0.0;25.0;0.0;0.0;13.0;0.0;0.0
Poranga;SANTANA;-4.7955555555556;-41.097472222222;2003;4;43.0;18.0;0.0;0.0;0.0;0.0;17.0;0.0;0.0;0.0;0.0;0.0;0.0;0.0;0.0;0.0;0.0;8.0;0.0;0.0;0.0;0.0;0.0;0.0;0.0;0.0;0.0;0.0;0.0;0.0;0.0;888.0
Poranga;SANTANA;-4.7955555555556;-41.097472222222;2003;5;0.0;0.0;0.0;0.0;0.0;0.0;0.0;0.0;0.0;0.0;0.0;0.0;0.0;0.0;0.0;0.0;0.0;0.0;0.0;0.0;0.0;0.0;0.0;0.0;0.0;0.0;0.0;0.0;0.0;0.0;0.0;0.0
Poranga;SANTANA;-4.7955555555556;-41.097472222222;2003;6;18.0;0.0;0.0;0.0;0.0;0.0;0.0;0.0;0.0;0.0;0.0;0.0;0.0;0.0;0.0;0.0;18.0;0.0;0.0;0.0;0.0;0.0;0.0;0.0;0.0;0.0;0.0;0.0;0.0;0.0;0.0;888.0
Poranga;SANTANA;-4.7955555555556;-41.097472222222;2003;7;0.0;0.0;0.0;0.0;0.0;0.0;0.0;0.0;0.0;0.0;0.0;0.0;0.0;0.0;0.0;0.0;0.0;0.0;0.0;0.0;0.0;0.0;0.0;0.0;0.0;0.0;0.0;0.0;0.0;0.0;0.0;0.0
Poranga;SANTANA;-4.7955555555556;-41.097472222222;2003;8;0.0;0.0;0.0;0.0;0.0;0.0;0.0;0.0;0.0;0.0;0.0;0.0;0.0;0.0;0.0;0.0;0.0;0.0;0.0;0.0;0.0;0.0;0.0;0.0;0.0;0.0;0.0;0.0;0.0;0.0;0.0;0.0
Poranga;SANTANA;-4.7955555555556;-41.097472222222;2003;9;0.0;0.0;0.0;0.0;0.0;0.0;0.0;0.0;0.0;0.0;0.0;0.0;0.0;0.0;0.0;0.0;0.0;0.0;0.0;0.0;0.0;0.0;0.0;0.0;0.0;0.0;0.0;0.0;0.0;0.0;0.0;888.0
Poranga;SANTANA;-4.7955555555556;-41.097472222222;2003;10;0.0;0.0;0.0;0.0;0.0;0.0;0.0;0.0;0.0;0.0;0.0;0.0;0.0;0.0;0.0;0.0;0.0;0.0;0.0;0.0;0.0;0.0;0.0;0.0;0.0;0.0;0.0;0.0;0.0;0.0;0.0;0.0
Poranga;SANTANA;-4.7955555555556;-41.097472222222;2003;11;0.0;0.0;0.0;0.0;0.0;0.0;0.0;0.0;0.0;0.0;0.0;0.0;0.0;0.0;0.0;0.0;0.0;0.0;0.0;0.0;0.0;0.0;0.0;0.0;0.0;0.0;0.0;0.0;0.0;0.0;0.0;888.0
Poranga;SANTANA;-4.7955555555556;-41.097472222222;2003;12;0.0;0.0;0.0;0.0;0.0;0.0;0.0;0.0;0.0;0.0;0.0;0.0;0.0;0.0;0.0;0.0;0.0;0.0;0.0;0.0;0.0;0.0;0.0;0.0;0.0;0.0;0.0;0.0;0.0;0.0;0.0;0.0
Poranga;SANTANA;-4.7955555555556;-41.097472222222;2004;1;574.0;0.0;0.0;0.0;0.0;0.0;0.0;0.0;0.0;0.0;12.0;30.0;50.0;0.0;0.0;104.0;0.0;0.0;9.0;0.0;0.0;0.0;55.0;73.0;33.0;57.0;16.0;38.0;24.0;21.0;49.0;3.0
Poranga;SANTANA;-4.7955555555556;-41.097472222222;2004;2;73.0;0.0;0.0;0.0;0.0;13.0;0.0;0.0;0.0;0.0;0.0;0.0;0.0;15.0;0.0;0.0;0.0;0.0;0.0;0.0;0.0;0.0;0.0;0.0;20.0;0.0;0.0;25.0;0.0;0.0;888.0;888.0
Poranga;SANTANA;-4.7955555555556;-41.097472222222;2004;3;35.0;0.0;0.0;0.0;0.0;0.0;15.0;20.0;0.0;0.0;0.0;0.0;0.0;0.0;0.0;0.0;0.0;0.0;0.0;0.0;0.0;0.0;0.0;0.0;0.0;0.0;0.0;0.0;0.0;0.0;0.0;0.0
Poranga;SANTANA;-4.7955555555556;-41.097472222222;2004;4;14.0;0.0;0.0;0.0;0.0;0.0;0.0;6.0;0.0;0.0;0.0;0.0;0.0;0.0;0.0;0.0;0.0;0.0;0.0;0.0;0.0;0.0;0.0;0.0;0.0;0.0;0.0;0.0;0.0;8.0;0.0;888.0
Poranga;SANTANA;-4.7955555555556;-41.097472222222;2004;5;6.0;0.0;0.0;0.0;0.0;0.0;0.0;6.0;0.0;0.0;0.0;0.0;0.0;0.0;0.0;0.0;0.0;0.0;0.0;0.0;0.0;0.0;0.0;0.0;0.0;0.0;0.0;0.0;0.0;0.0;0.0;0.0
Poranga;SANTANA;-4.7955555555556;-41.097472222222;2004;6;0.0;0.0;0.0;0.0;0.0;0.0;0.0;0.0;0.0;0.0;0.0;0.0;0.0;0.0;0.0;0.0;0.0;0.0;0.0;0.0;0.0;0.0;0.0;0.0;0.0;0.0;0.0;0.0;0.0;0.0;0.0;888.0
Poranga;SANTANA;-4.7955555555556;-41.097472222222;2004;7;0.0;0.0;0.0;0.0;0.0;0.0;0.0;0.0;0.0;0.0;0.0;0.0;0.0;0.0;0.0;0.0;0.0;0.0;0.0;0.0;0.0;0.0;0.0;0.0;0.0;0.0;0.0;0.0;0.0;0.0;0.0;0.0
Poranga;SANTANA;-4.7955555555556;-41.097472222222;2004;8;0.0;0.0;0.0;0.0;0.0;0.0;0.0;0.0;0.0;0.0;0.0;0.0;0.0;0.0;0.0;0.0;0.0;0.0;0.0;0.0;0.0;0.0;0.0;0.0;0.0;0.0;0.0;0.0;0.0;0.0;0.0;0.0
Poranga;SANTANA;-4.7955555555556;-41.097472222222;2004;9;0.0;0.0;0.0;0.0;0.0;0.0;0.0;0.0;0.0;0.0;0.0;0.0;0.0;0.0;0.0;0.0;0.0;0.0;0.0;0.0;0.0;0.0;0.0;0.0;0.0;0.0;0.0;0.0;0.0;0.0;0.0;888.0
Poranga;SANTANA;-4.7955555555556;-41.097472222222;2004;10;0.0;0.0;0.0;0.0;0.0;0.0;0.0;0.0;0.0;0.0;0.0;0.0;0.0;0.0;0.0;0.0;0.0;0.0;0.0;0.0;0.0;0.0;0.0;0.0;0.0;0.0;0.0;0.0;0.0;0.0;0.0;0.0
Poranga;SANTANA;-4.7955555555556;-41.097472222222;2004;11;0.0;0.0;0.0;0.0;0.0;0.0;0.0;0.0;0.0;0.0;0.0;0.0;0.0;0.0;0.0;0.0;0.0;0.0;0.0;0.0;0.0;0.0;0.0;0.0;0.0;0.0;0.0;0.0;0.0;0.0;0.0;888.0
Poranga;SANTANA;-4.7955555555556;-41.097472222222;2004;12;44.0;0.0;0.0;0.0;0.0;0.0;0.0;0.0;0.0;0.0;0.0;0.0;0.0;0.0;0.0;0.0;0.0;0.0;0.0;0.0;0.0;0.0;0.0;0.0;0.0;0.0;0.0;0.0;44.0;0.0;0.0;0.0
Poranga;SANTANA;-4.7955555555556;-41.097472222222;2005;1;215.0;0.0;0.0;0.0;0.0;0.0;0.0;0.0;0.0;0.0;0.0;0.0;0.0;0.0;0.0;68.0;0.0;0.0;0.0;0.0;32.0;0.0;0.0;0.0;0.0;0.0;115.0;0.0;0.0;0.0;0.0;0.0
Poranga;SANTANA;-4.7955555555556;-41.097472222222;2005;2;47.0;0.0;0.0;0.0;0.0;0.0;0.0;0.0;0.0;0.0;0.0;0.0;0.0;0.0;0.0;27.0;13.0;0.0;0.0;7.0;0.0;0.0;0.0;0.0;0.0;0.0;0.0;0.0;0.0;888.0;888.0;888.0
Poranga;SANTANA;-4.7955555555556;-41.097472222222;2005;3;139.0;0.0;0.0;0.0;0.0;0.0;0.0;0.0;0.0;0.0;0.0;0.0;0.0;0.0;0.0;7.0;0.0;0.0;0.0;35.0;33.0;13.0;0.0;19.0;5.0;0.0;6.0;0.0;0.0;7.0;0.0;14.0
Poranga;SANTANA;-4.7955555555556;-41.097472222222;2005;4;75.0;0.0;0.0;0.0;0.0;0.0;0.0;0.0;0.0;0.0;0.0;0.0;0.0;0.0;0.0;22.0;0.0;0.0;0.0;0.0;0.0;0.0;0.0;0.0;0.0;0.0;0.0;0.0;0.0;0.0;53.0;888.0
Poranga;SANTANA;-4.7955555555556;-41.097472222222;2005;5;16.0;0.0;0.0;16.0;0.0;0.0;0.0;0.0;0.0;0.0;0.0;0.0;0.0;0.0;0.0;0.0;0.0;0.0;0.0;0.0;0.0;0.0;0.0;0.0;0.0;0.0;0.0;0.0;0.0;0.0;0.0;0.0
Poranga;SANTANA;-4.7955555555556;-41.097472222222;2005;6;0.0;0.0;0.0;0.0;0.0;0.0;0.0;0.0;0.0;0.0;0.0;0.0;0.0;0.0;0.0;0.0;0.0;0.0;0.0;0.0;0.0;0.0;0.0;0.0;0.0;0.0;0.0;0.0;0.0;0.0;0.0;888.0
Poranga;SANTANA;-4.7955555555556;-41.097472222222;2005;7;0.0;0.0;0.0;0.0;0.0;0.0;0.0;0.0;0.0;0.0;0.0;0.0;0.0;0.0;0.0;0.0;0.0;0.0;0.0;0.0;0.0;0.0;0.0;0.0;0.0;0.0;0.0;0.0;0.0;0.0;0.0;0.0
Poranga;SANTANA;-4.7955555555556;-41.097472222222;2005;8;0.0;0.0;0.0;0.0;0.0;0.0;0.0;0.0;0.0;0.0;0.0;0.0;0.0;0.0;0.0;0.0;0.0;0.0;0.0;0.0;0.0;0.0;0.0;0.0;0.0;0.0;0.0;0.0;0.0;0.0;0.0;0.0
Poranga;SANTANA;-4.7955555555556;-41.097472222222;2005;9;0.0;0.0;0.0;0.0;0.0;0.0;0.0;0.0;0.0;0.0;0.0;0.0;0.0;0.0;0.0;0.0;0.0;0.0;0.0;0.0;0.0;0.0;0.0;0.0;0.0;0.0;0.0;0.0;0.0;0.0;0.0;888.0
Poranga;SANTANA;-4.7955555555556;-41.097472222222;2005;10;0.0;0.0;0.0;0.0;0.0;0.0;0.0;0.0;0.0;0.0;0.0;0.0;0.0;0.0;0.0;0.0;0.0;0.0;0.0;0.0;0.0;0.0;0.0;0.0;0.0;0.0;0.0;0.0;0.0;0.0;0.0;0.0
Poranga;SANTANA;-4.7955555555556;-41.097472222222;2005;11;0.0;0.0;0.0;0.0;0.0;0.0;0.0;0.0;0.0;0.0;0.0;0.0;0.0;0.0;0.0;0.0;0.0;0.0;0.0;0.0;0.0;0.0;0.0;0.0;0.0;0.0;0.0;0.0;0.0;0.0;0.0;888.0
Poranga;SANTANA;-4.7955555555556;-41.097472222222;2005;12;0.0;0.0;0.0;0.0;0.0;0.0;0.0;0.0;0.0;0.0;0.0;0.0;0.0;0.0;0.0;0.0;0.0;0.0;0.0;0.0;0.0;0.0;0.0;0.0;0.0;0.0;0.0;0.0;0.0;0.0;0.0;0.0
Poranga;SANTANA;-4.7955555555556;-41.097472222222;2006;1;101.0;76.0;0.0;0.0;25.0;0.0;0.0;0.0;0.0;0.0;0.0;0.0;0.0;0.0;0.0;0.0;0.0;0.0;0.0;0.0;0.0;0.0;0.0;0.0;0.0;0.0;0.0;0.0;0.0;0.0;0.0;0.0
Poranga;SANTANA;-4.7955555555556;-41.097472222222;2006;2;0.0;0.0;0.0;0.0;0.0;0.0;0.0;0.0;0.0;0.0;0.0;0.0;0.0;0.0;0.0;0.0;0.0;0.0;0.0;0.0;0.0;0.0;0.0;0.0;0.0;0.0;0.0;0.0;0.0;888.0;888.0;888.0
Poranga;SANTANA;-4.7955555555556;-41.097472222222;2006;3;42.0;0.0;26.0;0.0;0.0;0.0;0.0;0.0;16.0;0.0;0.0;0.0;0.0;0.0;0.0;0.0;0.0;0.0;0.0;0.0;0.0;0.0;0.0;0.0;0.0;0.0;0.0;0.0;0.0;0.0;0.0;0.0
Poranga;SANTANA;-4.7955555555556;-41.097472222222;2006;4;31.0;0.0;0.0;0.0;0.0;0.0;0.0;0.0;0.0;0.0;0.0;0.0;0.0;0.0;0.0;1.0;3.0;2.0;11.0;0.0;0.0;0.0;4.0;0.0;0.0;0.0;0.0;1.0;0.0;9.0;0.0;888.0
Poranga;SANTANA;-4.7955555555556;-41.097472222222;2006;5;21.0;0.0;0.0;0.0;0.0;0.0;0.0;6.0;0.0;7.0;0.0;0.0;0.0;8.0;0.0;0.0;0.0;0.0;0.0;0.0;0.0;0.0;0.0;0.0;0.0;0.0;0.0;0.0;0.0;0.0;0.0;0.0
Poranga;SANTANA;-4.7955555555556;-41.097472222222;2006;6;9.0;0.0;0.0;0.0;0.0;0.0;0.0;0.0;0.0;0.0;0.0;0.0;9.0;0.0;0.0;0.0;0.0;0.0;0.0;0.0;0.0;0.0;0.0;0.0;0.0;0.0;0.0;0.0;0.0;0.0;0.0;888.0
Poranga;SANTANA;-4.7955555555556;-41.097472222222;2006;7;0.0;0.0;0.0;0.0;0.0;0.0;0.0;0.0;0.0;0.0;0.0;0.0;0.0;0.0;0.0;0.0;0.0;0.0;0.0;0.0;0.0;0.0;0.0;0.0;0.0;0.0;0.0;0.0;0.0;0.0;0.0;0.0
Poranga;SANTANA;-4.7955555555556;-41.097472222222;2006;8;0.0;0.0;0.0;0.0;0.0;0.0;0.0;0.0;0.0;0.0;0.0;0.0;0.0;0.0;0.0;0.0;0.0;0.0;0.0;0.0;0.0;0.0;0.0;0.0;0.0;0.0;0.0;0.0;0.0;0.0;0.0;0.0
Poranga;SANTANA;-4.7955555555556;-41.097472222222;2006;9;0.0;0.0;0.0;0.0;0.0;0.0;0.0;0.0;0.0;0.0;0.0;0.0;0.0;0.0;0.0;0.0;0.0;0.0;0.0;0.0;0.0;0.0;0.0;0.0;0.0;0.0;0.0;0.0;0.0;0.0;0.0;888.0
Poranga;SANTANA;-4.7955555555556;-41.097472222222;2006;10;0.0;0.0;0.0;0.0;0.0;0.0;0.0;0.0;0.0;0.0;0.0;0.0;0.0;0.0;0.0;0.0;0.0;0.0;0.0;0.0;0.0;0.0;0.0;0.0;0.0;0.0;0.0;0.0;0.0;0.0;0.0;0.0
Poranga;SANTANA;-4.7955555555556;-41.097472222222;2006;11;0.0;0.0;0.0;0.0;0.0;0.0;0.0;0.0;0.0;0.0;0.0;0.0;0.0;0.0;0.0;0.0;0.0;0.0;0.0;0.0;0.0;0.0;0.0;0.0;0.0;0.0;0.0;0.0;0.0;0.0;0.0;888.0
Poranga;SANTANA;-4.7955555555556;-41.097472222222;2006;12;10.0;0.0;0.0;0.0;0.0;0.0;0.0;0.0;0.0;0.0;0.0;0.0;0.0;0.0;0.0;0.0;0.0;0.0;0.0;0.0;0.0;0.0;0.0;0.0;0.0;0.0;0.0;0.0;0.0;10.0;0.0;0.0
Poranga;SANTANA;-4.7955555555556;-41.097472222222;2007;1;0.0;0.0;0.0;0.0;0.0;0.0;0.0;0.0;0.0;0.0;0.0;0.0;0.0;0.0;0.0;0.0;0.0;0.0;0.0;0.0;0.0;0.0;0.0;0.0;0.0;0.0;0.0;0.0;0.0;0.0;0.0;0.0
Poranga;SANTANA;-4.7955555555556;-41.097472222222;2007;2;301.0;4.0;0.0;4.0;0.0;0.0;0.0;3.0;0.0;0.0;0.0;3.0;2.0;11.0;24.0;11.0;38.0;54.0;64.0;67.0;0.0;11.0;0.0;5.0;0.0;0.0;0.0;0.0;0.0;888.0;888.0;888.0
Poranga;SANTANA;-4.7955555555556;-41.097472222222;2007;3;6.0;0.0;0.0;0.0;0.0;0.0;0.0;0.0;0.0;0.0;0.0;0.0;0.0;0.0;0.0;0.0;0.0;0.0;0.0;0.0;0.0;0.0;0.0;0.0;0.0;0.0;0.0;0.0;0.0;0.0;0.0;6.0
Poranga;SANTANA;-4.7955555555556;-41.097472222222;2007;4;72.0;0.0;0.0;0.0;0.0;0.0;0.0;0.0;0.0;0.0;0.0;0.0;0.0;0.0;0.0;0.0;0.0;6.0;0.0;0.0;0.0;2.0;0.0;8.0;21.0;4.0;26.0;0.0;0.0;0.0;5.0;888.0
Poranga;SANTANA;-4.7955555555556;-41.097472222222;2007;5;4.0;0.0;0.0;0.0;0.0;0.0;0.0;0.0;0.0;0.0;0.0;0.0;0.0;0.0;0.0;0.0;0.0;0.0;0.0;0.0;0.0;0.0;0.0;0.0;0.0;0.0;0.0;0.0;0.0;0.0;0.0;4.0
Poranga;SANTANA;-4.7955555555556;-41.097472222222;2007;6;0.0;0.0;0.0;0.0;0.0;0.0;0.0;0.0;0.0;0.0;0.0;0.0;0.0;0.0;0.0;0.0;0.0;0.0;0.0;0.0;0.0;0.0;0.0;0.0;0.0;0.0;0.0;0.0;0.0;0.0;0.0;888.0
Poranga;SANTANA;-4.7955555555556;-41.097472222222;2007;7;0.0;0.0;0.0;0.0;0.0;0.0;0.0;0.0;0.0;0.0;0.0;0.0;0.0;0.0;0.0;0.0;0.0;0.0;0.0;0.0;0.0;0.0;0.0;0.0;0.0;0.0;0.0;0.0;0.0;0.0;0.0;0.0
Poranga;SANTANA;-4.7955555555556;-41.097472222222;2007;8;0.0;0.0;0.0;0.0;0.0;0.0;0.0;0.0;0.0;0.0;0.0;0.0;0.0;0.0;0.0;0.0;0.0;0.0;0.0;0.0;0.0;0.0;0.0;0.0;0.0;0.0;0.0;0.0;0.0;0.0;0.0;0.0
Poranga;SANTANA;-4.7955555555556;-41.097472222222;2007;9;0.0;0.0;0.0;0.0;0.0;0.0;0.0;0.0;0.0;0.0;0.0;0.0;0.0;0.0;0.0;0.0;0.0;0.0;0.0;0.0;0.0;0.0;0.0;0.0;0.0;0.0;0.0;0.0;0.0;0.0;0.0;888.0
Poranga;SANTANA;-4.7955555555556;-41.097472222222;2007;10;0.0;0.0;0.0;0.0;0.0;0.0;0.0;0.0;0.0;0.0;0.0;0.0;0.0;0.0;0.0;0.0;0.0;0.0;0.0;0.0;0.0;0.0;0.0;0.0;0.0;0.0;0.0;0.0;0.0;0.0;0.0;0.0
Poranga;SANTANA;-4.7955555555556;-41.097472222222;2007;11;0.0;0.0;0.0;0.0;0.0;0.0;0.0;0.0;0.0;0.0;0.0;0.0;0.0;0.0;0.0;0.0;0.0;0.0;0.0;0.0;0.0;0.0;0.0;0.0;0.0;0.0;0.0;0.0;0.0;0.0;0.0;888.0
Poranga;SANTANA;-4.7955555555556;-41.097472222222;2007;12;53.0;0.0;0.0;0.0;0.0;0.0;25.0;0.0;0.0;0.0;0.0;0.0;0.0;0.0;0.0;28.0;0.0;0.0;0.0;0.0;0.0;0.0;0.0;0.0;0.0;0.0;0.0;0.0;0.0;0.0;0.0;0.0
Poranga;SANTANA;-4.7955555555556;-41.097472222222;2008;1;131.0;0.0;0.0;0.0;0.0;0.0;0.0;0.0;0.0;0.0;0.0;0.0;0.0;0.0;0.0;0.0;0.0;0.0;0.0;0.0;7.0;0.0;0.0;0.0;0.0;0.0;0.0;34.0;0.0;0.0;0.0;90.0
Poranga;SANTANA;-4.7955555555556;-41.097472222222;2008;2;103.0;33.0;0.0;0.0;0.0;0.0;0.0;0.0;0.0;0.0;0.0;0.0;0.0;0.0;26.0;0.0;0.0;0.0;11.0;0.0;4.0;1.0;0.0;0.0;0.0;0.0;12.0;11.0;0.0;5.0;888.0;888.0
Poranga;SANTANA;-4.7955555555556;-41.097472222222;2008;3;390.0;0.0;0.0;7.0;0.0;21.0;0.0;2.0;15.0;0.0;0.0;0.0;4.0;44.0;4.0;15.0;21.0;0.0;0.0;6.0;10.0;13.0;16.0;0.0;24.0;28.0;0.0;72.0;0.0;3.0;59.0;26.0
Poranga;SANTANA;-4.7955555555556;-41.097472222222;2008;4;136.0;45.0;38.0;0.0;0.0;22.0;6.0;2.0;5.0;0.0;0.0;0.0;0.0;10.0;0.0;0.0;0.0;0.0;0.0;0.0;0.0;2.0;0.0;3.0;0.0;0.0;0.0;0.0;0.0;3.0;0.0;888.0
Poranga;SANTANA;-4.7955555555556;-41.097472222222;2008;5;34.0;0.0;0.0;0.0;0.0;3.0;0.0;0.0;0.0;0.0;0.0;0.0;0.0;0.0;0.0;0.0;31.0;0.0;0.0;0.0;0.0;0.0;0.0;0.0;0.0;0.0;0.0;0.0;0.0;0.0;0.0;0.0
Poranga;SANTANA;-4.7955555555556;-41.097472222222;2008;6;0.0;0.0;0.0;0.0;0.0;0.0;0.0;0.0;0.0;0.0;0.0;0.0;0.0;0.0;0.0;0.0;0.0;0.0;0.0;0.0;0.0;0.0;0.0;0.0;0.0;0.0;0.0;0.0;0.0;0.0;0.0;888.0
Poranga;SANTANA;-4.7955555555556;-41.097472222222;2008;7;0.0;0.0;0.0;0.0;0.0;0.0;0.0;0.0;0.0;0.0;0.0;0.0;0.0;0.0;0.0;0.0;0.0;0.0;0.0;0.0;0.0;0.0;0.0;0.0;0.0;0.0;0.0;0.0;0.0;0.0;0.0;0.0
Poranga;SANTANA;-4.7955555555556;-41.097472222222;2008;8;17.0;0.0;0.0;0.0;0.0;0.0;0.0;0.0;17.0;0.0;0.0;0.0;0.0;0.0;0.0;0.0;0.0;0.0;0.0;0.0;0.0;0.0;0.0;0.0;0.0;0.0;0.0;0.0;0.0;0.0;0.0;0.0
Poranga;SANTANA;-4.7955555555556;-41.097472222222;2008;9;0.0;0.0;0.0;0.0;0.0;0.0;0.0;0.0;0.0;0.0;0.0;0.0;0.0;0.0;0.0;0.0;0.0;0.0;0.0;0.0;0.0;0.0;0.0;0.0;0.0;0.0;0.0;0.0;0.0;0.0;0.0;888.0
Poranga;SANTANA;-4.7955555555556;-41.097472222222;2008;10;0.0;0.0;0.0;0.0;0.0;0.0;0.0;0.0;0.0;0.0;0.0;0.0;0.0;0.0;0.0;0.0;0.0;0.0;0.0;0.0;0.0;0.0;0.0;0.0;0.0;0.0;0.0;0.0;0.0;0.0;0.0;0.0
Poranga;SANTANA;-4.7955555555556;-41.097472222222;2008;11;0.0;0.0;0.0;0.0;0.0;0.0;0.0;0.0;0.0;0.0;0.0;0.0;0.0;0.0;0.0;0.0;0.0;0.0;0.0;0.0;0.0;0.0;0.0;0.0;0.0;0.0;0.0;0.0;0.0;0.0;0.0;888.0
Poranga;SANTANA;-4.7955555555556;-41.097472222222;2008;12;0.0;0.0;0.0;0.0;0.0;0.0;0.0;0.0;0.0;0.0;0.0;0.0;0.0;0.0;0.0;0.0;0.0;0.0;0.0;0.0;0.0;0.0;0.0;0.0;0.0;0.0;0.0;0.0;0.0;0.0;0.0;0.0
Poranga;SANTANA;-4.7955555555556;-41.097472222222;2009;1;78.0;0.0;0.0;0.0;0.0;0.0;0.0;0.0;15.0;0.0;0.0;0.0;0.0;9.0;1.0;0.0;0.0;0.0;0.0;0.0;4.0;5.0;26.0;2.0;8.0;8.0;0.0;0.0;0.0;0.0;0.0;0.0
Poranga;SANTANA;-4.7955555555556;-41.097472222222;2009;2;228.0;10.0;0.0;18.0;8.0;0.0;0.0;0.0;0.0;0.0;0.0;0.0;15.0;110.0;0.0;0.0;0.0;5.0;0.0;13.0;19.0;0.0;3.0;9.0;0.0;3.0;0.0;6.0;9.0;888.0;888.0;888.0
Poranga;SANTANA;-4.7955555555556;-41.097472222222;2009;3;41.0;0.0;11.0;0.0;2.0;0.0;0.0;0.0;0.0;0.0;0.0;0.0;0.0;11.0;0.0;0.0;2.0;0.0;6.0;0.0;0.0;0.0;0.0;0.0;0.0;0.0;0.0;0.0;8.0;0.0;0.0;1.0
Poranga;SANTANA;-4.7955555555556;-41.097472222222;2009;4;220.0;34.0;25.0;0.0;7.0;0.0;0.0;0.0;0.0;2.0;0.0;37.0;0.0;0.0;0.0;0.0;0.0;0.0;0.0;0.0;10.0;0.0;7.0;0.0;25.0;11.0;0.0;0.0;20.0;21.0;21.0;888.0
Poranga;SANTANA;-4.7955555555556;-41.097472222222;2009;5;95.0;0.0;0.0;0.0;0.0;5.0;0.0;0.0;11.0;0.0;0.0;38.0;0.0;1.0;0.0;19.0;0.0;0.0;5.0;0.0;0.0;0.0;0.0;0.0;0.0;7.0;0.0;9.0;0.0;0.0;0.0;0.0
Poranga;SANTANA;-4.7955555555556;-41.097472222222;2009;6;15.0;0.0;0.0;0.0;7.0;0.0;0.0;0.0;8.0;0.0;0.0;0.0;0.0;0.0;0.0;0.0;0.0;0.0;0.0;0.0;0.0;0.0;0.0;0.0;0.0;0.0;0.0;0.0;0.0;0.0;0.0;888.0
Poranga;SANTANA;-4.7955555555556;-41.097472222222;2009;7;6.0;0.0;0.0;0.0;6.0;0.0;0.0;0.0;0.0;0.0;0.0;0.0;0.0;0.0;0.0;0.0;0.0;0.0;0.0;0.0;0.0;0.0;0.0;0.0;0.0;0.0;0.0;0.0;0.0;0.0;0.0;0.0
Poranga;SANTANA;-4.7955555555556;-41.097472222222;2009;8;0.0;0.0;0.0;0.0;0.0;0.0;0.0;0.0;0.0;0.0;0.0;0.0;0.0;0.0;0.0;0.0;0.0;0.0;999.0;0.0;0.0;0.0;0.0;0.0;0.0;0.0;0.0;0.0;0.0;0.0;0.0;0.0
Poranga;SANTANA;-4.7955555555556;-41.097472222222;2009;9;0.0;0.0;0.0;0.0;0.0;0.0;0.0;0.0;0.0;0.0;0.0;0.0;0.0;0.0;0.0;0.0;0.0;0.0;0.0;0.0;0.0;0.0;0.0;0.0;0.0;0.0;0.0;0.0;0.0;0.0;0.0;888.0
Poranga;SANTANA;-4.7955555555556;-41.097472222222;2009;10;0.0;0.0;0.0;0.0;0.0;0.0;0.0;0.0;0.0;0.0;0.0;0.0;0.0;0.0;0.0;0.0;0.0;0.0;0.0;0.0;0.0;0.0;0.0;0.0;0.0;0.0;0.0;0.0;0.0;0.0;0.0;0.0
Poranga;SANTANA;-4.7955555555556;-41.097472222222;2009;11;7.0;0.0;0.0;0.0;0.0;0.0;0.0;0.0;0.0;0.0;0.0;0.0;0.0;0.0;0.0;0.0;7.0;0.0;0.0;0.0;0.0;0.0;0.0;0.0;0.0;0.0;0.0;0.0;0.0;0.0;0.0;888.0
Poranga;SANTANA;-4.7955555555556;-41.097472222222;2009;12;27.0;0.0;0.0;0.0;0.0;0.0;0.0;0.0;0.0;0.0;0.0;0.0;0.0;0.0;0.0;0.0;0.0;0.0;0.0;0.0;0.0;0.0;0.0;0.0;0.0;9.0;0.0;18.0;0.0;0.0;0.0;0.0
Poranga;SANTANA;-4.7955555555556;-41.097472222222;2010;1;41.0;40.0;0.0;0.0;0.0;0.0;0.0;0.0;0.0;0.0;0.0;0.0;0.0;0.0;0.0;0.0;0.0;0.0;0.0;0.0;0.0;0.0;0.0;0.0;0.0;0.0;1.0;0.0;0.0;0.0;0.0;0.0
Poranga;SANTANA;-4.7955555555556;-41.097472222222;2010;2;32.0;0.0;0.0;0.0;0.0;0.0;0.0;0.0;0.0;0.0;11.0;0.0;18.0;0.0;0.0;2.0;0.0;0.0;0.0;0.0;0.0;1.0;0.0;0.0;0.0;0.0;0.0;0.0;0.0;888.0;888.0;888.0
Poranga;SANTANA;-4.7955555555556;-41.097472222222;2010;3;80.0;0.0;0.0;0.0;0.0;0.0;7.0;5.0;0.0;0.0;8.0;0.0;23.0;4.0;0.0;0.0;0.0;0.0;8.0;0.0;0.0;0.0;12.0;0.0;0.0;0.0;0.0;0.0;10.0;3.0;0.0;0.0
Poranga;SANTANA;-4.7955555555556;-41.097472222222;2010;4;78.0;0.0;0.0;0.0;3.0;0.0;0.0;0.0;5.0;0.0;23.0;0.0;22.0;21.0;0.0;4.0;0.0;0.0;0.0;0.0;0.0;0.0;0.0;0.0;0.0;0.0;0.0;0.0;0.0;0.0;0.0;888.0
Poranga;SANTANA;-4.7955555555556;-41.097472222222;2010;5;22.0;0.0;0.0;0.0;4.0;0.0;0.0;0.0;0.0;0.0;0.0;0.0;0.0;0.0;0.0;0.0;0.0;0.0;0.0;0.0;0.0;0.0;0.0;0.0;0.0;0.0;0.0;0.0;0.0;0.0;0.0;18.0
Poranga;SANTANA;-4.7955555555556;-41.097472222222;2010;6;0.0;0.0;0.0;0.0;0.0;0.0;0.0;0.0;0.0;0.0;0.0;0.0;0.0;0.0;0.0;0.0;0.0;0.0;0.0;0.0;0.0;0.0;0.0;0.0;0.0;0.0;0.0;0.0;0.0;0.0;0.0;888.0
Poranga;SANTANA;-4.7955555555556;-41.097472222222;2010;7;0.0;0.0;0.0;0.0;0.0;0.0;0.0;0.0;0.0;0.0;0.0;0.0;0.0;0.0;0.0;0.0;0.0;0.0;0.0;0.0;0.0;0.0;0.0;0.0;0.0;0.0;0.0;0.0;0.0;0.0;0.0;0.0
Poranga;SANTANA;-4.7955555555556;-41.097472222222;2010;8;0.0;0.0;0.0;0.0;0.0;0.0;0.0;0.0;0.0;0.0;0.0;0.0;0.0;0.0;0.0;0.0;0.0;0.0;0.0;0.0;0.0;0.0;0.0;0.0;0.0;0.0;0.0;0.0;0.0;0.0;0.0;0.0
Poranga;SANTANA;-4.7955555555556;-41.097472222222;2010;9;0.0;0.0;0.0;0.0;0.0;0.0;0.0;0.0;0.0;0.0;0.0;0.0;0.0;0.0;0.0;0.0;0.0;0.0;0.0;0.0;0.0;0.0;0.0;0.0;0.0;0.0;0.0;0.0;0.0;0.0;0.0;888.0
Poranga;SANTANA;-4.7955555555556;-41.097472222222;2010;10;26.0;0.0;0.0;0.0;0.0;0.0;0.0;0.0;0.0;0.0;0.0;0.0;0.0;0.0;0.0;0.0;0.0;0.0;0.0;0.0;0.0;0.0;17.0;0.0;0.0;0.0;9.0;0.0;0.0;0.0;0.0;0.0
Poranga;SANTANA;-4.7955555555556;-41.097472222222;2010;11;0.0;0.0;0.0;0.0;0.0;0.0;0.0;0.0;0.0;0.0;0.0;0.0;0.0;0.0;0.0;0.0;0.0;0.0;0.0;0.0;0.0;0.0;0.0;0.0;0.0;0.0;0.0;0.0;0.0;0.0;0.0;888.0
Poranga;SANTANA;-4.7955555555556;-41.097472222222;2010;12;120.0;0.0;0.0;0.0;0.0;0.0;0.0;0.0;0.0;0.0;8.0;0.0;42.0;12.0;14.0;0.0;3.0;11.0;11.0;3.0;0.0;0.0;0.0;0.0;16.0;0.0;0.0;0.0;0.0;0.0;0.0;0.0
Poranga;SANTANA;-4.7955555555556;-41.097472222222;2011;1;102.0;0.0;0.0;0.0;0.0;0.0;0.0;0.0;5.0;18.0;0.0;0.0;0.0;0.0;0.0;0.0;0.0;0.0;0.0;16.0;19.0;0.0;0.0;0.0;7.0;37.0;0.0;0.0;0.0;0.0;0.0;0.0
Poranga;SANTANA;-4.7955555555556;-41.097472222222;2011;2;174.0;0.0;0.0;0.0;0.0;0.0;0.0;0.0;0.0;0.0;0.0;0.0;0.0;0.0;0.0;0.0;0.0;0.0;0.0;2.0;0.0;0.0;0.0;0.0;0.0;54.0;37.0;41.0;40.0;888.0;888.0;888.0
Poranga;SANTANA;-4.7955555555556;-41.097472222222;2011;3;88.0;9.0;0.0;0.0;0.0;0.0;0.0;0.0;4.0;0.0;0.0;0.0;0.0;0.0;67.0;0.0;0.0;0.0;0.0;0.0;0.0;0.0;0.0;0.0;8.0;0.0;0.0;0.0;0.0;0.0;0.0;0.0
Poranga;SANTANA;-4.7955555555556;-41.097472222222;2011;4;91.0;0.0;0.0;0.0;0.0;0.0;0.0;0.0;0.0;7.0;0.0;0.0;0.0;0.0;0.0;0.0;1.0;0.0;0.0;3.0;0.0;0.0;0.0;4.0;61.0;0.0;0.0;0.0;0.0;15.0;0.0;888.0
Poranga;SANTANA;-4.7955555555556;-41.097472222222;2011;5;88.0;0.0;0.0;8.0;0.0;0.0;0.0;0.0;0.0;0.0;46.0;10.0;0.0;0.0;0.0;0.0;0.0;22.0;0.0;2.0;0.0;0.0;0.0;0.0;0.0;0.0;0.0;0.0;0.0;0.0;0.0;0.0
Poranga;SANTANA;-4.7955555555556;-41.097472222222;2011;6;11.0;0.0;0.0;0.0;0.0;0.0;0.0;0.0;0.0;0.0;0.0;0.0;0.0;0.0;0.0;0.0;0.0;0.0;0.0;0.0;0.0;0.0;0.0;0.0;11.0;0.0;0.0;0.0;0.0;0.0;0.0;888.0
Poranga;SANTANA;-4.7955555555556;-41.097472222222;2011;7;6.0;0.0;0.0;0.0;0.0;0.0;6.0;0.0;0.0;0.0;0.0;0.0;0.0;0.0;0.0;0.0;0.0;0.0;0.0;0.0;0.0;0.0;0.0;0.0;0.0;0.0;0.0;0.0;0.0;0.0;0.0;0.0
Poranga;SANTANA;-4.7955555555556;-41.097472222222;2011;8;0.0;0.0;0.0;0.0;0.0;0.0;0.0;0.0;0.0;0.0;0.0;0.0;0.0;0.0;0.0;0.0;0.0;0.0;0.0;0.0;0.0;0.0;0.0;0.0;0.0;0.0;0.0;0.0;0.0;0.0;0.0;0.0
Poranga;SANTANA;-4.7955555555556;-41.097472222222;2011;9;0.0;0.0;0.0;0.0;0.0;0.0;0.0;0.0;0.0;0.0;0.0;0.0;0.0;0.0;0.0;0.0;0.0;0.0;0.0;0.0;0.0;0.0;0.0;0.0;0.0;0.0;0.0;0.0;0.0;0.0;0.0;888.0
Poranga;SANTANA;-4.7955555555556;-41.097472222222;2011;10;22.0;0.0;0.0;0.0;0.0;0.0;0.0;0.0;0.0;0.0;0.0;0.0;0.0;0.0;0.0;0.0;0.0;0.0;0.0;16.0;0.0;6.0;0.0;0.0;0.0;0.0;0.0;0.0;0.0;0.0;0.0;0.0
Poranga;SANTANA;-4.7955555555556;-41.097472222222;2011;11;0.0;0.0;0.0;0.0;0.0;0.0;0.0;0.0;0.0;0.0;0.0;0.0;0.0;0.0;0.0;0.0;0.0;0.0;0.0;0.0;0.0;0.0;0.0;0.0;0.0;0.0;0.0;0.0;0.0;0.0;0.0;888.0
Poranga;SANTANA;-4.7955555555556;-41.097472222222;2011;12;0.0;0.0;0.0;0.0;0.0;0.0;0.0;0.0;0.0;0.0;0.0;0.0;0.0;0.0;0.0;0.0;0.0;0.0;0.0;0.0;0.0;0.0;0.0;0.0;0.0;0.0;0.0;0.0;0.0;0.0;0.0;0.0
Poranga;SANTANA;-4.7955555555556;-41.097472222222;2012;1;12.0;0.0;0.0;0.0;0.0;0.0;0.0;0.0;0.0;0.0;0.0;0.0;0.0;0.0;0.0;0.0;0.0;0.0;7.0;0.0;4.0;0.0;0.0;0.0;1.0;0.0;0.0;0.0;0.0;0.0;0.0;0.0
Poranga;SANTANA;-4.7955555555556;-41.097472222222;2012;2;145.0;0.0;0.0;0.0;0.0;0.0;0.0;0.0;0.0;0.0;9.0;0.0;0.0;0.0;0.0;21.0;81.0;7.0;0.0;0.0;3.0;0.0;0.0;0.0;0.0;6.0;0.0;18.0;0.0;0.0;888.0;888.0
Poranga;SANTANA;-4.7955555555556;-41.097472222222;2012;3;46.0;0.0;0.0;0.0;1.0;0.0;0.0;0.0;0.0;0.0;0.0;0.0;28.0;0.0;0.0;0.0;4.0;0.0;2.0;0.0;0.0;3.0;0.0;0.0;0.0;5.0;3.0;0.0;0.0;0.0;0.0;0.0
Poranga;SANTANA;-4.7955555555556;-41.097472222222;2012;4;11.0;0.0;0.0;0.0;0.0;0.0;0.0;0.0;0.0;0.0;4.0;0.0;0.0;0.0;0.0;0.0;0.0;0.0;7.0;0.0;0.0;0.0;0.0;0.0;0.0;0.0;0.0;0.0;0.0;0.0;0.0;888.0
Poranga;SANTANA;-4.7955555555556;-41.097472222222;2012;5;0.0;0.0;0.0;0.0;0.0;0.0;0.0;0.0;999.0;999.0;999.0;999.0;999.0;999.0;999.0;999.0;999.0;999.0;999.0;999.0;999.0;999.0;999.0;999.0;999.0;999.0;999.0;999.0;999.0;999.0;999.0;999.0
Poranga;SANTANA;-4.7955555555556;-41.097472222222;2013;1;30.0;0.0;0.0;0.0;0.0;0.0;0.0;0.0;0.0;0.0;0.0;0.0;0.0;0.0;0.0;0.0;0.0;0.0;0.0;15.0;0.0;0.0;0.0;10.0;0.0;0.0;5.0;0.0;0.0;0.0;0.0;0.0
Poranga;SANTANA;-4.7955555555556;-41.097472222222;2013;2;24.0;0.0;0.0;0.0;0.0;0.0;0.0;0.0;2.0;0.0;0.0;0.0;0.0;0.0;0.0;0.0;0.0;4.0;4.0;14.0;0.0;0.0;0.0;0.0;0.0;0.0;0.0;0.0;0.0;888.0;888.0;888.0
Poranga;SANTANA;-4.7955555555556;-41.097472222222;2013;3;91.0;0.0;0.0;0.0;0.0;0.0;0.0;0.0;0.0;0.0;0.0;0.0;0.0;0.0;0.0;0.0;2.0;0.0;0.0;0.0;0.0;0.0;0.0;0.0;0.0;39.0;0.0;0.0;0.0;0.0;0.0;50.0
Poranga;SANTANA;-4.7955555555556;-41.097472222222;2013;4;49.0;2.0;2.0;0.0;0.0;0.0;0.0;0.0;0.0;0.0;0.0;0.0;0.0;0.0;0.0;3.0;0.0;0.0;0.0;27.0;0.0;0.0;0.0;3.0;0.0;2.0;0.0;0.0;0.0;10.0;0.0;888.0
Poranga;SANTANA;-4.7955555555556;-41.097472222222;2013;5;9.0;0.0;0.0;0.0;0.0;0.0;0.0;0.0;0.0;3.0;0.0;0.0;0.0;0.0;0.0;6.0;0.0;0.0;0.0;0.0;0.0;0.0;0.0;0.0;0.0;0.0;0.0;0.0;0.0;0.0;0.0;0.0
Poranga;SANTANA;-4.7955555555556;-41.097472222222;2013;6;20.0;0.0;0.0;0.0;0.0;0.0;0.0;0.0;0.0;0.0;0.0;0.0;0.0;0.0;7.0;0.0;0.0;0.0;0.0;0.0;0.0;0.0;13.0;0.0;0.0;0.0;0.0;0.0;0.0;0.0;0.0;888.0
Poranga;SANTANA;-4.7955555555556;-41.097472222222;2013;10;9.0;0.0;0.0;9.0;0.0;0.0;0.0;0.0;0.0;0.0;0.0;0.0;0.0;0.0;0.0;0.0;0.0;0.0;0.0;0.0;0.0;0.0;0.0;0.0;0.0;0.0;0.0;0.0;0.0;0.0;0.0;0.0
Poranga;SANTANA;-4.7955555555556;-41.097472222222;2013;11;46.0;999.0;999.0;999.0;999.0;999.0;999.0;999.0;999.0;999.0;999.0;999.0;999.0;999.0;999.0;999.0;999.0;999.0;999.0;999.0;37.0;0.0;9.0;0.0;0.0;0.0;0.0;0.0;0.0;0.0;0.0;888.0
Poranga;SANTANA;-4.7955555555556;-41.097472222222;2013;12;23.0;0.0;0.0;0.0;0.0;0.0;0.0;0.0;0.0;1.0;0.0;0.0;0.0;0.0;0.0;22.0;0.0;0.0;0.0;0.0;0.0;0.0;0.0;0.0;0.0;0.0;0.0;0.0;0.0;0.0;0.0;0.0
Poranga;SANTANA;-4.7955555555556;-41.097472222222;2014;1;23.0;0.0;0.0;0.0;0.0;0.0;0.0;0.0;0.0;1.0;0.0;0.0;0.0;0.0;0.0;22.0;0.0;0.0;0.0;0.0;0.0;0.0;0.0;0.0;0.0;0.0;0.0;0.0;0.0;0.0;0.0;0.0
Poranga;SANTANA;-4.7955555555556;-41.097472222222;2014;2;34.0;0.0;9.0;0.0;0.0;0.0;0.0;0.0;0.0;0.0;0.0;0.0;0.0;0.0;0.0;8.0;10.0;7.0;0.0;0.0;0.0;0.0;0.0;0.0;0.0;0.0;0.0;0.0;0.0;888.0;888.0;888.0
Poranga;SANTANA;-4.7955555555556;-41.097472222222;2014;3;95.0;0.0;0.0;0.0;0.0;0.0;11.0;0.0;8.0;34.0;0.0;0.0;0.0;0.0;0.0;0.0;0.0;0.0;0.0;0.0;0.0;0.0;0.0;0.0;0.0;0.0;0.0;0.0;34.0;0.0;0.0;8.0
Poranga;SANTANA;-4.7955555555556;-41.097472222222;2014;4;105.0;0.0;0.0;57.0;0.0;0.0;0.0;0.0;0.0;0.0;16.0;7.0;0.0;0.0;3.0;0.0;5.0;0.0;0.0;0.0;0.0;0.0;0.0;0.0;0.0;0.0;0.0;17.0;0.0;0.0;0.0;888.0
Poranga;SANTANA;-4.7955555555556;-41.097472222222;2014;5;22.0;0.0;0.0;0.0;0.0;0.0;0.0;0.0;0.0;0.0;0.0;0.0;0.0;0.0;0.0;0.0;0.0;0.0;0.0;0.0;0.0;0.0;8.0;0.0;0.0;0.0;0.0;0.0;14.0;0.0;0.0;0.0
Poranga;SANTANA;-4.7955555555556;-41.097472222222;2014;6;0.0;0.0;0.0;0.0;0.0;0.0;0.0;0.0;0.0;0.0;0.0;0.0;0.0;0.0;0.0;0.0;0.0;0.0;0.0;0.0;0.0;0.0;0.0;0.0;999.0;999.0;999.0;999.0;999.0;999.0;999.0;888.0
Poranga;SANTANA;-4.7955555555556;-41.097472222222;2015;1;17.0;0.0;15.0;0.0;2.0;0.0;0.0;0.0;0.0;0.0;0.0;0.0;0.0;0.0;0.0;0.0;0.0;0.0;0.0;0.0;0.0;0.0;0.0;0.0;0.0;0.0;0.0;0.0;0.0;0.0;0.0;0.0
Poranga;SANTANA;-4.7955555555556;-41.097472222222;2015;2;123.0;0.0;0.0;10.0;20.0;0.0;0.0;0.0;0.0;0.0;0.0;0.0;0.0;0.0;0.0;0.0;0.0;0.0;9.0;9.0;0.0;0.0;0.0;63.0;0.0;0.0;12.0;0.0;0.0;888.0;888.0;888.0
Poranga;SANTANA;-4.7955555555556;-41.097472222222;2015;3;84.0;0.0;0.0;0.0;0.0;0.0;0.0;0.0;0.0;0.0;0.0;0.0;0.0;0.0;0.0;3.0;0.0;0.0;0.0;0.0;0.0;30.0;24.0;10.0;14.0;0.0;0.0;3.0;0.0;0.0;0.0;0.0
Poranga;SANTANA;-4.7955555555556;-41.097472222222;2015;4;25.0;0.0;0.0;7.0;0.0;0.0;0.0;0.0;0.0;9.0;0.0;0.0;3.0;0.0;0.0;0.0;0.0;0.0;0.0;0.0;0.0;0.0;0.0;0.0;6.0;0.0;0.0;0.0;0.0;0.0;0.0;888.0
Poranga;SANTANA;-4.7955555555556;-41.097472222222;2015;5;72.0;0.0;0.0;0.0;0.0;0.0;0.0;46.0;0.0;0.0;0.0;0.0;0.0;0.0;0.0;0.0;0.0;0.0;0.0;4.0;0.0;0.0;22.0;0.0;0.0;0.0;0.0;0.0;0.0;0.0;0.0;0.0
Poranga;SANTANA;-4.7955555555556;-41.097472222222;2015;6;21.0;0.0;0.0;0.0;0.0;21.0;0.0;0.0;0.0;0.0;0.0;0.0;0.0;0.0;0.0;0.0;0.0;0.0;0.0;0.0;0.0;0.0;0.0;0.0;0.0;0.0;0.0;0.0;0.0;0.0;0.0;888.0
Poranga;SANTANA;-4.7955555555556;-41.097472222222;2015;7;27.0;0.0;0.0;15.0;12.0;0.0;0.0;0.0;0.0;0.0;0.0;0.0;0.0;0.0;0.0;0.0;0.0;0.0;0.0;0.0;0.0;0.0;0.0;0.0;0.0;0.0;0.0;0.0;0.0;0.0;0.0;0.0
Poranga;SANTANA;-4.7955555555556;-41.097472222222;2015;8;0.0;0.0;0.0;0.0;0.0;0.0;0.0;0.0;0.0;0.0;0.0;0.0;0.0;0.0;0.0;0.0;0.0;0.0;0.0;0.0;0.0;0.0;0.0;0.0;0.0;0.0;0.0;0.0;0.0;0.0;999.0;0.0
Poranga;SANTANA;-4.7955555555556;-41.097472222222;2015;9;0.0;0.0;0.0;0.0;0.0;0.0;0.0;0.0;0.0;0.0;0.0;0.0;0.0;0.0;0.0;0.0;0.0;0.0;0.0;0.0;0.0;0.0;0.0;0.0;0.0;0.0;0.0;0.0;0.0;0.0;0.0;888.0
Poranga;SANTANA;-4.7955555555556;-41.097472222222;2015;10;0.0;0.0;0.0;0.0;0.0;0.0;0.0;0.0;0.0;0.0;0.0;0.0;0.0;0.0;0.0;0.0;0.0;0.0;0.0;0.0;0.0;0.0;0.0;0.0;0.0;0.0;0.0;0.0;0.0;0.0;0.0;0.0
Poranga;SANTANA;-4.7955555555556;-41.097472222222;2015;11;0.0;0.0;0.0;0.0;0.0;0.0;0.0;0.0;0.0;0.0;0.0;0.0;0.0;0.0;0.0;0.0;0.0;0.0;0.0;0.0;0.0;0.0;0.0;0.0;0.0;0.0;0.0;0.0;0.0;0.0;0.0;888.0
Poranga;SANTANA;-4.7955555555556;-41.097472222222;2015;12;0.0;0.0;0.0;0.0;0.0;0.0;0.0;0.0;0.0;0.0;0.0;0.0;0.0;0.0;0.0;0.0;0.0;0.0;0.0;0.0;0.0;0.0;0.0;0.0;0.0;0.0;0.0;0.0;0.0;0.0;0.0;0.0
Poranga;SANTANA;-4.7955555555556;-41.097472222222;2016;1;166.0;0.0;0.0;0.0;0.0;0.0;0.0;0.0;0.0;0.0;0.0;0.0;0.0;0.0;0.0;15.0;0.0;0.0;0.0;22.0;40.0;53.0;6.0;17.0;7.0;0.0;0.0;0.0;6.0;0.0;0.0;0.0
Poranga;SANTANA;-4.7955555555556;-41.097472222222;2016;2;11.0;0.0;0.0;0.0;0.0;0.0;3.0;0.0;0.0;0.0;0.0;0.0;0.0;0.0;0.0;0.0;0.0;0.0;0.0;0.0;0.0;0.0;0.0;1.0;0.0;7.0;0.0;0.0;0.0;0.0;888.0;888.0
Poranga;SANTANA;-4.7955555555556;-41.097472222222;2016;3;80.0;0.0;0.0;0.0;0.0;0.0;0.0;0.0;53.0;0.0;0.0;4.0;8.0;0.0;0.0;0.0;0.0;0.0;0.0;0.0;0.0;0.0;0.0;0.0;0.0;0.0;0.0;0.0;0.0;10.0;0.0;5.0
Poranga;SANTANA;-4.7955555555556;-41.097472222222;2016;4;18.0;0.0;2.0;0.0;0.0;8.0;0.0;0.0;0.0;0.0;0.0;8.0;0.0;0.0;0.0;0.0;0.0;0.0;0.0;0.0;0.0;0.0;0.0;0.0;0.0;0.0;0.0;0.0;0.0;0.0;0.0;888.0
Poranga;SANTANA;-4.7955555555556;-41.097472222222;2016;5;5.0;0.0;3.0;0.0;0.0;0.0;0.0;0.0;0.0;0.0;0.0;0.0;0.0;0.0;0.0;0.0;0.0;0.0;0.0;0.0;0.0;0.0;0.0;0.0;0.0;0.0;0.0;0.0;0.0;0.0;0.0;2.0
Poranga;SANTANA;-4.7955555555556;-41.097472222222;2016;6;0.0;0.0;0.0;0.0;0.0;0.0;0.0;0.0;0.0;0.0;0.0;0.0;0.0;0.0;0.0;0.0;0.0;0.0;0.0;0.0;0.0;0.0;0.0;0.0;0.0;0.0;0.0;0.0;0.0;0.0;0.0;888.0
Poranga;SANTANA;-4.7955555555556;-41.097472222222;2016;7;0.0;0.0;0.0;0.0;0.0;0.0;0.0;0.0;0.0;0.0;0.0;0.0;0.0;0.0;0.0;0.0;0.0;0.0;0.0;0.0;0.0;0.0;0.0;0.0;0.0;0.0;0.0;0.0;0.0;0.0;0.0;0.0
Poranga;SANTANA;-4.7955555555556;-41.097472222222;2016;8;0.0;0.0;0.0;0.0;0.0;0.0;0.0;0.0;0.0;0.0;0.0;0.0;0.0;0.0;0.0;0.0;0.0;0.0;0.0;0.0;0.0;0.0;0.0;0.0;0.0;0.0;0.0;0.0;0.0;0.0;0.0;0.0
Poranga;SANTANA;-4.7955555555556;-41.097472222222;2016;9;0.0;0.0;0.0;999.0;999.0;999.0;999.0;999.0;999.0;999.0;999.0;999.0;999.0;999.0;999.0;999.0;999.0;999.0;999.0;999.0;999.0;999.0;999.0;999.0;999.0;999.0;999.0;999.0;999.0;999.0;999.0;888.0
Poranga;SANTANA;-4.7955555555556;-41.097472222222;2017;1;19.0;0.0;0.0;0.0;0.0;0.0;0.0;0.0;2.0;0.0;7.0;0.0;0.0;0.0;0.0;0.0;0.0;0.0;0.0;5.0;2.0;0.0;0.0;0.0;0.0;0.0;0.0;3.0;0.0;0.0;0.0;0.0
Poranga;SANTANA;-4.7955555555556;-41.097472222222;2017;2;256.0;0.0;0.0;0.0;0.0;0.0;0.0;0.0;5.0;0.0;0.0;140.0;69.0;0.0;0.0;0.0;22.0;0.0;14.0;6.0;0.0;0.0;0.0;0.0;0.0;0.0;0.0;0.0;0.0;888.0;888.0;888.0
Poranga;SANTANA;-4.7955555555556;-41.097472222222;2017;3;48.0;10.0;14.0;0.0;0.0;0.0;0.0;0.0;0.0;0.0;15.0;0.0;0.0;0.0;0.0;0.0;0.0;0.0;0.0;0.0;0.0;0.0;0.0;0.0;6.0;0.0;0.0;0.0;0.0;0.0;0.0;3.0
Poranga;SANTANA;-4.7955555555556;-41.097472222222;2017;4;42.0;0.0;0.0;0.0;0.0;0.0;0.0;0.0;0.0;7.0;0.0;0.0;0.0;15.0;0.0;0.0;0.0;0.0;0.0;6.0;0.0;8.0;0.0;0.0;2.0;0.0;0.0;0.0;4.0;0.0;0.0;888.0
Poranga;SANTANA;-4.7955555555556;-41.097472222222;2017;5;25.0;0.0;0.0;0.0;0.0;0.0;0.0;0.0;0.0;0.0;0.0;0.0;0.0;0.0;0.0;0.0;0.0;0.0;0.0;0.0;0.0;0.0;0.0;0.0;0.0;0.0;0.0;25.0;0.0;0.0;0.0;0.0
Poranga;SANTANA;-4.7955555555556;-41.097472222222;2017;6;0.0;0.0;0.0;0.0;0.0;0.0;0.0;0.0;0.0;0.0;0.0;0.0;0.0;0.0;0.0;0.0;0.0;0.0;0.0;0.0;0.0;0.0;0.0;0.0;0.0;0.0;0.0;0.0;0.0;0.0;0.0;888.0
Poranga;SANTANA;-4.7955555555556;-41.097472222222;2017;7;0.0;0.0;0.0;0.0;0.0;0.0;0.0;0.0;0.0;0.0;0.0;0.0;0.0;0.0;0.0;0.0;0.0;0.0;0.0;0.0;0.0;0.0;0.0;0.0;0.0;0.0;0.0;0.0;0.0;0.0;0.0;0.0
Poranga;SANTANA;-4.7955555555556;-41.097472222222;2017;8;0.0;0.0;0.0;0.0;0.0;0.0;0.0;0.0;0.0;0.0;0.0;0.0;0.0;0.0;0.0;0.0;0.0;0.0;0.0;0.0;0.0;0.0;0.0;0.0;0.0;0.0;0.0;0.0;0.0;0.0;0.0;0.0
Poranga;SANTANA;-4.7955555555556;-41.097472222222;2017;9;0.0;0.0;0.0;0.0;0.0;0.0;0.0;0.0;0.0;0.0;0.0;0.0;0.0;0.0;0.0;0.0;0.0;0.0;0.0;0.0;0.0;0.0;0.0;0.0;0.0;0.0;0.0;0.0;0.0;0.0;0.0;888.0
Poranga;SANTANA;-4.7955555555556;-41.097472222222;2017;10;0.0;0.0;0.0;0.0;0.0;0.0;0.0;0.0;0.0;0.0;0.0;0.0;0.0;0.0;0.0;0.0;0.0;0.0;0.0;0.0;0.0;0.0;0.0;0.0;0.0;0.0;0.0;0.0;0.0;0.0;0.0;0.0
Poranga;SANTANA;-4.7955555555556;-41.097472222222;2017;11;0.0;0.0;0.0;0.0;0.0;0.0;0.0;0.0;0.0;0.0;0.0;0.0;0.0;0.0;0.0;0.0;0.0;0.0;0.0;0.0;0.0;0.0;0.0;0.0;0.0;0.0;0.0;0.0;0.0;0.0;0.0;888.0
Poranga;SANTANA;-4.7955555555556;-41.097472222222;2017;12;0.0;0.0;0.0;0.0;0.0;0.0;0.0;0.0;0.0;0.0;0.0;0.0;0.0;0.0;0.0;0.0;0.0;0.0;0.0;0.0;0.0;0.0;0.0;0.0;0.0;0.0;0.0;0.0;0.0;0.0;0.0;0.0
Poranga;SANTANA;-4.7955555555556;-41.097472222222;2018;1;35.0;0.0;0.0;0.0;0.0;0.0;0.0;0.0;0.0;0.0;0.0;0.0;0.0;0.0;0.0;0.0;0.0;0.0;0.0;14.0;0.0;0.0;0.0;0.0;0.0;2.0;3.0;12.0;4.0;0.0;0.0;0.0
Poranga;SANTANA;-4.7955555555556;-41.097472222222;2018;2;211.0;0.0;0.0;0.0;0.0;0.0;0.0;45.0;0.0;0.0;0.0;49.0;0.0;27.0;36.0;0.0;0.0;9.0;5.0;9.0;0.0;0.0;0.0;0.0;0.0;0.0;25.0;0.0;6.0;888.0;888.0;888.0
Poranga;SANTANA;-4.7955555555556;-41.097472222222;2018;3;19.0;0.0;7.0;0.0;0.0;0.0;0.0;0.0;0.0;0.0;0.0;0.0;0.0;0.0;0.0;0.0;0.0;0.0;0.0;3.0;0.0;0.0;0.0;0.0;0.0;0.0;0.0;0.0;3.0;6.0;0.0;0.0
Poranga;SANTANA;-4.7955555555556;-41.097472222222;2018;4;80.0;0.0;6.0;0.0;5.0;0.0;0.0;14.0;9.0;0.0;22.0;11.0;0.0;0.0;0.0;0.0;0.0;13.0;0.0;0.0;0.0;0.0;0.0;0.0;0.0;0.0;0.0;0.0;0.0;0.0;0.0;888.0
Poranga;SANTANA;-4.7955555555556;-41.097472222222;2018;5;0.0;0.0;0.0;0.0;0.0;0.0;0.0;0.0;0.0;0.0;0.0;0.0;0.0;0.0;0.0;0.0;0.0;0.0;0.0;0.0;0.0;0.0;0.0;0.0;0.0;0.0;0.0;0.0;0.0;0.0;0.0;0.0
Poranga;SANTANA;-4.7955555555556;-41.097472222222;2018;6;0.0;0.0;0.0;0.0;0.0;0.0;0.0;0.0;0.0;0.0;0.0;0.0;0.0;0.0;0.0;0.0;0.0;0.0;0.0;0.0;0.0;0.0;0.0;0.0;0.0;0.0;0.0;0.0;0.0;0.0;0.0;888.0
Poranga;SANTANA;-4.7955555555556;-41.097472222222;2018;7;0.0;0.0;0.0;0.0;0.0;0.0;0.0;0.0;0.0;0.0;0.0;0.0;0.0;0.0;0.0;0.0;0.0;0.0;0.0;0.0;0.0;0.0;0.0;0.0;0.0;0.0;0.0;0.0;0.0;0.0;0.0;0.0
Poranga;SANTANA;-4.7955555555556;-41.097472222222;2018;8;0.0;0.0;0.0;0.0;0.0;0.0;0.0;0.0;0.0;0.0;0.0;0.0;0.0;0.0;0.0;0.0;0.0;0.0;0.0;0.0;0.0;0.0;0.0;0.0;0.0;0.0;0.0;0.0;0.0;0.0;0.0;0.0
Poranga;SANTANA;-4.7955555555556;-41.097472222222;2018;9;0.0;0.0;0.0;0.0;0.0;0.0;0.0;0.0;0.0;0.0;0.0;0.0;0.0;0.0;999.0;999.0;999.0;999.0;999.0;999.0;999.0;999.0;999.0;999.0;999.0;999.0;999.0;999.0;999.0;999.0;999.0;888.0
