Municipios;Postos;Latitude;Longitude;Anos;Meses;Total;Dia1;Dia2;Dia3;Dia4;Dia5;Dia6;Dia7;Dia8;Dia9;Dia10;Dia11;Dia12;Dia13;Dia14;Dia15;Dia16;Dia17;Dia18;Dia19;Dia20;Dia21;Dia22;Dia23;Dia24;Dia25;Dia26;Dia27;Dia28;Dia29;Dia30;Dia31
Ererê;ACUDE SANTA MARIA;-5.9639166666667;-38.274444444444;2012;1;100.0;0.0;0.0;0.0;0.0;0.0;0.0;0.0;0.0;0.0;0.0;0.0;0.0;0.0;0.0;0.0;0.0;0.0;0.0;0.0;25.6;1.8;16.4;23.0;21.2;12.0;0.0;0.0;0.0;0.0;0.0;0.0
Ererê;ACUDE SANTA MARIA;-5.9639166666667;-38.274444444444;2012;2;179.0;0.0;0.0;0.0;0.0;0.0;0.0;0.0;0.0;0.0;0.0;0.0;0.0;0.0;0.0;0.0;23.6;7.2;0.0;58.6;18.6;51.0;0.0;0.0;0.0;18.6;0.0;0.0;1.4;0.0;888.0;888.0
Ererê;ACUDE SANTA MARIA;-5.9639166666667;-38.274444444444;2012;3;84.4;0.0;0.0;0.0;0.0;0.0;49.4;0.0;0.0;0.0;0.0;4.2;0.0;0.0;0.0;0.6;0.0;0.0;0.0;0.0;3.0;0.0;0.0;0.0;0.0;0.0;18.0;9.2;0.0;0.0;0.0;0.0
Ererê;ACUDE SANTA MARIA;-5.9639166666667;-38.274444444444;2012;4;49.4;0.0;0.5;0.0;0.0;3.6;1.5;0.0;0.0;0.0;0.0;0.0;0.0;0.0;0.0;0.0;0.0;0.0;43.8;999.0;999.0;999.0;999.0;999.0;999.0;999.0;999.0;999.0;999.0;999.0;999.0;888.0
Ererê;ACUDE SANTA MARIA;-5.9639166666667;-38.274444444444;2012;5;39.5;0.0;0.0;0.0;0.0;0.0;0.0;0.0;0.0;0.0;0.0;0.0;0.0;0.0;0.0;0.0;0.0;0.0;0.0;0.0;0.0;0.0;0.0;14.6;0.0;0.0;5.5;0.0;0.0;0.0;19.4;0.0
Ererê;ACUDE SANTA MARIA;-5.9639166666667;-38.274444444444;2012;6;35.0;0.0;0.0;0.0;0.0;0.0;0.0;0.0;0.0;0.0;0.0;0.0;0.0;0.0;0.0;0.0;0.0;0.0;0.0;0.0;0.0;0.0;31.8;0.0;0.0;0.0;3.2;0.0;0.0;0.0;0.0;888.0
Ererê;ACUDE SANTA MARIA;-5.9639166666667;-38.274444444444;2012;7;0.0;0.0;0.0;0.0;0.0;0.0;0.0;0.0;0.0;0.0;0.0;0.0;0.0;0.0;0.0;0.0;0.0;0.0;0.0;0.0;0.0;0.0;0.0;0.0;0.0;0.0;0.0;0.0;0.0;0.0;0.0;0.0
Ererê;ACUDE SANTA MARIA;-5.9639166666667;-38.274444444444;2012;8;0.0;0.0;0.0;0.0;0.0;0.0;0.0;0.0;0.0;0.0;0.0;0.0;0.0;0.0;0.0;0.0;0.0;0.0;0.0;0.0;0.0;0.0;0.0;0.0;0.0;0.0;0.0;0.0;0.0;0.0;0.0;0.0
Ererê;ACUDE SANTA MARIA;-5.9639166666667;-38.274444444444;2012;9;0.0;0.0;0.0;0.0;0.0;0.0;0.0;0.0;0.0;0.0;0.0;0.0;0.0;0.0;0.0;0.0;0.0;0.0;0.0;0.0;0.0;0.0;0.0;0.0;0.0;0.0;0.0;0.0;0.0;0.0;0.0;888.0
Ererê;ACUDE SANTA MARIA;-5.9639166666667;-38.274444444444;2012;10;0.0;0.0;0.0;0.0;0.0;0.0;0.0;0.0;0.0;0.0;0.0;0.0;0.0;0.0;0.0;0.0;0.0;0.0;0.0;0.0;0.0;0.0;0.0;0.0;0.0;0.0;0.0;0.0;0.0;0.0;0.0;0.0
Ererê;ACUDE SANTA MARIA;-5.9639166666667;-38.274444444444;2012;11;0.0;0.0;0.0;0.0;0.0;0.0;0.0;0.0;0.0;0.0;0.0;0.0;0.0;0.0;0.0;0.0;0.0;0.0;0.0;0.0;0.0;0.0;0.0;0.0;0.0;0.0;0.0;0.0;0.0;0.0;0.0;888.0
Ererê;ACUDE SANTA MARIA;-5.9639166666667;-38.274444444444;2012;12;11.5;0.0;0.0;0.0;0.0;0.0;0.0;0.0;0.0;0.0;0.0;0.0;0.0;0.0;0.0;0.0;0.0;0.0;11.5;0.0;0.0;0.0;0.0;0.0;0.0;0.0;0.0;0.0;0.0;0.0;0.0;0.0
Ererê;ACUDE SANTA MARIA;-5.9639166666667;-38.274444444444;2013;1;52.1;0.0;0.0;0.0;7.0;0.0;0.0;20.1;0.0;0.0;0.0;0.0;0.0;0.0;0.0;0.0;0.0;0.0;0.0;25.0;0.0;0.0;999.0;999.0;999.0;999.0;999.0;999.0;999.0;999.0;999.0;999.0
Ererê;ACUDE SANTA MARIA;-5.9639166666667;-38.274444444444;2013;2;82.5;0.0;0.0;0.0;0.0;0.0;0.0;0.0;0.0;0.0;0.0;0.0;0.0;0.0;0.0;13.6;13.4;16.0;25.7;13.8;0.0;999.0;999.0;999.0;999.0;999.0;999.0;999.0;999.0;888.0;888.0;888.0
Ererê;ACUDE SANTA MARIA;-5.9639166666667;-38.274444444444;2013;3;64.1;0.0;0.0;0.0;0.0;6.1;0.0;0.0;0.0;0.0;0.0;0.0;0.0;0.0;0.0;0.0;0.0;0.0;0.0;58.0;0.0;0.0;0.0;0.0;0.0;0.0;0.0;0.0;0.0;0.0;0.0;0.0
Ererê;ACUDE SANTA MARIA;-5.9639166666667;-38.274444444444;2013;4;136.6;0.0;0.0;0.0;0.0;0.0;0.0;0.0;0.0;0.0;0.0;0.0;0.0;0.0;0.0;0.0;0.0;0.0;0.0;0.0;51.5;0.0;21.0;0.0;5.3;53.2;5.6;0.0;0.0;0.0;0.0;888.0
Ererê;ACUDE SANTA MARIA;-5.9639166666667;-38.274444444444;2013;5;154.4;0.0;7.3;0.0;0.0;0.0;0.0;0.0;0.0;5.0;67.8;29.4;0.0;0.0;0.0;0.0;0.0;0.0;27.2;12.0;0.0;0.0;0.0;0.0;0.0;0.0;0.0;0.0;0.0;5.7;0.0;0.0
Ererê;ACUDE SANTA MARIA;-5.9639166666667;-38.274444444444;2013;6;149.6;0.0;0.0;0.0;0.0;0.0;30.8;0.0;0.0;0.0;0.0;0.0;0.0;6.8;42.5;0.0;0.0;0.0;0.0;0.0;0.0;0.0;30.2;33.7;0.0;0.0;0.0;0.0;5.6;0.0;0.0;888.0
Ererê;ACUDE SANTA MARIA;-5.9639166666667;-38.274444444444;2013;7;54.8;0.0;0.0;0.0;7.9;0.0;0.0;0.0;0.0;0.0;0.0;0.0;0.0;0.0;11.5;28.7;0.0;0.0;0.0;6.7;0.0;0.0;0.0;0.0;0.0;0.0;0.0;0.0;0.0;0.0;0.0;0.0
Ererê;ACUDE SANTA MARIA;-5.9639166666667;-38.274444444444;2013;8;0.0;0.0;0.0;0.0;0.0;0.0;0.0;0.0;0.0;0.0;0.0;0.0;0.0;0.0;0.0;0.0;0.0;0.0;0.0;0.0;0.0;0.0;0.0;0.0;0.0;0.0;0.0;0.0;0.0;0.0;0.0;0.0
Ererê;ACUDE SANTA MARIA;-5.9639166666667;-38.274444444444;2013;9;0.0;0.0;0.0;0.0;0.0;0.0;0.0;0.0;0.0;0.0;0.0;0.0;0.0;0.0;0.0;0.0;0.0;0.0;0.0;0.0;0.0;0.0;0.0;0.0;0.0;0.0;0.0;0.0;0.0;0.0;0.0;888.0
Ererê;ACUDE SANTA MARIA;-5.9639166666667;-38.274444444444;2013;10;0.0;0.0;0.0;0.0;0.0;0.0;0.0;0.0;0.0;0.0;0.0;0.0;0.0;0.0;0.0;0.0;0.0;0.0;0.0;0.0;0.0;0.0;0.0;0.0;0.0;0.0;0.0;0.0;0.0;0.0;0.0;0.0
Ererê;ACUDE SANTA MARIA;-5.9639166666667;-38.274444444444;2013;11;91.7;0.0;0.0;0.0;91.7;0.0;0.0;0.0;0.0;0.0;0.0;0.0;0.0;0.0;0.0;0.0;0.0;0.0;0.0;0.0;0.0;0.0;0.0;0.0;0.0;0.0;0.0;0.0;0.0;0.0;0.0;888.0
Ererê;ACUDE SANTA MARIA;-5.9639166666667;-38.274444444444;2013;12;45.8;0.0;0.0;0.0;0.0;0.0;0.0;0.0;0.0;0.0;0.0;0.0;0.0;0.0;0.0;0.0;0.0;0.0;0.0;0.0;45.8;0.0;0.0;0.0;0.0;0.0;0.0;0.0;0.0;0.0;0.0;0.0
Ererê;ACUDE SANTA MARIA;-5.9639166666667;-38.274444444444;2014;2;82.0;0.0;0.0;0.0;0.0;0.0;0.0;0.0;0.0;0.0;36.0;0.0;25.0;0.0;0.0;0.0;0.0;0.0;0.0;0.0;7.0;14.0;0.0;0.0;0.0;0.0;0.0;0.0;0.0;888.0;888.0;888.0
Ererê;ACUDE SANTA MARIA;-5.9639166666667;-38.274444444444;2014;3;140.0;0.0;0.0;0.0;0.0;0.0;22.0;0.0;0.0;0.0;0.0;0.0;10.0;0.0;14.0;0.0;9.0;7.0;0.0;54.0;5.0;0.0;0.0;0.0;0.0;0.0;0.0;0.0;0.0;12.0;0.0;7.0
Ererê;ACUDE SANTA MARIA;-5.9639166666667;-38.274444444444;2014;4;289.0;0.0;0.0;0.0;158.0;2.0;0.0;22.0;7.0;0.0;0.0;32.0;35.0;0.0;0.0;0.0;0.0;33.0;0.0;0.0;0.0;0.0;0.0;0.0;0.0;0.0;0.0;0.0;0.0;0.0;0.0;888.0
Ererê;ACUDE SANTA MARIA;-5.9639166666667;-38.274444444444;2014;5;89.0;20.0;10.0;0.0;0.0;0.0;12.0;0.0;0.0;16.0;0.0;0.0;0.0;0.0;0.0;18.0;0.0;13.0;0.0;0.0;0.0;0.0;0.0;0.0;0.0;0.0;0.0;0.0;0.0;0.0;0.0;0.0
Ererê;ACUDE SANTA MARIA;-5.9639166666667;-38.274444444444;2014;6;0.0;0.0;0.0;0.0;0.0;0.0;0.0;0.0;0.0;0.0;0.0;0.0;0.0;0.0;0.0;0.0;0.0;0.0;0.0;0.0;0.0;0.0;0.0;0.0;0.0;0.0;0.0;0.0;0.0;0.0;0.0;888.0
Ererê;ACUDE SANTA MARIA;-5.9639166666667;-38.274444444444;2014;7;0.0;0.0;0.0;0.0;0.0;0.0;0.0;0.0;0.0;0.0;0.0;0.0;0.0;0.0;0.0;0.0;0.0;0.0;0.0;0.0;0.0;0.0;0.0;0.0;0.0;0.0;0.0;0.0;0.0;0.0;0.0;0.0
Ererê;ACUDE SANTA MARIA;-5.9639166666667;-38.274444444444;2014;8;0.0;0.0;0.0;0.0;999.0;0.0;0.0;0.0;0.0;0.0;0.0;0.0;0.0;0.0;0.0;0.0;0.0;0.0;0.0;0.0;0.0;0.0;0.0;0.0;0.0;0.0;0.0;0.0;0.0;0.0;0.0;0.0
Ererê;ACUDE SANTA MARIA;-5.9639166666667;-38.274444444444;2014;9;0.0;0.0;0.0;0.0;0.0;0.0;0.0;0.0;0.0;0.0;0.0;0.0;0.0;0.0;0.0;0.0;0.0;0.0;0.0;0.0;0.0;0.0;0.0;0.0;0.0;0.0;0.0;0.0;0.0;0.0;0.0;888.0
Ererê;ACUDE SANTA MARIA;-5.9639166666667;-38.274444444444;2014;10;0.0;0.0;0.0;0.0;0.0;0.0;0.0;0.0;0.0;0.0;0.0;0.0;0.0;0.0;0.0;0.0;0.0;0.0;0.0;0.0;0.0;0.0;0.0;0.0;0.0;0.0;0.0;0.0;0.0;0.0;0.0;0.0
Ererê;ACUDE SANTA MARIA;-5.9639166666667;-38.274444444444;2014;11;0.0;0.0;0.0;0.0;0.0;0.0;0.0;0.0;0.0;0.0;0.0;0.0;0.0;0.0;0.0;0.0;0.0;0.0;0.0;0.0;0.0;0.0;0.0;0.0;0.0;0.0;0.0;0.0;0.0;0.0;0.0;888.0
Ererê;ACUDE SANTA MARIA;-5.9639166666667;-38.274444444444;2014;12;0.0;0.0;0.0;0.0;0.0;0.0;0.0;0.0;0.0;0.0;0.0;0.0;0.0;0.0;0.0;0.0;0.0;0.0;0.0;0.0;0.0;0.0;0.0;0.0;0.0;0.0;0.0;0.0;0.0;0.0;0.0;0.0
Ererê;ACUDE SANTA MARIA;-5.9639166666667;-38.274444444444;2015;1;20.0;0.0;0.0;0.0;0.0;0.0;0.0;20.0;0.0;0.0;0.0;0.0;0.0;0.0;0.0;0.0;0.0;0.0;0.0;0.0;0.0;0.0;0.0;0.0;0.0;0.0;0.0;0.0;0.0;0.0;0.0;0.0
Ererê;ACUDE SANTA MARIA;-5.9639166666667;-38.274444444444;2015;2;146.0;0.0;0.0;0.0;0.0;42.0;0.0;0.0;0.0;0.0;0.0;0.0;0.0;0.0;0.0;0.0;0.0;0.0;0.0;33.0;4.0;0.0;21.0;35.0;0.0;11.0;0.0;0.0;0.0;888.0;888.0;888.0
Ererê;ACUDE SANTA MARIA;-5.9639166666667;-38.274444444444;2015;3;217.0;0.0;0.0;0.0;0.0;0.0;0.0;0.0;0.0;56.0;0.0;0.0;0.0;0.0;0.0;0.0;37.0;0.0;0.0;0.0;0.0;0.0;11.0;46.0;27.0;40.0;0.0;0.0;0.0;0.0;0.0;0.0
Ererê;ACUDE SANTA MARIA;-5.9639166666667;-38.274444444444;2015;4;0.0;0.0;0.0;0.0;0.0;0.0;0.0;0.0;0.0;0.0;0.0;0.0;0.0;0.0;0.0;0.0;0.0;0.0;0.0;0.0;0.0;0.0;0.0;0.0;0.0;0.0;0.0;0.0;0.0;0.0;0.0;888.0
Ererê;ACUDE SANTA MARIA;-5.9639166666667;-38.274444444444;2015;5;45.0;0.0;0.0;0.0;0.0;0.0;0.0;0.0;0.0;0.0;0.0;0.0;0.0;0.0;0.0;0.0;0.0;0.0;0.0;0.0;0.0;32.0;13.0;0.0;0.0;0.0;0.0;0.0;0.0;0.0;0.0;0.0
Ererê;ACUDE SANTA MARIA;-5.9639166666667;-38.274444444444;2015;6;0.0;0.0;0.0;0.0;0.0;0.0;0.0;0.0;0.0;0.0;0.0;0.0;0.0;0.0;0.0;0.0;0.0;0.0;0.0;0.0;0.0;0.0;0.0;0.0;0.0;0.0;0.0;0.0;0.0;0.0;0.0;888.0
Ererê;ACUDE SANTA MARIA;-5.9639166666667;-38.274444444444;2015;7;9.0;0.0;0.0;0.0;0.0;0.0;0.0;0.0;0.0;0.0;0.0;0.0;0.0;0.0;0.0;0.0;0.0;0.0;0.0;0.0;0.0;0.0;0.0;0.0;0.0;0.0;0.0;0.0;9.0;0.0;0.0;0.0
Ererê;ACUDE SANTA MARIA;-5.9639166666667;-38.274444444444;2015;8;0.0;0.0;0.0;0.0;0.0;0.0;0.0;0.0;0.0;0.0;0.0;0.0;0.0;0.0;0.0;0.0;0.0;0.0;0.0;0.0;0.0;0.0;0.0;0.0;0.0;0.0;0.0;0.0;0.0;0.0;0.0;0.0
Ererê;ACUDE SANTA MARIA;-5.9639166666667;-38.274444444444;2015;9;0.0;0.0;0.0;0.0;0.0;0.0;0.0;0.0;0.0;0.0;0.0;0.0;0.0;0.0;0.0;0.0;0.0;0.0;0.0;0.0;0.0;0.0;0.0;0.0;0.0;0.0;0.0;0.0;0.0;0.0;0.0;888.0
Ererê;ACUDE SANTA MARIA;-5.9639166666667;-38.274444444444;2015;10;0.0;0.0;0.0;0.0;0.0;0.0;0.0;0.0;0.0;0.0;0.0;0.0;0.0;0.0;0.0;0.0;0.0;0.0;0.0;0.0;0.0;0.0;0.0;0.0;0.0;0.0;0.0;0.0;0.0;0.0;0.0;0.0
Ererê;ACUDE SANTA MARIA;-5.9639166666667;-38.274444444444;2015;11;0.0;0.0;0.0;0.0;0.0;0.0;0.0;0.0;0.0;0.0;0.0;0.0;0.0;0.0;0.0;0.0;0.0;0.0;0.0;0.0;0.0;0.0;0.0;0.0;0.0;0.0;0.0;0.0;0.0;0.0;0.0;888.0
Ererê;ACUDE SANTA MARIA;-5.9639166666667;-38.274444444444;2015;12;49.0;0.0;0.0;0.0;0.0;0.0;0.0;0.0;0.0;0.0;0.0;0.0;0.0;0.0;0.0;0.0;0.0;0.0;0.0;0.0;0.0;0.0;0.0;0.0;0.0;0.0;49.0;0.0;0.0;0.0;0.0;0.0
Ererê;ACUDE SANTA MARIA;-5.9639166666667;-38.274444444444;2016;1;184.0;0.0;0.0;0.0;0.0;0.0;0.0;32.0;0.0;12.0;54.0;0.0;0.0;0.0;0.0;0.0;0.0;0.0;0.0;8.0;0.0;0.0;20.0;0.0;48.0;0.0;0.0;0.0;0.0;0.0;0.0;10.0
Ererê;ACUDE SANTA MARIA;-5.9639166666667;-38.274444444444;2016;2;43.0;0.0;0.0;43.0;0.0;0.0;0.0;0.0;0.0;0.0;0.0;0.0;0.0;0.0;0.0;0.0;0.0;0.0;0.0;0.0;0.0;0.0;0.0;0.0;0.0;0.0;0.0;0.0;0.0;0.0;888.0;888.0
Ererê;ACUDE SANTA MARIA;-5.9639166666667;-38.274444444444;2016;3;145.0;0.0;0.0;0.0;0.0;0.0;0.0;0.0;0.0;0.0;0.0;0.0;0.0;0.0;0.0;0.0;23.0;0.0;41.0;0.0;0.0;18.0;0.0;33.0;0.0;0.0;0.0;0.0;22.0;0.0;8.0;0.0
Ererê;ACUDE SANTA MARIA;-5.9639166666667;-38.274444444444;2016;4;71.0;23.0;5.0;0.0;0.0;0.0;0.0;0.0;0.0;0.0;0.0;0.0;43.0;0.0;0.0;0.0;0.0;0.0;0.0;0.0;0.0;0.0;0.0;0.0;0.0;0.0;0.0;0.0;0.0;0.0;0.0;888.0
Ererê;ACUDE SANTA MARIA;-5.9639166666667;-38.274444444444;2016;5;29.0;0.0;0.0;0.0;0.0;0.0;0.0;0.0;0.0;0.0;0.0;29.0;0.0;0.0;0.0;0.0;0.0;0.0;0.0;0.0;0.0;0.0;0.0;0.0;0.0;0.0;0.0;0.0;0.0;0.0;0.0;0.0
Ererê;ACUDE SANTA MARIA;-5.9639166666667;-38.274444444444;2016;6;0.0;0.0;0.0;0.0;0.0;0.0;0.0;0.0;0.0;0.0;0.0;0.0;0.0;0.0;0.0;0.0;0.0;0.0;0.0;0.0;0.0;0.0;0.0;0.0;0.0;0.0;0.0;0.0;0.0;0.0;0.0;888.0
Ererê;ACUDE SANTA MARIA;-5.9639166666667;-38.274444444444;2016;7;10.0;0.0;0.0;0.0;0.0;0.0;0.0;0.0;0.0;10.0;0.0;0.0;0.0;0.0;0.0;0.0;0.0;0.0;0.0;0.0;0.0;0.0;0.0;0.0;0.0;0.0;0.0;0.0;0.0;0.0;0.0;0.0
Ererê;ACUDE SANTA MARIA;-5.9639166666667;-38.274444444444;2016;8;0.0;0.0;0.0;0.0;0.0;0.0;0.0;0.0;0.0;0.0;0.0;0.0;0.0;0.0;0.0;0.0;0.0;0.0;0.0;0.0;0.0;0.0;0.0;0.0;0.0;0.0;0.0;0.0;0.0;0.0;0.0;0.0
Ererê;ACUDE SANTA MARIA;-5.9639166666667;-38.274444444444;2016;9;0.0;0.0;0.0;0.0;0.0;0.0;0.0;0.0;0.0;0.0;0.0;0.0;0.0;0.0;0.0;0.0;0.0;0.0;0.0;0.0;0.0;0.0;0.0;0.0;0.0;0.0;0.0;0.0;0.0;0.0;0.0;888.0
Ererê;ACUDE SANTA MARIA;-5.9639166666667;-38.274444444444;2016;10;0.0;0.0;0.0;0.0;0.0;0.0;0.0;0.0;0.0;0.0;0.0;0.0;0.0;0.0;0.0;0.0;0.0;0.0;0.0;0.0;0.0;0.0;0.0;0.0;0.0;0.0;0.0;0.0;0.0;0.0;0.0;0.0
Ererê;ACUDE SANTA MARIA;-5.9639166666667;-38.274444444444;2016;11;0.0;0.0;0.0;0.0;0.0;0.0;0.0;0.0;0.0;0.0;0.0;0.0;0.0;0.0;0.0;0.0;0.0;0.0;0.0;0.0;0.0;0.0;0.0;0.0;0.0;0.0;0.0;0.0;0.0;0.0;0.0;888.0
Ererê;ACUDE SANTA MARIA;-5.9639166666667;-38.274444444444;2016;12;0.0;0.0;0.0;0.0;0.0;0.0;0.0;0.0;0.0;0.0;0.0;0.0;0.0;0.0;0.0;0.0;0.0;0.0;0.0;0.0;0.0;0.0;0.0;0.0;0.0;0.0;0.0;0.0;0.0;0.0;0.0;0.0
Ererê;ACUDE SANTA MARIA;-5.9639166666667;-38.274444444444;2017;1;15.0;0.0;0.0;0.0;0.0;0.0;0.0;0.0;0.0;0.0;0.0;0.0;0.0;0.0;0.0;0.0;0.0;0.0;0.0;0.0;0.0;0.0;0.0;0.0;15.0;0.0;0.0;0.0;0.0;0.0;0.0;0.0
Ererê;ACUDE SANTA MARIA;-5.9639166666667;-38.274444444444;2017;2;91.0;0.0;0.0;0.0;0.0;0.0;0.0;0.0;0.0;0.0;0.0;9.0;0.0;0.0;8.0;0.0;0.0;0.0;59.0;0.0;15.0;0.0;0.0;0.0;0.0;0.0;0.0;0.0;0.0;888.0;888.0;888.0
Ererê;ACUDE SANTA MARIA;-5.9639166666667;-38.274444444444;2017;3;166.0;0.0;15.0;45.0;0.0;0.0;0.0;0.0;0.0;0.0;28.0;21.0;0.0;0.0;0.0;20.0;0.0;0.0;0.0;0.0;0.0;0.0;0.0;9.0;28.0;0.0;0.0;0.0;0.0;0.0;0.0;0.0
Ererê;ACUDE SANTA MARIA;-5.9639166666667;-38.274444444444;2017;4;52.0;0.0;0.0;0.0;0.0;0.0;0.0;0.0;0.0;0.0;0.0;0.0;0.0;0.0;0.0;0.0;0.0;0.0;0.0;0.0;0.0;0.0;0.0;0.0;0.0;0.0;0.0;0.0;0.0;52.0;0.0;888.0
Ererê;ACUDE SANTA MARIA;-5.9639166666667;-38.274444444444;2017;5;97.0;0.0;0.0;0.0;0.0;0.0;0.0;0.0;0.0;0.0;0.0;46.0;26.0;0.0;0.0;0.0;0.0;0.0;0.0;0.0;0.0;0.0;0.0;0.0;0.0;0.0;0.0;0.0;0.0;25.0;0.0;0.0
Ererê;ACUDE SANTA MARIA;-5.9639166666667;-38.274444444444;2017;6;63.0;0.0;0.0;0.0;0.0;0.0;0.0;0.0;0.0;0.0;0.0;0.0;63.0;0.0;0.0;0.0;0.0;0.0;0.0;0.0;0.0;0.0;0.0;0.0;0.0;0.0;0.0;0.0;0.0;0.0;0.0;888.0
Ererê;ACUDE SANTA MARIA;-5.9639166666667;-38.274444444444;2017;7;63.0;20.0;43.0;0.0;0.0;0.0;0.0;0.0;0.0;0.0;0.0;0.0;0.0;0.0;0.0;0.0;0.0;0.0;0.0;0.0;0.0;0.0;0.0;0.0;0.0;0.0;0.0;0.0;0.0;0.0;0.0;0.0
Ererê;ACUDE SANTA MARIA;-5.9639166666667;-38.274444444444;2017;8;0.0;0.0;0.0;0.0;0.0;0.0;0.0;0.0;0.0;0.0;0.0;0.0;0.0;0.0;0.0;0.0;0.0;0.0;0.0;0.0;0.0;0.0;0.0;0.0;0.0;0.0;0.0;0.0;0.0;0.0;0.0;0.0
Ererê;ACUDE SANTA MARIA;-5.9639166666667;-38.274444444444;2017;9;55.0;0.0;0.0;0.0;0.0;0.0;0.0;0.0;0.0;0.0;0.0;0.0;0.0;0.0;0.0;0.0;0.0;0.0;0.0;0.0;0.0;0.0;0.0;55.0;0.0;0.0;0.0;0.0;0.0;0.0;0.0;888.0
Ererê;ACUDE SANTA MARIA;-5.9639166666667;-38.274444444444;2017;10;0.0;0.0;0.0;0.0;0.0;0.0;0.0;0.0;0.0;0.0;0.0;0.0;0.0;0.0;0.0;0.0;0.0;0.0;0.0;0.0;0.0;0.0;0.0;0.0;0.0;0.0;0.0;0.0;0.0;0.0;0.0;0.0
Ererê;ACUDE SANTA MARIA;-5.9639166666667;-38.274444444444;2017;11;0.0;0.0;0.0;0.0;0.0;0.0;0.0;0.0;0.0;0.0;0.0;0.0;0.0;0.0;0.0;0.0;0.0;0.0;0.0;0.0;0.0;0.0;0.0;0.0;0.0;0.0;0.0;0.0;0.0;0.0;0.0;888.0
Ererê;ACUDE SANTA MARIA;-5.9639166666667;-38.274444444444;2017;12;0.0;0.0;0.0;0.0;0.0;0.0;0.0;0.0;0.0;0.0;0.0;0.0;0.0;0.0;0.0;0.0;0.0;0.0;0.0;0.0;0.0;0.0;0.0;0.0;0.0;0.0;0.0;0.0;0.0;0.0;0.0;0.0
Ererê;ACUDE SANTA MARIA;-5.9639166666667;-38.274444444444;2018;1;51.0;0.0;0.0;0.0;0.0;0.0;0.0;0.0;0.0;18.0;0.0;0.0;0.0;0.0;0.0;0.0;0.0;0.0;0.0;0.0;0.0;0.0;0.0;0.0;33.0;0.0;0.0;0.0;0.0;0.0;0.0;0.0
Ererê;ACUDE SANTA MARIA;-5.9639166666667;-38.274444444444;2018;2;217.0;0.0;0.0;0.0;0.0;0.0;0.0;10.0;0.0;7.0;0.0;21.0;0.0;68.0;7.0;12.0;0.0;0.0;10.0;0.0;8.0;20.0;0.0;0.0;20.0;34.0;0.0;0.0;0.0;888.0;888.0;888.0
Ererê;ACUDE SANTA MARIA;-5.9639166666667;-38.274444444444;2018;3;194.0;15.0;5.0;0.0;0.0;0.0;0.0;0.0;0.0;0.0;0.0;0.0;0.0;0.0;0.0;0.0;0.0;0.0;0.0;0.0;0.0;14.0;0.0;0.0;0.0;53.0;17.0;0.0;0.0;0.0;47.0;43.0
Ererê;ACUDE SANTA MARIA;-5.9639166666667;-38.274444444444;2018;4;246.0;0.0;37.0;0.0;0.0;0.0;0.0;38.0;16.0;0.0;0.0;0.0;0.0;70.0;0.0;16.0;9.0;11.0;0.0;0.0;0.0;0.0;0.0;0.0;0.0;0.0;0.0;33.0;0.0;16.0;0.0;888.0
Ererê;ACUDE SANTA MARIA;-5.9639166666667;-38.274444444444;2018;5;84.0;0.0;66.0;0.0;0.0;0.0;0.0;0.0;0.0;0.0;0.0;0.0;0.0;18.0;0.0;0.0;0.0;0.0;0.0;0.0;0.0;0.0;0.0;0.0;0.0;0.0;0.0;0.0;0.0;0.0;0.0;0.0
Ererê;ACUDE SANTA MARIA;-5.9639166666667;-38.274444444444;2018;6;5.0;0.0;0.0;0.0;0.0;0.0;0.0;0.0;5.0;999.0;999.0;999.0;999.0;999.0;999.0;999.0;999.0;999.0;999.0;999.0;999.0;999.0;999.0;999.0;999.0;999.0;999.0;999.0;999.0;999.0;999.0;888.0
