Municipios;Postos;Latitude;Longitude;Anos;Meses;Total;Dia1;Dia2;Dia3;Dia4;Dia5;Dia6;Dia7;Dia8;Dia9;Dia10;Dia11;Dia12;Dia13;Dia14;Dia15;Dia16;Dia17;Dia18;Dia19;Dia20;Dia21;Dia22;Dia23;Dia24;Dia25;Dia26;Dia27;Dia28;Dia29;Dia30;Dia31
Quixeramobim;AÇUDE PIRABIBU;-4.9808611111111;-39.3645;2017;1;61.4;0.0;0.0;0.0;0.0;0.0;0.0;11.0;0.0;0.0;0.0;0.0;0.0;0.0;0.0;12.0;0.0;0.0;0.0;0.0;0.0;0.0;0.0;0.0;0.0;0.0;0.0;14.4;0.0;0.0;0.0;24.0
Quixeramobim;AÇUDE PIRABIBU;-4.9808611111111;-39.3645;2017;2;188.0;0.0;0.0;0.0;0.0;0.0;0.0;0.0;0.0;0.0;0.0;90.0;0.0;0.0;0.0;18.0;0.0;0.0;31.0;0.0;38.0;11.0;0.0;0.0;0.0;0.0;0.0;0.0;0.0;888.0;888.0;888.0
Quixeramobim;AÇUDE PIRABIBU;-4.9808611111111;-39.3645;2017;3;135.0;0.0;8.0;38.0;0.0;0.0;0.0;0.0;0.0;0.0;7.0;14.0;0.0;0.0;0.0;7.0;0.0;0.0;9.0;0.0;0.0;0.0;0.0;14.0;23.0;0.0;0.0;0.0;0.0;0.0;0.0;15.0
Quixeramobim;AÇUDE PIRABIBU;-4.9808611111111;-39.3645;2017;4;70.8;19.0;6.0;0.0;0.0;0.0;0.0;0.0;0.0;0.0;0.0;0.0;13.0;0.0;10.0;5.8;0.0;0.0;0.0;0.0;0.0;0.0;0.0;0.0;0.0;0.0;0.0;0.0;0.0;17.0;0.0;888.0
Quixeramobim;AÇUDE PIRABIBU;-4.9808611111111;-39.3645;2017;5;129.0;17.0;0.0;16.0;26.0;0.0;0.0;0.0;0.0;0.0;0.0;5.0;0.0;0.0;0.0;0.0;0.0;0.0;16.0;0.0;0.0;0.0;0.0;0.0;0.0;0.0;0.0;0.0;0.0;39.0;10.0;0.0
Quixeramobim;AÇUDE PIRABIBU;-4.9808611111111;-39.3645;2017;6;23.0;0.0;0.0;0.0;0.0;0.0;0.0;0.0;0.0;0.0;0.0;0.0;0.0;0.0;0.0;0.0;0.0;0.0;0.0;0.0;0.0;0.0;0.0;0.0;23.0;0.0;0.0;0.0;0.0;0.0;0.0;888.0
Quixeramobim;AÇUDE PIRABIBU;-4.9808611111111;-39.3645;2017;7;86.0;15.0;44.0;0.0;0.0;0.0;0.0;0.0;0.0;0.0;0.0;0.0;0.0;0.0;0.0;0.0;0.0;0.0;0.0;0.0;0.0;0.0;0.0;0.0;27.0;0.0;0.0;0.0;0.0;0.0;0.0;0.0
Quixeramobim;AÇUDE PIRABIBU;-4.9808611111111;-39.3645;2017;8;0.0;0.0;0.0;0.0;0.0;0.0;0.0;0.0;0.0;0.0;0.0;0.0;0.0;0.0;0.0;0.0;0.0;0.0;0.0;0.0;0.0;0.0;0.0;0.0;0.0;0.0;0.0;0.0;0.0;0.0;0.0;0.0
Quixeramobim;AÇUDE PIRABIBU;-4.9808611111111;-39.3645;2017;9;0.0;0.0;0.0;0.0;0.0;0.0;0.0;0.0;0.0;0.0;0.0;0.0;0.0;0.0;0.0;0.0;0.0;0.0;0.0;0.0;0.0;0.0;0.0;0.0;0.0;0.0;0.0;0.0;0.0;0.0;0.0;888.0
Quixeramobim;AÇUDE PIRABIBU;-4.9808611111111;-39.3645;2017;10;0.0;0.0;0.0;0.0;0.0;0.0;0.0;0.0;0.0;0.0;0.0;0.0;0.0;0.0;0.0;0.0;0.0;0.0;0.0;0.0;0.0;0.0;0.0;0.0;0.0;0.0;0.0;0.0;0.0;0.0;0.0;0.0
Quixeramobim;AÇUDE PIRABIBU;-4.9808611111111;-39.3645;2017;11;0.0;0.0;0.0;0.0;0.0;0.0;0.0;0.0;0.0;0.0;0.0;0.0;0.0;0.0;0.0;0.0;0.0;0.0;0.0;0.0;0.0;0.0;0.0;0.0;0.0;0.0;0.0;0.0;0.0;0.0;0.0;888.0
Quixeramobim;AÇUDE PIRABIBU;-4.9808611111111;-39.3645;2017;12;0.0;0.0;0.0;0.0;0.0;0.0;0.0;0.0;0.0;0.0;0.0;0.0;0.0;0.0;0.0;0.0;0.0;0.0;0.0;0.0;0.0;0.0;0.0;0.0;0.0;0.0;0.0;0.0;0.0;0.0;0.0;0.0
Quixeramobim;AÇUDE PIRABIBU;-4.9808611111111;-39.3645;2018;1;61.0;0.0;0.0;0.0;0.0;0.0;0.0;0.0;0.0;0.0;0.0;0.0;0.0;0.0;0.0;0.0;0.0;0.0;0.0;0.0;0.0;0.0;0.0;0.0;9.0;22.0;0.0;30.0;0.0;0.0;0.0;0.0
Quixeramobim;AÇUDE PIRABIBU;-4.9808611111111;-39.3645;2018;2;27.0;0.0;0.0;0.0;0.0;0.0;0.0;0.0;0.0;0.0;0.0;0.0;0.0;0.0;0.0;0.0;0.0;0.0;0.0;0.0;0.0;10.0;0.0;0.0;0.0;17.0;0.0;0.0;0.0;888.0;888.0;888.0
Quixeramobim;AÇUDE PIRABIBU;-4.9808611111111;-39.3645;2018;3;60.0;0.0;0.0;0.0;0.0;0.0;0.0;0.0;0.0;0.0;0.0;0.0;0.0;0.0;0.0;0.0;0.0;0.0;0.0;0.0;0.0;0.0;0.0;0.0;0.0;0.0;0.0;0.0;0.0;0.0;50.0;10.0
Quixeramobim;AÇUDE PIRABIBU;-4.9808611111111;-39.3645;2018;4;237.0;0.0;7.0;23.0;0.0;7.0;0.0;0.0;28.0;0.0;0.0;21.0;49.0;37.0;0.0;0.0;0.0;65.0;0.0;0.0;0.0;0.0;0.0;0.0;0.0;0.0;0.0;0.0;0.0;0.0;0.0;888.0
Quixeramobim;AÇUDE PIRABIBU;-4.9808611111111;-39.3645;2018;5;109.0;29.0;27.0;0.0;0.0;0.0;0.0;0.0;0.0;0.0;0.0;0.0;0.0;0.0;0.0;0.0;44.0;0.0;9.0;0.0;0.0;0.0;0.0;0.0;0.0;0.0;0.0;0.0;0.0;0.0;0.0;0.0
Quixeramobim;AÇUDE PIRABIBU;-4.9808611111111;-39.3645;2018;6;0.0;0.0;0.0;0.0;0.0;0.0;0.0;0.0;0.0;0.0;0.0;0.0;0.0;0.0;0.0;0.0;0.0;0.0;0.0;0.0;0.0;0.0;0.0;0.0;0.0;0.0;0.0;0.0;0.0;0.0;0.0;888.0
Quixeramobim;AÇUDE PIRABIBU;-4.9808611111111;-39.3645;2018;7;0.0;0.0;0.0;0.0;0.0;0.0;0.0;0.0;0.0;0.0;0.0;0.0;0.0;0.0;0.0;0.0;0.0;0.0;0.0;0.0;0.0;0.0;0.0;0.0;0.0;0.0;0.0;0.0;0.0;0.0;0.0;0.0
Quixeramobim;AÇUDE PIRABIBU;-4.9808611111111;-39.3645;2018;8;0.0;0.0;0.0;0.0;0.0;0.0;0.0;0.0;0.0;0.0;0.0;0.0;0.0;0.0;0.0;0.0;0.0;0.0;0.0;0.0;0.0;0.0;0.0;0.0;0.0;0.0;0.0;0.0;0.0;0.0;0.0;0.0
Quixeramobim;AÇUDE PIRABIBU;-4.9808611111111;-39.3645;2018;9;0.0;0.0;0.0;0.0;0.0;0.0;0.0;0.0;0.0;0.0;0.0;0.0;0.0;0.0;0.0;0.0;0.0;0.0;0.0;0.0;0.0;0.0;0.0;0.0;0.0;0.0;0.0;999.0;999.0;999.0;999.0;888.0
