Municipios;Postos;Latitude;Longitude;Anos;Meses;Total;Dia1;Dia2;Dia3;Dia4;Dia5;Dia6;Dia7;Dia8;Dia9;Dia10;Dia11;Dia12;Dia13;Dia14;Dia15;Dia16;Dia17;Dia18;Dia19;Dia20;Dia21;Dia22;Dia23;Dia24;Dia25;Dia26;Dia27;Dia28;Dia29;Dia30;Dia31
Paramoti;JUREMA;-4.1685;-39.457222222222;2018;1;52.0;0.0;0.0;0.0;0.0;0.0;0.0;0.0;0.0;0.0;0.0;0.0;0.0;0.0;0.0;0.0;0.0;0.0;0.0;0.0;2.5;0.0;4.0;0.0;0.0;1.5;0.0;1.0;43.0;0.0;0.0;0.0
Paramoti;JUREMA;-4.1685;-39.457222222222;2018;2;148.6;0.0;0.0;5.0;0.0;0.0;8.0;7.5;9.7;0.0;0.0;0.0;21.0;6.5;2.0;31.0;0.0;0.0;0.0;0.0;4.0;0.0;0.0;2.7;33.0;13.5;4.7;0.0;0.0;888.0;888.0;888.0
Paramoti;JUREMA;-4.1685;-39.457222222222;2018;3;120.5;0.0;0.0;0.0;0.0;22.0;12.0;10.5;0.0;0.0;8.0;21.0;0.0;0.0;1.0;0.0;0.0;0.0;0.0;0.0;0.0;0.0;3.0;10.0;0.0;0.0;0.0;17.0;0.0;0.0;16.0;0.0
Paramoti;JUREMA;-4.1685;-39.457222222222;2018;4;103.5;0.0;0.0;1.5;1.5;0.0;0.0;0.0;1.0;0.0;6.0;27.0;5.0;0.0;0.0;1.0;20.0;19.0;3.0;0.0;0.0;0.0;0.0;6.5;4.0;0.0;0.0;0.0;0.0;0.0;8.0;888.0
Paramoti;JUREMA;-4.1685;-39.457222222222;2018;5;50.5;2.5;13.0;0.0;0.0;0.0;0.0;0.0;0.0;0.0;17.0;0.0;0.0;0.0;0.0;0.0;0.0;0.0;11.0;2.5;0.0;0.0;0.0;0.0;0.0;0.0;0.0;0.0;0.0;4.5;0.0;0.0
Paramoti;JUREMA;-4.1685;-39.457222222222;2018;6;0.0;0.0;0.0;0.0;0.0;0.0;0.0;0.0;0.0;0.0;0.0;0.0;0.0;0.0;0.0;0.0;0.0;0.0;0.0;0.0;0.0;0.0;0.0;0.0;0.0;0.0;0.0;0.0;0.0;0.0;0.0;888.0
Paramoti;JUREMA;-4.1685;-39.457222222222;2018;7;10.5;0.0;0.0;0.0;0.0;0.0;0.0;0.0;0.0;10.5;0.0;0.0;0.0;0.0;0.0;0.0;0.0;0.0;0.0;0.0;0.0;0.0;0.0;0.0;0.0;0.0;0.0;0.0;0.0;0.0;0.0;0.0
Paramoti;JUREMA;-4.1685;-39.457222222222;2018;8;0.0;0.0;0.0;0.0;0.0;0.0;0.0;0.0;0.0;0.0;0.0;0.0;0.0;0.0;0.0;0.0;0.0;0.0;0.0;0.0;0.0;0.0;0.0;0.0;0.0;0.0;0.0;0.0;0.0;0.0;0.0;0.0
Paramoti;JUREMA;-4.1685;-39.457222222222;2018;9;0.0;0.0;0.0;0.0;0.0;0.0;0.0;0.0;0.0;0.0;0.0;0.0;0.0;0.0;0.0;0.0;0.0;0.0;999.0;999.0;999.0;999.0;999.0;999.0;999.0;999.0;999.0;999.0;999.0;999.0;999.0;888.0
